3.3080167770e+00
2.4295368195e+01
4.5315761566e+01
6.6154541016e+01
8.6391540527e+01
1.0603283691e+02
1.2508204651e+02
1.4318893433e+02
1.6049432373e+02
1.7665834045e+02
1.9178739929e+02
2.0562585449e+02
2.1822845459e+02
2.2942047119e+02
2.3922480774e+02
2.4753042603e+02
2.5434899902e+02
2.5961920166e+02
2.6335598755e+02
2.6553829956e+02
2.6619342041e+02
2.6533398438e+02
2.6300451660e+02
2.5924661255e+02
2.5412377930e+02
2.4770268250e+02
2.4006549072e+02
2.3130035400e+02
2.2150643921e+02
2.1078993225e+02
1.9926437378e+02
1.8705055237e+02
1.7427328491e+02
1.6106463623e+02
1.4755715942e+02
1.3389074707e+02
1.2020203400e+02
1.0663506317e+02
9.3326606750e+01
8.0420967102e+01
6.8050758362e+01
5.6356601715e+01
4.5461303711e+01
3.5499916077e+01
2.6574775696e+01
1.8821523666e+01
1.2296760559e+01
7.1650104523e+00
3.3291187286e+00
1.1837036610e+00
0.0000000000e+00
