1.0142976761e+01
4.6117744446e+01
8.1719863892e+01
1.1704121399e+02
1.5123922729e+02
1.8462663269e+02
2.1679785156e+02
2.4758572388e+02
2.7687585449e+02
3.0438821411e+02
3.3007519531e+02
3.5367767334e+02
3.7515225220e+02
3.9429727173e+02
4.1107073975e+02
4.2533322144e+02
4.3705606079e+02
4.4615985107e+02
4.5264135742e+02
4.5647760010e+02
4.5769900513e+02
4.5633486938e+02
4.5245300293e+02
4.4612979126e+02
4.3747003174e+02
4.2659127808e+02
4.1363195801e+02
3.9874420166e+02
3.8209490967e+02
3.6386437988e+02
3.4424227905e+02
3.2343136597e+02
3.0163854980e+02
2.7908413696e+02
2.5598753357e+02
2.3258238220e+02
2.0909622192e+02
1.8577204895e+02
1.6284112549e+02
1.4055114746e+02
1.1913156128e+02
9.8829658508e+01
7.9863571167e+01
6.2478012085e+01
4.6859012604e+01
3.3260265350e+01
2.1784914017e+01
1.2751194954e+01
5.9810118675e+00
2.2140552998e+00
0.0000000000e+00
