9.8243868351e-01
1.6784936905e+01
3.2570072174e+01
4.8202369690e+01
6.3643020630e+01
7.8843032837e+01
9.3717811584e+01
1.0823831940e+02
1.2232215881e+02
1.3593696594e+02
1.4901092529e+02
1.6150862122e+02
1.7336808777e+02
1.8455355835e+02
1.9501200867e+02
2.0470957947e+02
2.1360169983e+02
2.2165815735e+02
2.2884266663e+02
2.3513003540e+02
2.4049223328e+02
2.4491018677e+02
2.4836408997e+02
2.5084185791e+02
2.5233192444e+02
2.5282974243e+02
2.5233192444e+02
2.5084185791e+02
2.4836408997e+02
2.4491018677e+02
2.4049223328e+02
2.3513003540e+02
2.2884266663e+02
2.2165815735e+02
2.1360169983e+02
2.0470957947e+02
1.9501200867e+02
1.8455355835e+02
1.7336808777e+02
1.6150862122e+02
1.4901092529e+02
1.3593696594e+02
1.2232215881e+02
1.0823831940e+02
9.3717811584e+01
7.8843032837e+01
6.3643020630e+01
4.8202369690e+01
3.2570072174e+01
1.6784936905e+01
9.8243868351e-01
