1.1306179762e+00
1.8068227768e+01
3.4985073090e+01
5.1737319946e+01
6.8285911560e+01
8.4574150085e+01
1.0051618195e+02
1.1607675934e+02
1.3117120361e+02
1.4576202393e+02
1.5977462769e+02
1.7316917419e+02
1.8588079834e+02
1.9786990356e+02
2.0908061218e+02
2.1947576904e+02
2.2900820923e+02
2.3764489746e+02
2.4534730530e+02
2.5208796692e+02
2.5783706665e+02
2.6257379150e+02
2.6627706909e+02
2.6893371582e+02
2.7053143311e+02
2.7106518555e+02
2.7053143311e+02
2.6893371582e+02
2.6627706909e+02
2.6257379150e+02
2.5783706665e+02
2.5208796692e+02
2.4534730530e+02
2.3764489746e+02
2.2900820923e+02
2.1947576904e+02
2.0908061218e+02
1.9786990356e+02
1.8588079834e+02
1.7316917419e+02
1.5977462769e+02
1.4576202393e+02
1.3117120361e+02
1.1607675934e+02
1.0051618195e+02
8.4574150085e+01
6.8285911560e+01
5.1737319946e+01
3.4985073090e+01
1.8068227768e+01
1.1306179762e+00
