-1.9102276564e+00
-2.3545991898e+01
-4.4799365997e+01
-6.5240669250e+01
-8.4639251709e+01
-1.0263768768e+02
-1.1897966003e+02
-1.3336776733e+02
-1.4559028625e+02
-1.5541436768e+02
-1.6269610596e+02
-1.6728193665e+02
-1.6910415649e+02
-1.6811100769e+02
-1.6429687500e+02
-1.5775088501e+02
-1.4847264099e+02
-1.3677516174e+02
-1.2251878357e+02
-1.0644200134e+02
-8.7909049988e+01
-6.8641921997e+01
-4.6487941742e+01
-2.5968082428e+01
0.0000000000e+00
2.0246116638e+01
4.5313671112e+01
6.7542770386e+01
9.0508995056e+01
1.1162357330e+02
1.3180215454e+02
1.4994714355e+02
1.6620281982e+02
1.7994020081e+02
1.9119891357e+02
1.9941806030e+02
2.0488122559e+02
2.0684283447e+02
2.0612692261e+02
2.0150447083e+02
1.9472877502e+02
1.8359997559e+02
1.7142051697e+02
1.5418669128e+02
1.3778079224e+02
1.1502915192e+02
9.5989227295e+01
6.8447219849e+01
4.8290122986e+01
1.7255559921e+01
-3.7840273380e+00
