-3.3434565067e+00
-3.1752902985e+01
-5.9629432678e+01
-8.6438171387e+01
-1.1187512970e+02
-1.3547567749e+02
-1.5690823364e+02
-1.7577885437e+02
-1.9181083679e+02
-2.0469038391e+02
-2.1422702026e+02
-2.2021435547e+02
-2.2255809021e+02
-2.2120170593e+02
-2.1611824036e+02
-2.0747396851e+02
-1.9520307922e+02
-1.7984777832e+02
-1.6103825378e+02
-1.4006282043e+02
-1.1559799194e+02
-9.0693481445e+01
-6.1248180389e+01
-3.5269203186e+01
0.0000000000e+00
2.4972221375e+01
5.8502677917e+01
8.7177795410e+01
1.1758407593e+02
1.4523397827e+02
1.7194270325e+02
1.9593290710e+02
2.1751675415e+02
2.3582708740e+02
2.5082637024e+02
2.6188232422e+02
2.6915802002e+02
2.7190615845e+02
2.7088021851e+02
2.6487384033e+02
2.5567738342e+02
2.4108164978e+02
2.2459620667e+02
2.0207022095e+02
1.7987315369e+02
1.5034475708e+02
1.2455265045e+02
8.9041702271e+01
6.1787334442e+01
2.1692247391e+01
-6.3973655701e+00
