8.2838079834e+02
2.2418307495e+02
-4.2077267456e+02
-1.0300361328e+03
8.2893182373e+02
2.2019787598e+02
-4.0949316406e+02
-1.0228167725e+03
8.6988244629e+02
2.2801115417e+02
-4.1830422974e+02
-1.0643691406e+03
9.1156085205e+02
2.3901235962e+02
-4.3055630493e+02
-1.1073420410e+03
9.5021423340e+02
2.4954602051e+02
-4.4324102783e+02
-1.1482922363e+03
9.8284033203e+02
2.5873342896e+02
-4.5450262451e+02
-1.1831246338e+03
1.0098686523e+03
2.6641455078e+02
-4.6420718384e+02
-1.2122918701e+03
1.0313553467e+03
2.7259063721e+02
-4.7211315918e+02
-1.2356024170e+03
1.0479074707e+03
2.7736968994e+02
-4.7833251953e+02
-1.2536746826e+03
1.0598928223e+03
2.8084481812e+02
-4.8289422607e+02
-1.2668066406e+03
1.0676943359e+03
2.8311178589e+02
-4.8589660645e+02
-1.2753850098e+03
1.0715316162e+03
2.8422827148e+02
-4.8738034058e+02
-1.2796102295e+03
1.0715316162e+03
2.8422827148e+02
-4.8738034058e+02
-1.2796102295e+03
1.0676943359e+03
2.8311178589e+02
-4.8589660645e+02
-1.2753850098e+03
1.0598928223e+03
2.8084481812e+02
-4.8289422607e+02
-1.2668066406e+03
1.0479074707e+03
2.7736968994e+02
-4.7833251953e+02
-1.2536746826e+03
1.0313553467e+03
2.7259063721e+02
-4.7211315918e+02
-1.2356024170e+03
1.0098686523e+03
2.6641455078e+02
-4.6420718384e+02
-1.2122918701e+03
9.8284033203e+02
2.5873342896e+02
-4.5450262451e+02
-1.1831246338e+03
9.5021423340e+02
2.4954602051e+02
-4.4324102783e+02
-1.1482922363e+03
9.1156085205e+02
2.3901235962e+02
-4.3055630493e+02
-1.1073420410e+03
8.6988244629e+02
2.2801115417e+02
-4.1830422974e+02
-1.0643691406e+03
8.2893182373e+02
2.2019787598e+02
-4.0949316406e+02
-1.0228167725e+03
8.2838079834e+02
2.2418307495e+02
-4.2077267456e+02
-1.0300361328e+03
9.9874249268e+02
2.7541882324e+02
-4.0297338867e+02
-1.1353697510e+03
1.0139334106e+03
2.7844088745e+02
-4.4433056641e+02
-1.1848629150e+03
9.8640209961e+02
2.7011807251e+02
-4.5176385498e+02
-1.1704461670e+03
9.6673889160e+02
2.6291195679e+02
-4.5562030029e+02
-1.1608023682e+03
9.5123254395e+02
2.5753439331e+02
-4.5764291382e+02
-1.1518873291e+03
9.4151940918e+02
2.5369274902e+02
-4.5959478760e+02
-1.1474655762e+03
9.3532299805e+02
2.5103927612e+02
-4.6133364868e+02
-1.1452531738e+03
9.3190411377e+02
2.4928338623e+02
-4.6304293823e+02
-1.1449975586e+03
9.3009448242e+02
2.4814295959e+02
-4.6450985718e+02
-1.1455627441e+03
9.2932092285e+02
2.4744731140e+02
-4.6571520996e+02
-1.1465264893e+03
9.2903802490e+02
2.4705088806e+02
-4.6654821777e+02
-1.1473666992e+03
9.2897595215e+02
2.4687474060e+02
-4.6698114014e+02
-1.1478623047e+03
9.2897595215e+02
2.4687474060e+02
-4.6698114014e+02
-1.1478623047e+03
9.2903802490e+02
2.4705088806e+02
-4.6654821777e+02
-1.1473666992e+03
9.2932092285e+02
2.4744731140e+02
-4.6571520996e+02
-1.1465264893e+03
9.3009448242e+02
2.4814295959e+02
-4.6450985718e+02
-1.1455627441e+03
9.3190411377e+02
2.4928338623e+02
-4.6304293823e+02
-1.1449975586e+03
9.3532299805e+02
2.5103927612e+02
-4.6133364868e+02
-1.1452531738e+03
9.4151940918e+02
2.5369274902e+02
-4.5959478760e+02
-1.1474655762e+03
9.5123254395e+02
2.5753439331e+02
-4.5764291382e+02
-1.1518873291e+03
9.6673889160e+02
2.6291195679e+02
-4.5562030029e+02
-1.1608023682e+03
9.8640209961e+02
2.7011807251e+02
-4.5176385498e+02
-1.1704461670e+03
1.0139334106e+03
2.7844088745e+02
-4.4433056641e+02
-1.1848629150e+03
9.9874249268e+02
2.7541882324e+02
-4.0297338867e+02
-1.1353697510e+03
9.6741357422e+02
2.8183630371e+02
-4.3408020020e+02
-1.1258955078e+03
9.4196624756e+02
2.6474822998e+02
-4.1890951538e+02
-1.1036428223e+03
9.4610894775e+02
2.5618972778e+02
-4.2602270508e+02
-1.1238238525e+03
9.3891900635e+02
2.4726257324e+02
-4.2883706665e+02
-1.1283273926e+03
9.3144573975e+02
2.3944969177e+02
-4.3131887817e+02
-1.1312500000e+03
9.2248046875e+02
2.3266296387e+02
-4.3251620483e+02
-1.1302534180e+03
9.1446459961e+02
2.2707397461e+02
-4.3343218994e+02
-1.1287371826e+03
9.0730596924e+02
2.2254924011e+02
-4.3393954468e+02
-1.1265622559e+03
9.0158502197e+02
2.1906143188e+02
-4.3432788086e+02
-1.1246685791e+03
8.9723175049e+02
2.1650868225e+02
-4.3455908203e+02
-1.1230468750e+03
8.9435968018e+02
2.1484696960e+02
-4.3471679688e+02
-1.1219556885e+03
8.9291815186e+02
2.1402502441e+02
-4.3478695679e+02
-1.1213846436e+03
8.9291815186e+02
2.1402502441e+02
-4.3478695679e+02
-1.1213846436e+03
8.9435968018e+02
2.1484696960e+02
-4.3471679688e+02
-1.1219556885e+03
8.9723175049e+02
2.1650868225e+02
-4.3455908203e+02
-1.1230468750e+03
9.0158502197e+02
2.1906143188e+02
-4.3432788086e+02
-1.1246685791e+03
9.0730596924e+02
2.2254924011e+02
-4.3393954468e+02
-1.1265622559e+03
9.1446459961e+02
2.2707397461e+02
-4.3343218994e+02
-1.1287371826e+03
9.2248046875e+02
2.3266296387e+02
-4.3251620483e+02
-1.1302534180e+03
9.3144573975e+02
2.3944969177e+02
-4.3131887817e+02
-1.1312500000e+03
9.3891900635e+02
2.4726257324e+02
-4.2883706665e+02
-1.1283273926e+03
9.4610894775e+02
2.5618972778e+02
-4.2602270508e+02
-1.1238238525e+03
9.4196624756e+02
2.6474822998e+02
-4.1890951538e+02
-1.1036428223e+03
9.6741357422e+02
2.8183630371e+02
-4.3408020020e+02
-1.1258955078e+03
8.8882336426e+02
2.3956419373e+02
-3.8915078735e+02
-1.0403082275e+03
8.9984234619e+02
2.4300418091e+02
-4.1427621460e+02
-1.0704947510e+03
8.8332330322e+02
2.3910549927e+02
-4.1719775391e+02
-1.0599276123e+03
8.7797387695e+02
2.3644088745e+02
-4.2400152588e+02
-1.0637227783e+03
8.7145556641e+02
2.3320010376e+02
-4.2879458618e+02
-1.0648496094e+03
8.6685009766e+02
2.3009867859e+02
-4.3330972290e+02
-1.0676505127e+03
8.6224267578e+02
2.2709199524e+02
-4.3665750122e+02
-1.0692139893e+03
8.5845050049e+02
2.2445715332e+02
-4.3936972046e+02
-1.0706534424e+03
8.5514074707e+02
2.2222850037e+02
-4.4131631470e+02
-1.0714293213e+03
8.5262414551e+02
2.2051770020e+02
-4.4272406006e+02
-1.0719733887e+03
8.5086743164e+02
2.1934808350e+02
-4.4359970093e+02
-1.0722233887e+03
8.4998663330e+02
2.1875947571e+02
-4.4403225708e+02
-1.0723457031e+03
8.4998663330e+02
2.1875947571e+02
-4.4403225708e+02
-1.0723457031e+03
8.5086743164e+02
2.1934808350e+02
-4.4359970093e+02
-1.0722233887e+03
8.5262414551e+02
2.2051770020e+02
-4.4272406006e+02
-1.0719733887e+03
8.5514074707e+02
2.2222850037e+02
-4.4131631470e+02
-1.0714293213e+03
8.5845050049e+02
2.2445715332e+02
-4.3936972046e+02
-1.0706534424e+03
8.6224267578e+02
2.2709199524e+02
-4.3665750122e+02
-1.0692139893e+03
8.6685009766e+02
2.3009867859e+02
-4.3330972290e+02
-1.0676505127e+03
8.7145556641e+02
2.3320010376e+02
-4.2879458618e+02
-1.0648496094e+03
8.7797387695e+02
2.3644088745e+02
-4.2400152588e+02
-1.0637227783e+03
8.8332330322e+02
2.3910549927e+02
-4.1719775391e+02
-1.0599276123e+03
8.9984234619e+02
2.4300418091e+02
-4.1427621460e+02
-1.0704947510e+03
8.8882336426e+02
2.3956419373e+02
-3.8915078735e+02
-1.0403082275e+03
8.3034918213e+02
2.2529100037e+02
-3.9032254028e+02
-9.9454772949e+02
8.1481933594e+02
2.1510403442e+02
-3.8130203247e+02
-9.8379180908e+02
8.1860858154e+02
2.0951515198e+02
-3.8825006104e+02
-1.0014158325e+03
8.1158111572e+02
2.0281478882e+02
-3.8914053345e+02
-1.0024598389e+03
8.0755230713e+02
1.9770553589e+02
-3.9159219360e+02
-1.0064272461e+03
8.0281231689e+02
1.9327354431e+02
-3.9328637695e+02
-1.0079713135e+03
7.9942883301e+02
1.8976013184e+02
-3.9528265381e+02
-1.0102228394e+03
7.9641491699e+02
1.8688359070e+02
-3.9691616821e+02
-1.0117692871e+03
7.9420861816e+02
1.8467303467e+02
-3.9839346313e+02
-1.0132900391e+03
7.9251000977e+02
1.8303053284e+02
-3.9949581909e+02
-1.0143543701e+03
7.9142755127e+02
1.8195735168e+02
-4.0027172852e+02
-1.0151339722e+03
7.9087518311e+02
1.8142123413e+02
-4.0065484619e+02
-1.0155057373e+03
7.9087518311e+02
1.8142123413e+02
-4.0065484619e+02
-1.0155057373e+03
7.9142755127e+02
1.8195735168e+02
-4.0027172852e+02
-1.0151339722e+03
7.9251000977e+02
1.8303053284e+02
-3.9949581909e+02
-1.0143543701e+03
7.9420861816e+02
1.8467303467e+02
-3.9839346313e+02
-1.0132900391e+03
7.9641491699e+02
1.8688359070e+02
-3.9691616821e+02
-1.0117692871e+03
7.9942883301e+02
1.8976013184e+02
-3.9528265381e+02
-1.0102228394e+03
8.0281231689e+02
1.9327354431e+02
-3.9328637695e+02
-1.0079713135e+03
8.0755230713e+02
1.9770553589e+02
-3.9159219360e+02
-1.0064272461e+03
8.1158111572e+02
2.0281478882e+02
-3.8914053345e+02
-1.0024598389e+03
8.1860858154e+02
2.0951515198e+02
-3.8825006104e+02
-1.0014158325e+03
8.1481933594e+02
2.1510403442e+02
-3.8130203247e+02
-9.8379180908e+02
8.3034918213e+02
2.2529100037e+02
-3.9032254028e+02
-9.9454772949e+02
7.3625262451e+02
1.8428614807e+02
-3.5705068970e+02
-9.0300958252e+02
7.4138781738e+02
1.8735971069e+02
-3.6905841064e+02
-9.1794653320e+02
7.2973925781e+02
1.8509938049e+02
-3.6937377930e+02
-9.1019641113e+02
7.2812133789e+02
1.8360830688e+02
-3.7567370605e+02
-9.1652276611e+02
7.2338983154e+02
1.8101905823e+02
-3.7927499390e+02
-9.1790325928e+02
7.2041644287e+02
1.7870643616e+02
-3.8298489380e+02
-9.2086480713e+02
7.1710272217e+02
1.7644311523e+02
-3.8557067871e+02
-9.2228771973e+02
7.1462377930e+02
1.7455352783e+02
-3.8780868530e+02
-9.2385699463e+02
7.1245690918e+02
1.7297174072e+02
-3.8942797852e+02
-9.2481958008e+02
7.1091644287e+02
1.7178927612e+02
-3.9066656494e+02
-9.2565185547e+02
7.0984796143e+02
1.7098513794e+02
-3.9145166016e+02
-9.2613842773e+02
7.0933160400e+02
1.7058546448e+02
-3.9185208130e+02
-9.2640606689e+02
7.0933160400e+02
1.7058546448e+02
-3.9185208130e+02
-9.2640606689e+02
7.0984796143e+02
1.7098513794e+02
-3.9145166016e+02
-9.2613842773e+02
7.1091644287e+02
1.7178927612e+02
-3.9066656494e+02
-9.2565185547e+02
7.1245690918e+02
1.7297174072e+02
-3.8942797852e+02
-9.2481958008e+02
7.1462377930e+02
1.7455352783e+02
-3.8780868530e+02
-9.2385699463e+02
7.1710272217e+02
1.7644311523e+02
-3.8557067871e+02
-9.2228771973e+02
7.2041644287e+02
1.7870643616e+02
-3.8298489380e+02
-9.2086480713e+02
7.2338983154e+02
1.8101905823e+02
-3.7927499390e+02
-9.1790325928e+02
7.2812133789e+02
1.8360830688e+02
-3.7567370605e+02
-9.1652276611e+02
7.2973925781e+02
1.8509938049e+02
-3.6937377930e+02
-9.1019641113e+02
7.4138781738e+02
1.8735971069e+02
-3.6905841064e+02
-9.1794653320e+02
7.3625262451e+02
1.8428614807e+02
-3.5705068970e+02
-9.0300958252e+02
6.4359802246e+02
1.5191030884e+02
-3.3848294067e+02
-8.2173089600e+02
6.3673730469e+02
1.4878288269e+02
-3.3169741821e+02
-8.1634326172e+02
6.3999853516e+02
1.4653604126e+02
-3.3580813599e+02
-8.2826110840e+02
6.3438800049e+02
1.4242581177e+02
-3.3502642822e+02
-8.2702703857e+02
6.3248937988e+02
1.3944836426e+02
-3.3700595093e+02
-8.3073510742e+02
6.2941400146e+02
1.3653169250e+02
-3.3820147705e+02
-8.3203216553e+02
6.2748828125e+02
1.3421798706e+02
-3.3985385132e+02
-8.3425396729e+02
6.2551794434e+02
1.3223632812e+02
-3.4108364868e+02
-8.3558239746e+02
6.2411877441e+02
1.3071331787e+02
-3.4222128296e+02
-8.3691003418e+02
6.2296563721e+02
1.2956072998e+02
-3.4302447510e+02
-8.3774938965e+02
6.2224035645e+02
1.2880929565e+02
-3.4359555054e+02
-8.3837145996e+02
6.2185717773e+02
1.2843070984e+02
-3.4386923218e+02
-8.3865124512e+02
6.2185717773e+02
1.2843070984e+02
-3.4386923218e+02
-8.3865124512e+02
6.2224035645e+02
1.2880929565e+02
-3.4359555054e+02
-8.3837145996e+02
6.2296563721e+02
1.2956072998e+02
-3.4302447510e+02
-8.3774938965e+02
6.2411877441e+02
1.3071331787e+02
-3.4222128296e+02
-8.3691003418e+02
6.2551794434e+02
1.3223632812e+02
-3.4108364868e+02
-8.3558239746e+02
6.2748828125e+02
1.3421798706e+02
-3.3985385132e+02
-8.3425396729e+02
6.2941400146e+02
1.3653169250e+02
-3.3820147705e+02
-8.3203216553e+02
6.3248937988e+02
1.3944836426e+02
-3.3700595093e+02
-8.3073510742e+02
6.3438800049e+02
1.4242581177e+02
-3.3502642822e+02
-8.2702703857e+02
6.3999853516e+02
1.4653604126e+02
-3.3580813599e+02
-8.2826110840e+02
6.3673730469e+02
1.4878288269e+02
-3.3169741821e+02
-8.1634326172e+02
6.4359802246e+02
1.5191030884e+02
-3.3848294067e+02
-8.2173089600e+02
5.3184375000e+02
1.0862886047e+02
-3.0618167114e+02
-7.1615771484e+02
5.3555023193e+02
1.1335196686e+02
-3.0912573242e+02
-7.2194763184e+02
5.2864312744e+02
1.1328788757e+02
-3.0742468262e+02
-7.1628100586e+02
5.2904620361e+02
1.1312922668e+02
-3.1160540771e+02
-7.2153436279e+02
5.2571551514e+02
1.1164200592e+02
-3.1318643188e+02
-7.2150335693e+02
5.2417974854e+02
1.1039790344e+02
-3.1551791382e+02
-7.2356640625e+02
5.2206134033e+02
1.0903842926e+02
-3.1699484253e+02
-7.2424230957e+02
5.2068206787e+02
1.0793292236e+02
-3.1846170044e+02
-7.2538940430e+02
5.1938049316e+02
1.0697238922e+02
-3.1949227905e+02
-7.2602911377e+02
5.1851519775e+02
1.0626284027e+02
-3.2032968140e+02
-7.2667626953e+02
5.1788928223e+02
1.0577183533e+02
-3.2085076904e+02
-7.2703717041e+02
5.1759832764e+02
1.0552988434e+02
-3.2112469482e+02
-7.2725048828e+02
5.1759832764e+02
1.0552988434e+02
-3.2112469482e+02
-7.2725048828e+02
5.1788928223e+02
1.0577183533e+02
-3.2085076904e+02
-7.2703717041e+02
5.1851519775e+02
1.0626284027e+02
-3.2032968140e+02
-7.2667626953e+02
5.1938049316e+02
1.0697238922e+02
-3.1949227905e+02
-7.2602911377e+02
5.2068206787e+02
1.0793292236e+02
-3.1846170044e+02
-7.2538940430e+02
5.2206134033e+02
1.0903842926e+02
-3.1699484253e+02
-7.2424230957e+02
5.2417974854e+02
1.1039790344e+02
-3.1551791382e+02
-7.2356640625e+02
5.2571551514e+02
1.1164200592e+02
-3.1318643188e+02
-7.2150335693e+02
5.2904620361e+02
1.1312922668e+02
-3.1160540771e+02
-7.2153436279e+02
5.2864312744e+02
1.1328788757e+02
-3.0742468262e+02
-7.1628100586e+02
5.3555023193e+02
1.1335196686e+02
-3.0912573242e+02
-7.2194763184e+02
5.3184375000e+02
1.0862886047e+02
-3.0618167114e+02
-7.1615771484e+02
4.1688690186e+02
6.6674057007e+01
-2.7566439819e+02
-6.1058819580e+02
4.1563803101e+02
6.9006675720e+01
-2.6839733887e+02
-6.0620996094e+02
4.1862429810e+02
6.9648323059e+01
-2.6927993774e+02
-6.1277703857e+02
4.1499456787e+02
6.7934020996e+01
-2.6728939819e+02
-6.1030963135e+02
4.1471316528e+02
6.6763809204e+01
-2.6842416382e+02
-6.1307226562e+02
4.1287387085e+02
6.5228309631e+01
-2.6872885132e+02
-6.1337506104e+02
4.1201733398e+02
6.4051002502e+01
-2.6963812256e+02
-6.1479278564e+02
4.1086849976e+02
6.2964302063e+01
-2.7018402100e+02
-6.1536651611e+02
4.1014709473e+02
6.2147026062e+01
-2.7078857422e+02
-6.1613012695e+02
4.0948623657e+02
6.1509811401e+01
-2.7117880249e+02
-6.1653063965e+02
4.0909786987e+02
6.1100006104e+01
-2.7148107910e+02
-6.1687646484e+02
4.0888027954e+02
6.0890171051e+01
-2.7161834717e+02
-6.1701525879e+02
4.0888027954e+02
6.0890171051e+01
-2.7161834717e+02
-6.1701525879e+02
4.0909786987e+02
6.1100006104e+01
-2.7148107910e+02
-6.1687646484e+02
4.0948623657e+02
6.1509811401e+01
-2.7117880249e+02
-6.1653063965e+02
4.1014709473e+02
6.2147026062e+01
-2.7078857422e+02
-6.1613012695e+02
4.1086849976e+02
6.2964302063e+01
-2.7018402100e+02
-6.1536651611e+02
4.1201733398e+02
6.4051002502e+01
-2.6963812256e+02
-6.1479278564e+02
4.1287387085e+02
6.5228309631e+01
-2.6872885132e+02
-6.1337506104e+02
4.1471316528e+02
6.6763809204e+01
-2.6842416382e+02
-6.1307226562e+02
4.1499456787e+02
6.7934020996e+01
-2.6728939819e+02
-6.1030963135e+02
4.1862429810e+02
6.9648323059e+01
-2.6927993774e+02
-6.1277703857e+02
4.1563803101e+02
6.9006675720e+01
-2.6839733887e+02
-6.0620996094e+02
4.1688690186e+02
6.6674057007e+01
-2.7566439819e+02
-6.1058819580e+02
2.9205789185e+02
2.1562160492e+01
-2.3980097961e+02
-4.9130255127e+02
2.9622583008e+02
2.8385919571e+01
-2.3682861328e+02
-4.9175537109e+02
2.9304348755e+02
3.0340068817e+01
-2.3355268860e+02
-4.8728741455e+02
2.9460757446e+02
3.1376104355e+01
-2.3547280884e+02
-4.9060803223e+02
2.9258853149e+02
3.0989061356e+01
-2.3541186523e+02
-4.8943145752e+02
2.9225051880e+02
3.0704923630e+01
-2.3655995178e+02
-4.9064703369e+02
2.9112179565e+02
3.0148197174e+01
-2.3707031250e+02
-4.9061276245e+02
2.9059173584e+02
2.9721294403e+01
-2.3780250549e+02
-4.9122921753e+02
2.8993945312e+02
2.9298400879e+01
-2.3824386597e+02
-4.9141632080e+02
2.8956643677e+02
2.8996467590e+01
-2.3865499878e+02
-4.9173706055e+02
2.8925888062e+02
2.8776044846e+01
-2.3888897705e+02
-4.9186877441e+02
2.8912863159e+02
2.8670236588e+01
-2.3902180481e+02
-4.9197024536e+02
2.8912863159e+02
2.8670236588e+01
-2.3902180481e+02
-4.9197024536e+02
2.8925888062e+02
2.8776044846e+01
-2.3888897705e+02
-4.9186877441e+02
2.8956643677e+02
2.8996467590e+01
-2.3865499878e+02
-4.9173706055e+02
2.8993945312e+02
2.9298400879e+01
-2.3824386597e+02
-4.9141632080e+02
2.9059173584e+02
2.9721294403e+01
-2.3780250549e+02
-4.9122921753e+02
2.9112179565e+02
3.0148197174e+01
-2.3707031250e+02
-4.9061276245e+02
2.9225051880e+02
3.0704923630e+01
-2.3655995178e+02
-4.9064703369e+02
2.9258853149e+02
3.0989061356e+01
-2.3541186523e+02
-4.8943145752e+02
2.9460757446e+02
3.1376104355e+01
-2.3547280884e+02
-4.9060803223e+02
2.9304348755e+02
3.0340068817e+01
-2.3355268860e+02
-4.8728741455e+02
2.9622583008e+02
2.8385919571e+01
-2.3682861328e+02
-4.9175537109e+02
2.9205789185e+02
2.1562160492e+01
-2.3980097961e+02
-4.9130255127e+02
1.6506455994e+02
-2.3828149796e+01
-2.0155290222e+02
-3.7029220581e+02
1.6704675293e+02
-1.7962127686e+01
-1.9322422791e+02
-3.6554302979e+02
1.6993054199e+02
-1.5335140228e+01
-1.9170596313e+02
-3.6840704346e+02
1.6808274841e+02
-1.5317399025e+01
-1.8911215210e+02
-3.6556741333e+02
1.6882475281e+02
-1.5245183945e+01
-1.8947807312e+02
-3.6736981201e+02
1.6788937378e+02
-1.5769745827e+01
-1.8908027649e+02
-3.6687878418e+02
1.6780142212e+02
-1.6115348816e+01
-1.8940052795e+02
-3.6763165283e+02
1.6727540588e+02
-1.6537757874e+01
-1.8943672180e+02
-3.6764578247e+02
1.6706701660e+02
-1.6831834793e+01
-1.8964802551e+02
-3.6799404907e+02
1.6678399658e+02
-1.7085474014e+01
-1.8973756409e+02
-3.6808050537e+02
1.6665280151e+02
-1.7241075516e+01
-1.8984378052e+02
-3.6822735596e+02
1.6656211853e+02
-1.7325092316e+01
-1.8988163757e+02
-3.6826519775e+02
1.6656211853e+02
-1.7325092316e+01
-1.8988163757e+02
-3.6826519775e+02
1.6665280151e+02
-1.7241075516e+01
-1.8984378052e+02
-3.6822735596e+02
1.6678399658e+02
-1.7085474014e+01
-1.8973756409e+02
-3.6808050537e+02
1.6706701660e+02
-1.6831834793e+01
-1.8964802551e+02
-3.6799404907e+02
1.6727540588e+02
-1.6537757874e+01
-1.8943672180e+02
-3.6764578247e+02
1.6780142212e+02
-1.6115348816e+01
-1.8940052795e+02
-3.6763165283e+02
1.6788937378e+02
-1.5769745827e+01
-1.8908027649e+02
-3.6687878418e+02
1.6882475281e+02
-1.5245183945e+01
-1.8947807312e+02
-3.6736981201e+02
1.6808274841e+02
-1.5317399025e+01
-1.8911215210e+02
-3.6556741333e+02
1.6993054199e+02
-1.5335140228e+01
-1.9170596313e+02
-3.6840704346e+02
1.6704675293e+02
-1.7962127686e+01
-1.9322422791e+02
-3.6554302979e+02
1.6506455994e+02
-2.3828149796e+01
-2.0155290222e+02
-3.7029220581e+02
3.3924896240e+01
-6.8746200562e+01
-1.6128150940e+02
-2.4174858093e+02
3.8545692444e+01
-6.0667968750e+01
-1.5509297180e+02
-2.3942448425e+02
3.7633617401e+01
-5.7531818390e+01
-1.5101690674e+02
-2.3581147766e+02
3.9603149414e+01
-5.5851848602e+01
-1.5137493896e+02
-2.3760850525e+02
3.8514472961e+01
-5.5563346863e+01
-1.5046504211e+02
-2.3602061462e+02
3.8884693146e+01
-5.5297222137e+01
-1.5092521667e+02
-2.3676997375e+02
3.8371212006e+01
-5.5381210327e+01
-1.5088180542e+02
-2.3637702942e+02
3.8348022461e+01
-5.5410739899e+01
-1.5117662048e+02
-2.3669139099e+02
3.8088981628e+01
-5.5515933990e+01
-1.5126786804e+02
-2.3662522888e+02
3.8012283325e+01
-5.5577152252e+01
-1.5142468262e+02
-2.3675939941e+02
3.7898006439e+01
-5.5637382507e+01
-1.5148834229e+02
-2.3676222229e+02
3.7865192413e+01
-5.5662654877e+01
-1.5153759766e+02
-2.3680062866e+02
3.7865192413e+01
-5.5662654877e+01
-1.5153759766e+02
-2.3680062866e+02
3.7898006439e+01
-5.5637382507e+01
-1.5148834229e+02
-2.3676222229e+02
3.8012283325e+01
-5.5577152252e+01
-1.5142468262e+02
-2.3675939941e+02
3.8088981628e+01
-5.5515933990e+01
-1.5126786804e+02
-2.3662522888e+02
3.8348022461e+01
-5.5410739899e+01
-1.5117662048e+02
-2.3669139099e+02
3.8371212006e+01
-5.5381210327e+01
-1.5088180542e+02
-2.3637702942e+02
3.8884693146e+01
-5.5297222137e+01
-1.5092521667e+02
-2.3676997375e+02
3.8514472961e+01
-5.5563346863e+01
-1.5046504211e+02
-2.3602061462e+02
3.9603149414e+01
-5.5851848602e+01
-1.5137493896e+02
-2.3760850525e+02
3.7633617401e+01
-5.7531818390e+01
-1.5101690674e+02
-2.3581147766e+02
3.8545692444e+01
-6.0667968750e+01
-1.5509297180e+02
-2.3942448425e+02
3.3924896240e+01
-6.8746200562e+01
-1.6128150940e+02
-2.4174858093e+02
-9.6805015564e+01
-1.1347728729e+02
-1.1809212494e+02
-1.1271428680e+02
-9.3576850891e+01
-1.0620963287e+02
-1.0953982544e+02
-1.0790317535e+02
-9.1077758789e+01
-1.0282592010e+02
-1.0694379425e+02
-1.0885944366e+02
-9.1881187439e+01
-1.0202717590e+02
-1.0446634674e+02
-1.0639481354e+02
-9.0834526062e+01
-1.0146237946e+02
-1.0451247406e+02
-1.0767291260e+02
-9.1341445923e+01
-1.0154802704e+02
-1.0391698456e+02
-1.0696749115e+02
-9.1102394104e+01
-1.0154546356e+02
-1.0405026245e+02
-1.0749051666e+02
-9.1342132568e+01
-1.0168683624e+02
-1.0393264771e+02
-1.0734452057e+02
-9.1321022034e+01
-1.0176183319e+02
-1.0402243042e+02
-1.0756859589e+02
-9.1432228088e+01
-1.0185450745e+02
-1.0401784515e+02
-1.0756454468e+02
-9.1447792053e+01
-1.0190373993e+02
-1.0406190491e+02
-1.0765299988e+02
-9.1481079102e+01
-1.0193503571e+02
-1.0406793213e+02
-1.0766143799e+02
-9.1481079102e+01
-1.0193503571e+02
-1.0406793213e+02
-1.0766143799e+02
-9.1447792053e+01
-1.0190373993e+02
-1.0406190491e+02
-1.0765299988e+02
-9.1432228088e+01
-1.0185450745e+02
-1.0401784515e+02
-1.0756454468e+02
-9.1321022034e+01
-1.0176183319e+02
-1.0402243042e+02
-1.0756859589e+02
-9.1342132568e+01
-1.0168683624e+02
-1.0393264771e+02
-1.0734452057e+02
-9.1102394104e+01
-1.0154546356e+02
-1.0405026245e+02
-1.0749051666e+02
-9.1341445923e+01
-1.0154802704e+02
-1.0391698456e+02
-1.0696749115e+02
-9.0834526062e+01
-1.0146237946e+02
-1.0451247406e+02
-1.0767291260e+02
-9.1881187439e+01
-1.0202717590e+02
-1.0446634674e+02
-1.0639481354e+02
-9.1077758789e+01
-1.0282592010e+02
-1.0694379425e+02
-1.0885944366e+02
-9.3576850891e+01
-1.0620963287e+02
-1.0953982544e+02
-1.0790317535e+02
-9.6805015564e+01
-1.1347728729e+02
-1.1809212494e+02
-1.1271428680e+02
-2.2742973328e+02
-1.5596360779e+02
-7.4412574768e+01
1.9241308212e+01
-2.2329554749e+02
-1.4819670105e+02
-6.7499923706e+01
2.2300115585e+01
-2.2340838623e+02
-1.4506323242e+02
-6.3706325531e+01
2.4826589584e+01
-2.2179220581e+02
-1.4353742981e+02
-6.3554901123e+01
2.3637325287e+01
-2.2256546021e+02
-1.4322991943e+02
-6.2674457550e+01
2.4850593567e+01
-2.2211338806e+02
-1.4298107910e+02
-6.3058383942e+01
2.4056695938e+01
-2.2249272156e+02
-1.4305470276e+02
-6.2992908478e+01
2.4321432114e+01
-2.2242831421e+02
-1.4307507324e+02
-6.3262847900e+01
2.3940328598e+01
-2.2261038208e+02
-1.4316813660e+02
-6.3340435028e+01
2.3942249298e+01
-2.2263241577e+02
-1.4321936035e+02
-6.3488471985e+01
2.3765308380e+01
-2.2270947266e+02
-1.4327209473e+02
-6.3547397614e+01
2.3732297897e+01
-2.2272398376e+02
-1.4329351807e+02
-6.3594612122e+01
2.3679418564e+01
-2.2272398376e+02
-1.4329351807e+02
-6.3594612122e+01
2.3679418564e+01
-2.2270947266e+02
-1.4327209473e+02
-6.3547397614e+01
2.3732297897e+01
-2.2263241577e+02
-1.4321936035e+02
-6.3488471985e+01
2.3765308380e+01
-2.2261038208e+02
-1.4316813660e+02
-6.3340435028e+01
2.3942249298e+01
-2.2242831421e+02
-1.4307507324e+02
-6.3262847900e+01
2.3940328598e+01
-2.2249272156e+02
-1.4305470276e+02
-6.2992908478e+01
2.4321432114e+01
-2.2211338806e+02
-1.4298107910e+02
-6.3058383942e+01
2.4056695938e+01
-2.2256546021e+02
-1.4322991943e+02
-6.2674457550e+01
2.4850593567e+01
-2.2179220581e+02
-1.4353742981e+02
-6.3554901123e+01
2.3637325287e+01
-2.2340838623e+02
-1.4506323242e+02
-6.3706325531e+01
2.4826589584e+01
-2.2329554749e+02
-1.4819670105e+02
-6.7499923706e+01
2.2300115585e+01
-2.2742973328e+02
-1.5596360779e+02
-7.4412574768e+01
1.9241308212e+01
-3.5476477051e+02
-1.9726864624e+02
-2.8798130035e+01
1.4929127502e+02
-3.5204721069e+02
-1.9074406433e+02
-2.1517864227e+01
1.5313453674e+02
-3.5055245972e+02
-1.8794105530e+02
-1.9272800446e+01
1.5249517822e+02
-3.5125845337e+02
-1.8739143372e+02
-1.7690649033e+01
1.5388475037e+02
-3.5064508057e+02
-1.8713368225e+02
-1.8059947968e+01
1.5248089600e+02
-3.5128445435e+02
-1.8742105103e+02
-1.7875207901e+01
1.5273905945e+02
-3.5123095703e+02
-1.8760896301e+02
-1.8299270630e+01
1.5194865417e+02
-3.5158605957e+02
-1.8790054321e+02
-1.8437128067e+01
1.5181767273e+02
-3.5166888428e+02
-1.8809915161e+02
-1.8719306946e+01
1.5139363098e+02
-3.5185079956e+02
-1.8828318787e+02
-1.8859802246e+01
1.5123797607e+02
-3.5191580200e+02
-1.8839405823e+02
-1.8998109818e+01
1.5104760742e+02
-3.5197265625e+02
-1.8845596313e+02
-1.9051443100e+01
1.5098661804e+02
-3.5197265625e+02
-1.8845596313e+02
-1.9051443100e+01
1.5098661804e+02
-3.5191580200e+02
-1.8839405823e+02
-1.8998109818e+01
1.5104760742e+02
-3.5185079956e+02
-1.8828318787e+02
-1.8859802246e+01
1.5123797607e+02
-3.5166888428e+02
-1.8809915161e+02
-1.8719306946e+01
1.5139363098e+02
-3.5158605957e+02
-1.8790054321e+02
-1.8437128067e+01
1.5181767273e+02
-3.5123095703e+02
-1.8760896301e+02
-1.8299270630e+01
1.5194865417e+02
-3.5128445435e+02
-1.8742105103e+02
-1.7875207901e+01
1.5273905945e+02
-3.5064508057e+02
-1.8713368225e+02
-1.8059947968e+01
1.5248089600e+02
-3.5125845337e+02
-1.8739143372e+02
-1.7690649033e+01
1.5388475037e+02
-3.5055245972e+02
-1.8794105530e+02
-1.9272800446e+01
1.5249517822e+02
-3.5204721069e+02
-1.9074406433e+02
-2.1517864227e+01
1.5313453674e+02
-3.5476477051e+02
-1.9726864624e+02
-2.8798130035e+01
1.4929127502e+02
-4.7837176514e+02
-2.3540661621e+02
1.6121736526e+01
2.7804174805e+02
-4.7592440796e+02
-2.2967166138e+02
2.1576976776e+01
2.8014126587e+02
-4.7652346802e+02
-2.2776200867e+02
2.3946645737e+01
2.8105349731e+02
-4.7598455811e+02
-2.2723033142e+02
2.3544118881e+01
2.7949227905e+02
-4.7712792969e+02
-2.2760215759e+02
2.3600639343e+01
2.7964584351e+02
-4.7721972656e+02
-2.2795500183e+02
2.2691492081e+01
2.7828601074e+02
-4.7795532227e+02
-2.2849894714e+02
2.2253545761e+01
2.7793365479e+02
-4.7822705078e+02
-2.2891105652e+02
2.1595880508e+01
2.7710839844e+02
-4.7865530396e+02
-2.2930741882e+02
2.1196891785e+01
2.7672738647e+02
-4.7887023926e+02
-2.2958598328e+02
2.0813955307e+01
2.7627914429e+02
-4.7907095337e+02
-2.2978813171e+02
2.0595899582e+01
2.7605905151e+02
-4.7914883423e+02
-2.2988441467e+02
2.0470188141e+01
2.7591549683e+02
-4.7914883423e+02
-2.2988441467e+02
2.0470188141e+01
2.7591549683e+02
-4.7907095337e+02
-2.2978813171e+02
2.0595899582e+01
2.7605905151e+02
-4.7887023926e+02
-2.2958598328e+02
2.0813955307e+01
2.7627914429e+02
-4.7865530396e+02
-2.2930741882e+02
2.1196891785e+01
2.7672738647e+02
-4.7822705078e+02
-2.2891105652e+02
2.1595880508e+01
2.7710839844e+02
-4.7795532227e+02
-2.2849894714e+02
2.2253545761e+01
2.7793365479e+02
-4.7721972656e+02
-2.2795500183e+02
2.2691492081e+01
2.7828601074e+02
-4.7712792969e+02
-2.2760215759e+02
2.3600639343e+01
2.7964584351e+02
-4.7598455811e+02
-2.2723033142e+02
2.3544118881e+01
2.7949227905e+02
-4.7652346802e+02
-2.2776200867e+02
2.3946645737e+01
2.8105349731e+02
-4.7592440796e+02
-2.2967166138e+02
2.1576976776e+01
2.8014126587e+02
-4.7837176514e+02
-2.3540661621e+02
1.6121736526e+01
2.7804174805e+02
-5.9570581055e+02
-2.7139181519e+02
6.1270927429e+01
4.0172970581e+02
-5.9491888428e+02
-2.6743179321e+02
6.5780563354e+01
4.0349807739e+02
-5.9510247803e+02
-2.6638113403e+02
6.6440414429e+01
4.0194100952e+02
-5.9658569336e+02
-2.6697918701e+02
6.6433944702e+01
4.0166809082e+02
-5.9703656006e+02
-2.6772433472e+02
6.5115798950e+01
3.9950637817e+02
-5.9833270264e+02
-2.6878253174e+02
6.4348327637e+01
3.9875579834e+02
-5.9893542480e+02
-2.6963742065e+02
6.3207416534e+01
3.9727087402e+02
-5.9977728271e+02
-2.7046270752e+02
6.2450817108e+01
3.9648919678e+02
-6.0027124023e+02
-2.7109039307e+02
6.1697082520e+01
3.9558630371e+02
-6.0074700928e+02
-2.7159121704e+02
6.1198150635e+01
3.9505435181e+02
-6.0101312256e+02
-2.7191406250e+02
6.0826194763e+01
3.9462316895e+02
-6.0116796875e+02
-2.7208117676e+02
6.0654888153e+01
3.9443838501e+02
-6.0116796875e+02
-2.7208117676e+02
6.0654888153e+01
3.9443838501e+02
-6.0101312256e+02
-2.7191406250e+02
6.0826194763e+01
3.9462316895e+02
-6.0074700928e+02
-2.7159121704e+02
6.1198150635e+01
3.9505435181e+02
-6.0027124023e+02
-2.7109039307e+02
6.1697082520e+01
3.9558630371e+02
-5.9977728271e+02
-2.7046270752e+02
6.2450817108e+01
3.9648919678e+02
-5.9893542480e+02
-2.6963742065e+02
6.3207416534e+01
3.9727087402e+02
-5.9833270264e+02
-2.6878253174e+02
6.4348327637e+01
3.9875579834e+02
-5.9703656006e+02
-2.6772433472e+02
6.5115798950e+01
3.9950637817e+02
-5.9658569336e+02
-2.6697918701e+02
6.6433944702e+01
4.0166809082e+02
-5.9510247803e+02
-2.6638113403e+02
6.6440414429e+01
4.0194100952e+02
-5.9491888428e+02
-2.6743179321e+02
6.5780563354e+01
4.0349807739e+02
-5.9570581055e+02
-2.7139181519e+02
6.1270927429e+01
4.0172970581e+02
-7.0589276123e+02
-3.0367642212e+02
1.0432680511e+02
5.1978967285e+02
-7.0611614990e+02
-3.0133843994e+02
1.0672776031e+02
5.1970184326e+02
-7.0814117432e+02
-3.0160577393e+02
1.0677599335e+02
5.1850494385e+02
-7.0923675537e+02
-3.0273107910e+02
1.0500000763e+02
5.1580615234e+02
-7.1132019043e+02
-3.0433746338e+02
1.0365715027e+02
5.1442419434e+02
-7.1244427490e+02
-3.0575094604e+02
1.0176019287e+02
5.1209356689e+02
-7.1392639160e+02
-3.0714477539e+02
1.0041738892e+02
5.1075375366e+02
-7.1487219238e+02
-3.0826443481e+02
9.9058044434e+01
5.0920092773e+02
-7.1580487061e+02
-3.0921221924e+02
9.8082450867e+01
5.0819802856e+02
-7.1641168213e+02
-3.0990478516e+02
9.7280059814e+01
5.0730926514e+02
-7.1686511230e+02
-3.1037963867e+02
9.6778358459e+01
5.0678543091e+02
-7.1707220459e+02
-3.1061264038e+02
9.6513168335e+01
5.0649493408e+02
-7.1707220459e+02
-3.1061264038e+02
9.6513168335e+01
5.0649493408e+02
-7.1686511230e+02
-3.1037963867e+02
9.6778358459e+01
5.0678543091e+02
-7.1641168213e+02
-3.0990478516e+02
9.7280059814e+01
5.0730926514e+02
-7.1580487061e+02
-3.0921221924e+02
9.8082450867e+01
5.0819802856e+02
-7.1487219238e+02
-3.0826443481e+02
9.9058044434e+01
5.0920092773e+02
-7.1392639160e+02
-3.0714477539e+02
1.0041738892e+02
5.1075375366e+02
-7.1244427490e+02
-3.0575094604e+02
1.0176019287e+02
5.1209356689e+02
-7.1132019043e+02
-3.0433746338e+02
1.0365715027e+02
5.1442419434e+02
-7.0923675537e+02
-3.0273107910e+02
1.0500000763e+02
5.1580615234e+02
-7.0814117432e+02
-3.0160577393e+02
1.0677599335e+02
5.1850494385e+02
-7.0611614990e+02
-3.0133843994e+02
1.0672776031e+02
5.1970184326e+02
-7.0589276123e+02
-3.0367642212e+02
1.0432680511e+02
5.1978967285e+02
-8.0672161865e+02
-3.3299975586e+02
1.4552412415e+02
6.2902099609e+02
-8.0873815918e+02
-3.3274536133e+02
1.4627792358e+02
6.2796899414e+02
-8.1105249023e+02
-3.3419049072e+02
1.4456907654e+02
6.2473596191e+02
-8.1390136719e+02
-3.3651257324e+02
1.4254559326e+02
6.2245935059e+02
-8.1581408691e+02
-3.3870480347e+02
1.3986199951e+02
6.1911761475e+02
-8.1812243652e+02
-3.4090188599e+02
1.3780421448e+02
6.1702209473e+02
-8.1969702148e+02
-3.4273162842e+02
1.3567974854e+02
6.1458520508e+02
-8.2127398682e+02
-3.4433862305e+02
1.3407485962e+02
6.1292413330e+02
-8.2238623047e+02
-3.4559356689e+02
1.3267495728e+02
6.1137481689e+02
-8.2330511475e+02
-3.4655722046e+02
1.3168293762e+02
6.1033428955e+02
-8.2387481689e+02
-3.4718966675e+02
1.3099015808e+02
6.0957879639e+02
-8.2417749023e+02
-3.4751031494e+02
1.3065640259e+02
6.0922686768e+02
-8.2417749023e+02
-3.4751031494e+02
1.3065640259e+02
6.0922686768e+02
-8.2387481689e+02
-3.4718966675e+02
1.3099015808e+02
6.0957879639e+02
-8.2330511475e+02
-3.4655722046e+02
1.3168293762e+02
6.1033428955e+02
-8.2238623047e+02
-3.4559356689e+02
1.3267495728e+02
6.1137481689e+02
-8.2127398682e+02
-3.4433862305e+02
1.3407485962e+02
6.1292413330e+02
-8.1969702148e+02
-3.4273162842e+02
1.3567974854e+02
6.1458520508e+02
-8.1812243652e+02
-3.4090188599e+02
1.3780421448e+02
6.1702209473e+02
-8.1581408691e+02
-3.3870480347e+02
1.3986199951e+02
6.1911761475e+02
-8.1390136719e+02
-3.3651257324e+02
1.4254559326e+02
6.2245935059e+02
-8.1105249023e+02
-3.3419049072e+02
1.4456907654e+02
6.2473596191e+02
-8.0873815918e+02
-3.3274536133e+02
1.4627792358e+02
6.2796899414e+02
-8.0672161865e+02
-3.3299975586e+02
1.4552412415e+02
6.2902099609e+02
-8.9707135010e+02
-3.5826739502e+02
1.8293475342e+02
7.2815045166e+02
-9.0040216064e+02
-3.5994018555e+02
1.8154463196e+02
7.2529650879e+02
-9.0430993652e+02
-3.6282220459e+02
1.7887188721e+02
7.2179260254e+02
-9.0728320312e+02
-3.6590591431e+02
1.7532414246e+02
7.1757818604e+02
-9.1060406494e+02
-3.6900823975e+02
1.7233541870e+02
7.1448535156e+02
-9.1299871826e+02
-3.7169674683e+02
1.6923823547e+02
7.1100799561e+02
-9.1541955566e+02
-3.7411837769e+02
1.6680676270e+02
7.0852130127e+02
-9.1721038818e+02
-3.7609463501e+02
1.6460632324e+02
7.0612640381e+02
-9.1877539062e+02
-3.7771029663e+02
1.6293833923e+02
7.0440032959e+02
-9.1987500000e+02
-3.7890505981e+02
1.6163482666e+02
7.0300299072e+02
-9.2064569092e+02
-3.7971057129e+02
1.6079338074e+02
7.0212658691e+02
-9.2101531982e+02
-3.8010952759e+02
1.6036170959e+02
7.0166650391e+02
-9.2101531982e+02
-3.8010952759e+02
1.6036170959e+02
7.0166650391e+02
-9.2064569092e+02
-3.7971057129e+02
1.6079338074e+02
7.0212658691e+02
-9.1987500000e+02
-3.7890505981e+02
1.6163482666e+02
7.0300299072e+02
-9.1877539062e+02
-3.7771029663e+02
1.6293833923e+02
7.0440032959e+02
-9.1721038818e+02
-3.7609463501e+02
1.6460632324e+02
7.0612640381e+02
-9.1541955566e+02
-3.7411837769e+02
1.6680676270e+02
7.0852130127e+02
-9.1299871826e+02
-3.7169674683e+02
1.6923823547e+02
7.1100799561e+02
-9.1060406494e+02
-3.6900823975e+02
1.7233541870e+02
7.1448535156e+02
-9.0728320312e+02
-3.6590591431e+02
1.7532414246e+02
7.1757818604e+02
-9.0430993652e+02
-3.6282220459e+02
1.7887188721e+02
7.2179260254e+02
-9.0040216064e+02
-3.5994018555e+02
1.8154463196e+02
7.2529650879e+02
-8.9707135010e+02
-3.5826739502e+02
1.8293475342e+02
7.2815045166e+02
-9.7502825928e+02
-3.7993994141e+02
2.1629588318e+02
8.1443957520e+02
-9.8000030518e+02
-3.8359341431e+02
2.1315707397e+02
8.1045300293e+02
-9.8448126221e+02
-3.8766415405e+02
2.0892353821e+02
8.0534710693e+02
-9.8886029053e+02
-3.9183084106e+02
2.0486112976e+02
8.0108789062e+02
-9.9230236816e+02
-3.9555548096e+02
2.0073597717e+02
7.9647729492e+02
-9.9570617676e+02
-3.9896597290e+02
1.9734223938e+02
7.9299920654e+02
-9.9832995605e+02
-4.0183364868e+02
1.9420182800e+02
7.8958850098e+02
-1.0006975098e+03
-4.0427166748e+02
1.9171434021e+02
7.8701849365e+02
-1.0024797363e+03
-4.0619442749e+02
1.8964669800e+02
7.8480975342e+02
-1.0038761597e+03
-4.0765002441e+02
1.8814192200e+02
7.8324523926e+02
-1.0047749023e+03
-4.0861187744e+02
1.8711723328e+02
7.8215887451e+02
-1.0052371216e+03
-4.0909567261e+02
1.8661468506e+02
7.8163507080e+02
-1.0052371216e+03
-4.0909567261e+02
1.8661468506e+02
7.8163507080e+02
-1.0047749023e+03
-4.0861187744e+02
1.8711723328e+02
7.8215887451e+02
-1.0038761597e+03
-4.0765002441e+02
1.8814192200e+02
7.8324523926e+02
-1.0024797363e+03
-4.0619442749e+02
1.8964669800e+02
7.8480975342e+02
-1.0006975098e+03
-4.0427166748e+02
1.9171434021e+02
7.8701849365e+02
-9.9832995605e+02
-4.0183364868e+02
1.9420182800e+02
7.8958850098e+02
-9.9570617676e+02
-3.9896597290e+02
1.9734223938e+02
7.9299920654e+02
-9.9230236816e+02
-3.9555548096e+02
2.0073597717e+02
7.9647729492e+02
-9.8886029053e+02
-3.9183084106e+02
2.0486112976e+02
8.0108789062e+02
-9.8448126221e+02
-3.8766415405e+02
2.0892353821e+02
8.0534710693e+02
-9.8000030518e+02
-3.8359341431e+02
2.1315707397e+02
8.1045300293e+02
-9.7502825928e+02
-3.7993994141e+02
2.1629588318e+02
8.1443957520e+02
-1.0394642334e+03
-3.9730447388e+02
2.4411366272e+02
8.8640380859e+02
-1.0456226807e+03
-4.0264236450e+02
2.3920237732e+02
8.8096343994e+02
-1.0513137207e+03
-4.0792803955e+02
2.3404418945e+02
8.7539996338e+02
-1.0560006104e+03
-4.1280767822e+02
2.2883236694e+02
8.6975714111e+02
-1.0604938965e+03
-4.1729040527e+02
2.2433731079e+02
8.6512695312e+02
-1.0640838623e+03
-4.2115744019e+02
2.2013926697e+02
8.6061932373e+02
-1.0673796387e+03
-4.2452703857e+02
2.1670059204e+02
8.5708227539e+02
-1.0699708252e+03
-4.2729681396e+02
2.1373271179e+02
8.5393597412e+02
-1.0721269531e+03
-4.2952932739e+02
2.1142628479e+02
8.5155084229e+02
-1.0736928711e+03
-4.3118933105e+02
2.0966519165e+02
8.4969824219e+02
-1.0747609863e+03
-4.3230056763e+02
2.0851130676e+02
8.4850183105e+02
-1.0752843018e+03
-4.3285327148e+02
2.0792750549e+02
8.4788964844e+02
-1.0752843018e+03
-4.3285327148e+02
2.0792750549e+02
8.4788964844e+02
-1.0747609863e+03
-4.3230056763e+02
2.0851130676e+02
8.4850183105e+02
-1.0736928711e+03
-4.3118933105e+02
2.0966519165e+02
8.4969824219e+02
-1.0721269531e+03
-4.2952932739e+02
2.1142628479e+02
8.5155084229e+02
-1.0699708252e+03
-4.2729681396e+02
2.1373271179e+02
8.5393597412e+02
-1.0673796387e+03
-4.2452703857e+02
2.1670059204e+02
8.5708227539e+02
-1.0640838623e+03
-4.2115744019e+02
2.2013926697e+02
8.6061932373e+02
-1.0604938965e+03
-4.1729040527e+02
2.2433731079e+02
8.6512695312e+02
-1.0560006104e+03
-4.1280767822e+02
2.2883236694e+02
8.6975714111e+02
-1.0513137207e+03
-4.0792803955e+02
2.3404418945e+02
8.7539996338e+02
-1.0456226807e+03
-4.0264236450e+02
2.3920237732e+02
8.8096343994e+02
-1.0394642334e+03
-3.9730447388e+02
2.4411366272e+02
8.8640380859e+02
-1.0889093018e+03
-4.1060842896e+02
2.6594577026e+02
9.4194696045e+02
-1.0962266846e+03
-4.1737039185e+02
2.5972546387e+02
9.3562493896e+02
-1.1024237061e+03
-4.2353375244e+02
2.5348265076e+02
9.2901446533e+02
-1.1080351562e+03
-4.2917404175e+02
2.4781234741e+02
9.2319360352e+02
-1.1127138672e+03
-4.3412725830e+02
2.4255137634e+02
9.1759320068e+02
-1.1169859619e+03
-4.3850497437e+02
2.3809030151e+02
9.1300433350e+02
-1.1204693604e+03
-4.4220663452e+02
2.3415737915e+02
9.0884838867e+02
-1.1234659424e+03
-4.4530746460e+02
2.3096511841e+02
9.0555047607e+02
-1.1257951660e+03
-4.4776608276e+02
2.2837431335e+02
9.0283300781e+02
-1.1275740967e+03
-4.4961450195e+02
2.2646176147e+02
9.0085235596e+02
-1.1287404785e+03
-4.5084039307e+02
2.2517626953e+02
8.9950927734e+02
-1.1293308105e+03
-4.5145452881e+02
2.2453974915e+02
8.9884960938e+02
-1.1293308105e+03
-4.5145452881e+02
2.2453974915e+02
8.9884960938e+02
-1.1287404785e+03
-4.5084039307e+02
2.2517626953e+02
8.9950927734e+02
-1.1275740967e+03
-4.4961450195e+02
2.2646176147e+02
9.0085235596e+02
-1.1257951660e+03
-4.4776608276e+02
2.2837431335e+02
9.0283300781e+02
-1.1234659424e+03
-4.4530746460e+02
2.3096511841e+02
9.0555047607e+02
-1.1204693604e+03
-4.4220663452e+02
2.3415737915e+02
9.0884838867e+02
-1.1169859619e+03
-4.3850497437e+02
2.3809030151e+02
9.1300433350e+02
-1.1127138672e+03
-4.3412725830e+02
2.4255137634e+02
9.1759320068e+02
-1.1080351562e+03
-4.2917404175e+02
2.4781234741e+02
9.2319360352e+02
-1.1024237061e+03
-4.2353375244e+02
2.5348265076e+02
9.2901446533e+02
-1.0962266846e+03
-4.1737039185e+02
2.5972546387e+02
9.3562493896e+02
-1.0889093018e+03
-4.1060842896e+02
2.6594577026e+02
9.4194696045e+02
-1.1225183105e+03
-4.1945181274e+02
2.8082327271e+02
9.7989532471e+02
-1.1305330811e+03
-4.2719058228e+02
2.7359683228e+02
9.7275769043e+02
-1.1373898926e+03
-4.3404882812e+02
2.6679708862e+02
9.6582983398e+02
-1.1432293701e+03
-4.4011456299e+02
2.6050305176e+02
9.5928149414e+02
-1.1484733887e+03
-4.4549838257e+02
2.5500044250e+02
9.5360992432e+02
-1.1528834229e+03
-4.5014825439e+02
2.5009907532e+02
9.4847003174e+02
-1.1567396240e+03
-4.5413732910e+02
2.4598439026e+02
9.4421899414e+02
-1.1598762207e+03
-4.5743328857e+02
2.4252343750e+02
9.4060363770e+02
-1.1624172363e+03
-4.6007037354e+02
2.3979249573e+02
9.3777795410e+02
-1.1642978516e+03
-4.6203820801e+02
2.3773516846e+02
9.3563647461e+02
-1.1655611572e+03
-4.6335034180e+02
2.3637472534e+02
9.3422839355e+02
-1.1661877441e+03
-4.6400463867e+02
2.3569213867e+02
9.3351910400e+02
-1.1661877441e+03
-4.6400463867e+02
2.3569213867e+02
9.3351910400e+02
-1.1655611572e+03
-4.6335034180e+02
2.3637472534e+02
9.3422839355e+02
-1.1642978516e+03
-4.6203820801e+02
2.3773516846e+02
9.3563647461e+02
-1.1624172363e+03
-4.6007037354e+02
2.3979249573e+02
9.3777795410e+02
-1.1598762207e+03
-4.5743328857e+02
2.4252343750e+02
9.4060363770e+02
-1.1567396240e+03
-4.5413732910e+02
2.4598439026e+02
9.4421899414e+02
-1.1528834229e+03
-4.5014825439e+02
2.5009907532e+02
9.4847003174e+02
-1.1484733887e+03
-4.4549838257e+02
2.5500044250e+02
9.5360992432e+02
-1.1432293701e+03
-4.4011456299e+02
2.6050305176e+02
9.5928149414e+02
-1.1373898926e+03
-4.3404882812e+02
2.6679708862e+02
9.6582983398e+02
-1.1305330811e+03
-4.2719058228e+02
2.7359683228e+02
9.7275769043e+02
-1.1225183105e+03
-4.1945181274e+02
2.8082327271e+02
9.7989532471e+02
-1.1394799805e+03
-4.2393792725e+02
2.8843127441e+02
9.9909197998e+02
-1.1479135742e+03
-4.3219500732e+02
2.8072158813e+02
9.9162390137e+02
-1.1549678955e+03
-4.3937612915e+02
2.7353268433e+02
9.8432989502e+02
-1.1611312256e+03
-4.4571609497e+02
2.6705917358e+02
9.7769549561e+02
-1.1664576416e+03
-4.5127471924e+02
2.6128573608e+02
9.7168914795e+02
-1.1711091309e+03
-4.5610913086e+02
2.5628109741e+02
9.6650726318e+02
-1.1750402832e+03
-4.6022085571e+02
2.5198921204e+02
9.6203820801e+02
-1.1783228760e+03
-4.6363714600e+02
2.4844390869e+02
9.5836376953e+02
-1.1809294434e+03
-4.6635736084e+02
2.4561006165e+02
9.5541949463e+02
-1.1828874512e+03
-4.6839385986e+02
2.4349664307e+02
9.5323022461e+02
-1.1841876221e+03
-4.6974807739e+02
2.4208836365e+02
9.5176953125e+02
-1.1848386230e+03
-4.7042480469e+02
2.4138633728e+02
9.5104266357e+02
-1.1848386230e+03
-4.7042480469e+02
2.4138633728e+02
9.5104266357e+02
-1.1841876221e+03
-4.6974807739e+02
2.4208836365e+02
9.5176953125e+02
-1.1828874512e+03
-4.6839385986e+02
2.4349664307e+02
9.5323022461e+02
-1.1809294434e+03
-4.6635736084e+02
2.4561006165e+02
9.5541949463e+02
-1.1783228760e+03
-4.6363714600e+02
2.4844390869e+02
9.5836376953e+02
-1.1750402832e+03
-4.6022085571e+02
2.5198921204e+02
9.6203820801e+02
-1.1711091309e+03
-4.5610913086e+02
2.5628109741e+02
9.6650726318e+02
-1.1664576416e+03
-4.5127471924e+02
2.6128573608e+02
9.7168914795e+02
-1.1611312256e+03
-4.4571609497e+02
2.6705917358e+02
9.7769549561e+02
-1.1549678955e+03
-4.3937612915e+02
2.7353268433e+02
9.8432989502e+02
-1.1479135742e+03
-4.3219500732e+02
2.8072158813e+02
9.9162390137e+02
-1.1394799805e+03
-4.2393792725e+02
2.8843127441e+02
9.9909197998e+02
-1.1394799805e+03
-4.2393792725e+02
2.8843127441e+02
9.9909197998e+02
-1.1479135742e+03
-4.3219500732e+02
2.8072158813e+02
9.9162390137e+02
-1.1549678955e+03
-4.3937612915e+02
2.7353268433e+02
9.8432989502e+02
-1.1611312256e+03
-4.4571609497e+02
2.6705917358e+02
9.7769549561e+02
-1.1664576416e+03
-4.5127471924e+02
2.6128573608e+02
9.7168914795e+02
-1.1711091309e+03
-4.5610913086e+02
2.5628109741e+02
9.6650726318e+02
-1.1750402832e+03
-4.6022085571e+02
2.5198921204e+02
9.6203820801e+02
-1.1783228760e+03
-4.6363714600e+02
2.4844390869e+02
9.5836376953e+02
-1.1809294434e+03
-4.6635736084e+02
2.4561006165e+02
9.5541949463e+02
-1.1828874512e+03
-4.6839385986e+02
2.4349664307e+02
9.5323022461e+02
-1.1841876221e+03
-4.6974807739e+02
2.4208836365e+02
9.5176953125e+02
-1.1848386230e+03
-4.7042480469e+02
2.4138633728e+02
9.5104266357e+02
-1.1848386230e+03
-4.7042480469e+02
2.4138633728e+02
9.5104266357e+02
-1.1841876221e+03
-4.6974807739e+02
2.4208836365e+02
9.5176953125e+02
-1.1828874512e+03
-4.6839385986e+02
2.4349664307e+02
9.5323022461e+02
-1.1809294434e+03
-4.6635736084e+02
2.4561006165e+02
9.5541949463e+02
-1.1783228760e+03
-4.6363714600e+02
2.4844390869e+02
9.5836376953e+02
-1.1750402832e+03
-4.6022085571e+02
2.5198921204e+02
9.6203820801e+02
-1.1711091309e+03
-4.5610913086e+02
2.5628109741e+02
9.6650726318e+02
-1.1664576416e+03
-4.5127471924e+02
2.6128573608e+02
9.7168914795e+02
-1.1611312256e+03
-4.4571609497e+02
2.6705917358e+02
9.7769549561e+02
-1.1549678955e+03
-4.3937612915e+02
2.7353268433e+02
9.8432989502e+02
-1.1479135742e+03
-4.3219500732e+02
2.8072158813e+02
9.9162390137e+02
-1.1394799805e+03
-4.2393792725e+02
2.8843127441e+02
9.9909197998e+02
-1.1225183105e+03
-4.1945181274e+02
2.8082327271e+02
9.7989532471e+02
-1.1305330811e+03
-4.2719058228e+02
2.7359683228e+02
9.7275769043e+02
-1.1373898926e+03
-4.3404882812e+02
2.6679708862e+02
9.6582983398e+02
-1.1432293701e+03
-4.4011456299e+02
2.6050305176e+02
9.5928149414e+02
-1.1484733887e+03
-4.4549838257e+02
2.5500044250e+02
9.5360992432e+02
-1.1528834229e+03
-4.5014825439e+02
2.5009907532e+02
9.4847003174e+02
-1.1567396240e+03
-4.5413732910e+02
2.4598439026e+02
9.4421899414e+02
-1.1598762207e+03
-4.5743328857e+02
2.4252343750e+02
9.4060363770e+02
-1.1624172363e+03
-4.6007037354e+02
2.3979249573e+02
9.3777795410e+02
-1.1642978516e+03
-4.6203820801e+02
2.3773516846e+02
9.3563647461e+02
-1.1655611572e+03
-4.6335034180e+02
2.3637472534e+02
9.3422839355e+02
-1.1661877441e+03
-4.6400463867e+02
2.3569213867e+02
9.3351910400e+02
-1.1661877441e+03
-4.6400463867e+02
2.3569213867e+02
9.3351910400e+02
-1.1655611572e+03
-4.6335034180e+02
2.3637472534e+02
9.3422839355e+02
-1.1642978516e+03
-4.6203820801e+02
2.3773516846e+02
9.3563647461e+02
-1.1624172363e+03
-4.6007037354e+02
2.3979249573e+02
9.3777795410e+02
-1.1598762207e+03
-4.5743328857e+02
2.4252343750e+02
9.4060363770e+02
-1.1567396240e+03
-4.5413732910e+02
2.4598439026e+02
9.4421899414e+02
-1.1528834229e+03
-4.5014825439e+02
2.5009907532e+02
9.4847003174e+02
-1.1484733887e+03
-4.4549838257e+02
2.5500044250e+02
9.5360992432e+02
-1.1432293701e+03
-4.4011456299e+02
2.6050305176e+02
9.5928149414e+02
-1.1373898926e+03
-4.3404882812e+02
2.6679708862e+02
9.6582983398e+02
-1.1305330811e+03
-4.2719058228e+02
2.7359683228e+02
9.7275769043e+02
-1.1225183105e+03
-4.1945181274e+02
2.8082327271e+02
9.7989532471e+02
-1.0889093018e+03
-4.1060842896e+02
2.6594577026e+02
9.4194696045e+02
-1.0962266846e+03
-4.1737039185e+02
2.5972546387e+02
9.3562493896e+02
-1.1024237061e+03
-4.2353375244e+02
2.5348265076e+02
9.2901446533e+02
-1.1080351562e+03
-4.2917404175e+02
2.4781234741e+02
9.2319360352e+02
-1.1127138672e+03
-4.3412725830e+02
2.4255137634e+02
9.1759320068e+02
-1.1169859619e+03
-4.3850497437e+02
2.3809030151e+02
9.1300433350e+02
-1.1204693604e+03
-4.4220663452e+02
2.3415737915e+02
9.0884838867e+02
-1.1234659424e+03
-4.4530746460e+02
2.3096511841e+02
9.0555047607e+02
-1.1257951660e+03
-4.4776608276e+02
2.2837431335e+02
9.0283300781e+02
-1.1275740967e+03
-4.4961450195e+02
2.2646176147e+02
9.0085235596e+02
-1.1287404785e+03
-4.5084039307e+02
2.2517626953e+02
8.9950927734e+02
-1.1293308105e+03
-4.5145452881e+02
2.2453974915e+02
8.9884960938e+02
-1.1293308105e+03
-4.5145452881e+02
2.2453974915e+02
8.9884960938e+02
-1.1287404785e+03
-4.5084039307e+02
2.2517626953e+02
8.9950927734e+02
-1.1275740967e+03
-4.4961450195e+02
2.2646176147e+02
9.0085235596e+02
-1.1257951660e+03
-4.4776608276e+02
2.2837431335e+02
9.0283300781e+02
-1.1234659424e+03
-4.4530746460e+02
2.3096511841e+02
9.0555047607e+02
-1.1204693604e+03
-4.4220663452e+02
2.3415737915e+02
9.0884838867e+02
-1.1169859619e+03
-4.3850497437e+02
2.3809030151e+02
9.1300433350e+02
-1.1127138672e+03
-4.3412725830e+02
2.4255137634e+02
9.1759320068e+02
-1.1080351562e+03
-4.2917404175e+02
2.4781234741e+02
9.2319360352e+02
-1.1024237061e+03
-4.2353375244e+02
2.5348265076e+02
9.2901446533e+02
-1.0962266846e+03
-4.1737039185e+02
2.5972546387e+02
9.3562493896e+02
-1.0889093018e+03
-4.1060842896e+02
2.6594577026e+02
9.4194696045e+02
-1.0394642334e+03
-3.9730447388e+02
2.4411366272e+02
8.8640380859e+02
-1.0456226807e+03
-4.0264236450e+02
2.3920237732e+02
8.8096343994e+02
-1.0513137207e+03
-4.0792803955e+02
2.3404418945e+02
8.7539996338e+02
-1.0560006104e+03
-4.1280767822e+02
2.2883236694e+02
8.6975714111e+02
-1.0604938965e+03
-4.1729040527e+02
2.2433731079e+02
8.6512695312e+02
-1.0640838623e+03
-4.2115744019e+02
2.2013926697e+02
8.6061932373e+02
-1.0673796387e+03
-4.2452703857e+02
2.1670059204e+02
8.5708227539e+02
-1.0699708252e+03
-4.2729681396e+02
2.1373271179e+02
8.5393597412e+02
-1.0721269531e+03
-4.2952932739e+02
2.1142628479e+02
8.5155084229e+02
-1.0736928711e+03
-4.3118933105e+02
2.0966519165e+02
8.4969824219e+02
-1.0747609863e+03
-4.3230056763e+02
2.0851130676e+02
8.4850183105e+02
-1.0752843018e+03
-4.3285327148e+02
2.0792750549e+02
8.4788964844e+02
-1.0752843018e+03
-4.3285327148e+02
2.0792750549e+02
8.4788964844e+02
-1.0747609863e+03
-4.3230056763e+02
2.0851130676e+02
8.4850183105e+02
-1.0736928711e+03
-4.3118933105e+02
2.0966519165e+02
8.4969824219e+02
-1.0721269531e+03
-4.2952932739e+02
2.1142628479e+02
8.5155084229e+02
-1.0699708252e+03
-4.2729681396e+02
2.1373271179e+02
8.5393597412e+02
-1.0673796387e+03
-4.2452703857e+02
2.1670059204e+02
8.5708227539e+02
-1.0640838623e+03
-4.2115744019e+02
2.2013926697e+02
8.6061932373e+02
-1.0604938965e+03
-4.1729040527e+02
2.2433731079e+02
8.6512695312e+02
-1.0560006104e+03
-4.1280767822e+02
2.2883236694e+02
8.6975714111e+02
-1.0513137207e+03
-4.0792803955e+02
2.3404418945e+02
8.7539996338e+02
-1.0456226807e+03
-4.0264236450e+02
2.3920237732e+02
8.8096343994e+02
-1.0394642334e+03
-3.9730447388e+02
2.4411366272e+02
8.8640380859e+02
-9.7502825928e+02
-3.7993994141e+02
2.1629589844e+02
8.1443957520e+02
-9.8000030518e+02
-3.8359341431e+02
2.1315707397e+02
8.1045300293e+02
-9.8448126221e+02
-3.8766415405e+02
2.0892353821e+02
8.0534710693e+02
-9.8886029053e+02
-3.9183084106e+02
2.0486112976e+02
8.0108789062e+02
-9.9230236816e+02
-3.9555548096e+02
2.0073597717e+02
7.9647729492e+02
-9.9570617676e+02
-3.9896597290e+02
1.9734223938e+02
7.9299920654e+02
-9.9832995605e+02
-4.0183364868e+02
1.9420182800e+02
7.8958850098e+02
-1.0006975098e+03
-4.0427166748e+02
1.9171434021e+02
7.8701849365e+02
-1.0024797363e+03
-4.0619442749e+02
1.8964669800e+02
7.8480975342e+02
-1.0038761597e+03
-4.0765002441e+02
1.8814192200e+02
7.8324523926e+02
-1.0047749023e+03
-4.0861187744e+02
1.8711723328e+02
7.8215887451e+02
-1.0052371216e+03
-4.0909567261e+02
1.8661468506e+02
7.8163507080e+02
-1.0052371216e+03
-4.0909567261e+02
1.8661468506e+02
7.8163507080e+02
-1.0047749023e+03
-4.0861187744e+02
1.8711723328e+02
7.8215887451e+02
-1.0038761597e+03
-4.0765002441e+02
1.8814192200e+02
7.8324523926e+02
-1.0024797363e+03
-4.0619442749e+02
1.8964669800e+02
7.8480975342e+02
-1.0006975098e+03
-4.0427166748e+02
1.9171434021e+02
7.8701849365e+02
-9.9832995605e+02
-4.0183364868e+02
1.9420182800e+02
7.8958850098e+02
-9.9570617676e+02
-3.9896597290e+02
1.9734223938e+02
7.9299920654e+02
-9.9230236816e+02
-3.9555548096e+02
2.0073597717e+02
7.9647729492e+02
-9.8886029053e+02
-3.9183084106e+02
2.0486112976e+02
8.0108789062e+02
-9.8448126221e+02
-3.8766415405e+02
2.0892353821e+02
8.0534710693e+02
-9.8000030518e+02
-3.8359341431e+02
2.1315707397e+02
8.1045300293e+02
-9.7502825928e+02
-3.7993994141e+02
2.1629589844e+02
8.1443957520e+02
-8.9707135010e+02
-3.5826739502e+02
1.8293475342e+02
7.2815045166e+02
-9.0040216064e+02
-3.5994018555e+02
1.8154463196e+02
7.2529650879e+02
-9.0430993652e+02
-3.6282220459e+02
1.7887188721e+02
7.2179260254e+02
-9.0728320312e+02
-3.6590591431e+02
1.7532414246e+02
7.1757818604e+02
-9.1060412598e+02
-3.6900823975e+02
1.7233541870e+02
7.1448535156e+02
-9.1299871826e+02
-3.7169674683e+02
1.6923823547e+02
7.1100799561e+02
-9.1541955566e+02
-3.7411837769e+02
1.6680676270e+02
7.0852130127e+02
-9.1721038818e+02
-3.7609463501e+02
1.6460632324e+02
7.0612640381e+02
-9.1877539062e+02
-3.7771029663e+02
1.6293833923e+02
7.0440032959e+02
-9.1987500000e+02
-3.7890505981e+02
1.6163482666e+02
7.0300299072e+02
-9.2064569092e+02
-3.7971057129e+02
1.6079338074e+02
7.0212658691e+02
-9.2101531982e+02
-3.8010952759e+02
1.6036170959e+02
7.0166650391e+02
-9.2101531982e+02
-3.8010952759e+02
1.6036170959e+02
7.0166650391e+02
-9.2064569092e+02
-3.7971057129e+02
1.6079338074e+02
7.0212658691e+02
-9.1987500000e+02
-3.7890505981e+02
1.6163482666e+02
7.0300299072e+02
-9.1877539062e+02
-3.7771029663e+02
1.6293833923e+02
7.0440032959e+02
-9.1721038818e+02
-3.7609463501e+02
1.6460632324e+02
7.0612640381e+02
-9.1541955566e+02
-3.7411837769e+02
1.6680676270e+02
7.0852130127e+02
-9.1299871826e+02
-3.7169674683e+02
1.6923823547e+02
7.1100799561e+02
-9.1060412598e+02
-3.6900823975e+02
1.7233541870e+02
7.1448535156e+02
-9.0728320312e+02
-3.6590591431e+02
1.7532414246e+02
7.1757818604e+02
-9.0430993652e+02
-3.6282220459e+02
1.7887188721e+02
7.2179260254e+02
-9.0040216064e+02
-3.5994018555e+02
1.8154463196e+02
7.2529650879e+02
-8.9707135010e+02
-3.5826739502e+02
1.8293475342e+02
7.2815045166e+02
-8.0672161865e+02
-3.3299975586e+02
1.4552412415e+02
6.2902099609e+02
-8.0873815918e+02
-3.3274536133e+02
1.4627792358e+02
6.2796899414e+02
-8.1105249023e+02
-3.3419049072e+02
1.4456907654e+02
6.2473596191e+02
-8.1390136719e+02
-3.3651257324e+02
1.4254559326e+02
6.2245935059e+02
-8.1581408691e+02
-3.3870480347e+02
1.3986199951e+02
6.1911761475e+02
-8.1812243652e+02
-3.4090188599e+02
1.3780421448e+02
6.1702209473e+02
-8.1969702148e+02
-3.4273162842e+02
1.3567974854e+02
6.1458520508e+02
-8.2127398682e+02
-3.4433862305e+02
1.3407485962e+02
6.1292413330e+02
-8.2238623047e+02
-3.4559356689e+02
1.3267495728e+02
6.1137481689e+02
-8.2330511475e+02
-3.4655722046e+02
1.3168293762e+02
6.1033428955e+02
-8.2387481689e+02
-3.4718966675e+02
1.3099015808e+02
6.0957885742e+02
-8.2417749023e+02
-3.4751031494e+02
1.3065640259e+02
6.0922686768e+02
-8.2417749023e+02
-3.4751031494e+02
1.3065640259e+02
6.0922686768e+02
-8.2387481689e+02
-3.4718966675e+02
1.3099015808e+02
6.0957885742e+02
-8.2330511475e+02
-3.4655722046e+02
1.3168293762e+02
6.1033428955e+02
-8.2238623047e+02
-3.4559356689e+02
1.3267495728e+02
6.1137481689e+02
-8.2127398682e+02
-3.4433862305e+02
1.3407485962e+02
6.1292413330e+02
-8.1969702148e+02
-3.4273162842e+02
1.3567974854e+02
6.1458520508e+02
-8.1812243652e+02
-3.4090188599e+02
1.3780421448e+02
6.1702209473e+02
-8.1581408691e+02
-3.3870480347e+02
1.3986199951e+02
6.1911761475e+02
-8.1390136719e+02
-3.3651257324e+02
1.4254559326e+02
6.2245935059e+02
-8.1105249023e+02
-3.3419049072e+02
1.4456907654e+02
6.2473596191e+02
-8.0873815918e+02
-3.3274536133e+02
1.4627792358e+02
6.2796899414e+02
-8.0672161865e+02
-3.3299975586e+02
1.4552412415e+02
6.2902099609e+02
-7.0589276123e+02
-3.0367642212e+02
1.0432680511e+02
5.1978967285e+02
-7.0611614990e+02
-3.0133843994e+02
1.0672776031e+02
5.1970184326e+02
-7.0814117432e+02
-3.0160577393e+02
1.0677599335e+02
5.1850494385e+02
-7.0923675537e+02
-3.0273107910e+02
1.0500000763e+02
5.1580615234e+02
-7.1132019043e+02
-3.0433746338e+02
1.0365715027e+02
5.1442419434e+02
-7.1244427490e+02
-3.0575094604e+02
1.0176019287e+02
5.1209356689e+02
-7.1392639160e+02
-3.0714477539e+02
1.0041738892e+02
5.1075375366e+02
-7.1487219238e+02
-3.0826443481e+02
9.9058044434e+01
5.0920092773e+02
-7.1580487061e+02
-3.0921221924e+02
9.8082450867e+01
5.0819802856e+02
-7.1641168213e+02
-3.0990478516e+02
9.7280059814e+01
5.0730926514e+02
-7.1686511230e+02
-3.1037963867e+02
9.6778358459e+01
5.0678543091e+02
-7.1707220459e+02
-3.1061264038e+02
9.6513168335e+01
5.0649493408e+02
-7.1707220459e+02
-3.1061264038e+02
9.6513168335e+01
5.0649493408e+02
-7.1686511230e+02
-3.1037963867e+02
9.6778358459e+01
5.0678543091e+02
-7.1641168213e+02
-3.0990478516e+02
9.7280059814e+01
5.0730926514e+02
-7.1580487061e+02
-3.0921221924e+02
9.8082450867e+01
5.0819802856e+02
-7.1487219238e+02
-3.0826443481e+02
9.9058044434e+01
5.0920092773e+02
-7.1392639160e+02
-3.0714477539e+02
1.0041738892e+02
5.1075375366e+02
-7.1244427490e+02
-3.0575094604e+02
1.0176019287e+02
5.1209356689e+02
-7.1132019043e+02
-3.0433746338e+02
1.0365715027e+02
5.1442419434e+02
-7.0923675537e+02
-3.0273107910e+02
1.0500000763e+02
5.1580615234e+02
-7.0814117432e+02
-3.0160577393e+02
1.0677599335e+02
5.1850494385e+02
-7.0611614990e+02
-3.0133843994e+02
1.0672776031e+02
5.1970184326e+02
-7.0589276123e+02
-3.0367642212e+02
1.0432680511e+02
5.1978967285e+02
-5.9570581055e+02
-2.7139181519e+02
6.1270927429e+01
4.0172970581e+02
-5.9491888428e+02
-2.6743179321e+02
6.5780563354e+01
4.0349807739e+02
-5.9510247803e+02
-2.6638113403e+02
6.6440414429e+01
4.0194100952e+02
-5.9658569336e+02
-2.6697918701e+02
6.6433944702e+01
4.0166809082e+02
-5.9703656006e+02
-2.6772433472e+02
6.5115798950e+01
3.9950637817e+02
-5.9833270264e+02
-2.6878253174e+02
6.4348327637e+01
3.9875579834e+02
-5.9893542480e+02
-2.6963742065e+02
6.3207416534e+01
3.9727087402e+02
-5.9977728271e+02
-2.7046270752e+02
6.2450817108e+01
3.9648919678e+02
-6.0027124023e+02
-2.7109039307e+02
6.1697082520e+01
3.9558630371e+02
-6.0074700928e+02
-2.7159121704e+02
6.1198150635e+01
3.9505435181e+02
-6.0101312256e+02
-2.7191406250e+02
6.0826194763e+01
3.9462316895e+02
-6.0116796875e+02
-2.7208117676e+02
6.0654888153e+01
3.9443838501e+02
-6.0116796875e+02
-2.7208117676e+02
6.0654888153e+01
3.9443838501e+02
-6.0101312256e+02
-2.7191406250e+02
6.0826194763e+01
3.9462316895e+02
-6.0074700928e+02
-2.7159121704e+02
6.1198150635e+01
3.9505435181e+02
-6.0027124023e+02
-2.7109039307e+02
6.1697082520e+01
3.9558630371e+02
-5.9977728271e+02
-2.7046270752e+02
6.2450817108e+01
3.9648919678e+02
-5.9893542480e+02
-2.6963742065e+02
6.3207416534e+01
3.9727087402e+02
-5.9833270264e+02
-2.6878253174e+02
6.4348327637e+01
3.9875579834e+02
-5.9703656006e+02
-2.6772433472e+02
6.5115798950e+01
3.9950637817e+02
-5.9658569336e+02
-2.6697918701e+02
6.6433944702e+01
4.0166809082e+02
-5.9510247803e+02
-2.6638113403e+02
6.6440414429e+01
4.0194100952e+02
-5.9491888428e+02
-2.6743179321e+02
6.5780563354e+01
4.0349807739e+02
-5.9570581055e+02
-2.7139181519e+02
6.1270927429e+01
4.0172970581e+02
-4.7837176514e+02
-2.3540661621e+02
1.6121736526e+01
2.7804174805e+02
-4.7592440796e+02
-2.2967166138e+02
2.1576976776e+01
2.8014126587e+02
-4.7652346802e+02
-2.2776200867e+02
2.3946645737e+01
2.8105349731e+02
-4.7598455811e+02
-2.2723033142e+02
2.3544120789e+01
2.7949227905e+02
-4.7712792969e+02
-2.2760215759e+02
2.3600639343e+01
2.7964584351e+02
-4.7721972656e+02
-2.2795500183e+02
2.2691493988e+01
2.7828601074e+02
-4.7795532227e+02
-2.2849894714e+02
2.2253545761e+01
2.7793365479e+02
-4.7822705078e+02
-2.2891105652e+02
2.1595880508e+01
2.7710839844e+02
-4.7865530396e+02
-2.2930741882e+02
2.1196891785e+01
2.7672738647e+02
-4.7887023926e+02
-2.2958598328e+02
2.0813955307e+01
2.7627914429e+02
-4.7907095337e+02
-2.2978813171e+02
2.0595899582e+01
2.7605905151e+02
-4.7914886475e+02
-2.2988441467e+02
2.0470190048e+01
2.7591549683e+02
-4.7914886475e+02
-2.2988441467e+02
2.0470190048e+01
2.7591549683e+02
-4.7907095337e+02
-2.2978813171e+02
2.0595899582e+01
2.7605905151e+02
-4.7887023926e+02
-2.2958598328e+02
2.0813955307e+01
2.7627914429e+02
-4.7865530396e+02
-2.2930741882e+02
2.1196891785e+01
2.7672738647e+02
-4.7822705078e+02
-2.2891105652e+02
2.1595880508e+01
2.7710839844e+02
-4.7795532227e+02
-2.2849894714e+02
2.2253545761e+01
2.7793365479e+02
-4.7721972656e+02
-2.2795500183e+02
2.2691493988e+01
2.7828601074e+02
-4.7712792969e+02
-2.2760215759e+02
2.3600639343e+01
2.7964584351e+02
-4.7598455811e+02
-2.2723033142e+02
2.3544120789e+01
2.7949227905e+02
-4.7652346802e+02
-2.2776200867e+02
2.3946645737e+01
2.8105349731e+02
-4.7592440796e+02
-2.2967166138e+02
2.1576976776e+01
2.8014126587e+02
-4.7837176514e+02
-2.3540661621e+02
1.6121736526e+01
2.7804174805e+02
-3.5476477051e+02
-1.9726864624e+02
-2.8798130035e+01
1.4929127502e+02
-3.5204721069e+02
-1.9074406433e+02
-2.1517862320e+01
1.5313453674e+02
-3.5055245972e+02
-1.8794105530e+02
-1.9272800446e+01
1.5249519348e+02
-3.5125845337e+02
-1.8739143372e+02
-1.7690649033e+01
1.5388475037e+02
-3.5064508057e+02
-1.8713368225e+02
-1.8059947968e+01
1.5248089600e+02
-3.5128445435e+02
-1.8742105103e+02
-1.7875207901e+01
1.5273905945e+02
-3.5123095703e+02
-1.8760896301e+02
-1.8299270630e+01
1.5194865417e+02
-3.5158605957e+02
-1.8790054321e+02
-1.8437128067e+01
1.5181767273e+02
-3.5166891479e+02
-1.8809915161e+02
-1.8719306946e+01
1.5139363098e+02
-3.5185079956e+02
-1.8828318787e+02
-1.8859802246e+01
1.5123797607e+02
-3.5191580200e+02
-1.8839405823e+02
-1.8998109818e+01
1.5104760742e+02
-3.5197265625e+02
-1.8845596313e+02
-1.9051443100e+01
1.5098661804e+02
-3.5197265625e+02
-1.8845596313e+02
-1.9051443100e+01
1.5098661804e+02
-3.5191580200e+02
-1.8839405823e+02
-1.8998109818e+01
1.5104760742e+02
-3.5185079956e+02
-1.8828318787e+02
-1.8859802246e+01
1.5123797607e+02
-3.5166891479e+02
-1.8809915161e+02
-1.8719306946e+01
1.5139363098e+02
-3.5158605957e+02
-1.8790054321e+02
-1.8437128067e+01
1.5181767273e+02
-3.5123095703e+02
-1.8760896301e+02
-1.8299270630e+01
1.5194865417e+02
-3.5128445435e+02
-1.8742105103e+02
-1.7875207901e+01
1.5273905945e+02
-3.5064508057e+02
-1.8713368225e+02
-1.8059947968e+01
1.5248089600e+02
-3.5125845337e+02
-1.8739143372e+02
-1.7690649033e+01
1.5388475037e+02
-3.5055245972e+02
-1.8794105530e+02
-1.9272800446e+01
1.5249519348e+02
-3.5204721069e+02
-1.9074406433e+02
-2.1517862320e+01
1.5313453674e+02
-3.5476477051e+02
-1.9726864624e+02
-2.8798130035e+01
1.4929127502e+02
-2.2742973328e+02
-1.5596360779e+02
-7.4412574768e+01
1.9241308212e+01
-2.2329554749e+02
-1.4819670105e+02
-6.7499923706e+01
2.2300115585e+01
-2.2340838623e+02
-1.4506323242e+02
-6.3706325531e+01
2.4826591492e+01
-2.2179220581e+02
-1.4353742981e+02
-6.3554901123e+01
2.3637327194e+01
-2.2256546021e+02
-1.4322991943e+02
-6.2674457550e+01
2.4850593567e+01
-2.2211338806e+02
-1.4298107910e+02
-6.3058383942e+01
2.4056695938e+01
-2.2249272156e+02
-1.4305470276e+02
-6.2992908478e+01
2.4321432114e+01
-2.2242831421e+02
-1.4307507324e+02
-6.3262847900e+01
2.3940328598e+01
-2.2261039734e+02
-1.4316813660e+02
-6.3340435028e+01
2.3942251205e+01
-2.2263241577e+02
-1.4321936035e+02
-6.3488471985e+01
2.3765308380e+01
-2.2270947266e+02
-1.4327209473e+02
-6.3547397614e+01
2.3732299805e+01
-2.2272398376e+02
-1.4329351807e+02
-6.3594612122e+01
2.3679418564e+01
-2.2272398376e+02
-1.4329351807e+02
-6.3594612122e+01
2.3679418564e+01
-2.2270947266e+02
-1.4327209473e+02
-6.3547397614e+01
2.3732299805e+01
-2.2263241577e+02
-1.4321936035e+02
-6.3488471985e+01
2.3765308380e+01
-2.2261039734e+02
-1.4316813660e+02
-6.3340435028e+01
2.3942251205e+01
-2.2242831421e+02
-1.4307507324e+02
-6.3262847900e+01
2.3940328598e+01
-2.2249272156e+02
-1.4305470276e+02
-6.2992908478e+01
2.4321432114e+01
-2.2211338806e+02
-1.4298107910e+02
-6.3058383942e+01
2.4056695938e+01
-2.2256546021e+02
-1.4322991943e+02
-6.2674457550e+01
2.4850593567e+01
-2.2179220581e+02
-1.4353742981e+02
-6.3554901123e+01
2.3637327194e+01
-2.2340838623e+02
-1.4506323242e+02
-6.3706325531e+01
2.4826591492e+01
-2.2329554749e+02
-1.4819670105e+02
-6.7499923706e+01
2.2300115585e+01
-2.2742973328e+02
-1.5596360779e+02
-7.4412574768e+01
1.9241308212e+01
-9.6805023193e+01
-1.1347728729e+02
-1.1809212494e+02
-1.1271428680e+02
-9.3576850891e+01
-1.0620963287e+02
-1.0953982544e+02
-1.0790317535e+02
-9.1077758789e+01
-1.0282592010e+02
-1.0694379425e+02
-1.0885944366e+02
-9.1881187439e+01
-1.0202718353e+02
-1.0446634674e+02
-1.0639481354e+02
-9.0834526062e+01
-1.0146237946e+02
-1.0451247406e+02
-1.0767291260e+02
-9.1341445923e+01
-1.0154802704e+02
-1.0391698456e+02
-1.0696749115e+02
-9.1102394104e+01
-1.0154546356e+02
-1.0405026245e+02
-1.0749051666e+02
-9.1342132568e+01
-1.0168683624e+02
-1.0393264771e+02
-1.0734452057e+02
-9.1321022034e+01
-1.0176183319e+02
-1.0402243042e+02
-1.0756859589e+02
-9.1432228088e+01
-1.0185450745e+02
-1.0401784515e+02
-1.0756454468e+02
-9.1447792053e+01
-1.0190373993e+02
-1.0406190491e+02
-1.0765299988e+02
-9.1481079102e+01
-1.0193503571e+02
-1.0406793213e+02
-1.0766143799e+02
-9.1481079102e+01
-1.0193503571e+02
-1.0406793213e+02
-1.0766143799e+02
-9.1447792053e+01
-1.0190373993e+02
-1.0406190491e+02
-1.0765299988e+02
-9.1432228088e+01
-1.0185450745e+02
-1.0401784515e+02
-1.0756454468e+02
-9.1321022034e+01
-1.0176183319e+02
-1.0402243042e+02
-1.0756859589e+02
-9.1342132568e+01
-1.0168683624e+02
-1.0393264771e+02
-1.0734452057e+02
-9.1102394104e+01
-1.0154546356e+02
-1.0405026245e+02
-1.0749051666e+02
-9.1341445923e+01
-1.0154802704e+02
-1.0391698456e+02
-1.0696749115e+02
-9.0834526062e+01
-1.0146237946e+02
-1.0451247406e+02
-1.0767291260e+02
-9.1881187439e+01
-1.0202718353e+02
-1.0446634674e+02
-1.0639481354e+02
-9.1077758789e+01
-1.0282592010e+02
-1.0694379425e+02
-1.0885944366e+02
-9.3576850891e+01
-1.0620963287e+02
-1.0953982544e+02
-1.0790317535e+02
-9.6805023193e+01
-1.1347728729e+02
-1.1809212494e+02
-1.1271428680e+02
3.3924896240e+01
-6.8746200562e+01
-1.6128150940e+02
-2.4174858093e+02
3.8545692444e+01
-6.0667968750e+01
-1.5509297180e+02
-2.3942448425e+02
3.7633617401e+01
-5.7531818390e+01
-1.5101690674e+02
-2.3581147766e+02
3.9603149414e+01
-5.5851848602e+01
-1.5137493896e+02
-2.3760850525e+02
3.8514472961e+01
-5.5563346863e+01
-1.5046504211e+02
-2.3602061462e+02
3.8884693146e+01
-5.5297222137e+01
-1.5092521667e+02
-2.3676997375e+02
3.8371212006e+01
-5.5381210327e+01
-1.5088180542e+02
-2.3637702942e+02
3.8348022461e+01
-5.5410739899e+01
-1.5117662048e+02
-2.3669139099e+02
3.8088981628e+01
-5.5515933990e+01
-1.5126786804e+02
-2.3662522888e+02
3.8012283325e+01
-5.5577152252e+01
-1.5142468262e+02
-2.3675939941e+02
3.7898006439e+01
-5.5637382507e+01
-1.5148834229e+02
-2.3676222229e+02
3.7865192413e+01
-5.5662654877e+01
-1.5153759766e+02
-2.3680062866e+02
3.7865192413e+01
-5.5662654877e+01
-1.5153759766e+02
-2.3680062866e+02
3.7898006439e+01
-5.5637382507e+01
-1.5148834229e+02
-2.3676222229e+02
3.8012283325e+01
-5.5577152252e+01
-1.5142468262e+02
-2.3675939941e+02
3.8088981628e+01
-5.5515933990e+01
-1.5126786804e+02
-2.3662522888e+02
3.8348022461e+01
-5.5410739899e+01
-1.5117662048e+02
-2.3669139099e+02
3.8371212006e+01
-5.5381210327e+01
-1.5088180542e+02
-2.3637702942e+02
3.8884693146e+01
-5.5297222137e+01
-1.5092521667e+02
-2.3676997375e+02
3.8514472961e+01
-5.5563346863e+01
-1.5046504211e+02
-2.3602061462e+02
3.9603149414e+01
-5.5851848602e+01
-1.5137493896e+02
-2.3760850525e+02
3.7633617401e+01
-5.7531818390e+01
-1.5101690674e+02
-2.3581147766e+02
3.8545692444e+01
-6.0667968750e+01
-1.5509297180e+02
-2.3942448425e+02
3.3924896240e+01
-6.8746200562e+01
-1.6128150940e+02
-2.4174858093e+02
1.6506455994e+02
-2.3828149796e+01
-2.0155290222e+02
-3.7029220581e+02
1.6704675293e+02
-1.7962127686e+01
-1.9322422791e+02
-3.6554302979e+02
1.6993054199e+02
-1.5335140228e+01
-1.9170596313e+02
-3.6840704346e+02
1.6808274841e+02
-1.5317399025e+01
-1.8911215210e+02
-3.6556741333e+02
1.6882475281e+02
-1.5245183945e+01
-1.8947807312e+02
-3.6736981201e+02
1.6788937378e+02
-1.5769746780e+01
-1.8908027649e+02
-3.6687878418e+02
1.6780142212e+02
-1.6115348816e+01
-1.8940052795e+02
-3.6763165283e+02
1.6727540588e+02
-1.6537757874e+01
-1.8943672180e+02
-3.6764578247e+02
1.6706701660e+02
-1.6831834793e+01
-1.8964802551e+02
-3.6799404907e+02
1.6678399658e+02
-1.7085474014e+01
-1.8973756409e+02
-3.6808047485e+02
1.6665280151e+02
-1.7241075516e+01
-1.8984378052e+02
-3.6822735596e+02
1.6656211853e+02
-1.7325092316e+01
-1.8988163757e+02
-3.6826519775e+02
1.6656211853e+02
-1.7325092316e+01
-1.8988163757e+02
-3.6826519775e+02
1.6665280151e+02
-1.7241075516e+01
-1.8984378052e+02
-3.6822735596e+02
1.6678399658e+02
-1.7085474014e+01
-1.8973756409e+02
-3.6808047485e+02
1.6706701660e+02
-1.6831834793e+01
-1.8964802551e+02
-3.6799404907e+02
1.6727540588e+02
-1.6537757874e+01
-1.8943672180e+02
-3.6764578247e+02
1.6780142212e+02
-1.6115348816e+01
-1.8940052795e+02
-3.6763165283e+02
1.6788937378e+02
-1.5769746780e+01
-1.8908027649e+02
-3.6687878418e+02
1.6882475281e+02
-1.5245183945e+01
-1.8947807312e+02
-3.6736981201e+02
1.6808274841e+02
-1.5317399025e+01
-1.8911215210e+02
-3.6556741333e+02
1.6993054199e+02
-1.5335140228e+01
-1.9170596313e+02
-3.6840704346e+02
1.6704675293e+02
-1.7962127686e+01
-1.9322422791e+02
-3.6554302979e+02
1.6506455994e+02
-2.3828149796e+01
-2.0155290222e+02
-3.7029220581e+02
2.9205789185e+02
2.1562160492e+01
-2.3980097961e+02
-4.9130255127e+02
2.9622583008e+02
2.8385917664e+01
-2.3682861328e+02
-4.9175537109e+02
2.9304348755e+02
3.0340068817e+01
-2.3355268860e+02
-4.8728741455e+02
2.9460757446e+02
3.1376104355e+01
-2.3547280884e+02
-4.9060803223e+02
2.9258853149e+02
3.0989061356e+01
-2.3541186523e+02
-4.8943145752e+02
2.9225048828e+02
3.0704923630e+01
-2.3655995178e+02
-4.9064703369e+02
2.9112179565e+02
3.0148197174e+01
-2.3707031250e+02
-4.9061276245e+02
2.9059173584e+02
2.9721294403e+01
-2.3780250549e+02
-4.9122921753e+02
2.8993945312e+02
2.9298400879e+01
-2.3824386597e+02
-4.9141632080e+02
2.8956643677e+02
2.8996467590e+01
-2.3865499878e+02
-4.9173706055e+02
2.8925888062e+02
2.8776044846e+01
-2.3888897705e+02
-4.9186877441e+02
2.8912863159e+02
2.8670236588e+01
-2.3902180481e+02
-4.9197024536e+02
2.8912863159e+02
2.8670236588e+01
-2.3902180481e+02
-4.9197024536e+02
2.8925888062e+02
2.8776044846e+01
-2.3888897705e+02
-4.9186877441e+02
2.8956643677e+02
2.8996467590e+01
-2.3865499878e+02
-4.9173706055e+02
2.8993945312e+02
2.9298400879e+01
-2.3824386597e+02
-4.9141632080e+02
2.9059173584e+02
2.9721294403e+01
-2.3780250549e+02
-4.9122921753e+02
2.9112179565e+02
3.0148197174e+01
-2.3707031250e+02
-4.9061276245e+02
2.9225048828e+02
3.0704923630e+01
-2.3655995178e+02
-4.9064703369e+02
2.9258853149e+02
3.0989061356e+01
-2.3541186523e+02
-4.8943145752e+02
2.9460757446e+02
3.1376104355e+01
-2.3547280884e+02
-4.9060803223e+02
2.9304348755e+02
3.0340068817e+01
-2.3355268860e+02
-4.8728741455e+02
2.9622583008e+02
2.8385917664e+01
-2.3682861328e+02
-4.9175537109e+02
2.9205789185e+02
2.1562160492e+01
-2.3980097961e+02
-4.9130255127e+02
4.1688690186e+02
6.6674057007e+01
-2.7566439819e+02
-6.1058819580e+02
4.1563803101e+02
6.9006675720e+01
-2.6839733887e+02
-6.0620996094e+02
4.1862429810e+02
6.9648323059e+01
-2.6927993774e+02
-6.1277703857e+02
4.1499456787e+02
6.7934020996e+01
-2.6728939819e+02
-6.1030963135e+02
4.1471316528e+02
6.6763809204e+01
-2.6842416382e+02
-6.1307226562e+02
4.1287387085e+02
6.5228309631e+01
-2.6872885132e+02
-6.1337506104e+02
4.1201733398e+02
6.4051002502e+01
-2.6963812256e+02
-6.1479278564e+02
4.1086849976e+02
6.2964302063e+01
-2.7018402100e+02
-6.1536651611e+02
4.1014709473e+02
6.2147026062e+01
-2.7078857422e+02
-6.1613012695e+02
4.0948623657e+02
6.1509811401e+01
-2.7117880249e+02
-6.1653063965e+02
4.0909786987e+02
6.1100006104e+01
-2.7148107910e+02
-6.1687646484e+02
4.0888027954e+02
6.0890171051e+01
-2.7161834717e+02
-6.1701525879e+02
4.0888027954e+02
6.0890171051e+01
-2.7161834717e+02
-6.1701525879e+02
4.0909786987e+02
6.1100006104e+01
-2.7148107910e+02
-6.1687646484e+02
4.0948623657e+02
6.1509811401e+01
-2.7117880249e+02
-6.1653063965e+02
4.1014709473e+02
6.2147026062e+01
-2.7078857422e+02
-6.1613012695e+02
4.1086849976e+02
6.2964302063e+01
-2.7018402100e+02
-6.1536651611e+02
4.1201733398e+02
6.4051002502e+01
-2.6963812256e+02
-6.1479278564e+02
4.1287387085e+02
6.5228309631e+01
-2.6872885132e+02
-6.1337506104e+02
4.1471316528e+02
6.6763809204e+01
-2.6842416382e+02
-6.1307226562e+02
4.1499456787e+02
6.7934020996e+01
-2.6728939819e+02
-6.1030963135e+02
4.1862429810e+02
6.9648323059e+01
-2.6927993774e+02
-6.1277703857e+02
4.1563803101e+02
6.9006675720e+01
-2.6839733887e+02
-6.0620996094e+02
4.1688690186e+02
6.6674057007e+01
-2.7566439819e+02
-6.1058819580e+02
5.3184375000e+02
1.0862886047e+02
-3.0618167114e+02
-7.1615771484e+02
5.3555023193e+02
1.1335196686e+02
-3.0912573242e+02
-7.2194763184e+02
5.2864312744e+02
1.1328788757e+02
-3.0742468262e+02
-7.1628100586e+02
5.2904620361e+02
1.1312922668e+02
-3.1160540771e+02
-7.2153436279e+02
5.2571551514e+02
1.1164200592e+02
-3.1318643188e+02
-7.2150335693e+02
5.2417974854e+02
1.1039790344e+02
-3.1551791382e+02
-7.2356640625e+02
5.2206134033e+02
1.0903842926e+02
-3.1699484253e+02
-7.2424230957e+02
5.2068206787e+02
1.0793292236e+02
-3.1846170044e+02
-7.2538940430e+02
5.1938049316e+02
1.0697238922e+02
-3.1949227905e+02
-7.2602911377e+02
5.1851519775e+02
1.0626284027e+02
-3.2032968140e+02
-7.2667626953e+02
5.1788928223e+02
1.0577183533e+02
-3.2085076904e+02
-7.2703717041e+02
5.1759832764e+02
1.0552988434e+02
-3.2112469482e+02
-7.2725048828e+02
5.1759832764e+02
1.0552988434e+02
-3.2112469482e+02
-7.2725048828e+02
5.1788928223e+02
1.0577183533e+02
-3.2085076904e+02
-7.2703717041e+02
5.1851519775e+02
1.0626284027e+02
-3.2032968140e+02
-7.2667626953e+02
5.1938049316e+02
1.0697238922e+02
-3.1949227905e+02
-7.2602911377e+02
5.2068206787e+02
1.0793292236e+02
-3.1846170044e+02
-7.2538940430e+02
5.2206134033e+02
1.0903842926e+02
-3.1699484253e+02
-7.2424230957e+02
5.2417974854e+02
1.1039790344e+02
-3.1551791382e+02
-7.2356640625e+02
5.2571551514e+02
1.1164200592e+02
-3.1318643188e+02
-7.2150335693e+02
5.2904620361e+02
1.1312922668e+02
-3.1160540771e+02
-7.2153436279e+02
5.2864312744e+02
1.1328788757e+02
-3.0742468262e+02
-7.1628100586e+02
5.3555023193e+02
1.1335196686e+02
-3.0912573242e+02
-7.2194763184e+02
5.3184375000e+02
1.0862886047e+02
-3.0618167114e+02
-7.1615771484e+02
6.4359802246e+02
1.5191030884e+02
-3.3848294067e+02
-8.2173089600e+02
6.3673730469e+02
1.4878288269e+02
-3.3169741821e+02
-8.1634326172e+02
6.3999853516e+02
1.4653604126e+02
-3.3580813599e+02
-8.2826110840e+02
6.3438800049e+02
1.4242581177e+02
-3.3502642822e+02
-8.2702703857e+02
6.3248937988e+02
1.3944836426e+02
-3.3700595093e+02
-8.3073510742e+02
6.2941400146e+02
1.3653169250e+02
-3.3820147705e+02
-8.3203216553e+02
6.2748828125e+02
1.3421798706e+02
-3.3985385132e+02
-8.3425396729e+02
6.2551794434e+02
1.3223632812e+02
-3.4108364868e+02
-8.3558239746e+02
6.2411877441e+02
1.3071330261e+02
-3.4222128296e+02
-8.3691003418e+02
6.2296563721e+02
1.2956072998e+02
-3.4302447510e+02
-8.3774938965e+02
6.2224035645e+02
1.2880929565e+02
-3.4359555054e+02
-8.3837145996e+02
6.2185717773e+02
1.2843070984e+02
-3.4386923218e+02
-8.3865124512e+02
6.2185717773e+02
1.2843070984e+02
-3.4386923218e+02
-8.3865124512e+02
6.2224035645e+02
1.2880929565e+02
-3.4359555054e+02
-8.3837145996e+02
6.2296563721e+02
1.2956072998e+02
-3.4302447510e+02
-8.3774938965e+02
6.2411877441e+02
1.3071330261e+02
-3.4222128296e+02
-8.3691003418e+02
6.2551794434e+02
1.3223632812e+02
-3.4108364868e+02
-8.3558239746e+02
6.2748828125e+02
1.3421798706e+02
-3.3985385132e+02
-8.3425396729e+02
6.2941400146e+02
1.3653169250e+02
-3.3820147705e+02
-8.3203216553e+02
6.3248937988e+02
1.3944836426e+02
-3.3700595093e+02
-8.3073510742e+02
6.3438800049e+02
1.4242581177e+02
-3.3502642822e+02
-8.2702703857e+02
6.3999853516e+02
1.4653604126e+02
-3.3580813599e+02
-8.2826110840e+02
6.3673730469e+02
1.4878288269e+02
-3.3169741821e+02
-8.1634326172e+02
6.4359802246e+02
1.5191030884e+02
-3.3848294067e+02
-8.2173089600e+02
7.3625262451e+02
1.8428614807e+02
-3.5705068970e+02
-9.0300958252e+02
7.4138781738e+02
1.8735971069e+02
-3.6905841064e+02
-9.1794653320e+02
7.2973925781e+02
1.8509938049e+02
-3.6937377930e+02
-9.1019641113e+02
7.2812133789e+02
1.8360830688e+02
-3.7567370605e+02
-9.1652276611e+02
7.2338983154e+02
1.8101905823e+02
-3.7927499390e+02
-9.1790325928e+02
7.2041644287e+02
1.7870643616e+02
-3.8298489380e+02
-9.2086480713e+02
7.1710272217e+02
1.7644311523e+02
-3.8557067871e+02
-9.2228771973e+02
7.1462377930e+02
1.7455352783e+02
-3.8780868530e+02
-9.2385699463e+02
7.1245690918e+02
1.7297174072e+02
-3.8942797852e+02
-9.2481958008e+02
7.1091644287e+02
1.7178927612e+02
-3.9066656494e+02
-9.2565185547e+02
7.0984796143e+02
1.7098513794e+02
-3.9145166016e+02
-9.2613842773e+02
7.0933160400e+02
1.7058546448e+02
-3.9185208130e+02
-9.2640606689e+02
7.0933160400e+02
1.7058546448e+02
-3.9185208130e+02
-9.2640606689e+02
7.0984796143e+02
1.7098513794e+02
-3.9145166016e+02
-9.2613842773e+02
7.1091644287e+02
1.7178927612e+02
-3.9066656494e+02
-9.2565185547e+02
7.1245690918e+02
1.7297174072e+02
-3.8942797852e+02
-9.2481958008e+02
7.1462377930e+02
1.7455352783e+02
-3.8780868530e+02
-9.2385699463e+02
7.1710272217e+02
1.7644311523e+02
-3.8557067871e+02
-9.2228771973e+02
7.2041644287e+02
1.7870643616e+02
-3.8298489380e+02
-9.2086480713e+02
7.2338983154e+02
1.8101905823e+02
-3.7927499390e+02
-9.1790325928e+02
7.2812133789e+02
1.8360830688e+02
-3.7567370605e+02
-9.1652276611e+02
7.2973925781e+02
1.8509938049e+02
-3.6937377930e+02
-9.1019641113e+02
7.4138781738e+02
1.8735971069e+02
-3.6905841064e+02
-9.1794653320e+02
7.3625262451e+02
1.8428614807e+02
-3.5705068970e+02
-9.0300958252e+02
8.3034918213e+02
2.2529100037e+02
-3.9032254028e+02
-9.9454772949e+02
8.1481933594e+02
2.1510403442e+02
-3.8130203247e+02
-9.8379180908e+02
8.1860858154e+02
2.0951515198e+02
-3.8825006104e+02
-1.0014158325e+03
8.1158111572e+02
2.0281478882e+02
-3.8914053345e+02
-1.0024598389e+03
8.0755230713e+02
1.9770553589e+02
-3.9159219360e+02
-1.0064272461e+03
8.0281231689e+02
1.9327354431e+02
-3.9328637695e+02
-1.0079713135e+03
7.9942883301e+02
1.8976013184e+02
-3.9528265381e+02
-1.0102228394e+03
7.9641491699e+02
1.8688359070e+02
-3.9691616821e+02
-1.0117692871e+03
7.9420861816e+02
1.8467303467e+02
-3.9839346313e+02
-1.0132900391e+03
7.9251000977e+02
1.8303053284e+02
-3.9949581909e+02
-1.0143543701e+03
7.9142755127e+02
1.8195735168e+02
-4.0027172852e+02
-1.0151339722e+03
7.9087518311e+02
1.8142123413e+02
-4.0065484619e+02
-1.0155057373e+03
7.9087518311e+02
1.8142123413e+02
-4.0065484619e+02
-1.0155057373e+03
7.9142755127e+02
1.8195735168e+02
-4.0027172852e+02
-1.0151339722e+03
7.9251000977e+02
1.8303053284e+02
-3.9949581909e+02
-1.0143543701e+03
7.9420861816e+02
1.8467303467e+02
-3.9839346313e+02
-1.0132900391e+03
7.9641491699e+02
1.8688359070e+02
-3.9691616821e+02
-1.0117692871e+03
7.9942883301e+02
1.8976013184e+02
-3.9528265381e+02
-1.0102228394e+03
8.0281231689e+02
1.9327354431e+02
-3.9328637695e+02
-1.0079713135e+03
8.0755230713e+02
1.9770553589e+02
-3.9159219360e+02
-1.0064272461e+03
8.1158111572e+02
2.0281478882e+02
-3.8914053345e+02
-1.0024598389e+03
8.1860858154e+02
2.0951515198e+02
-3.8825006104e+02
-1.0014158325e+03
8.1481933594e+02
2.1510403442e+02
-3.8130203247e+02
-9.8379180908e+02
8.3034918213e+02
2.2529100037e+02
-3.9032254028e+02
-9.9454772949e+02
8.8882336426e+02
2.3956419373e+02
-3.8915078735e+02
-1.0403082275e+03
8.9984234619e+02
2.4300418091e+02
-4.1427621460e+02
-1.0704947510e+03
8.8332330322e+02
2.3910549927e+02
-4.1719775391e+02
-1.0599276123e+03
8.7797387695e+02
2.3644088745e+02
-4.2400152588e+02
-1.0637227783e+03
8.7145556641e+02
2.3320010376e+02
-4.2879458618e+02
-1.0648496094e+03
8.6685009766e+02
2.3009867859e+02
-4.3330972290e+02
-1.0676505127e+03
8.6224267578e+02
2.2709199524e+02
-4.3665750122e+02
-1.0692139893e+03
8.5845050049e+02
2.2445715332e+02
-4.3936972046e+02
-1.0706534424e+03
8.5514074707e+02
2.2222850037e+02
-4.4131631470e+02
-1.0714293213e+03
8.5262414551e+02
2.2051770020e+02
-4.4272406006e+02
-1.0719733887e+03
8.5086743164e+02
2.1934808350e+02
-4.4359970093e+02
-1.0722233887e+03
8.4998663330e+02
2.1875947571e+02
-4.4403225708e+02
-1.0723457031e+03
8.4998663330e+02
2.1875947571e+02
-4.4403225708e+02
-1.0723457031e+03
8.5086743164e+02
2.1934808350e+02
-4.4359970093e+02
-1.0722233887e+03
8.5262414551e+02
2.2051770020e+02
-4.4272406006e+02
-1.0719733887e+03
8.5514074707e+02
2.2222850037e+02
-4.4131631470e+02
-1.0714293213e+03
8.5845050049e+02
2.2445715332e+02
-4.3936972046e+02
-1.0706534424e+03
8.6224267578e+02
2.2709199524e+02
-4.3665750122e+02
-1.0692139893e+03
8.6685009766e+02
2.3009867859e+02
-4.3330972290e+02
-1.0676505127e+03
8.7145556641e+02
2.3320010376e+02
-4.2879458618e+02
-1.0648496094e+03
8.7797387695e+02
2.3644088745e+02
-4.2400152588e+02
-1.0637227783e+03
8.8332330322e+02
2.3910549927e+02
-4.1719775391e+02
-1.0599276123e+03
8.9984234619e+02
2.4300418091e+02
-4.1427621460e+02
-1.0704947510e+03
8.8882336426e+02
2.3956419373e+02
-3.8915078735e+02
-1.0403082275e+03
9.6741357422e+02
2.8183630371e+02
-4.3408020020e+02
-1.1258955078e+03
9.4196624756e+02
2.6474822998e+02
-4.1890951538e+02
-1.1036428223e+03
9.4610894775e+02
2.5618972778e+02
-4.2602270508e+02
-1.1238238525e+03
9.3891900635e+02
2.4726257324e+02
-4.2883706665e+02
-1.1283273926e+03
9.3144573975e+02
2.3944969177e+02
-4.3131887817e+02
-1.1312500000e+03
9.2248046875e+02
2.3266296387e+02
-4.3251620483e+02
-1.1302534180e+03
9.1446459961e+02
2.2707397461e+02
-4.3343218994e+02
-1.1287371826e+03
9.0730596924e+02
2.2254924011e+02
-4.3393954468e+02
-1.1265622559e+03
9.0158502197e+02
2.1906143188e+02
-4.3432788086e+02
-1.1246685791e+03
8.9723175049e+02
2.1650868225e+02
-4.3455908203e+02
-1.1230468750e+03
8.9435968018e+02
2.1484696960e+02
-4.3471679688e+02
-1.1219556885e+03
8.9291815186e+02
2.1402502441e+02
-4.3478695679e+02
-1.1213846436e+03
8.9291815186e+02
2.1402502441e+02
-4.3478695679e+02
-1.1213846436e+03
8.9435968018e+02
2.1484696960e+02
-4.3471679688e+02
-1.1219556885e+03
8.9723175049e+02
2.1650868225e+02
-4.3455908203e+02
-1.1230468750e+03
9.0158502197e+02
2.1906143188e+02
-4.3432788086e+02
-1.1246685791e+03
9.0730596924e+02
2.2254924011e+02
-4.3393954468e+02
-1.1265622559e+03
9.1446459961e+02
2.2707397461e+02
-4.3343218994e+02
-1.1287371826e+03
9.2248046875e+02
2.3266296387e+02
-4.3251620483e+02
-1.1302534180e+03
9.3144573975e+02
2.3944969177e+02
-4.3131887817e+02
-1.1312500000e+03
9.3891900635e+02
2.4726257324e+02
-4.2883706665e+02
-1.1283273926e+03
9.4610894775e+02
2.5618972778e+02
-4.2602270508e+02
-1.1238238525e+03
9.4196624756e+02
2.6474822998e+02
-4.1890951538e+02
-1.1036428223e+03
9.6741357422e+02
2.8183630371e+02
-4.3408020020e+02
-1.1258955078e+03
9.9874249268e+02
2.7541882324e+02
-4.0297338867e+02
-1.1353697510e+03
1.0139334106e+03
2.7844088745e+02
-4.4433056641e+02
-1.1848629150e+03
9.8640209961e+02
2.7011807251e+02
-4.5176385498e+02
-1.1704461670e+03
9.6673889160e+02
2.6291195679e+02
-4.5562030029e+02
-1.1608023682e+03
9.5123254395e+02
2.5753439331e+02
-4.5764291382e+02
-1.1518873291e+03
9.4151940918e+02
2.5369274902e+02
-4.5959478760e+02
-1.1474655762e+03
9.3532299805e+02
2.5103927612e+02
-4.6133364868e+02
-1.1452531738e+03
9.3190411377e+02
2.4928338623e+02
-4.6304293823e+02
-1.1449975586e+03
9.3009448242e+02
2.4814295959e+02
-4.6450985718e+02
-1.1455627441e+03
9.2932092285e+02
2.4744731140e+02
-4.6571520996e+02
-1.1465264893e+03
9.2903802490e+02
2.4705088806e+02
-4.6654821777e+02
-1.1473666992e+03
9.2897595215e+02
2.4687474060e+02
-4.6698114014e+02
-1.1478623047e+03
9.2897595215e+02
2.4687474060e+02
-4.6698114014e+02
-1.1478623047e+03
9.2903802490e+02
2.4705088806e+02
-4.6654821777e+02
-1.1473666992e+03
9.2932092285e+02
2.4744731140e+02
-4.6571520996e+02
-1.1465264893e+03
9.3009448242e+02
2.4814295959e+02
-4.6450985718e+02
-1.1455627441e+03
9.3190411377e+02
2.4928338623e+02
-4.6304293823e+02
-1.1449975586e+03
9.3532299805e+02
2.5103927612e+02
-4.6133364868e+02
-1.1452531738e+03
9.4151940918e+02
2.5369274902e+02
-4.5959478760e+02
-1.1474655762e+03
9.5123254395e+02
2.5753439331e+02
-4.5764291382e+02
-1.1518873291e+03
9.6673889160e+02
2.6291195679e+02
-4.5562030029e+02
-1.1608023682e+03
9.8640209961e+02
2.7011807251e+02
-4.5176385498e+02
-1.1704461670e+03
1.0139334106e+03
2.7844088745e+02
-4.4433056641e+02
-1.1848629150e+03
9.9874249268e+02
2.7541882324e+02
-4.0297338867e+02
-1.1353697510e+03
8.2842437744e+02
2.2422676086e+02
-4.2072885132e+02
-1.0299921875e+03
8.2897540283e+02
2.2024157715e+02
-4.0944934082e+02
-1.0227728271e+03
8.6992602539e+02
2.2805484009e+02
-4.1826040649e+02
-1.0643251953e+03
9.1160443115e+02
2.3905604553e+02
-4.3051248169e+02
-1.1072980957e+03
9.5025781250e+02
2.4958970642e+02
-4.4319720459e+02
-1.1482482910e+03
9.8288391113e+02
2.5877713013e+02
-4.5445880127e+02
-1.1830805664e+03
1.0099122314e+03
2.6645822144e+02
-4.6416336060e+02
-1.2122479248e+03
1.0313988037e+03
2.7263433838e+02
-4.7206930542e+02
-1.2355584717e+03
1.0479509277e+03
2.7741336060e+02
-4.7828866577e+02
-1.2536307373e+03
1.0599362793e+03
2.8088848877e+02
-4.8285040283e+02
-1.2667625732e+03
1.0677379150e+03
2.8315548706e+02
-4.8585275269e+02
-1.2753410645e+03
1.0715751953e+03
2.8427194214e+02
-4.8733651733e+02
-1.2795661621e+03
1.0715751953e+03
2.8427194214e+02
-4.8733651733e+02
-1.2795661621e+03
1.0677379150e+03
2.8315548706e+02
-4.8585275269e+02
-1.2753410645e+03
1.0599362793e+03
2.8088848877e+02
-4.8285040283e+02
-1.2667625732e+03
1.0479509277e+03
2.7741336060e+02
-4.7828866577e+02
-1.2536307373e+03
1.0313988037e+03
2.7263433838e+02
-4.7206930542e+02
-1.2355584717e+03
1.0099122314e+03
2.6645822144e+02
-4.6416336060e+02
-1.2122479248e+03
9.8288391113e+02
2.5877713013e+02
-4.5445880127e+02
-1.1830805664e+03
9.5025781250e+02
2.4958970642e+02
-4.4319720459e+02
-1.1482482910e+03
9.1160443115e+02
2.3905604553e+02
-4.3051248169e+02
-1.1072980957e+03
8.6992602539e+02
2.2805484009e+02
-4.1826040649e+02
-1.0643251953e+03
8.2897540283e+02
2.2024157715e+02
-4.0944934082e+02
-1.0227728271e+03
8.2842437744e+02
2.2422676086e+02
-4.2072885132e+02
-1.0299921875e+03
