-8.1899093628e+01
-1.2529219055e+02
-1.1348703766e+02
-3.1422717285e+02
-1.9413961792e+02
-1.7803533554e+01
-2.3156732559e+01
2.3420892715e+01
-8.0555427551e+01
-1.2094576263e+02
-1.1838724518e+02
-3.2189227295e+02
-2.0332167053e+02
-2.3493848801e+01
-2.3959312439e+01
2.1200210571e+01
-7.9662780762e+01
-1.2181843567e+02
-1.1765203094e+02
-3.2033914185e+02
-2.0302247620e+02
-2.4080846786e+01
-2.5129961014e+01
2.1000835419e+01
-7.9973426819e+01
-1.2112767029e+02
-1.1709864807e+02
-3.1910412598e+02
-2.0287710571e+02
-2.4173158646e+01
-2.5156589508e+01
2.0752571106e+01
-7.9477943420e+01
-1.2097664642e+02
-1.1631452942e+02
-3.1797470093e+02
-2.0247306824e+02
-2.3960508347e+01
-2.5156921387e+01
2.1197990417e+01
-7.9623779297e+01
-1.2066464996e+02
-1.1601029205e+02
-3.1738708496e+02
-2.0228790283e+02
-2.3888921738e+01
-2.5021419525e+01
2.1179857254e+01
-7.9623779297e+01
-1.2066464996e+02
-1.1601029205e+02
-3.1738708496e+02
-2.0228790283e+02
-2.3888921738e+01
-2.5021419525e+01
2.1179857254e+01
-7.9477943420e+01
-1.2097664642e+02
-1.1631452942e+02
-3.1797470093e+02
-2.0247306824e+02
-2.3960508347e+01
-2.5156921387e+01
2.1197990417e+01
-7.9973426819e+01
-1.2112767029e+02
-1.1709864807e+02
-3.1910412598e+02
-2.0287710571e+02
-2.4173158646e+01
-2.5156589508e+01
2.0752571106e+01
-7.9662780762e+01
-1.2181843567e+02
-1.1765203094e+02
-3.2033914185e+02
-2.0302247620e+02
-2.4080846786e+01
-2.5129961014e+01
2.1000835419e+01
-8.0555427551e+01
-1.2094576263e+02
-1.1838724518e+02
-3.2189227295e+02
-2.0332167053e+02
-2.3493848801e+01
-2.3959312439e+01
2.1200210571e+01
-8.1899093628e+01
-1.2529219055e+02
-1.1348703766e+02
-3.1422717285e+02
-1.9413961792e+02
-1.7803533554e+01
-2.3156732559e+01
2.3420892715e+01
-2.6664541626e+02
-2.2580012512e+02
-2.3939974976e+02
-5.0492755890e+01
-6.0824550629e+01
-8.9523330688e+01
1.4178647995e+01
5.9219623566e+01
-2.6507543945e+02
-2.2460052490e+02
-2.3428276062e+02
-4.8020351410e+01
-5.8491870880e+01
-8.7930740356e+01
1.3434405327e+01
5.8609058380e+01
-2.6506546021e+02
-2.2324450684e+02
-2.3452960205e+02
-4.9253818512e+01
-5.9246242523e+01
-8.8207099915e+01
1.3468596458e+01
5.7716182709e+01
-2.6463265991e+02
-2.2340570068e+02
-2.3438740540e+02
-4.9600368500e+01
-5.9122055054e+01
-8.8105712891e+01
1.3423398972e+01
5.7615894318e+01
-2.6475210571e+02
-2.2330844116e+02
-2.3447988892e+02
-4.9923545837e+01
-5.9112472534e+01
-8.8075141907e+01
1.3496117592e+01
5.7428211212e+01
-2.6468984985e+02
-2.2335459900e+02
-2.3444287109e+02
-5.0054340363e+01
-5.9059890747e+01
-8.8003593445e+01
1.3526833534e+01
5.7414577484e+01
-2.6468984985e+02
-2.2335459900e+02
-2.3444287109e+02
-5.0054340363e+01
-5.9059890747e+01
-8.8003593445e+01
1.3526833534e+01
5.7414577484e+01
-2.6475210571e+02
-2.2330844116e+02
-2.3447988892e+02
-4.9923545837e+01
-5.9112472534e+01
-8.8075141907e+01
1.3496117592e+01
5.7428211212e+01
-2.6463265991e+02
-2.2340570068e+02
-2.3438740540e+02
-4.9600368500e+01
-5.9122055054e+01
-8.8105712891e+01
1.3423398972e+01
5.7615894318e+01
-2.6506546021e+02
-2.2324450684e+02
-2.3452960205e+02
-4.9253818512e+01
-5.9246242523e+01
-8.8207099915e+01
1.3468596458e+01
5.7716182709e+01
-2.6507543945e+02
-2.2460052490e+02
-2.3428276062e+02
-4.8020351410e+01
-5.8491870880e+01
-8.7930740356e+01
1.3434405327e+01
5.8609058380e+01
-2.6664541626e+02
-2.2580012512e+02
-2.3939974976e+02
-5.0492755890e+01
-6.0824550629e+01
-8.9523330688e+01
1.4178647995e+01
5.9219623566e+01
-3.6801800537e+02
-3.0294500732e+02
-1.7218307495e+02
-2.0307659912e+02
-9.2855110168e+01
2.8796144485e+01
6.2017604828e+01
1.5389465332e+02
-3.6859979248e+02
-3.0087478638e+02
-1.7101783752e+02
-1.9742182922e+02
-8.7259277344e+01
3.2551757812e+01
6.5635452271e+01
1.5515316772e+02
-3.6833218384e+02
-3.0012341309e+02
-1.6824900818e+02
-1.9411010742e+02
-8.4309989929e+01
3.5047050476e+01
6.6992240906e+01
1.5577200317e+02
-3.6844122314e+02
-2.9927221680e+02
-1.6738630676e+02
-1.9272521973e+02
-8.3164665222e+01
3.5968162537e+01
6.7576644897e+01
1.5569595337e+02
-3.6839846802e+02
-2.9901095581e+02
-1.6688444519e+02
-1.9197943115e+02
-8.2565925598e+01
3.6474205017e+01
6.7796897888e+01
1.5558056641e+02
-3.6842483521e+02
-2.9888330078e+02
-1.6675131226e+02
-1.9168119812e+02
-8.2338279724e+01
3.6644809723e+01
6.7859207153e+01
1.5549920654e+02
-3.6842483521e+02
-2.9888330078e+02
-1.6675131226e+02
-1.9168119812e+02
-8.2338279724e+01
3.6644809723e+01
6.7859207153e+01
1.5549920654e+02
-3.6839846802e+02
-2.9901095581e+02
-1.6688444519e+02
-1.9197943115e+02
-8.2565925598e+01
3.6474205017e+01
6.7796897888e+01
1.5558056641e+02
-3.6844122314e+02
-2.9927221680e+02
-1.6738630676e+02
-1.9272521973e+02
-8.3164665222e+01
3.5968162537e+01
6.7576644897e+01
1.5569595337e+02
-3.6833218384e+02
-3.0012341309e+02
-1.6824900818e+02
-1.9411010742e+02
-8.4309989929e+01
3.5047050476e+01
6.6992240906e+01
1.5577200317e+02
-3.6859979248e+02
-3.0087478638e+02
-1.7101783752e+02
-1.9742182922e+02
-8.7259277344e+01
3.2551757812e+01
6.5635452271e+01
1.5515316772e+02
-3.6801800537e+02
-3.0294500732e+02
-1.7218307495e+02
-2.0307659912e+02
-9.2855110168e+01
2.8796144485e+01
6.2017604828e+01
1.5389465332e+02
-4.6458856201e+02
-3.5972174072e+02
-3.1481048584e+02
-1.3778913879e+02
-5.7356006622e+01
2.2000568390e+01
1.6797612000e+02
2.7167022705e+02
-4.6256671143e+02
-3.5784191895e+02
-3.1230126953e+02
-1.3954116821e+02
-5.8781433105e+01
2.3172414780e+01
1.6948464966e+02
2.7293991089e+02
-4.6246524048e+02
-3.5657583618e+02
-3.1151040649e+02
-1.3827804565e+02
-5.7250114441e+01
2.4407276154e+01
1.7068180847e+02
2.7319235229e+02
-4.6219415283e+02
-3.5604052734e+02
-3.1013793945e+02
-1.3696948242e+02
-5.5852725983e+01
2.5680952072e+01
1.7147299194e+02
2.7363671875e+02
-4.6210751343e+02
-3.5556176758e+02
-3.0939556885e+02
-1.3614779663e+02
-5.4994468689e+01
2.6338115692e+01
1.7195927429e+02
2.7389263916e+02
-4.6204617310e+02
-3.5535467529e+02
-3.0897821045e+02
-1.3576190186e+02
-5.4600704193e+01
2.6677457809e+01
1.7218931580e+02
2.7401406860e+02
-4.6204617310e+02
-3.5535467529e+02
-3.0897821045e+02
-1.3576190186e+02
-5.4600704193e+01
2.6677457809e+01
1.7218931580e+02
2.7401406860e+02
-4.6210751343e+02
-3.5556176758e+02
-3.0939556885e+02
-1.3614779663e+02
-5.4994468689e+01
2.6338115692e+01
1.7195927429e+02
2.7389263916e+02
-4.6219415283e+02
-3.5604052734e+02
-3.1013793945e+02
-1.3696948242e+02
-5.5852725983e+01
2.5680952072e+01
1.7147299194e+02
2.7363671875e+02
-4.6246524048e+02
-3.5657583618e+02
-3.1151040649e+02
-1.3827804565e+02
-5.7250114441e+01
2.4407276154e+01
1.7068180847e+02
2.7319235229e+02
-4.6256671143e+02
-3.5784191895e+02
-3.1230126953e+02
-1.3954116821e+02
-5.8781433105e+01
2.3172414780e+01
1.6948464966e+02
2.7293991089e+02
-4.6458856201e+02
-3.5972174072e+02
-3.1481048584e+02
-1.3778913879e+02
-5.7356006622e+01
2.2000568390e+01
1.6797612000e+02
2.7167022705e+02
-5.7132189941e+02
-4.5944165039e+02
-2.8401052856e+02
-2.0623980713e+02
-5.3511550903e+01
1.0266701508e+02
2.1710023499e+02
3.7197015381e+02
-5.7100036621e+02
-4.5717575073e+02
-2.8179571533e+02
-2.0001635742e+02
-4.7655338287e+01
1.0564754486e+02
2.1932774353e+02
3.7265505981e+02
-5.7042065430e+02
-4.5621774292e+02
-2.7993145752e+02
-1.9879809570e+02
-4.6554763794e+01
1.0718721008e+02
2.2027809143e+02
3.7304757690e+02
-5.7025054932e+02
-4.5560754395e+02
-2.7951501465e+02
-1.9800384521e+02
-4.5746421814e+01
1.0778263855e+02
2.2078358459e+02
3.7312460327e+02
-5.7015429688e+02
-4.5536047363e+02
-2.7915051270e+02
-1.9756312561e+02
-4.5280551910e+01
1.0827432251e+02
2.2109036255e+02
3.7315878296e+02
-5.7011871338e+02
-4.5523828125e+02
-2.7903854370e+02
-1.9733277893e+02
-4.5029045105e+01
1.0847613525e+02
2.2122755432e+02
3.7317971802e+02
-5.7011871338e+02
-4.5523828125e+02
-2.7903854370e+02
-1.9733277893e+02
-4.5029045105e+01
1.0847613525e+02
2.2122755432e+02
3.7317971802e+02
-5.7015429688e+02
-4.5536047363e+02
-2.7915051270e+02
-1.9756312561e+02
-4.5280551910e+01
1.0827432251e+02
2.2109036255e+02
3.7315878296e+02
-5.7025054932e+02
-4.5560754395e+02
-2.7951501465e+02
-1.9800384521e+02
-4.5746421814e+01
1.0778263855e+02
2.2078358459e+02
3.7312460327e+02
-5.7042065430e+02
-4.5621774292e+02
-2.7993145752e+02
-1.9879809570e+02
-4.6554763794e+01
1.0718721008e+02
2.2027809143e+02
3.7304757690e+02
-5.7100036621e+02
-4.5717575073e+02
-2.8179571533e+02
-2.0001635742e+02
-4.7655338287e+01
1.0564754486e+02
2.1932774353e+02
3.7265505981e+02
-5.7132189941e+02
-4.5944165039e+02
-2.8401052856e+02
-2.0623980713e+02
-5.3511550903e+01
1.0266701508e+02
2.1710023499e+02
3.7197015381e+02
-6.7684637451e+02
-5.0376519775e+02
-3.8227270508e+02
-1.8078675842e+02
-3.0339849472e+01
1.2332949829e+02
3.1039801025e+02
4.7077526855e+02
-6.7599420166e+02
-5.0239694214e+02
-3.8029141235e+02
-1.8195684814e+02
-3.1166183472e+01
1.2490895081e+02
3.1207919312e+02
4.7168475342e+02
-6.7610095215e+02
-5.0147894287e+02
-3.7915887451e+02
-1.7965550232e+02
-2.8828514099e+01
1.2630895233e+02
3.1311737061e+02
4.7186621094e+02
-6.7597979736e+02
-5.0097872925e+02
-3.7794757080e+02
-1.7856033325e+02
-2.7777765274e+01
1.2737145233e+02
3.1369845581e+02
4.7206686401e+02
-6.7594506836e+02
-5.0064321899e+02
-3.7742028809e+02
-1.7787748718e+02
-2.7130559921e+01
1.2781220245e+02
3.1399542236e+02
4.7212832642e+02
-6.7592132568e+02
-5.0051144409e+02
-3.7713027954e+02
-1.7761399841e+02
-2.6891042709e+01
1.2803935242e+02
3.1412051392e+02
4.7215377808e+02
-6.7592132568e+02
-5.0051144409e+02
-3.7713027954e+02
-1.7761399841e+02
-2.6891042709e+01
1.2803935242e+02
3.1412051392e+02
4.7215377808e+02
-6.7594506836e+02
-5.0064321899e+02
-3.7742028809e+02
-1.7787748718e+02
-2.7130559921e+01
1.2781220245e+02
3.1399542236e+02
4.7212832642e+02
-6.7597979736e+02
-5.0097872925e+02
-3.7794757080e+02
-1.7856033325e+02
-2.7777765274e+01
1.2737145233e+02
3.1369845581e+02
4.7206686401e+02
-6.7610095215e+02
-5.0147894287e+02
-3.7915887451e+02
-1.7965550232e+02
-2.8828514099e+01
1.2630895233e+02
3.1311737061e+02
4.7186621094e+02
-6.7599420166e+02
-5.0239694214e+02
-3.8029141235e+02
-1.8195684814e+02
-3.1166183472e+01
1.2490895081e+02
3.1207919312e+02
4.7168475342e+02
-6.7684637451e+02
-5.0376519775e+02
-3.8227270508e+02
-1.8078675842e+02
-3.0339849472e+01
1.2332949829e+02
3.1039801025e+02
4.7077526855e+02
-7.7141229248e+02
-6.0258245850e+02
-3.8367147827e+02
-2.2254185486e+02
-1.9602922440e+01
1.8358813477e+02
3.6757876587e+02
5.7772991943e+02
-7.7090631104e+02
-6.0077868652e+02
-3.8208953857e+02
-2.1816459656e+02
-1.5450273514e+01
1.8557290649e+02
3.6927624512e+02
5.7837133789e+02
-7.7066174316e+02
-6.0003735352e+02
-3.8086734009e+02
-2.1790724182e+02
-1.5138939857e+01
1.8669015503e+02
3.7002462769e+02
5.7852142334e+02
-7.7067541504e+02
-5.9964733887e+02
-3.8048516846e+02
-2.1706179810e+02
-1.4224352837e+01
1.8724101257e+02
3.7043878174e+02
5.7855181885e+02
-7.7068865967e+02
-5.9944317627e+02
-3.8009573364e+02
-2.1666339111e+02
-1.3781292915e+01
1.8770368958e+02
3.7069940186e+02
5.7857598877e+02
-7.7070007324e+02
-5.9934112549e+02
-3.7996511841e+02
-2.1642106628e+02
-1.3513875008e+01
1.8788401794e+02
3.7081469727e+02
5.7858367920e+02
-7.7070007324e+02
-5.9934112549e+02
-3.7996511841e+02
-2.1642106628e+02
-1.3513875008e+01
1.8788401794e+02
3.7081469727e+02
5.7858367920e+02
-7.7068865967e+02
-5.9944317627e+02
-3.8009573364e+02
-2.1666339111e+02
-1.3781292915e+01
1.8770368958e+02
3.7069940186e+02
5.7857598877e+02
-7.7067541504e+02
-5.9964733887e+02
-3.8048516846e+02
-2.1706179810e+02
-1.4224352837e+01
1.8724101257e+02
3.7043878174e+02
5.7855181885e+02
-7.7066174316e+02
-6.0003735352e+02
-3.8086734009e+02
-2.1790724182e+02
-1.5138939857e+01
1.8669015503e+02
3.7002462769e+02
5.7852142334e+02
-7.7090631104e+02
-6.0077868652e+02
-3.8208953857e+02
-2.1816459656e+02
-1.5450273514e+01
1.8557290649e+02
3.6927624512e+02
5.7837133789e+02
-7.7141229248e+02
-6.0258245850e+02
-3.8367147827e+02
-2.2254185486e+02
-1.9602922440e+01
1.8358813477e+02
3.6757876587e+02
5.7772991943e+02
-8.7849011230e+02
-6.4883160400e+02
-4.5638580322e+02
-2.1533830261e+02
-1.9664876461e+00
2.1594345093e+02
4.5105432129e+02
6.7129852295e+02
-8.7804235840e+02
-6.4762756348e+02
-4.5449755859e+02
-2.1549159241e+02
-1.9250146151e+00
2.1762759399e+02
4.5253247070e+02
6.7190521240e+02
-8.7814306641e+02
-6.4696527100e+02
-4.5348236084e+02
-2.1326702881e+02
2.4717739224e-01
2.1878381348e+02
4.5331442261e+02
6.7200640869e+02
-8.7811395264e+02
-6.4662274170e+02
-4.5266583252e+02
-2.1266293335e+02
8.0507308245e-01
2.1951902771e+02
4.5369415283e+02
6.7204992676e+02
-8.7815771484e+02
-6.4645037842e+02
-4.5237207031e+02
-2.1216702271e+02
1.2720752954e+00
2.1980116272e+02
4.5386984253e+02
6.7200311279e+02
-8.7817608643e+02
-6.4639080811e+02
-4.5219351196e+02
-2.1201307678e+02
1.4094538689e+00
2.1996080017e+02
4.5394067383e+02
6.7198297119e+02
-8.7817608643e+02
-6.4639080811e+02
-4.5219351196e+02
-2.1201307678e+02
1.4094538689e+00
2.1996080017e+02
4.5394067383e+02
6.7198297119e+02
-8.7815771484e+02
-6.4645037842e+02
-4.5237207031e+02
-2.1216702271e+02
1.2720752954e+00
2.1980116272e+02
4.5386984253e+02
6.7200311279e+02
-8.7811395264e+02
-6.4662274170e+02
-4.5266583252e+02
-2.1266293335e+02
8.0507308245e-01
2.1951902771e+02
4.5369415283e+02
6.7204992676e+02
-8.7814306641e+02
-6.4696527100e+02
-4.5348236084e+02
-2.1326702881e+02
2.4717739224e-01
2.1878381348e+02
4.5331442261e+02
6.7200640869e+02
-8.7804235840e+02
-6.4762756348e+02
-4.5449755859e+02
-2.1549159241e+02
-1.9250146151e+00
2.1762759399e+02
4.5253247070e+02
6.7190521240e+02
-8.7849011230e+02
-6.4883160400e+02
-4.5638580322e+02
-2.1533830261e+02
-1.9664876461e+00
2.1594345093e+02
4.5105432129e+02
6.7129852295e+02
-9.6812829590e+02
-7.3818542480e+02
-4.7326394653e+02
-2.4256938171e+02
1.2329092026e+01
2.6636920166e+02
5.1191213989e+02
7.7276208496e+02
-9.6792547607e+02
-7.3697113037e+02
-4.7230078125e+02
-2.3978785706e+02
1.5024345398e+01
2.6764074707e+02
5.1313366699e+02
7.7314251709e+02
-9.6800213623e+02
-7.3648291016e+02
-4.7143414307e+02
-2.3979217529e+02
1.5115324974e+01
2.6849139404e+02
5.1366448975e+02
7.7309020996e+02
-9.6815039062e+02
-7.3626202393e+02
-4.7108911133e+02
-2.3894851685e+02
1.6016532898e+01
2.6894717407e+02
5.1394256592e+02
7.7302893066e+02
-9.6823828125e+02
-7.3613177490e+02
-4.7077233887e+02
-2.3868054199e+02
1.6319549561e+01
2.6928491211e+02
5.1409954834e+02
7.7298669434e+02
-9.6828698730e+02
-7.3607623291e+02
-4.7067883301e+02
-2.3848640442e+02
1.6531686783e+01
2.6939932251e+02
5.1415875244e+02
7.7295385742e+02
-9.6828698730e+02
-7.3607623291e+02
-4.7067883301e+02
-2.3848640442e+02
1.6531686783e+01
2.6939932251e+02
5.1415875244e+02
7.7295385742e+02
-9.6823828125e+02
-7.3613177490e+02
-4.7077233887e+02
-2.3868054199e+02
1.6319549561e+01
2.6928491211e+02
5.1409954834e+02
7.7298669434e+02
-9.6815039062e+02
-7.3626202393e+02
-4.7108911133e+02
-2.3894851685e+02
1.6016532898e+01
2.6894717407e+02
5.1394256592e+02
7.7302893066e+02
-9.6800213623e+02
-7.3648291016e+02
-4.7143414307e+02
-2.3979217529e+02
1.5115324974e+01
2.6849139404e+02
5.1366448975e+02
7.7309020996e+02
-9.6792547607e+02
-7.3697113037e+02
-4.7230078125e+02
-2.3978785706e+02
1.5024345398e+01
2.6764074707e+02
5.1313366699e+02
7.7314251709e+02
-9.6812829590e+02
-7.3818542480e+02
-4.7326394653e+02
-2.4256938171e+02
1.2329092026e+01
2.6636920166e+02
5.1191213989e+02
7.7276208496e+02
-1.0697999268e+03
-7.8808654785e+02
-5.3085113525e+02
-2.4408645630e+02
2.7142576218e+01
3.0256539917e+02
5.8689471436e+02
8.6441143799e+02
-1.0696866455e+03
-7.8726550293e+02
-5.2942401123e+02
-2.4389186096e+02
2.7441703796e+01
3.0390652466e+02
5.8797149658e+02
8.6471600342e+02
-1.0699398193e+03
-7.8694732666e+02
-5.2880212402e+02
-2.4226261902e+02
2.9020372391e+01
3.0464749146e+02
5.8841900635e+02
8.6461370850e+02
-1.0700920410e+03
-7.8683117676e+02
-5.2836517334e+02
-2.4206794739e+02
2.9190404892e+01
3.0506613159e+02
5.8857507324e+02
8.6448455811e+02
-1.0702476807e+03
-7.8681164551e+02
-5.2824505615e+02
-2.4171981812e+02
2.9521713257e+01
3.0521551514e+02
5.8862860107e+02
8.6434173584e+02
-1.0703189697e+03
-7.8681359863e+02
-5.2815148926e+02
-2.4165028381e+02
2.9581520081e+01
3.0531057739e+02
5.8864526367e+02
8.6427832031e+02
-1.0703189697e+03
-7.8681359863e+02
-5.2815148926e+02
-2.4165028381e+02
2.9581520081e+01
3.0531057739e+02
5.8864526367e+02
8.6427832031e+02
-1.0702476807e+03
-7.8681164551e+02
-5.2824505615e+02
-2.4171981812e+02
2.9521713257e+01
3.0521551514e+02
5.8862860107e+02
8.6434173584e+02
-1.0700920410e+03
-7.8683117676e+02
-5.2836517334e+02
-2.4206794739e+02
2.9190404892e+01
3.0506613159e+02
5.8857507324e+02
8.6448455811e+02
-1.0699398193e+03
-7.8694732666e+02
-5.2880212402e+02
-2.4226261902e+02
2.9020372391e+01
3.0464749146e+02
5.8841900635e+02
8.6461370850e+02
-1.0696866455e+03
-7.8726550293e+02
-5.2942401123e+02
-2.4389186096e+02
2.7441703796e+01
3.0390652466e+02
5.8797149658e+02
8.6471600342e+02
-1.0697999268e+03
-7.8808654785e+02
-5.3085113525e+02
-2.4408645630e+02
2.7142576218e+01
3.0256539917e+02
5.8689471436e+02
8.6441143799e+02
-1.1557147217e+03
-8.6690875244e+02
-5.5518115234e+02
-2.6372817993e+02
4.2141506195e+01
3.4698001099e+02
6.4847906494e+02
9.5805895996e+02
-1.1558714600e+03
-8.6621875000e+02
-5.5469006348e+02
-2.6209756470e+02
4.3763309479e+01
3.4771771240e+02
6.4924212646e+02
9.5812347412e+02
-1.1562152100e+03
-8.6603448486e+02
-5.5415679932e+02
-2.6222451782e+02
4.3722232819e+01
3.4826644897e+02
6.4950091553e+02
9.5787744141e+02
-1.1565061035e+03
-8.6602539062e+02
-5.5398486328e+02
-2.6158697510e+02
4.4404319763e+01
3.4851809692e+02
6.4958343506e+02
9.5767462158e+02
-1.1566964111e+03
-8.6602990723e+02
-5.5383569336e+02
-2.6152069092e+02
4.4498718262e+01
3.4867282104e+02
6.4959844971e+02
9.5752423096e+02
-1.1567976074e+03
-8.6604913330e+02
-5.5381713867e+02
-2.6141067505e+02
4.4623035431e+01
3.4870462036e+02
6.4958630371e+02
9.5743579102e+02
-1.1567976074e+03
-8.6604913330e+02
-5.5381713867e+02
-2.6141067505e+02
4.4623035431e+01
3.4870462036e+02
6.4958630371e+02
9.5743579102e+02
-1.1566964111e+03
-8.6602990723e+02
-5.5383569336e+02
-2.6152069092e+02
4.4498718262e+01
3.4867282104e+02
6.4959844971e+02
9.5752423096e+02
-1.1565061035e+03
-8.6602539062e+02
-5.5398486328e+02
-2.6158697510e+02
4.4404319763e+01
3.4851809692e+02
6.4958343506e+02
9.5767462158e+02
-1.1562152100e+03
-8.6603448486e+02
-5.5415679932e+02
-2.6222451782e+02
4.3722232819e+01
3.4826644897e+02
6.4950091553e+02
9.5787744141e+02
-1.1558714600e+03
-8.6621875000e+02
-5.5469006348e+02
-2.6209756470e+02
4.3763309479e+01
3.4771771240e+02
6.4924212646e+02
9.5812347412e+02
-1.1557147217e+03
-8.6690875244e+02
-5.5518115234e+02
-2.6372817993e+02
4.2141506195e+01
3.4698001099e+02
6.4847906494e+02
9.5805895996e+02
-1.2494732666e+03
-9.1820227051e+02
-6.0242272949e+02
-2.6886364746e+02
5.5660858154e+01
3.8342932129e+02
7.1560107422e+02
1.0455087891e+03
-1.2497564697e+03
-9.1790197754e+02
-6.0163623047e+02
-2.6877740479e+02
5.5810588837e+01
3.8422430420e+02
7.1617321777e+02
1.0454599609e+03
-1.2502316895e+03
-9.1793652344e+02
-6.0144964600e+02
-2.6783023071e+02
5.6733699799e+01
3.8453442383e+02
7.1627581787e+02
1.0451214600e+03
-1.2505758057e+03
-9.1804998779e+02
-6.0133105469e+02
-2.6793350220e+02
5.6620986938e+01
3.8466934204e+02
7.1621069336e+02
1.0448264160e+03
-1.2508392334e+03
-9.1817028809e+02
-6.0136169434e+02
-2.6773907471e+02
5.6807186127e+01
3.8468133545e+02
7.1613549805e+02
1.0445905762e+03
-1.2509635010e+03
-9.1823297119e+02
-6.0135076904e+02
-2.6775460815e+02
5.6785854340e+01
3.8470010376e+02
7.1609020996e+02
1.0444794922e+03
-1.2509635010e+03
-9.1823297119e+02
-6.0135076904e+02
-2.6775460815e+02
5.6785854340e+01
3.8470010376e+02
7.1609020996e+02
1.0444794922e+03
-1.2508392334e+03
-9.1817028809e+02
-6.0136169434e+02
-2.6773907471e+02
5.6807186127e+01
3.8468133545e+02
7.1613549805e+02
1.0445905762e+03
-1.2505758057e+03
-9.1804998779e+02
-6.0133105469e+02
-2.6793350220e+02
5.6620986938e+01
3.8466934204e+02
7.1621069336e+02
1.0448264160e+03
-1.2502316895e+03
-9.1793652344e+02
-6.0144964600e+02
-2.6783023071e+02
5.6733699799e+01
3.8453442383e+02
7.1627581787e+02
1.0451214600e+03
-1.2497564697e+03
-9.1790197754e+02
-6.0163623047e+02
-2.6877740479e+02
5.5810588837e+01
3.8422430420e+02
7.1617321777e+02
1.0454599609e+03
-1.2494732666e+03
-9.1820227051e+02
-6.0242272949e+02
-2.6886364746e+02
5.5660858154e+01
3.8342932129e+02
7.1560107422e+02
1.0455087891e+03
-1.3301182861e+03
-9.8702032471e+02
-6.2948803711e+02
-2.8406381226e+02
6.9940208435e+01
4.2294702148e+02
7.7496954346e+02
1.1307928467e+03
-1.3306416016e+03
-9.8685791016e+02
-6.2946606445e+02
-2.8333990479e+02
7.0696754456e+01
4.2317944336e+02
7.7525622559e+02
1.1305234375e+03
-1.3312504883e+03
-9.8703350830e+02
-6.2932659912e+02
-2.8365548706e+02
7.0449455261e+01
4.2335733032e+02
7.7518951416e+02
1.1300557861e+03
-1.3317089844e+03
-9.8726806641e+02
-6.2941229248e+02
-2.8334735107e+02
7.0796669006e+01
4.2334289551e+02
7.7504138184e+02
1.1296820068e+03
-1.3320189209e+03
-9.8743145752e+02
-6.2945855713e+02
-2.8348641968e+02
7.0681442261e+01
4.2330413818e+02
7.7490332031e+02
1.1294114990e+03
-1.3321782227e+03
-9.8753045654e+02
-6.2952221680e+02
-2.8346762085e+02
7.0712730408e+01
4.2325381470e+02
7.7481842041e+02
1.1292662354e+03
-1.3321782227e+03
-9.8753045654e+02
-6.2952221680e+02
-2.8346762085e+02
7.0712730408e+01
4.2325381470e+02
7.7481842041e+02
1.1292662354e+03
-1.3320189209e+03
-9.8743145752e+02
-6.2945855713e+02
-2.8348641968e+02
7.0681442261e+01
4.2330413818e+02
7.7490332031e+02
1.1294114990e+03
-1.3317089844e+03
-9.8726806641e+02
-6.2941229248e+02
-2.8334735107e+02
7.0796669006e+01
4.2334289551e+02
7.7504138184e+02
1.1296820068e+03
-1.3312504883e+03
-9.8703350830e+02
-6.2932659912e+02
-2.8365548706e+02
7.0449455261e+01
4.2335733032e+02
7.7518951416e+02
1.1300557861e+03
-1.3306416016e+03
-9.8685791016e+02
-6.2946606445e+02
-2.8333990479e+02
7.0696754456e+01
4.2317944336e+02
7.7525622559e+02
1.1305234375e+03
-1.3301182861e+03
-9.8702032471e+02
-6.2948803711e+02
-2.8406381226e+02
6.9940208435e+01
4.2294702148e+02
7.7496954346e+02
1.1307928467e+03
-1.4144688721e+03
-1.0367600098e+03
-6.6885437012e+02
-2.9048086548e+02
8.2425498962e+01
4.5752972412e+02
8.3452526855e+02
1.2113233643e+03
-1.4151768799e+03
-1.0370148926e+03
-6.6873858643e+02
-2.9073873901e+02
8.2216423035e+01
4.5772488403e+02
8.3456329346e+02
1.2108953857e+03
-1.4158942871e+03
-1.0373981934e+03
-6.6897467041e+02
-2.9043133545e+02
8.2525947571e+01
4.5761840820e+02
8.3432434082e+02
1.2103201904e+03
-1.4164300537e+03
-1.0377480469e+03
-6.6915069580e+02
-2.9078649902e+02
8.2170471191e+01
4.5747799683e+02
8.3403399658e+02
1.2098563232e+03
-1.4168044434e+03
-1.0380130615e+03
-6.6934167480e+02
-2.9077709961e+02
8.2178588867e+01
4.5733334351e+02
8.3381781006e+02
1.2095183105e+03
-1.4169858398e+03
-1.0381446533e+03
-6.6942041016e+02
-2.9088421631e+02
8.2068527222e+01
4.5726495361e+02
8.3370214844e+02
1.2093524170e+03
-1.4169858398e+03
-1.0381446533e+03
-6.6942041016e+02
-2.9088421631e+02
8.2068527222e+01
4.5726495361e+02
8.3370214844e+02
1.2093524170e+03
-1.4168044434e+03
-1.0380130615e+03
-6.6934167480e+02
-2.9077709961e+02
8.2178588867e+01
4.5733334351e+02
8.3381781006e+02
1.2095183105e+03
-1.4164300537e+03
-1.0377480469e+03
-6.6915069580e+02
-2.9078649902e+02
8.2170471191e+01
4.5747799683e+02
8.3403399658e+02
1.2098563232e+03
-1.4158942871e+03
-1.0373981934e+03
-6.6897467041e+02
-2.9043133545e+02
8.2525947571e+01
4.5761840820e+02
8.3432434082e+02
1.2103201904e+03
-1.4151768799e+03
-1.0370148926e+03
-6.6873858643e+02
-2.9073873901e+02
8.2216423035e+01
4.5772488403e+02
8.3456329346e+02
1.2108953857e+03
-1.4144688721e+03
-1.0367600098e+03
-6.6885437012e+02
-2.9048086548e+02
8.2425498962e+01
4.5752972412e+02
8.3452526855e+02
1.2113233643e+03
-1.4876955566e+03
-1.0959874268e+03
-6.9555383301e+02
-3.0254592896e+02
9.5351890564e+01
4.9225283813e+02
8.8903161621e+02
1.2872498779e+03
-1.4885893555e+03
-1.0963652344e+03
-6.9602697754e+02
-3.0258581543e+02
9.5367156982e+01
4.9197525024e+02
8.8882855225e+02
1.2866396484e+03
-1.4894620361e+03
-1.0969165039e+03
-6.9631359863e+02
-3.0316632080e+02
9.4842041016e+01
4.9175073242e+02
8.8841754150e+02
1.2859354248e+03
-1.4900964355e+03
-1.0973968506e+03
-6.9668005371e+02
-3.0322311401e+02
9.4823005676e+01
4.9145635986e+02
8.8803314209e+02
1.2853867188e+03
-1.4905267334e+03
-1.0977191162e+03
-6.9691717529e+02
-3.0354690552e+02
9.4519821167e+01
4.9123339844e+02
8.8774505615e+02
1.2849993896e+03
-1.4907427979e+03
-1.0978939209e+03
-6.9706176758e+02
-3.0361996460e+02
9.4458068848e+01
4.9110391235e+02
8.8758978271e+02
1.2847995605e+03
-1.4907427979e+03
-1.0978939209e+03
-6.9706176758e+02
-3.0361996460e+02
9.4458068848e+01
4.9110391235e+02
8.8758978271e+02
1.2847995605e+03
-1.4905267334e+03
-1.0977191162e+03
-6.9691717529e+02
-3.0354690552e+02
9.4519821167e+01
4.9123339844e+02
8.8774505615e+02
1.2849993896e+03
-1.4900964355e+03
-1.0973968506e+03
-6.9668005371e+02
-3.0322311401e+02
9.4823005676e+01
4.9145635986e+02
8.8803314209e+02
1.2853867188e+03
-1.4894620361e+03
-1.0969165039e+03
-6.9631359863e+02
-3.0316632080e+02
9.4842041016e+01
4.9175073242e+02
8.8841754150e+02
1.2859354248e+03
-1.4885893555e+03
-1.0963652344e+03
-6.9602697754e+02
-3.0258581543e+02
9.5367156982e+01
4.9197525024e+02
8.8882855225e+02
1.2866396484e+03
-1.4876955566e+03
-1.0959874268e+03
-6.9555383301e+02
-3.0254592896e+02
9.5351890564e+01
4.9225283813e+02
8.8903161621e+02
1.2872498779e+03
-1.5612011719e+03
-1.1414919434e+03
-7.2820336914e+02
-3.0905822754e+02
1.0656162262e+02
5.2340747070e+02
9.4072863770e+02
1.3584650879e+03
-1.5623209229e+03
-1.1422832031e+03
-7.2872351074e+02
-3.0976135254e+02
1.0590586090e+02
5.2301861572e+02
9.4024926758e+02
1.3576662598e+03
-1.5632794189e+03
-1.1430068359e+03
-7.2935797119e+02
-3.1002102661e+02
1.0566798401e+02
5.2251818848e+02
9.3967999268e+02
1.3568631592e+03
-1.5640003662e+03
-1.1435930176e+03
-7.2981640625e+02
-3.1061230469e+02
1.0508283234e+02
5.2210870361e+02
9.3916632080e+02
1.3562307129e+03
-1.5644860840e+03
-1.1440040283e+03
-7.3017321777e+02
-3.1080480957e+02
1.0489497375e+02
5.2179962158e+02
9.3880664062e+02
1.3557869873e+03
-1.5647254639e+03
-1.1442072754e+03
-7.3034143066e+02
-3.1100082397e+02
1.0469837952e+02
5.2164361572e+02
9.3861981201e+02
1.3555650635e+03
-1.5647254639e+03
-1.1442072754e+03
-7.3034143066e+02
-3.1100082397e+02
1.0469837952e+02
5.2164361572e+02
9.3861981201e+02
1.3555650635e+03
-1.5644860840e+03
-1.1440040283e+03
-7.3017321777e+02
-3.1080480957e+02
1.0489497375e+02
5.2179962158e+02
9.3880664062e+02
1.3557869873e+03
-1.5640003662e+03
-1.1435930176e+03
-7.2981640625e+02
-3.1061230469e+02
1.0508283234e+02
5.2210870361e+02
9.3916632080e+02
1.3562307129e+03
-1.5632794189e+03
-1.1430068359e+03
-7.2935797119e+02
-3.1002102661e+02
1.0566798401e+02
5.2251818848e+02
9.3967999268e+02
1.3568631592e+03
-1.5623209229e+03
-1.1422832031e+03
-7.2872351074e+02
-3.0976135254e+02
1.0590586090e+02
5.2301861572e+02
9.4024926758e+02
1.3576662598e+03
-1.5612011719e+03
-1.1414919434e+03
-7.2820336914e+02
-3.0905822754e+02
1.0656162262e+02
5.2340747070e+02
9.4072863770e+02
1.3584650879e+03
-1.6248020020e+03
-1.1910672607e+03
-7.5241760254e+02
-3.1857604980e+02
1.1773854828e+02
5.5299176025e+02
9.8821502686e+02
1.4236169434e+03
-1.6260565186e+03
-1.1919694824e+03
-7.5338427734e+02
-3.1927017212e+02
1.1711211395e+02
5.5221960449e+02
9.8753619385e+02
1.4226754150e+03
-1.6271766357e+03
-1.1928759766e+03
-7.5408691406e+02
-3.2015234375e+02
1.1627868652e+02
5.5160223389e+02
9.8679510498e+02
1.4217419434e+03
-1.6279805908e+03
-1.1935865479e+03
-7.5472229004e+02
-3.2055850220e+02
1.1591013336e+02
5.5104241943e+02
9.8618737793e+02
1.4210284424e+03
-1.6285234375e+03
-1.1940572510e+03
-7.5513500977e+02
-3.2104370117e+02
1.1544322205e+02
5.5065100098e+02
9.8575897217e+02
1.4205332031e+03
-1.6287930908e+03
-1.1943020020e+03
-7.5535681152e+02
-3.2120715332e+02
1.1529022980e+02
5.5044598389e+02
9.8553717041e+02
1.4202819824e+03
-1.6287930908e+03
-1.1943020020e+03
-7.5535681152e+02
-3.2120715332e+02
1.1529022980e+02
5.5044598389e+02
9.8553717041e+02
1.4202819824e+03
-1.6285234375e+03
-1.1940572510e+03
-7.5513500977e+02
-3.2104370117e+02
1.1544322205e+02
5.5065100098e+02
9.8575897217e+02
1.4205332031e+03
-1.6279805908e+03
-1.1935865479e+03
-7.5472229004e+02
-3.2055850220e+02
1.1591013336e+02
5.5104241943e+02
9.8618737793e+02
1.4210284424e+03
-1.6271766357e+03
-1.1928759766e+03
-7.5408691406e+02
-3.2015234375e+02
1.1627868652e+02
5.5160223389e+02
9.8679510498e+02
1.4217419434e+03
-1.6260565186e+03
-1.1919694824e+03
-7.5338427734e+02
-3.1927017212e+02
1.1711211395e+02
5.5221960449e+02
9.8753619385e+02
1.4226754150e+03
-1.6248020020e+03
-1.1910672607e+03
-7.5241760254e+02
-3.1857604980e+02
1.1773854828e+02
5.5299176025e+02
9.8821502686e+02
1.4236169434e+03
-1.6859803467e+03
-1.2301231689e+03
-7.7874554443e+02
-3.2446463013e+02
1.2730566406e+02
5.7946350098e+02
1.0312889404e+03
1.4834222412e+03
-1.6874677734e+03
-1.2313973389e+03
-7.7983044434e+02
-3.2562487793e+02
1.2619750214e+02
5.7854730225e+02
1.0303427734e+03
1.4822882080e+03
-1.6886514893e+03
-1.2324379883e+03
-7.8082501221e+02
-3.2636791992e+02
1.2548942566e+02
5.7769042969e+02
1.0294692383e+03
1.4812755127e+03
-1.6895407715e+03
-1.2332442627e+03
-7.8154376221e+02
-3.2717852783e+02
1.2469055176e+02
5.7703137207e+02
1.0287484131e+03
1.4804860840e+03
-1.6901303711e+03
-1.2337908936e+03
-7.8205688477e+02
-3.2756655884e+02
1.2431182861e+02
5.7656671143e+02
1.0282554932e+03
1.4799428711e+03
-1.6904230957e+03
-1.2340614014e+03
-7.8230639648e+02
-3.2784060669e+02
1.2403921509e+02
5.7633123779e+02
1.0280031738e+03
1.4796694336e+03
-1.6904230957e+03
-1.2340614014e+03
-7.8230639648e+02
-3.2784060669e+02
1.2403921509e+02
5.7633123779e+02
1.0280031738e+03
1.4796694336e+03
-1.6901303711e+03
-1.2337908936e+03
-7.8205688477e+02
-3.2756655884e+02
1.2431182861e+02
5.7656671143e+02
1.0282554932e+03
1.4799428711e+03
-1.6895407715e+03
-1.2332442627e+03
-7.8154376221e+02
-3.2717852783e+02
1.2469055176e+02
5.7703137207e+02
1.0287484131e+03
1.4804860840e+03
-1.6886514893e+03
-1.2324379883e+03
-7.8082501221e+02
-3.2636791992e+02
1.2548942566e+02
5.7769042969e+02
1.0294692383e+03
1.4812755127e+03
-1.6874677734e+03
-1.2313973389e+03
-7.7983044434e+02
-3.2562487793e+02
1.2619750214e+02
5.7854730225e+02
1.0303427734e+03
1.4822882080e+03
-1.6859803467e+03
-1.2301231689e+03
-7.7874554443e+02
-3.2446463013e+02
1.2730566406e+02
5.7946350098e+02
1.0312889404e+03
1.4834222412e+03
-1.7378981934e+03
-1.2696112061e+03
-7.9897723389e+02
-3.3172070312e+02
1.3640122986e+02
6.0335906982e+02
1.0700371094e+03
1.5362246094e+03
-1.7394804688e+03
-1.2709842529e+03
-8.0039373779e+02
-3.3296002197e+02
1.3523652649e+02
6.0214355469e+02
1.0689310303e+03
1.5349832764e+03
-1.7408143311e+03
-1.2721987305e+03
-8.0146630859e+02
-3.3413491821e+02
1.3410836792e+02
6.0117669678e+02
1.0679005127e+03
1.5338485107e+03
-1.7417694092e+03
-1.2731104736e+03
-8.0233715820e+02
-3.3484576416e+02
1.3343470764e+02
6.0038494873e+02
1.0670966797e+03
1.5329903564e+03
-1.7424105225e+03
-1.2737114258e+03
-8.0290270996e+02
-3.3546649170e+02
1.3283093262e+02
5.9984741211e+02
1.0665447998e+03
1.5324008789e+03
-1.7427276611e+03
-1.2740170898e+03
-8.0319378662e+02
-3.3571353149e+02
1.3259365845e+02
5.9957440186e+02
1.0662637939e+03
1.5321038818e+03
-1.7427276611e+03
-1.2740170898e+03
-8.0319378662e+02
-3.3571353149e+02
1.3259365845e+02
5.9957440186e+02
1.0662637939e+03
1.5321038818e+03
-1.7424105225e+03
-1.2737114258e+03
-8.0290270996e+02
-3.3546649170e+02
1.3283093262e+02
5.9984741211e+02
1.0665447998e+03
1.5324008789e+03
-1.7417694092e+03
-1.2731104736e+03
-8.0233715820e+02
-3.3484576416e+02
1.3343470764e+02
6.0038494873e+02
1.0670966797e+03
1.5329903564e+03
-1.7408143311e+03
-1.2721987305e+03
-8.0146630859e+02
-3.3413491821e+02
1.3410836792e+02
6.0117669678e+02
1.0679005127e+03
1.5338485107e+03
-1.7394804688e+03
-1.2709842529e+03
-8.0039373779e+02
-3.3296002197e+02
1.3523652649e+02
6.0214355469e+02
1.0689310303e+03
1.5349832764e+03
-1.7378981934e+03
-1.2696112061e+03
-7.9897723389e+02
-3.3172070312e+02
1.3640122986e+02
6.0335906982e+02
1.0700371094e+03
1.5362246094e+03
-1.7853096924e+03
-1.3004622803e+03
-8.1897741699e+02
-3.3650527954e+02
1.4395901489e+02
6.2413446045e+02
1.1035130615e+03
1.5828199463e+03
-1.7870977783e+03
-1.3021364746e+03
-8.2052764893e+02
-3.3807064819e+02
1.4245262146e+02
6.2277917480e+02
1.1021798096e+03
1.5814090576e+03
-1.7884755859e+03
-1.3034495850e+03
-8.2182415771e+02
-3.3920330811e+02
1.4136311340e+02
6.2162347412e+02
1.1010468750e+03
1.5802166748e+03
-1.7895054932e+03
-1.3044423828e+03
-8.2276446533e+02
-3.4020175171e+02
1.4038180542e+02
6.2075183105e+02
1.1001508789e+03
1.5792941895e+03
-1.7901834717e+03
-1.3051041260e+03
-8.2341021729e+02
-3.4075976562e+02
1.3983638000e+02
6.2015454102e+02
1.0995454102e+03
1.5786662598e+03
-1.7905208740e+03
-1.3054315186e+03
-8.2372723389e+02
-3.4109597778e+02
1.3950335693e+02
6.1985327148e+02
1.0992385254e+03
1.5783498535e+03
-1.7905208740e+03
-1.3054315186e+03
-8.2372723389e+02
-3.4109597778e+02
1.3950335693e+02
6.1985327148e+02
1.0992385254e+03
1.5783498535e+03
-1.7901834717e+03
-1.3051041260e+03
-8.2341021729e+02
-3.4075976562e+02
1.3983638000e+02
6.2015454102e+02
1.0995454102e+03
1.5786662598e+03
-1.7895054932e+03
-1.3044423828e+03
-8.2276446533e+02
-3.4020175171e+02
1.4038180542e+02
6.2075183105e+02
1.1001508789e+03
1.5792941895e+03
-1.7884755859e+03
-1.3034495850e+03
-8.2182415771e+02
-3.3920330811e+02
1.4136311340e+02
6.2162347412e+02
1.1010468750e+03
1.5802166748e+03
-1.7870977783e+03
-1.3021364746e+03
-8.2052764893e+02
-3.3807064819e+02
1.4245262146e+02
6.2277917480e+02
1.1021798096e+03
1.5814090576e+03
-1.7853096924e+03
-1.3004622803e+03
-8.1897741699e+02
-3.3650527954e+02
1.4395901489e+02
6.2413446045e+02
1.1035130615e+03
1.5828199463e+03
-1.8237773438e+03
-1.3292648926e+03
-8.3415734863e+02
-3.4163619995e+02
1.5068600464e+02
6.4174383545e+02
1.1321809082e+03
1.6217803955e+03
-1.8256290283e+03
-1.3310194092e+03
-8.3593939209e+02
-3.4329794312e+02
1.4910218811e+02
6.4017181396e+02
1.1307288818e+03
1.6202940674e+03
-1.8271285400e+03
-1.3324742432e+03
-8.3730780029e+02
-3.4471646118e+02
1.4773091125e+02
6.3892535400e+02
1.1294704590e+03
1.6190017090e+03
-1.8282056885e+03
-1.3335460205e+03
-8.3836431885e+02
-3.4566903687e+02
1.4681430054e+02
6.3795068359e+02
1.1285101318e+03
1.6180280762e+03
-1.8289244385e+03
-1.3342506104e+03
-8.3905163574e+02
-3.4639331055e+02
1.4610641479e+02
6.3729736328e+02
1.1278597412e+03
1.6173636475e+03
-1.8292796631e+03
-1.3346047363e+03
-8.3939880371e+02
-3.4671044922e+02
1.4579832458e+02
6.3696905518e+02
1.1275310059e+03
1.6170297852e+03
-1.8292796631e+03
-1.3346047363e+03
-8.3939880371e+02
-3.4671044922e+02
1.4579832458e+02
6.3696905518e+02
1.1275310059e+03
1.6170297852e+03
-1.8289244385e+03
-1.3342506104e+03
-8.3905163574e+02
-3.4639331055e+02
1.4610641479e+02
6.3729736328e+02
1.1278597412e+03
1.6173636475e+03
-1.8282056885e+03
-1.3335460205e+03
-8.3836431885e+02
-3.4566903687e+02
1.4681430054e+02
6.3795068359e+02
1.1285101318e+03
1.6180280762e+03
-1.8271285400e+03
-1.3324742432e+03
-8.3730780029e+02
-3.4471646118e+02
1.4773091125e+02
6.3892535400e+02
1.1294704590e+03
1.6190017090e+03
-1.8256290283e+03
-1.3310194092e+03
-8.3593939209e+02
-3.4329794312e+02
1.4910218811e+02
6.4017181396e+02
1.1307288818e+03
1.6202940674e+03
-1.8237773438e+03
-1.3292648926e+03
-8.3415734863e+02
-3.4163619995e+02
1.5068600464e+02
6.4174383545e+02
1.1321809082e+03
1.6217803955e+03
-1.8561679688e+03
-1.3505838623e+03
-8.4765661621e+02
-3.4499316406e+02
1.5591912842e+02
6.5604217529e+02
1.1551156006e+03
1.6537113037e+03
-1.8581715088e+03
-1.3525490723e+03
-8.4954821777e+02
-3.4686538696e+02
1.5411299133e+02
6.5436230469e+02
1.1534997559e+03
1.6520997314e+03
-1.8596983643e+03
-1.3540693359e+03
-8.5106781006e+02
-3.4828305054e+02
1.5274302673e+02
6.5298583984e+02
1.1521713867e+03
1.6507702637e+03
-1.8608309326e+03
-1.3552005615e+03
-8.5217462158e+02
-3.4941970825e+02
1.5162858582e+02
6.5195452881e+02
1.1511453857e+03
1.6497492676e+03
-1.8615753174e+03
-1.3559476318e+03
-8.5291839600e+02
-3.5010879517e+02
1.5095419312e+02
6.5125836182e+02
1.1504565430e+03
1.6490579834e+03
-1.8619455566e+03
-1.3563175049e+03
-8.5328509521e+02
-3.5048773193e+02
1.5057994080e+02
6.5090893555e+02
1.1501092529e+03
1.6487099609e+03
-1.8619455566e+03
-1.3563175049e+03
-8.5328509521e+02
-3.5048773193e+02
1.5057994080e+02
6.5090893555e+02
1.1501092529e+03
1.6487099609e+03
-1.8615753174e+03
-1.3559476318e+03
-8.5291839600e+02
-3.5010879517e+02
1.5095419312e+02
6.5125836182e+02
1.1504565430e+03
1.6490579834e+03
-1.8608309326e+03
-1.3552005615e+03
-8.5217462158e+02
-3.4941970825e+02
1.5162858582e+02
6.5195452881e+02
1.1511453857e+03
1.6497492676e+03
-1.8596983643e+03
-1.3540693359e+03
-8.5106781006e+02
-3.4828305054e+02
1.5274302673e+02
6.5298583984e+02
1.1521713867e+03
1.6507702637e+03
-1.8581715088e+03
-1.3525490723e+03
-8.4954821777e+02
-3.4686538696e+02
1.5411299133e+02
6.5436230469e+02
1.1534997559e+03
1.6520997314e+03
-1.8561679688e+03
-1.3505838623e+03
-8.4765661621e+02
-3.4499316406e+02
1.5591912842e+02
6.5604217529e+02
1.1551156006e+03
1.6537113037e+03
-1.8798237305e+03
-1.3681324463e+03
-8.5705255127e+02
-3.4805804443e+02
1.6005192566e+02
6.6684387207e+02
1.1727205811e+03
1.6776158447e+03
-1.8818642578e+03
-1.3701506348e+03
-8.5908227539e+02
-3.5000256348e+02
1.5818576050e+02
6.6503210449e+02
1.1710311279e+03
1.6759591064e+03
-1.8834702148e+03
-1.3717629395e+03
-8.6065203857e+02
-3.5158425903e+02
1.5665272522e+02
6.6359576416e+02
1.1696218262e+03
1.6745640869e+03
-1.8846312256e+03
-1.3729427490e+03
-8.6183148193e+02
-3.5270382690e+02
1.5556697083e+02
6.6249951172e+02
1.1685555420e+03
1.6735118408e+03
-1.8854017334e+03
-1.3737172852e+03
-8.6260174561e+02
-3.5349203491e+02
1.5479502869e+02
6.6176824951e+02
1.1678383789e+03
1.6727972412e+03
-1.8857829590e+03
-1.3741037598e+03
-8.6298687744e+02
-3.5386007690e+02
1.5443522644e+02
6.6140228271e+02
1.1674775391e+03
1.6724383545e+03
-1.8857829590e+03
-1.3741037598e+03
-8.6298687744e+02
-3.5386007690e+02
1.5443522644e+02
6.6140228271e+02
1.1674775391e+03
1.6724383545e+03
-1.8854017334e+03
-1.3737172852e+03
-8.6260174561e+02
-3.5349203491e+02
1.5479502869e+02
6.6176824951e+02
1.1678383789e+03
1.6727972412e+03
-1.8846312256e+03
-1.3729427490e+03
-8.6183148193e+02
-3.5270382690e+02
1.5556697083e+02
6.6249951172e+02
1.1685555420e+03
1.6735118408e+03
-1.8834702148e+03
-1.3717629395e+03
-8.6065203857e+02
-3.5158425903e+02
1.5665272522e+02
6.6359576416e+02
1.1696218262e+03
1.6745640869e+03
-1.8818642578e+03
-1.3701506348e+03
-8.5908227539e+02
-3.5000256348e+02
1.5818576050e+02
6.6503210449e+02
1.1710311279e+03
1.6759591064e+03
-1.8798237305e+03
-1.3681324463e+03
-8.5705255127e+02
-3.4805804443e+02
1.6005192566e+02
6.6684387207e+02
1.1727205811e+03
1.6776158447e+03
-1.8962655029e+03
-1.3790201416e+03
-8.6386053467e+02
-3.4978530884e+02
1.6272953796e+02
6.7412976074e+02
1.1843851318e+03
1.6938499756e+03
-1.8983863525e+03
-1.3811464844e+03
-8.6595098877e+02
-3.5183374023e+02
1.6075315857e+02
6.7225970459e+02
1.1826099854e+03
1.6921270752e+03
-1.9000054932e+03
-1.3827913818e+03
-8.6759680176e+02
-3.5342276001e+02
1.5921380615e+02
6.7075714111e+02
1.1811651611e+03
1.6907139893e+03
-1.9011959229e+03
-1.3840029297e+03
-8.6880279541e+02
-3.5463214111e+02
1.5803126526e+02
6.6963134766e+02
1.1800645752e+03
1.6896364746e+03
-1.9019796143e+03
-1.3847991943e+03
-8.6960235596e+02
-3.5540502930e+02
1.5727412415e+02
6.6887774658e+02
1.1793275146e+03
1.6889080811e+03
-1.9023687744e+03
-1.3851940918e+03
-8.6999786377e+02
-3.5580453491e+02
1.5688069153e+02
6.6850054932e+02
1.1789569092e+03
1.6885417480e+03
-1.9023687744e+03
-1.3851940918e+03
-8.6999786377e+02
-3.5580453491e+02
1.5688069153e+02
6.6850054932e+02
1.1789569092e+03
1.6885417480e+03
-1.9019796143e+03
-1.3847991943e+03
-8.6960235596e+02
-3.5540502930e+02
1.5727412415e+02
6.6887774658e+02
1.1793275146e+03
1.6889080811e+03
-1.9011959229e+03
-1.3840029297e+03
-8.6880279541e+02
-3.5463214111e+02
1.5803126526e+02
6.6963134766e+02
1.1800645752e+03
1.6896364746e+03
-1.9000054932e+03
-1.3827913818e+03
-8.6759680176e+02
-3.5342276001e+02
1.5921380615e+02
6.7075714111e+02
1.1811651611e+03
1.6907139893e+03
-1.8983863525e+03
-1.3811464844e+03
-8.6595098877e+02
-3.5183374023e+02
1.6075315857e+02
6.7225970459e+02
1.1826099854e+03
1.6921270752e+03
-1.8962655029e+03
-1.3790201416e+03
-8.6386053467e+02
-3.4978530884e+02
1.6272953796e+02
6.7412976074e+02
1.1843851318e+03
1.6938499756e+03
-1.9042490234e+03
-1.3849169922e+03
-8.6704028320e+02
-3.5080532837e+02
1.6412370300e+02
6.7777166748e+02
1.1903218994e+03
1.7019093018e+03
-1.9063820801e+03
-1.3870617676e+03
-8.6917669678e+02
-3.5288018799e+02
1.6212516785e+02
6.7585723877e+02
1.1885217285e+03
1.7001712646e+03
-1.9080284424e+03
-1.3887386475e+03
-8.7084051514e+02
-3.5452276611e+02
1.6053231812e+02
6.7433380127e+02
1.1870489502e+03
1.6987353516e+03
-1.9092285156e+03
-1.3899664307e+03
-8.7207116699e+02
-3.5572817993e+02
1.5935765076e+02
6.7318585205e+02
1.1859346924e+03
1.6976474609e+03
-1.9100211182e+03
-1.3907723389e+03
-8.7287976074e+02
-3.5653396606e+02
1.5856803894e+02
6.7242028809e+02
1.1851879883e+03
1.6969110107e+03
-1.9104139404e+03
-1.3911728516e+03
-8.7328155518e+02
-3.5692996216e+02
1.5817927551e+02
6.7203753662e+02
1.1848127441e+03
1.6965410156e+03
-1.9104139404e+03
-1.3911728516e+03
-8.7328155518e+02
-3.5692996216e+02
1.5817927551e+02
6.7203753662e+02
1.1848127441e+03
1.6965410156e+03
-1.9100211182e+03
-1.3907723389e+03
-8.7287976074e+02
-3.5653396606e+02
1.5856803894e+02
6.7242028809e+02
1.1851879883e+03
1.6969110107e+03
-1.9092285156e+03
-1.3899664307e+03
-8.7207116699e+02
-3.5572817993e+02
1.5935765076e+02
6.7318585205e+02
1.1859346924e+03
1.6976474609e+03
-1.9080284424e+03
-1.3887386475e+03
-8.7084051514e+02
-3.5452276611e+02
1.6053231812e+02
6.7433380127e+02
1.1870489502e+03
1.6987353516e+03
-1.9063820801e+03
-1.3870617676e+03
-8.6917669678e+02
-3.5288018799e+02
1.6212516785e+02
6.7585723877e+02
1.1885217285e+03
1.7001712646e+03
-1.9042490234e+03
-1.3849169922e+03
-8.6704028320e+02
-3.5080532837e+02
1.6412370300e+02
6.7777166748e+02
1.1903218994e+03
1.7019093018e+03
-1.9042490234e+03
-1.3849169922e+03
-8.6704028320e+02
-3.5080532837e+02
1.6412370300e+02
6.7777166748e+02
1.1903218994e+03
1.7019093018e+03
-1.9063820801e+03
-1.3870617676e+03
-8.6917669678e+02
-3.5288018799e+02
1.6212516785e+02
6.7585723877e+02
1.1885217285e+03
1.7001712646e+03
-1.9080284424e+03
-1.3887386475e+03
-8.7084051514e+02
-3.5452276611e+02
1.6053231812e+02
6.7433380127e+02
1.1870489502e+03
1.6987353516e+03
-1.9092285156e+03
-1.3899664307e+03
-8.7207116699e+02
-3.5572817993e+02
1.5935765076e+02
6.7318585205e+02
1.1859346924e+03
1.6976474609e+03
-1.9100211182e+03
-1.3907723389e+03
-8.7287976074e+02
-3.5653396606e+02
1.5856803894e+02
6.7242028809e+02
1.1851879883e+03
1.6969110107e+03
-1.9104139404e+03
-1.3911728516e+03
-8.7328155518e+02
-3.5692996216e+02
1.5817927551e+02
6.7203753662e+02
1.1848127441e+03
1.6965410156e+03
-1.9104139404e+03
-1.3911728516e+03
-8.7328155518e+02
-3.5692996216e+02
1.5817927551e+02
6.7203753662e+02
1.1848127441e+03
1.6965410156e+03
-1.9100211182e+03
-1.3907723389e+03
-8.7287976074e+02
-3.5653396606e+02
1.5856803894e+02
6.7242028809e+02
1.1851879883e+03
1.6969110107e+03
-1.9092285156e+03
-1.3899664307e+03
-8.7207116699e+02
-3.5572817993e+02
1.5935765076e+02
6.7318585205e+02
1.1859346924e+03
1.6976474609e+03
-1.9080284424e+03
-1.3887386475e+03
-8.7084051514e+02
-3.5452276611e+02
1.6053231812e+02
6.7433380127e+02
1.1870489502e+03
1.6987353516e+03
-1.9063820801e+03
-1.3870617676e+03
-8.6917669678e+02
-3.5288018799e+02
1.6212516785e+02
6.7585723877e+02
1.1885217285e+03
1.7001712646e+03
-1.9042490234e+03
-1.3849169922e+03
-8.6704028320e+02
-3.5080532837e+02
1.6412370300e+02
6.7777166748e+02
1.1903218994e+03
1.7019093018e+03
-1.8962655029e+03
-1.3790201416e+03
-8.6386053467e+02
-3.4978530884e+02
1.6272953796e+02
6.7412976074e+02
1.1843851318e+03
1.6938499756e+03
-1.8983863525e+03
-1.3811464844e+03
-8.6595098877e+02
-3.5183374023e+02
1.6075315857e+02
6.7225970459e+02
1.1826099854e+03
1.6921270752e+03
-1.9000054932e+03
-1.3827913818e+03
-8.6759680176e+02
-3.5342276001e+02
1.5921380615e+02
6.7075714111e+02
1.1811651611e+03
1.6907139893e+03
-1.9011959229e+03
-1.3840029297e+03
-8.6880279541e+02
-3.5463214111e+02
1.5803126526e+02
6.6963134766e+02
1.1800645752e+03
1.6896364746e+03
-1.9019796143e+03
-1.3847991943e+03
-8.6960235596e+02
-3.5540502930e+02
1.5727412415e+02
6.6887774658e+02
1.1793275146e+03
1.6889080811e+03
-1.9023687744e+03
-1.3851940918e+03
-8.6999786377e+02
-3.5580453491e+02
1.5688069153e+02
6.6850054932e+02
1.1789569092e+03
1.6885417480e+03
-1.9023687744e+03
-1.3851940918e+03
-8.6999786377e+02
-3.5580453491e+02
1.5688069153e+02
6.6850054932e+02
1.1789569092e+03
1.6885417480e+03
-1.9019796143e+03
-1.3847991943e+03
-8.6960235596e+02
-3.5540502930e+02
1.5727412415e+02
6.6887774658e+02
1.1793275146e+03
1.6889080811e+03
-1.9011959229e+03
-1.3840029297e+03
-8.6880279541e+02
-3.5463214111e+02
1.5803126526e+02
6.6963134766e+02
1.1800645752e+03
1.6896364746e+03
-1.9000054932e+03
-1.3827913818e+03
-8.6759680176e+02
-3.5342276001e+02
1.5921380615e+02
6.7075714111e+02
1.1811651611e+03
1.6907139893e+03
-1.8983863525e+03
-1.3811464844e+03
-8.6595098877e+02
-3.5183374023e+02
1.6075315857e+02
6.7225970459e+02
1.1826099854e+03
1.6921270752e+03
-1.8962655029e+03
-1.3790201416e+03
-8.6386053467e+02
-3.4978530884e+02
1.6272953796e+02
6.7412976074e+02
1.1843851318e+03
1.6938499756e+03
-1.8798237305e+03
-1.3681324463e+03
-8.5705255127e+02
-3.4805804443e+02
1.6005192566e+02
6.6684387207e+02
1.1727205811e+03
1.6776158447e+03
-1.8818642578e+03
-1.3701506348e+03
-8.5908227539e+02
-3.5000256348e+02
1.5818576050e+02
6.6503210449e+02
1.1710311279e+03
1.6759591064e+03
-1.8834702148e+03
-1.3717629395e+03
-8.6065203857e+02
-3.5158425903e+02
1.5665272522e+02
6.6359576416e+02
1.1696218262e+03
1.6745640869e+03
-1.8846312256e+03
-1.3729427490e+03
-8.6183148193e+02
-3.5270382690e+02
1.5556697083e+02
6.6249951172e+02
1.1685555420e+03
1.6735118408e+03
-1.8854017334e+03
-1.3737172852e+03
-8.6260174561e+02
-3.5349203491e+02
1.5479502869e+02
6.6176824951e+02
1.1678383789e+03
1.6727972412e+03
-1.8857829590e+03
-1.3741037598e+03
-8.6298687744e+02
-3.5386007690e+02
1.5443522644e+02
6.6140228271e+02
1.1674775391e+03
1.6724383545e+03
-1.8857829590e+03
-1.3741037598e+03
-8.6298687744e+02
-3.5386007690e+02
1.5443522644e+02
6.6140228271e+02
1.1674775391e+03
1.6724383545e+03
-1.8854017334e+03
-1.3737172852e+03
-8.6260174561e+02
-3.5349203491e+02
1.5479502869e+02
6.6176824951e+02
1.1678383789e+03
1.6727972412e+03
-1.8846312256e+03
-1.3729427490e+03
-8.6183148193e+02
-3.5270382690e+02
1.5556697083e+02
6.6249951172e+02
1.1685555420e+03
1.6735118408e+03
-1.8834702148e+03
-1.3717629395e+03
-8.6065203857e+02
-3.5158425903e+02
1.5665272522e+02
6.6359576416e+02
1.1696218262e+03
1.6745640869e+03
-1.8818642578e+03
-1.3701506348e+03
-8.5908227539e+02
-3.5000256348e+02
1.5818576050e+02
6.6503210449e+02
1.1710311279e+03
1.6759591064e+03
-1.8798237305e+03
-1.3681324463e+03
-8.5705255127e+02
-3.4805804443e+02
1.6005192566e+02
6.6684387207e+02
1.1727205811e+03
1.6776158447e+03
-1.8561679688e+03
-1.3505838623e+03
-8.4765661621e+02
-3.4499316406e+02
1.5591912842e+02
6.5604217529e+02
1.1551156006e+03
1.6537113037e+03
-1.8581715088e+03
-1.3525490723e+03
-8.4954821777e+02
-3.4686538696e+02
1.5411299133e+02
6.5436230469e+02
1.1534997559e+03
1.6520997314e+03
-1.8596983643e+03
-1.3540693359e+03
-8.5106781006e+02
-3.4828305054e+02
1.5274302673e+02
6.5298583984e+02
1.1521713867e+03
1.6507702637e+03
-1.8608309326e+03
-1.3552005615e+03
-8.5217462158e+02
-3.4941970825e+02
1.5162858582e+02
6.5195452881e+02
1.1511453857e+03
1.6497492676e+03
-1.8615753174e+03
-1.3559476318e+03
-8.5291839600e+02
-3.5010879517e+02
1.5095419312e+02
6.5125836182e+02
1.1504565430e+03
1.6490579834e+03
-1.8619455566e+03
-1.3563175049e+03
-8.5328509521e+02
-3.5048773193e+02
1.5057994080e+02
6.5090893555e+02
1.1501092529e+03
1.6487099609e+03
-1.8619455566e+03
-1.3563175049e+03
-8.5328509521e+02
-3.5048773193e+02
1.5057994080e+02
6.5090893555e+02
1.1501092529e+03
1.6487099609e+03
-1.8615753174e+03
-1.3559476318e+03
-8.5291839600e+02
-3.5010879517e+02
1.5095419312e+02
6.5125836182e+02
1.1504565430e+03
1.6490579834e+03
-1.8608309326e+03
-1.3552005615e+03
-8.5217462158e+02
-3.4941970825e+02
1.5162858582e+02
6.5195452881e+02
1.1511453857e+03
1.6497492676e+03
-1.8596983643e+03
-1.3540693359e+03
-8.5106781006e+02
-3.4828305054e+02
1.5274302673e+02
6.5298583984e+02
1.1521713867e+03
1.6507702637e+03
-1.8581715088e+03
-1.3525490723e+03
-8.4954821777e+02
-3.4686538696e+02
1.5411299133e+02
6.5436230469e+02
1.1534997559e+03
1.6520997314e+03
-1.8561679688e+03
-1.3505838623e+03
-8.4765661621e+02
-3.4499316406e+02
1.5591912842e+02
6.5604217529e+02
1.1551156006e+03
1.6537113037e+03
-1.8237773438e+03
-1.3292648926e+03
-8.3415734863e+02
-3.4163619995e+02
1.5068600464e+02
6.4174383545e+02
1.1321809082e+03
1.6217803955e+03
-1.8256290283e+03
-1.3310194092e+03
-8.3593939209e+02
-3.4329794312e+02
1.4910218811e+02
6.4017181396e+02
1.1307288818e+03
1.6202940674e+03
-1.8271285400e+03
-1.3324742432e+03
-8.3730780029e+02
-3.4471646118e+02
1.4773091125e+02
6.3892535400e+02
1.1294704590e+03
1.6190017090e+03
-1.8282056885e+03
-1.3335460205e+03
-8.3836431885e+02
-3.4566903687e+02
1.4681430054e+02
6.3795068359e+02
1.1285101318e+03
1.6180280762e+03
-1.8289244385e+03
-1.3342506104e+03
-8.3905163574e+02
-3.4639331055e+02
1.4610641479e+02
6.3729736328e+02
1.1278597412e+03
1.6173636475e+03
-1.8292796631e+03
-1.3346047363e+03
-8.3939880371e+02
-3.4671044922e+02
1.4579832458e+02
6.3696905518e+02
1.1275310059e+03
1.6170297852e+03
-1.8292796631e+03
-1.3346047363e+03
-8.3939880371e+02
-3.4671044922e+02
1.4579832458e+02
6.3696905518e+02
1.1275310059e+03
1.6170297852e+03
-1.8289244385e+03
-1.3342506104e+03
-8.3905163574e+02
-3.4639331055e+02
1.4610641479e+02
6.3729736328e+02
1.1278597412e+03
1.6173636475e+03
-1.8282056885e+03
-1.3335460205e+03
-8.3836431885e+02
-3.4566903687e+02
1.4681430054e+02
6.3795068359e+02
1.1285101318e+03
1.6180280762e+03
-1.8271285400e+03
-1.3324742432e+03
-8.3730780029e+02
-3.4471646118e+02
1.4773091125e+02
6.3892535400e+02
1.1294704590e+03
1.6190017090e+03
-1.8256290283e+03
-1.3310194092e+03
-8.3593939209e+02
-3.4329794312e+02
1.4910218811e+02
6.4017181396e+02
1.1307288818e+03
1.6202940674e+03
-1.8237773438e+03
-1.3292648926e+03
-8.3415734863e+02
-3.4163619995e+02
1.5068600464e+02
6.4174383545e+02
1.1321809082e+03
1.6217803955e+03
-1.7853096924e+03
-1.3004622803e+03
-8.1897741699e+02
-3.3650527954e+02
1.4395901489e+02
6.2413446045e+02
1.1035130615e+03
1.5828199463e+03
-1.7870977783e+03
-1.3021364746e+03
-8.2052764893e+02
-3.3807064819e+02
1.4245262146e+02
6.2277917480e+02
1.1021798096e+03
1.5814090576e+03
-1.7884755859e+03
-1.3034495850e+03
-8.2182415771e+02
-3.3920330811e+02
1.4136311340e+02
6.2162347412e+02
1.1010468750e+03
1.5802166748e+03
-1.7895054932e+03
-1.3044423828e+03
-8.2276446533e+02
-3.4020175171e+02
1.4038180542e+02
6.2075183105e+02
1.1001508789e+03
1.5792941895e+03
-1.7901834717e+03
-1.3051041260e+03
-8.2341021729e+02
-3.4075976562e+02
1.3983638000e+02
6.2015454102e+02
1.0995454102e+03
1.5786662598e+03
-1.7905208740e+03
-1.3054315186e+03
-8.2372723389e+02
-3.4109597778e+02
1.3950335693e+02
6.1985327148e+02
1.0992385254e+03
1.5783498535e+03
-1.7905208740e+03
-1.3054315186e+03
-8.2372723389e+02
-3.4109597778e+02
1.3950335693e+02
6.1985327148e+02
1.0992385254e+03
1.5783498535e+03
-1.7901834717e+03
-1.3051041260e+03
-8.2341021729e+02
-3.4075976562e+02
1.3983638000e+02
6.2015454102e+02
1.0995454102e+03
1.5786662598e+03
-1.7895054932e+03
-1.3044423828e+03
-8.2276446533e+02
-3.4020175171e+02
1.4038180542e+02
6.2075183105e+02
1.1001508789e+03
1.5792941895e+03
-1.7884755859e+03
-1.3034495850e+03
-8.2182415771e+02
-3.3920330811e+02
1.4136311340e+02
6.2162347412e+02
1.1010468750e+03
1.5802166748e+03
-1.7870977783e+03
-1.3021364746e+03
-8.2052764893e+02
-3.3807064819e+02
1.4245262146e+02
6.2277917480e+02
1.1021798096e+03
1.5814090576e+03
-1.7853096924e+03
-1.3004622803e+03
-8.1897741699e+02
-3.3650527954e+02
1.4395901489e+02
6.2413446045e+02
1.1035130615e+03
1.5828199463e+03
-1.7378981934e+03
-1.2696112061e+03
-7.9897723389e+02
-3.3172070312e+02
1.3640122986e+02
6.0335906982e+02
1.0700371094e+03
1.5362246094e+03
-1.7394804688e+03
-1.2709842529e+03
-8.0039373779e+02
-3.3296002197e+02
1.3523652649e+02
6.0214355469e+02
1.0689310303e+03
1.5349832764e+03
-1.7408143311e+03
-1.2721987305e+03
-8.0146630859e+02
-3.3413491821e+02
1.3410836792e+02
6.0117669678e+02
1.0679005127e+03
1.5338485107e+03
-1.7417694092e+03
-1.2731104736e+03
-8.0233715820e+02
-3.3484576416e+02
1.3343470764e+02
6.0038494873e+02
1.0670966797e+03
1.5329903564e+03
-1.7424105225e+03
-1.2737114258e+03
-8.0290270996e+02
-3.3546649170e+02
1.3283093262e+02
5.9984741211e+02
1.0665447998e+03
1.5324008789e+03
-1.7427276611e+03
-1.2740170898e+03
-8.0319378662e+02
-3.3571353149e+02
1.3259365845e+02
5.9957440186e+02
1.0662637939e+03
1.5321038818e+03
-1.7427276611e+03
-1.2740170898e+03
-8.0319378662e+02
-3.3571353149e+02
1.3259365845e+02
5.9957440186e+02
1.0662637939e+03
1.5321038818e+03
-1.7424105225e+03
-1.2737114258e+03
-8.0290270996e+02
-3.3546649170e+02
1.3283093262e+02
5.9984741211e+02
1.0665447998e+03
1.5324008789e+03
-1.7417694092e+03
-1.2731104736e+03
-8.0233715820e+02
-3.3484576416e+02
1.3343470764e+02
6.0038494873e+02
1.0670966797e+03
1.5329903564e+03
-1.7408143311e+03
-1.2721987305e+03
-8.0146630859e+02
-3.3413491821e+02
1.3410836792e+02
6.0117669678e+02
1.0679005127e+03
1.5338485107e+03
-1.7394804688e+03
-1.2709842529e+03
-8.0039373779e+02
-3.3296002197e+02
1.3523652649e+02
6.0214355469e+02
1.0689310303e+03
1.5349832764e+03
-1.7378981934e+03
-1.2696112061e+03
-7.9897723389e+02
-3.3172070312e+02
1.3640122986e+02
6.0335906982e+02
1.0700371094e+03
1.5362246094e+03
-1.6859803467e+03
-1.2301231689e+03
-7.7874554443e+02
-3.2446463013e+02
1.2730566406e+02
5.7946350098e+02
1.0312889404e+03
1.4834222412e+03
-1.6874677734e+03
-1.2313973389e+03
-7.7983044434e+02
-3.2562487793e+02
1.2619750214e+02
5.7854730225e+02
1.0303427734e+03
1.4822882080e+03
-1.6886514893e+03
-1.2324379883e+03
-7.8082501221e+02
-3.2636791992e+02
1.2548942566e+02
5.7769042969e+02
1.0294692383e+03
1.4812755127e+03
-1.6895407715e+03
-1.2332442627e+03
-7.8154376221e+02
-3.2717852783e+02
1.2469055176e+02
5.7703137207e+02
1.0287484131e+03
1.4804860840e+03
-1.6901303711e+03
-1.2337908936e+03
-7.8205688477e+02
-3.2756655884e+02
1.2431182861e+02
5.7656671143e+02
1.0282554932e+03
1.4799428711e+03
-1.6904230957e+03
-1.2340614014e+03
-7.8230639648e+02
-3.2784060669e+02
1.2403921509e+02
5.7633123779e+02
1.0280031738e+03
1.4796694336e+03
-1.6904230957e+03
-1.2340614014e+03
-7.8230639648e+02
-3.2784060669e+02
1.2403921509e+02
5.7633123779e+02
1.0280031738e+03
1.4796694336e+03
-1.6901303711e+03
-1.2337908936e+03
-7.8205688477e+02
-3.2756655884e+02
1.2431182861e+02
5.7656671143e+02
1.0282554932e+03
1.4799428711e+03
-1.6895407715e+03
-1.2332442627e+03
-7.8154376221e+02
-3.2717852783e+02
1.2469055176e+02
5.7703137207e+02
1.0287484131e+03
1.4804860840e+03
-1.6886514893e+03
-1.2324379883e+03
-7.8082501221e+02
-3.2636791992e+02
1.2548942566e+02
5.7769042969e+02
1.0294692383e+03
1.4812755127e+03
-1.6874677734e+03
-1.2313973389e+03
-7.7983044434e+02
-3.2562487793e+02
1.2619750214e+02
5.7854730225e+02
1.0303427734e+03
1.4822882080e+03
-1.6859803467e+03
-1.2301231689e+03
-7.7874554443e+02
-3.2446463013e+02
1.2730566406e+02
5.7946350098e+02
1.0312889404e+03
1.4834222412e+03
-1.6248020020e+03
-1.1910672607e+03
-7.5241760254e+02
-3.1857604980e+02
1.1773854828e+02
5.5299176025e+02
9.8821502686e+02
1.4236169434e+03
-1.6260565186e+03
-1.1919694824e+03
-7.5338427734e+02
-3.1927017212e+02
1.1711211395e+02
5.5221960449e+02
9.8753619385e+02
1.4226754150e+03
-1.6271766357e+03
-1.1928759766e+03
-7.5408691406e+02
-3.2015234375e+02
1.1627868652e+02
5.5160223389e+02
9.8679510498e+02
1.4217419434e+03
-1.6279805908e+03
-1.1935865479e+03
-7.5472229004e+02
-3.2055850220e+02
1.1591013336e+02
5.5104241943e+02
9.8618737793e+02
1.4210284424e+03
-1.6285234375e+03
-1.1940572510e+03
-7.5513500977e+02
-3.2104370117e+02
1.1544322205e+02
5.5065100098e+02
9.8575897217e+02
1.4205332031e+03
-1.6287930908e+03
-1.1943020020e+03
-7.5535681152e+02
-3.2120715332e+02
1.1529022980e+02
5.5044598389e+02
9.8553717041e+02
1.4202819824e+03
-1.6287930908e+03
-1.1943020020e+03
-7.5535681152e+02
-3.2120715332e+02
1.1529022980e+02
5.5044598389e+02
9.8553717041e+02
1.4202819824e+03
-1.6285234375e+03
-1.1940572510e+03
-7.5513500977e+02
-3.2104370117e+02
1.1544322205e+02
5.5065100098e+02
9.8575897217e+02
1.4205332031e+03
-1.6279805908e+03
-1.1935865479e+03
-7.5472229004e+02
-3.2055850220e+02
1.1591013336e+02
5.5104241943e+02
9.8618737793e+02
1.4210284424e+03
-1.6271766357e+03
-1.1928759766e+03
-7.5408691406e+02
-3.2015234375e+02
1.1627868652e+02
5.5160223389e+02
9.8679510498e+02
1.4217419434e+03
-1.6260565186e+03
-1.1919694824e+03
-7.5338427734e+02
-3.1927017212e+02
1.1711211395e+02
5.5221960449e+02
9.8753619385e+02
1.4226754150e+03
-1.6248020020e+03
-1.1910672607e+03
-7.5241760254e+02
-3.1857604980e+02
1.1773854828e+02
5.5299176025e+02
9.8821502686e+02
1.4236169434e+03
-1.5612011719e+03
-1.1414919434e+03
-7.2820336914e+02
-3.0905822754e+02
1.0656162262e+02
5.2340747070e+02
9.4072863770e+02
1.3584650879e+03
-1.5623209229e+03
-1.1422832031e+03
-7.2872351074e+02
-3.0976135254e+02
1.0590586090e+02
5.2301861572e+02
9.4024926758e+02
1.3576662598e+03
-1.5632794189e+03
-1.1430068359e+03
-7.2935797119e+02
-3.1002102661e+02
1.0566798401e+02
5.2251818848e+02
9.3967999268e+02
1.3568631592e+03
-1.5640003662e+03
-1.1435930176e+03
-7.2981640625e+02
-3.1061230469e+02
1.0508283234e+02
5.2210870361e+02
9.3916632080e+02
1.3562307129e+03
-1.5644860840e+03
-1.1440040283e+03
-7.3017321777e+02
-3.1080480957e+02
1.0489497375e+02
5.2179962158e+02
9.3880664062e+02
1.3557869873e+03
-1.5647254639e+03
-1.1442072754e+03
-7.3034143066e+02
-3.1100082397e+02
1.0469837952e+02
5.2164361572e+02
9.3861981201e+02
1.3555650635e+03
-1.5647254639e+03
-1.1442072754e+03
-7.3034143066e+02
-3.1100082397e+02
1.0469837952e+02
5.2164361572e+02
9.3861981201e+02
1.3555650635e+03
-1.5644860840e+03
-1.1440040283e+03
-7.3017321777e+02
-3.1080480957e+02
1.0489497375e+02
5.2179962158e+02
9.3880664062e+02
1.3557869873e+03
-1.5640003662e+03
-1.1435930176e+03
-7.2981640625e+02
-3.1061230469e+02
1.0508283234e+02
5.2210870361e+02
9.3916632080e+02
1.3562307129e+03
-1.5632794189e+03
-1.1430068359e+03
-7.2935797119e+02
-3.1002102661e+02
1.0566798401e+02
5.2251818848e+02
9.3967999268e+02
1.3568631592e+03
-1.5623209229e+03
-1.1422832031e+03
-7.2872351074e+02
-3.0976135254e+02
1.0590586090e+02
5.2301861572e+02
9.4024926758e+02
1.3576662598e+03
-1.5612011719e+03
-1.1414919434e+03
-7.2820336914e+02
-3.0905822754e+02
1.0656162262e+02
5.2340747070e+02
9.4072863770e+02
1.3584650879e+03
-1.4876955566e+03
-1.0959874268e+03
-6.9555383301e+02
-3.0254592896e+02
9.5351890564e+01
4.9225283813e+02
8.8903161621e+02
1.2872498779e+03
-1.4885893555e+03
-1.0963652344e+03
-6.9602697754e+02
-3.0258581543e+02
9.5367156982e+01
4.9197525024e+02
8.8882855225e+02
1.2866396484e+03
-1.4894620361e+03
-1.0969165039e+03
-6.9631359863e+02
-3.0316632080e+02
9.4842041016e+01
4.9175073242e+02
8.8841754150e+02
1.2859354248e+03
-1.4900964355e+03
-1.0973968506e+03
-6.9668005371e+02
-3.0322311401e+02
9.4823005676e+01
4.9145635986e+02
8.8803314209e+02
1.2853867188e+03
-1.4905267334e+03
-1.0977191162e+03
-6.9691717529e+02
-3.0354690552e+02
9.4519821167e+01
4.9123339844e+02
8.8774505615e+02
1.2849993896e+03
-1.4907427979e+03
-1.0978939209e+03
-6.9706176758e+02
-3.0361996460e+02
9.4458068848e+01
4.9110391235e+02
8.8758978271e+02
1.2847995605e+03
-1.4907427979e+03
-1.0978939209e+03
-6.9706176758e+02
-3.0361996460e+02
9.4458068848e+01
4.9110391235e+02
8.8758978271e+02
1.2847995605e+03
-1.4905267334e+03
-1.0977191162e+03
-6.9691717529e+02
-3.0354690552e+02
9.4519821167e+01
4.9123339844e+02
8.8774505615e+02
1.2849993896e+03
-1.4900964355e+03
-1.0973968506e+03
-6.9668005371e+02
-3.0322311401e+02
9.4823005676e+01
4.9145635986e+02
8.8803314209e+02
1.2853867188e+03
-1.4894620361e+03
-1.0969165039e+03
-6.9631359863e+02
-3.0316632080e+02
9.4842041016e+01
4.9175073242e+02
8.8841754150e+02
1.2859354248e+03
-1.4885893555e+03
-1.0963652344e+03
-6.9602697754e+02
-3.0258581543e+02
9.5367156982e+01
4.9197525024e+02
8.8882855225e+02
1.2866396484e+03
-1.4876955566e+03
-1.0959874268e+03
-6.9555383301e+02
-3.0254592896e+02
9.5351890564e+01
4.9225283813e+02
8.8903161621e+02
1.2872498779e+03
-1.4144688721e+03
-1.0367600098e+03
-6.6885437012e+02
-2.9048086548e+02
8.2425498962e+01
4.5752972412e+02
8.3452526855e+02
1.2113233643e+03
-1.4151768799e+03
-1.0370148926e+03
-6.6873858643e+02
-2.9073873901e+02
8.2216423035e+01
4.5772488403e+02
8.3456329346e+02
1.2108953857e+03
-1.4158942871e+03
-1.0373981934e+03
-6.6897467041e+02
-2.9043133545e+02
8.2525947571e+01
4.5761840820e+02
8.3432434082e+02
1.2103201904e+03
-1.4164300537e+03
-1.0377480469e+03
-6.6915069580e+02
-2.9078649902e+02
8.2170471191e+01
4.5747799683e+02
8.3403399658e+02
1.2098563232e+03
-1.4168044434e+03
-1.0380130615e+03
-6.6934167480e+02
-2.9077709961e+02
8.2178588867e+01
4.5733334351e+02
8.3381781006e+02
1.2095183105e+03
-1.4169858398e+03
-1.0381446533e+03
-6.6942041016e+02
-2.9088421631e+02
8.2068527222e+01
4.5726495361e+02
8.3370214844e+02
1.2093524170e+03
-1.4169858398e+03
-1.0381446533e+03
-6.6942041016e+02
-2.9088421631e+02
8.2068527222e+01
4.5726495361e+02
8.3370214844e+02
1.2093524170e+03
-1.4168044434e+03
-1.0380130615e+03
-6.6934167480e+02
-2.9077709961e+02
8.2178588867e+01
4.5733334351e+02
8.3381781006e+02
1.2095183105e+03
-1.4164300537e+03
-1.0377480469e+03
-6.6915069580e+02
-2.9078649902e+02
8.2170471191e+01
4.5747799683e+02
8.3403399658e+02
1.2098563232e+03
-1.4158942871e+03
-1.0373981934e+03
-6.6897467041e+02
-2.9043133545e+02
8.2525947571e+01
4.5761840820e+02
8.3432434082e+02
1.2103201904e+03
-1.4151768799e+03
-1.0370148926e+03
-6.6873858643e+02
-2.9073873901e+02
8.2216423035e+01
4.5772488403e+02
8.3456329346e+02
1.2108953857e+03
-1.4144688721e+03
-1.0367600098e+03
-6.6885437012e+02
-2.9048086548e+02
8.2425498962e+01
4.5752972412e+02
8.3452526855e+02
1.2113233643e+03
-1.3301182861e+03
-9.8702032471e+02
-6.2948803711e+02
-2.8406381226e+02
6.9940208435e+01
4.2294702148e+02
7.7496954346e+02
1.1307928467e+03
-1.3306416016e+03
-9.8685791016e+02
-6.2946606445e+02
-2.8333990479e+02
7.0696754456e+01
4.2317944336e+02
7.7525622559e+02
1.1305234375e+03
-1.3312504883e+03
-9.8703350830e+02
-6.2932659912e+02
-2.8365548706e+02
7.0449455261e+01
4.2335733032e+02
7.7518951416e+02
1.1300557861e+03
-1.3317089844e+03
-9.8726806641e+02
-6.2941229248e+02
-2.8334735107e+02
7.0796669006e+01
4.2334289551e+02
7.7504138184e+02
1.1296820068e+03
-1.3320189209e+03
-9.8743145752e+02
-6.2945855713e+02
-2.8348641968e+02
7.0681442261e+01
4.2330413818e+02
7.7490332031e+02
1.1294114990e+03
-1.3321782227e+03
-9.8753045654e+02
-6.2952221680e+02
-2.8346762085e+02
7.0712730408e+01
4.2325381470e+02
7.7481842041e+02
1.1292662354e+03
-1.3321782227e+03
-9.8753045654e+02
-6.2952221680e+02
-2.8346762085e+02
7.0712730408e+01
4.2325381470e+02
7.7481842041e+02
1.1292662354e+03
-1.3320189209e+03
-9.8743145752e+02
-6.2945855713e+02
-2.8348641968e+02
7.0681442261e+01
4.2330413818e+02
7.7490332031e+02
1.1294114990e+03
-1.3317089844e+03
-9.8726806641e+02
-6.2941229248e+02
-2.8334735107e+02
7.0796669006e+01
4.2334289551e+02
7.7504138184e+02
1.1296820068e+03
-1.3312504883e+03
-9.8703350830e+02
-6.2932659912e+02
-2.8365548706e+02
7.0449455261e+01
4.2335733032e+02
7.7518951416e+02
1.1300557861e+03
-1.3306416016e+03
-9.8685791016e+02
-6.2946606445e+02
-2.8333990479e+02
7.0696754456e+01
4.2317944336e+02
7.7525622559e+02
1.1305234375e+03
-1.3301182861e+03
-9.8702032471e+02
-6.2948803711e+02
-2.8406381226e+02
6.9940208435e+01
4.2294702148e+02
7.7496954346e+02
1.1307928467e+03
-1.2494732666e+03
-9.1820227051e+02
-6.0242272949e+02
-2.6886364746e+02
5.5660858154e+01
3.8342932129e+02
7.1560107422e+02
1.0455087891e+03
-1.2497564697e+03
-9.1790197754e+02
-6.0163623047e+02
-2.6877740479e+02
5.5810588837e+01
3.8422430420e+02
7.1617321777e+02
1.0454599609e+03
-1.2502316895e+03
-9.1793652344e+02
-6.0144964600e+02
-2.6783023071e+02
5.6733699799e+01
3.8453442383e+02
7.1627581787e+02
1.0451214600e+03
-1.2505758057e+03
-9.1804998779e+02
-6.0133105469e+02
-2.6793350220e+02
5.6620986938e+01
3.8466934204e+02
7.1621069336e+02
1.0448264160e+03
-1.2508392334e+03
-9.1817028809e+02
-6.0136169434e+02
-2.6773907471e+02
5.6807186127e+01
3.8468133545e+02
7.1613549805e+02
1.0445905762e+03
-1.2509635010e+03
-9.1823297119e+02
-6.0135076904e+02
-2.6775460815e+02
5.6785854340e+01
3.8470010376e+02
7.1609020996e+02
1.0444794922e+03
-1.2509635010e+03
-9.1823297119e+02
-6.0135076904e+02
-2.6775460815e+02
5.6785854340e+01
3.8470010376e+02
7.1609020996e+02
1.0444794922e+03
-1.2508392334e+03
-9.1817028809e+02
-6.0136169434e+02
-2.6773907471e+02
5.6807186127e+01
3.8468133545e+02
7.1613549805e+02
1.0445905762e+03
-1.2505758057e+03
-9.1804998779e+02
-6.0133105469e+02
-2.6793350220e+02
5.6620986938e+01
3.8466934204e+02
7.1621069336e+02
1.0448264160e+03
-1.2502316895e+03
-9.1793652344e+02
-6.0144964600e+02
-2.6783023071e+02
5.6733699799e+01
3.8453442383e+02
7.1627581787e+02
1.0451214600e+03
-1.2497564697e+03
-9.1790197754e+02
-6.0163623047e+02
-2.6877740479e+02
5.5810588837e+01
3.8422430420e+02
7.1617321777e+02
1.0454599609e+03
-1.2494732666e+03
-9.1820227051e+02
-6.0242272949e+02
-2.6886364746e+02
5.5660858154e+01
3.8342932129e+02
7.1560107422e+02
1.0455087891e+03
-1.1557147217e+03
-8.6690875244e+02
-5.5518115234e+02
-2.6372817993e+02
4.2141506195e+01
3.4698001099e+02
6.4847906494e+02
9.5805895996e+02
-1.1558714600e+03
-8.6621875000e+02
-5.5469006348e+02
-2.6209756470e+02
4.3763309479e+01
3.4771771240e+02
6.4924212646e+02
9.5812347412e+02
-1.1562152100e+03
-8.6603448486e+02
-5.5415679932e+02
-2.6222451782e+02
4.3722232819e+01
3.4826644897e+02
6.4950091553e+02
9.5787744141e+02
-1.1565061035e+03
-8.6602539062e+02
-5.5398486328e+02
-2.6158697510e+02
4.4404319763e+01
3.4851809692e+02
6.4958343506e+02
9.5767462158e+02
-1.1566964111e+03
-8.6602990723e+02
-5.5383569336e+02
-2.6152069092e+02
4.4498718262e+01
3.4867282104e+02
6.4959844971e+02
9.5752423096e+02
-1.1567976074e+03
-8.6604913330e+02
-5.5381713867e+02
-2.6141067505e+02
4.4623035431e+01
3.4870462036e+02
6.4958630371e+02
9.5743579102e+02
-1.1567976074e+03
-8.6604913330e+02
-5.5381713867e+02
-2.6141067505e+02
4.4623035431e+01
3.4870462036e+02
6.4958630371e+02
9.5743579102e+02
-1.1566964111e+03
-8.6602990723e+02
-5.5383569336e+02
-2.6152069092e+02
4.4498718262e+01
3.4867282104e+02
6.4959844971e+02
9.5752423096e+02
-1.1565061035e+03
-8.6602539062e+02
-5.5398486328e+02
-2.6158697510e+02
4.4404319763e+01
3.4851809692e+02
6.4958343506e+02
9.5767462158e+02
-1.1562152100e+03
-8.6603448486e+02
-5.5415679932e+02
-2.6222451782e+02
4.3722232819e+01
3.4826644897e+02
6.4950091553e+02
9.5787744141e+02
-1.1558714600e+03
-8.6621875000e+02
-5.5469006348e+02
-2.6209756470e+02
4.3763309479e+01
3.4771771240e+02
6.4924212646e+02
9.5812347412e+02
-1.1557147217e+03
-8.6690875244e+02
-5.5518115234e+02
-2.6372817993e+02
4.2141506195e+01
3.4698001099e+02
6.4847906494e+02
9.5805895996e+02
-1.0697999268e+03
-7.8808654785e+02
-5.3085113525e+02
-2.4408645630e+02
2.7142576218e+01
3.0256539917e+02
5.8689471436e+02
8.6441143799e+02
-1.0696866455e+03
-7.8726550293e+02
-5.2942401123e+02
-2.4389186096e+02
2.7441703796e+01
3.0390652466e+02
5.8797149658e+02
8.6471600342e+02
-1.0699398193e+03
-7.8694732666e+02
-5.2880212402e+02
-2.4226261902e+02
2.9020374298e+01
3.0464749146e+02
5.8841900635e+02
8.6461370850e+02
-1.0700920410e+03
-7.8683117676e+02
-5.2836517334e+02
-2.4206794739e+02
2.9190404892e+01
3.0506613159e+02
5.8857507324e+02
8.6448455811e+02
-1.0702476807e+03
-7.8681164551e+02
-5.2824505615e+02
-2.4171981812e+02
2.9521713257e+01
3.0521551514e+02
5.8862860107e+02
8.6434173584e+02
-1.0703189697e+03
-7.8681359863e+02
-5.2815148926e+02
-2.4165028381e+02
2.9581520081e+01
3.0531057739e+02
5.8864526367e+02
8.6427832031e+02
-1.0703189697e+03
-7.8681359863e+02
-5.2815148926e+02
-2.4165028381e+02
2.9581520081e+01
3.0531057739e+02
5.8864526367e+02
8.6427832031e+02
-1.0702476807e+03
-7.8681164551e+02
-5.2824505615e+02
-2.4171981812e+02
2.9521713257e+01
3.0521551514e+02
5.8862860107e+02
8.6434173584e+02
-1.0700920410e+03
-7.8683117676e+02
-5.2836517334e+02
-2.4206794739e+02
2.9190404892e+01
3.0506613159e+02
5.8857507324e+02
8.6448455811e+02
-1.0699398193e+03
-7.8694732666e+02
-5.2880212402e+02
-2.4226261902e+02
2.9020374298e+01
3.0464749146e+02
5.8841900635e+02
8.6461370850e+02
-1.0696866455e+03
-7.8726550293e+02
-5.2942401123e+02
-2.4389186096e+02
2.7441703796e+01
3.0390652466e+02
5.8797149658e+02
8.6471600342e+02
-1.0697999268e+03
-7.8808654785e+02
-5.3085113525e+02
-2.4408645630e+02
2.7142576218e+01
3.0256539917e+02
5.8689471436e+02
8.6441143799e+02
-9.6812829590e+02
-7.3818542480e+02
-4.7326394653e+02
-2.4256938171e+02
1.2329092026e+01
2.6636920166e+02
5.1191213989e+02
7.7276208496e+02
-9.6792547607e+02
-7.3697113037e+02
-4.7230078125e+02
-2.3978785706e+02
1.5024345398e+01
2.6764074707e+02
5.1313366699e+02
7.7314251709e+02
-9.6800213623e+02
-7.3648291016e+02
-4.7143414307e+02
-2.3979217529e+02
1.5115324974e+01
2.6849139404e+02
5.1366448975e+02
7.7309020996e+02
-9.6815039062e+02
-7.3626202393e+02
-4.7108911133e+02
-2.3894851685e+02
1.6016532898e+01
2.6894717407e+02
5.1394256592e+02
7.7302893066e+02
-9.6823828125e+02
-7.3613177490e+02
-4.7077233887e+02
-2.3868054199e+02
1.6319549561e+01
2.6928491211e+02
5.1409954834e+02
7.7298669434e+02
-9.6828698730e+02
-7.3607623291e+02
-4.7067883301e+02
-2.3848640442e+02
1.6531686783e+01
2.6939932251e+02
5.1415875244e+02
7.7295385742e+02
-9.6828698730e+02
-7.3607623291e+02
-4.7067883301e+02
-2.3848640442e+02
1.6531686783e+01
2.6939932251e+02
5.1415875244e+02
7.7295385742e+02
-9.6823828125e+02
-7.3613177490e+02
-4.7077233887e+02
-2.3868054199e+02
1.6319549561e+01
2.6928491211e+02
5.1409954834e+02
7.7298669434e+02
-9.6815039062e+02
-7.3626202393e+02
-4.7108911133e+02
-2.3894851685e+02
1.6016532898e+01
2.6894717407e+02
5.1394256592e+02
7.7302893066e+02
-9.6800213623e+02
-7.3648291016e+02
-4.7143414307e+02
-2.3979217529e+02
1.5115324974e+01
2.6849139404e+02
5.1366448975e+02
7.7309020996e+02
-9.6792547607e+02
-7.3697113037e+02
-4.7230078125e+02
-2.3978785706e+02
1.5024345398e+01
2.6764074707e+02
5.1313366699e+02
7.7314251709e+02
-9.6812829590e+02
-7.3818542480e+02
-4.7326394653e+02
-2.4256938171e+02
1.2329092026e+01
2.6636920166e+02
5.1191213989e+02
7.7276208496e+02
-8.7849011230e+02
-6.4883160400e+02
-4.5638580322e+02
-2.1533830261e+02
-1.9664876461e+00
2.1594345093e+02
4.5105432129e+02
6.7129852295e+02
-8.7804235840e+02
-6.4762756348e+02
-4.5449755859e+02
-2.1549159241e+02
-1.9250146151e+00
2.1762759399e+02
4.5253247070e+02
6.7190521240e+02
-8.7814306641e+02
-6.4696527100e+02
-4.5348236084e+02
-2.1326702881e+02
2.4717745185e-01
2.1878381348e+02
4.5331442261e+02
6.7200640869e+02
-8.7811395264e+02
-6.4662274170e+02
-4.5266583252e+02
-2.1266293335e+02
8.0507314205e-01
2.1951902771e+02
4.5369415283e+02
6.7204992676e+02
-8.7815771484e+02
-6.4645037842e+02
-4.5237207031e+02
-2.1216702271e+02
1.2720752954e+00
2.1980116272e+02
4.5386984253e+02
6.7200311279e+02
-8.7817608643e+02
-6.4639080811e+02
-4.5219351196e+02
-2.1201307678e+02
1.4094538689e+00
2.1996080017e+02
4.5394067383e+02
6.7198297119e+02
-8.7817608643e+02
-6.4639080811e+02
-4.5219351196e+02
-2.1201307678e+02
1.4094538689e+00
2.1996080017e+02
4.5394067383e+02
6.7198297119e+02
-8.7815771484e+02
-6.4645037842e+02
-4.5237207031e+02
-2.1216702271e+02
1.2720752954e+00
2.1980116272e+02
4.5386984253e+02
6.7200311279e+02
-8.7811395264e+02
-6.4662274170e+02
-4.5266583252e+02
-2.1266293335e+02
8.0507314205e-01
2.1951902771e+02
4.5369415283e+02
6.7204992676e+02
-8.7814306641e+02
-6.4696527100e+02
-4.5348236084e+02
-2.1326702881e+02
2.4717745185e-01
2.1878381348e+02
4.5331442261e+02
6.7200640869e+02
-8.7804235840e+02
-6.4762756348e+02
-4.5449755859e+02
-2.1549159241e+02
-1.9250146151e+00
2.1762759399e+02
4.5253247070e+02
6.7190521240e+02
-8.7849011230e+02
-6.4883160400e+02
-4.5638580322e+02
-2.1533830261e+02
-1.9664876461e+00
2.1594345093e+02
4.5105432129e+02
6.7129852295e+02
-7.7141229248e+02
-6.0258245850e+02
-3.8367147827e+02
-2.2254185486e+02
-1.9602922440e+01
1.8358813477e+02
3.6757876587e+02
5.7772991943e+02
-7.7090631104e+02
-6.0077868652e+02
-3.8208953857e+02
-2.1816459656e+02
-1.5450273514e+01
1.8557290649e+02
3.6927624512e+02
5.7837133789e+02
-7.7066174316e+02
-6.0003735352e+02
-3.8086734009e+02
-2.1790724182e+02
-1.5138939857e+01
1.8669015503e+02
3.7002462769e+02
5.7852142334e+02
-7.7067541504e+02
-5.9964733887e+02
-3.8048516846e+02
-2.1706179810e+02
-1.4224352837e+01
1.8724101257e+02
3.7043878174e+02
5.7855181885e+02
-7.7068865967e+02
-5.9944317627e+02
-3.8009573364e+02
-2.1666339111e+02
-1.3781292915e+01
1.8770368958e+02
3.7069940186e+02
5.7857598877e+02
-7.7070007324e+02
-5.9934112549e+02
-3.7996511841e+02
-2.1642106628e+02
-1.3513875008e+01
1.8788401794e+02
3.7081469727e+02
5.7858367920e+02
-7.7070007324e+02
-5.9934112549e+02
-3.7996511841e+02
-2.1642106628e+02
-1.3513875008e+01
1.8788401794e+02
3.7081469727e+02
5.7858367920e+02
-7.7068865967e+02
-5.9944317627e+02
-3.8009573364e+02
-2.1666339111e+02
-1.3781292915e+01
1.8770368958e+02
3.7069940186e+02
5.7857598877e+02
-7.7067541504e+02
-5.9964733887e+02
-3.8048516846e+02
-2.1706179810e+02
-1.4224352837e+01
1.8724101257e+02
3.7043878174e+02
5.7855181885e+02
-7.7066174316e+02
-6.0003735352e+02
-3.8086734009e+02
-2.1790724182e+02
-1.5138939857e+01
1.8669015503e+02
3.7002462769e+02
5.7852142334e+02
-7.7090631104e+02
-6.0077868652e+02
-3.8208953857e+02
-2.1816459656e+02
-1.5450273514e+01
1.8557290649e+02
3.6927624512e+02
5.7837133789e+02
-7.7141229248e+02
-6.0258245850e+02
-3.8367147827e+02
-2.2254185486e+02
-1.9602922440e+01
1.8358813477e+02
3.6757876587e+02
5.7772991943e+02
-6.7684637451e+02
-5.0376519775e+02
-3.8227270508e+02
-1.8078675842e+02
-3.0339849472e+01
1.2332949829e+02
3.1039801025e+02
4.7077526855e+02
-6.7599420166e+02
-5.0239694214e+02
-3.8029141235e+02
-1.8195684814e+02
-3.1166183472e+01
1.2490895081e+02
3.1207919312e+02
4.7168475342e+02
-6.7610095215e+02
-5.0147894287e+02
-3.7915887451e+02
-1.7965550232e+02
-2.8828514099e+01
1.2630895233e+02
3.1311737061e+02
4.7186621094e+02
-6.7597979736e+02
-5.0097872925e+02
-3.7794757080e+02
-1.7856033325e+02
-2.7777765274e+01
1.2737145233e+02
3.1369845581e+02
4.7206686401e+02
-6.7594506836e+02
-5.0064321899e+02
-3.7742028809e+02
-1.7787748718e+02
-2.7130559921e+01
1.2781220245e+02
3.1399542236e+02
4.7212832642e+02
-6.7592132568e+02
-5.0051144409e+02
-3.7713027954e+02
-1.7761399841e+02
-2.6891042709e+01
1.2803935242e+02
3.1412051392e+02
4.7215377808e+02
-6.7592132568e+02
-5.0051144409e+02
-3.7713027954e+02
-1.7761399841e+02
-2.6891042709e+01
1.2803935242e+02
3.1412051392e+02
4.7215377808e+02
-6.7594506836e+02
-5.0064321899e+02
-3.7742028809e+02
-1.7787748718e+02
-2.7130559921e+01
1.2781220245e+02
3.1399542236e+02
4.7212832642e+02
-6.7597979736e+02
-5.0097872925e+02
-3.7794757080e+02
-1.7856033325e+02
-2.7777765274e+01
1.2737145233e+02
3.1369845581e+02
4.7206686401e+02
-6.7610095215e+02
-5.0147894287e+02
-3.7915887451e+02
-1.7965550232e+02
-2.8828514099e+01
1.2630895233e+02
3.1311737061e+02
4.7186621094e+02
-6.7599420166e+02
-5.0239694214e+02
-3.8029141235e+02
-1.8195684814e+02
-3.1166183472e+01
1.2490895081e+02
3.1207919312e+02
4.7168475342e+02
-6.7684637451e+02
-5.0376519775e+02
-3.8227270508e+02
-1.8078675842e+02
-3.0339849472e+01
1.2332949829e+02
3.1039801025e+02
4.7077526855e+02
-5.7132189941e+02
-4.5944165039e+02
-2.8401052856e+02
-2.0623980713e+02
-5.3511550903e+01
1.0266701508e+02
2.1710023499e+02
3.7197015381e+02
-5.7100036621e+02
-4.5717575073e+02
-2.8179571533e+02
-2.0001635742e+02
-4.7655338287e+01
1.0564754486e+02
2.1932774353e+02
3.7265505981e+02
-5.7042065430e+02
-4.5621774292e+02
-2.7993145752e+02
-1.9879809570e+02
-4.6554763794e+01
1.0718721008e+02
2.2027809143e+02
3.7304757690e+02
-5.7025054932e+02
-4.5560754395e+02
-2.7951501465e+02
-1.9800384521e+02
-4.5746421814e+01
1.0778263855e+02
2.2078358459e+02
3.7312460327e+02
-5.7015429688e+02
-4.5536047363e+02
-2.7915051270e+02
-1.9756312561e+02
-4.5280551910e+01
1.0827432251e+02
2.2109036255e+02
3.7315878296e+02
-5.7011871338e+02
-4.5523828125e+02
-2.7903854370e+02
-1.9733277893e+02
-4.5029045105e+01
1.0847613525e+02
2.2122756958e+02
3.7317971802e+02
-5.7011871338e+02
-4.5523828125e+02
-2.7903854370e+02
-1.9733277893e+02
-4.5029045105e+01
1.0847613525e+02
2.2122756958e+02
3.7317971802e+02
-5.7015429688e+02
-4.5536047363e+02
-2.7915051270e+02
-1.9756312561e+02
-4.5280551910e+01
1.0827432251e+02
2.2109036255e+02
3.7315878296e+02
-5.7025054932e+02
-4.5560754395e+02
-2.7951501465e+02
-1.9800384521e+02
-4.5746421814e+01
1.0778263855e+02
2.2078358459e+02
3.7312460327e+02
-5.7042065430e+02
-4.5621774292e+02
-2.7993145752e+02
-1.9879809570e+02
-4.6554763794e+01
1.0718721008e+02
2.2027809143e+02
3.7304757690e+02
-5.7100036621e+02
-4.5717575073e+02
-2.8179571533e+02
-2.0001635742e+02
-4.7655338287e+01
1.0564754486e+02
2.1932774353e+02
3.7265505981e+02
-5.7132189941e+02
-4.5944165039e+02
-2.8401052856e+02
-2.0623980713e+02
-5.3511550903e+01
1.0266701508e+02
2.1710023499e+02
3.7197015381e+02
-4.6458856201e+02
-3.5972174072e+02
-3.1481048584e+02
-1.3778913879e+02
-5.7356006622e+01
2.2000568390e+01
1.6797612000e+02
2.7167022705e+02
-4.6256671143e+02
-3.5784191895e+02
-3.1230126953e+02
-1.3954116821e+02
-5.8781433105e+01
2.3172414780e+01
1.6948464966e+02
2.7293991089e+02
-4.6246524048e+02
-3.5657583618e+02
-3.1151040649e+02
-1.3827804565e+02
-5.7250114441e+01
2.4407276154e+01
1.7068180847e+02
2.7319235229e+02
-4.6219415283e+02
-3.5604052734e+02
-3.1013793945e+02
-1.3696948242e+02
-5.5852725983e+01
2.5680952072e+01
1.7147299194e+02
2.7363671875e+02
-4.6210751343e+02
-3.5556176758e+02
-3.0939556885e+02
-1.3614779663e+02
-5.4994468689e+01
2.6338115692e+01
1.7195927429e+02
2.7389263916e+02
-4.6204617310e+02
-3.5535467529e+02
-3.0897821045e+02
-1.3576190186e+02
-5.4600704193e+01
2.6677457809e+01
1.7218931580e+02
2.7401406860e+02
-4.6204617310e+02
-3.5535467529e+02
-3.0897821045e+02
-1.3576190186e+02
-5.4600704193e+01
2.6677457809e+01
1.7218931580e+02
2.7401406860e+02
-4.6210751343e+02
-3.5556176758e+02
-3.0939556885e+02
-1.3614779663e+02
-5.4994468689e+01
2.6338115692e+01
1.7195927429e+02
2.7389263916e+02
-4.6219415283e+02
-3.5604052734e+02
-3.1013793945e+02
-1.3696948242e+02
-5.5852725983e+01
2.5680952072e+01
1.7147299194e+02
2.7363671875e+02
-4.6246524048e+02
-3.5657583618e+02
-3.1151040649e+02
-1.3827804565e+02
-5.7250114441e+01
2.4407276154e+01
1.7068180847e+02
2.7319235229e+02
-4.6256671143e+02
-3.5784191895e+02
-3.1230126953e+02
-1.3954116821e+02
-5.8781433105e+01
2.3172414780e+01
1.6948464966e+02
2.7293991089e+02
-4.6458856201e+02
-3.5972174072e+02
-3.1481048584e+02
-1.3778913879e+02
-5.7356006622e+01
2.2000568390e+01
1.6797612000e+02
2.7167022705e+02
-3.6801800537e+02
-3.0294500732e+02
-1.7218307495e+02
-2.0307659912e+02
-9.2855110168e+01
2.8796144485e+01
6.2017604828e+01
1.5389465332e+02
-3.6859979248e+02
-3.0087478638e+02
-1.7101783752e+02
-1.9742182922e+02
-8.7259277344e+01
3.2551757812e+01
6.5635452271e+01
1.5515316772e+02
-3.6833218384e+02
-3.0012341309e+02
-1.6824900818e+02
-1.9411010742e+02
-8.4309989929e+01
3.5047050476e+01
6.6992240906e+01
1.5577200317e+02
-3.6844122314e+02
-2.9927221680e+02
-1.6738630676e+02
-1.9272521973e+02
-8.3164665222e+01
3.5968158722e+01
6.7576644897e+01
1.5569595337e+02
-3.6839846802e+02
-2.9901095581e+02
-1.6688444519e+02
-1.9197943115e+02
-8.2565925598e+01
3.6474205017e+01
6.7796897888e+01
1.5558056641e+02
-3.6842483521e+02
-2.9888330078e+02
-1.6675131226e+02
-1.9168119812e+02
-8.2338279724e+01
3.6644809723e+01
6.7859207153e+01
1.5549920654e+02
-3.6842483521e+02
-2.9888330078e+02
-1.6675131226e+02
-1.9168119812e+02
-8.2338279724e+01
3.6644809723e+01
6.7859207153e+01
1.5549920654e+02
-3.6839846802e+02
-2.9901095581e+02
-1.6688444519e+02
-1.9197943115e+02
-8.2565925598e+01
3.6474205017e+01
6.7796897888e+01
1.5558056641e+02
-3.6844122314e+02
-2.9927221680e+02
-1.6738630676e+02
-1.9272521973e+02
-8.3164665222e+01
3.5968158722e+01
6.7576644897e+01
1.5569595337e+02
-3.6833218384e+02
-3.0012341309e+02
-1.6824900818e+02
-1.9411010742e+02
-8.4309989929e+01
3.5047050476e+01
6.6992240906e+01
1.5577200317e+02
-3.6859979248e+02
-3.0087478638e+02
-1.7101783752e+02
-1.9742182922e+02
-8.7259277344e+01
3.2551757812e+01
6.5635452271e+01
1.5515316772e+02
-3.6801800537e+02
-3.0294500732e+02
-1.7218307495e+02
-2.0307659912e+02
-9.2855110168e+01
2.8796144485e+01
6.2017604828e+01
1.5389465332e+02
-2.6664541626e+02
-2.2580012512e+02
-2.3939974976e+02
-5.0492755890e+01
-6.0824550629e+01
-8.9523330688e+01
1.4178647995e+01
5.9219623566e+01
-2.6507543945e+02
-2.2460052490e+02
-2.3428276062e+02
-4.8020351410e+01
-5.8491870880e+01
-8.7930740356e+01
1.3434405327e+01
5.8609058380e+01
-2.6506546021e+02
-2.2324450684e+02
-2.3452960205e+02
-4.9253818512e+01
-5.9246242523e+01
-8.8207099915e+01
1.3468596458e+01
5.7716182709e+01
-2.6463265991e+02
-2.2340570068e+02
-2.3438740540e+02
-4.9600364685e+01
-5.9122055054e+01
-8.8105712891e+01
1.3423398972e+01
5.7615894318e+01
-2.6475210571e+02
-2.2330844116e+02
-2.3447988892e+02
-4.9923542023e+01
-5.9112472534e+01
-8.8075141907e+01
1.3496118546e+01
5.7428211212e+01
-2.6468984985e+02
-2.2335459900e+02
-2.3444287109e+02
-5.0054340363e+01
-5.9059890747e+01
-8.8003593445e+01
1.3526833534e+01
5.7414577484e+01
-2.6468984985e+02
-2.2335459900e+02
-2.3444287109e+02
-5.0054340363e+01
-5.9059890747e+01
-8.8003593445e+01
1.3526833534e+01
5.7414577484e+01
-2.6475210571e+02
-2.2330844116e+02
-2.3447988892e+02
-4.9923542023e+01
-5.9112472534e+01
-8.8075141907e+01
1.3496118546e+01
5.7428211212e+01
-2.6463265991e+02
-2.2340570068e+02
-2.3438740540e+02
-4.9600364685e+01
-5.9122055054e+01
-8.8105712891e+01
1.3423398972e+01
5.7615894318e+01
-2.6506546021e+02
-2.2324450684e+02
-2.3452960205e+02
-4.9253818512e+01
-5.9246242523e+01
-8.8207099915e+01
1.3468596458e+01
5.7716182709e+01
-2.6507543945e+02
-2.2460052490e+02
-2.3428276062e+02
-4.8020351410e+01
-5.8491870880e+01
-8.7930740356e+01
1.3434405327e+01
5.8609058380e+01
-2.6664541626e+02
-2.2580012512e+02
-2.3939974976e+02
-5.0492755890e+01
-6.0824550629e+01
-8.9523330688e+01
1.4178647995e+01
5.9219623566e+01
-8.1899093628e+01
-1.2529219055e+02
-1.1348703766e+02
-3.1420974731e+02
-1.9414407349e+02
-1.7803533554e+01
-2.3156732559e+01
2.3420892715e+01
-8.0555427551e+01
-1.2094576263e+02
-1.1838724518e+02
-3.2187484741e+02
-2.0332611084e+02
-2.3493848801e+01
-2.3959312439e+01
2.1200210571e+01
-7.9662780762e+01
-1.2181843567e+02
-1.1765203094e+02
-3.2032171631e+02
-2.0302693176e+02
-2.4080846786e+01
-2.5129961014e+01
2.1000837326e+01
-7.9973426819e+01
-1.2112767029e+02
-1.1709864807e+02
-3.1908670044e+02
-2.0288154602e+02
-2.4173158646e+01
-2.5156589508e+01
2.0752571106e+01
-7.9477943420e+01
-1.2097664642e+02
-1.1631452942e+02
-3.1795727539e+02
-2.0247750854e+02
-2.3960508347e+01
-2.5156921387e+01
2.1197990417e+01
-7.9623779297e+01
-1.2066464996e+02
-1.1601029205e+02
-3.1736965942e+02
-2.0229235840e+02
-2.3888921738e+01
-2.5021417618e+01
2.1179857254e+01
-7.9623779297e+01
-1.2066464996e+02
-1.1601029205e+02
-3.1736965942e+02
-2.0229235840e+02
-2.3888921738e+01
-2.5021417618e+01
2.1179857254e+01
-7.9477943420e+01
-1.2097664642e+02
-1.1631452942e+02
-3.1795727539e+02
-2.0247750854e+02
-2.3960508347e+01
-2.5156921387e+01
2.1197990417e+01
-7.9973426819e+01
-1.2112767029e+02
-1.1709864807e+02
-3.1908670044e+02
-2.0288154602e+02
-2.4173158646e+01
-2.5156589508e+01
2.0752571106e+01
-7.9662780762e+01
-1.2181843567e+02
-1.1765203094e+02
-3.2032171631e+02
-2.0302693176e+02
-2.4080846786e+01
-2.5129961014e+01
2.1000837326e+01
-8.0555427551e+01
-1.2094576263e+02
-1.1838724518e+02
-3.2187484741e+02
-2.0332611084e+02
-2.3493848801e+01
-2.3959312439e+01
2.1200210571e+01
-8.1899093628e+01
-1.2529219055e+02
-1.1348703766e+02
-3.1420974731e+02
-1.9414407349e+02
-1.7803533554e+01
-2.3156732559e+01
2.3420892715e+01
