-8.4137100220e+01
-1.2794755554e+02
-1.1670213318e+02
-3.1683416748e+02
-1.9184353638e+02
-1.7205698013e+01
-2.1857469559e+01
2.5203248978e+01
-8.2639907837e+01
-1.2334378815e+02
-1.2144614410e+02
-3.2432205200e+02
-2.0092359924e+02
-2.2740846634e+01
-2.2595319748e+01
2.2999650955e+01
-8.1707534790e+01
-1.2416440582e+02
-1.2057859039e+02
-3.2261032104e+02
-2.0052925110e+02
-2.3267423630e+01
-2.3718868256e+01
2.2800100327e+01
-8.2013717651e+01
-1.2341398621e+02
-1.1993882751e+02
-3.2125451660e+02
-2.0032315063e+02
-2.3307413101e+01
-2.3724283218e+01
2.2558944702e+01
-8.1505577087e+01
-1.2323235321e+02
-1.1909350586e+02
-3.2005004883e+02
-1.9988208008e+02
-2.3066061020e+01
-2.3703407288e+01
2.3011602402e+01
-8.1650917053e+01
-1.2290144348e+02
-1.1876089478e+02
-3.1942465210e+02
-1.9968077087e+02
-2.2978858948e+01
-2.3558784485e+01
2.2999391556e+01
-8.1650917053e+01
-1.2290144348e+02
-1.1876089478e+02
-3.1942465210e+02
-1.9968077087e+02
-2.2978858948e+01
-2.3558784485e+01
2.2999391556e+01
-8.1505577087e+01
-1.2323235321e+02
-1.1909350586e+02
-3.2005004883e+02
-1.9988208008e+02
-2.3066061020e+01
-2.3703407288e+01
2.3011602402e+01
-8.2013717651e+01
-1.2341398621e+02
-1.1993882751e+02
-3.2125451660e+02
-2.0032315063e+02
-2.3307413101e+01
-2.3724283218e+01
2.2558944702e+01
-8.1707534790e+01
-1.2416440582e+02
-1.2057859039e+02
-3.2261032104e+02
-2.0052925110e+02
-2.3267423630e+01
-2.3718868256e+01
2.2800100327e+01
-8.2639907837e+01
-1.2334378815e+02
-1.2144614410e+02
-3.2432205200e+02
-2.0092359924e+02
-2.2740846634e+01
-2.2595319748e+01
2.2999650955e+01
-8.4137100220e+01
-1.2794755554e+02
-1.1670213318e+02
-3.1683416748e+02
-1.9184353638e+02
-1.7205698013e+01
-2.1857469559e+01
2.5203248978e+01
-2.7259143066e+02
-2.3094042969e+02
-2.4269152832e+02
-5.1394023895e+01
-6.2344577789e+01
-8.7217781067e+01
1.8150873184e+01
6.5693725586e+01
-2.7087738037e+02
-2.2950541687e+02
-2.3729577637e+02
-4.8715957642e+01
-5.9794189453e+01
-8.5489944458e+01
1.7568426132e+01
6.5144828796e+01
-2.7081076050e+02
-2.2800628662e+02
-2.3740075684e+02
-4.9817604065e+01
-6.0388130188e+01
-8.5613136292e+01
1.7693464279e+01
6.4273857117e+01
-2.7034100342e+02
-2.2811012268e+02
-2.3717465210e+02
-5.0088214874e+01
-6.0158653259e+01
-8.5424034119e+01
1.7715162277e+01
6.4190399170e+01
-2.7044821167e+02
-2.2797785950e+02
-2.3722404480e+02
-5.0369747162e+01
-6.0087825775e+01
-8.5340393066e+01
1.7823696136e+01
6.4013710022e+01
-2.7037814331e+02
-2.2801091003e+02
-2.3716719055e+02
-5.0483154297e+01
-6.0007003784e+01
-8.5245582581e+01
1.7871801376e+01
6.4004981995e+01
-2.7037814331e+02
-2.2801091003e+02
-2.3716719055e+02
-5.0483154297e+01
-6.0007003784e+01
-8.5245582581e+01
1.7871801376e+01
6.4004981995e+01
-2.7044821167e+02
-2.2797785950e+02
-2.3722404480e+02
-5.0369747162e+01
-6.0087825775e+01
-8.5340393066e+01
1.7823696136e+01
6.4013710022e+01
-2.7034100342e+02
-2.2811012268e+02
-2.3717465210e+02
-5.0088214874e+01
-6.0158653259e+01
-8.5424034119e+01
1.7715162277e+01
6.4190399170e+01
-2.7081076050e+02
-2.2800628662e+02
-2.3740075684e+02
-4.9817604065e+01
-6.0388130188e+01
-8.5613136292e+01
1.7693464279e+01
6.4273857117e+01
-2.7087738037e+02
-2.2950541687e+02
-2.3729577637e+02
-4.8715957642e+01
-5.9794189453e+01
-8.5489944458e+01
1.7568426132e+01
6.5144828796e+01
-2.7259143066e+02
-2.3094042969e+02
-2.4269152832e+02
-5.1394023895e+01
-6.2344577789e+01
-8.7217781067e+01
1.8150873184e+01
6.5693725586e+01
-3.7757772827e+02
-3.1024652100e+02
-1.7736502075e+02
-2.0663311768e+02
-9.2050575256e+01
3.1381620407e+01
6.8698783875e+01
1.6430320740e+02
-3.7810821533e+02
-3.0801934814e+02
-1.7603294373e+02
-2.0073873901e+02
-8.6231819153e+01
3.5403488159e+01
7.2530143738e+01
1.6568334961e+02
-3.7781536865e+02
-3.0718038940e+02
-1.7311322021e+02
-1.9725215149e+02
-8.3128288269e+01
3.8032245636e+01
7.3998069763e+01
1.6634161377e+02
-3.7790356445e+02
-3.0626382446e+02
-1.7215940857e+02
-1.9574699402e+02
-8.1878807068e+01
3.9043922424e+01
7.4635742188e+01
1.6628796387e+02
-3.7784628296e+02
-3.0596722412e+02
-1.7160372925e+02
-1.9492848206e+02
-8.1217453003e+01
3.9601600647e+01
7.4889198303e+01
1.6618095398e+02
-3.7786639404e+02
-3.0582275391e+02
-1.7144606018e+02
-1.9459599304e+02
-8.0960609436e+01
3.9797119141e+01
7.4965393066e+01
1.6610383606e+02
-3.7786639404e+02
-3.0582275391e+02
-1.7144606018e+02
-1.9459599304e+02
-8.0960609436e+01
3.9797119141e+01
7.4965393066e+01
1.6610383606e+02
-3.7784628296e+02
-3.0596722412e+02
-1.7160372925e+02
-1.9492848206e+02
-8.1217453003e+01
3.9601600647e+01
7.4889198303e+01
1.6618095398e+02
-3.7790356445e+02
-3.0626382446e+02
-1.7215940857e+02
-1.9574699402e+02
-8.1878807068e+01
3.9043922424e+01
7.4635742188e+01
1.6628796387e+02
-3.7781536865e+02
-3.0718038940e+02
-1.7311322021e+02
-1.9725215149e+02
-8.3128288269e+01
3.8032245636e+01
7.3998069763e+01
1.6634161377e+02
-3.7810821533e+02
-3.0801934814e+02
-1.7603294373e+02
-2.0073873901e+02
-8.6231819153e+01
3.5403488159e+01
7.2530143738e+01
1.6568334961e+02
-3.7757772827e+02
-3.1024652100e+02
-1.7736502075e+02
-2.0663311768e+02
-9.2050575256e+01
3.1381620407e+01
6.8698783875e+01
1.6430320740e+02
-4.7850436401e+02
-3.7048800659e+02
-3.2201876831e+02
-1.4032885742e+02
-5.6889293671e+01
2.7689781189e+01
1.7748123169e+02
2.8602609253e+02
-4.7638592529e+02
-3.6842135620e+02
-3.1928625488e+02
-1.4188578796e+02
-5.8097160339e+01
2.9033704758e+01
1.7916217041e+02
2.8736331177e+02
-4.7625830078e+02
-3.6705682373e+02
-3.1837084961e+02
-1.4049137878e+02
-5.6420185089e+01
3.0413007736e+01
1.8045475769e+02
2.8764822388e+02
-4.7597259521e+02
-3.6647125244e+02
-3.1691549683e+02
-1.3909738159e+02
-5.4929882050e+01
3.1766904831e+01
1.8130673218e+02
2.8811431885e+02
-4.7588012695e+02
-3.6596005249e+02
-3.1612380981e+02
-1.3822596741e+02
-5.4017608643e+01
3.2471027374e+01
1.8182600403e+02
2.8838296509e+02
-4.7581555176e+02
-3.6573864746e+02
-3.1568310547e+02
-1.3781716919e+02
-5.3599227905e+01
3.2831226349e+01
1.8207144165e+02
2.8851022339e+02
-4.7581555176e+02
-3.6573864746e+02
-3.1568310547e+02
-1.3781716919e+02
-5.3599227905e+01
3.2831226349e+01
1.8207144165e+02
2.8851022339e+02
-4.7588012695e+02
-3.6596005249e+02
-3.1612380981e+02
-1.3822596741e+02
-5.4017608643e+01
3.2471027374e+01
1.8182600403e+02
2.8838296509e+02
-4.7597259521e+02
-3.6647125244e+02
-3.1691549683e+02
-1.3909738159e+02
-5.4929882050e+01
3.1766904831e+01
1.8130673218e+02
2.8811431885e+02
-4.7625830078e+02
-3.6705682373e+02
-3.1837084961e+02
-1.4049137878e+02
-5.6420185089e+01
3.0413007736e+01
1.8045475769e+02
2.8764822388e+02
-4.7638592529e+02
-3.6842135620e+02
-3.1928625488e+02
-1.4188578796e+02
-5.8097160339e+01
2.9033704758e+01
1.7916217041e+02
2.8736331177e+02
-4.7850436401e+02
-3.7048800659e+02
-3.2201876831e+02
-1.4032885742e+02
-5.6889293671e+01
2.7689781189e+01
1.7748123169e+02
2.8602609253e+02
-5.8921826172e+02
-4.7280657959e+02
-2.9245306396e+02
-2.1038584900e+02
-5.1711078644e+01
1.0918996429e+02
2.2986042786e+02
3.9050601196e+02
-5.8883026123e+02
-4.7037374878e+02
-2.9006729126e+02
-2.0395912170e+02
-4.5672836304e+01
1.1236939240e+02
2.3225222778e+02
3.9127218628e+02
-5.8822613525e+02
-4.6932797241e+02
-2.8807058716e+02
-2.0259170532e+02
-4.4430530548e+01
1.1402713013e+02
2.3328997803e+02
3.9168276978e+02
-5.8804010010e+02
-4.6866607666e+02
-2.8757968140e+02
-2.0170140076e+02
-4.3528133392e+01
1.1470328522e+02
2.3384312439e+02
3.9177267456e+02
-5.8793695068e+02
-4.6839205933e+02
-2.8717385864e+02
-2.0120372009e+02
-4.3006214142e+01
1.1524090576e+02
2.3417926025e+02
3.9181179810e+02
-5.8789825439e+02
-4.6825793457e+02
-2.8704330444e+02
-2.0094743347e+02
-4.2728805542e+01
1.1546459198e+02
2.3432907104e+02
3.9183538818e+02
-5.8789825439e+02
-4.6825793457e+02
-2.8704330444e+02
-2.0094743347e+02
-4.2728805542e+01
1.1546459198e+02
2.3432907104e+02
3.9183538818e+02
-5.8793695068e+02
-4.6839205933e+02
-2.8717385864e+02
-2.0120372009e+02
-4.3006214142e+01
1.1524090576e+02
2.3417926025e+02
3.9181179810e+02
-5.8804010010e+02
-4.6866607666e+02
-2.8757968140e+02
-2.0170140076e+02
-4.3528133392e+01
1.1470328522e+02
2.3384312439e+02
3.9177267456e+02
-5.8822613525e+02
-4.6932797241e+02
-2.8807058716e+02
-2.0259170532e+02
-4.4430530548e+01
1.1402713013e+02
2.3328997803e+02
3.9168276978e+02
-5.8883026123e+02
-4.7037374878e+02
-2.9006729126e+02
-2.0395912170e+02
-4.5672836304e+01
1.1236939240e+02
2.3225222778e+02
3.9127218628e+02
-5.8921826172e+02
-4.7280657959e+02
-2.9245306396e+02
-2.1038584900e+02
-5.1711078644e+01
1.0918996429e+02
2.2986042786e+02
3.9050601196e+02
-6.9885485840e+02
-5.2009973145e+02
-3.9289752197e+02
-1.8470268250e+02
-2.8425134659e+01
1.3234896851e+02
3.2573236084e+02
4.9336926270e+02
-6.9793603516e+02
-5.1857861328e+02
-3.9072897339e+02
-1.8569125366e+02
-2.9052812576e+01
1.3409934998e+02
3.2757650757e+02
4.9434744263e+02
-6.9802941895e+02
-5.1758099365e+02
-3.8948382568e+02
-1.8327008057e+02
-2.6592319489e+01
1.3562236023e+02
3.2869882202e+02
4.9455447388e+02
-6.9789971924e+02
-5.1703735352e+02
-3.8819863892e+02
-1.8209375000e+02
-2.5460767746e+01
1.3675300598e+02
3.2932656860e+02
4.9476757812e+02
-6.9786132812e+02
-5.1667541504e+02
-3.8762805176e+02
-1.8136416626e+02
-2.4767024994e+01
1.3723368835e+02
3.2964865112e+02
4.9483422852e+02
-6.9783587646e+02
-5.1653210449e+02
-3.8731799316e+02
-1.8107899475e+02
-2.4506223679e+01
1.3747856140e+02
3.2978503418e+02
4.9486181641e+02
-6.9783587646e+02
-5.1653210449e+02
-3.8731799316e+02
-1.8107899475e+02
-2.4506223679e+01
1.3747856140e+02
3.2978503418e+02
4.9486181641e+02
-6.9786132812e+02
-5.1667541504e+02
-3.8762805176e+02
-1.8136416626e+02
-2.4767024994e+01
1.3723368835e+02
3.2964865112e+02
4.9483422852e+02
-6.9789971924e+02
-5.1703735352e+02
-3.8819863892e+02
-1.8209375000e+02
-2.5460767746e+01
1.3675300598e+02
3.2932656860e+02
4.9476757812e+02
-6.9802941895e+02
-5.1758099365e+02
-3.8948382568e+02
-1.8327008057e+02
-2.6592319489e+01
1.3562236023e+02
3.2869882202e+02
4.9455447388e+02
-6.9793603516e+02
-5.1857861328e+02
-3.9072897339e+02
-1.8569125366e+02
-2.9052812576e+01
1.3409934998e+02
3.2757650757e+02
4.9434744263e+02
-6.9885485840e+02
-5.2009973145e+02
-3.9289752197e+02
-1.8470268250e+02
-2.8425134659e+01
1.3234896851e+02
3.2573236084e+02
4.9336926270e+02
-7.9757043457e+02
-6.2188317871e+02
-3.9556649780e+02
-2.2750479126e+02
-1.6608093262e+01
1.9393515015e+02
3.8627255249e+02
6.0442254639e+02
-7.9701300049e+02
-6.1993652344e+02
-3.9383535767e+02
-2.2295912170e+02
-1.2298672676e+01
1.9608375549e+02
3.8810794067e+02
6.0512145996e+02
-7.9675726318e+02
-6.1912445068e+02
-3.9250588989e+02
-2.2257887268e+02
-1.1863767624e+01
1.9730351257e+02
3.8892721558e+02
6.0528021240e+02
-7.9676617432e+02
-6.1869641113e+02
-3.9206393433e+02
-2.2165788269e+02
-1.0871853828e+01
1.9792062378e+02
3.8938064575e+02
6.0531787109e+02
-7.9677996826e+02
-6.1847216797e+02
-3.9164138794e+02
-2.2121481323e+02
-1.0383172989e+01
1.9841941833e+02
3.8966384888e+02
6.0534362793e+02
-7.9679168701e+02
-6.1836132812e+02
-3.9149581909e+02
-2.2095256042e+02
-1.0095141411e+01
1.9861666870e+02
3.8978857422e+02
6.0535205078e+02
-7.9679168701e+02
-6.1836132812e+02
-3.9149581909e+02
-2.2095256042e+02
-1.0095141411e+01
1.9861666870e+02
3.8978857422e+02
6.0535205078e+02
-7.9677996826e+02
-6.1847216797e+02
-3.9164138794e+02
-2.2121481323e+02
-1.0383172989e+01
1.9841941833e+02
3.8966384888e+02
6.0534362793e+02
-7.9676617432e+02
-6.1869641113e+02
-3.9206393433e+02
-2.2165788269e+02
-1.0871853828e+01
1.9792062378e+02
3.8938064575e+02
6.0531787109e+02
-7.9675726318e+02
-6.1912445068e+02
-3.9250588989e+02
-2.2257887268e+02
-1.1863767624e+01
1.9730351257e+02
3.8892721558e+02
6.0528021240e+02
-7.9701300049e+02
-6.1993652344e+02
-3.9383535767e+02
-2.2295912170e+02
-1.2298672676e+01
1.9608375549e+02
3.8810794067e+02
6.0512145996e+02
-7.9757043457e+02
-6.2188317871e+02
-3.9556649780e+02
-2.2750479126e+02
-1.6608093262e+01
1.9393515015e+02
3.8627255249e+02
6.0442254639e+02
-9.0880175781e+02
-6.7093048096e+02
-4.7035110474e+02
-2.2040745544e+02
1.4005122185e+00
2.2853262329e+02
4.7242739868e+02
7.0219653320e+02
-9.0831298828e+02
-6.6960595703e+02
-4.6831466675e+02
-2.2041177368e+02
1.5995160341e+00
2.3035566711e+02
4.7403460693e+02
7.0285107422e+02
-9.0841479492e+02
-6.6888586426e+02
-4.6720892334e+02
-2.1808973694e+02
3.8677949905e+00
2.3160748291e+02
4.7487911987e+02
7.0296063232e+02
-9.0838677979e+02
-6.6851367188e+02
-4.6633605957e+02
-2.1741918945e+02
4.4907116890e+00
2.3239567566e+02
4.7529016113e+02
7.0300451660e+02
-9.0843347168e+02
-6.6832513428e+02
-4.6601089478e+02
-2.1688632202e+02
4.9940285683e+00
2.3270872498e+02
4.7548248291e+02
7.0295544434e+02
-9.0845355225e+02
-6.6825897217e+02
-4.6581814575e+02
-2.1671533203e+02
5.1479845047e+00
2.3288183594e+02
4.7556039429e+02
7.0293389893e+02
-9.0845355225e+02
-6.6825897217e+02
-4.6581814575e+02
-2.1671533203e+02
5.1479845047e+00
2.3288183594e+02
4.7556039429e+02
7.0293389893e+02
-9.0843347168e+02
-6.6832513428e+02
-4.6601089478e+02
-2.1688632202e+02
4.9940285683e+00
2.3270872498e+02
4.7548248291e+02
7.0295544434e+02
-9.0838677979e+02
-6.6851367188e+02
-4.6633605957e+02
-2.1741918945e+02
4.4907116890e+00
2.3239567566e+02
4.7529016113e+02
7.0300451660e+02
-9.0841479492e+02
-6.6888586426e+02
-4.6720892334e+02
-2.1808973694e+02
3.8677949905e+00
2.3160748291e+02
4.7487911987e+02
7.0296063232e+02
-9.0831298828e+02
-6.6960595703e+02
-4.6831466675e+02
-2.2041177368e+02
1.5995160341e+00
2.3035566711e+02
4.7403460693e+02
7.0285107422e+02
-9.0880175781e+02
-6.7093048096e+02
-4.7035110474e+02
-2.2040745544e+02
1.4005122185e+00
2.2853262329e+02
4.7242739868e+02
7.0219653320e+02
-1.0025780029e+03
-7.6335125732e+02
-4.8862222290e+02
-2.4842578125e+02
1.6629955292e+01
2.8052124023e+02
5.3657971191e+02
8.0772497559e+02
-1.0023491211e+03
-7.6202990723e+02
-4.8754391479e+02
-2.4551562500e+02
1.9449371338e+01
2.8191925049e+02
5.3790765381e+02
8.0813934326e+02
-1.0024328003e+03
-7.6149462891e+02
-4.8659915161e+02
-2.4542871094e+02
1.9634527206e+01
2.8284692383e+02
5.3848718262e+02
8.0808258057e+02
-1.0025893555e+03
-7.6125201416e+02
-4.8621224976e+02
-2.4453155518e+02
2.0591201782e+01
2.8334902954e+02
5.3878967285e+02
8.0801757812e+02
-1.0026857300e+03
-7.6111102295e+02
-4.8587289429e+02
-2.4423231506e+02
2.0926549911e+01
2.8371038818e+02
5.3895880127e+02
8.0796960449e+02
-1.0027384644e+03
-7.6105133057e+02
-4.8576950073e+02
-2.4402473450e+02
2.1152761459e+01
2.8383563232e+02
5.3902258301e+02
8.0793377686e+02
-1.0027384644e+03
-7.6105133057e+02
-4.8576950073e+02
-2.4402473450e+02
2.1152761459e+01
2.8383563232e+02
5.3902258301e+02
8.0793377686e+02
-1.0026857300e+03
-7.6111102295e+02
-4.8587289429e+02
-2.4423231506e+02
2.0926549911e+01
2.8371038818e+02
5.3895880127e+02
8.0796960449e+02
-1.0025893555e+03
-7.6125201416e+02
-4.8621224976e+02
-2.4453155518e+02
2.0591201782e+01
2.8334902954e+02
5.3878967285e+02
8.0801757812e+02
-1.0024328003e+03
-7.6149462891e+02
-4.8659915161e+02
-2.4542871094e+02
1.9634527206e+01
2.8284692383e+02
5.3848718262e+02
8.0808258057e+02
-1.0023491211e+03
-7.6202990723e+02
-4.8754391479e+02
-2.4551562500e+02
1.9449371338e+01
2.8191925049e+02
5.3790765381e+02
8.0813934326e+02
-1.0025780029e+03
-7.6335125732e+02
-4.8862222290e+02
-2.4842578125e+02
1.6629955292e+01
2.8052124023e+02
5.3657971191e+02
8.0772497559e+02
-1.1084545898e+03
-8.1600823975e+02
-5.4813848877e+02
-2.5019885254e+02
3.1964382172e+01
3.1882598877e+02
6.1435028076e+02
9.0361218262e+02
-1.1083295898e+03
-8.1510583496e+02
-5.4660809326e+02
-2.4989744568e+02
3.2374320984e+01
3.2026583862e+02
6.1551684570e+02
9.0393731689e+02
-1.1086014404e+03
-8.1475610352e+02
-5.4592523193e+02
-2.4820010376e+02
3.4019409180e+01
3.2107211304e+02
6.1600140381e+02
9.0382415771e+02
-1.1087680664e+03
-8.1462780762e+02
-5.4545367432e+02
-2.4796017456e+02
3.4233768463e+01
3.2152456665e+02
6.1617169189e+02
9.0368286133e+02
-1.1089354248e+03
-8.1460375977e+02
-5.4531616211e+02
-2.4758868408e+02
3.4588005066e+01
3.2169262695e+02
6.1623150635e+02
9.0352978516e+02
-1.1090128174e+03
-8.1460473633e+02
-5.4521508789e+02
-2.4750862122e+02
3.4658031464e+01
3.2179522705e+02
6.1625012207e+02
9.0346099854e+02
-1.1090128174e+03
-8.1460473633e+02
-5.4521508789e+02
-2.4750862122e+02
3.4658031464e+01
3.2179522705e+02
6.1625012207e+02
9.0346099854e+02
-1.1089354248e+03
-8.1460375977e+02
-5.4531616211e+02
-2.4758868408e+02
3.4588005066e+01
3.2169262695e+02
6.1623150635e+02
9.0352978516e+02
-1.1087680664e+03
-8.1462780762e+02
-5.4545367432e+02
-2.4796017456e+02
3.4233768463e+01
3.2152456665e+02
6.1617169189e+02
9.0368286133e+02
-1.1086014404e+03
-8.1475610352e+02
-5.4592523193e+02
-2.4820010376e+02
3.4019409180e+01
3.2107211304e+02
6.1600140381e+02
9.0382415771e+02
-1.1083295898e+03
-8.1510583496e+02
-5.4660809326e+02
-2.4989744568e+02
3.2374320984e+01
3.2026583862e+02
6.1551684570e+02
9.0393731689e+02
-1.1084545898e+03
-8.1600823975e+02
-5.4813848877e+02
-2.5019885254e+02
3.1964382172e+01
3.1882598877e+02
6.1435028076e+02
9.0361218262e+02
-1.1984494629e+03
-8.9787231445e+02
-5.7394494629e+02
-2.7048071289e+02
4.7819702148e+01
3.6492752075e+02
6.7913909912e+02
1.0012951050e+03
-1.1986110840e+03
-8.9711798096e+02
-5.7338146973e+02
-2.6876788330e+02
4.9523059845e+01
3.6574676514e+02
6.7996862793e+02
1.0013649292e+03
-1.1989829102e+03
-8.9691516113e+02
-5.7280328369e+02
-2.6883956909e+02
4.9540176392e+01
3.6634075928e+02
6.8024926758e+02
1.0010967407e+03
-1.1992967529e+03
-8.9690362549e+02
-5.7261102295e+02
-2.6817269897e+02
5.0253322601e+01
3.6661611938e+02
6.8033776855e+02
1.0008760376e+03
-1.1995045166e+03
-8.9690917969e+02
-5.7245251465e+02
-2.6809024048e+02
5.0364925385e+01
3.6678067017e+02
6.8035302734e+02
1.0007108765e+03
-1.1996142578e+03
-8.9693005371e+02
-5.7243048096e+02
-2.6797409058e+02
5.0495983124e+01
3.6681655884e+02
6.8033990479e+02
1.0006149902e+03
-1.1996142578e+03
-8.9693005371e+02
-5.7243048096e+02
-2.6797409058e+02
5.0495983124e+01
3.6681655884e+02
6.8033990479e+02
1.0006149902e+03
-1.1995045166e+03
-8.9690917969e+02
-5.7245251465e+02
-2.6809024048e+02
5.0364925385e+01
3.6678067017e+02
6.8035302734e+02
1.0007108765e+03
-1.1992967529e+03
-8.9690362549e+02
-5.7261102295e+02
-2.6817269897e+02
5.0253322601e+01
3.6661611938e+02
6.8033776855e+02
1.0008760376e+03
-1.1989829102e+03
-8.9691516113e+02
-5.7280328369e+02
-2.6883956909e+02
4.9540176392e+01
3.6634075928e+02
6.8024926758e+02
1.0010967407e+03
-1.1986110840e+03
-8.9711798096e+02
-5.7338146973e+02
-2.6876788330e+02
4.9523059845e+01
3.6574676514e+02
6.7996862793e+02
1.0013649292e+03
-1.1984494629e+03
-8.9787231445e+02
-5.7394494629e+02
-2.7048071289e+02
4.7819702148e+01
3.6492752075e+02
6.7913909912e+02
1.0012951050e+03
-1.2963641357e+03
-9.5188092041e+02
-6.2298052979e+02
-2.7593881226e+02
6.1936050415e+01
4.0337722778e+02
7.4907763672e+02
1.0929082031e+03
-1.2966685791e+03
-9.5154394531e+02
-6.2214044189e+02
-2.7579431152e+02
6.2146244049e+01
4.0422549438e+02
7.4969647217e+02
1.0928492432e+03
-1.2971833496e+03
-9.5157659912e+02
-6.2192755127e+02
-2.7481393433e+02
6.3101802826e+01
4.0456680298e+02
7.4980706787e+02
1.0924791260e+03
-1.2975574951e+03
-9.5169805908e+02
-6.2179876709e+02
-2.7489739990e+02
6.3008529663e+01
4.0471270752e+02
7.4973669434e+02
1.0921575928e+03
-1.2978427734e+03
-9.5182672119e+02
-6.2182733154e+02
-2.7469549561e+02
6.3202003479e+01
4.0472872925e+02
7.4965557861e+02
1.0919023438e+03
-1.2979780273e+03
-9.5189459229e+02
-6.2181628418e+02
-2.7470819092e+02
6.3183368683e+01
4.0474801636e+02
7.4960614014e+02
1.0917812500e+03
-1.2979780273e+03
-9.5189459229e+02
-6.2181628418e+02
-2.7470819092e+02
6.3183368683e+01
4.0474801636e+02
7.4960614014e+02
1.0917812500e+03
-1.2978427734e+03
-9.5182672119e+02
-6.2182733154e+02
-2.7469549561e+02
6.3202003479e+01
4.0472872925e+02
7.4965557861e+02
1.0919023438e+03
-1.2975574951e+03
-9.5169805908e+02
-6.2179876709e+02
-2.7489739990e+02
6.3008529663e+01
4.0471270752e+02
7.4973669434e+02
1.0921575928e+03
-1.2971833496e+03
-9.5157659912e+02
-6.2192755127e+02
-2.7481393433e+02
6.3101802826e+01
4.0456680298e+02
7.4980706787e+02
1.0924791260e+03
-1.2966685791e+03
-9.5154394531e+02
-6.2214044189e+02
-2.7579431152e+02
6.2146244049e+01
4.0422549438e+02
7.4969647217e+02
1.0928492432e+03
-1.2963641357e+03
-9.5188092041e+02
-6.2298052979e+02
-2.7593881226e+02
6.1936050415e+01
4.0337722778e+02
7.4907763672e+02
1.0929082031e+03
-1.3809674072e+03
-1.0236247559e+03
-6.5153601074e+02
-2.9167944336e+02
7.7014488220e+01
4.4461471558e+02
8.1151763916e+02
1.1821267090e+03
-1.3815297852e+03
-1.0234454956e+03
-6.5149005127e+02
-2.9092419434e+02
7.7803703308e+01
4.4487936401e+02
8.1182604980e+02
1.1818305664e+03
-1.3821894531e+03
-1.0236340332e+03
-6.5134197998e+02
-2.9122323608e+02
7.7575515747e+01
4.4506738281e+02
8.1175158691e+02
1.1813203125e+03
-1.3826867676e+03
-1.0238873291e+03
-6.5143157959e+02
-2.9091183472e+02
7.7927635193e+01
4.4505233765e+02
8.1158911133e+02
1.1809130859e+03
-1.3830242920e+03
-1.0240651855e+03
-6.5148364258e+02
-2.9105126953e+02
7.7813018799e+01
4.4500842285e+02
8.1143829346e+02
1.1806179199e+03
-1.3831971436e+03
-1.0241722412e+03
-6.5155126953e+02
-2.9103427124e+02
7.7843055725e+01
4.4495492554e+02
8.1134619141e+02
1.1804602051e+03
-1.3831971436e+03
-1.0241722412e+03
-6.5155126953e+02
-2.9103427124e+02
7.7843055725e+01
4.4495492554e+02
8.1134619141e+02
1.1804602051e+03
-1.3830242920e+03
-1.0240651855e+03
-6.5148364258e+02
-2.9105126953e+02
7.7813018799e+01
4.4500842285e+02
8.1143829346e+02
1.1806179199e+03
-1.3826867676e+03
-1.0238873291e+03
-6.5143157959e+02
-2.9091183472e+02
7.7927635193e+01
4.4505233765e+02
8.1158911133e+02
1.1809130859e+03
-1.3821894531e+03
-1.0236340332e+03
-6.5134197998e+02
-2.9122323608e+02
7.7575515747e+01
4.4506738281e+02
8.1175158691e+02
1.1813203125e+03
-1.3815297852e+03
-1.0234454956e+03
-6.5149005127e+02
-2.9092419434e+02
7.7803703308e+01
4.4487936401e+02
8.1182604980e+02
1.1818305664e+03
-1.3809674072e+03
-1.0236247559e+03
-6.5153601074e+02
-2.9167944336e+02
7.7014488220e+01
4.4461471558e+02
8.1151763916e+02
1.1821267090e+03
-1.4692961426e+03
-1.0759805908e+03
-6.9255426025e+02
-2.9843841553e+02
9.0123428345e+01
4.8107543945e+02
8.7381817627e+02
1.2666306152e+03
-1.4700607910e+03
-1.0762465820e+03
-6.9243707275e+02
-2.9869000244e+02
8.9922370911e+01
4.8127514648e+02
8.7385699463e+02
1.2661600342e+03
-1.4708400879e+03
-1.0766599121e+03
-6.9268408203e+02
-2.9838748169e+02
9.0227355957e+01
4.8116333008e+02
8.7359503174e+02
1.2655313721e+03
-1.4714227295e+03
-1.0770393066e+03
-6.9287567139e+02
-2.9875027466e+02
8.9864295959e+01
4.8100918579e+02
8.7327874756e+02
1.2650256348e+03
-1.4718295898e+03
-1.0773262939e+03
-6.9308068848e+02
-2.9875042725e+02
8.9862953186e+01
4.8085281372e+02
8.7304333496e+02
1.2646580811e+03
-1.4720273438e+03
-1.0774696045e+03
-6.9316705322e+02
-2.9886291504e+02
8.9747497559e+01
4.8077737427e+02
8.7291711426e+02
1.2644771729e+03
-1.4720273438e+03
-1.0774696045e+03
-6.9316705322e+02
-2.9886291504e+02
8.9747497559e+01
4.8077737427e+02
8.7291711426e+02
1.2644771729e+03
-1.4718295898e+03
-1.0773262939e+03
-6.9308068848e+02
-2.9875042725e+02
8.9862953186e+01
4.8085281372e+02
8.7304333496e+02
1.2646580811e+03
-1.4714227295e+03
-1.0770393066e+03
-6.9287567139e+02
-2.9875027466e+02
8.9864295959e+01
4.8100918579e+02
8.7327874756e+02
1.2650256348e+03
-1.4708400879e+03
-1.0766599121e+03
-6.9268408203e+02
-2.9838748169e+02
9.0227355957e+01
4.8116333008e+02
8.7359503174e+02
1.2655313721e+03
-1.4700607910e+03
-1.0762465820e+03
-6.9243707275e+02
-2.9869000244e+02
8.9922370911e+01
4.8127514648e+02
8.7385699463e+02
1.2661600342e+03
-1.4692961426e+03
-1.0759805908e+03
-6.9255426025e+02
-2.9843841553e+02
9.0123428345e+01
4.8107543945e+02
8.7381817627e+02
1.2666306152e+03
-1.5462501221e+03
-1.1379279785e+03
-7.2068359375e+02
-3.1096340942e+02
1.0378575134e+02
5.1746282959e+02
9.3118780518e+02
1.3462706299e+03
-1.5472182617e+03
-1.1383380127e+03
-7.2118341064e+02
-3.1102444458e+02
1.0378236389e+02
5.1716680908e+02
9.3096032715e+02
1.3456004639e+03
-1.5481650391e+03
-1.1389348145e+03
-7.2149908447e+02
-3.1162789917e+02
1.0323657227e+02
5.1691625977e+02
9.3051080322e+02
1.3448320312e+03
-1.5488547363e+03
-1.1394559326e+03
-7.2189477539e+02
-3.1170840454e+02
1.0319556427e+02
5.1659625244e+02
9.3009088135e+02
1.3442337646e+03
-1.5493231201e+03
-1.1398065186e+03
-7.2215356445e+02
-3.1204977417e+02
1.0287574768e+02
5.1635260010e+02
9.2977673340e+02
1.3438116455e+03
-1.5495582275e+03
-1.1399963379e+03
-7.2230981445e+02
-3.1213287354e+02
1.0280449677e+02
5.1621234131e+02
9.2960778809e+02
1.3435943604e+03
-1.5495582275e+03
-1.1399963379e+03
-7.2230981445e+02
-3.1213287354e+02
1.0280449677e+02
5.1621234131e+02
9.2960778809e+02
1.3435943604e+03
-1.5493231201e+03
-1.1398065186e+03
-7.2215356445e+02
-3.1204977417e+02
1.0287574768e+02
5.1635260010e+02
9.2977673340e+02
1.3438116455e+03
-1.5488547363e+03
-1.1394559326e+03
-7.2189477539e+02
-3.1170840454e+02
1.0319556427e+02
5.1659625244e+02
9.3009088135e+02
1.3442337646e+03
-1.5481650391e+03
-1.1389348145e+03
-7.2149908447e+02
-3.1162789917e+02
1.0323657227e+02
5.1691625977e+02
9.3051080322e+02
1.3448320312e+03
-1.5472182617e+03
-1.1383380127e+03
-7.2118341064e+02
-3.1102444458e+02
1.0378236389e+02
5.1716680908e+02
9.3096032715e+02
1.3456004639e+03
-1.5462501221e+03
-1.1379279785e+03
-7.2068359375e+02
-3.1096340942e+02
1.0378575134e+02
5.1746282959e+02
9.3118780518e+02
1.3462706299e+03
-1.6234106445e+03
-1.1858571777e+03
-7.5481481934e+02
-3.1780493164e+02
1.1560249329e+02
5.5032965088e+02
9.8544311523e+02
1.4211345215e+03
-1.6246225586e+03
-1.1867073975e+03
-7.5538543701e+02
-3.1855395508e+02
1.1490283203e+02
5.4989636230e+02
9.8491857910e+02
1.4202601318e+03
-1.6256657715e+03
-1.1874930420e+03
-7.5606811523e+02
-3.1885696411e+02
1.1462286377e+02
5.4935400391e+02
9.8429541016e+02
1.4193819580e+03
-1.6264501953e+03
-1.1881304932e+03
-7.5656774902e+02
-3.1948333740e+02
1.1400299835e+02
5.4890600586e+02
9.8373492432e+02
1.4186920166e+03
-1.6269791260e+03
-1.1885771484e+03
-7.5695458984e+02
-3.1970242310e+02
1.1378894806e+02
5.4856939697e+02
9.8334277344e+02
1.4182086182e+03
-1.6272401123e+03
-1.1887985840e+03
-7.5713818359e+02
-3.1991204834e+02
1.1357881927e+02
5.4839880371e+02
9.8313885498e+02
1.4179666748e+03
-1.6272401123e+03
-1.1887985840e+03
-7.5713818359e+02
-3.1991204834e+02
1.1357881927e+02
5.4839880371e+02
9.8313885498e+02
1.4179666748e+03
-1.6269791260e+03
-1.1885771484e+03
-7.5695458984e+02
-3.1970242310e+02
1.1378894806e+02
5.4856939697e+02
9.8334277344e+02
1.4182086182e+03
-1.6264501953e+03
-1.1881304932e+03
-7.5656774902e+02
-3.1948333740e+02
1.1400299835e+02
5.4890600586e+02
9.8373492432e+02
1.4186920166e+03
-1.6256657715e+03
-1.1874930420e+03
-7.5606811523e+02
-3.1885696411e+02
1.1462286377e+02
5.4935400391e+02
9.8429541016e+02
1.4193819580e+03
-1.6246225586e+03
-1.1867073975e+03
-7.5538543701e+02
-3.1855395508e+02
1.1490283203e+02
5.4989636230e+02
9.8491857910e+02
1.4202601318e+03
-1.6234106445e+03
-1.1858571777e+03
-7.5481481934e+02
-3.1780493164e+02
1.1560249329e+02
5.5032965088e+02
9.8544311523e+02
1.4211345215e+03
-1.6903658447e+03
-1.2378502197e+03
-7.8032617188e+02
-3.2770721436e+02
1.2743355560e+02
5.8143542480e+02
1.0354862061e+03
1.4896304932e+03
-1.6917290039e+03
-1.2388323975e+03
-7.8136895752e+02
-3.2847320557e+02
1.2673850250e+02
5.8059613037e+02
1.0347385254e+03
1.4885968018e+03
-1.6929455566e+03
-1.2398160400e+03
-7.8213708496e+02
-3.2941638184e+02
1.2584632874e+02
5.7991772461e+02
1.0339289551e+03
1.4875781250e+03
-1.6938208008e+03
-1.2405886230e+03
-7.8282647705e+02
-3.2987243652e+02
1.2542973328e+02
5.7930798340e+02
1.0332652588e+03
1.4867996826e+03
-1.6944122314e+03
-1.2411011963e+03
-7.8327642822e+02
-3.3039193726e+02
1.2492948151e+02
5.7888079834e+02
1.0327978516e+03
1.4862596436e+03
-1.6947059326e+03
-1.2413673096e+03
-7.8351739502e+02
-3.3057339478e+02
1.2475901794e+02
5.7865765381e+02
1.0325561523e+03
1.4859859619e+03
-1.6947059326e+03
-1.2413673096e+03
-7.8351739502e+02
-3.3057339478e+02
1.2475901794e+02
5.7865765381e+02
1.0325561523e+03
1.4859859619e+03
-1.6944122314e+03
-1.2411011963e+03
-7.8327642822e+02
-3.3039193726e+02
1.2492948151e+02
5.7888079834e+02
1.0327978516e+03
1.4862596436e+03
-1.6938208008e+03
-1.2405886230e+03
-7.8282647705e+02
-3.2987243652e+02
1.2542973328e+02
5.7930798340e+02
1.0332652588e+03
1.4867996826e+03
-1.6929455566e+03
-1.2398160400e+03
-7.8213708496e+02
-3.2941638184e+02
1.2584632874e+02
5.7991772461e+02
1.0339289551e+03
1.4875781250e+03
-1.6917290039e+03
-1.2388323975e+03
-7.8136895752e+02
-3.2847320557e+02
1.2673850250e+02
5.8059613037e+02
1.0347385254e+03
1.4885968018e+03
-1.6903658447e+03
-1.2378502197e+03
-7.8032617188e+02
-3.2770721436e+02
1.2743355560e+02
5.8143542480e+02
1.0354862061e+03
1.4896304932e+03
-1.7547215576e+03
-1.2790303955e+03
-8.0792279053e+02
-3.3388827515e+02
1.3754953003e+02
6.0939221191e+02
1.0808085938e+03
1.5526094971e+03
-1.7563342285e+03
-1.2804084473e+03
-8.0910644531e+02
-3.3514309692e+02
1.3634930420e+02
6.0838580322e+02
1.0797745361e+03
1.5513690186e+03
-1.7576239014e+03
-1.2815408936e+03
-8.1018395996e+02
-3.3596548462e+02
1.3556381226e+02
6.0745288086e+02
1.0788182373e+03
1.5502609863e+03
-1.7585924072e+03
-1.2824188232e+03
-8.1096789551e+02
-3.3683685303e+02
1.3470495605e+02
6.0673217773e+02
1.0780312500e+03
1.5493994141e+03
-1.7592351074e+03
-1.2830139160e+03
-8.1152587891e+02
-3.3726736450e+02
1.3428439331e+02
6.0622528076e+02
1.0774934082e+03
1.5488068848e+03
-1.7595543213e+03
-1.2833088379e+03
-8.1179797363e+02
-3.3756274414e+02
1.3399061584e+02
6.0596820068e+02
1.0772181396e+03
1.5485087891e+03
-1.7595543213e+03
-1.2833088379e+03
-8.1179797363e+02
-3.3756274414e+02
1.3399061584e+02
6.0596820068e+02
1.0772181396e+03
1.5485087891e+03
-1.7592351074e+03
-1.2830139160e+03
-8.1152587891e+02
-3.3726736450e+02
1.3428439331e+02
6.0622528076e+02
1.0774934082e+03
1.5488068848e+03
-1.7585924072e+03
-1.2824188232e+03
-8.1096789551e+02
-3.3683685303e+02
1.3470495605e+02
6.0673217773e+02
1.0780312500e+03
1.5493994141e+03
-1.7576239014e+03
-1.2815408936e+03
-8.1018395996e+02
-3.3596548462e+02
1.3556381226e+02
6.0745288086e+02
1.0788182373e+03
1.5502609863e+03
-1.7563342285e+03
-1.2804084473e+03
-8.0910644531e+02
-3.3514309692e+02
1.3634930420e+02
6.0838580322e+02
1.0797745361e+03
1.5513690186e+03
-1.7547215576e+03
-1.2790303955e+03
-8.0792279053e+02
-3.3388827515e+02
1.3754953003e+02
6.0939221191e+02
1.0808085938e+03
1.5526094971e+03
-1.8094643555e+03
-1.3205345459e+03
-8.2925012207e+02
-3.4145138550e+02
1.4719253540e+02
6.3458148193e+02
1.1216981201e+03
1.6082283936e+03
-1.8111861572e+03
-1.3220302734e+03
-8.3078729248e+02
-3.4280792236e+02
1.4591436768e+02
6.3325543213e+02
1.1204835205e+03
1.6068660889e+03
-1.8126364746e+03
-1.3233502197e+03
-8.3195812988e+02
-3.4407785034e+02
1.4469357300e+02
6.3219616699e+02
1.1193576660e+03
1.6056271973e+03
-1.8136773682e+03
-1.3243428955e+03
-8.3290515137e+02
-3.4486206055e+02
1.4394848633e+02
6.3133276367e+02
1.1184793701e+03
1.6046901855e+03
-1.8143763428e+03
-1.3249978027e+03
-8.3352191162e+02
-3.4553207397e+02
1.4329638672e+02
6.3074591064e+02
1.1178769531e+03
1.6040469971e+03
-1.8147220459e+03
-1.3253308105e+03
-8.3383892822e+02
-3.4580426025e+02
1.4303450012e+02
6.3044812012e+02
1.1175703125e+03
1.6037232666e+03
-1.8147220459e+03
-1.3253308105e+03
-8.3383892822e+02
-3.4580426025e+02
1.4303450012e+02
6.3044812012e+02
1.1175703125e+03
1.6037232666e+03
-1.8143763428e+03
-1.3249978027e+03
-8.3352191162e+02
-3.4553207397e+02
1.4329638672e+02
6.3074591064e+02
1.1178769531e+03
1.6040469971e+03
-1.8136773682e+03
-1.3243428955e+03
-8.3290515137e+02
-3.4486206055e+02
1.4394848633e+02
6.3133276367e+02
1.1184793701e+03
1.6046901855e+03
-1.8126364746e+03
-1.3233502197e+03
-8.3195812988e+02
-3.4407785034e+02
1.4469357300e+02
6.3219616699e+02
1.1193576660e+03
1.6056271973e+03
-1.8111861572e+03
-1.3220302734e+03
-8.3078729248e+02
-3.4280792236e+02
1.4591436768e+02
6.3325543213e+02
1.1204835205e+03
1.6068660889e+03
-1.8094643555e+03
-1.3205345459e+03
-8.2925012207e+02
-3.4145138550e+02
1.4719253540e+02
6.3458148193e+02
1.1216981201e+03
1.6082283936e+03
-1.8594235840e+03
-1.3530987549e+03
-8.5025775146e+02
-3.4647265625e+02
1.5520230103e+02
6.5654760742e+02
1.1569914551e+03
1.6573704834e+03
-1.8613651123e+03
-1.3549152832e+03
-8.5194775391e+02
-3.4817422485e+02
1.5356286621e+02
6.5506286621e+02
1.1555335693e+03
1.6558267822e+03
-1.8628673096e+03
-1.3563458252e+03
-8.5335699463e+02
-3.4941702271e+02
1.5236560059e+02
6.5380206299e+02
1.1542933350e+03
1.6545218506e+03
-1.8639895020e+03
-1.3574276123e+03
-8.5438281250e+02
-3.5049810791e+02
1.5130274963e+02
6.5284893799e+02
1.1533145752e+03
1.6535145264e+03
-1.8647291260e+03
-1.3581486816e+03
-8.5508618164e+02
-3.5111218262e+02
1.5070213318e+02
6.5219696045e+02
1.1526535645e+03
1.6528292236e+03
-1.8650972900e+03
-1.3585058594e+03
-8.5543194580e+02
-3.5147631836e+02
1.5034141541e+02
6.5186798096e+02
1.1523184814e+03
1.6524841309e+03
-1.8650972900e+03
-1.3585058594e+03
-8.5543194580e+02
-3.5147631836e+02
1.5034141541e+02
6.5186798096e+02
1.1523184814e+03
1.6524841309e+03
-1.8647291260e+03
-1.3581486816e+03
-8.5508618164e+02
-3.5111218262e+02
1.5070213318e+02
6.5219696045e+02
1.1526535645e+03
1.6528292236e+03
-1.8639895020e+03
-1.3574276123e+03
-8.5438281250e+02
-3.5049810791e+02
1.5130274963e+02
6.5284893799e+02
1.1533145752e+03
1.6535145264e+03
-1.8628673096e+03
-1.3563458252e+03
-8.5335699463e+02
-3.4941702271e+02
1.5236560059e+02
6.5380206299e+02
1.1542933350e+03
1.6545218506e+03
-1.8613651123e+03
-1.3549152832e+03
-8.5194775391e+02
-3.4817422485e+02
1.5356286621e+02
6.5506286621e+02
1.1555335693e+03
1.6558267822e+03
-1.8594235840e+03
-1.3530987549e+03
-8.5025775146e+02
-3.4647265625e+02
1.5520230103e+02
6.5654760742e+02
1.1569914551e+03
1.6573704834e+03
-1.9000368652e+03
-1.3834217529e+03
-8.6627050781e+02
-3.5182830811e+02
1.6234390259e+02
6.7514544678e+02
1.1872795410e+03
1.6984699707e+03
-1.9020531006e+03
-1.3853334961e+03
-8.6820922852e+02
-3.5364385986e+02
1.6061041260e+02
6.7342803955e+02
1.1856870117e+03
1.6968394775e+03
-1.9036850586e+03
-1.3869166260e+03
-8.6970233154e+02
-3.5518487549e+02
1.5911927795e+02
6.7206384277e+02
1.1843115234e+03
1.6954276123e+03
-1.9048598633e+03
-1.3880844727e+03
-8.7085290527e+02
-3.5622976685e+02
1.5811230469e+02
6.7099987793e+02
1.1832619629e+03
1.6943638916e+03
-1.9056439209e+03
-1.3888529053e+03
-8.7160278320e+02
-3.5701544189e+02
1.5734402466e+02
6.7028631592e+02
1.1825515137e+03
1.6936386719e+03
-1.9060314941e+03
-1.3892390137e+03
-8.7198132324e+02
-3.5736349487e+02
1.5700555420e+02
6.6992791748e+02
1.1821927490e+03
1.6932744141e+03
-1.9060314941e+03
-1.3892390137e+03
-8.7198132324e+02
-3.5736349487e+02
1.5700555420e+02
6.6992791748e+02
1.1821927490e+03
1.6932744141e+03
-1.9056439209e+03
-1.3888529053e+03
-8.7160278320e+02
-3.5701544189e+02
1.5734402466e+02
6.7028631592e+02
1.1825515137e+03
1.6936386719e+03
-1.9048598633e+03
-1.3880844727e+03
-8.7085290527e+02
-3.5622976685e+02
1.5811230469e+02
6.7099987793e+02
1.1832619629e+03
1.6943638916e+03
-1.9036850586e+03
-1.3869166260e+03
-8.6970233154e+02
-3.5518487549e+02
1.5911927795e+02
6.7206384277e+02
1.1843115234e+03
1.6954276123e+03
-1.9020531006e+03
-1.3853334961e+03
-8.6820922852e+02
-3.5364385986e+02
1.6061041260e+02
6.7342803955e+02
1.1856870117e+03
1.6968394775e+03
-1.9000368652e+03
-1.3834217529e+03
-8.6627050781e+02
-3.5182830811e+02
1.6234390259e+02
6.7514544678e+02
1.1872795410e+03
1.6984699707e+03
-1.9342110596e+03
-1.4059447021e+03
-8.8047076416e+02
-3.5535159302e+02
1.6789897156e+02
6.9027795410e+02
1.2114934082e+03
1.7321851807e+03
-1.9363891602e+03
-1.4080809326e+03
-8.8253295898e+02
-3.5739123535e+02
1.6592907715e+02
6.8843920898e+02
1.2097253418e+03
1.7304208984e+03
-1.9380543213e+03
-1.4097380371e+03
-8.8418750000e+02
-3.5894213867e+02
1.6442855835e+02
6.8693572998e+02
1.2082713623e+03
1.7289659424e+03
-1.9392891846e+03
-1.4109714355e+03
-8.8539520264e+02
-3.6017788696e+02
1.6321646118e+02
6.8580822754e+02
1.2071501465e+03
1.7278505859e+03
-1.9401015625e+03
-1.4117860107e+03
-8.8620611572e+02
-3.6093319702e+02
1.6247679138e+02
6.8504791260e+02
1.2063978271e+03
1.7270958252e+03
-1.9405057373e+03
-1.4121896973e+03
-8.8660620117e+02
-3.6134506226e+02
1.6206996155e+02
6.8466625977e+02
1.2060185547e+03
1.7267159424e+03
-1.9405057373e+03
-1.4121896973e+03
-8.8660620117e+02
-3.6134506226e+02
1.6206996155e+02
6.8466625977e+02
1.2060185547e+03
1.7267159424e+03
-1.9401015625e+03
-1.4117860107e+03
-8.8620611572e+02
-3.6093319702e+02
1.6247679138e+02
6.8504791260e+02
1.2063978271e+03
1.7270958252e+03
-1.9392891846e+03
-1.4109714355e+03
-8.8539520264e+02
-3.6017788696e+02
1.6321646118e+02
6.8580822754e+02
1.2071501465e+03
1.7278505859e+03
-1.9380543213e+03
-1.4097380371e+03
-8.8418750000e+02
-3.5894213867e+02
1.6442855835e+02
6.8693572998e+02
1.2082713623e+03
1.7289659424e+03
-1.9363891602e+03
-1.4080809326e+03
-8.8253295898e+02
-3.5739123535e+02
1.6592907715e+02
6.8843920898e+02
1.2097253418e+03
1.7304208984e+03
-1.9342110596e+03
-1.4059447021e+03
-8.8047076416e+02
-3.5535159302e+02
1.6789897156e+02
6.9027795410e+02
1.2114934082e+03
1.7321851807e+03
-1.9592091064e+03
-1.4244399414e+03
-8.9038763428e+02
-3.5855380249e+02
1.7229084778e+02
7.0170019531e+02
1.2301096191e+03
1.7574276123e+03
-1.9614312744e+03
-1.4266387939e+03
-8.9259857178e+02
-3.6067694092e+02
1.7025036621e+02
6.9971929932e+02
1.2282579346e+03
1.7556109619e+03
-1.9631805420e+03
-1.4283947754e+03
-8.9431097412e+02
-3.6239974976e+02
1.6857899475e+02
6.9814807129e+02
1.2267167969e+03
1.7540860596e+03
-1.9644471436e+03
-1.4296812744e+03
-8.9559667969e+02
-3.6362451172e+02
1.6738999939e+02
6.9695056152e+02
1.2255511475e+03
1.7529360352e+03
-1.9652880859e+03
-1.4305262451e+03
-8.9643731689e+02
-3.6448236084e+02
1.6654943848e+02
6.9615167236e+02
1.2247675781e+03
1.7521558838e+03
-1.9657042236e+03
-1.4309479980e+03
-8.9685748291e+02
-3.6488519287e+02
1.6615533447e+02
6.9575201416e+02
1.2243734131e+03
1.7517641602e+03
-1.9657042236e+03
-1.4309479980e+03
-8.9685748291e+02
-3.6488519287e+02
1.6615533447e+02
6.9575201416e+02
1.2243734131e+03
1.7517641602e+03
-1.9652880859e+03
-1.4305262451e+03
-8.9643731689e+02
-3.6448236084e+02
1.6654943848e+02
6.9615167236e+02
1.2247675781e+03
1.7521558838e+03
-1.9644471436e+03
-1.4296812744e+03
-8.9559667969e+02
-3.6362451172e+02
1.6738999939e+02
6.9695056152e+02
1.2255511475e+03
1.7529360352e+03
-1.9631805420e+03
-1.4283947754e+03
-8.9431097412e+02
-3.6239974976e+02
1.6857899475e+02
6.9814807129e+02
1.2267167969e+03
1.7540860596e+03
-1.9614312744e+03
-1.4266387939e+03
-8.9259857178e+02
-3.6067694092e+02
1.7025036621e+02
6.9971929932e+02
1.2282579346e+03
1.7556109619e+03
-1.9592091064e+03
-1.4244399414e+03
-8.9038763428e+02
-3.5855380249e+02
1.7229084778e+02
7.0170019531e+02
1.2301096191e+03
1.7574276123e+03
-1.9765697021e+03
-1.4359492188e+03
-8.9755548096e+02
-3.6036682129e+02
1.7513592529e+02
7.0941601562e+02
1.2424351807e+03
1.7745812988e+03
-1.9788774414e+03
-1.4382634277e+03
-8.9983447266e+02
-3.6260098267e+02
1.7297787476e+02
7.0736981201e+02
1.2404916992e+03
1.7726940918e+03
-1.9806428223e+03
-1.4400566406e+03
-9.0162835693e+02
-3.6433676147e+02
1.7129463196e+02
7.0572753906e+02
1.2389105225e+03
1.7711478271e+03
-1.9819414062e+03
-1.4413778076e+03
-9.0294415283e+02
-3.6565487671e+02
1.7000502014e+02
7.0449688721e+02
1.2377075195e+03
1.7699704590e+03
-1.9827968750e+03
-1.4422465820e+03
-9.0381634521e+02
-3.6649993896e+02
1.6917675781e+02
7.0367352295e+02
1.2369022217e+03
1.7691750488e+03
-1.9832216797e+03
-1.4426774902e+03
-9.0424798584e+02
-3.6693530273e+02
1.6874784851e+02
7.0326153564e+02
1.2364973145e+03
1.7687750244e+03
-1.9832216797e+03
-1.4426774902e+03
-9.0424798584e+02
-3.6693530273e+02
1.6874784851e+02
7.0326153564e+02
1.2364973145e+03
1.7687750244e+03
-1.9827968750e+03
-1.4422465820e+03
-9.0381634521e+02
-3.6649993896e+02
1.6917675781e+02
7.0367352295e+02
1.2369022217e+03
1.7691750488e+03
-1.9819414062e+03
-1.4413778076e+03
-9.0294415283e+02
-3.6565487671e+02
1.7000502014e+02
7.0449688721e+02
1.2377075195e+03
1.7699704590e+03
-1.9806428223e+03
-1.4400566406e+03
-9.0162835693e+02
-3.6433676147e+02
1.7129463196e+02
7.0572753906e+02
1.2389105225e+03
1.7711478271e+03
-1.9788774414e+03
-1.4382634277e+03
-8.9983447266e+02
-3.6260098267e+02
1.7297787476e+02
7.0736981201e+02
1.2404916992e+03
1.7726940918e+03
-1.9765697021e+03
-1.4359492188e+03
-8.9755548096e+02
-3.6036682129e+02
1.7513592529e+02
7.0941601562e+02
1.2424351807e+03
1.7745812988e+03
-1.9850100098e+03
-1.4421676025e+03
-9.0091259766e+02
-3.6143307495e+02
1.7661825562e+02
7.1326953125e+02
1.2487158203e+03
1.7830960693e+03
-1.9873323975e+03
-1.4445036621e+03
-9.0324114990e+02
-3.6369747925e+02
1.7443443298e+02
7.1117547607e+02
1.2467438965e+03
1.7811912842e+03
-1.9891269531e+03
-1.4463310547e+03
-9.0505560303e+02
-3.6548953247e+02
1.7269502258e+02
7.0950958252e+02
1.2451326904e+03
1.7796207275e+03
-1.9904361572e+03
-1.4476701660e+03
-9.0639801025e+02
-3.6680578613e+02
1.7141134644e+02
7.0825506592e+02
1.2439145508e+03
1.7784317627e+03
-1.9913013916e+03
-1.4485494385e+03
-9.0728033447e+02
-3.6768490601e+02
1.7054946899e+02
7.0741857910e+02
1.2430985107e+03
1.7776275635e+03
-1.9917303467e+03
-1.4489865723e+03
-9.0771881104e+02
-3.6811740112e+02
1.7012464905e+02
7.0700048828e+02
1.2426885986e+03
1.7772235107e+03
-1.9917303467e+03
-1.4489865723e+03
-9.0771881104e+02
-3.6811740112e+02
1.7012464905e+02
7.0700048828e+02
1.2426885986e+03
1.7772235107e+03
-1.9913013916e+03
-1.4485494385e+03
-9.0728033447e+02
-3.6768490601e+02
1.7054946899e+02
7.0741857910e+02
1.2430985107e+03
1.7776275635e+03
-1.9904361572e+03
-1.4476701660e+03
-9.0639801025e+02
-3.6680578613e+02
1.7141134644e+02
7.0825506592e+02
1.2439145508e+03
1.7784317627e+03
-1.9891269531e+03
-1.4463310547e+03
-9.0505560303e+02
-3.6548953247e+02
1.7269502258e+02
7.0950958252e+02
1.2451326904e+03
1.7796207275e+03
-1.9873323975e+03
-1.4445036621e+03
-9.0324114990e+02
-3.6369747925e+02
1.7443443298e+02
7.1117547607e+02
1.2467438965e+03
1.7811912842e+03
-1.9850100098e+03
-1.4421676025e+03
-9.0091259766e+02
-3.6143307495e+02
1.7661825562e+02
7.1326953125e+02
1.2487158203e+03
1.7830960693e+03
-1.9850100098e+03
-1.4421676025e+03
-9.0091259766e+02
-3.6143307495e+02
1.7661825562e+02
7.1326953125e+02
1.2487158203e+03
1.7830960693e+03
-1.9873323975e+03
-1.4445036621e+03
-9.0324114990e+02
-3.6369747925e+02
1.7443443298e+02
7.1117547607e+02
1.2467438965e+03
1.7811912842e+03
-1.9891269531e+03
-1.4463310547e+03
-9.0505560303e+02
-3.6548953247e+02
1.7269502258e+02
7.0950958252e+02
1.2451326904e+03
1.7796207275e+03
-1.9904361572e+03
-1.4476701660e+03
-9.0639801025e+02
-3.6680578613e+02
1.7141134644e+02
7.0825506592e+02
1.2439145508e+03
1.7784317627e+03
-1.9913013916e+03
-1.4485494385e+03
-9.0728033447e+02
-3.6768490601e+02
1.7054946899e+02
7.0741857910e+02
1.2430985107e+03
1.7776275635e+03
-1.9917303467e+03
-1.4489865723e+03
-9.0771881104e+02
-3.6811740112e+02
1.7012464905e+02
7.0700048828e+02
1.2426885986e+03
1.7772235107e+03
-1.9917303467e+03
-1.4489865723e+03
-9.0771881104e+02
-3.6811740112e+02
1.7012464905e+02
7.0700048828e+02
1.2426885986e+03
1.7772235107e+03
-1.9913013916e+03
-1.4485494385e+03
-9.0728033447e+02
-3.6768490601e+02
1.7054946899e+02
7.0741857910e+02
1.2430985107e+03
1.7776275635e+03
-1.9904361572e+03
-1.4476701660e+03
-9.0639801025e+02
-3.6680578613e+02
1.7141134644e+02
7.0825506592e+02
1.2439145508e+03
1.7784317627e+03
-1.9891269531e+03
-1.4463310547e+03
-9.0505560303e+02
-3.6548953247e+02
1.7269502258e+02
7.0950958252e+02
1.2451326904e+03
1.7796207275e+03
-1.9873323975e+03
-1.4445036621e+03
-9.0324114990e+02
-3.6369747925e+02
1.7443443298e+02
7.1117547607e+02
1.2467438965e+03
1.7811912842e+03
-1.9850100098e+03
-1.4421676025e+03
-9.0091259766e+02
-3.6143307495e+02
1.7661825562e+02
7.1326953125e+02
1.2487158203e+03
1.7830960693e+03
-1.9765697021e+03
-1.4359492188e+03
-8.9755548096e+02
-3.6036682129e+02
1.7513592529e+02
7.0941601562e+02
1.2424351807e+03
1.7745812988e+03
-1.9788774414e+03
-1.4382634277e+03
-8.9983447266e+02
-3.6260098267e+02
1.7297787476e+02
7.0736981201e+02
1.2404916992e+03
1.7726940918e+03
-1.9806428223e+03
-1.4400566406e+03
-9.0162835693e+02
-3.6433676147e+02
1.7129463196e+02
7.0572753906e+02
1.2389105225e+03
1.7711478271e+03
-1.9819414062e+03
-1.4413778076e+03
-9.0294415283e+02
-3.6565487671e+02
1.7000502014e+02
7.0449688721e+02
1.2377075195e+03
1.7699704590e+03
-1.9827968750e+03
-1.4422465820e+03
-9.0381634521e+02
-3.6649993896e+02
1.6917675781e+02
7.0367352295e+02
1.2369022217e+03
1.7691750488e+03
-1.9832216797e+03
-1.4426774902e+03
-9.0424798584e+02
-3.6693530273e+02
1.6874784851e+02
7.0326153564e+02
1.2364973145e+03
1.7687750244e+03
-1.9832216797e+03
-1.4426774902e+03
-9.0424798584e+02
-3.6693530273e+02
1.6874784851e+02
7.0326153564e+02
1.2364973145e+03
1.7687750244e+03
-1.9827968750e+03
-1.4422465820e+03
-9.0381634521e+02
-3.6649993896e+02
1.6917675781e+02
7.0367352295e+02
1.2369022217e+03
1.7691750488e+03
-1.9819414062e+03
-1.4413778076e+03
-9.0294415283e+02
-3.6565487671e+02
1.7000502014e+02
7.0449688721e+02
1.2377075195e+03
1.7699704590e+03
-1.9806428223e+03
-1.4400566406e+03
-9.0162835693e+02
-3.6433676147e+02
1.7129463196e+02
7.0572753906e+02
1.2389105225e+03
1.7711478271e+03
-1.9788774414e+03
-1.4382634277e+03
-8.9983447266e+02
-3.6260098267e+02
1.7297787476e+02
7.0736981201e+02
1.2404916992e+03
1.7726940918e+03
-1.9765697021e+03
-1.4359492188e+03
-8.9755548096e+02
-3.6036682129e+02
1.7513592529e+02
7.0941601562e+02
1.2424351807e+03
1.7745812988e+03
-1.9592091064e+03
-1.4244399414e+03
-8.9038763428e+02
-3.5855380249e+02
1.7229084778e+02
7.0170019531e+02
1.2301096191e+03
1.7574276123e+03
-1.9614312744e+03
-1.4266387939e+03
-8.9259857178e+02
-3.6067694092e+02
1.7025036621e+02
6.9971929932e+02
1.2282579346e+03
1.7556109619e+03
-1.9631805420e+03
-1.4283947754e+03
-8.9431097412e+02
-3.6239974976e+02
1.6857899475e+02
6.9814807129e+02
1.2267167969e+03
1.7540860596e+03
-1.9644471436e+03
-1.4296812744e+03
-8.9559667969e+02
-3.6362451172e+02
1.6738999939e+02
6.9695056152e+02
1.2255511475e+03
1.7529360352e+03
-1.9652880859e+03
-1.4305262451e+03
-8.9643731689e+02
-3.6448236084e+02
1.6654943848e+02
6.9615167236e+02
1.2247675781e+03
1.7521558838e+03
-1.9657042236e+03
-1.4309479980e+03
-8.9685748291e+02
-3.6488519287e+02
1.6615533447e+02
6.9575201416e+02
1.2243734131e+03
1.7517641602e+03
-1.9657042236e+03
-1.4309479980e+03
-8.9685748291e+02
-3.6488519287e+02
1.6615533447e+02
6.9575201416e+02
1.2243734131e+03
1.7517641602e+03
-1.9652880859e+03
-1.4305262451e+03
-8.9643731689e+02
-3.6448236084e+02
1.6654943848e+02
6.9615167236e+02
1.2247675781e+03
1.7521558838e+03
-1.9644471436e+03
-1.4296812744e+03
-8.9559667969e+02
-3.6362451172e+02
1.6738999939e+02
6.9695056152e+02
1.2255511475e+03
1.7529360352e+03
-1.9631805420e+03
-1.4283947754e+03
-8.9431097412e+02
-3.6239974976e+02
1.6857899475e+02
6.9814807129e+02
1.2267167969e+03
1.7540860596e+03
-1.9614312744e+03
-1.4266387939e+03
-8.9259857178e+02
-3.6067694092e+02
1.7025036621e+02
6.9971929932e+02
1.2282579346e+03
1.7556109619e+03
-1.9592091064e+03
-1.4244399414e+03
-8.9038763428e+02
-3.5855380249e+02
1.7229084778e+02
7.0170019531e+02
1.2301096191e+03
1.7574276123e+03
-1.9342110596e+03
-1.4059447021e+03
-8.8047076416e+02
-3.5535159302e+02
1.6789897156e+02
6.9027795410e+02
1.2114934082e+03
1.7321851807e+03
-1.9363891602e+03
-1.4080809326e+03
-8.8253295898e+02
-3.5739123535e+02
1.6592907715e+02
6.8843920898e+02
1.2097253418e+03
1.7304208984e+03
-1.9380543213e+03
-1.4097380371e+03
-8.8418750000e+02
-3.5894213867e+02
1.6442855835e+02
6.8693572998e+02
1.2082713623e+03
1.7289659424e+03
-1.9392891846e+03
-1.4109714355e+03
-8.8539520264e+02
-3.6017788696e+02
1.6321646118e+02
6.8580822754e+02
1.2071501465e+03
1.7278505859e+03
-1.9401015625e+03
-1.4117860107e+03
-8.8620611572e+02
-3.6093319702e+02
1.6247679138e+02
6.8504791260e+02
1.2063978271e+03
1.7270958252e+03
-1.9405057373e+03
-1.4121896973e+03
-8.8660620117e+02
-3.6134506226e+02
1.6206996155e+02
6.8466625977e+02
1.2060185547e+03
1.7267159424e+03
-1.9405057373e+03
-1.4121896973e+03
-8.8660620117e+02
-3.6134506226e+02
1.6206996155e+02
6.8466625977e+02
1.2060185547e+03
1.7267159424e+03
-1.9401015625e+03
-1.4117860107e+03
-8.8620611572e+02
-3.6093319702e+02
1.6247679138e+02
6.8504791260e+02
1.2063978271e+03
1.7270958252e+03
-1.9392891846e+03
-1.4109714355e+03
-8.8539520264e+02
-3.6017788696e+02
1.6321646118e+02
6.8580822754e+02
1.2071501465e+03
1.7278505859e+03
-1.9380543213e+03
-1.4097380371e+03
-8.8418750000e+02
-3.5894213867e+02
1.6442855835e+02
6.8693572998e+02
1.2082713623e+03
1.7289659424e+03
-1.9363891602e+03
-1.4080809326e+03
-8.8253295898e+02
-3.5739123535e+02
1.6592907715e+02
6.8843920898e+02
1.2097253418e+03
1.7304208984e+03
-1.9342110596e+03
-1.4059447021e+03
-8.8047076416e+02
-3.5535159302e+02
1.6789897156e+02
6.9027795410e+02
1.2114934082e+03
1.7321851807e+03
-1.9000368652e+03
-1.3834217529e+03
-8.6627050781e+02
-3.5182830811e+02
1.6234390259e+02
6.7514544678e+02
1.1872795410e+03
1.6984699707e+03
-1.9020531006e+03
-1.3853334961e+03
-8.6820922852e+02
-3.5364385986e+02
1.6061041260e+02
6.7342803955e+02
1.1856870117e+03
1.6968394775e+03
-1.9036850586e+03
-1.3869166260e+03
-8.6970233154e+02
-3.5518487549e+02
1.5911927795e+02
6.7206384277e+02
1.1843115234e+03
1.6954276123e+03
-1.9048598633e+03
-1.3880844727e+03
-8.7085290527e+02
-3.5622976685e+02
1.5811230469e+02
6.7099987793e+02
1.1832619629e+03
1.6943638916e+03
-1.9056439209e+03
-1.3888529053e+03
-8.7160278320e+02
-3.5701544189e+02
1.5734402466e+02
6.7028631592e+02
1.1825515137e+03
1.6936386719e+03
-1.9060314941e+03
-1.3892390137e+03
-8.7198132324e+02
-3.5736349487e+02
1.5700555420e+02
6.6992791748e+02
1.1821927490e+03
1.6932744141e+03
-1.9060314941e+03
-1.3892390137e+03
-8.7198132324e+02
-3.5736349487e+02
1.5700555420e+02
6.6992791748e+02
1.1821927490e+03
1.6932744141e+03
-1.9056439209e+03
-1.3888529053e+03
-8.7160278320e+02
-3.5701544189e+02
1.5734402466e+02
6.7028631592e+02
1.1825515137e+03
1.6936386719e+03
-1.9048598633e+03
-1.3880844727e+03
-8.7085290527e+02
-3.5622976685e+02
1.5811230469e+02
6.7099987793e+02
1.1832619629e+03
1.6943638916e+03
-1.9036850586e+03
-1.3869166260e+03
-8.6970233154e+02
-3.5518487549e+02
1.5911927795e+02
6.7206384277e+02
1.1843115234e+03
1.6954276123e+03
-1.9020531006e+03
-1.3853334961e+03
-8.6820922852e+02
-3.5364385986e+02
1.6061041260e+02
6.7342803955e+02
1.1856870117e+03
1.6968394775e+03
-1.9000368652e+03
-1.3834217529e+03
-8.6627050781e+02
-3.5182830811e+02
1.6234390259e+02
6.7514544678e+02
1.1872795410e+03
1.6984699707e+03
-1.8594235840e+03
-1.3530987549e+03
-8.5025775146e+02
-3.4647265625e+02
1.5520230103e+02
6.5654760742e+02
1.1569914551e+03
1.6573704834e+03
-1.8613651123e+03
-1.3549152832e+03
-8.5194775391e+02
-3.4817422485e+02
1.5356286621e+02
6.5506286621e+02
1.1555335693e+03
1.6558267822e+03
-1.8628673096e+03
-1.3563458252e+03
-8.5335699463e+02
-3.4941702271e+02
1.5236560059e+02
6.5380206299e+02
1.1542933350e+03
1.6545218506e+03
-1.8639895020e+03
-1.3574276123e+03
-8.5438281250e+02
-3.5049810791e+02
1.5130274963e+02
6.5284893799e+02
1.1533145752e+03
1.6535145264e+03
-1.8647291260e+03
-1.3581486816e+03
-8.5508618164e+02
-3.5111218262e+02
1.5070213318e+02
6.5219696045e+02
1.1526535645e+03
1.6528292236e+03
-1.8650972900e+03
-1.3585058594e+03
-8.5543194580e+02
-3.5147631836e+02
1.5034141541e+02
6.5186798096e+02
1.1523184814e+03
1.6524841309e+03
-1.8650972900e+03
-1.3585058594e+03
-8.5543194580e+02
-3.5147631836e+02
1.5034141541e+02
6.5186798096e+02
1.1523184814e+03
1.6524841309e+03
-1.8647291260e+03
-1.3581486816e+03
-8.5508618164e+02
-3.5111218262e+02
1.5070213318e+02
6.5219696045e+02
1.1526535645e+03
1.6528292236e+03
-1.8639895020e+03
-1.3574276123e+03
-8.5438281250e+02
-3.5049810791e+02
1.5130274963e+02
6.5284893799e+02
1.1533145752e+03
1.6535145264e+03
-1.8628673096e+03
-1.3563458252e+03
-8.5335699463e+02
-3.4941702271e+02
1.5236560059e+02
6.5380206299e+02
1.1542933350e+03
1.6545218506e+03
-1.8613651123e+03
-1.3549152832e+03
-8.5194775391e+02
-3.4817422485e+02
1.5356286621e+02
6.5506286621e+02
1.1555335693e+03
1.6558267822e+03
-1.8594235840e+03
-1.3530987549e+03
-8.5025775146e+02
-3.4647265625e+02
1.5520230103e+02
6.5654760742e+02
1.1569914551e+03
1.6573704834e+03
-1.8094643555e+03
-1.3205345459e+03
-8.2925012207e+02
-3.4145138550e+02
1.4719253540e+02
6.3458148193e+02
1.1216981201e+03
1.6082283936e+03
-1.8111861572e+03
-1.3220302734e+03
-8.3078729248e+02
-3.4280792236e+02
1.4591436768e+02
6.3325543213e+02
1.1204835205e+03
1.6068660889e+03
-1.8126364746e+03
-1.3233502197e+03
-8.3195812988e+02
-3.4407785034e+02
1.4469357300e+02
6.3219616699e+02
1.1193576660e+03
1.6056271973e+03
-1.8136773682e+03
-1.3243428955e+03
-8.3290515137e+02
-3.4486206055e+02
1.4394848633e+02
6.3133276367e+02
1.1184793701e+03
1.6046901855e+03
-1.8143763428e+03
-1.3249978027e+03
-8.3352191162e+02
-3.4553207397e+02
1.4329638672e+02
6.3074591064e+02
1.1178769531e+03
1.6040469971e+03
-1.8147220459e+03
-1.3253308105e+03
-8.3383892822e+02
-3.4580426025e+02
1.4303450012e+02
6.3044812012e+02
1.1175703125e+03
1.6037232666e+03
-1.8147220459e+03
-1.3253308105e+03
-8.3383892822e+02
-3.4580426025e+02
1.4303450012e+02
6.3044812012e+02
1.1175703125e+03
1.6037232666e+03
-1.8143763428e+03
-1.3249978027e+03
-8.3352191162e+02
-3.4553207397e+02
1.4329638672e+02
6.3074591064e+02
1.1178769531e+03
1.6040469971e+03
-1.8136773682e+03
-1.3243428955e+03
-8.3290515137e+02
-3.4486206055e+02
1.4394848633e+02
6.3133276367e+02
1.1184793701e+03
1.6046901855e+03
-1.8126364746e+03
-1.3233502197e+03
-8.3195812988e+02
-3.4407785034e+02
1.4469357300e+02
6.3219616699e+02
1.1193576660e+03
1.6056271973e+03
-1.8111861572e+03
-1.3220302734e+03
-8.3078729248e+02
-3.4280792236e+02
1.4591436768e+02
6.3325543213e+02
1.1204835205e+03
1.6068660889e+03
-1.8094643555e+03
-1.3205345459e+03
-8.2925012207e+02
-3.4145138550e+02
1.4719253540e+02
6.3458148193e+02
1.1216981201e+03
1.6082283936e+03
-1.7547215576e+03
-1.2790303955e+03
-8.0792279053e+02
-3.3388827515e+02
1.3754953003e+02
6.0939221191e+02
1.0808085938e+03
1.5526094971e+03
-1.7563342285e+03
-1.2804084473e+03
-8.0910644531e+02
-3.3514309692e+02
1.3634930420e+02
6.0838580322e+02
1.0797745361e+03
1.5513690186e+03
-1.7576239014e+03
-1.2815408936e+03
-8.1018395996e+02
-3.3596548462e+02
1.3556381226e+02
6.0745288086e+02
1.0788182373e+03
1.5502609863e+03
-1.7585924072e+03
-1.2824188232e+03
-8.1096789551e+02
-3.3683685303e+02
1.3470495605e+02
6.0673217773e+02
1.0780312500e+03
1.5493994141e+03
-1.7592351074e+03
-1.2830139160e+03
-8.1152587891e+02
-3.3726736450e+02
1.3428439331e+02
6.0622528076e+02
1.0774934082e+03
1.5488068848e+03
-1.7595543213e+03
-1.2833088379e+03
-8.1179797363e+02
-3.3756274414e+02
1.3399061584e+02
6.0596820068e+02
1.0772181396e+03
1.5485087891e+03
-1.7595543213e+03
-1.2833088379e+03
-8.1179797363e+02
-3.3756274414e+02
1.3399061584e+02
6.0596820068e+02
1.0772181396e+03
1.5485087891e+03
-1.7592351074e+03
-1.2830139160e+03
-8.1152587891e+02
-3.3726736450e+02
1.3428439331e+02
6.0622528076e+02
1.0774934082e+03
1.5488068848e+03
-1.7585924072e+03
-1.2824188232e+03
-8.1096789551e+02
-3.3683685303e+02
1.3470495605e+02
6.0673217773e+02
1.0780312500e+03
1.5493994141e+03
-1.7576239014e+03
-1.2815408936e+03
-8.1018395996e+02
-3.3596548462e+02
1.3556381226e+02
6.0745288086e+02
1.0788182373e+03
1.5502609863e+03
-1.7563342285e+03
-1.2804084473e+03
-8.0910644531e+02
-3.3514309692e+02
1.3634930420e+02
6.0838580322e+02
1.0797745361e+03
1.5513690186e+03
-1.7547215576e+03
-1.2790303955e+03
-8.0792279053e+02
-3.3388827515e+02
1.3754953003e+02
6.0939221191e+02
1.0808085938e+03
1.5526094971e+03
-1.6903658447e+03
-1.2378502197e+03
-7.8032617188e+02
-3.2770721436e+02
1.2743355560e+02
5.8143542480e+02
1.0354862061e+03
1.4896304932e+03
-1.6917290039e+03
-1.2388323975e+03
-7.8136895752e+02
-3.2847320557e+02
1.2673850250e+02
5.8059613037e+02
1.0347385254e+03
1.4885968018e+03
-1.6929455566e+03
-1.2398160400e+03
-7.8213708496e+02
-3.2941638184e+02
1.2584632874e+02
5.7991772461e+02
1.0339289551e+03
1.4875781250e+03
-1.6938208008e+03
-1.2405886230e+03
-7.8282647705e+02
-3.2987243652e+02
1.2542973328e+02
5.7930798340e+02
1.0332652588e+03
1.4867996826e+03
-1.6944122314e+03
-1.2411011963e+03
-7.8327642822e+02
-3.3039193726e+02
1.2492948151e+02
5.7888079834e+02
1.0327978516e+03
1.4862596436e+03
-1.6947059326e+03
-1.2413673096e+03
-7.8351739502e+02
-3.3057339478e+02
1.2475901794e+02
5.7865765381e+02
1.0325561523e+03
1.4859859619e+03
-1.6947059326e+03
-1.2413673096e+03
-7.8351739502e+02
-3.3057339478e+02
1.2475901794e+02
5.7865765381e+02
1.0325561523e+03
1.4859859619e+03
-1.6944122314e+03
-1.2411011963e+03
-7.8327642822e+02
-3.3039193726e+02
1.2492948151e+02
5.7888079834e+02
1.0327978516e+03
1.4862596436e+03
-1.6938208008e+03
-1.2405886230e+03
-7.8282647705e+02
-3.2987243652e+02
1.2542973328e+02
5.7930798340e+02
1.0332652588e+03
1.4867996826e+03
-1.6929455566e+03
-1.2398160400e+03
-7.8213708496e+02
-3.2941638184e+02
1.2584632874e+02
5.7991772461e+02
1.0339289551e+03
1.4875781250e+03
-1.6917290039e+03
-1.2388323975e+03
-7.8136895752e+02
-3.2847320557e+02
1.2673850250e+02
5.8059613037e+02
1.0347385254e+03
1.4885968018e+03
-1.6903658447e+03
-1.2378502197e+03
-7.8032617188e+02
-3.2770721436e+02
1.2743355560e+02
5.8143542480e+02
1.0354862061e+03
1.4896304932e+03
-1.6234106445e+03
-1.1858571777e+03
-7.5481481934e+02
-3.1780493164e+02
1.1560249329e+02
5.5032965088e+02
9.8544311523e+02
1.4211345215e+03
-1.6246225586e+03
-1.1867073975e+03
-7.5538543701e+02
-3.1855395508e+02
1.1490283203e+02
5.4989636230e+02
9.8491857910e+02
1.4202601318e+03
-1.6256657715e+03
-1.1874930420e+03
-7.5606811523e+02
-3.1885696411e+02
1.1462286377e+02
5.4935400391e+02
9.8429541016e+02
1.4193819580e+03
-1.6264501953e+03
-1.1881304932e+03
-7.5656774902e+02
-3.1948333740e+02
1.1400299835e+02
5.4890600586e+02
9.8373492432e+02
1.4186920166e+03
-1.6269791260e+03
-1.1885771484e+03
-7.5695458984e+02
-3.1970242310e+02
1.1378894806e+02
5.4856939697e+02
9.8334277344e+02
1.4182086182e+03
-1.6272401123e+03
-1.1887985840e+03
-7.5713818359e+02
-3.1991204834e+02
1.1357881927e+02
5.4839880371e+02
9.8313885498e+02
1.4179666748e+03
-1.6272401123e+03
-1.1887985840e+03
-7.5713818359e+02
-3.1991204834e+02
1.1357881927e+02
5.4839880371e+02
9.8313885498e+02
1.4179666748e+03
-1.6269791260e+03
-1.1885771484e+03
-7.5695458984e+02
-3.1970242310e+02
1.1378894806e+02
5.4856939697e+02
9.8334277344e+02
1.4182086182e+03
-1.6264501953e+03
-1.1881304932e+03
-7.5656774902e+02
-3.1948333740e+02
1.1400299835e+02
5.4890600586e+02
9.8373492432e+02
1.4186920166e+03
-1.6256657715e+03
-1.1874930420e+03
-7.5606811523e+02
-3.1885696411e+02
1.1462286377e+02
5.4935400391e+02
9.8429541016e+02
1.4193819580e+03
-1.6246225586e+03
-1.1867073975e+03
-7.5538543701e+02
-3.1855395508e+02
1.1490283203e+02
5.4989636230e+02
9.8491857910e+02
1.4202601318e+03
-1.6234106445e+03
-1.1858571777e+03
-7.5481481934e+02
-3.1780493164e+02
1.1560249329e+02
5.5032965088e+02
9.8544311523e+02
1.4211345215e+03
-1.5462501221e+03
-1.1379279785e+03
-7.2068359375e+02
-3.1096340942e+02
1.0378575134e+02
5.1746282959e+02
9.3118780518e+02
1.3462706299e+03
-1.5472182617e+03
-1.1383380127e+03
-7.2118341064e+02
-3.1102444458e+02
1.0378236389e+02
5.1716680908e+02
9.3096032715e+02
1.3456004639e+03
-1.5481650391e+03
-1.1389348145e+03
-7.2149908447e+02
-3.1162789917e+02
1.0323657227e+02
5.1691625977e+02
9.3051080322e+02
1.3448320312e+03
-1.5488547363e+03
-1.1394559326e+03
-7.2189477539e+02
-3.1170840454e+02
1.0319556427e+02
5.1659625244e+02
9.3009088135e+02
1.3442337646e+03
-1.5493231201e+03
-1.1398065186e+03
-7.2215356445e+02
-3.1204977417e+02
1.0287574768e+02
5.1635260010e+02
9.2977673340e+02
1.3438116455e+03
-1.5495582275e+03
-1.1399963379e+03
-7.2230981445e+02
-3.1213287354e+02
1.0280449677e+02
5.1621234131e+02
9.2960778809e+02
1.3435943604e+03
-1.5495582275e+03
-1.1399963379e+03
-7.2230981445e+02
-3.1213287354e+02
1.0280449677e+02
5.1621234131e+02
9.2960778809e+02
1.3435943604e+03
-1.5493231201e+03
-1.1398065186e+03
-7.2215356445e+02
-3.1204977417e+02
1.0287574768e+02
5.1635260010e+02
9.2977673340e+02
1.3438116455e+03
-1.5488547363e+03
-1.1394559326e+03
-7.2189477539e+02
-3.1170840454e+02
1.0319556427e+02
5.1659625244e+02
9.3009088135e+02
1.3442337646e+03
-1.5481650391e+03
-1.1389348145e+03
-7.2149908447e+02
-3.1162789917e+02
1.0323657227e+02
5.1691625977e+02
9.3051080322e+02
1.3448320312e+03
-1.5472182617e+03
-1.1383380127e+03
-7.2118341064e+02
-3.1102444458e+02
1.0378236389e+02
5.1716680908e+02
9.3096032715e+02
1.3456004639e+03
-1.5462501221e+03
-1.1379279785e+03
-7.2068359375e+02
-3.1096340942e+02
1.0378575134e+02
5.1746282959e+02
9.3118780518e+02
1.3462706299e+03
-1.4692961426e+03
-1.0759805908e+03
-6.9255426025e+02
-2.9843841553e+02
9.0123428345e+01
4.8107543945e+02
8.7381817627e+02
1.2666306152e+03
-1.4700607910e+03
-1.0762465820e+03
-6.9243707275e+02
-2.9869000244e+02
8.9922370911e+01
4.8127514648e+02
8.7385699463e+02
1.2661600342e+03
-1.4708400879e+03
-1.0766599121e+03
-6.9268408203e+02
-2.9838748169e+02
9.0227355957e+01
4.8116333008e+02
8.7359503174e+02
1.2655313721e+03
-1.4714227295e+03
-1.0770393066e+03
-6.9287567139e+02
-2.9875027466e+02
8.9864295959e+01
4.8100918579e+02
8.7327874756e+02
1.2650256348e+03
-1.4718295898e+03
-1.0773262939e+03
-6.9308068848e+02
-2.9875042725e+02
8.9862953186e+01
4.8085281372e+02
8.7304333496e+02
1.2646580811e+03
-1.4720273438e+03
-1.0774696045e+03
-6.9316705322e+02
-2.9886291504e+02
8.9747497559e+01
4.8077737427e+02
8.7291711426e+02
1.2644771729e+03
-1.4720273438e+03
-1.0774696045e+03
-6.9316705322e+02
-2.9886291504e+02
8.9747497559e+01
4.8077737427e+02
8.7291711426e+02
1.2644771729e+03
-1.4718295898e+03
-1.0773262939e+03
-6.9308068848e+02
-2.9875042725e+02
8.9862953186e+01
4.8085281372e+02
8.7304333496e+02
1.2646580811e+03
-1.4714227295e+03
-1.0770393066e+03
-6.9287567139e+02
-2.9875027466e+02
8.9864295959e+01
4.8100918579e+02
8.7327874756e+02
1.2650256348e+03
-1.4708400879e+03
-1.0766599121e+03
-6.9268408203e+02
-2.9838748169e+02
9.0227355957e+01
4.8116333008e+02
8.7359503174e+02
1.2655313721e+03
-1.4700607910e+03
-1.0762465820e+03
-6.9243707275e+02
-2.9869000244e+02
8.9922370911e+01
4.8127514648e+02
8.7385699463e+02
1.2661600342e+03
-1.4692961426e+03
-1.0759805908e+03
-6.9255426025e+02
-2.9843841553e+02
9.0123428345e+01
4.8107543945e+02
8.7381817627e+02
1.2666306152e+03
-1.3809674072e+03
-1.0236247559e+03
-6.5153601074e+02
-2.9167944336e+02
7.7014488220e+01
4.4461471558e+02
8.1151763916e+02
1.1821267090e+03
-1.3815297852e+03
-1.0234454956e+03
-6.5149005127e+02
-2.9092419434e+02
7.7803703308e+01
4.4487936401e+02
8.1182604980e+02
1.1818305664e+03
-1.3821894531e+03
-1.0236340332e+03
-6.5134197998e+02
-2.9122323608e+02
7.7575515747e+01
4.4506738281e+02
8.1175158691e+02
1.1813203125e+03
-1.3826867676e+03
-1.0238873291e+03
-6.5143157959e+02
-2.9091183472e+02
7.7927635193e+01
4.4505233765e+02
8.1158911133e+02
1.1809130859e+03
-1.3830242920e+03
-1.0240651855e+03
-6.5148364258e+02
-2.9105126953e+02
7.7813018799e+01
4.4500842285e+02
8.1143829346e+02
1.1806179199e+03
-1.3831971436e+03
-1.0241722412e+03
-6.5155126953e+02
-2.9103427124e+02
7.7843055725e+01
4.4495492554e+02
8.1134619141e+02
1.1804602051e+03
-1.3831971436e+03
-1.0241722412e+03
-6.5155126953e+02
-2.9103427124e+02
7.7843055725e+01
4.4495492554e+02
8.1134619141e+02
1.1804602051e+03
-1.3830242920e+03
-1.0240651855e+03
-6.5148364258e+02
-2.9105126953e+02
7.7813018799e+01
4.4500842285e+02
8.1143829346e+02
1.1806179199e+03
-1.3826867676e+03
-1.0238873291e+03
-6.5143157959e+02
-2.9091183472e+02
7.7927635193e+01
4.4505233765e+02
8.1158911133e+02
1.1809130859e+03
-1.3821894531e+03
-1.0236340332e+03
-6.5134197998e+02
-2.9122323608e+02
7.7575515747e+01
4.4506738281e+02
8.1175158691e+02
1.1813203125e+03
-1.3815297852e+03
-1.0234454956e+03
-6.5149005127e+02
-2.9092419434e+02
7.7803703308e+01
4.4487936401e+02
8.1182604980e+02
1.1818305664e+03
-1.3809674072e+03
-1.0236247559e+03
-6.5153601074e+02
-2.9167944336e+02
7.7014488220e+01
4.4461471558e+02
8.1151763916e+02
1.1821267090e+03
-1.2963641357e+03
-9.5188092041e+02
-6.2298052979e+02
-2.7593881226e+02
6.1936050415e+01
4.0337722778e+02
7.4907763672e+02
1.0929082031e+03
-1.2966685791e+03
-9.5154394531e+02
-6.2214044189e+02
-2.7579431152e+02
6.2146244049e+01
4.0422549438e+02
7.4969647217e+02
1.0928492432e+03
-1.2971833496e+03
-9.5157659912e+02
-6.2192755127e+02
-2.7481393433e+02
6.3101802826e+01
4.0456680298e+02
7.4980706787e+02
1.0924791260e+03
-1.2975574951e+03
-9.5169805908e+02
-6.2179876709e+02
-2.7489739990e+02
6.3008529663e+01
4.0471270752e+02
7.4973669434e+02
1.0921575928e+03
-1.2978427734e+03
-9.5182672119e+02
-6.2182733154e+02
-2.7469549561e+02
6.3202003479e+01
4.0472872925e+02
7.4965557861e+02
1.0919023438e+03
-1.2979780273e+03
-9.5189459229e+02
-6.2181628418e+02
-2.7470819092e+02
6.3183368683e+01
4.0474801636e+02
7.4960614014e+02
1.0917812500e+03
-1.2979780273e+03
-9.5189459229e+02
-6.2181628418e+02
-2.7470819092e+02
6.3183368683e+01
4.0474801636e+02
7.4960614014e+02
1.0917812500e+03
-1.2978427734e+03
-9.5182672119e+02
-6.2182733154e+02
-2.7469549561e+02
6.3202003479e+01
4.0472872925e+02
7.4965557861e+02
1.0919023438e+03
-1.2975574951e+03
-9.5169805908e+02
-6.2179876709e+02
-2.7489739990e+02
6.3008529663e+01
4.0471270752e+02
7.4973669434e+02
1.0921575928e+03
-1.2971833496e+03
-9.5157659912e+02
-6.2192755127e+02
-2.7481393433e+02
6.3101802826e+01
4.0456680298e+02
7.4980706787e+02
1.0924791260e+03
-1.2966685791e+03
-9.5154394531e+02
-6.2214044189e+02
-2.7579431152e+02
6.2146244049e+01
4.0422549438e+02
7.4969647217e+02
1.0928492432e+03
-1.2963641357e+03
-9.5188092041e+02
-6.2298052979e+02
-2.7593881226e+02
6.1936050415e+01
4.0337722778e+02
7.4907763672e+02
1.0929082031e+03
-1.1984494629e+03
-8.9787231445e+02
-5.7394494629e+02
-2.7048071289e+02
4.7819702148e+01
3.6492752075e+02
6.7913909912e+02
1.0012951050e+03
-1.1986110840e+03
-8.9711798096e+02
-5.7338146973e+02
-2.6876788330e+02
4.9523059845e+01
3.6574676514e+02
6.7996862793e+02
1.0013649292e+03
-1.1989829102e+03
-8.9691516113e+02
-5.7280328369e+02
-2.6883956909e+02
4.9540176392e+01
3.6634075928e+02
6.8024926758e+02
1.0010967407e+03
-1.1992967529e+03
-8.9690362549e+02
-5.7261102295e+02
-2.6817269897e+02
5.0253322601e+01
3.6661611938e+02
6.8033776855e+02
1.0008760376e+03
-1.1995045166e+03
-8.9690917969e+02
-5.7245251465e+02
-2.6809024048e+02
5.0364925385e+01
3.6678067017e+02
6.8035302734e+02
1.0007108765e+03
-1.1996142578e+03
-8.9693005371e+02
-5.7243048096e+02
-2.6797409058e+02
5.0495983124e+01
3.6681655884e+02
6.8033990479e+02
1.0006149902e+03
-1.1996142578e+03
-8.9693005371e+02
-5.7243048096e+02
-2.6797409058e+02
5.0495983124e+01
3.6681655884e+02
6.8033990479e+02
1.0006149902e+03
-1.1995045166e+03
-8.9690917969e+02
-5.7245251465e+02
-2.6809024048e+02
5.0364925385e+01
3.6678067017e+02
6.8035302734e+02
1.0007108765e+03
-1.1992967529e+03
-8.9690362549e+02
-5.7261102295e+02
-2.6817269897e+02
5.0253322601e+01
3.6661611938e+02
6.8033776855e+02
1.0008760376e+03
-1.1989829102e+03
-8.9691516113e+02
-5.7280328369e+02
-2.6883956909e+02
4.9540176392e+01
3.6634075928e+02
6.8024926758e+02
1.0010967407e+03
-1.1986110840e+03
-8.9711798096e+02
-5.7338146973e+02
-2.6876788330e+02
4.9523059845e+01
3.6574676514e+02
6.7996862793e+02
1.0013649292e+03
-1.1984494629e+03
-8.9787231445e+02
-5.7394494629e+02
-2.7048071289e+02
4.7819702148e+01
3.6492752075e+02
6.7913909912e+02
1.0012951050e+03
-1.1084545898e+03
-8.1600823975e+02
-5.4813848877e+02
-2.5019885254e+02
3.1964382172e+01
3.1882598877e+02
6.1435028076e+02
9.0361218262e+02
-1.1083295898e+03
-8.1510583496e+02
-5.4660809326e+02
-2.4989744568e+02
3.2374320984e+01
3.2026583862e+02
6.1551684570e+02
9.0393731689e+02
-1.1086014404e+03
-8.1475610352e+02
-5.4592523193e+02
-2.4820010376e+02
3.4019409180e+01
3.2107211304e+02
6.1600140381e+02
9.0382415771e+02
-1.1087680664e+03
-8.1462780762e+02
-5.4545367432e+02
-2.4796017456e+02
3.4233768463e+01
3.2152456665e+02
6.1617169189e+02
9.0368286133e+02
-1.1089354248e+03
-8.1460375977e+02
-5.4531616211e+02
-2.4758868408e+02
3.4588005066e+01
3.2169262695e+02
6.1623150635e+02
9.0352978516e+02
-1.1090128174e+03
-8.1460473633e+02
-5.4521508789e+02
-2.4750862122e+02
3.4658031464e+01
3.2179522705e+02
6.1625012207e+02
9.0346099854e+02
-1.1090128174e+03
-8.1460473633e+02
-5.4521508789e+02
-2.4750862122e+02
3.4658031464e+01
3.2179522705e+02
6.1625012207e+02
9.0346099854e+02
-1.1089354248e+03
-8.1460375977e+02
-5.4531616211e+02
-2.4758868408e+02
3.4588005066e+01
3.2169262695e+02
6.1623150635e+02
9.0352978516e+02
-1.1087680664e+03
-8.1462780762e+02
-5.4545367432e+02
-2.4796017456e+02
3.4233768463e+01
3.2152456665e+02
6.1617169189e+02
9.0368286133e+02
-1.1086014404e+03
-8.1475610352e+02
-5.4592523193e+02
-2.4820010376e+02
3.4019409180e+01
3.2107211304e+02
6.1600140381e+02
9.0382415771e+02
-1.1083295898e+03
-8.1510583496e+02
-5.4660809326e+02
-2.4989744568e+02
3.2374320984e+01
3.2026583862e+02
6.1551684570e+02
9.0393731689e+02
-1.1084545898e+03
-8.1600823975e+02
-5.4813848877e+02
-2.5019885254e+02
3.1964382172e+01
3.1882598877e+02
6.1435028076e+02
9.0361218262e+02
-1.0025780029e+03
-7.6335125732e+02
-4.8862222290e+02
-2.4842578125e+02
1.6629955292e+01
2.8052124023e+02
5.3657971191e+02
8.0772497559e+02
-1.0023491211e+03
-7.6202990723e+02
-4.8754391479e+02
-2.4551562500e+02
1.9449371338e+01
2.8191925049e+02
5.3790765381e+02
8.0813934326e+02
-1.0024328003e+03
-7.6149462891e+02
-4.8659915161e+02
-2.4542871094e+02
1.9634527206e+01
2.8284692383e+02
5.3848718262e+02
8.0808258057e+02
-1.0025893555e+03
-7.6125201416e+02
-4.8621224976e+02
-2.4453155518e+02
2.0591201782e+01
2.8334902954e+02
5.3878967285e+02
8.0801757812e+02
-1.0026857300e+03
-7.6111102295e+02
-4.8587289429e+02
-2.4423231506e+02
2.0926549911e+01
2.8371038818e+02
5.3895880127e+02
8.0796960449e+02
-1.0027384644e+03
-7.6105133057e+02
-4.8576950073e+02
-2.4402473450e+02
2.1152761459e+01
2.8383563232e+02
5.3902258301e+02
8.0793377686e+02
-1.0027384644e+03
-7.6105133057e+02
-4.8576950073e+02
-2.4402473450e+02
2.1152761459e+01
2.8383563232e+02
5.3902258301e+02
8.0793377686e+02
-1.0026857300e+03
-7.6111102295e+02
-4.8587289429e+02
-2.4423231506e+02
2.0926549911e+01
2.8371038818e+02
5.3895880127e+02
8.0796960449e+02
-1.0025893555e+03
-7.6125201416e+02
-4.8621224976e+02
-2.4453155518e+02
2.0591201782e+01
2.8334902954e+02
5.3878967285e+02
8.0801757812e+02
-1.0024328003e+03
-7.6149462891e+02
-4.8659915161e+02
-2.4542871094e+02
1.9634527206e+01
2.8284692383e+02
5.3848718262e+02
8.0808258057e+02
-1.0023491211e+03
-7.6202990723e+02
-4.8754391479e+02
-2.4551562500e+02
1.9449371338e+01
2.8191925049e+02
5.3790765381e+02
8.0813934326e+02
-1.0025780029e+03
-7.6335125732e+02
-4.8862222290e+02
-2.4842578125e+02
1.6629955292e+01
2.8052124023e+02
5.3657971191e+02
8.0772497559e+02
-9.0880175781e+02
-6.7093048096e+02
-4.7035110474e+02
-2.2040745544e+02
1.4005123377e+00
2.2853262329e+02
4.7242739868e+02
7.0219653320e+02
-9.0831298828e+02
-6.6960595703e+02
-4.6831466675e+02
-2.2041177368e+02
1.5995160341e+00
2.3035566711e+02
4.7403460693e+02
7.0285107422e+02
-9.0841479492e+02
-6.6888586426e+02
-4.6720892334e+02
-2.1808973694e+02
3.8677952290e+00
2.3160748291e+02
4.7487911987e+02
7.0296063232e+02
-9.0838677979e+02
-6.6851367188e+02
-4.6633605957e+02
-2.1741918945e+02
4.4907116890e+00
2.3239567566e+02
4.7529016113e+02
7.0300451660e+02
-9.0843347168e+02
-6.6832513428e+02
-4.6601089478e+02
-2.1688632202e+02
4.9940285683e+00
2.3270872498e+02
4.7548248291e+02
7.0295544434e+02
-9.0845355225e+02
-6.6825897217e+02
-4.6581814575e+02
-2.1671533203e+02
5.1479845047e+00
2.3288183594e+02
4.7556039429e+02
7.0293389893e+02
-9.0845355225e+02
-6.6825897217e+02
-4.6581814575e+02
-2.1671533203e+02
5.1479845047e+00
2.3288183594e+02
4.7556039429e+02
7.0293389893e+02
-9.0843347168e+02
-6.6832513428e+02
-4.6601089478e+02
-2.1688632202e+02
4.9940285683e+00
2.3270872498e+02
4.7548248291e+02
7.0295544434e+02
-9.0838677979e+02
-6.6851367188e+02
-4.6633605957e+02
-2.1741918945e+02
4.4907116890e+00
2.3239567566e+02
4.7529016113e+02
7.0300451660e+02
-9.0841479492e+02
-6.6888586426e+02
-4.6720892334e+02
-2.1808973694e+02
3.8677952290e+00
2.3160748291e+02
4.7487911987e+02
7.0296063232e+02
-9.0831298828e+02
-6.6960595703e+02
-4.6831466675e+02
-2.2041177368e+02
1.5995160341e+00
2.3035566711e+02
4.7403460693e+02
7.0285107422e+02
-9.0880175781e+02
-6.7093048096e+02
-4.7035110474e+02
-2.2040745544e+02
1.4005123377e+00
2.2853262329e+02
4.7242739868e+02
7.0219653320e+02
-7.9757043457e+02
-6.2188317871e+02
-3.9556649780e+02
-2.2750479126e+02
-1.6608093262e+01
1.9393515015e+02
3.8627255249e+02
6.0442254639e+02
-7.9701300049e+02
-6.1993652344e+02
-3.9383535767e+02
-2.2295912170e+02
-1.2298672676e+01
1.9608375549e+02
3.8810794067e+02
6.0512145996e+02
-7.9675726318e+02
-6.1912445068e+02
-3.9250588989e+02
-2.2257887268e+02
-1.1863767624e+01
1.9730351257e+02
3.8892721558e+02
6.0528021240e+02
-7.9676617432e+02
-6.1869641113e+02
-3.9206393433e+02
-2.2165788269e+02
-1.0871853828e+01
1.9792062378e+02
3.8938064575e+02
6.0531787109e+02
-7.9677996826e+02
-6.1847216797e+02
-3.9164138794e+02
-2.2121481323e+02
-1.0383172989e+01
1.9841941833e+02
3.8966384888e+02
6.0534362793e+02
-7.9679168701e+02
-6.1836132812e+02
-3.9149581909e+02
-2.2095256042e+02
-1.0095141411e+01
1.9861666870e+02
3.8978857422e+02
6.0535205078e+02
-7.9679168701e+02
-6.1836132812e+02
-3.9149581909e+02
-2.2095256042e+02
-1.0095141411e+01
1.9861666870e+02
3.8978857422e+02
6.0535205078e+02
-7.9677996826e+02
-6.1847216797e+02
-3.9164138794e+02
-2.2121481323e+02
-1.0383172989e+01
1.9841941833e+02
3.8966384888e+02
6.0534362793e+02
-7.9676617432e+02
-6.1869641113e+02
-3.9206393433e+02
-2.2165788269e+02
-1.0871853828e+01
1.9792062378e+02
3.8938064575e+02
6.0531787109e+02
-7.9675726318e+02
-6.1912445068e+02
-3.9250588989e+02
-2.2257887268e+02
-1.1863767624e+01
1.9730351257e+02
3.8892721558e+02
6.0528021240e+02
-7.9701300049e+02
-6.1993652344e+02
-3.9383535767e+02
-2.2295912170e+02
-1.2298672676e+01
1.9608375549e+02
3.8810794067e+02
6.0512145996e+02
-7.9757043457e+02
-6.2188317871e+02
-3.9556649780e+02
-2.2750479126e+02
-1.6608093262e+01
1.9393515015e+02
3.8627255249e+02
6.0442254639e+02
-6.9885485840e+02
-5.2009973145e+02
-3.9289752197e+02
-1.8470268250e+02
-2.8425134659e+01
1.3234896851e+02
3.2573236084e+02
4.9336926270e+02
-6.9793603516e+02
-5.1857861328e+02
-3.9072897339e+02
-1.8569125366e+02
-2.9052812576e+01
1.3409934998e+02
3.2757650757e+02
4.9434744263e+02
-6.9802941895e+02
-5.1758099365e+02
-3.8948382568e+02
-1.8327008057e+02
-2.6592319489e+01
1.3562236023e+02
3.2869882202e+02
4.9455447388e+02
-6.9789971924e+02
-5.1703735352e+02
-3.8819863892e+02
-1.8209375000e+02
-2.5460767746e+01
1.3675300598e+02
3.2932656860e+02
4.9476757812e+02
-6.9786132812e+02
-5.1667541504e+02
-3.8762805176e+02
-1.8136416626e+02
-2.4767024994e+01
1.3723368835e+02
3.2964865112e+02
4.9483422852e+02
-6.9783587646e+02
-5.1653210449e+02
-3.8731799316e+02
-1.8107899475e+02
-2.4506223679e+01
1.3747856140e+02
3.2978503418e+02
4.9486181641e+02
-6.9783587646e+02
-5.1653210449e+02
-3.8731799316e+02
-1.8107899475e+02
-2.4506223679e+01
1.3747856140e+02
3.2978503418e+02
4.9486181641e+02
-6.9786132812e+02
-5.1667541504e+02
-3.8762805176e+02
-1.8136416626e+02
-2.4767024994e+01
1.3723368835e+02
3.2964865112e+02
4.9483422852e+02
-6.9789971924e+02
-5.1703735352e+02
-3.8819863892e+02
-1.8209375000e+02
-2.5460767746e+01
1.3675300598e+02
3.2932656860e+02
4.9476757812e+02
-6.9802941895e+02
-5.1758099365e+02
-3.8948382568e+02
-1.8327008057e+02
-2.6592319489e+01
1.3562236023e+02
3.2869882202e+02
4.9455447388e+02
-6.9793603516e+02
-5.1857861328e+02
-3.9072897339e+02
-1.8569125366e+02
-2.9052812576e+01
1.3409934998e+02
3.2757650757e+02
4.9434744263e+02
-6.9885485840e+02
-5.2009973145e+02
-3.9289752197e+02
-1.8470268250e+02
-2.8425134659e+01
1.3234896851e+02
3.2573236084e+02
4.9336926270e+02
-5.8921826172e+02
-4.7280657959e+02
-2.9245306396e+02
-2.1038584900e+02
-5.1711078644e+01
1.0918996429e+02
2.2986042786e+02
3.9050601196e+02
-5.8883026123e+02
-4.7037374878e+02
-2.9006729126e+02
-2.0395912170e+02
-4.5672836304e+01
1.1236939240e+02
2.3225222778e+02
3.9127218628e+02
-5.8822613525e+02
-4.6932797241e+02
-2.8807058716e+02
-2.0259170532e+02
-4.4430530548e+01
1.1402713013e+02
2.3328997803e+02
3.9168276978e+02
-5.8804010010e+02
-4.6866607666e+02
-2.8757968140e+02
-2.0170140076e+02
-4.3528133392e+01
1.1470328522e+02
2.3384312439e+02
3.9177267456e+02
-5.8793695068e+02
-4.6839205933e+02
-2.8717385864e+02
-2.0120372009e+02
-4.3006214142e+01
1.1524090576e+02
2.3417926025e+02
3.9181179810e+02
-5.8789825439e+02
-4.6825793457e+02
-2.8704330444e+02
-2.0094743347e+02
-4.2728805542e+01
1.1546459198e+02
2.3432907104e+02
3.9183538818e+02
-5.8789825439e+02
-4.6825793457e+02
-2.8704330444e+02
-2.0094743347e+02
-4.2728805542e+01
1.1546459198e+02
2.3432907104e+02
3.9183538818e+02
-5.8793695068e+02
-4.6839205933e+02
-2.8717385864e+02
-2.0120372009e+02
-4.3006214142e+01
1.1524090576e+02
2.3417926025e+02
3.9181179810e+02
-5.8804010010e+02
-4.6866607666e+02
-2.8757968140e+02
-2.0170140076e+02
-4.3528133392e+01
1.1470328522e+02
2.3384312439e+02
3.9177267456e+02
-5.8822613525e+02
-4.6932797241e+02
-2.8807058716e+02
-2.0259170532e+02
-4.4430530548e+01
1.1402713013e+02
2.3328997803e+02
3.9168276978e+02
-5.8883026123e+02
-4.7037374878e+02
-2.9006729126e+02
-2.0395912170e+02
-4.5672836304e+01
1.1236939240e+02
2.3225222778e+02
3.9127218628e+02
-5.8921826172e+02
-4.7280657959e+02
-2.9245306396e+02
-2.1038584900e+02
-5.1711078644e+01
1.0918996429e+02
2.2986042786e+02
3.9050601196e+02
-4.7850436401e+02
-3.7048800659e+02
-3.2201876831e+02
-1.4032885742e+02
-5.6889293671e+01
2.7689781189e+01
1.7748123169e+02
2.8602609253e+02
-4.7638592529e+02
-3.6842135620e+02
-3.1928625488e+02
-1.4188578796e+02
-5.8097160339e+01
2.9033704758e+01
1.7916217041e+02
2.8736331177e+02
-4.7625830078e+02
-3.6705682373e+02
-3.1837084961e+02
-1.4049137878e+02
-5.6420185089e+01
3.0413007736e+01
1.8045475769e+02
2.8764822388e+02
-4.7597259521e+02
-3.6647125244e+02
-3.1691549683e+02
-1.3909738159e+02
-5.4929882050e+01
3.1766904831e+01
1.8130673218e+02
2.8811431885e+02
-4.7588012695e+02
-3.6596005249e+02
-3.1612380981e+02
-1.3822596741e+02
-5.4017608643e+01
3.2471027374e+01
1.8182600403e+02
2.8838296509e+02
-4.7581555176e+02
-3.6573864746e+02
-3.1568310547e+02
-1.3781716919e+02
-5.3599227905e+01
3.2831226349e+01
1.8207144165e+02
2.8851022339e+02
-4.7581555176e+02
-3.6573864746e+02
-3.1568310547e+02
-1.3781716919e+02
-5.3599227905e+01
3.2831226349e+01
1.8207144165e+02
2.8851022339e+02
-4.7588012695e+02
-3.6596005249e+02
-3.1612380981e+02
-1.3822596741e+02
-5.4017608643e+01
3.2471027374e+01
1.8182600403e+02
2.8838296509e+02
-4.7597259521e+02
-3.6647125244e+02
-3.1691549683e+02
-1.3909738159e+02
-5.4929882050e+01
3.1766904831e+01
1.8130673218e+02
2.8811431885e+02
-4.7625830078e+02
-3.6705682373e+02
-3.1837084961e+02
-1.4049137878e+02
-5.6420185089e+01
3.0413007736e+01
1.8045475769e+02
2.8764822388e+02
-4.7638592529e+02
-3.6842135620e+02
-3.1928625488e+02
-1.4188578796e+02
-5.8097160339e+01
2.9033704758e+01
1.7916217041e+02
2.8736331177e+02
-4.7850436401e+02
-3.7048800659e+02
-3.2201876831e+02
-1.4032885742e+02
-5.6889293671e+01
2.7689781189e+01
1.7748123169e+02
2.8602609253e+02
-3.7757772827e+02
-3.1024652100e+02
-1.7736502075e+02
-2.0663311768e+02
-9.2050575256e+01
3.1381620407e+01
6.8698783875e+01
1.6430320740e+02
-3.7810821533e+02
-3.0801934814e+02
-1.7603294373e+02
-2.0073873901e+02
-8.6231819153e+01
3.5403488159e+01
7.2530143738e+01
1.6568334961e+02
-3.7781536865e+02
-3.0718038940e+02
-1.7311322021e+02
-1.9725215149e+02
-8.3128288269e+01
3.8032245636e+01
7.3998069763e+01
1.6634161377e+02
-3.7790356445e+02
-3.0626382446e+02
-1.7215940857e+02
-1.9574699402e+02
-8.1878807068e+01
3.9043922424e+01
7.4635742188e+01
1.6628796387e+02
-3.7784628296e+02
-3.0596722412e+02
-1.7160372925e+02
-1.9492848206e+02
-8.1217453003e+01
3.9601600647e+01
7.4889198303e+01
1.6618095398e+02
-3.7786639404e+02
-3.0582275391e+02
-1.7144606018e+02
-1.9459599304e+02
-8.0960609436e+01
3.9797119141e+01
7.4965393066e+01
1.6610383606e+02
-3.7786639404e+02
-3.0582275391e+02
-1.7144606018e+02
-1.9459599304e+02
-8.0960609436e+01
3.9797119141e+01
7.4965393066e+01
1.6610383606e+02
-3.7784628296e+02
-3.0596722412e+02
-1.7160372925e+02
-1.9492848206e+02
-8.1217453003e+01
3.9601600647e+01
7.4889198303e+01
1.6618095398e+02
-3.7790356445e+02
-3.0626382446e+02
-1.7215940857e+02
-1.9574699402e+02
-8.1878807068e+01
3.9043922424e+01
7.4635742188e+01
1.6628796387e+02
-3.7781536865e+02
-3.0718038940e+02
-1.7311322021e+02
-1.9725215149e+02
-8.3128288269e+01
3.8032245636e+01
7.3998069763e+01
1.6634161377e+02
-3.7810821533e+02
-3.0801934814e+02
-1.7603294373e+02
-2.0073873901e+02
-8.6231819153e+01
3.5403488159e+01
7.2530143738e+01
1.6568334961e+02
-3.7757772827e+02
-3.1024652100e+02
-1.7736502075e+02
-2.0663311768e+02
-9.2050575256e+01
3.1381620407e+01
6.8698783875e+01
1.6430320740e+02
-2.7259143066e+02
-2.3094042969e+02
-2.4269152832e+02
-5.1394023895e+01
-6.2344577789e+01
-8.7217781067e+01
1.8150873184e+01
6.5693725586e+01
-2.7087738037e+02
-2.2950541687e+02
-2.3729577637e+02
-4.8715957642e+01
-5.9794189453e+01
-8.5489944458e+01
1.7568426132e+01
6.5144828796e+01
-2.7081076050e+02
-2.2800628662e+02
-2.3740075684e+02
-4.9817604065e+01
-6.0388134003e+01
-8.5613136292e+01
1.7693464279e+01
6.4273857117e+01
-2.7034100342e+02
-2.2811012268e+02
-2.3717465210e+02
-5.0088214874e+01
-6.0158653259e+01
-8.5424034119e+01
1.7715162277e+01
6.4190399170e+01
-2.7044821167e+02
-2.2797785950e+02
-2.3722404480e+02
-5.0369747162e+01
-6.0087825775e+01
-8.5340393066e+01
1.7823696136e+01
6.4013710022e+01
-2.7037814331e+02
-2.2801091003e+02
-2.3716719055e+02
-5.0483154297e+01
-6.0007003784e+01
-8.5245582581e+01
1.7871801376e+01
6.4004981995e+01
-2.7037814331e+02
-2.2801091003e+02
-2.3716719055e+02
-5.0483154297e+01
-6.0007003784e+01
-8.5245582581e+01
1.7871801376e+01
6.4004981995e+01
-2.7044821167e+02
-2.2797785950e+02
-2.3722404480e+02
-5.0369747162e+01
-6.0087825775e+01
-8.5340393066e+01
1.7823696136e+01
6.4013710022e+01
-2.7034100342e+02
-2.2811012268e+02
-2.3717465210e+02
-5.0088214874e+01
-6.0158653259e+01
-8.5424034119e+01
1.7715162277e+01
6.4190399170e+01
-2.7081076050e+02
-2.2800628662e+02
-2.3740075684e+02
-4.9817604065e+01
-6.0388134003e+01
-8.5613136292e+01
1.7693464279e+01
6.4273857117e+01
-2.7087738037e+02
-2.2950541687e+02
-2.3729577637e+02
-4.8715957642e+01
-5.9794189453e+01
-8.5489944458e+01
1.7568426132e+01
6.5144828796e+01
-2.7259143066e+02
-2.3094042969e+02
-2.4269152832e+02
-5.1394023895e+01
-6.2344577789e+01
-8.7217781067e+01
1.8150873184e+01
6.5693725586e+01
-8.4137100220e+01
-1.2794755554e+02
-1.1670213318e+02
-3.1681915283e+02
-1.9184768677e+02
-1.7205698013e+01
-2.1857469559e+01
2.5203248978e+01
-8.2639907837e+01
-1.2334378815e+02
-1.2144614410e+02
-3.2430703735e+02
-2.0092774963e+02
-2.2740846634e+01
-2.2595319748e+01
2.2999650955e+01
-8.1707534790e+01
-1.2416440582e+02
-1.2057859039e+02
-3.2259530640e+02
-2.0053340149e+02
-2.3267423630e+01
-2.3718868256e+01
2.2800100327e+01
-8.2013717651e+01
-1.2341398621e+02
-1.1993882751e+02
-3.2123953247e+02
-2.0032730103e+02
-2.3307413101e+01
-2.3724283218e+01
2.2558944702e+01
-8.1505577087e+01
-1.2323235321e+02
-1.1909350586e+02
-3.2003506470e+02
-1.9988623047e+02
-2.3066061020e+01
-2.3703407288e+01
2.3011602402e+01
-8.1650917053e+01
-1.2290144348e+02
-1.1876089478e+02
-3.1940963745e+02
-1.9968492126e+02
-2.2978858948e+01
-2.3558784485e+01
2.2999391556e+01
-8.1650917053e+01
-1.2290144348e+02
-1.1876089478e+02
-3.1940963745e+02
-1.9968492126e+02
-2.2978858948e+01
-2.3558784485e+01
2.2999391556e+01
-8.1505577087e+01
-1.2323235321e+02
-1.1909350586e+02
-3.2003506470e+02
-1.9988623047e+02
-2.3066061020e+01
-2.3703407288e+01
2.3011602402e+01
-8.2013717651e+01
-1.2341398621e+02
-1.1993882751e+02
-3.2123953247e+02
-2.0032730103e+02
-2.3307413101e+01
-2.3724283218e+01
2.2558944702e+01
-8.1707534790e+01
-1.2416440582e+02
-1.2057859039e+02
-3.2259530640e+02
-2.0053340149e+02
-2.3267423630e+01
-2.3718868256e+01
2.2800100327e+01
-8.2639907837e+01
-1.2334378815e+02
-1.2144614410e+02
-3.2430703735e+02
-2.0092774963e+02
-2.2740846634e+01
-2.2595319748e+01
2.2999650955e+01
-8.4137100220e+01
-1.2794755554e+02
-1.1670213318e+02
-3.1681915283e+02
-1.9184768677e+02
-1.7205698013e+01
-2.1857469559e+01
2.5203248978e+01
