-1.0775338745e+02
-1.0550653839e+02
-1.0529315186e+02
-1.0510701752e+02
-1.0519852448e+02
-1.0556824493e+02
-1.0596504974e+02
-1.0839489746e+02
-1.0394363403e+02
-1.0197058105e+02
-1.0192284393e+02
-1.0179286194e+02
-1.0188216400e+02
-1.0219157410e+02
-1.0241806793e+02
-1.0457309723e+02
-1.0303332520e+02
-1.0117991638e+02
-1.0127187347e+02
-1.0120794678e+02
-1.0129732513e+02
-1.0154098511e+02
-1.0162850952e+02
-1.0366893768e+02
-1.0233556366e+02
-1.0050709534e+02
-1.0066446686e+02
-1.0063856506e+02
-1.0072797394e+02
-1.0093392944e+02
-1.0095712280e+02
-1.0297640991e+02
-1.0205071259e+02
-1.0022381592e+02
-1.0041128540e+02
-1.0040459442e+02
-1.0049420929e+02
-1.0068157959e+02
-1.0067580414e+02
-1.0269625092e+02
-1.0189636993e+02
-1.0006354523e+02
-1.0026225281e+02
-1.0026270294e+02
-1.0035243225e+02
-1.0053297424e+02
-1.0051651764e+02
-1.0254422760e+02
-1.0189636993e+02
-1.0006354523e+02
-1.0026225281e+02
-1.0026270294e+02
-1.0035243225e+02
-1.0053297424e+02
-1.0051651764e+02
-1.0254422760e+02
-1.0205071259e+02
-1.0022381592e+02
-1.0041128540e+02
-1.0040459442e+02
-1.0049420929e+02
-1.0068157959e+02
-1.0067580414e+02
-1.0269625092e+02
-1.0233556366e+02
-1.0050709534e+02
-1.0066446686e+02
-1.0063856506e+02
-1.0072797394e+02
-1.0093392944e+02
-1.0095712280e+02
-1.0297640991e+02
-1.0303332520e+02
-1.0117991638e+02
-1.0127187347e+02
-1.0120794678e+02
-1.0129732513e+02
-1.0154098511e+02
-1.0162850952e+02
-1.0366893768e+02
-1.0394363403e+02
-1.0197058105e+02
-1.0192284393e+02
-1.0179286194e+02
-1.0188216400e+02
-1.0219157410e+02
-1.0241806793e+02
-1.0457309723e+02
-1.0775338745e+02
-1.0550653839e+02
-1.0529315186e+02
-1.0510701752e+02
-1.0519852448e+02
-1.0556824493e+02
-1.0596504974e+02
-1.0839489746e+02
-9.0072212219e+01
-9.5165596008e+01
-9.5949432373e+01
-9.6532463074e+01
-9.6610725403e+01
-9.6183677673e+01
-9.5557548523e+01
-9.0621185303e+01
-9.7029136658e+01
-1.0236128998e+02
-1.0326744843e+02
-1.0392697906e+02
-1.0401155090e+02
-1.0351985931e+02
-1.0278300476e+02
-9.7610069275e+01
-9.8320846558e+01
-1.0383706665e+02
-1.0476626587e+02
-1.0544265747e+02
-1.0552839661e+02
-1.0502185059e+02
-1.0426289368e+02
-9.8900154114e+01
-9.9218894958e+01
-1.0488410187e+02
-1.0585285187e+02
-1.0654382324e+02
-1.0663035583e+02
-1.0611042023e+02
-1.0531221771e+02
-9.9797218323e+01
-9.9486679077e+01
-1.0524297333e+02
-1.0623493195e+02
-1.0693654633e+02
-1.0702327728e+02
-1.0649285889e+02
-1.0567120361e+02
-1.0006269836e+02
-9.9638282776e+01
-1.0543984985e+02
-1.0644423676e+02
-1.0715145111e+02
-1.0723828888e+02
-1.0670237732e+02
-1.0586820221e+02
-1.0021334839e+02
-9.9638282776e+01
-1.0543984985e+02
-1.0644423676e+02
-1.0715145111e+02
-1.0723828888e+02
-1.0670237732e+02
-1.0586820221e+02
-1.0021334839e+02
-9.9486679077e+01
-1.0524297333e+02
-1.0623493195e+02
-1.0693654633e+02
-1.0702327728e+02
-1.0649285889e+02
-1.0567120361e+02
-1.0006269836e+02
-9.9218894958e+01
-1.0488410187e+02
-1.0585285187e+02
-1.0654382324e+02
-1.0663035583e+02
-1.0611042023e+02
-1.0531221771e+02
-9.9797218323e+01
-9.8320846558e+01
-1.0383706665e+02
-1.0476626587e+02
-1.0544265747e+02
-1.0552839661e+02
-1.0502185059e+02
-1.0426289368e+02
-9.8900154114e+01
-9.7029136658e+01
-1.0236128998e+02
-1.0326744843e+02
-1.0392697906e+02
-1.0401155090e+02
-1.0351985931e+02
-1.0278300476e+02
-9.7610069275e+01
-9.0072212219e+01
-9.5165596008e+01
-9.5949432373e+01
-9.6532463074e+01
-9.6610725403e+01
-9.6183677673e+01
-9.5557548523e+01
-9.0621185303e+01
-1.0843314362e+02
-1.0420191193e+02
-1.0467823029e+02
-1.0466747284e+02
-1.0474361420e+02
-1.0490783691e+02
-1.0458401489e+02
-1.0897587585e+02
-1.0369534302e+02
-9.9148063660e+01
-9.9493370056e+01
-9.9412155151e+01
-9.9483757019e+01
-9.9710006714e+01
-9.9507919312e+01
-1.0421385193e+02
-1.0458286285e+02
-9.9885848999e+01
-1.0023812103e+02
-1.0015670013e+02
-1.0022875214e+02
-1.0045619202e+02
-1.0024768829e+02
-1.0510822296e+02
-1.0490318298e+02
-1.0009239197e+02
-1.0043463898e+02
-1.0035224915e+02
-1.0042422485e+02
-1.0065261841e+02
-1.0045386505e+02
-1.0543007660e+02
-1.0541777039e+02
-1.0053927612e+02
-1.0088056183e+02
-1.0079798889e+02
-1.0087014771e+02
-1.0109915161e+02
-1.0090151215e+02
-1.0594690704e+02
-1.0560881042e+02
-1.0069701385e+02
-1.0103588867e+02
-1.0095280457e+02
-1.0102498627e+02
-1.0125456238e+02
-1.0105930328e+02
-1.0613853455e+02
-1.0560881042e+02
-1.0069701385e+02
-1.0103588867e+02
-1.0095280457e+02
-1.0102498627e+02
-1.0125456238e+02
-1.0105930328e+02
-1.0613853455e+02
-1.0541777039e+02
-1.0053927612e+02
-1.0088056183e+02
-1.0079798889e+02
-1.0087014771e+02
-1.0109915161e+02
-1.0090151215e+02
-1.0594690704e+02
-1.0490318298e+02
-1.0009239197e+02
-1.0043463898e+02
-1.0035224915e+02
-1.0042422485e+02
-1.0065261841e+02
-1.0045386505e+02
-1.0543007660e+02
-1.0458286285e+02
-9.9885848999e+01
-1.0023812103e+02
-1.0015670013e+02
-1.0022875214e+02
-1.0045619202e+02
-1.0024768829e+02
-1.0510822296e+02
-1.0369534302e+02
-9.9148063660e+01
-9.9493370056e+01
-9.9412155151e+01
-9.9483757019e+01
-9.9710006714e+01
-9.9507919312e+01
-1.0421385193e+02
-1.0843314362e+02
-1.0420191193e+02
-1.0467823029e+02
-1.0466747284e+02
-1.0474361420e+02
-1.0490783691e+02
-1.0458401489e+02
-1.0897587585e+02
-9.8834831238e+01
-1.0199470520e+02
-1.0094257355e+02
-1.0093619537e+02
-1.0100168610e+02
-1.0113776398e+02
-1.0232179260e+02
-9.9283142090e+01
-1.0188877869e+02
-1.0526904297e+02
-1.0429363251e+02
-1.0433044434e+02
-1.0439900208e+02
-1.0449736023e+02
-1.0561148071e+02
-1.0235403442e+02
-1.0034794617e+02
-1.0376232910e+02
-1.0273797607e+02
-1.0275910187e+02
-1.0282651520e+02
-1.0293820953e+02
-1.0410002136e+02
-1.0080455780e+02
-1.0009557343e+02
-1.0354713440e+02
-1.0250063324e+02
-1.0251396179e+02
-1.0258135986e+02
-1.0270071411e+02
-1.0388523102e+02
-1.0055168915e+02
-9.9702758789e+01
-1.0317259216e+02
-1.0210621643e+02
-1.0211289978e+02
-1.0218009949e+02
-1.0230564117e+02
-1.0351005554e+02
-1.0015733337e+02
-9.9624710083e+01
-1.0310405731e+02
-1.0203018188e+02
-1.0203437805e+02
-1.0210157776e+02
-1.0222959137e+02
-1.0344168091e+02
-1.0007921600e+02
-9.9624710083e+01
-1.0310405731e+02
-1.0203018188e+02
-1.0203437805e+02
-1.0210157776e+02
-1.0222959137e+02
-1.0344168091e+02
-1.0007921600e+02
-9.9702758789e+01
-1.0317259216e+02
-1.0210621643e+02
-1.0211289978e+02
-1.0218009949e+02
-1.0230564117e+02
-1.0351005554e+02
-1.0015733337e+02
-1.0009557343e+02
-1.0354713440e+02
-1.0250063324e+02
-1.0251396179e+02
-1.0258135986e+02
-1.0270071411e+02
-1.0388523102e+02
-1.0055168915e+02
-1.0034794617e+02
-1.0376232910e+02
-1.0273797607e+02
-1.0275910187e+02
-1.0282651520e+02
-1.0293820953e+02
-1.0410002136e+02
-1.0080455780e+02
-1.0188877869e+02
-1.0526904297e+02
-1.0429363251e+02
-1.0433044434e+02
-1.0439900208e+02
-1.0449736023e+02
-1.0561148071e+02
-1.0235403442e+02
-9.8834831238e+01
-1.0199470520e+02
-1.0094257355e+02
-1.0093619537e+02
-1.0100168610e+02
-1.0113776398e+02
-1.0232179260e+02
-9.9283142090e+01
-1.0379955292e+02
-1.0175249481e+02
-1.0312201691e+02
-1.0318063354e+02
-1.0323804474e+02
-1.0329570770e+02
-1.0203890991e+02
-1.0420938873e+02
-1.0167613220e+02
-9.9514389038e+01
-1.0085298920e+02
-1.0088909912e+02
-1.0094444275e+02
-1.0102112579e+02
-9.9790374756e+01
-1.0207424927e+02
-1.0314611053e+02
-1.0101368713e+02
-1.0240836334e+02
-1.0246069336e+02
-1.0251728821e+02
-1.0258045197e+02
-1.0129502869e+02
-1.0355258942e+02
-1.0304476929e+02
-1.0090805054e+02
-1.0232588959e+02
-1.0238121796e+02
-1.0243769073e+02
-1.0249776459e+02
-1.0118833160e+02
-1.0345041656e+02
-1.0321824646e+02
-1.0108396149e+02
-1.0252149963e+02
-1.0258072662e+02
-1.0263733673e+02
-1.0269387817e+02
-1.0136463928e+02
-1.0362485504e+02
-1.0316713715e+02
-1.0103264618e+02
-1.0247750854e+02
-1.0253757477e+02
-1.0259414673e+02
-1.0264979553e+02
-1.0131297302e+02
-1.0357347107e+02
-1.0316713715e+02
-1.0103264618e+02
-1.0247750854e+02
-1.0253757477e+02
-1.0259414673e+02
-1.0264979553e+02
-1.0131297302e+02
-1.0357347107e+02
-1.0321824646e+02
-1.0108396149e+02
-1.0252149963e+02
-1.0258072662e+02
-1.0263733673e+02
-1.0269387817e+02
-1.0136463928e+02
-1.0362485504e+02
-1.0304476929e+02
-1.0090805054e+02
-1.0232588959e+02
-1.0238121796e+02
-1.0243769073e+02
-1.0249776459e+02
-1.0118833160e+02
-1.0345041656e+02
-1.0314611053e+02
-1.0101368713e+02
-1.0240836334e+02
-1.0246069336e+02
-1.0251728821e+02
-1.0258045197e+02
-1.0129502869e+02
-1.0355258942e+02
-1.0167613220e+02
-9.9514389038e+01
-1.0085298920e+02
-1.0088909912e+02
-1.0094444275e+02
-1.0102112579e+02
-9.9790374756e+01
-1.0207424927e+02
-1.0379955292e+02
-1.0175249481e+02
-1.0312201691e+02
-1.0318063354e+02
-1.0323804474e+02
-1.0329570770e+02
-1.0203890991e+02
-1.0420938873e+02
-1.0100748444e+02
-1.0249492645e+02
-1.0133773041e+02
-1.0152475739e+02
-1.0157336426e+02
-1.0148187256e+02
-1.0273902130e+02
-1.0134205627e+02
-1.0252783203e+02
-1.0405638885e+02
-1.0290547943e+02
-1.0310379791e+02
-1.0315385437e+02
-1.0305326843e+02
-1.0430761719e+02
-1.0287059784e+02
-1.0126448059e+02
-1.0274679565e+02
-1.0155240631e+02
-1.0174015808e+02
-1.0178910065e+02
-1.0169654083e+02
-1.0299305725e+02
-1.0159999847e+02
-1.0158544159e+02
-1.0306821442e+02
-1.0186209869e+02
-1.0205432892e+02
-1.0210354614e+02
-1.0200682831e+02
-1.0331610107e+02
-1.0192274475e+02
-1.0149040985e+02
-1.0296802521e+02
-1.0174950409e+02
-1.0194211578e+02
-1.0199123383e+02
-1.0189382172e+02
-1.0321559143e+02
-1.0182699585e+02
-1.0158263397e+02
-1.0305980682e+02
-1.0183741760e+02
-1.0203135681e+02
-1.0208055115e+02
-1.0198188019e+02
-1.0330777740e+02
-1.0191963959e+02
-1.0158263397e+02
-1.0305980682e+02
-1.0183741760e+02
-1.0203135681e+02
-1.0208055115e+02
-1.0198188019e+02
-1.0330777740e+02
-1.0191963959e+02
-1.0149040985e+02
-1.0296802521e+02
-1.0174950409e+02
-1.0194211578e+02
-1.0199123383e+02
-1.0189382172e+02
-1.0321559143e+02
-1.0182699585e+02
-1.0158544159e+02
-1.0306821442e+02
-1.0186209869e+02
-1.0205432892e+02
-1.0210354614e+02
-1.0200682831e+02
-1.0331610107e+02
-1.0192274475e+02
-1.0126448059e+02
-1.0274679565e+02
-1.0155240631e+02
-1.0174015808e+02
-1.0178910065e+02
-1.0169654083e+02
-1.0299305725e+02
-1.0159999847e+02
-1.0252783203e+02
-1.0405638885e+02
-1.0290547943e+02
-1.0310379791e+02
-1.0315385437e+02
-1.0305326843e+02
-1.0430761719e+02
-1.0287059784e+02
-1.0100748444e+02
-1.0249492645e+02
-1.0133773041e+02
-1.0152475739e+02
-1.0157336426e+02
-1.0148187256e+02
-1.0273902130e+02
-1.0134205627e+02
-1.0278039551e+02
-1.0181072998e+02
-1.0284899139e+02
-1.0264135742e+02
-1.0268114471e+02
-1.0297032166e+02
-1.0200886536e+02
-1.0306330872e+02
-1.0169618225e+02
-1.0072846222e+02
-1.0176859283e+02
-1.0155448151e+02
-1.0159322357e+02
-1.0188750458e+02
-1.0092169952e+02
-1.0197329712e+02
-1.0275028229e+02
-1.0182532501e+02
-1.0289285278e+02
-1.0268399811e+02
-1.0272364044e+02
-1.0301487732e+02
-1.0202281189e+02
-1.0303337097e+02
-1.0233820343e+02
-1.0140919495e+02
-1.0247853851e+02
-1.0226075745e+02
-1.0230001831e+02
-1.0259970856e+02
-1.0160476685e+02
-1.0261902618e+02
-1.0243756104e+02
-1.0151233673e+02
-1.0258854675e+02
-1.0236836243e+02
-1.0240771484e+02
-1.0271012878e+02
-1.0170829773e+02
-1.0271907806e+02
-1.0234808350e+02
-1.0142228699e+02
-1.0249982452e+02
-1.0227735901e+02
-1.0231663513e+02
-1.0262124634e+02
-1.0161785889e+02
-1.0262917328e+02
-1.0234808350e+02
-1.0142228699e+02
-1.0249982452e+02
-1.0227735901e+02
-1.0231663513e+02
-1.0262124634e+02
-1.0161785889e+02
-1.0262917328e+02
-1.0243756104e+02
-1.0151233673e+02
-1.0258854675e+02
-1.0236836243e+02
-1.0240771484e+02
-1.0271012878e+02
-1.0170829773e+02
-1.0271907806e+02
-1.0233820343e+02
-1.0140919495e+02
-1.0247853851e+02
-1.0226075745e+02
-1.0230001831e+02
-1.0259970856e+02
-1.0160476685e+02
-1.0261902618e+02
-1.0275028229e+02
-1.0182532501e+02
-1.0289285278e+02
-1.0268399811e+02
-1.0272364044e+02
-1.0301487732e+02
-1.0202281189e+02
-1.0303337097e+02
-1.0169618225e+02
-1.0072846222e+02
-1.0176859283e+02
-1.0155448151e+02
-1.0159322357e+02
-1.0188750458e+02
-1.0092169952e+02
-1.0197329712e+02
-1.0278039551e+02
-1.0181072998e+02
-1.0284899139e+02
-1.0264135742e+02
-1.0268114471e+02
-1.0297032166e+02
-1.0200886536e+02
-1.0306330872e+02
-1.0168817139e+02
-1.0244120026e+02
-1.0168119049e+02
-1.0201139069e+02
-1.0204285431e+02
-1.0177332306e+02
-1.0259860229e+02
-1.0190429688e+02
-1.0245883179e+02
-1.0318818665e+02
-1.0242668152e+02
-1.0276143646e+02
-1.0279366302e+02
-1.0252041626e+02
-1.0334894562e+02
-1.0267904663e+02
-1.0159977722e+02
-1.0229570007e+02
-1.0151988220e+02
-1.0185246277e+02
-1.0188399506e+02
-1.0161106873e+02
-1.0245295715e+02
-1.0181518555e+02
-1.0203307343e+02
-1.0273587036e+02
-1.0196345520e+02
-1.0230607605e+02
-1.0233802795e+02
-1.0205559540e+02
-1.0289508057e+02
-1.0225086212e+02
-1.0190850067e+02
-1.0260836029e+02
-1.0183170319e+02
-1.0217671967e+02
-1.0220858765e+02
-1.0192340851e+02
-1.0276707458e+02
-1.0212550354e+02
-1.0198674774e+02
-1.0268775177e+02
-1.0191094971e+02
-1.0225821686e+02
-1.0229016113e+02
-1.0200279999e+02
-1.0284681702e+02
-1.0220415497e+02
-1.0198674774e+02
-1.0268775177e+02
-1.0191094971e+02
-1.0225821686e+02
-1.0229016113e+02
-1.0200279999e+02
-1.0284681702e+02
-1.0220415497e+02
-1.0190850067e+02
-1.0260836029e+02
-1.0183170319e+02
-1.0217671967e+02
-1.0220858765e+02
-1.0192340851e+02
-1.0276707458e+02
-1.0212550354e+02
-1.0203307343e+02
-1.0273587036e+02
-1.0196345520e+02
-1.0230607605e+02
-1.0233802795e+02
-1.0205559540e+02
-1.0289508057e+02
-1.0225086212e+02
-1.0159977722e+02
-1.0229570007e+02
-1.0151988220e+02
-1.0185246277e+02
-1.0188399506e+02
-1.0161106873e+02
-1.0245295715e+02
-1.0181518555e+02
-1.0245883179e+02
-1.0318818665e+02
-1.0242668152e+02
-1.0276143646e+02
-1.0279366302e+02
-1.0252041626e+02
-1.0334894562e+02
-1.0267904663e+02
-1.0168817139e+02
-1.0244120026e+02
-1.0168119049e+02
-1.0201139069e+02
-1.0204285431e+02
-1.0177332306e+02
-1.0259860229e+02
-1.0190429688e+02
-1.0246457672e+02
-1.0196829987e+02
-1.0260747528e+02
-1.0232738495e+02
-1.0234976196e+02
-1.0267703247e+02
-1.0208073425e+02
-1.0262504578e+02
-1.0191446686e+02
-1.0145048523e+02
-1.0208795166e+02
-1.0180448914e+02
-1.0182627869e+02
-1.0215640259e+02
-1.0156054688e+02
-1.0207196045e+02
-1.0260083771e+02
-1.0216056061e+02
-1.0280355072e+02
-1.0252109528e+02
-1.0254339600e+02
-1.0287400055e+02
-1.0227340698e+02
-1.0276212311e+02
-1.0218344116e+02
-1.0173547363e+02
-1.0237332153e+02
-1.0208169556e+02
-1.0210356903e+02
-1.0244281769e+02
-1.0184645081e+02
-1.0234242249e+02
-1.0232981873e+02
-1.0188464355e+02
-1.0252581024e+02
-1.0223267365e+02
-1.0225463867e+02
-1.0259576416e+02
-1.0199620819e+02
-1.0248966217e+02
-1.0226003265e+02
-1.0181362915e+02
-1.0245449829e+02
-1.0215950775e+02
-1.0218139648e+02
-1.0252430725e+02
-1.0192487335e+02
-1.0241949463e+02
-1.0226003265e+02
-1.0181362915e+02
-1.0245449829e+02
-1.0215950775e+02
-1.0218139648e+02
-1.0252430725e+02
-1.0192487335e+02
-1.0241949463e+02
-1.0232981873e+02
-1.0188464355e+02
-1.0252581024e+02
-1.0223267365e+02
-1.0225463867e+02
-1.0259576416e+02
-1.0199620819e+02
-1.0248966217e+02
-1.0218344116e+02
-1.0173547363e+02
-1.0237332153e+02
-1.0208169556e+02
-1.0210356903e+02
-1.0244281769e+02
-1.0184645081e+02
-1.0234242249e+02
-1.0260083771e+02
-1.0216056061e+02
-1.0280355072e+02
-1.0252109528e+02
-1.0254339600e+02
-1.0287400055e+02
-1.0227340698e+02
-1.0276212311e+02
-1.0191446686e+02
-1.0145048523e+02
-1.0208795166e+02
-1.0180448914e+02
-1.0182627869e+02
-1.0215640259e+02
-1.0156054688e+02
-1.0207196045e+02
-1.0246457672e+02
-1.0196829987e+02
-1.0260747528e+02
-1.0232738495e+02
-1.0234976196e+02
-1.0267703247e+02
-1.0208073425e+02
-1.0262504578e+02
-1.0198737335e+02
-1.0237394714e+02
-1.0191172791e+02
-1.0220390320e+02
-1.0221867371e+02
-1.0195350647e+02
-1.0244651031e+02
-1.0208650970e+02
-1.0238314819e+02
-1.0273615265e+02
-1.0227872467e+02
-1.0257304382e+02
-1.0258825684e+02
-1.0232122803e+02
-1.0281031799e+02
-1.0248436737e+02
-1.0184192657e+02
-1.0217947388e+02
-1.0172173309e+02
-1.0201502991e+02
-1.0202986908e+02
-1.0176264954e+02
-1.0225141907e+02
-1.0194013977e+02
-1.0222345734e+02
-1.0256811523e+02
-1.0211537933e+02
-1.0241620636e+02
-1.0243143463e+02
-1.0215717316e+02
-1.0264173889e+02
-1.0232376099e+02
-1.0206484985e+02
-1.0240662384e+02
-1.0195088959e+02
-1.0225222778e+02
-1.0226735687e+02
-1.0199220276e+02
-1.0247959137e+02
-1.0216423798e+02
-1.0212996674e+02
-1.0247286224e+02
-1.0201760864e+02
-1.0232038116e+02
-1.0233557892e+02
-1.0205906677e+02
-1.0254612732e+02
-1.0222971344e+02
-1.0212996674e+02
-1.0247286224e+02
-1.0201760864e+02
-1.0232038116e+02
-1.0233557892e+02
-1.0205906677e+02
-1.0254612732e+02
-1.0222971344e+02
-1.0206484985e+02
-1.0240662384e+02
-1.0195088959e+02
-1.0225222778e+02
-1.0226735687e+02
-1.0199220276e+02
-1.0247959137e+02
-1.0216423798e+02
-1.0222345734e+02
-1.0256811523e+02
-1.0211537933e+02
-1.0241620636e+02
-1.0243143463e+02
-1.0215717316e+02
-1.0264173889e+02
-1.0232376099e+02
-1.0184192657e+02
-1.0217947388e+02
-1.0172173309e+02
-1.0201502991e+02
-1.0202986908e+02
-1.0176264954e+02
-1.0225141907e+02
-1.0194013977e+02
-1.0238314819e+02
-1.0273615265e+02
-1.0227872467e+02
-1.0257304382e+02
-1.0258825684e+02
-1.0232122803e+02
-1.0281031799e+02
-1.0248436737e+02
-1.0198737335e+02
-1.0237394714e+02
-1.0191172791e+02
-1.0220390320e+02
-1.0221867371e+02
-1.0195350647e+02
-1.0244651031e+02
-1.0208650970e+02
-1.0236214447e+02
-1.0210218048e+02
-1.0247430420e+02
-1.0224091339e+02
-1.0224665833e+02
-1.0249402618e+02
-1.0213249207e+02
-1.0240621948e+02
-1.0207521820e+02
-1.0184639740e+02
-1.0221165466e+02
-1.0197740936e+02
-1.0198279572e+02
-1.0223082733e+02
-1.0187550354e+02
-1.0211770630e+02
-1.0249888611e+02
-1.0227922821e+02
-1.0264211273e+02
-1.0240932465e+02
-1.0241496277e+02
-1.0266249084e+02
-1.0231003571e+02
-1.0254369354e+02
-1.0216235352e+02
-1.0193687439e+02
-1.0229564667e+02
-1.0205704498e+02
-1.0206231689e+02
-1.0231522369e+02
-1.0196618652e+02
-1.0220530701e+02
-1.0232350922e+02
-1.0210093689e+02
-1.0246246338e+02
-1.0222411346e+02
-1.0222949982e+02
-1.0248250580e+02
-1.0213091278e+02
-1.0236736298e+02
-1.0226071930e+02
-1.0203716278e+02
-1.0239810181e+02
-1.0215864563e+02
-1.0216395569e+02
-1.0241799164e+02
-1.0206684875e+02
-1.0230421448e+02
-1.0226071930e+02
-1.0203716278e+02
-1.0239810181e+02
-1.0215864563e+02
-1.0216395569e+02
-1.0241799164e+02
-1.0206684875e+02
-1.0230421448e+02
-1.0232350922e+02
-1.0210093689e+02
-1.0246246338e+02
-1.0222411346e+02
-1.0222949982e+02
-1.0248250580e+02
-1.0213091278e+02
-1.0236736298e+02
-1.0216235352e+02
-1.0193687439e+02
-1.0229564667e+02
-1.0205704498e+02
-1.0206231689e+02
-1.0231522369e+02
-1.0196618652e+02
-1.0220530701e+02
-1.0249888611e+02
-1.0227922821e+02
-1.0264211273e+02
-1.0240932465e+02
-1.0241496277e+02
-1.0266249084e+02
-1.0231003571e+02
-1.0254369354e+02
-1.0207521820e+02
-1.0184639740e+02
-1.0221165466e+02
-1.0197740936e+02
-1.0198279572e+02
-1.0223082733e+02
-1.0187550354e+02
-1.0211770630e+02
-1.0236214447e+02
-1.0210218048e+02
-1.0247430420e+02
-1.0224091339e+02
-1.0224665833e+02
-1.0249402618e+02
-1.0213249207e+02
-1.0240621948e+02
-1.0215245056e+02
-1.0234047699e+02
-1.0205995178e+02
-1.0225636292e+02
-1.0225524139e+02
-1.0205415344e+02
-1.0233281708e+02
-1.0214023590e+02
-1.0236203003e+02
-1.0252291870e+02
-1.0225019073e+02
-1.0244622803e+02
-1.0244537354e+02
-1.0224472809e+02
-1.0251602173e+02
-1.0235089111e+02
-1.0203163147e+02
-1.0218779755e+02
-1.0191854858e+02
-1.0211264801e+02
-1.0211159515e+02
-1.0191211700e+02
-1.0217955017e+02
-1.0201863861e+02
-1.0232113647e+02
-1.0248162079e+02
-1.0221544647e+02
-1.0241386414e+02
-1.0241312408e+02
-1.0220967865e+02
-1.0247461700e+02
-1.0230971527e+02
-1.0216526031e+02
-1.0232299042e+02
-1.0205435944e+02
-1.0225204468e+02
-1.0225119781e+02
-1.0204815674e+02
-1.0231533051e+02
-1.0215296173e+02
-1.0222650909e+02
-1.0238508606e+02
-1.0211713409e+02
-1.0231569672e+02
-1.0231491852e+02
-1.0211106110e+02
-1.0237770844e+02
-1.0221454620e+02
-1.0222650909e+02
-1.0238508606e+02
-1.0211713409e+02
-1.0231569672e+02
-1.0231491852e+02
-1.0211106110e+02
-1.0237770844e+02
-1.0221454620e+02
-1.0216526031e+02
-1.0232299042e+02
-1.0205435944e+02
-1.0225204468e+02
-1.0225119781e+02
-1.0204815674e+02
-1.0231533051e+02
-1.0215296173e+02
-1.0232113647e+02
-1.0248162079e+02
-1.0221544647e+02
-1.0241386414e+02
-1.0241312408e+02
-1.0220967865e+02
-1.0247461700e+02
-1.0230971527e+02
-1.0203163147e+02
-1.0218779755e+02
-1.0191854858e+02
-1.0211264801e+02
-1.0211159515e+02
-1.0191211700e+02
-1.0217955017e+02
-1.0201863861e+02
-1.0236203003e+02
-1.0252291870e+02
-1.0225019073e+02
-1.0244622803e+02
-1.0244537354e+02
-1.0224472809e+02
-1.0251602173e+02
-1.0235089111e+02
-1.0215245056e+02
-1.0234047699e+02
-1.0205995178e+02
-1.0225636292e+02
-1.0225524139e+02
-1.0205415344e+02
-1.0233281708e+02
-1.0214023590e+02
-1.0234149933e+02
-1.0219709015e+02
-1.0239857483e+02
-1.0223079681e+02
-1.0222115326e+02
-1.0237187958e+02
-1.0215081787e+02
-1.0227757263e+02
-1.0218747711e+02
-1.0206582642e+02
-1.0225936890e+02
-1.0209288788e+02
-1.0208301544e+02
-1.0223236847e+02
-1.0201890564e+02
-1.0212265778e+02
-1.0244479370e+02
-1.0232491302e+02
-1.0251477051e+02
-1.0235052490e+02
-1.0234077454e+02
-1.0248848724e+02
-1.0227899170e+02
-1.0238136292e+02
-1.0220024872e+02
-1.0207749176e+02
-1.0226518250e+02
-1.0209777069e+02
-1.0208774567e+02
-1.0223831177e+02
-1.0203049469e+02
-1.0213545990e+02
-1.0234542084e+02
-1.0222513580e+02
-1.0241488647e+02
-1.0224844360e+02
-1.0223851013e+02
-1.0238841248e+02
-1.0217872620e+02
-1.0228144073e+02
-1.0228607941e+02
-1.0216503906e+02
-1.0235407257e+02
-1.0218689728e+02
-1.0217688751e+02
-1.0232746124e+02
-1.0211836243e+02
-1.0222176361e+02
-1.0228607941e+02
-1.0216503906e+02
-1.0235407257e+02
-1.0218689728e+02
-1.0217688751e+02
-1.0232746124e+02
-1.0211836243e+02
-1.0222176361e+02
-1.0234542084e+02
-1.0222513580e+02
-1.0241488647e+02
-1.0224844360e+02
-1.0223851013e+02
-1.0238841248e+02
-1.0217872620e+02
-1.0228144073e+02
-1.0220024872e+02
-1.0207749176e+02
-1.0226518250e+02
-1.0209777069e+02
-1.0208774567e+02
-1.0223831177e+02
-1.0203049469e+02
-1.0213545990e+02
-1.0244479370e+02
-1.0232491302e+02
-1.0251477051e+02
-1.0235052490e+02
-1.0234077454e+02
-1.0248848724e+02
-1.0227899170e+02
-1.0238136292e+02
-1.0218747711e+02
-1.0206582642e+02
-1.0225936890e+02
-1.0209288788e+02
-1.0208301544e+02
-1.0223236847e+02
-1.0201890564e+02
-1.0212265778e+02
-1.0234149933e+02
-1.0219709015e+02
-1.0239857483e+02
-1.0223079681e+02
-1.0222115326e+02
-1.0237187958e+02
-1.0215081787e+02
-1.0227757263e+02
-1.0225441742e+02
-1.0233425140e+02
-1.0216023254e+02
-1.0226789093e+02
-1.0225209808e+02
-1.0211076355e+02
-1.0225311279e+02
-1.0213986206e+02
-1.0236840820e+02
-1.0242964172e+02
-1.0226313782e+02
-1.0236880493e+02
-1.0235317230e+02
-1.0221381378e+02
-1.0234886932e+02
-1.0225438690e+02
-1.0216815186e+02
-1.0222940826e+02
-1.0206631470e+02
-1.0216965485e+02
-1.0215391541e+02
-1.0201639557e+02
-1.0214780426e+02
-1.0205298615e+02
-1.0237195587e+02
-1.0243487549e+02
-1.0227324677e+02
-1.0237887573e+02
-1.0236336517e+02
-1.0222379303e+02
-1.0235413361e+02
-1.0225788879e+02
-1.0224067688e+02
-1.0230152893e+02
-1.0213824463e+02
-1.0224283600e+02
-1.0222723389e+02
-1.0208841705e+02
-1.0222023010e+02
-1.0212587738e+02
-1.0229722595e+02
-1.0235873413e+02
-1.0219616699e+02
-1.0230139160e+02
-1.0228585815e+02
-1.0214647675e+02
-1.0227767944e+02
-1.0218273926e+02
-1.0229722595e+02
-1.0235873413e+02
-1.0219616699e+02
-1.0230139160e+02
-1.0228585815e+02
-1.0214647675e+02
-1.0227767944e+02
-1.0218273926e+02
-1.0224067688e+02
-1.0230152893e+02
-1.0213824463e+02
-1.0224283600e+02
-1.0222723389e+02
-1.0208841705e+02
-1.0222023010e+02
-1.0212587738e+02
-1.0237195587e+02
-1.0243487549e+02
-1.0227324677e+02
-1.0237887573e+02
-1.0236336517e+02
-1.0222379303e+02
-1.0235413361e+02
-1.0225788879e+02
-1.0216815186e+02
-1.0222940826e+02
-1.0206631470e+02
-1.0216965485e+02
-1.0215391541e+02
-1.0201639557e+02
-1.0214780426e+02
-1.0205298615e+02
-1.0236840820e+02
-1.0242964172e+02
-1.0226313782e+02
-1.0236880493e+02
-1.0235317230e+02
-1.0221381378e+02
-1.0234886932e+02
-1.0225438690e+02
-1.0225441742e+02
-1.0233425140e+02
-1.0216023254e+02
-1.0226789093e+02
-1.0225209808e+02
-1.0211076355e+02
-1.0225311279e+02
-1.0213986206e+02
-1.0235547638e+02
-1.0226396942e+02
-1.0235783386e+02
-1.0223997498e+02
-1.0221654510e+02
-1.0228937531e+02
-1.0214863586e+02
-1.0219441223e+02
-1.0227074432e+02
-1.0219412994e+02
-1.0228118134e+02
-1.0216564941e+02
-1.0214207458e+02
-1.0221253967e+02
-1.0207841492e+02
-1.0210913849e+02
-1.0242666626e+02
-1.0234903717e+02
-1.0243312073e+02
-1.0231980896e+02
-1.0229628754e+02
-1.0236489105e+02
-1.0223388672e+02
-1.0226588440e+02
-1.0225864410e+02
-1.0218029785e+02
-1.0226341248e+02
-1.0214842224e+02
-1.0212469482e+02
-1.0219477844e+02
-1.0206440735e+02
-1.0209693146e+02
-1.0237459564e+02
-1.0229790497e+02
-1.0238227844e+02
-1.0226828003e+02
-1.0224462891e+02
-1.0231394958e+02
-1.0218248749e+02
-1.0221350861e+02
-1.0232186890e+02
-1.0224460602e+02
-1.0232830048e+02
-1.0221374512e+02
-1.0219004059e+02
-1.0225984192e+02
-1.0212895203e+02
-1.0216049194e+02
-1.0232186890e+02
-1.0224460602e+02
-1.0232830048e+02
-1.0221374512e+02
-1.0219004059e+02
-1.0225984192e+02
-1.0212895203e+02
-1.0216049194e+02
-1.0237459564e+02
-1.0229790497e+02
-1.0238227844e+02
-1.0226828003e+02
-1.0224462891e+02
-1.0231394958e+02
-1.0218248749e+02
-1.0221350861e+02
-1.0225864410e+02
-1.0218029785e+02
-1.0226341248e+02
-1.0214842224e+02
-1.0212469482e+02
-1.0219477844e+02
-1.0206440735e+02
-1.0209693146e+02
-1.0242666626e+02
-1.0234903717e+02
-1.0243312073e+02
-1.0231980896e+02
-1.0229628754e+02
-1.0236489105e+02
-1.0223388672e+02
-1.0226588440e+02
-1.0227074432e+02
-1.0219412994e+02
-1.0228118134e+02
-1.0216564941e+02
-1.0214207458e+02
-1.0221253967e+02
-1.0207841492e+02
-1.0210913849e+02
-1.0235547638e+02
-1.0226396942e+02
-1.0235783386e+02
-1.0223997498e+02
-1.0221654510e+02
-1.0228937531e+02
-1.0214863586e+02
-1.0219441223e+02
-1.0232339478e+02
-1.0234249878e+02
-1.0222741699e+02
-1.0226949310e+02
-1.0224067688e+02
-1.0213930511e+02
-1.0219647217e+02
-1.0211827087e+02
-1.0238682556e+02
-1.0239413452e+02
-1.0228498840e+02
-1.0232458496e+02
-1.0229585266e+02
-1.0219692993e+02
-1.0224826813e+02
-1.0218196106e+02
-1.0226548767e+02
-1.0227428436e+02
-1.0216757965e+02
-1.0220514679e+02
-1.0217636871e+02
-1.0207913971e+02
-1.0212789917e+02
-1.0205990601e+02
-1.0240279388e+02
-1.0241163635e+02
-1.0230555725e+02
-1.0234436798e+02
-1.0231573486e+02
-1.0221743011e+02
-1.0226581573e+02
-1.0219794464e+02
-1.0230239868e+02
-1.0230998230e+02
-1.0220300293e+02
-1.0224089813e+02
-1.0221218872e+02
-1.0211458588e+02
-1.0216374207e+02
-1.0209698486e+02
-1.0235044098e+02
-1.0235851288e+02
-1.0225213623e+02
-1.0229050446e+02
-1.0226185608e+02
-1.0216383362e+02
-1.0221247101e+02
-1.0214529419e+02
-1.0235044098e+02
-1.0235851288e+02
-1.0225213623e+02
-1.0229050446e+02
-1.0226185608e+02
-1.0216383362e+02
-1.0221247101e+02
-1.0214529419e+02
-1.0230239868e+02
-1.0230998230e+02
-1.0220300293e+02
-1.0224089813e+02
-1.0221218872e+02
-1.0211458588e+02
-1.0216374207e+02
-1.0209698486e+02
-1.0240279388e+02
-1.0241163635e+02
-1.0230555725e+02
-1.0234436798e+02
-1.0231573486e+02
-1.0221743011e+02
-1.0226581573e+02
-1.0219794464e+02
-1.0226548767e+02
-1.0227428436e+02
-1.0216757965e+02
-1.0220514679e+02
-1.0217636871e+02
-1.0207913971e+02
-1.0212789917e+02
-1.0205990601e+02
-1.0238682556e+02
-1.0239413452e+02
-1.0228498840e+02
-1.0232458496e+02
-1.0229585266e+02
-1.0219692993e+02
-1.0224826813e+02
-1.0218196106e+02
-1.0232339478e+02
-1.0234249878e+02
-1.0222741699e+02
-1.0226949310e+02
-1.0224067688e+02
-1.0213930511e+02
-1.0219647217e+02
-1.0211827087e+02
-1.0238108063e+02
-1.0231183624e+02
-1.0233913422e+02
-1.0225141907e+02
-1.0221611786e+02
-1.0223459625e+02
-1.0213674927e+02
-1.0213607788e+02
-1.0233354187e+02
-1.0227351379e+02
-1.0229573822e+02
-1.0221041870e+02
-1.0217501068e+02
-1.0219107819e+02
-1.0209816742e+02
-1.0208818817e+02
-1.0242796326e+02
-1.0236632538e+02
-1.0238657379e+02
-1.0230297852e+02
-1.0226759338e+02
-1.0228215027e+02
-1.0219129181e+02
-1.0218309021e+02
-1.0231671906e+02
-1.0225548553e+02
-1.0227530670e+02
-1.0219078064e+02
-1.0215525818e+02
-1.0217060852e+02
-1.0207995605e+02
-1.0207122040e+02
-1.0240216064e+02
-1.0234181976e+02
-1.0236227417e+02
-1.0227853394e+02
-1.0224307251e+02
-1.0225779724e+02
-1.0216663361e+02
-1.0215711975e+02
-1.0235939026e+02
-1.0229866028e+02
-1.0231858826e+02
-1.0223444366e+02
-1.0219892883e+02
-1.0221400452e+02
-1.0212328339e+02
-1.0211411285e+02
-1.0235939026e+02
-1.0229866028e+02
-1.0231858826e+02
-1.0223444366e+02
-1.0219892883e+02
-1.0221400452e+02
-1.0212328339e+02
-1.0211411285e+02
-1.0240216064e+02
-1.0234181976e+02
-1.0236227417e+02
-1.0227853394e+02
-1.0224307251e+02
-1.0225779724e+02
-1.0216663361e+02
-1.0215711975e+02
-1.0231671906e+02
-1.0225548553e+02
-1.0227530670e+02
-1.0219078064e+02
-1.0215525818e+02
-1.0217060852e+02
-1.0207995605e+02
-1.0207122040e+02
-1.0242796326e+02
-1.0236632538e+02
-1.0238657379e+02
-1.0230297852e+02
-1.0226759338e+02
-1.0228215027e+02
-1.0219129181e+02
-1.0218309021e+02
-1.0233354187e+02
-1.0227351379e+02
-1.0229573822e+02
-1.0221041870e+02
-1.0217501068e+02
-1.0219107819e+02
-1.0209816742e+02
-1.0208818817e+02
-1.0238108063e+02
-1.0231183624e+02
-1.0233913422e+02
-1.0225141907e+02
-1.0221611786e+02
-1.0223459625e+02
-1.0213674927e+02
-1.0213607788e+02
-1.0237300110e+02
-1.0235655212e+02
-1.0227162170e+02
-1.0226988220e+02
-1.0223004913e+02
-1.0215088654e+02
-1.0215584564e+02
-1.0209146881e+02
-1.0240884399e+02
-1.0238524628e+02
-1.0230449677e+02
-1.0230051422e+02
-1.0226073456e+02
-1.0218376160e+02
-1.0218457794e+02
-1.0212741852e+02
-1.0233560944e+02
-1.0231356049e+02
-1.0223434448e+02
-1.0222891998e+02
-1.0218910217e+02
-1.0211337280e+02
-1.0211257172e+02
-1.0205372620e+02
-1.0242498016e+02
-1.0240227509e+02
-1.0232334137e+02
-1.0231861115e+02
-1.0227888489e+02
-1.0220255280e+02
-1.0220162964e+02
-1.0214355469e+02
-1.0235350037e+02
-1.0233018494e+02
-1.0225083923e+02
-1.0224542999e+02
-1.0220565796e+02
-1.0212984467e+02
-1.0212924194e+02
-1.0207167816e+02
-1.0239070129e+02
-1.0236769867e+02
-1.0228878021e+02
-1.0228371429e+02
-1.0224397278e+02
-1.0216787720e+02
-1.0216690826e+02
-1.0210907745e+02
-1.0239070129e+02
-1.0236769867e+02
-1.0228878021e+02
-1.0228371429e+02
-1.0224397278e+02
-1.0216787720e+02
-1.0216690826e+02
-1.0210907745e+02
-1.0235350037e+02
-1.0233018494e+02
-1.0225083923e+02
-1.0224542999e+02
-1.0220565796e+02
-1.0212984467e+02
-1.0212924194e+02
-1.0207167816e+02
-1.0242498016e+02
-1.0240227509e+02
-1.0232334137e+02
-1.0231861115e+02
-1.0227888489e+02
-1.0220255280e+02
-1.0220162964e+02
-1.0214355469e+02
-1.0233560944e+02
-1.0231356049e+02
-1.0223434448e+02
-1.0222891998e+02
-1.0218910217e+02
-1.0211337280e+02
-1.0211257172e+02
-1.0205372620e+02
-1.0240884399e+02
-1.0238524628e+02
-1.0230449677e+02
-1.0230051422e+02
-1.0226073456e+02
-1.0218376160e+02
-1.0218457794e+02
-1.0212741852e+02
-1.0237300110e+02
-1.0235655212e+02
-1.0227162170e+02
-1.0226988220e+02
-1.0223004913e+02
-1.0215088654e+02
-1.0215584564e+02
-1.0209146881e+02
-1.0240741730e+02
-1.0234603882e+02
-1.0233292389e+02
-1.0226059723e+02
-1.0221559143e+02
-1.0219887543e+02
-1.0212200928e+02
-1.0209374237e+02
-1.0238056183e+02
-1.0232466888e+02
-1.0230812836e+02
-1.0223773956e+02
-1.0219266510e+02
-1.0217398071e+02
-1.0210044861e+02
-1.0206663513e+02
-1.0243714905e+02
-1.0237986755e+02
-1.0236213684e+02
-1.0229289246e+02
-1.0224781799e+02
-1.0222811890e+02
-1.0215581512e+02
-1.0212348938e+02
-1.0236617279e+02
-1.0230966187e+02
-1.0229171753e+02
-1.0222193909e+02
-1.0217677307e+02
-1.0215752411e+02
-1.0208528137e+02
-1.0205210114e+02
-1.0242492676e+02
-1.0236880493e+02
-1.0235111237e+02
-1.0228189087e+02
-1.0223676300e+02
-1.0221706390e+02
-1.0214465332e+02
-1.0211116791e+02
-1.0239334869e+02
-1.0233699799e+02
-1.0231896210e+02
-1.0224945831e+02
-1.0220429993e+02
-1.0218483734e+02
-1.0211270142e+02
-1.0207941437e+02
-1.0239334869e+02
-1.0233699799e+02
-1.0231896210e+02
-1.0224945831e+02
-1.0220429993e+02
-1.0218483734e+02
-1.0211270142e+02
-1.0207941437e+02
-1.0242492676e+02
-1.0236880493e+02
-1.0235111237e+02
-1.0228189087e+02
-1.0223676300e+02
-1.0221706390e+02
-1.0214465332e+02
-1.0211116791e+02
-1.0236617279e+02
-1.0230966187e+02
-1.0229171753e+02
-1.0222193909e+02
-1.0217677307e+02
-1.0215752411e+02
-1.0208528137e+02
-1.0205210114e+02
-1.0243714905e+02
-1.0237986755e+02
-1.0236213684e+02
-1.0229289246e+02
-1.0224781799e+02
-1.0222811890e+02
-1.0215581512e+02
-1.0212348938e+02
-1.0238056183e+02
-1.0232466888e+02
-1.0230812836e+02
-1.0223773956e+02
-1.0219266510e+02
-1.0217398071e+02
-1.0210044861e+02
-1.0206663513e+02
-1.0240741730e+02
-1.0234603882e+02
-1.0233292389e+02
-1.0226059723e+02
-1.0221559143e+02
-1.0219887543e+02
-1.0212200928e+02
-1.0209374237e+02
-1.0240881348e+02
-1.0237107849e+02
-1.0230012512e+02
-1.0227080536e+02
-1.0222225952e+02
-1.0215364075e+02
-1.0212722015e+02
-1.0206696320e+02
-1.0242897034e+02
-1.0238706970e+02
-1.0231880188e+02
-1.0228779602e+02
-1.0223927307e+02
-1.0217228699e+02
-1.0214318848e+02
-1.0208712006e+02
-1.0238575745e+02
-1.0234503174e+02
-1.0227764893e+02
-1.0224573517e+02
-1.0219718933e+02
-1.0213097382e+02
-1.0210093689e+02
-1.0204361725e+02
-1.0244132233e+02
-1.0239981842e+02
-1.0233258820e+02
-1.0230107117e+02
-1.0225257874e+02
-1.0218601990e+02
-1.0215592957e+02
-1.0209946442e+02
-1.0239406586e+02
-1.0235234070e+02
-1.0228496552e+02
-1.0225299072e+02
-1.0220446777e+02
-1.0213825226e+02
-1.0210824585e+02
-1.0205193329e+02
-1.0242015076e+02
-1.0237859344e+02
-1.0231147003e+02
-1.0227971649e+02
-1.0223122406e+02
-1.0216482544e+02
-1.0213460541e+02
-1.0207816315e+02
-1.0242015076e+02
-1.0237859344e+02
-1.0231147003e+02
-1.0227971649e+02
-1.0223122406e+02
-1.0216482544e+02
-1.0213460541e+02
-1.0207816315e+02
-1.0239406586e+02
-1.0235234070e+02
-1.0228496552e+02
-1.0225299072e+02
-1.0220446777e+02
-1.0213825226e+02
-1.0210824585e+02
-1.0205193329e+02
-1.0244132233e+02
-1.0239981842e+02
-1.0233258820e+02
-1.0230107117e+02
-1.0225257874e+02
-1.0218601990e+02
-1.0215592957e+02
-1.0209946442e+02
-1.0238575745e+02
-1.0234503174e+02
-1.0227764893e+02
-1.0224573517e+02
-1.0219718933e+02
-1.0213097382e+02
-1.0210093689e+02
-1.0204361725e+02
-1.0242897034e+02
-1.0238706970e+02
-1.0231880188e+02
-1.0228779602e+02
-1.0223927307e+02
-1.0217228699e+02
-1.0214318848e+02
-1.0208712006e+02
-1.0240881348e+02
-1.0237107849e+02
-1.0230012512e+02
-1.0227080536e+02
-1.0222225952e+02
-1.0215364075e+02
-1.0212722015e+02
-1.0206696320e+02
-1.0242928314e+02
-1.0236952209e+02
-1.0233245850e+02
-1.0226686096e+02
-1.0221456146e+02
-1.0217617798e+02
-1.0210861206e+02
-1.0206386566e+02
-1.0241454315e+02
-1.0235786438e+02
-1.0231870270e+02
-1.0225444031e+02
-1.0220208740e+02
-1.0216233826e+02
-1.0209680176e+02
-1.0204892731e+02
-1.0244700623e+02
-1.0238938904e+02
-1.0234955597e+02
-1.0228594971e+02
-1.0223359680e+02
-1.0219324493e+02
-1.0212839508e+02
-1.0208152008e+02
-1.0240454102e+02
-1.0234764099e+02
-1.0230768585e+02
-1.0224377441e+02
-1.0219136047e+02
-1.0215126038e+02
-1.0208643341e+02
-1.0203880310e+02
-1.0244149017e+02
-1.0238469696e+02
-1.0234481812e+02
-1.0228125763e+02
-1.0222886658e+02
-1.0218847656e+02
-1.0212363434e+02
-1.0207594299e+02
-1.0242066956e+02
-1.0236376953e+02
-1.0232369995e+02
-1.0225997162e+02
-1.0220755005e+02
-1.0216731262e+02
-1.0210261536e+02
-1.0205500793e+02
-1.0242066956e+02
-1.0236376953e+02
-1.0232369995e+02
-1.0225997162e+02
-1.0220755005e+02
-1.0216731262e+02
-1.0210261536e+02
-1.0205500793e+02
-1.0244149017e+02
-1.0238469696e+02
-1.0234481812e+02
-1.0228125763e+02
-1.0222886658e+02
-1.0218847656e+02
-1.0212363434e+02
-1.0207594299e+02
-1.0240454102e+02
-1.0234764099e+02
-1.0230768585e+02
-1.0224377441e+02
-1.0219136047e+02
-1.0215126038e+02
-1.0208643341e+02
-1.0203880310e+02
-1.0244700623e+02
-1.0238938904e+02
-1.0234955597e+02
-1.0228594971e+02
-1.0223359680e+02
-1.0219324493e+02
-1.0212839508e+02
-1.0208152008e+02
-1.0241454315e+02
-1.0235786438e+02
-1.0231870270e+02
-1.0225444031e+02
-1.0220208740e+02
-1.0216233826e+02
-1.0209680176e+02
-1.0204892731e+02
-1.0242928314e+02
-1.0236952209e+02
-1.0233245850e+02
-1.0226686096e+02
-1.0221456146e+02
-1.0217617798e+02
-1.0210861206e+02
-1.0206386566e+02
-1.0243303680e+02
-1.0238281250e+02
-1.0231781769e+02
-1.0227196503e+02
-1.0221723175e+02
-1.0215310669e+02
-1.0210839081e+02
-1.0204846191e+02
-1.0244365692e+02
-1.0239119720e+02
-1.0232773590e+02
-1.0228080750e+02
-1.0222608185e+02
-1.0216297150e+02
-1.0211671448e+02
-1.0205902100e+02
-1.0242017365e+02
-1.0236843872e+02
-1.0230542755e+02
-1.0225801849e+02
-1.0220326996e+02
-1.0214055634e+02
-1.0209381104e+02
-1.0203535461e+02
-1.0245142365e+02
-1.0239909363e+02
-1.0233617401e+02
-1.0228897095e+02
-1.0223425293e+02
-1.0217134857e+02
-1.0212457275e+02
-1.0206674957e+02
-1.0242379761e+02
-1.0237142944e+02
-1.0230847168e+02
-1.0226099396e+02
-1.0220625305e+02
-1.0214356232e+02
-1.0209677887e+02
-1.0203895569e+02
-1.0243962097e+02
-1.0238732147e+02
-1.0232450104e+02
-1.0227715302e+02
-1.0222241974e+02
-1.0215962219e+02
-1.0211273193e+02
-1.0205487061e+02
-1.0243962097e+02
-1.0238732147e+02
-1.0232450104e+02
-1.0227715302e+02
-1.0222241974e+02
-1.0215962219e+02
-1.0211273193e+02
-1.0205487061e+02
-1.0242379761e+02
-1.0237142944e+02
-1.0230847168e+02
-1.0226099396e+02
-1.0220625305e+02
-1.0214356232e+02
-1.0209677887e+02
-1.0203895569e+02
-1.0245142365e+02
-1.0239909363e+02
-1.0233617401e+02
-1.0228897095e+02
-1.0223425293e+02
-1.0217134857e+02
-1.0212457275e+02
-1.0206674957e+02
-1.0242017365e+02
-1.0236843872e+02
-1.0230542755e+02
-1.0225801849e+02
-1.0220326996e+02
-1.0214055634e+02
-1.0209381104e+02
-1.0203535461e+02
-1.0244365692e+02
-1.0239119720e+02
-1.0232773590e+02
-1.0228080750e+02
-1.0222608185e+02
-1.0216297150e+02
-1.0211671448e+02
-1.0205902100e+02
-1.0243303680e+02
-1.0238281250e+02
-1.0231781769e+02
-1.0227196503e+02
-1.0221723175e+02
-1.0215310669e+02
-1.0210839081e+02
-1.0204846191e+02
-1.0244399261e+02
-1.0238394928e+02
-1.0233325958e+02
-1.0227062225e+02
-1.0221361542e+02
-1.0216255188e+02
-1.0209913635e+02
-1.0204502869e+02
-1.0243698120e+02
-1.0237842560e+02
-1.0232666779e+02
-1.0226473999e+02
-1.0220769501e+02
-1.0215587616e+02
-1.0209349060e+02
-1.0203786469e+02
-1.0245292664e+02
-1.0239386749e+02
-1.0234178925e+02
-1.0228016663e+02
-1.0222311401e+02
-1.0217100525e+02
-1.0210892487e+02
-1.0205384064e+02
-1.0243156433e+02
-1.0237295532e+02
-1.0232080841e+02
-1.0225903320e+02
-1.0220194244e+02
-1.0214995575e+02
-1.0208789825e+02
-1.0203233337e+02
-1.0245071411e+02
-1.0239210510e+02
-1.0233996582e+02
-1.0227838135e+02
-1.0222129822e+02
-1.0216915894e+02
-1.0210710907e+02
-1.0205157471e+02
-1.0243962860e+02
-1.0238098145e+02
-1.0232875824e+02
-1.0226707458e+02
-1.0220998383e+02
-1.0215791321e+02
-1.0209593201e+02
-1.0204042816e+02
-1.0243962860e+02
-1.0238098145e+02
-1.0232875824e+02
-1.0226707458e+02
-1.0220998383e+02
-1.0215791321e+02
-1.0209593201e+02
-1.0204042816e+02
-1.0245071411e+02
-1.0239210510e+02
-1.0233996582e+02
-1.0227838135e+02
-1.0222129822e+02
-1.0216915894e+02
-1.0210710907e+02
-1.0205157471e+02
-1.0243156433e+02
-1.0237295532e+02
-1.0232080841e+02
-1.0225903320e+02
-1.0220194244e+02
-1.0214995575e+02
-1.0208789825e+02
-1.0203233337e+02
-1.0245292664e+02
-1.0239386749e+02
-1.0234178925e+02
-1.0228016663e+02
-1.0222311401e+02
-1.0217100525e+02
-1.0210892487e+02
-1.0205384064e+02
-1.0243698120e+02
-1.0237842560e+02
-1.0232666779e+02
-1.0226473999e+02
-1.0220769501e+02
-1.0215587616e+02
-1.0209349060e+02
-1.0203786469e+02
-1.0244399261e+02
-1.0238394928e+02
-1.0233325958e+02
-1.0227062225e+02
-1.0221361542e+02
-1.0216255188e+02
-1.0209913635e+02
-1.0204502869e+02
-1.0244660187e+02
-1.0238969421e+02
-1.0232786560e+02
-1.0227268982e+02
-1.0221444702e+02
-1.0215290070e+02
-1.0209803009e+02
-1.0203794861e+02
-1.0245072174e+02
-1.0239294434e+02
-1.0233171844e+02
-1.0227607727e+02
-1.0221782684e+02
-1.0215668488e+02
-1.0210119629e+02
-1.0204196930e+02
-1.0244154358e+02
-1.0238406372e+02
-1.0232300568e+02
-1.0226717377e+02
-1.0220890045e+02
-1.0214790344e+02
-1.0209222412e+02
-1.0203268433e+02
-1.0245401001e+02
-1.0239625549e+02
-1.0233523560e+02
-1.0227947998e+02
-1.0222121429e+02
-1.0216014099e+02
-1.0210443878e+02
-1.0204518890e+02
-1.0244277191e+02
-1.0238502502e+02
-1.0232399750e+02
-1.0226813507e+02
-1.0220985413e+02
-1.0214886475e+02
-1.0209314728e+02
-1.0203388214e+02
-1.0244933319e+02
-1.0239160919e+02
-1.0233063507e+02
-1.0227481842e+02
-1.0221654510e+02
-1.0215550995e+02
-1.0209975433e+02
-1.0204047394e+02
-1.0244933319e+02
-1.0239160919e+02
-1.0233063507e+02
-1.0227481842e+02
-1.0221654510e+02
-1.0215550995e+02
-1.0209975433e+02
-1.0204047394e+02
-1.0244277191e+02
-1.0238502502e+02
-1.0232399750e+02
-1.0226813507e+02
-1.0220985413e+02
-1.0214886475e+02
-1.0209314728e+02
-1.0203388214e+02
-1.0245401001e+02
-1.0239625549e+02
-1.0233523560e+02
-1.0227947998e+02
-1.0222121429e+02
-1.0216014099e+02
-1.0210443878e+02
-1.0204518890e+02
-1.0244154358e+02
-1.0238406372e+02
-1.0232300568e+02
-1.0226717377e+02
-1.0220890045e+02
-1.0214790344e+02
-1.0209222412e+02
-1.0203268433e+02
-1.0245072174e+02
-1.0239294434e+02
-1.0233171844e+02
-1.0227607727e+02
-1.0221782684e+02
-1.0215668488e+02
-1.0210119629e+02
-1.0204196930e+02
-1.0244660187e+02
-1.0238969421e+02
-1.0232786560e+02
-1.0227268982e+02
-1.0221444702e+02
-1.0215290070e+02
-1.0209803009e+02
-1.0203794861e+02
-1.0245006561e+02
-1.0239038849e+02
-1.0233241272e+02
-1.0227240753e+02
-1.0221340179e+02
-1.0215542603e+02
-1.0209524536e+02
-1.0203656769e+02
-1.0244879913e+02
-1.0238940430e+02
-1.0233120728e+02
-1.0227131653e+02
-1.0221228790e+02
-1.0215414429e+02
-1.0209413910e+02
-1.0203517914e+02
-1.0245184326e+02
-1.0239234924e+02
-1.0233408356e+02
-1.0227424622e+02
-1.0221520233e+02
-1.0215699768e+02
-1.0209703827e+02
-1.0203817749e+02
-1.0244776154e+02
-1.0238835907e+02
-1.0233008575e+02
-1.0227021027e+02
-1.0221115112e+02
-1.0215296173e+02
-1.0209300995e+02
-1.0203405762e+02
-1.0245147705e+02
-1.0239207458e+02
-1.0233379364e+02
-1.0227394867e+02
-1.0221488953e+02
-1.0215666962e+02
-1.0209671783e+02
-1.0203777313e+02
-1.0244931030e+02
-1.0238990021e+02
-1.0233160400e+02
-1.0227174377e+02
-1.0221267700e+02
-1.0215447235e+02
-1.0209453583e+02
-1.0203559113e+02
-1.0244931030e+02
-1.0238990021e+02
-1.0233160400e+02
-1.0227174377e+02
-1.0221267700e+02
-1.0215447235e+02
-1.0209453583e+02
-1.0203559113e+02
-1.0245147705e+02
-1.0239207458e+02
-1.0233379364e+02
-1.0227394867e+02
-1.0221488953e+02
-1.0215666962e+02
-1.0209671783e+02
-1.0203777313e+02
-1.0244776154e+02
-1.0238835907e+02
-1.0233008575e+02
-1.0227021027e+02
-1.0221115112e+02
-1.0215296173e+02
-1.0209300995e+02
-1.0203405762e+02
-1.0245184326e+02
-1.0239234924e+02
-1.0233408356e+02
-1.0227424622e+02
-1.0221520233e+02
-1.0215699768e+02
-1.0209703827e+02
-1.0203817749e+02
-1.0244879913e+02
-1.0238940430e+02
-1.0233120728e+02
-1.0227131653e+02
-1.0221228790e+02
-1.0215414429e+02
-1.0209413910e+02
-1.0203517914e+02
-1.0245006561e+02
-1.0239038849e+02
-1.0233241272e+02
-1.0227240753e+02
-1.0221340179e+02
-1.0215542603e+02
-1.0209524536e+02
-1.0203656769e+02
-1.0245006561e+02
-1.0239038849e+02
-1.0233241272e+02
-1.0227240753e+02
-1.0221340179e+02
-1.0215542603e+02
-1.0209524536e+02
-1.0203656769e+02
-1.0244879913e+02
-1.0238940430e+02
-1.0233120728e+02
-1.0227131653e+02
-1.0221228790e+02
-1.0215414429e+02
-1.0209413910e+02
-1.0203517914e+02
-1.0245184326e+02
-1.0239234924e+02
-1.0233408356e+02
-1.0227424622e+02
-1.0221520233e+02
-1.0215699768e+02
-1.0209703827e+02
-1.0203817749e+02
-1.0244776154e+02
-1.0238835907e+02
-1.0233008575e+02
-1.0227021027e+02
-1.0221115112e+02
-1.0215296173e+02
-1.0209300995e+02
-1.0203405762e+02
-1.0245147705e+02
-1.0239207458e+02
-1.0233379364e+02
-1.0227394867e+02
-1.0221488953e+02
-1.0215666962e+02
-1.0209671783e+02
-1.0203777313e+02
-1.0244931030e+02
-1.0238990021e+02
-1.0233160400e+02
-1.0227174377e+02
-1.0221267700e+02
-1.0215447235e+02
-1.0209453583e+02
-1.0203559113e+02
-1.0244931030e+02
-1.0238990021e+02
-1.0233160400e+02
-1.0227174377e+02
-1.0221267700e+02
-1.0215447235e+02
-1.0209453583e+02
-1.0203559113e+02
-1.0245147705e+02
-1.0239207458e+02
-1.0233379364e+02
-1.0227394867e+02
-1.0221488953e+02
-1.0215666962e+02
-1.0209671783e+02
-1.0203777313e+02
-1.0244776154e+02
-1.0238835907e+02
-1.0233008575e+02
-1.0227021027e+02
-1.0221115112e+02
-1.0215296173e+02
-1.0209300995e+02
-1.0203405762e+02
-1.0245184326e+02
-1.0239234924e+02
-1.0233408356e+02
-1.0227424622e+02
-1.0221520233e+02
-1.0215699768e+02
-1.0209703827e+02
-1.0203817749e+02
-1.0244879913e+02
-1.0238940430e+02
-1.0233120728e+02
-1.0227131653e+02
-1.0221228790e+02
-1.0215414429e+02
-1.0209413910e+02
-1.0203517914e+02
-1.0245006561e+02
-1.0239038849e+02
-1.0233241272e+02
-1.0227240753e+02
-1.0221340179e+02
-1.0215542603e+02
-1.0209524536e+02
-1.0203656769e+02
-1.0244660187e+02
-1.0238969421e+02
-1.0232786560e+02
-1.0227268982e+02
-1.0221444702e+02
-1.0215290070e+02
-1.0209803009e+02
-1.0203794861e+02
-1.0245072174e+02
-1.0239294434e+02
-1.0233171844e+02
-1.0227607727e+02
-1.0221782684e+02
-1.0215668488e+02
-1.0210119629e+02
-1.0204196930e+02
-1.0244154358e+02
-1.0238406372e+02
-1.0232300568e+02
-1.0226717377e+02
-1.0220890045e+02
-1.0214790344e+02
-1.0209222412e+02
-1.0203268433e+02
-1.0245401001e+02
-1.0239625549e+02
-1.0233523560e+02
-1.0227947998e+02
-1.0222121429e+02
-1.0216014099e+02
-1.0210443878e+02
-1.0204518890e+02
-1.0244277191e+02
-1.0238502502e+02
-1.0232399750e+02
-1.0226813507e+02
-1.0220985413e+02
-1.0214886475e+02
-1.0209314728e+02
-1.0203388214e+02
-1.0244933319e+02
-1.0239160919e+02
-1.0233063507e+02
-1.0227481842e+02
-1.0221654510e+02
-1.0215550995e+02
-1.0209975433e+02
-1.0204047394e+02
-1.0244933319e+02
-1.0239160919e+02
-1.0233063507e+02
-1.0227481842e+02
-1.0221654510e+02
-1.0215550995e+02
-1.0209975433e+02
-1.0204047394e+02
-1.0244277191e+02
-1.0238502502e+02
-1.0232399750e+02
-1.0226813507e+02
-1.0220985413e+02
-1.0214886475e+02
-1.0209314728e+02
-1.0203388214e+02
-1.0245401001e+02
-1.0239625549e+02
-1.0233523560e+02
-1.0227947998e+02
-1.0222121429e+02
-1.0216014099e+02
-1.0210443878e+02
-1.0204518890e+02
-1.0244154358e+02
-1.0238406372e+02
-1.0232300568e+02
-1.0226717377e+02
-1.0220890045e+02
-1.0214790344e+02
-1.0209222412e+02
-1.0203268433e+02
-1.0245072174e+02
-1.0239294434e+02
-1.0233171844e+02
-1.0227607727e+02
-1.0221782684e+02
-1.0215668488e+02
-1.0210119629e+02
-1.0204196930e+02
-1.0244660187e+02
-1.0238969421e+02
-1.0232786560e+02
-1.0227268982e+02
-1.0221444702e+02
-1.0215290070e+02
-1.0209803009e+02
-1.0203794861e+02
-1.0244399261e+02
-1.0238394928e+02
-1.0233325958e+02
-1.0227062225e+02
-1.0221361542e+02
-1.0216255188e+02
-1.0209913635e+02
-1.0204502869e+02
-1.0243698120e+02
-1.0237842560e+02
-1.0232666779e+02
-1.0226473999e+02
-1.0220769501e+02
-1.0215587616e+02
-1.0209349060e+02
-1.0203786469e+02
-1.0245292664e+02
-1.0239386749e+02
-1.0234178925e+02
-1.0228016663e+02
-1.0222311401e+02
-1.0217100525e+02
-1.0210892487e+02
-1.0205384064e+02
-1.0243156433e+02
-1.0237295532e+02
-1.0232080841e+02
-1.0225903320e+02
-1.0220194244e+02
-1.0214995575e+02
-1.0208789825e+02
-1.0203233337e+02
-1.0245071411e+02
-1.0239210510e+02
-1.0233996582e+02
-1.0227838135e+02
-1.0222129822e+02
-1.0216915894e+02
-1.0210710907e+02
-1.0205157471e+02
-1.0243962860e+02
-1.0238098145e+02
-1.0232875824e+02
-1.0226707458e+02
-1.0220998383e+02
-1.0215791321e+02
-1.0209593201e+02
-1.0204042816e+02
-1.0243962860e+02
-1.0238098145e+02
-1.0232875824e+02
-1.0226707458e+02
-1.0220998383e+02
-1.0215791321e+02
-1.0209593201e+02
-1.0204042816e+02
-1.0245071411e+02
-1.0239210510e+02
-1.0233996582e+02
-1.0227838135e+02
-1.0222129822e+02
-1.0216915894e+02
-1.0210710907e+02
-1.0205157471e+02
-1.0243156433e+02
-1.0237295532e+02
-1.0232080841e+02
-1.0225903320e+02
-1.0220194244e+02
-1.0214995575e+02
-1.0208789825e+02
-1.0203233337e+02
-1.0245292664e+02
-1.0239386749e+02
-1.0234178925e+02
-1.0228016663e+02
-1.0222311401e+02
-1.0217100525e+02
-1.0210892487e+02
-1.0205384064e+02
-1.0243698120e+02
-1.0237842560e+02
-1.0232666779e+02
-1.0226473999e+02
-1.0220769501e+02
-1.0215587616e+02
-1.0209349060e+02
-1.0203786469e+02
-1.0244399261e+02
-1.0238394928e+02
-1.0233325958e+02
-1.0227062225e+02
-1.0221361542e+02
-1.0216255188e+02
-1.0209913635e+02
-1.0204502869e+02
-1.0243303680e+02
-1.0238281250e+02
-1.0231781769e+02
-1.0227196503e+02
-1.0221723175e+02
-1.0215310669e+02
-1.0210839081e+02
-1.0204846191e+02
-1.0244365692e+02
-1.0239119720e+02
-1.0232773590e+02
-1.0228080750e+02
-1.0222608185e+02
-1.0216297150e+02
-1.0211671448e+02
-1.0205902100e+02
-1.0242017365e+02
-1.0236843872e+02
-1.0230542755e+02
-1.0225801849e+02
-1.0220326996e+02
-1.0214055634e+02
-1.0209381104e+02
-1.0203535461e+02
-1.0245142365e+02
-1.0239909363e+02
-1.0233617401e+02
-1.0228897095e+02
-1.0223425293e+02
-1.0217134857e+02
-1.0212457275e+02
-1.0206674957e+02
-1.0242379761e+02
-1.0237142944e+02
-1.0230847168e+02
-1.0226099396e+02
-1.0220625305e+02
-1.0214356232e+02
-1.0209677887e+02
-1.0203895569e+02
-1.0243962097e+02
-1.0238732147e+02
-1.0232450104e+02
-1.0227715302e+02
-1.0222241974e+02
-1.0215962219e+02
-1.0211273193e+02
-1.0205487061e+02
-1.0243962097e+02
-1.0238732147e+02
-1.0232450104e+02
-1.0227715302e+02
-1.0222241974e+02
-1.0215962219e+02
-1.0211273193e+02
-1.0205487061e+02
-1.0242379761e+02
-1.0237142944e+02
-1.0230847168e+02
-1.0226099396e+02
-1.0220625305e+02
-1.0214356232e+02
-1.0209677887e+02
-1.0203895569e+02
-1.0245142365e+02
-1.0239909363e+02
-1.0233617401e+02
-1.0228897095e+02
-1.0223425293e+02
-1.0217134857e+02
-1.0212457275e+02
-1.0206674957e+02
-1.0242017365e+02
-1.0236843872e+02
-1.0230542755e+02
-1.0225801849e+02
-1.0220326996e+02
-1.0214055634e+02
-1.0209381104e+02
-1.0203535461e+02
-1.0244365692e+02
-1.0239119720e+02
-1.0232773590e+02
-1.0228080750e+02
-1.0222608185e+02
-1.0216297150e+02
-1.0211671448e+02
-1.0205902100e+02
-1.0243303680e+02
-1.0238281250e+02
-1.0231781769e+02
-1.0227196503e+02
-1.0221723175e+02
-1.0215310669e+02
-1.0210839081e+02
-1.0204846191e+02
-1.0242928314e+02
-1.0236952209e+02
-1.0233245850e+02
-1.0226686096e+02
-1.0221456146e+02
-1.0217617798e+02
-1.0210861206e+02
-1.0206386566e+02
-1.0241454315e+02
-1.0235786438e+02
-1.0231870270e+02
-1.0225444031e+02
-1.0220208740e+02
-1.0216233826e+02
-1.0209680176e+02
-1.0204892731e+02
-1.0244700623e+02
-1.0238938904e+02
-1.0234955597e+02
-1.0228594971e+02
-1.0223359680e+02
-1.0219324493e+02
-1.0212839508e+02
-1.0208152008e+02
-1.0240454102e+02
-1.0234764099e+02
-1.0230768585e+02
-1.0224377441e+02
-1.0219136047e+02
-1.0215126038e+02
-1.0208643341e+02
-1.0203880310e+02
-1.0244149017e+02
-1.0238469696e+02
-1.0234481812e+02
-1.0228125763e+02
-1.0222886658e+02
-1.0218847656e+02
-1.0212363434e+02
-1.0207594299e+02
-1.0242066956e+02
-1.0236376953e+02
-1.0232369995e+02
-1.0225997162e+02
-1.0220755005e+02
-1.0216731262e+02
-1.0210261536e+02
-1.0205500793e+02
-1.0242066956e+02
-1.0236376953e+02
-1.0232369995e+02
-1.0225997162e+02
-1.0220755005e+02
-1.0216731262e+02
-1.0210261536e+02
-1.0205500793e+02
-1.0244149017e+02
-1.0238469696e+02
-1.0234481812e+02
-1.0228125763e+02
-1.0222886658e+02
-1.0218847656e+02
-1.0212363434e+02
-1.0207594299e+02
-1.0240454102e+02
-1.0234764099e+02
-1.0230768585e+02
-1.0224377441e+02
-1.0219136047e+02
-1.0215126038e+02
-1.0208643341e+02
-1.0203880310e+02
-1.0244700623e+02
-1.0238938904e+02
-1.0234955597e+02
-1.0228594971e+02
-1.0223359680e+02
-1.0219324493e+02
-1.0212839508e+02
-1.0208152008e+02
-1.0241454315e+02
-1.0235786438e+02
-1.0231870270e+02
-1.0225444031e+02
-1.0220208740e+02
-1.0216233826e+02
-1.0209680176e+02
-1.0204892731e+02
-1.0242928314e+02
-1.0236952209e+02
-1.0233245850e+02
-1.0226686096e+02
-1.0221456146e+02
-1.0217617798e+02
-1.0210861206e+02
-1.0206386566e+02
-1.0240881348e+02
-1.0237107849e+02
-1.0230012512e+02
-1.0227080536e+02
-1.0222225952e+02
-1.0215364075e+02
-1.0212722015e+02
-1.0206696320e+02
-1.0242897034e+02
-1.0238706970e+02
-1.0231880188e+02
-1.0228779602e+02
-1.0223927307e+02
-1.0217228699e+02
-1.0214318848e+02
-1.0208712006e+02
-1.0238575745e+02
-1.0234503174e+02
-1.0227764893e+02
-1.0224573517e+02
-1.0219718933e+02
-1.0213097382e+02
-1.0210093689e+02
-1.0204361725e+02
-1.0244132233e+02
-1.0239981842e+02
-1.0233258820e+02
-1.0230107117e+02
-1.0225257874e+02
-1.0218601990e+02
-1.0215592957e+02
-1.0209946442e+02
-1.0239406586e+02
-1.0235234070e+02
-1.0228496552e+02
-1.0225299072e+02
-1.0220446777e+02
-1.0213825226e+02
-1.0210824585e+02
-1.0205193329e+02
-1.0242015076e+02
-1.0237859344e+02
-1.0231147003e+02
-1.0227971649e+02
-1.0223122406e+02
-1.0216482544e+02
-1.0213460541e+02
-1.0207816315e+02
-1.0242015076e+02
-1.0237859344e+02
-1.0231147003e+02
-1.0227971649e+02
-1.0223122406e+02
-1.0216482544e+02
-1.0213460541e+02
-1.0207816315e+02
-1.0239406586e+02
-1.0235234070e+02
-1.0228496552e+02
-1.0225299072e+02
-1.0220446777e+02
-1.0213825226e+02
-1.0210824585e+02
-1.0205193329e+02
-1.0244132233e+02
-1.0239981842e+02
-1.0233258820e+02
-1.0230107117e+02
-1.0225257874e+02
-1.0218601990e+02
-1.0215592957e+02
-1.0209946442e+02
-1.0238575745e+02
-1.0234503174e+02
-1.0227764893e+02
-1.0224573517e+02
-1.0219718933e+02
-1.0213097382e+02
-1.0210093689e+02
-1.0204361725e+02
-1.0242897034e+02
-1.0238706970e+02
-1.0231880188e+02
-1.0228779602e+02
-1.0223927307e+02
-1.0217228699e+02
-1.0214318848e+02
-1.0208712006e+02
-1.0240881348e+02
-1.0237107849e+02
-1.0230012512e+02
-1.0227080536e+02
-1.0222225952e+02
-1.0215364075e+02
-1.0212722015e+02
-1.0206696320e+02
-1.0240741730e+02
-1.0234603882e+02
-1.0233292389e+02
-1.0226059723e+02
-1.0221559143e+02
-1.0219887543e+02
-1.0212200928e+02
-1.0209374237e+02
-1.0238056183e+02
-1.0232466888e+02
-1.0230812836e+02
-1.0223773956e+02
-1.0219266510e+02
-1.0217398071e+02
-1.0210044861e+02
-1.0206663513e+02
-1.0243714905e+02
-1.0237986755e+02
-1.0236213684e+02
-1.0229289246e+02
-1.0224781799e+02
-1.0222811890e+02
-1.0215581512e+02
-1.0212348938e+02
-1.0236617279e+02
-1.0230966187e+02
-1.0229171753e+02
-1.0222193909e+02
-1.0217677307e+02
-1.0215752411e+02
-1.0208528137e+02
-1.0205210114e+02
-1.0242492676e+02
-1.0236880493e+02
-1.0235111237e+02
-1.0228189087e+02
-1.0223676300e+02
-1.0221706390e+02
-1.0214465332e+02
-1.0211116791e+02
-1.0239334869e+02
-1.0233699799e+02
-1.0231896210e+02
-1.0224945831e+02
-1.0220429993e+02
-1.0218483734e+02
-1.0211270142e+02
-1.0207941437e+02
-1.0239334869e+02
-1.0233699799e+02
-1.0231896210e+02
-1.0224945831e+02
-1.0220429993e+02
-1.0218483734e+02
-1.0211270142e+02
-1.0207941437e+02
-1.0242492676e+02
-1.0236880493e+02
-1.0235111237e+02
-1.0228189087e+02
-1.0223676300e+02
-1.0221706390e+02
-1.0214465332e+02
-1.0211116791e+02
-1.0236617279e+02
-1.0230966187e+02
-1.0229171753e+02
-1.0222193909e+02
-1.0217677307e+02
-1.0215752411e+02
-1.0208528137e+02
-1.0205210114e+02
-1.0243714905e+02
-1.0237986755e+02
-1.0236213684e+02
-1.0229289246e+02
-1.0224781799e+02
-1.0222811890e+02
-1.0215581512e+02
-1.0212348938e+02
-1.0238056183e+02
-1.0232466888e+02
-1.0230812836e+02
-1.0223773956e+02
-1.0219266510e+02
-1.0217398071e+02
-1.0210044861e+02
-1.0206663513e+02
-1.0240741730e+02
-1.0234603882e+02
-1.0233292389e+02
-1.0226059723e+02
-1.0221559143e+02
-1.0219887543e+02
-1.0212200928e+02
-1.0209374237e+02
-1.0237300110e+02
-1.0235655212e+02
-1.0227162170e+02
-1.0226988220e+02
-1.0223004913e+02
-1.0215088654e+02
-1.0215584564e+02
-1.0209146881e+02
-1.0240884399e+02
-1.0238524628e+02
-1.0230449677e+02
-1.0230051422e+02
-1.0226073456e+02
-1.0218376160e+02
-1.0218457794e+02
-1.0212741852e+02
-1.0233560944e+02
-1.0231356049e+02
-1.0223434448e+02
-1.0222891998e+02
-1.0218910217e+02
-1.0211337280e+02
-1.0211257172e+02
-1.0205372620e+02
-1.0242498016e+02
-1.0240227509e+02
-1.0232334137e+02
-1.0231861115e+02
-1.0227888489e+02
-1.0220255280e+02
-1.0220162964e+02
-1.0214355469e+02
-1.0235350037e+02
-1.0233018494e+02
-1.0225083923e+02
-1.0224542999e+02
-1.0220565796e+02
-1.0212984467e+02
-1.0212924194e+02
-1.0207167816e+02
-1.0239070129e+02
-1.0236769867e+02
-1.0228878021e+02
-1.0228371429e+02
-1.0224397278e+02
-1.0216787720e+02
-1.0216690826e+02
-1.0210907745e+02
-1.0239070129e+02
-1.0236769867e+02
-1.0228878021e+02
-1.0228371429e+02
-1.0224397278e+02
-1.0216787720e+02
-1.0216690826e+02
-1.0210907745e+02
-1.0235350037e+02
-1.0233018494e+02
-1.0225083923e+02
-1.0224542999e+02
-1.0220565796e+02
-1.0212984467e+02
-1.0212924194e+02
-1.0207167816e+02
-1.0242498016e+02
-1.0240227509e+02
-1.0232334137e+02
-1.0231861115e+02
-1.0227888489e+02
-1.0220255280e+02
-1.0220162964e+02
-1.0214355469e+02
-1.0233560944e+02
-1.0231356049e+02
-1.0223434448e+02
-1.0222891998e+02
-1.0218910217e+02
-1.0211337280e+02
-1.0211257172e+02
-1.0205372620e+02
-1.0240884399e+02
-1.0238524628e+02
-1.0230449677e+02
-1.0230051422e+02
-1.0226073456e+02
-1.0218376160e+02
-1.0218457794e+02
-1.0212741852e+02
-1.0237300110e+02
-1.0235655212e+02
-1.0227162170e+02
-1.0226988220e+02
-1.0223004913e+02
-1.0215088654e+02
-1.0215584564e+02
-1.0209146881e+02
-1.0238108063e+02
-1.0231183624e+02
-1.0233913422e+02
-1.0225141907e+02
-1.0221611786e+02
-1.0223459625e+02
-1.0213674927e+02
-1.0213607788e+02
-1.0233354187e+02
-1.0227351379e+02
-1.0229573822e+02
-1.0221041870e+02
-1.0217501068e+02
-1.0219107819e+02
-1.0209816742e+02
-1.0208818817e+02
-1.0242796326e+02
-1.0236632538e+02
-1.0238657379e+02
-1.0230297852e+02
-1.0226759338e+02
-1.0228215027e+02
-1.0219129181e+02
-1.0218309021e+02
-1.0231671906e+02
-1.0225548553e+02
-1.0227530670e+02
-1.0219078064e+02
-1.0215525818e+02
-1.0217060852e+02
-1.0207995605e+02
-1.0207122040e+02
-1.0240216064e+02
-1.0234181976e+02
-1.0236227417e+02
-1.0227853394e+02
-1.0224307251e+02
-1.0225779724e+02
-1.0216663361e+02
-1.0215711975e+02
-1.0235939026e+02
-1.0229866028e+02
-1.0231858826e+02
-1.0223444366e+02
-1.0219892883e+02
-1.0221400452e+02
-1.0212328339e+02
-1.0211411285e+02
-1.0235939026e+02
-1.0229866028e+02
-1.0231858826e+02
-1.0223444366e+02
-1.0219892883e+02
-1.0221400452e+02
-1.0212328339e+02
-1.0211411285e+02
-1.0240216064e+02
-1.0234181976e+02
-1.0236227417e+02
-1.0227853394e+02
-1.0224307251e+02
-1.0225779724e+02
-1.0216663361e+02
-1.0215711975e+02
-1.0231671906e+02
-1.0225548553e+02
-1.0227530670e+02
-1.0219078064e+02
-1.0215525818e+02
-1.0217060852e+02
-1.0207995605e+02
-1.0207122040e+02
-1.0242796326e+02
-1.0236632538e+02
-1.0238657379e+02
-1.0230297852e+02
-1.0226759338e+02
-1.0228215027e+02
-1.0219129181e+02
-1.0218309021e+02
-1.0233354187e+02
-1.0227351379e+02
-1.0229573822e+02
-1.0221041870e+02
-1.0217501068e+02
-1.0219107819e+02
-1.0209816742e+02
-1.0208818817e+02
-1.0238108063e+02
-1.0231183624e+02
-1.0233913422e+02
-1.0225141907e+02
-1.0221611786e+02
-1.0223459625e+02
-1.0213674927e+02
-1.0213607788e+02
-1.0232339478e+02
-1.0234249878e+02
-1.0222741699e+02
-1.0226949310e+02
-1.0224067688e+02
-1.0213930511e+02
-1.0219647217e+02
-1.0211827087e+02
-1.0238682556e+02
-1.0239413452e+02
-1.0228498840e+02
-1.0232458496e+02
-1.0229585266e+02
-1.0219692993e+02
-1.0224826813e+02
-1.0218196106e+02
-1.0226548767e+02
-1.0227428436e+02
-1.0216757965e+02
-1.0220514679e+02
-1.0217636871e+02
-1.0207913971e+02
-1.0212789917e+02
-1.0205990601e+02
-1.0240279388e+02
-1.0241163635e+02
-1.0230555725e+02
-1.0234436798e+02
-1.0231573486e+02
-1.0221743011e+02
-1.0226581573e+02
-1.0219794464e+02
-1.0230239868e+02
-1.0230998230e+02
-1.0220300293e+02
-1.0224089813e+02
-1.0221218872e+02
-1.0211458588e+02
-1.0216374207e+02
-1.0209698486e+02
-1.0235044098e+02
-1.0235851288e+02
-1.0225213623e+02
-1.0229050446e+02
-1.0226185608e+02
-1.0216383362e+02
-1.0221247101e+02
-1.0214529419e+02
-1.0235044098e+02
-1.0235851288e+02
-1.0225213623e+02
-1.0229050446e+02
-1.0226185608e+02
-1.0216383362e+02
-1.0221247101e+02
-1.0214529419e+02
-1.0230239868e+02
-1.0230998230e+02
-1.0220300293e+02
-1.0224089813e+02
-1.0221218872e+02
-1.0211458588e+02
-1.0216374207e+02
-1.0209698486e+02
-1.0240279388e+02
-1.0241163635e+02
-1.0230555725e+02
-1.0234436798e+02
-1.0231573486e+02
-1.0221743011e+02
-1.0226581573e+02
-1.0219794464e+02
-1.0226548767e+02
-1.0227428436e+02
-1.0216757965e+02
-1.0220514679e+02
-1.0217636871e+02
-1.0207913971e+02
-1.0212789917e+02
-1.0205990601e+02
-1.0238682556e+02
-1.0239413452e+02
-1.0228498840e+02
-1.0232458496e+02
-1.0229585266e+02
-1.0219692993e+02
-1.0224826813e+02
-1.0218196106e+02
-1.0232339478e+02
-1.0234249878e+02
-1.0222741699e+02
-1.0226949310e+02
-1.0224067688e+02
-1.0213930511e+02
-1.0219647217e+02
-1.0211827087e+02
-1.0235547638e+02
-1.0226396942e+02
-1.0235783386e+02
-1.0223997498e+02
-1.0221654510e+02
-1.0228937531e+02
-1.0214863586e+02
-1.0219441223e+02
-1.0227074432e+02
-1.0219412994e+02
-1.0228118134e+02
-1.0216564941e+02
-1.0214207458e+02
-1.0221253967e+02
-1.0207841492e+02
-1.0210913849e+02
-1.0242666626e+02
-1.0234903717e+02
-1.0243312073e+02
-1.0231980896e+02
-1.0229628754e+02
-1.0236489105e+02
-1.0223388672e+02
-1.0226588440e+02
-1.0225864410e+02
-1.0218029785e+02
-1.0226341248e+02
-1.0214842224e+02
-1.0212469482e+02
-1.0219477844e+02
-1.0206440735e+02
-1.0209693146e+02
-1.0237459564e+02
-1.0229790497e+02
-1.0238227844e+02
-1.0226828003e+02
-1.0224462891e+02
-1.0231394958e+02
-1.0218248749e+02
-1.0221350861e+02
-1.0232186890e+02
-1.0224460602e+02
-1.0232830048e+02
-1.0221374512e+02
-1.0219004059e+02
-1.0225984192e+02
-1.0212895203e+02
-1.0216049194e+02
-1.0232186890e+02
-1.0224460602e+02
-1.0232830048e+02
-1.0221374512e+02
-1.0219004059e+02
-1.0225984192e+02
-1.0212895203e+02
-1.0216049194e+02
-1.0237459564e+02
-1.0229790497e+02
-1.0238227844e+02
-1.0226828003e+02
-1.0224462891e+02
-1.0231394958e+02
-1.0218248749e+02
-1.0221350861e+02
-1.0225864410e+02
-1.0218029785e+02
-1.0226341248e+02
-1.0214842224e+02
-1.0212469482e+02
-1.0219477844e+02
-1.0206440735e+02
-1.0209693146e+02
-1.0242666626e+02
-1.0234903717e+02
-1.0243312073e+02
-1.0231980896e+02
-1.0229628754e+02
-1.0236489105e+02
-1.0223388672e+02
-1.0226588440e+02
-1.0227074432e+02
-1.0219412994e+02
-1.0228118134e+02
-1.0216564941e+02
-1.0214207458e+02
-1.0221253967e+02
-1.0207841492e+02
-1.0210913849e+02
-1.0235547638e+02
-1.0226396942e+02
-1.0235783386e+02
-1.0223997498e+02
-1.0221654510e+02
-1.0228937531e+02
-1.0214863586e+02
-1.0219441223e+02
-1.0225441742e+02
-1.0233425140e+02
-1.0216023254e+02
-1.0226789093e+02
-1.0225209808e+02
-1.0211076355e+02
-1.0225311279e+02
-1.0213986206e+02
-1.0236840820e+02
-1.0242964172e+02
-1.0226313782e+02
-1.0236880493e+02
-1.0235317230e+02
-1.0221381378e+02
-1.0234886932e+02
-1.0225438690e+02
-1.0216815186e+02
-1.0222940826e+02
-1.0206631470e+02
-1.0216965485e+02
-1.0215391541e+02
-1.0201639557e+02
-1.0214780426e+02
-1.0205298615e+02
-1.0237195587e+02
-1.0243487549e+02
-1.0227324677e+02
-1.0237887573e+02
-1.0236336517e+02
-1.0222379303e+02
-1.0235413361e+02
-1.0225788879e+02
-1.0224067688e+02
-1.0230152893e+02
-1.0213824463e+02
-1.0224283600e+02
-1.0222723389e+02
-1.0208841705e+02
-1.0222023010e+02
-1.0212587738e+02
-1.0229722595e+02
-1.0235873413e+02
-1.0219616699e+02
-1.0230139160e+02
-1.0228585815e+02
-1.0214647675e+02
-1.0227767944e+02
-1.0218273926e+02
-1.0229722595e+02
-1.0235873413e+02
-1.0219616699e+02
-1.0230139160e+02
-1.0228585815e+02
-1.0214647675e+02
-1.0227767944e+02
-1.0218273926e+02
-1.0224067688e+02
-1.0230152893e+02
-1.0213824463e+02
-1.0224283600e+02
-1.0222723389e+02
-1.0208841705e+02
-1.0222023010e+02
-1.0212587738e+02
-1.0237195587e+02
-1.0243487549e+02
-1.0227324677e+02
-1.0237887573e+02
-1.0236336517e+02
-1.0222379303e+02
-1.0235413361e+02
-1.0225788879e+02
-1.0216815186e+02
-1.0222940826e+02
-1.0206631470e+02
-1.0216965485e+02
-1.0215391541e+02
-1.0201639557e+02
-1.0214780426e+02
-1.0205298615e+02
-1.0236840820e+02
-1.0242964172e+02
-1.0226313782e+02
-1.0236880493e+02
-1.0235317230e+02
-1.0221381378e+02
-1.0234886932e+02
-1.0225438690e+02
-1.0225441742e+02
-1.0233425140e+02
-1.0216023254e+02
-1.0226789093e+02
-1.0225209808e+02
-1.0211076355e+02
-1.0225311279e+02
-1.0213986206e+02
-1.0234149933e+02
-1.0219709015e+02
-1.0239857483e+02
-1.0223079681e+02
-1.0222115326e+02
-1.0237187958e+02
-1.0215081787e+02
-1.0227757263e+02
-1.0218747711e+02
-1.0206582642e+02
-1.0225936890e+02
-1.0209288788e+02
-1.0208301544e+02
-1.0223236847e+02
-1.0201890564e+02
-1.0212265778e+02
-1.0244479370e+02
-1.0232491302e+02
-1.0251477051e+02
-1.0235052490e+02
-1.0234077454e+02
-1.0248848724e+02
-1.0227899170e+02
-1.0238136292e+02
-1.0220024872e+02
-1.0207749176e+02
-1.0226518250e+02
-1.0209777069e+02
-1.0208774567e+02
-1.0223831177e+02
-1.0203049469e+02
-1.0213545990e+02
-1.0234542084e+02
-1.0222513580e+02
-1.0241488647e+02
-1.0224844360e+02
-1.0223851013e+02
-1.0238841248e+02
-1.0217872620e+02
-1.0228144073e+02
-1.0228607941e+02
-1.0216503906e+02
-1.0235407257e+02
-1.0218689728e+02
-1.0217688751e+02
-1.0232746124e+02
-1.0211836243e+02
-1.0222176361e+02
-1.0228607941e+02
-1.0216503906e+02
-1.0235407257e+02
-1.0218689728e+02
-1.0217688751e+02
-1.0232746124e+02
-1.0211836243e+02
-1.0222176361e+02
-1.0234542084e+02
-1.0222513580e+02
-1.0241488647e+02
-1.0224844360e+02
-1.0223851013e+02
-1.0238841248e+02
-1.0217872620e+02
-1.0228144073e+02
-1.0220024872e+02
-1.0207749176e+02
-1.0226518250e+02
-1.0209777069e+02
-1.0208774567e+02
-1.0223831177e+02
-1.0203049469e+02
-1.0213545990e+02
-1.0244479370e+02
-1.0232491302e+02
-1.0251477051e+02
-1.0235052490e+02
-1.0234077454e+02
-1.0248848724e+02
-1.0227899170e+02
-1.0238136292e+02
-1.0218747711e+02
-1.0206582642e+02
-1.0225936890e+02
-1.0209288788e+02
-1.0208301544e+02
-1.0223236847e+02
-1.0201890564e+02
-1.0212265778e+02
-1.0234149933e+02
-1.0219709015e+02
-1.0239857483e+02
-1.0223079681e+02
-1.0222115326e+02
-1.0237187958e+02
-1.0215081787e+02
-1.0227757263e+02
-1.0215245056e+02
-1.0234047699e+02
-1.0205995178e+02
-1.0225636292e+02
-1.0225524139e+02
-1.0205415344e+02
-1.0233281708e+02
-1.0214023590e+02
-1.0236203003e+02
-1.0252291870e+02
-1.0225019073e+02
-1.0244622803e+02
-1.0244537354e+02
-1.0224472809e+02
-1.0251602173e+02
-1.0235089111e+02
-1.0203163147e+02
-1.0218779755e+02
-1.0191854858e+02
-1.0211264801e+02
-1.0211159515e+02
-1.0191211700e+02
-1.0217955017e+02
-1.0201863861e+02
-1.0232113647e+02
-1.0248162079e+02
-1.0221544647e+02
-1.0241386414e+02
-1.0241312408e+02
-1.0220967865e+02
-1.0247461700e+02
-1.0230971527e+02
-1.0216526031e+02
-1.0232299042e+02
-1.0205435944e+02
-1.0225204468e+02
-1.0225119781e+02
-1.0204815674e+02
-1.0231533051e+02
-1.0215296173e+02
-1.0222650909e+02
-1.0238508606e+02
-1.0211713409e+02
-1.0231569672e+02
-1.0231491852e+02
-1.0211106110e+02
-1.0237770844e+02
-1.0221454620e+02
-1.0222650909e+02
-1.0238508606e+02
-1.0211713409e+02
-1.0231569672e+02
-1.0231491852e+02
-1.0211106110e+02
-1.0237770844e+02
-1.0221454620e+02
-1.0216526031e+02
-1.0232299042e+02
-1.0205435944e+02
-1.0225204468e+02
-1.0225119781e+02
-1.0204815674e+02
-1.0231533051e+02
-1.0215296173e+02
-1.0232113647e+02
-1.0248162079e+02
-1.0221544647e+02
-1.0241386414e+02
-1.0241312408e+02
-1.0220967865e+02
-1.0247461700e+02
-1.0230971527e+02
-1.0203163147e+02
-1.0218779755e+02
-1.0191854858e+02
-1.0211264801e+02
-1.0211159515e+02
-1.0191211700e+02
-1.0217955017e+02
-1.0201863861e+02
-1.0236203003e+02
-1.0252291870e+02
-1.0225019073e+02
-1.0244622803e+02
-1.0244537354e+02
-1.0224472809e+02
-1.0251602173e+02
-1.0235089111e+02
-1.0215245056e+02
-1.0234047699e+02
-1.0205995178e+02
-1.0225636292e+02
-1.0225524139e+02
-1.0205415344e+02
-1.0233281708e+02
-1.0214023590e+02
-1.0236214447e+02
-1.0210218048e+02
-1.0247430420e+02
-1.0224091339e+02
-1.0224665833e+02
-1.0249402618e+02
-1.0213249207e+02
-1.0240621948e+02
-1.0207521820e+02
-1.0184639740e+02
-1.0221165466e+02
-1.0197740936e+02
-1.0198279572e+02
-1.0223082733e+02
-1.0187550354e+02
-1.0211770630e+02
-1.0249888611e+02
-1.0227922821e+02
-1.0264211273e+02
-1.0240932465e+02
-1.0241496277e+02
-1.0266249084e+02
-1.0231003571e+02
-1.0254369354e+02
-1.0216235352e+02
-1.0193687439e+02
-1.0229564667e+02
-1.0205704498e+02
-1.0206231689e+02
-1.0231522369e+02
-1.0196618652e+02
-1.0220530701e+02
-1.0232350922e+02
-1.0210093689e+02
-1.0246246338e+02
-1.0222411346e+02
-1.0222949982e+02
-1.0248250580e+02
-1.0213091278e+02
-1.0236736298e+02
-1.0226071930e+02
-1.0203716278e+02
-1.0239810181e+02
-1.0215864563e+02
-1.0216395569e+02
-1.0241799164e+02
-1.0206684875e+02
-1.0230421448e+02
-1.0226071930e+02
-1.0203716278e+02
-1.0239810181e+02
-1.0215864563e+02
-1.0216395569e+02
-1.0241799164e+02
-1.0206684875e+02
-1.0230421448e+02
-1.0232350922e+02
-1.0210093689e+02
-1.0246246338e+02
-1.0222411346e+02
-1.0222949982e+02
-1.0248250580e+02
-1.0213091278e+02
-1.0236736298e+02
-1.0216235352e+02
-1.0193687439e+02
-1.0229564667e+02
-1.0205704498e+02
-1.0206231689e+02
-1.0231522369e+02
-1.0196618652e+02
-1.0220530701e+02
-1.0249888611e+02
-1.0227922821e+02
-1.0264211273e+02
-1.0240932465e+02
-1.0241496277e+02
-1.0266249084e+02
-1.0231003571e+02
-1.0254369354e+02
-1.0207521820e+02
-1.0184639740e+02
-1.0221165466e+02
-1.0197740936e+02
-1.0198279572e+02
-1.0223082733e+02
-1.0187550354e+02
-1.0211770630e+02
-1.0236214447e+02
-1.0210218048e+02
-1.0247430420e+02
-1.0224091339e+02
-1.0224665833e+02
-1.0249402618e+02
-1.0213249207e+02
-1.0240621948e+02
-1.0198737335e+02
-1.0237394714e+02
-1.0191172791e+02
-1.0220390320e+02
-1.0221867371e+02
-1.0195350647e+02
-1.0244651031e+02
-1.0208650970e+02
-1.0238314819e+02
-1.0273615265e+02
-1.0227872467e+02
-1.0257304382e+02
-1.0258825684e+02
-1.0232122803e+02
-1.0281031799e+02
-1.0248436737e+02
-1.0184192657e+02
-1.0217947388e+02
-1.0172173309e+02
-1.0201502991e+02
-1.0202986908e+02
-1.0176264954e+02
-1.0225141907e+02
-1.0194013977e+02
-1.0222345734e+02
-1.0256811523e+02
-1.0211537933e+02
-1.0241620636e+02
-1.0243143463e+02
-1.0215717316e+02
-1.0264173889e+02
-1.0232376099e+02
-1.0206484985e+02
-1.0240662384e+02
-1.0195088959e+02
-1.0225222778e+02
-1.0226735687e+02
-1.0199220276e+02
-1.0247959137e+02
-1.0216423798e+02
-1.0212996674e+02
-1.0247286224e+02
-1.0201760864e+02
-1.0232038116e+02
-1.0233557892e+02
-1.0205906677e+02
-1.0254612732e+02
-1.0222971344e+02
-1.0212996674e+02
-1.0247286224e+02
-1.0201760864e+02
-1.0232038116e+02
-1.0233557892e+02
-1.0205906677e+02
-1.0254612732e+02
-1.0222971344e+02
-1.0206484985e+02
-1.0240662384e+02
-1.0195088959e+02
-1.0225222778e+02
-1.0226735687e+02
-1.0199220276e+02
-1.0247959137e+02
-1.0216423798e+02
-1.0222345734e+02
-1.0256811523e+02
-1.0211537933e+02
-1.0241620636e+02
-1.0243143463e+02
-1.0215717316e+02
-1.0264173889e+02
-1.0232376099e+02
-1.0184192657e+02
-1.0217947388e+02
-1.0172173309e+02
-1.0201502991e+02
-1.0202986908e+02
-1.0176264954e+02
-1.0225141907e+02
-1.0194013977e+02
-1.0238314819e+02
-1.0273615265e+02
-1.0227872467e+02
-1.0257304382e+02
-1.0258825684e+02
-1.0232122803e+02
-1.0281031799e+02
-1.0248436737e+02
-1.0198737335e+02
-1.0237394714e+02
-1.0191172791e+02
-1.0220390320e+02
-1.0221867371e+02
-1.0195350647e+02
-1.0244651031e+02
-1.0208650970e+02
-1.0246457672e+02
-1.0196829987e+02
-1.0260747528e+02
-1.0232738495e+02
-1.0234976196e+02
-1.0267703247e+02
-1.0208073425e+02
-1.0262504578e+02
-1.0191446686e+02
-1.0145048523e+02
-1.0208795166e+02
-1.0180448914e+02
-1.0182627869e+02
-1.0215640259e+02
-1.0156054688e+02
-1.0207196045e+02
-1.0260083771e+02
-1.0216056061e+02
-1.0280355072e+02
-1.0252109528e+02
-1.0254339600e+02
-1.0287400055e+02
-1.0227340698e+02
-1.0276212311e+02
-1.0218344116e+02
-1.0173547363e+02
-1.0237332153e+02
-1.0208169556e+02
-1.0210356903e+02
-1.0244281769e+02
-1.0184645081e+02
-1.0234242249e+02
-1.0232981873e+02
-1.0188464355e+02
-1.0252581024e+02
-1.0223267365e+02
-1.0225463867e+02
-1.0259576416e+02
-1.0199620819e+02
-1.0248966217e+02
-1.0226003265e+02
-1.0181362915e+02
-1.0245449829e+02
-1.0215950775e+02
-1.0218139648e+02
-1.0252430725e+02
-1.0192487335e+02
-1.0241949463e+02
-1.0226003265e+02
-1.0181362915e+02
-1.0245449829e+02
-1.0215950775e+02
-1.0218139648e+02
-1.0252430725e+02
-1.0192487335e+02
-1.0241949463e+02
-1.0232981873e+02
-1.0188464355e+02
-1.0252581024e+02
-1.0223267365e+02
-1.0225463867e+02
-1.0259576416e+02
-1.0199620819e+02
-1.0248966217e+02
-1.0218344116e+02
-1.0173547363e+02
-1.0237332153e+02
-1.0208169556e+02
-1.0210356903e+02
-1.0244281769e+02
-1.0184645081e+02
-1.0234242249e+02
-1.0260083771e+02
-1.0216056061e+02
-1.0280355072e+02
-1.0252109528e+02
-1.0254339600e+02
-1.0287400055e+02
-1.0227340698e+02
-1.0276212311e+02
-1.0191446686e+02
-1.0145048523e+02
-1.0208795166e+02
-1.0180448914e+02
-1.0182627869e+02
-1.0215640259e+02
-1.0156054688e+02
-1.0207196045e+02
-1.0246457672e+02
-1.0196829987e+02
-1.0260747528e+02
-1.0232738495e+02
-1.0234976196e+02
-1.0267703247e+02
-1.0208073425e+02
-1.0262504578e+02
-1.0168817139e+02
-1.0244120026e+02
-1.0168119049e+02
-1.0201139069e+02
-1.0204285431e+02
-1.0177332306e+02
-1.0259860229e+02
-1.0190429688e+02
-1.0245883179e+02
-1.0318818665e+02
-1.0242668152e+02
-1.0276143646e+02
-1.0279366302e+02
-1.0252041626e+02
-1.0334894562e+02
-1.0267904663e+02
-1.0159977722e+02
-1.0229570007e+02
-1.0151988220e+02
-1.0185246277e+02
-1.0188399506e+02
-1.0161106873e+02
-1.0245295715e+02
-1.0181518555e+02
-1.0203307343e+02
-1.0273587036e+02
-1.0196345520e+02
-1.0230607605e+02
-1.0233802795e+02
-1.0205559540e+02
-1.0289508057e+02
-1.0225086212e+02
-1.0190850067e+02
-1.0260836029e+02
-1.0183170319e+02
-1.0217671967e+02
-1.0220858765e+02
-1.0192340851e+02
-1.0276707458e+02
-1.0212550354e+02
-1.0198674774e+02
-1.0268775177e+02
-1.0191094971e+02
-1.0225821686e+02
-1.0229016113e+02
-1.0200279999e+02
-1.0284681702e+02
-1.0220415497e+02
-1.0198674774e+02
-1.0268775177e+02
-1.0191094971e+02
-1.0225821686e+02
-1.0229016113e+02
-1.0200279999e+02
-1.0284681702e+02
-1.0220415497e+02
-1.0190850067e+02
-1.0260836029e+02
-1.0183170319e+02
-1.0217671967e+02
-1.0220858765e+02
-1.0192340851e+02
-1.0276707458e+02
-1.0212550354e+02
-1.0203307343e+02
-1.0273587036e+02
-1.0196345520e+02
-1.0230607605e+02
-1.0233802795e+02
-1.0205559540e+02
-1.0289508057e+02
-1.0225086212e+02
-1.0159977722e+02
-1.0229570007e+02
-1.0151988220e+02
-1.0185246277e+02
-1.0188399506e+02
-1.0161106873e+02
-1.0245295715e+02
-1.0181518555e+02
-1.0245883179e+02
-1.0318818665e+02
-1.0242668152e+02
-1.0276143646e+02
-1.0279366302e+02
-1.0252041626e+02
-1.0334894562e+02
-1.0267904663e+02
-1.0168817139e+02
-1.0244120026e+02
-1.0168119049e+02
-1.0201139069e+02
-1.0204285431e+02
-1.0177332306e+02
-1.0259860229e+02
-1.0190429688e+02
-1.0278039551e+02
-1.0181072998e+02
-1.0284899139e+02
-1.0264135742e+02
-1.0268114471e+02
-1.0297032166e+02
-1.0200886536e+02
-1.0306330872e+02
-1.0169618225e+02
-1.0072846222e+02
-1.0176859283e+02
-1.0155448151e+02
-1.0159322357e+02
-1.0188750458e+02
-1.0092169952e+02
-1.0197329712e+02
-1.0275028229e+02
-1.0182532501e+02
-1.0289285278e+02
-1.0268399811e+02
-1.0272364044e+02
-1.0301487732e+02
-1.0202281189e+02
-1.0303337097e+02
-1.0233820343e+02
-1.0140919495e+02
-1.0247853851e+02
-1.0226075745e+02
-1.0230001831e+02
-1.0259970856e+02
-1.0160476685e+02
-1.0261902618e+02
-1.0243756104e+02
-1.0151233673e+02
-1.0258854675e+02
-1.0236836243e+02
-1.0240771484e+02
-1.0271012878e+02
-1.0170829773e+02
-1.0271907806e+02
-1.0234808350e+02
-1.0142228699e+02
-1.0249982452e+02
-1.0227735901e+02
-1.0231663513e+02
-1.0262124634e+02
-1.0161785889e+02
-1.0262917328e+02
-1.0234808350e+02
-1.0142228699e+02
-1.0249982452e+02
-1.0227735901e+02
-1.0231663513e+02
-1.0262124634e+02
-1.0161785889e+02
-1.0262917328e+02
-1.0243756104e+02
-1.0151233673e+02
-1.0258854675e+02
-1.0236836243e+02
-1.0240771484e+02
-1.0271012878e+02
-1.0170829773e+02
-1.0271907806e+02
-1.0233820343e+02
-1.0140919495e+02
-1.0247853851e+02
-1.0226075745e+02
-1.0230001831e+02
-1.0259970856e+02
-1.0160476685e+02
-1.0261902618e+02
-1.0275028229e+02
-1.0182532501e+02
-1.0289285278e+02
-1.0268399811e+02
-1.0272364044e+02
-1.0301487732e+02
-1.0202281189e+02
-1.0303337097e+02
-1.0169618225e+02
-1.0072846222e+02
-1.0176859283e+02
-1.0155448151e+02
-1.0159322357e+02
-1.0188750458e+02
-1.0092169952e+02
-1.0197329712e+02
-1.0278039551e+02
-1.0181072998e+02
-1.0284899139e+02
-1.0264135742e+02
-1.0268114471e+02
-1.0297032166e+02
-1.0200886536e+02
-1.0306330872e+02
-1.0100748444e+02
-1.0249492645e+02
-1.0133773041e+02
-1.0152475739e+02
-1.0157336426e+02
-1.0148187256e+02
-1.0273902130e+02
-1.0134205627e+02
-1.0252783203e+02
-1.0405638885e+02
-1.0290547943e+02
-1.0310379791e+02
-1.0315385437e+02
-1.0305326843e+02
-1.0430761719e+02
-1.0287059784e+02
-1.0126448059e+02
-1.0274679565e+02
-1.0155240631e+02
-1.0174015808e+02
-1.0178910065e+02
-1.0169654083e+02
-1.0299305725e+02
-1.0159999847e+02
-1.0158544159e+02
-1.0306821442e+02
-1.0186209869e+02
-1.0205432892e+02
-1.0210354614e+02
-1.0200682831e+02
-1.0331610107e+02
-1.0192274475e+02
-1.0149040985e+02
-1.0296802521e+02
-1.0174950409e+02
-1.0194211578e+02
-1.0199123383e+02
-1.0189382172e+02
-1.0321559143e+02
-1.0182699585e+02
-1.0158263397e+02
-1.0305980682e+02
-1.0183741760e+02
-1.0203135681e+02
-1.0208055115e+02
-1.0198188019e+02
-1.0330777740e+02
-1.0191963959e+02
-1.0158263397e+02
-1.0305980682e+02
-1.0183741760e+02
-1.0203135681e+02
-1.0208055115e+02
-1.0198188019e+02
-1.0330777740e+02
-1.0191963959e+02
-1.0149040985e+02
-1.0296802521e+02
-1.0174950409e+02
-1.0194211578e+02
-1.0199123383e+02
-1.0189382172e+02
-1.0321559143e+02
-1.0182699585e+02
-1.0158544159e+02
-1.0306821442e+02
-1.0186209869e+02
-1.0205432892e+02
-1.0210354614e+02
-1.0200682831e+02
-1.0331610107e+02
-1.0192274475e+02
-1.0126448059e+02
-1.0274679565e+02
-1.0155240631e+02
-1.0174015808e+02
-1.0178910065e+02
-1.0169654083e+02
-1.0299305725e+02
-1.0159999847e+02
-1.0252783203e+02
-1.0405638885e+02
-1.0290547943e+02
-1.0310379791e+02
-1.0315385437e+02
-1.0305326843e+02
-1.0430761719e+02
-1.0287059784e+02
-1.0100748444e+02
-1.0249492645e+02
-1.0133773041e+02
-1.0152475739e+02
-1.0157336426e+02
-1.0148187256e+02
-1.0273902130e+02
-1.0134205627e+02
-1.0379955292e+02
-1.0175249481e+02
-1.0312201691e+02
-1.0318063354e+02
-1.0323804474e+02
-1.0329570770e+02
-1.0203890991e+02
-1.0420938873e+02
-1.0167613220e+02
-9.9514389038e+01
-1.0085298920e+02
-1.0088909912e+02
-1.0094444275e+02
-1.0102112579e+02
-9.9790374756e+01
-1.0207424927e+02
-1.0314611053e+02
-1.0101368713e+02
-1.0240836334e+02
-1.0246069336e+02
-1.0251728821e+02
-1.0258045197e+02
-1.0129502869e+02
-1.0355258942e+02
-1.0304476929e+02
-1.0090805054e+02
-1.0232588959e+02
-1.0238121796e+02
-1.0243769073e+02
-1.0249776459e+02
-1.0118833160e+02
-1.0345041656e+02
-1.0321824646e+02
-1.0108396149e+02
-1.0252149963e+02
-1.0258072662e+02
-1.0263733673e+02
-1.0269387817e+02
-1.0136463928e+02
-1.0362485504e+02
-1.0316713715e+02
-1.0103264618e+02
-1.0247750854e+02
-1.0253757477e+02
-1.0259414673e+02
-1.0264979553e+02
-1.0131297302e+02
-1.0357347107e+02
-1.0316713715e+02
-1.0103264618e+02
-1.0247750854e+02
-1.0253757477e+02
-1.0259414673e+02
-1.0264979553e+02
-1.0131297302e+02
-1.0357347107e+02
-1.0321824646e+02
-1.0108396149e+02
-1.0252149963e+02
-1.0258072662e+02
-1.0263733673e+02
-1.0269387817e+02
-1.0136463928e+02
-1.0362485504e+02
-1.0304476929e+02
-1.0090805054e+02
-1.0232588959e+02
-1.0238121796e+02
-1.0243769073e+02
-1.0249776459e+02
-1.0118833160e+02
-1.0345041656e+02
-1.0314611053e+02
-1.0101368713e+02
-1.0240836334e+02
-1.0246069336e+02
-1.0251728821e+02
-1.0258045197e+02
-1.0129502869e+02
-1.0355258942e+02
-1.0167613220e+02
-9.9514389038e+01
-1.0085298920e+02
-1.0088909912e+02
-1.0094444275e+02
-1.0102112579e+02
-9.9790374756e+01
-1.0207424927e+02
-1.0379955292e+02
-1.0175249481e+02
-1.0312201691e+02
-1.0318063354e+02
-1.0323804474e+02
-1.0329570770e+02
-1.0203890991e+02
-1.0420938873e+02
-9.8834831238e+01
-1.0199470520e+02
-1.0094257355e+02
-1.0093619537e+02
-1.0100168610e+02
-1.0113776398e+02
-1.0232179260e+02
-9.9283142090e+01
-1.0188877869e+02
-1.0526904297e+02
-1.0429363251e+02
-1.0433044434e+02
-1.0439900208e+02
-1.0449736023e+02
-1.0561148071e+02
-1.0235403442e+02
-1.0034794617e+02
-1.0376232910e+02
-1.0273797607e+02
-1.0275910187e+02
-1.0282651520e+02
-1.0293820953e+02
-1.0410002136e+02
-1.0080455780e+02
-1.0009557343e+02
-1.0354713440e+02
-1.0250063324e+02
-1.0251396179e+02
-1.0258135986e+02
-1.0270071411e+02
-1.0388523102e+02
-1.0055168915e+02
-9.9702758789e+01
-1.0317259216e+02
-1.0210621643e+02
-1.0211289978e+02
-1.0218009949e+02
-1.0230564117e+02
-1.0351005554e+02
-1.0015733337e+02
-9.9624710083e+01
-1.0310405731e+02
-1.0203018188e+02
-1.0203437805e+02
-1.0210157776e+02
-1.0222959137e+02
-1.0344168091e+02
-1.0007921600e+02
-9.9624710083e+01
-1.0310405731e+02
-1.0203018188e+02
-1.0203437805e+02
-1.0210157776e+02
-1.0222959137e+02
-1.0344168091e+02
-1.0007921600e+02
-9.9702758789e+01
-1.0317259216e+02
-1.0210621643e+02
-1.0211289978e+02
-1.0218009949e+02
-1.0230564117e+02
-1.0351005554e+02
-1.0015733337e+02
-1.0009557343e+02
-1.0354713440e+02
-1.0250063324e+02
-1.0251396179e+02
-1.0258135986e+02
-1.0270071411e+02
-1.0388523102e+02
-1.0055168915e+02
-1.0034794617e+02
-1.0376232910e+02
-1.0273797607e+02
-1.0275910187e+02
-1.0282651520e+02
-1.0293820953e+02
-1.0410002136e+02
-1.0080455780e+02
-1.0188877869e+02
-1.0526904297e+02
-1.0429363251e+02
-1.0433044434e+02
-1.0439900208e+02
-1.0449736023e+02
-1.0561148071e+02
-1.0235403442e+02
-9.8834831238e+01
-1.0199470520e+02
-1.0094257355e+02
-1.0093619537e+02
-1.0100168610e+02
-1.0113776398e+02
-1.0232179260e+02
-9.9283142090e+01
-1.0843314362e+02
-1.0420191193e+02
-1.0467823029e+02
-1.0466747284e+02
-1.0474361420e+02
-1.0490783691e+02
-1.0458401489e+02
-1.0897587585e+02
-1.0369534302e+02
-9.9148063660e+01
-9.9493370056e+01
-9.9412155151e+01
-9.9483757019e+01
-9.9710006714e+01
-9.9507919312e+01
-1.0421385193e+02
-1.0458286285e+02
-9.9885848999e+01
-1.0023812103e+02
-1.0015670013e+02
-1.0022875214e+02
-1.0045619202e+02
-1.0024768829e+02
-1.0510822296e+02
-1.0490318298e+02
-1.0009239197e+02
-1.0043463898e+02
-1.0035224915e+02
-1.0042422485e+02
-1.0065261841e+02
-1.0045386505e+02
-1.0543007660e+02
-1.0541777039e+02
-1.0053927612e+02
-1.0088056183e+02
-1.0079798889e+02
-1.0087014771e+02
-1.0109915161e+02
-1.0090151215e+02
-1.0594690704e+02
-1.0560881042e+02
-1.0069701385e+02
-1.0103588867e+02
-1.0095280457e+02
-1.0102498627e+02
-1.0125456238e+02
-1.0105930328e+02
-1.0613853455e+02
-1.0560881042e+02
-1.0069701385e+02
-1.0103588867e+02
-1.0095280457e+02
-1.0102498627e+02
-1.0125456238e+02
-1.0105930328e+02
-1.0613853455e+02
-1.0541777039e+02
-1.0053927612e+02
-1.0088056183e+02
-1.0079798889e+02
-1.0087014771e+02
-1.0109915161e+02
-1.0090151215e+02
-1.0594690704e+02
-1.0490318298e+02
-1.0009239197e+02
-1.0043463898e+02
-1.0035224915e+02
-1.0042422485e+02
-1.0065261841e+02
-1.0045386505e+02
-1.0543007660e+02
-1.0458286285e+02
-9.9885848999e+01
-1.0023812103e+02
-1.0015670013e+02
-1.0022875214e+02
-1.0045619202e+02
-1.0024768829e+02
-1.0510822296e+02
-1.0369534302e+02
-9.9148063660e+01
-9.9493370056e+01
-9.9412155151e+01
-9.9483757019e+01
-9.9710006714e+01
-9.9507919312e+01
-1.0421385193e+02
-1.0843314362e+02
-1.0420191193e+02
-1.0467823029e+02
-1.0466747284e+02
-1.0474361420e+02
-1.0490783691e+02
-1.0458401489e+02
-1.0897587585e+02
-9.0072212219e+01
-9.5165596008e+01
-9.5949432373e+01
-9.6532463074e+01
-9.6610725403e+01
-9.6183677673e+01
-9.5557548523e+01
-9.0621185303e+01
-9.7029136658e+01
-1.0236128998e+02
-1.0326744843e+02
-1.0392697906e+02
-1.0401155090e+02
-1.0351985931e+02
-1.0278300476e+02
-9.7610069275e+01
-9.8320846558e+01
-1.0383706665e+02
-1.0476626587e+02
-1.0544265747e+02
-1.0552839661e+02
-1.0502185059e+02
-1.0426289368e+02
-9.8900154114e+01
-9.9218894958e+01
-1.0488410187e+02
-1.0585285187e+02
-1.0654382324e+02
-1.0663035583e+02
-1.0611042023e+02
-1.0531221771e+02
-9.9797218323e+01
-9.9486679077e+01
-1.0524297333e+02
-1.0623493195e+02
-1.0693654633e+02
-1.0702327728e+02
-1.0649285889e+02
-1.0567120361e+02
-1.0006269836e+02
-9.9638282776e+01
-1.0543984985e+02
-1.0644423676e+02
-1.0715145111e+02
-1.0723828888e+02
-1.0670237732e+02
-1.0586820221e+02
-1.0021334839e+02
-9.9638282776e+01
-1.0543984985e+02
-1.0644423676e+02
-1.0715145111e+02
-1.0723828888e+02
-1.0670237732e+02
-1.0586820221e+02
-1.0021334839e+02
-9.9486679077e+01
-1.0524297333e+02
-1.0623493195e+02
-1.0693654633e+02
-1.0702327728e+02
-1.0649285889e+02
-1.0567120361e+02
-1.0006269836e+02
-9.9218894958e+01
-1.0488410187e+02
-1.0585285187e+02
-1.0654382324e+02
-1.0663035583e+02
-1.0611042023e+02
-1.0531221771e+02
-9.9797218323e+01
-9.8320846558e+01
-1.0383706665e+02
-1.0476626587e+02
-1.0544265747e+02
-1.0552839661e+02
-1.0502185059e+02
-1.0426289368e+02
-9.8900154114e+01
-9.7029136658e+01
-1.0236128998e+02
-1.0326744843e+02
-1.0392697906e+02
-1.0401155090e+02
-1.0351985931e+02
-1.0278300476e+02
-9.7610069275e+01
-9.0072212219e+01
-9.5165596008e+01
-9.5949432373e+01
-9.6532463074e+01
-9.6610725403e+01
-9.6183677673e+01
-9.5557548523e+01
-9.0621185303e+01
-1.0775337982e+02
-1.0550653839e+02
-1.0529315186e+02
-1.0510700989e+02
-1.0519852448e+02
-1.0556823730e+02
-1.0596504211e+02
-1.0839489746e+02
-1.0394363403e+02
-1.0197058105e+02
-1.0192283630e+02
-1.0179285431e+02
-1.0188216400e+02
-1.0219157410e+02
-1.0241806030e+02
-1.0457309723e+02
-1.0303332520e+02
-1.0117991638e+02
-1.0127186584e+02
-1.0120793915e+02
-1.0129732513e+02
-1.0154097748e+02
-1.0162850189e+02
-1.0366893768e+02
-1.0233555603e+02
-1.0050709534e+02
-1.0066446686e+02
-1.0063855743e+02
-1.0072797394e+02
-1.0093392181e+02
-1.0095712280e+02
-1.0297640228e+02
-1.0205070496e+02
-1.0022380829e+02
-1.0041127777e+02
-1.0040458679e+02
-1.0049420929e+02
-1.0068157959e+02
-1.0067580414e+02
-1.0269625092e+02
-1.0189636993e+02
-1.0006353760e+02
-1.0026225281e+02
-1.0026270294e+02
-1.0035243225e+02
-1.0053297424e+02
-1.0051651764e+02
-1.0254421997e+02
-1.0189636993e+02
-1.0006353760e+02
-1.0026225281e+02
-1.0026270294e+02
-1.0035243225e+02
-1.0053297424e+02
-1.0051651764e+02
-1.0254421997e+02
-1.0205070496e+02
-1.0022380829e+02
-1.0041127777e+02
-1.0040458679e+02
-1.0049420929e+02
-1.0068157959e+02
-1.0067580414e+02
-1.0269625092e+02
-1.0233555603e+02
-1.0050709534e+02
-1.0066446686e+02
-1.0063855743e+02
-1.0072797394e+02
-1.0093392181e+02
-1.0095712280e+02
-1.0297640228e+02
-1.0303332520e+02
-1.0117991638e+02
-1.0127186584e+02
-1.0120793915e+02
-1.0129732513e+02
-1.0154097748e+02
-1.0162850189e+02
-1.0366893768e+02
-1.0394363403e+02
-1.0197058105e+02
-1.0192283630e+02
-1.0179285431e+02
-1.0188216400e+02
-1.0219157410e+02
-1.0241806030e+02
-1.0457309723e+02
-1.0775337982e+02
-1.0550653839e+02
-1.0529315186e+02
-1.0510700989e+02
-1.0519852448e+02
-1.0556823730e+02
-1.0596504211e+02
-1.0839489746e+02
