-5.3636459961e+03
-5.2653173828e+03
-5.2736752930e+03
-5.2733564453e+03
-5.2733564453e+03
-5.2736752930e+03
-5.2653173828e+03
-5.3636459961e+03
-4.4947387695e+03
-4.4084624023e+03
-4.4083442383e+03
-4.4033754883e+03
-4.4033754883e+03
-4.4083442383e+03
-4.4084624023e+03
-4.4947387695e+03
-3.6872219238e+03
-3.6212114258e+03
-3.6237348633e+03
-3.6197050781e+03
-3.6197050781e+03
-3.6237348633e+03
-3.6212114258e+03
-3.6872219238e+03
-2.8819074707e+03
-2.8307788086e+03
-2.8344172363e+03
-2.8318593750e+03
-2.8318593750e+03
-2.8344172363e+03
-2.8307788086e+03
-2.8819074707e+03
-2.0905700684e+03
-2.0540041504e+03
-2.0577412109e+03
-2.0564494629e+03
-2.0564494629e+03
-2.0577412109e+03
-2.0540041504e+03
-2.0905700684e+03
-1.3042067871e+03
-1.2814023438e+03
-1.2844909668e+03
-1.2840618896e+03
-1.2840618896e+03
-1.2844909668e+03
-1.2814023438e+03
-1.3042067871e+03
-5.2424841309e+02
-5.1518389893e+02
-5.1744927979e+02
-5.1776489258e+02
-5.1776489258e+02
-5.1744927979e+02
-5.1518389893e+02
-5.2424841309e+02
2.5299151611e+02
2.4856684875e+02
2.4711167908e+02
2.4615072632e+02
2.4615072632e+02
2.4711167908e+02
2.4856684875e+02
2.5299151611e+02
1.0265848389e+03
1.0085617065e+03
1.0076192627e+03
1.0058418579e+03
1.0058418579e+03
1.0076192627e+03
1.0085617065e+03
1.0265848389e+03
1.8003928223e+03
1.7692155762e+03
1.7685079346e+03
1.7660311279e+03
1.7660311279e+03
1.7685079346e+03
1.7692155762e+03
1.8003928223e+03
2.5677307129e+03
2.5206613770e+03
2.5199704590e+03
2.5180810547e+03
2.5180810547e+03
2.5199704590e+03
2.5206613770e+03
2.5677307129e+03
3.3439538574e+03
3.2900080566e+03
3.3018535156e+03
3.3061914062e+03
3.3061914062e+03
3.3018535156e+03
3.2900080566e+03
3.3439538574e+03
-4.8055415039e+03
-5.0466289062e+03
-5.0611411133e+03
-5.0759179688e+03
-5.0759179688e+03
-5.0611411133e+03
-5.0466289062e+03
-4.8055415039e+03
-4.1922280273e+03
-4.4306264648e+03
-4.4656694336e+03
-4.4884736328e+03
-4.4884736328e+03
-4.4656694336e+03
-4.4306264648e+03
-4.1922280273e+03
-3.4638041992e+03
-3.6643056641e+03
-3.6971945801e+03
-3.7189489746e+03
-3.7189489746e+03
-3.6971945801e+03
-3.6643056641e+03
-3.4638041992e+03
-2.7358078613e+03
-2.8984387207e+03
-2.9261633301e+03
-2.9447119141e+03
-2.9447119141e+03
-2.9261633301e+03
-2.8984387207e+03
-2.7358078613e+03
-1.9948377686e+03
-2.1158881836e+03
-2.1372922363e+03
-2.1514023438e+03
-2.1514023438e+03
-2.1372922363e+03
-2.1158881836e+03
-1.9948377686e+03
-1.2548315430e+03
-1.3339586182e+03
-1.3486638184e+03
-1.3582114258e+03
-1.3582114258e+03
-1.3486638184e+03
-1.3339586182e+03
-1.2548315430e+03
-5.1293475342e+02
-5.4963629150e+02
-5.5742486572e+02
-5.6223284912e+02
-5.6223284912e+02
-5.5742486572e+02
-5.4963629150e+02
-5.1293475342e+02
2.2638366699e+02
2.3119689941e+02
2.3033628845e+02
2.3005912781e+02
2.3005912781e+02
2.3033628845e+02
2.3119689941e+02
2.2638366699e+02
9.6578350830e+02
1.0113601074e+03
1.0172149048e+03
1.0214534302e+03
1.0214534302e+03
1.0172149048e+03
1.0113601074e+03
9.6578350830e+02
1.6986010742e+03
1.7815927734e+03
1.7932174072e+03
1.8010563965e+03
1.8010563965e+03
1.7932174072e+03
1.7815927734e+03
1.6986010742e+03
2.4361594238e+03
2.5559179688e+03
2.5713835449e+03
2.5809311523e+03
2.5809311523e+03
2.5713835449e+03
2.5559179688e+03
2.4361594238e+03
3.1341728516e+03
3.2624157715e+03
3.2612089844e+03
3.2644038086e+03
3.2644038086e+03
3.2612089844e+03
3.2624157715e+03
3.1341728516e+03
-5.2464624023e+03
-5.0508466797e+03
-5.0871889648e+03
-5.0888027344e+03
-5.0888027344e+03
-5.0871889648e+03
-5.0508466797e+03
-5.2464624023e+03
-4.3459824219e+03
-4.1482753906e+03
-4.1640380859e+03
-4.1594873047e+03
-4.1594873047e+03
-4.1640380859e+03
-4.1482753906e+03
-4.3459824219e+03
-3.5921442871e+03
-3.4275302734e+03
-3.4407543945e+03
-3.4368425293e+03
-3.4368425293e+03
-3.4407543945e+03
-3.4275302734e+03
-3.5921442871e+03
-2.8292385254e+03
-2.6955861816e+03
-2.7060566406e+03
-2.7027878418e+03
-2.7027878418e+03
-2.7060566406e+03
-2.6955861816e+03
-2.8292385254e+03
-2.0784948730e+03
-1.9796258545e+03
-1.9874511719e+03
-1.9852994385e+03
-1.9852994385e+03
-1.9874511719e+03
-1.9796258545e+03
-2.0784948730e+03
-1.3242229004e+03
-1.2604012451e+03
-1.2654306641e+03
-1.2641671143e+03
-1.2641671143e+03
-1.2654306641e+03
-1.2604012451e+03
-1.3242229004e+03
-5.7302026367e+02
-5.4493060303e+02
-5.4738244629e+02
-5.4709057617e+02
-5.4709057617e+02
-5.4738244629e+02
-5.4493060303e+02
-5.7302026367e+02
1.7907278442e+02
1.7230577087e+02
1.7232324219e+02
1.7182388306e+02
1.7182388306e+02
1.7232324219e+02
1.7230577087e+02
1.7907278442e+02
9.2641235352e+02
8.8525231934e+02
8.8741680908e+02
8.8584631348e+02
8.8584631348e+02
8.8741680908e+02
8.8525231934e+02
9.2641235352e+02
1.6777042236e+03
1.6054077148e+03
1.6098769531e+03
1.6074669189e+03
1.6074669189e+03
1.6098769531e+03
1.6054077148e+03
1.6777042236e+03
2.4174575195e+03
2.3128200684e+03
2.3179787598e+03
2.3145942383e+03
2.3145942383e+03
2.3179787598e+03
2.3128200684e+03
2.4174575195e+03
3.2196372070e+03
3.1081931152e+03
3.1296572266e+03
3.1310224609e+03
3.1310224609e+03
3.1296572266e+03
3.1081931152e+03
3.2196372070e+03
-4.6508593750e+03
-4.7937832031e+03
-4.7360297852e+03
-4.7338007812e+03
-4.7338007812e+03
-4.7360297852e+03
-4.7937832031e+03
-4.6508593750e+03
-4.0533586426e+03
-4.1982885742e+03
-4.1562207031e+03
-4.1571762695e+03
-4.1571762695e+03
-4.1562207031e+03
-4.1982885742e+03
-4.0533586426e+03
-3.3244841309e+03
-3.4430749512e+03
-3.4053012695e+03
-3.4046948242e+03
-3.4046948242e+03
-3.4053012695e+03
-3.4430749512e+03
-3.3244841309e+03
-2.6296203613e+03
-2.7265173340e+03
-2.6961665039e+03
-2.6955449219e+03
-2.6955449219e+03
-2.6961665039e+03
-2.7265173340e+03
-2.6296203613e+03
-1.9319997559e+03
-2.0040780029e+03
-1.9816108398e+03
-1.9809320068e+03
-1.9809320068e+03
-1.9816108398e+03
-2.0040780029e+03
-1.9319997559e+03
-1.2459682617e+03
-1.2934270020e+03
-1.2794877930e+03
-1.2791193848e+03
-1.2791193848e+03
-1.2794877930e+03
-1.2934270020e+03
-1.2459682617e+03
-5.6038262939e+02
-5.8265167236e+02
-5.7702307129e+02
-5.7696801758e+02
-5.7696801758e+02
-5.7702307129e+02
-5.8265167236e+02
-5.6038262939e+02
1.2140575409e+02
1.2350108337e+02
1.2089063263e+02
1.2040223694e+02
1.2040223694e+02
1.2089063263e+02
1.2350108337e+02
1.2140575409e+02
8.0825689697e+02
8.3472576904e+02
8.2444183350e+02
8.2375970459e+02
8.2375970459e+02
8.2444183350e+02
8.3472576904e+02
8.0825689697e+02
1.4913621826e+03
1.5394321289e+03
1.5215494385e+03
1.5206259766e+03
1.5206259766e+03
1.5215494385e+03
1.5394321289e+03
1.4913621826e+03
2.1942009277e+03
2.2668886719e+03
2.2452541504e+03
2.2453876953e+03
2.2453876953e+03
2.2452541504e+03
2.2668886719e+03
2.1942009277e+03
2.8314519043e+03
2.9095854492e+03
2.8741699219e+03
2.8717612305e+03
2.8717612305e+03
2.8741699219e+03
2.9095854492e+03
2.8314519043e+03
-4.6031689453e+03
-4.5111040039e+03
-4.5762500000e+03
-4.5749667969e+03
-4.5749667969e+03
-4.5762500000e+03
-4.5111040039e+03
-4.6031689453e+03
-3.8623564453e+03
-3.7686088867e+03
-3.8220686035e+03
-3.8196721191e+03
-3.8196721191e+03
-3.8220686035e+03
-3.7686088867e+03
-3.8623564453e+03
-3.2418583984e+03
-3.1675695801e+03
-3.2160100098e+03
-3.2158781738e+03
-3.2158781738e+03
-3.2160100098e+03
-3.1675695801e+03
-3.2418583984e+03
-2.5823425293e+03
-2.5215600586e+03
-2.5606882324e+03
-2.5607888184e+03
-2.5607888184e+03
-2.5606882324e+03
-2.5215600586e+03
-2.5823425293e+03
-1.9316430664e+03
-1.8872247314e+03
-1.9167269287e+03
-1.9171972656e+03
-1.9171972656e+03
-1.9167269287e+03
-1.8872247314e+03
-1.9316430664e+03
-1.2729270020e+03
-1.2443497314e+03
-1.2634468994e+03
-1.2639989014e+03
-1.2639989014e+03
-1.2634468994e+03
-1.2443497314e+03
-1.2729270020e+03
-6.1770324707e+02
-6.0549127197e+02
-6.1449432373e+02
-6.1512237549e+02
-6.1512237549e+02
-6.1449432373e+02
-6.0549127197e+02
-6.1770324707e+02
4.0264835358e+01
3.6902404785e+01
3.7984046936e+01
3.7569839478e+01
3.7569839478e+01
3.7984046936e+01
3.6902404785e+01
4.0264835358e+01
6.9235754395e+02
6.7307214355e+02
6.8364099121e+02
6.8313641357e+02
6.8313641357e+02
6.8364099121e+02
6.7307214355e+02
6.9235754395e+02
1.3500562744e+03
1.3172545166e+03
1.3375257568e+03
1.3370715332e+03
1.3370715332e+03
1.3375257568e+03
1.3172545166e+03
1.3500562744e+03
1.9846260986e+03
1.9346340332e+03
1.9598555908e+03
1.9577763672e+03
1.9577763672e+03
1.9598555908e+03
1.9346340332e+03
1.9846260986e+03
2.6822021484e+03
2.6273334961e+03
2.6630061035e+03
2.6615185547e+03
2.6615185547e+03
2.6630061035e+03
2.6273334961e+03
2.6822021484e+03
-4.1361704102e+03
-4.2027900391e+03
-4.1483637695e+03
-4.1575898438e+03
-4.1575898438e+03
-4.1483637695e+03
-4.2027900391e+03
-4.1361704102e+03
-3.6089443359e+03
-3.6745678711e+03
-3.6273193359e+03
-3.6361052246e+03
-3.6361052246e+03
-3.6273193359e+03
-3.6745678711e+03
-3.6089443359e+03
-2.9839916992e+03
-3.0346296387e+03
-2.9914052734e+03
-2.9970361328e+03
-2.9970361328e+03
-2.9914052734e+03
-3.0346296387e+03
-2.9839916992e+03
-2.4050156250e+03
-2.4468266602e+03
-2.4122346191e+03
-2.4167504883e+03
-2.4167504883e+03
-2.4122346191e+03
-2.4468266602e+03
-2.4050156250e+03
-1.8156864014e+03
-1.8460384521e+03
-1.8199625244e+03
-1.8230534668e+03
-1.8230534668e+03
-1.8199625244e+03
-1.8460384521e+03
-1.8156864014e+03
-1.2346733398e+03
-1.2542650146e+03
-1.2375789795e+03
-1.2394000244e+03
-1.2394000244e+03
-1.2375789795e+03
-1.2542650146e+03
-1.2346733398e+03
-6.4899658203e+02
-6.5734088135e+02
-6.4960119629e+02
-6.5016723633e+02
-6.5016723633e+02
-6.4960119629e+02
-6.5734088135e+02
-6.4899658203e+02
-6.5927803040e+01
-6.3806365967e+01
-6.5044609070e+01
-6.4710357666e+01
-6.4710357666e+01
-6.5044609070e+01
-6.3806365967e+01
-6.5927803040e+01
5.2439147949e+02
5.3761804199e+02
5.2789526367e+02
5.2939105225e+02
5.2939105225e+02
5.2789526367e+02
5.3761804199e+02
5.2439147949e+02
1.1097069092e+03
1.1318054199e+03
1.1129489746e+03
1.1151448975e+03
1.1151448975e+03
1.1129489746e+03
1.1318054199e+03
1.1097069092e+03
1.7237913818e+03
1.7583300781e+03
1.7344475098e+03
1.7387210693e+03
1.7387210693e+03
1.7344475098e+03
1.7583300781e+03
1.7237913818e+03
2.2913647461e+03
2.3294560547e+03
2.2971726074e+03
2.3019094238e+03
2.3019094238e+03
2.2971726074e+03
2.3294560547e+03
2.2913647461e+03
-3.8410781250e+03
-3.7971606445e+03
-3.8436267090e+03
-3.8313352051e+03
-3.8313352051e+03
-3.8436267090e+03
-3.7971606445e+03
-3.8410781250e+03
-3.2781770020e+03
-3.2342326660e+03
-3.2747575684e+03
-3.2630488281e+03
-3.2630488281e+03
-3.2747575684e+03
-3.2342326660e+03
-3.2781770020e+03
-2.7944809570e+03
-2.7610317383e+03
-2.7974262695e+03
-2.7886457520e+03
-2.7886457520e+03
-2.7974262695e+03
-2.7610317383e+03
-2.7944809570e+03
-2.2650322266e+03
-2.2365612793e+03
-2.2650666504e+03
-2.2576093750e+03
-2.2576093750e+03
-2.2650666504e+03
-2.2365612793e+03
-2.2650322266e+03
-1.7485217285e+03
-1.7277526855e+03
-1.7490168457e+03
-1.7435296631e+03
-1.7435296631e+03
-1.7490168457e+03
-1.7277526855e+03
-1.7485217285e+03
-1.2227640381e+03
-1.2089494629e+03
-1.2221158447e+03
-1.2185872803e+03
-1.2185872803e+03
-1.2221158447e+03
-1.2089494629e+03
-1.2227640381e+03
-7.0041168213e+02
-6.9405499268e+02
-6.9973077393e+02
-6.9815118408e+02
-6.9815118408e+02
-6.9973077393e+02
-6.9405499268e+02
-7.0041168213e+02
-1.7198609924e+02
-1.7229389954e+02
-1.7045838928e+02
-1.7044305420e+02
-1.7044305420e+02
-1.7045838928e+02
-1.7229389954e+02
-1.7198609924e+02
3.5316833496e+02
3.4537402344e+02
3.5426373291e+02
3.5240957642e+02
3.5240957642e+02
3.5426373291e+02
3.4537402344e+02
3.5316833496e+02
8.8984515381e+02
8.7653936768e+02
8.9335656738e+02
8.9014331055e+02
8.9014331055e+02
8.9335656738e+02
8.7653936768e+02
8.8984515381e+02
1.4042381592e+03
1.3822363281e+03
1.4031879883e+03
1.3974084473e+03
1.3974084473e+03
1.4031879883e+03
1.3822363281e+03
1.4042381592e+03
1.9616171875e+03
1.9352890625e+03
1.9617302246e+03
1.9544869385e+03
1.9544869385e+03
1.9617302246e+03
1.9352890625e+03
1.9616171875e+03
-3.3633544922e+03
-3.3958205566e+03
-3.3608815918e+03
-3.3755615234e+03
-3.3755615234e+03
-3.3608815918e+03
-3.3958205566e+03
-3.3633544922e+03
-2.9645874023e+03
-2.9943481445e+03
-2.9623354492e+03
-2.9757744141e+03
-2.9757744141e+03
-2.9623354492e+03
-2.9943481445e+03
-2.9645874023e+03
-2.4992268066e+03
-2.5207883301e+03
-2.4914052734e+03
-2.5016018066e+03
-2.5016018066e+03
-2.4914052734e+03
-2.5207883301e+03
-2.4992268066e+03
-2.0740290527e+03
-2.0922470703e+03
-2.0690363770e+03
-2.0774316406e+03
-2.0774316406e+03
-2.0690363770e+03
-2.0922470703e+03
-2.0740290527e+03
-1.6303995361e+03
-1.6428156738e+03
-1.6249339600e+03
-1.6308770752e+03
-1.6308770752e+03
-1.6249339600e+03
-1.6428156738e+03
-1.6303995361e+03
-1.1923392334e+03
-1.1997487793e+03
-1.1882419434e+03
-1.1917006836e+03
-1.1917006836e+03
-1.1882419434e+03
-1.1997487793e+03
-1.1923392334e+03
-7.4606652832e+02
-7.4803070068e+02
-7.4217382812e+02
-7.4323419189e+02
-7.4323419189e+02
-7.4217382812e+02
-7.4803070068e+02
-7.4606652832e+02
-3.0131216431e+02
-2.9868447876e+02
-2.9849920654e+02
-2.9761822510e+02
-2.9761822510e+02
-2.9849920654e+02
-2.9868447876e+02
-3.0131216431e+02
1.5229808044e+02
1.6046343994e+02
1.5526544189e+02
1.5842744446e+02
1.5842744446e+02
1.5526544189e+02
1.6046343994e+02
1.5229808044e+02
5.9960388184e+02
6.1141540527e+02
5.9973175049e+02
6.0446301270e+02
6.0446301270e+02
5.9973175049e+02
6.1141540527e+02
5.9960388184e+02
1.0740623779e+03
1.0919846191e+03
1.0763248291e+03
1.0833420410e+03
1.0833420410e+03
1.0763248291e+03
1.0919846191e+03
1.0740623779e+03
1.5244178467e+03
1.5444508057e+03
1.5236370850e+03
1.5319373779e+03
1.5319373779e+03
1.5236370850e+03
1.5444508057e+03
1.5244178467e+03
-2.9465832520e+03
-2.9238500977e+03
-2.9516706543e+03
-2.9378085938e+03
-2.9378085938e+03
-2.9516706543e+03
-2.9238500977e+03
-2.9465832520e+03
-2.5740800781e+03
-2.5514365234e+03
-2.5756289062e+03
-2.5623066406e+03
-2.5623066406e+03
-2.5756289062e+03
-2.5514365234e+03
-2.5740800781e+03
-2.2486391602e+03
-2.2312617188e+03
-2.2523637695e+03
-2.2414313965e+03
-2.2414313965e+03
-2.2523637695e+03
-2.2312617188e+03
-2.2486391602e+03
-1.8817735596e+03
-1.8659029541e+03
-1.8816466064e+03
-1.8721563721e+03
-1.8721563721e+03
-1.8816466064e+03
-1.8659029541e+03
-1.8817735596e+03
-1.5288121338e+03
-1.5169354248e+03
-1.5284444580e+03
-1.5212716064e+03
-1.5212716064e+03
-1.5284444580e+03
-1.5169354248e+03
-1.5288121338e+03
-1.1639837646e+03
-1.1553883057e+03
-1.1615830078e+03
-1.1568605957e+03
-1.1568605957e+03
-1.1615830078e+03
-1.1553883057e+03
-1.1639837646e+03
-8.0114514160e+02
-7.9624780273e+02
-7.9805108643e+02
-7.9565319824e+02
-7.9565319824e+02
-7.9805108643e+02
-7.9624780273e+02
-8.0114514160e+02
-4.2957818604e+02
-4.2749209595e+02
-4.2497650146e+02
-4.2442309570e+02
-4.2442309570e+02
-4.2497650146e+02
-4.2749209595e+02
-4.2957818604e+02
-5.9423786163e+01
-6.1221035004e+01
-5.4646064758e+01
-5.6410331726e+01
-5.6410331726e+01
-5.4646064758e+01
-6.1221035004e+01
-5.9423786163e+01
3.2571301270e+02
3.2156457520e+02
3.3318081665e+02
3.2961764526e+02
3.2961764526e+02
3.3318081665e+02
3.2156457520e+02
3.2571301270e+02
6.9599987793e+02
6.8742028809e+02
7.0163800049e+02
6.9557653809e+02
6.9557653809e+02
7.0163800049e+02
6.8742028809e+02
6.9599987793e+02
1.0940498047e+03
1.0816650391e+03
1.0984753418e+03
1.0905573730e+03
1.0905573730e+03
1.0984753418e+03
1.0816650391e+03
1.0940498047e+03
-2.4389099121e+03
-2.4543403320e+03
-2.4333249512e+03
-2.4458774414e+03
-2.4458774414e+03
-2.4333249512e+03
-2.4543403320e+03
-2.4389099121e+03
-2.2040793457e+03
-2.2164255371e+03
-2.1964221191e+03
-2.2078149414e+03
-2.2078149414e+03
-2.1964221191e+03
-2.2164255371e+03
-2.2040793457e+03
-1.9237452393e+03
-1.9317342529e+03
-1.9131901855e+03
-1.9219836426e+03
-1.9219836426e+03
-1.9131901855e+03
-1.9317342529e+03
-1.9237452393e+03
-1.6723320312e+03
-1.6791711426e+03
-1.6644515381e+03
-1.6716223145e+03
-1.6716223145e+03
-1.6644515381e+03
-1.6791711426e+03
-1.6723320312e+03
-1.3990057373e+03
-1.4026446533e+03
-1.3907846680e+03
-1.3956595459e+03
-1.3956595459e+03
-1.3907846680e+03
-1.4026446533e+03
-1.3990057373e+03
-1.1298536377e+03
-1.1309741211e+03
-1.1233380127e+03
-1.1257862549e+03
-1.1257862549e+03
-1.1233380127e+03
-1.1309741211e+03
-1.1298536377e+03
-8.5025378418e+02
-8.4858441162e+02
-8.4410937500e+02
-8.4439636230e+02
-8.4439636230e+02
-8.4410937500e+02
-8.4858441162e+02
-8.5025378418e+02
-5.7075360107e+02
-5.6729046631e+02
-5.6585339355e+02
-5.6456304932e+02
-5.6456304932e+02
-5.6585339355e+02
-5.6729046631e+02
-5.7075360107e+02
-2.8054052734e+02
-2.7416061401e+02
-2.7576281738e+02
-2.7237402344e+02
-2.7237402344e+02
-2.7576281738e+02
-2.7416061401e+02
-2.8054052734e+02
4.6770057678e+00
1.2507895470e+01
6.7951278687e+00
1.1643119812e+01
1.1643119812e+01
6.7951278687e+00
1.2507895470e+01
4.6770057678e+00
3.1211795044e+02
3.2273953247e+02
3.1413040161e+02
3.2071292114e+02
3.2071292114e+02
3.1413040161e+02
3.2273953247e+02
3.1211795044e+02
6.1028381348e+02
6.2161297607e+02
6.0948779297e+02
6.1711779785e+02
6.1711779785e+02
6.0948779297e+02
6.2161297607e+02
6.1028381348e+02
-1.9581921387e+03
-1.9456795654e+03
-1.9614140625e+03
-1.9506297607e+03
-1.9506297607e+03
-1.9614140625e+03
-1.9456795654e+03
-1.9581921387e+03
-1.7826822510e+03
-1.7697869873e+03
-1.7828719482e+03
-1.7722984619e+03
-1.7722984619e+03
-1.7828719482e+03
-1.7697869873e+03
-1.7826822510e+03
-1.6328552246e+03
-1.6223521729e+03
-1.6331879883e+03
-1.6241894531e+03
-1.6241894531e+03
-1.6331879883e+03
-1.6223521729e+03
-1.6328552246e+03
-1.4490002441e+03
-1.4386834717e+03
-1.4461593018e+03
-1.4381918945e+03
-1.4381918945e+03
-1.4461593018e+03
-1.4386834717e+03
-1.4490002441e+03
-1.2768350830e+03
-1.2687467041e+03
-1.2739270020e+03
-1.2678424072e+03
-1.2678424072e+03
-1.2739270020e+03
-1.2687467041e+03
-1.2768350830e+03
-1.0906085205e+03
-1.0842751465e+03
-1.0857513428e+03
-1.0818078613e+03
-1.0818078613e+03
-1.0857513428e+03
-1.0842751465e+03
-1.0906085205e+03
-9.0499743652e+02
-9.0058984375e+02
-8.9970190430e+02
-8.9756018066e+02
-8.9756018066e+02
-8.9970190430e+02
-9.0058984375e+02
-9.0499743652e+02
-7.0915588379e+02
-7.0561450195e+02
-7.0267456055e+02
-7.0171533203e+02
-7.0171533203e+02
-7.0267456055e+02
-7.0561450195e+02
-7.0915588379e+02
-5.1357110596e+02
-5.1216186523e+02
-5.0709188843e+02
-5.0799758911e+02
-5.0799758911e+02
-5.0709188843e+02
-5.1216186523e+02
-5.1357110596e+02
-3.0261547852e+02
-3.0231411743e+02
-2.9431253052e+02
-2.9675537109e+02
-2.9675537109e+02
-2.9431253052e+02
-3.0231411743e+02
-3.0261547852e+02
-9.9212287903e+01
-1.0123127747e+02
-9.1876708984e+01
-9.6287696838e+01
-9.6287696838e+01
-9.1876708984e+01
-1.0123127747e+02
-9.9212287903e+01
1.2303203583e+02
1.1775553131e+02
1.2806607056e+02
1.2202964783e+02
1.2202964783e+02
1.2806607056e+02
1.1775553131e+02
1.2303203583e+02
-1.4336184082e+03
-1.4402301025e+03
-1.4277255859e+03
-1.4362009277e+03
-1.4362009277e+03
-1.4277255859e+03
-1.4402301025e+03
-1.4336184082e+03
-1.3795515137e+03
-1.3832635498e+03
-1.3708400879e+03
-1.3783503418e+03
-1.3783503418e+03
-1.3708400879e+03
-1.3832635498e+03
-1.3795515137e+03
-1.2934791260e+03
-1.2949104004e+03
-1.2831134033e+03
-1.2887408447e+03
-1.2887408447e+03
-1.2831134033e+03
-1.2949104004e+03
-1.2934791260e+03
-1.2257833252e+03
-1.2268986816e+03
-1.2172655029e+03
-1.2217304688e+03
-1.2217304688e+03
-1.2172655029e+03
-1.2268986816e+03
-1.2257833252e+03
-1.1365291748e+03
-1.1357614746e+03
-1.1275769043e+03
-1.1303084717e+03
-1.1303084717e+03
-1.1275769043e+03
-1.1357614746e+03
-1.1365291748e+03
-1.0504956055e+03
-1.0481812744e+03
-1.0431826172e+03
-1.0439046631e+03
-1.0439046631e+03
-1.0431826172e+03
-1.0481812744e+03
-1.0504956055e+03
-9.5291473389e+02
-9.4914215088e+02
-9.4577801514e+02
-9.4501672363e+02
-9.4501672363e+02
-9.4577801514e+02
-9.4914215088e+02
-9.5291473389e+02
-8.5436450195e+02
-8.5038043213e+02
-8.4820837402e+02
-8.4672296143e+02
-8.4672296143e+02
-8.4820837402e+02
-8.5038043213e+02
-8.5436450195e+02
-7.4432012939e+02
-7.3880389404e+02
-7.3828137207e+02
-7.3535205078e+02
-7.3535205078e+02
-7.3828137207e+02
-7.3880389404e+02
-7.4432012939e+02
-6.3705157471e+02
-6.3100488281e+02
-6.3304028320e+02
-6.2912091064e+02
-6.2912091064e+02
-6.3304028320e+02
-6.3100488281e+02
-6.3705157471e+02
-5.1236181641e+02
-5.0521343994e+02
-5.0932037354e+02
-5.0435992432e+02
-5.0435992432e+02
-5.0932037354e+02
-5.0521343994e+02
-5.1236181641e+02
-3.8881478882e+02
-3.8203491211e+02
-3.8876306152e+02
-3.8321774292e+02
-3.8321774292e+02
-3.8876306152e+02
-3.8203491211e+02
-3.8881478882e+02
-9.2668035889e+02
-9.1927514648e+02
-9.2773260498e+02
-9.2054785156e+02
-9.2054785156e+02
-9.2773260498e+02
-9.1927514648e+02
-9.2668035889e+02
-9.4748876953e+02
-9.3928637695e+02
-9.4565802002e+02
-9.3845245361e+02
-9.3845245361e+02
-9.4565802002e+02
-9.3928637695e+02
-9.4748876953e+02
-9.8081341553e+02
-9.7355261230e+02
-9.7832604980e+02
-9.7202496338e+02
-9.7202496338e+02
-9.7832604980e+02
-9.7355261230e+02
-9.8081341553e+02
-9.8749346924e+02
-9.7999438477e+02
-9.8278759766e+02
-9.7705780029e+02
-9.7705780029e+02
-9.8278759766e+02
-9.7999438477e+02
-9.8749346924e+02
-1.0025586548e+03
-9.9642376709e+02
-9.9796899414e+02
-9.9357104492e+02
-9.9357104492e+02
-9.9796899414e+02
-9.9642376709e+02
-1.0025586548e+03
-1.0029935303e+03
-9.9823382568e+02
-9.9672570801e+02
-9.9411389160e+02
-9.9411389160e+02
-9.9672570801e+02
-9.9823382568e+02
-1.0029935303e+03
-1.0033850098e+03
-9.9967626953e+02
-9.9705072021e+02
-9.9559252930e+02
-9.9559252930e+02
-9.9705072021e+02
-9.9967626953e+02
-1.0033850098e+03
-9.9334600830e+02
-9.8928912354e+02
-9.8629394531e+02
-9.8517449951e+02
-9.8517449951e+02
-9.8629394531e+02
-9.8928912354e+02
-9.9334600830e+02
-9.8281280518e+02
-9.7995483398e+02
-9.7597406006e+02
-9.7608679199e+02
-9.7608679199e+02
-9.7597406006e+02
-9.7995483398e+02
-9.8281280518e+02
-9.5837921143e+02
-9.5618707275e+02
-9.5057861328e+02
-9.5180810547e+02
-9.5180810547e+02
-9.5057861328e+02
-9.5618707275e+02
-9.5837921143e+02
-9.3665270996e+02
-9.3577819824e+02
-9.2968371582e+02
-9.3231890869e+02
-9.3231890869e+02
-9.2968371582e+02
-9.3577819824e+02
-9.3665270996e+02
-9.0139984131e+02
-9.0329193115e+02
-8.9716003418e+02
-9.0106793213e+02
-9.0106793213e+02
-8.9716003418e+02
-9.0329193115e+02
-9.0139984131e+02
-4.0450698853e+02
-4.0678524780e+02
-3.9943756104e+02
-4.0447515869e+02
-4.0447515869e+02
-3.9943756104e+02
-4.0678524780e+02
-4.0450698853e+02
-5.3414849854e+02
-5.3395440674e+02
-5.2625854492e+02
-5.3051672363e+02
-5.3051672363e+02
-5.2625854492e+02
-5.3395440674e+02
-5.3414849854e+02
-6.4081658936e+02
-6.3945056152e+02
-6.3188867188e+02
-6.3484924316e+02
-6.3484924316e+02
-6.3188867188e+02
-6.3945056152e+02
-6.4081658936e+02
-7.5807550049e+02
-7.5671447754e+02
-7.5025683594e+02
-7.5249768066e+02
-7.5249768066e+02
-7.5025683594e+02
-7.5671447754e+02
-7.5807550049e+02
-8.5645391846e+02
-8.5389385986e+02
-8.4822937012e+02
-8.4927050781e+02
-8.4927050781e+02
-8.4822937012e+02
-8.5389385986e+02
-8.5645391846e+02
-9.5742181396e+02
-9.5335461426e+02
-9.5066687012e+02
-9.4999121094e+02
-9.4999121094e+02
-9.5066687012e+02
-9.5335461426e+02
-9.5742181396e+02
-1.0469279785e+03
-1.0421120605e+03
-1.0401409912e+03
-1.0385994873e+03
-1.0385994873e+03
-1.0401409912e+03
-1.0421120605e+03
-1.0469279785e+03
-1.1350306396e+03
-1.1312021484e+03
-1.1289451904e+03
-1.1275185547e+03
-1.1275185547e+03
-1.1289451904e+03
-1.1312021484e+03
-1.1350306396e+03
-1.2124454346e+03
-1.2078914795e+03
-1.2064595947e+03
-1.2042126465e+03
-1.2042126465e+03
-1.2064595947e+03
-1.2078914795e+03
-1.2124454346e+03
-1.2910499268e+03
-1.2863189697e+03
-1.2865311279e+03
-1.2837275391e+03
-1.2837275391e+03
-1.2865311279e+03
-1.2863189697e+03
-1.2910499268e+03
-1.3564322510e+03
-1.3514085693e+03
-1.3530804443e+03
-1.3497872314e+03
-1.3497872314e+03
-1.3530804443e+03
-1.3514085693e+03
-1.3564322510e+03
-1.4194985352e+03
-1.4154614258e+03
-1.4191616211e+03
-1.4156538086e+03
-1.4156538086e+03
-1.4191616211e+03
-1.4154614258e+03
-1.4194985352e+03
9.8648185730e+01
1.0323506165e+02
9.8907630920e+01
1.0327602386e+02
1.0327602386e+02
9.8907630920e+01
1.0323506165e+02
9.8648185730e+01
-1.1036212158e+02
-1.0482521057e+02
-1.0752865601e+02
-1.0303451538e+02
-1.0303451538e+02
-1.0752865601e+02
-1.0482521057e+02
-1.1036212158e+02
-3.2446447754e+02
-3.1922045898e+02
-3.2081500244e+02
-3.1679446411e+02
-3.1679446411e+02
-3.2081500244e+02
-3.1922045898e+02
-3.2446447754e+02
-5.1852679443e+02
-5.1296618652e+02
-5.1350457764e+02
-5.0971124268e+02
-5.0971124268e+02
-5.1350457764e+02
-5.1296618652e+02
-5.1852679443e+02
-7.1811108398e+02
-7.1353820801e+02
-7.1329266357e+02
-7.1039721680e+02
-7.1039721680e+02
-7.1329266357e+02
-7.1353820801e+02
-7.1811108398e+02
-9.0412365723e+02
-9.0138696289e+02
-8.9802465820e+02
-8.9676367188e+02
-8.9676367188e+02
-8.9802465820e+02
-9.0138696289e+02
-9.0412365723e+02
-1.0903641357e+03
-1.0882297363e+03
-1.0845183105e+03
-1.0839143066e+03
-1.0839143066e+03
-1.0845183105e+03
-1.0882297363e+03
-1.0903641357e+03
-1.2674361572e+03
-1.2638083496e+03
-1.2612034912e+03
-1.2602036133e+03
-1.2602036133e+03
-1.2612034912e+03
-1.2638083496e+03
-1.2674361572e+03
-1.4437447510e+03
-1.4407552490e+03
-1.4378756104e+03
-1.4375988770e+03
-1.4375988770e+03
-1.4378756104e+03
-1.4407552490e+03
-1.4437447510e+03
-1.6087305908e+03
-1.6062918701e+03
-1.6025072021e+03
-1.6030014648e+03
-1.6030014648e+03
-1.6025072021e+03
-1.6062918701e+03
-1.6087305908e+03
-1.7742365723e+03
-1.7726387939e+03
-1.7688989258e+03
-1.7703356934e+03
-1.7703356934e+03
-1.7688989258e+03
-1.7726387939e+03
-1.7742365723e+03
-1.9301297607e+03
-1.9308282471e+03
-1.9274935303e+03
-1.9298778076e+03
-1.9298778076e+03
-1.9274935303e+03
-1.9308282471e+03
-1.9301297607e+03
5.9674157715e+02
5.9628710938e+02
6.0044329834e+02
5.9766412354e+02
5.9766412354e+02
6.0044329834e+02
5.9628710938e+02
5.9674157715e+02
2.9115170288e+02
2.9260562134e+02
2.9722720337e+02
2.9503884888e+02
2.9503884888e+02
2.9722720337e+02
2.9260562134e+02
2.9115170288e+02
1.9315290451e+00
3.9297468662e+00
8.6118860245e+00
7.2876939774e+00
7.2876939774e+00
8.6118860245e+00
3.9297468662e+00
1.9315290451e+00
-2.9303717041e+02
-2.9119879150e+02
-2.8699520874e+02
-2.8796127319e+02
-2.8796127319e+02
-2.8699520874e+02
-2.9119879150e+02
-2.9303717041e+02
-5.7297845459e+02
-5.7027673340e+02
-5.6669494629e+02
-5.6688995361e+02
-5.6688995361e+02
-5.6669494629e+02
-5.7027673340e+02
-5.7297845459e+02
-8.5557843018e+02
-8.5057141113e+02
-8.5040374756e+02
-8.4897778320e+02
-8.4897778320e+02
-8.5040374756e+02
-8.5057141113e+02
-8.5557843018e+02
-1.1278386230e+03
-1.1225023193e+03
-1.1225177002e+03
-1.1206562500e+03
-1.1206562500e+03
-1.1225177002e+03
-1.1225023193e+03
-1.1278386230e+03
-1.3987883301e+03
-1.3958544922e+03
-1.3941632080e+03
-1.3930847168e+03
-1.3930847168e+03
-1.3941632080e+03
-1.3958544922e+03
-1.3987883301e+03
-1.6614758301e+03
-1.6583524170e+03
-1.6569459229e+03
-1.6554669189e+03
-1.6554669189e+03
-1.6569459229e+03
-1.6583524170e+03
-1.6614758301e+03
-1.9249680176e+03
-1.9217751465e+03
-1.9215074463e+03
-1.9197430420e+03
-1.9197430420e+03
-1.9215074463e+03
-1.9217751465e+03
-1.9249680176e+03
-2.1792009277e+03
-2.1760617676e+03
-2.1767775879e+03
-2.1748798828e+03
-2.1748798828e+03
-2.1767775879e+03
-2.1760617676e+03
-2.1792009277e+03
-2.4307836914e+03
-2.4288161621e+03
-2.4310800781e+03
-2.4291733398e+03
-2.4291733398e+03
-2.4310800781e+03
-2.4288161621e+03
-2.4307836914e+03
1.0685301514e+03
1.0712351074e+03
1.0690312500e+03
1.0714641113e+03
1.0714641113e+03
1.0690312500e+03
1.0712351074e+03
1.0685301514e+03
6.8677569580e+02
6.9032348633e+02
6.8929205322e+02
6.9186376953e+02
6.9186376953e+02
6.8929205322e+02
6.9032348633e+02
6.8677569580e+02
3.0350650024e+02
3.0698110962e+02
3.0669366455e+02
3.0901217651e+02
3.0901217651e+02
3.0669366455e+02
3.0698110962e+02
3.0350650024e+02
-6.5497901917e+01
-6.1786544800e+01
-6.1628982544e+01
-5.9308349609e+01
-5.9308349609e+01
-6.1628982544e+01
-6.1786544800e+01
-6.5497901917e+01
-4.3828363037e+02
-4.3545809937e+02
-4.3464984131e+02
-4.3287609863e+02
-4.3287609863e+02
-4.3464984131e+02
-4.3545809937e+02
-4.3828363037e+02
-7.9944134521e+02
-7.9987304688e+02
-7.9531683350e+02
-7.9518347168e+02
-7.9518347168e+02
-7.9531683350e+02
-7.9987304688e+02
-7.9944134521e+02
-1.1621818848e+03
-1.1629721680e+03
-1.1585166016e+03
-1.1587377930e+03
-1.1587377930e+03
-1.1585166016e+03
-1.1629721680e+03
-1.1621818848e+03
-1.5185836182e+03
-1.5162042236e+03
-1.5143710938e+03
-1.5136639404e+03
-1.5136639404e+03
-1.5143710938e+03
-1.5162042236e+03
-1.5185836182e+03
-1.8742374268e+03
-1.8721179199e+03
-1.8704920654e+03
-1.8702283936e+03
-1.8702283936e+03
-1.8704920654e+03
-1.8721179199e+03
-1.8742374268e+03
-2.2219382324e+03
-2.2203486328e+03
-2.2181821289e+03
-2.2184753418e+03
-2.2184753418e+03
-2.2181821289e+03
-2.2203486328e+03
-2.2219382324e+03
-2.5700913086e+03
-2.5690996094e+03
-2.5672551270e+03
-2.5681323242e+03
-2.5681323242e+03
-2.5672551270e+03
-2.5690996094e+03
-2.5700913086e+03
-2.9123339844e+03
-2.9131437988e+03
-2.9118098145e+03
-2.9133593750e+03
-2.9133593750e+03
-2.9118098145e+03
-2.9131437988e+03
-2.9123339844e+03
1.5180352783e+03
1.5179738770e+03
1.5200505371e+03
1.5185169678e+03
1.5185169678e+03
1.5200505371e+03
1.5179738770e+03
1.5180352783e+03
1.0534702148e+03
1.0546878662e+03
1.0571466064e+03
1.0560075684e+03
1.0560075684e+03
1.0571466064e+03
1.0546878662e+03
1.0534702148e+03
6.0003033447e+02
6.0139569092e+02
6.0389910889e+02
6.0330438232e+02
6.0330438232e+02
6.0389910889e+02
6.0139569092e+02
6.0003033447e+02
1.4327861023e+02
1.4445581055e+02
1.4678306580e+02
1.4624955750e+02
1.4624955750e+02
1.4678306580e+02
1.4445581055e+02
1.4327861023e+02
-3.0261413574e+02
-3.0077404785e+02
-2.9910125732e+02
-2.9929541016e+02
-2.9929541016e+02
-2.9910125732e+02
-3.0077404785e+02
-3.0261413574e+02
-7.5251806641e+02
-7.4639318848e+02
-7.4907635498e+02
-7.4767285156e+02
-7.4767285156e+02
-7.4907635498e+02
-7.4639318848e+02
-7.5251806641e+02
-1.1935391846e+03
-1.1873610840e+03
-1.1899843750e+03
-1.1883928223e+03
-1.1883928223e+03
-1.1899843750e+03
-1.1873610840e+03
-1.1935391846e+03
-1.6332952881e+03
-1.6318402100e+03
-1.6312332764e+03
-1.6308549805e+03
-1.6308549805e+03
-1.6312332764e+03
-1.6318402100e+03
-1.6332952881e+03
-2.0689479980e+03
-2.0676552734e+03
-2.0669816895e+03
-2.0663408203e+03
-2.0663408203e+03
-2.0669816895e+03
-2.0676552734e+03
-2.0689479980e+03
-2.5060119629e+03
-2.5047375488e+03
-2.5048994141e+03
-2.5040791016e+03
-2.5040791016e+03
-2.5048994141e+03
-2.5047375488e+03
-2.5060119629e+03
-2.9378564453e+03
-2.9367363281e+03
-2.9374929199e+03
-2.9367268066e+03
-2.9367268066e+03
-2.9374929199e+03
-2.9367363281e+03
-2.9378564453e+03
-3.3686867676e+03
-3.3685939941e+03
-3.3704548340e+03
-3.3697426758e+03
-3.3697426758e+03
-3.3704548340e+03
-3.3685939941e+03
-3.3686867676e+03
1.9300792236e+03
1.9313242188e+03
1.9300541992e+03
1.9312395020e+03
1.9312395020e+03
1.9300541992e+03
1.9313242188e+03
1.9300792236e+03
1.3986623535e+03
1.4004398193e+03
1.3998990479e+03
1.4011699219e+03
1.4011699219e+03
1.3998990479e+03
1.4004398193e+03
1.3986623535e+03
8.6693048096e+02
8.6863488770e+02
8.6852380371e+02
8.6963397217e+02
8.6963397217e+02
8.6852380371e+02
8.6863488770e+02
8.6693048096e+02
3.4455255127e+02
3.4615872192e+02
3.4616427612e+02
3.4740405273e+02
3.4740405273e+02
3.4616427612e+02
3.4615872192e+02
3.4455255127e+02
-1.8115977478e+02
-1.8029682922e+02
-1.7981851196e+02
-1.7869651794e+02
-1.7869651794e+02
-1.7981851196e+02
-1.8029682922e+02
-1.8115977478e+02
-6.9664483643e+02
-7.0204278564e+02
-6.9679992676e+02
-6.9731304932e+02
-6.9731304932e+02
-6.9679992676e+02
-7.0204278564e+02
-6.9664483643e+02
-1.2166082764e+03
-1.2222463379e+03
-1.2172679443e+03
-1.2180000000e+03
-1.2180000000e+03
-1.2172679443e+03
-1.2222463379e+03
-1.2166082764e+03
-1.7349106445e+03
-1.7343149414e+03
-1.7335677490e+03
-1.7330958252e+03
-1.7330958252e+03
-1.7335677490e+03
-1.7343149414e+03
-1.7349106445e+03
-2.2517543945e+03
-2.2513010254e+03
-2.2509553223e+03
-2.2509602051e+03
-2.2509602051e+03
-2.2509553223e+03
-2.2513010254e+03
-2.2517543945e+03
-2.7647055664e+03
-2.7645798340e+03
-2.7639318848e+03
-2.7643786621e+03
-2.7643786621e+03
-2.7639318848e+03
-2.7645798340e+03
-2.7647055664e+03
-3.2792956543e+03
-3.2796354980e+03
-3.2793774414e+03
-3.2801491699e+03
-3.2801491699e+03
-3.2793774414e+03
-3.2796354980e+03
-3.2792956543e+03
-3.7918032227e+03
-3.7934047852e+03
-3.7935544434e+03
-3.7947583008e+03
-3.7947583008e+03
-3.7935544434e+03
-3.7934047852e+03
-3.7918032227e+03
2.3035270996e+03
2.3031066895e+03
2.3037517090e+03
2.3027651367e+03
2.3027651367e+03
2.3037517090e+03
2.3031066895e+03
2.3035270996e+03
1.7057324219e+03
1.7060511475e+03
1.7068920898e+03
1.7061433105e+03
1.7061433105e+03
1.7068920898e+03
1.7060511475e+03
1.7057324219e+03
1.1147983398e+03
1.1149798584e+03
1.1158605957e+03
1.1153847656e+03
1.1153847656e+03
1.1158605957e+03
1.1149798584e+03
1.1147983398e+03
5.2123242188e+02
5.2165631104e+02
5.2230487061e+02
5.2174792480e+02
5.2174792480e+02
5.2230487061e+02
5.2165631104e+02
5.2123242188e+02
-6.5011795044e+01
-6.4556953430e+01
-6.4169235229e+01
-6.4987464905e+01
-6.4987464905e+01
-6.4169235229e+01
-6.4556953430e+01
-6.5011795044e+01
-6.5906671143e+02
-6.5016577148e+02
-6.5528955078e+02
-6.5461596680e+02
-6.5461596680e+02
-6.5528955078e+02
-6.5016577148e+02
-6.5906671143e+02
-1.2443801270e+03
-1.2355758057e+03
-1.2407089844e+03
-1.2399543457e+03
-1.2399543457e+03
-1.2407089844e+03
-1.2355758057e+03
-1.2443801270e+03
-1.8269996338e+03
-1.8272791748e+03
-1.8276649170e+03
-1.8283077393e+03
-1.8283077393e+03
-1.8276649170e+03
-1.8272791748e+03
-1.8269996338e+03
-2.4122399902e+03
-2.4124880371e+03
-2.4129938965e+03
-2.4131513672e+03
-2.4131513672e+03
-2.4129938965e+03
-2.4124880371e+03
-2.4122399902e+03
-2.9995642090e+03
-3.0003608398e+03
-3.0013452148e+03
-3.0013967285e+03
-3.0013967285e+03
-3.0013452148e+03
-3.0003608398e+03
-2.9995642090e+03
-3.5859013672e+03
-3.5868105469e+03
-3.5881936035e+03
-3.5883344727e+03
-3.5883344727e+03
-3.5881936035e+03
-3.5868105469e+03
-3.5859013672e+03
-4.1737895508e+03
-4.1754545898e+03
-4.1775083008e+03
-4.1777031250e+03
-4.1777031250e+03
-4.1775083008e+03
-4.1754545898e+03
-4.1737895508e+03
2.6269233398e+03
2.6269252930e+03
2.6258637695e+03
2.6262404785e+03
2.6262404785e+03
2.6258637695e+03
2.6269252930e+03
2.6269233398e+03
1.9768715820e+03
1.9768675537e+03
1.9761625977e+03
1.9764727783e+03
1.9764727783e+03
1.9761625977e+03
1.9768675537e+03
1.9768715820e+03
1.3263846436e+03
1.3263134766e+03
1.3254625244e+03
1.3257114258e+03
1.3257114258e+03
1.3254625244e+03
1.3263134766e+03
1.3263846436e+03
6.8167358398e+02
6.8029827881e+02
6.7975140381e+02
6.7989617920e+02
6.7989617920e+02
6.7975140381e+02
6.8029827881e+02
6.8167358398e+02
3.2454956055e+01
3.1701765060e+01
3.0331254959e+01
3.1009258270e+01
3.1009258270e+01
3.0331254959e+01
3.1701765060e+01
3.2454956055e+01
-6.0449102783e+02
-6.1759057617e+02
-6.1324395752e+02
-6.1412921143e+02
-6.1412921143e+02
-6.1324395752e+02
-6.1759057617e+02
-6.0449102783e+02
-1.2517641602e+03
-1.2651533203e+03
-1.2608864746e+03
-1.2619594727e+03
-1.2619594727e+03
-1.2608864746e+03
-1.2651533203e+03
-1.2517641602e+03
-1.9050571289e+03
-1.9062130127e+03
-1.9075557861e+03
-1.9072874756e+03
-1.9072874756e+03
-1.9075557861e+03
-1.9062130127e+03
-1.9050571289e+03
-2.5527507324e+03
-2.5551582031e+03
-2.5559753418e+03
-2.5565942383e+03
-2.5565942383e+03
-2.5559753418e+03
-2.5551582031e+03
-2.5527507324e+03
-3.2016752930e+03
-3.2032651367e+03
-3.2042949219e+03
-3.2050505371e+03
-3.2050505371e+03
-3.2042949219e+03
-3.2032651367e+03
-3.2016752930e+03
-3.8533996582e+03
-3.8554804688e+03
-3.8565373535e+03
-3.8575214844e+03
-3.8575214844e+03
-3.8565373535e+03
-3.8554804688e+03
-3.8533996582e+03
-4.5068623047e+03
-4.5095424805e+03
-4.5108701172e+03
-4.5120239258e+03
-4.5120239258e+03
-4.5108701172e+03
-4.5095424805e+03
-4.5068623047e+03
2.8956367188e+03
2.8948435059e+03
2.8948186035e+03
2.8941838379e+03
2.8941838379e+03
2.8948186035e+03
2.8948435059e+03
2.8956367188e+03
2.1986015625e+03
2.1983791504e+03
2.1982058105e+03
2.1977966309e+03
2.1977966309e+03
2.1982058105e+03
2.1983791504e+03
2.1986015625e+03
1.5055507812e+03
1.5045351562e+03
1.5050523682e+03
1.5044981689e+03
1.5044981689e+03
1.5050523682e+03
1.5045351562e+03
1.5055507812e+03
8.0885186768e+02
8.1005084229e+02
8.0932061768e+02
8.0933178711e+02
8.0933178711e+02
8.0932061768e+02
8.1005084229e+02
8.0885186768e+02
1.1857755280e+02
1.1626538849e+02
1.1795918274e+02
1.1687246704e+02
1.1687246704e+02
1.1795918274e+02
1.1626538849e+02
1.1857755280e+02
-5.8917736816e+02
-5.7451098633e+02
-5.7904290771e+02
-5.7860058594e+02
-5.7860058594e+02
-5.7904290771e+02
-5.7451098633e+02
-5.8917736816e+02
-1.2836026611e+03
-1.2689178467e+03
-1.2738818359e+03
-1.2733979492e+03
-1.2733979492e+03
-1.2738818359e+03
-1.2689178467e+03
-1.2836026611e+03
-1.9691823730e+03
-1.9720767822e+03
-1.9713081055e+03
-1.9725521240e+03
-1.9725521240e+03
-1.9713081055e+03
-1.9720767822e+03
-1.9691823730e+03
-2.6698327637e+03
-2.6696557617e+03
-2.6713759766e+03
-2.6715246582e+03
-2.6715246582e+03
-2.6713759766e+03
-2.6696557617e+03
-2.6698327637e+03
-3.3709719238e+03
-3.3735478516e+03
-3.3745878906e+03
-3.3753054199e+03
-3.3753054199e+03
-3.3745878906e+03
-3.3735478516e+03
-3.3709719238e+03
-4.0759414062e+03
-4.0781062012e+03
-4.0801201172e+03
-4.0806699219e+03
-4.0806699219e+03
-4.0801201172e+03
-4.0781062012e+03
-4.0759414062e+03
-4.7845170898e+03
-4.7874101562e+03
-4.7895332031e+03
-4.7902084961e+03
-4.7902084961e+03
-4.7895332031e+03
-4.7874101562e+03
-4.7845170898e+03
3.1023278809e+03
3.1011853027e+03
3.0996066895e+03
3.0991235352e+03
3.0991235352e+03
3.0996066895e+03
3.1011853027e+03
3.1023278809e+03
2.3729440918e+03
2.3710402832e+03
2.3701135254e+03
2.3693762207e+03
2.3693762207e+03
2.3701135254e+03
2.3710402832e+03
2.3729440918e+03
1.6416549072e+03
1.6413304443e+03
1.6386527100e+03
1.6385673828e+03
1.6385673828e+03
1.6386527100e+03
1.6413304443e+03
1.6416549072e+03
9.1568579102e+02
9.1052917480e+02
9.1062689209e+02
9.0874694824e+02
9.0874694824e+02
9.1062689209e+02
9.1052917480e+02
9.1568579102e+02
1.7975582886e+02
1.8323164368e+02
1.7718418884e+02
1.7682646179e+02
1.7682646179e+02
1.7718418884e+02
1.8323164368e+02
1.7975582886e+02
-5.3141296387e+02
-5.5240087891e+02
-5.5249157715e+02
-5.5501123047e+02
-5.5501123047e+02
-5.5249157715e+02
-5.5240087891e+02
-5.3141296387e+02
-1.2657022705e+03
-1.2874035645e+03
-1.2871005859e+03
-1.2898095703e+03
-1.2898095703e+03
-1.2871005859e+03
-1.2874035645e+03
-1.2657022705e+03
-2.0206472168e+03
-2.0183953857e+03
-2.0243605957e+03
-2.0248671875e+03
-2.0248671875e+03
-2.0243605957e+03
-2.0183953857e+03
-2.0206472168e+03
-2.7554855957e+03
-2.7621174316e+03
-2.7627329102e+03
-2.7650344238e+03
-2.7650344238e+03
-2.7627329102e+03
-2.7621174316e+03
-2.7554855957e+03
-3.5005021973e+03
-3.5025712891e+03
-3.5060734863e+03
-3.5069206543e+03
-3.5069206543e+03
-3.5060734863e+03
-3.5025712891e+03
-3.5005021973e+03
-4.2469096680e+03
-4.2511137695e+03
-4.2530795898e+03
-4.2547802734e+03
-4.2547802734e+03
-4.2530795898e+03
-4.2511137695e+03
-4.2469096680e+03
-4.9992631836e+03
-5.0031269531e+03
-5.0058120117e+03
-5.0073916016e+03
-5.0073916016e+03
-5.0058120117e+03
-5.0031269531e+03
-4.9992631836e+03
3.2484360352e+03
3.2469443359e+03
3.2460041504e+03
3.2455346680e+03
3.2455346680e+03
3.2460041504e+03
3.2469443359e+03
3.2484360352e+03
2.4938935547e+03
2.4928857422e+03
2.4899665527e+03
2.4894189453e+03
2.4894189453e+03
2.4899665527e+03
2.4928857422e+03
2.4938935547e+03
1.7439425049e+03
1.7363225098e+03
1.7358145752e+03
1.7328294678e+03
1.7328294678e+03
1.7358145752e+03
1.7363225098e+03
1.7439425049e+03
9.8463244629e+02
9.8382928467e+02
9.7508502197e+02
9.7551312256e+02
9.7551312256e+02
9.7508502197e+02
9.8382928467e+02
9.8463244629e+02
2.3999342346e+02
2.1720391846e+02
2.1964205933e+02
2.1709974670e+02
2.1709974670e+02
2.1964205933e+02
2.1720391846e+02
2.3999342346e+02
-5.4867425537e+02
-5.3816479492e+02
-5.4245928955e+02
-5.4182489014e+02
-5.4182489014e+02
-5.4245928955e+02
-5.3816479492e+02
-5.4867425537e+02
-1.3076419678e+03
-1.2964985352e+03
-1.3016805420e+03
-1.3009909668e+03
-1.3009909668e+03
-1.3016805420e+03
-1.2964985352e+03
-1.3076419678e+03
-2.0393958740e+03
-2.0617873535e+03
-2.0602331543e+03
-2.0631955566e+03
-2.0631955566e+03
-2.0602331543e+03
-2.0617873535e+03
-2.0393958740e+03
-2.8154204102e+03
-2.8166352539e+03
-2.8259660645e+03
-2.8259465332e+03
-2.8259465332e+03
-2.8259660645e+03
-2.8166352539e+03
-2.8154204102e+03
-3.5812827148e+03
-3.5903708496e+03
-3.5918715820e+03
-3.5951901855e+03
-3.5951901855e+03
-3.5918715820e+03
-3.5903708496e+03
-3.5812827148e+03
-4.3598217773e+03
-4.3627768555e+03
-4.3671752930e+03
-4.3681157227e+03
-4.3681157227e+03
-4.3671752930e+03
-4.3627768555e+03
-4.3598217773e+03
-5.1405004883e+03
-5.1445800781e+03
-5.1472636719e+03
-5.1482739258e+03
-5.1482739258e+03
-5.1472636719e+03
-5.1445800781e+03
-5.1405004883e+03
3.3270820312e+03
3.3265627441e+03
3.3274604492e+03
3.3286215820e+03
3.3286215820e+03
3.3274604492e+03
3.3265627441e+03
3.3270820312e+03
2.5577709961e+03
2.5617099609e+03
2.5556142578e+03
2.5576589355e+03
2.5576589355e+03
2.5556142578e+03
2.5617099609e+03
2.5577709961e+03
1.8028024902e+03
1.7838659668e+03
1.7915333252e+03
1.7843596191e+03
1.7843596191e+03
1.7915333252e+03
1.7838659668e+03
1.8028024902e+03
1.0135408936e+03
1.0320766602e+03
1.0077205811e+03
1.0161626587e+03
1.0161626587e+03
1.0077205811e+03
1.0320766602e+03
1.0135408936e+03
2.8862359619e+02
2.1684710693e+02
2.4518887329e+02
2.4017526245e+02
2.4017526245e+02
2.4518887329e+02
2.1684710693e+02
2.8862359619e+02
-6.2805932617e+02
-5.4165319824e+02
-5.3755871582e+02
-5.3044281006e+02
-5.3044281006e+02
-5.3755871582e+02
-5.4165319824e+02
-6.2805932617e+02
-1.4005917969e+03
-1.3147770996e+03
-1.3108201904e+03
-1.3037559814e+03
-1.3037559814e+03
-1.3108201904e+03
-1.3147770996e+03
-1.4005917969e+03
-2.0289069824e+03
-2.1025534668e+03
-2.0744409180e+03
-2.0797875977e+03
-2.0797875977e+03
-2.0744409180e+03
-2.1025534668e+03
-2.0289069824e+03
-2.8528464355e+03
-2.8353901367e+03
-2.8610258789e+03
-2.8529189453e+03
-2.8529189453e+03
-2.8610258789e+03
-2.8353901367e+03
-2.8528464355e+03
-3.6139223633e+03
-3.6351083984e+03
-3.6284812012e+03
-3.6364550781e+03
-3.6364550781e+03
-3.6284812012e+03
-3.6351083984e+03
-3.6139223633e+03
-4.4150029297e+03
-4.4133125000e+03
-4.4210932617e+03
-4.4197670898e+03
-4.4197670898e+03
-4.4210932617e+03
-4.4133125000e+03
-4.4150029297e+03
-5.2070019531e+03
-5.2105605469e+03
-5.2111059570e+03
-5.2108950195e+03
-5.2108950195e+03
-5.2111059570e+03
-5.2105605469e+03
-5.2070019531e+03
3.3270820312e+03
3.3265627441e+03
3.3274604492e+03
3.3286215820e+03
3.3286215820e+03
3.3274604492e+03
3.3265627441e+03
3.3270820312e+03
2.5577709961e+03
2.5617099609e+03
2.5556142578e+03
2.5576589355e+03
2.5576589355e+03
2.5556142578e+03
2.5617099609e+03
2.5577709961e+03
1.8028024902e+03
1.7838660889e+03
1.7915333252e+03
1.7843596191e+03
1.7843596191e+03
1.7915333252e+03
1.7838660889e+03
1.8028024902e+03
1.0135408936e+03
1.0320766602e+03
1.0077205811e+03
1.0161626587e+03
1.0161626587e+03
1.0077205811e+03
1.0320766602e+03
1.0135408936e+03
2.8862359619e+02
2.1684710693e+02
2.4518887329e+02
2.4017526245e+02
2.4017526245e+02
2.4518887329e+02
2.1684710693e+02
2.8862359619e+02
-6.2805932617e+02
-5.4165319824e+02
-5.3755871582e+02
-5.3044281006e+02
-5.3044281006e+02
-5.3755871582e+02
-5.4165319824e+02
-6.2805932617e+02
-1.4005917969e+03
-1.3147770996e+03
-1.3108201904e+03
-1.3037559814e+03
-1.3037559814e+03
-1.3108201904e+03
-1.3147770996e+03
-1.4005917969e+03
-2.0289069824e+03
-2.1025534668e+03
-2.0744409180e+03
-2.0797875977e+03
-2.0797875977e+03
-2.0744409180e+03
-2.1025534668e+03
-2.0289069824e+03
-2.8528464355e+03
-2.8353901367e+03
-2.8610258789e+03
-2.8529189453e+03
-2.8529189453e+03
-2.8610258789e+03
-2.8353901367e+03
-2.8528464355e+03
-3.6139223633e+03
-3.6351083984e+03
-3.6284812012e+03
-3.6364550781e+03
-3.6364550781e+03
-3.6284812012e+03
-3.6351083984e+03
-3.6139223633e+03
-4.4150029297e+03
-4.4133125000e+03
-4.4210932617e+03
-4.4197670898e+03
-4.4197670898e+03
-4.4210932617e+03
-4.4133125000e+03
-4.4150029297e+03
-5.2070019531e+03
-5.2105605469e+03
-5.2111059570e+03
-5.2108950195e+03
-5.2108950195e+03
-5.2111059570e+03
-5.2105605469e+03
-5.2070019531e+03
3.2484360352e+03
3.2469443359e+03
3.2460041504e+03
3.2455349121e+03
3.2455349121e+03
3.2460041504e+03
3.2469443359e+03
3.2484360352e+03
2.4938935547e+03
2.4928857422e+03
2.4899665527e+03
2.4894189453e+03
2.4894189453e+03
2.4899665527e+03
2.4928857422e+03
2.4938935547e+03
1.7439425049e+03
1.7363225098e+03
1.7358145752e+03
1.7328294678e+03
1.7328294678e+03
1.7358145752e+03
1.7363225098e+03
1.7439425049e+03
9.8463244629e+02
9.8382928467e+02
9.7508502197e+02
9.7551312256e+02
9.7551312256e+02
9.7508502197e+02
9.8382928467e+02
9.8463244629e+02
2.3999342346e+02
2.1720391846e+02
2.1964205933e+02
2.1709974670e+02
2.1709974670e+02
2.1964205933e+02
2.1720391846e+02
2.3999342346e+02
-5.4867425537e+02
-5.3816479492e+02
-5.4245928955e+02
-5.4182489014e+02
-5.4182489014e+02
-5.4245928955e+02
-5.3816479492e+02
-5.4867425537e+02
-1.3076419678e+03
-1.2964985352e+03
-1.3016805420e+03
-1.3009909668e+03
-1.3009909668e+03
-1.3016805420e+03
-1.2964985352e+03
-1.3076419678e+03
-2.0393958740e+03
-2.0617873535e+03
-2.0602331543e+03
-2.0631955566e+03
-2.0631955566e+03
-2.0602331543e+03
-2.0617873535e+03
-2.0393958740e+03
-2.8154204102e+03
-2.8166352539e+03
-2.8259660645e+03
-2.8259465332e+03
-2.8259465332e+03
-2.8259660645e+03
-2.8166352539e+03
-2.8154204102e+03
-3.5812827148e+03
-3.5903708496e+03
-3.5918715820e+03
-3.5951901855e+03
-3.5951901855e+03
-3.5918715820e+03
-3.5903708496e+03
-3.5812827148e+03
-4.3598217773e+03
-4.3627768555e+03
-4.3671752930e+03
-4.3681157227e+03
-4.3681157227e+03
-4.3671752930e+03
-4.3627768555e+03
-4.3598217773e+03
-5.1405004883e+03
-5.1445800781e+03
-5.1472636719e+03
-5.1482739258e+03
-5.1482739258e+03
-5.1472636719e+03
-5.1445800781e+03
-5.1405004883e+03
3.1023281250e+03
3.1011853027e+03
3.0996066895e+03
3.0991235352e+03
3.0991235352e+03
3.0996066895e+03
3.1011853027e+03
3.1023281250e+03
2.3729440918e+03
2.3710402832e+03
2.3701135254e+03
2.3693762207e+03
2.3693762207e+03
2.3701135254e+03
2.3710402832e+03
2.3729440918e+03
1.6416549072e+03
1.6413305664e+03
1.6386528320e+03
1.6385673828e+03
1.6385673828e+03
1.6386528320e+03
1.6413305664e+03
1.6416549072e+03
9.1568579102e+02
9.1052923584e+02
9.1062689209e+02
9.0874694824e+02
9.0874694824e+02
9.1062689209e+02
9.1052923584e+02
9.1568579102e+02
1.7975582886e+02
1.8323164368e+02
1.7718418884e+02
1.7682646179e+02
1.7682646179e+02
1.7718418884e+02
1.8323164368e+02
1.7975582886e+02
-5.3141296387e+02
-5.5240087891e+02
-5.5249157715e+02
-5.5501123047e+02
-5.5501123047e+02
-5.5249157715e+02
-5.5240087891e+02
-5.3141296387e+02
-1.2657022705e+03
-1.2874035645e+03
-1.2871005859e+03
-1.2898095703e+03
-1.2898095703e+03
-1.2871005859e+03
-1.2874035645e+03
-1.2657022705e+03
-2.0206472168e+03
-2.0183953857e+03
-2.0243605957e+03
-2.0248671875e+03
-2.0248671875e+03
-2.0243605957e+03
-2.0183953857e+03
-2.0206472168e+03
-2.7554855957e+03
-2.7621174316e+03
-2.7627329102e+03
-2.7650344238e+03
-2.7650344238e+03
-2.7627329102e+03
-2.7621174316e+03
-2.7554855957e+03
-3.5005021973e+03
-3.5025712891e+03
-3.5060734863e+03
-3.5069206543e+03
-3.5069206543e+03
-3.5060734863e+03
-3.5025712891e+03
-3.5005021973e+03
-4.2469096680e+03
-4.2511137695e+03
-4.2530795898e+03
-4.2547807617e+03
-4.2547807617e+03
-4.2530795898e+03
-4.2511137695e+03
-4.2469096680e+03
-4.9992631836e+03
-5.0031269531e+03
-5.0058120117e+03
-5.0073916016e+03
-5.0073916016e+03
-5.0058120117e+03
-5.0031269531e+03
-4.9992631836e+03
2.8956367188e+03
2.8948435059e+03
2.8948186035e+03
2.8941838379e+03
2.8941838379e+03
2.8948186035e+03
2.8948435059e+03
2.8956367188e+03
2.1986015625e+03
2.1983791504e+03
2.1982058105e+03
2.1977966309e+03
2.1977966309e+03
2.1982058105e+03
2.1983791504e+03
2.1986015625e+03
1.5055507812e+03
1.5045351562e+03
1.5050524902e+03
1.5044981689e+03
1.5044981689e+03
1.5050524902e+03
1.5045351562e+03
1.5055507812e+03
8.0885186768e+02
8.1005090332e+02
8.0932061768e+02
8.0933178711e+02
8.0933178711e+02
8.0932061768e+02
8.1005090332e+02
8.0885186768e+02
1.1857756042e+02
1.1626539612e+02
1.1795919037e+02
1.1687246704e+02
1.1687246704e+02
1.1795919037e+02
1.1626539612e+02
1.1857756042e+02
-5.8917736816e+02
-5.7451098633e+02
-5.7904290771e+02
-5.7860058594e+02
-5.7860058594e+02
-5.7904290771e+02
-5.7451098633e+02
-5.8917736816e+02
-1.2836026611e+03
-1.2689178467e+03
-1.2738818359e+03
-1.2733979492e+03
-1.2733979492e+03
-1.2738818359e+03
-1.2689178467e+03
-1.2836026611e+03
-1.9691823730e+03
-1.9720767822e+03
-1.9713081055e+03
-1.9725521240e+03
-1.9725521240e+03
-1.9713081055e+03
-1.9720767822e+03
-1.9691823730e+03
-2.6698327637e+03
-2.6696557617e+03
-2.6713759766e+03
-2.6715246582e+03
-2.6715246582e+03
-2.6713759766e+03
-2.6696557617e+03
-2.6698327637e+03
-3.3709719238e+03
-3.3735478516e+03
-3.3745878906e+03
-3.3753054199e+03
-3.3753054199e+03
-3.3745878906e+03
-3.3735478516e+03
-3.3709719238e+03
-4.0759414062e+03
-4.0781062012e+03
-4.0801201172e+03
-4.0806699219e+03
-4.0806699219e+03
-4.0801201172e+03
-4.0781062012e+03
-4.0759414062e+03
-4.7845170898e+03
-4.7874101562e+03
-4.7895332031e+03
-4.7902084961e+03
-4.7902084961e+03
-4.7895332031e+03
-4.7874101562e+03
-4.7845170898e+03
2.6269233398e+03
2.6269252930e+03
2.6258640137e+03
2.6262404785e+03
2.6262404785e+03
2.6258640137e+03
2.6269252930e+03
2.6269233398e+03
1.9768715820e+03
1.9768675537e+03
1.9761625977e+03
1.9764727783e+03
1.9764727783e+03
1.9761625977e+03
1.9768675537e+03
1.9768715820e+03
1.3263846436e+03
1.3263134766e+03
1.3254625244e+03
1.3257114258e+03
1.3257114258e+03
1.3254625244e+03
1.3263134766e+03
1.3263846436e+03
6.8167358398e+02
6.8029827881e+02
6.7975146484e+02
6.7989617920e+02
6.7989617920e+02
6.7975146484e+02
6.8029827881e+02
6.8167358398e+02
3.2454959869e+01
3.1701770782e+01
3.0331258774e+01
3.1009262085e+01
3.1009262085e+01
3.0331258774e+01
3.1701770782e+01
3.2454959869e+01
-6.0449102783e+02
-6.1759057617e+02
-6.1324395752e+02
-6.1412915039e+02
-6.1412915039e+02
-6.1324395752e+02
-6.1759057617e+02
-6.0449102783e+02
-1.2517641602e+03
-1.2651533203e+03
-1.2608864746e+03
-1.2619594727e+03
-1.2619594727e+03
-1.2608864746e+03
-1.2651533203e+03
-1.2517641602e+03
-1.9050571289e+03
-1.9062130127e+03
-1.9075557861e+03
-1.9072874756e+03
-1.9072874756e+03
-1.9075557861e+03
-1.9062130127e+03
-1.9050571289e+03
-2.5527507324e+03
-2.5551582031e+03
-2.5559753418e+03
-2.5565942383e+03
-2.5565942383e+03
-2.5559753418e+03
-2.5551582031e+03
-2.5527507324e+03
-3.2016752930e+03
-3.2032651367e+03
-3.2042949219e+03
-3.2050505371e+03
-3.2050505371e+03
-3.2042949219e+03
-3.2032651367e+03
-3.2016752930e+03
-3.8533996582e+03
-3.8554804688e+03
-3.8565373535e+03
-3.8575214844e+03
-3.8575214844e+03
-3.8565373535e+03
-3.8554804688e+03
-3.8533996582e+03
-4.5068623047e+03
-4.5095424805e+03
-4.5108701172e+03
-4.5120244141e+03
-4.5120244141e+03
-4.5108701172e+03
-4.5095424805e+03
-4.5068623047e+03
2.3035270996e+03
2.3031066895e+03
2.3037517090e+03
2.3027651367e+03
2.3027651367e+03
2.3037517090e+03
2.3031066895e+03
2.3035270996e+03
1.7057324219e+03
1.7060512695e+03
1.7068920898e+03
1.7061433105e+03
1.7061433105e+03
1.7068920898e+03
1.7060512695e+03
1.7057324219e+03
1.1147983398e+03
1.1149798584e+03
1.1158605957e+03
1.1153847656e+03
1.1153847656e+03
1.1158605957e+03
1.1149798584e+03
1.1147983398e+03
5.2123242188e+02
5.2165631104e+02
5.2230487061e+02
5.2174798584e+02
5.2174798584e+02
5.2230487061e+02
5.2165631104e+02
5.2123242188e+02
-6.5011787415e+01
-6.4556945801e+01
-6.4169227600e+01
-6.4987457275e+01
-6.4987457275e+01
-6.4169227600e+01
-6.4556945801e+01
-6.5011787415e+01
-6.5906671143e+02
-6.5016577148e+02
-6.5528955078e+02
-6.5461596680e+02
-6.5461596680e+02
-6.5528955078e+02
-6.5016577148e+02
-6.5906671143e+02
-1.2443801270e+03
-1.2355758057e+03
-1.2407089844e+03
-1.2399543457e+03
-1.2399543457e+03
-1.2407089844e+03
-1.2355758057e+03
-1.2443801270e+03
-1.8269996338e+03
-1.8272791748e+03
-1.8276649170e+03
-1.8283077393e+03
-1.8283077393e+03
-1.8276649170e+03
-1.8272791748e+03
-1.8269996338e+03
-2.4122399902e+03
-2.4124880371e+03
-2.4129938965e+03
-2.4131513672e+03
-2.4131513672e+03
-2.4129938965e+03
-2.4124880371e+03
-2.4122399902e+03
-2.9995642090e+03
-3.0003610840e+03
-3.0013452148e+03
-3.0013967285e+03
-3.0013967285e+03
-3.0013452148e+03
-3.0003610840e+03
-2.9995642090e+03
-3.5859013672e+03
-3.5868105469e+03
-3.5881936035e+03
-3.5883344727e+03
-3.5883344727e+03
-3.5881936035e+03
-3.5868105469e+03
-3.5859013672e+03
-4.1737895508e+03
-4.1754545898e+03
-4.1775083008e+03
-4.1777031250e+03
-4.1777031250e+03
-4.1775083008e+03
-4.1754545898e+03
-4.1737895508e+03
1.9300792236e+03
1.9313242188e+03
1.9300541992e+03
1.9312395020e+03
1.9312395020e+03
1.9300541992e+03
1.9313242188e+03
1.9300792236e+03
1.3986623535e+03
1.4004399414e+03
1.3998990479e+03
1.4011700439e+03
1.4011700439e+03
1.3998990479e+03
1.4004399414e+03
1.3986623535e+03
8.6693054199e+02
8.6863488770e+02
8.6852380371e+02
8.6963403320e+02
8.6963403320e+02
8.6852380371e+02
8.6863488770e+02
8.6693054199e+02
3.4455258179e+02
3.4615872192e+02
3.4616427612e+02
3.4740408325e+02
3.4740408325e+02
3.4616427612e+02
3.4615872192e+02
3.4455258179e+02
-1.8115977478e+02
-1.8029681396e+02
-1.7981849670e+02
-1.7869651794e+02
-1.7869651794e+02
-1.7981849670e+02
-1.8029681396e+02
-1.8115977478e+02
-6.9664483643e+02
-7.0204278564e+02
-6.9679992676e+02
-6.9731304932e+02
-6.9731304932e+02
-6.9679992676e+02
-7.0204278564e+02
-6.9664483643e+02
-1.2166082764e+03
-1.2222463379e+03
-1.2172679443e+03
-1.2180000000e+03
-1.2180000000e+03
-1.2172679443e+03
-1.2222463379e+03
-1.2166082764e+03
-1.7349106445e+03
-1.7343149414e+03
-1.7335677490e+03
-1.7330958252e+03
-1.7330958252e+03
-1.7335677490e+03
-1.7343149414e+03
-1.7349106445e+03
-2.2517543945e+03
-2.2513010254e+03
-2.2509553223e+03
-2.2509602051e+03
-2.2509602051e+03
-2.2509553223e+03
-2.2513010254e+03
-2.2517543945e+03
-2.7647055664e+03
-2.7645798340e+03
-2.7639318848e+03
-2.7643786621e+03
-2.7643786621e+03
-2.7639318848e+03
-2.7645798340e+03
-2.7647055664e+03
-3.2792956543e+03
-3.2796354980e+03
-3.2793774414e+03
-3.2801491699e+03
-3.2801491699e+03
-3.2793774414e+03
-3.2796354980e+03
-3.2792956543e+03
-3.7918032227e+03
-3.7934047852e+03
-3.7935544434e+03
-3.7947583008e+03
-3.7947583008e+03
-3.7935544434e+03
-3.7934047852e+03
-3.7918032227e+03
1.5180354004e+03
1.5179738770e+03
1.5200505371e+03
1.5185169678e+03
1.5185169678e+03
1.5200505371e+03
1.5179738770e+03
1.5180354004e+03
1.0534702148e+03
1.0546879883e+03
1.0571467285e+03
1.0560075684e+03
1.0560075684e+03
1.0571467285e+03
1.0546879883e+03
1.0534702148e+03
6.0003033447e+02
6.0139569092e+02
6.0389916992e+02
6.0330438232e+02
6.0330438232e+02
6.0389916992e+02
6.0139569092e+02
6.0003033447e+02
1.4327862549e+02
1.4445582581e+02
1.4678308105e+02
1.4624957275e+02
1.4624957275e+02
1.4678308105e+02
1.4445582581e+02
1.4327862549e+02
-3.0261410522e+02
-3.0077401733e+02
-2.9910122681e+02
-2.9929541016e+02
-2.9929541016e+02
-2.9910122681e+02
-3.0077401733e+02
-3.0261410522e+02
-7.5251806641e+02
-7.4639318848e+02
-7.4907635498e+02
-7.4767285156e+02
-7.4767285156e+02
-7.4907635498e+02
-7.4639318848e+02
-7.5251806641e+02
-1.1935391846e+03
-1.1873610840e+03
-1.1899843750e+03
-1.1883928223e+03
-1.1883928223e+03
-1.1899843750e+03
-1.1873610840e+03
-1.1935391846e+03
-1.6332952881e+03
-1.6318402100e+03
-1.6312332764e+03
-1.6308549805e+03
-1.6308549805e+03
-1.6312332764e+03
-1.6318402100e+03
-1.6332952881e+03
-2.0689482422e+03
-2.0676552734e+03
-2.0669816895e+03
-2.0663408203e+03
-2.0663408203e+03
-2.0669816895e+03
-2.0676552734e+03
-2.0689482422e+03
-2.5060119629e+03
-2.5047375488e+03
-2.5048994141e+03
-2.5040791016e+03
-2.5040791016e+03
-2.5048994141e+03
-2.5047375488e+03
-2.5060119629e+03
-2.9378564453e+03
-2.9367363281e+03
-2.9374929199e+03
-2.9367268066e+03
-2.9367268066e+03
-2.9374929199e+03
-2.9367363281e+03
-2.9378564453e+03
-3.3686867676e+03
-3.3685939941e+03
-3.3704548340e+03
-3.3697426758e+03
-3.3697426758e+03
-3.3704548340e+03
-3.3685939941e+03
-3.3686867676e+03
1.0685302734e+03
1.0712351074e+03
1.0690312500e+03
1.0714642334e+03
1.0714642334e+03
1.0690312500e+03
1.0712351074e+03
1.0685302734e+03
6.8677575684e+02
6.9032354736e+02
6.8929211426e+02
6.9186383057e+02
6.9186383057e+02
6.8929211426e+02
6.9032354736e+02
6.8677575684e+02
3.0350653076e+02
3.0698114014e+02
3.0669369507e+02
3.0901217651e+02
3.0901217651e+02
3.0669369507e+02
3.0698114014e+02
3.0350653076e+02
-6.5497879028e+01
-6.1786525726e+01
-6.1628963470e+01
-5.9308330536e+01
-5.9308330536e+01
-6.1628963470e+01
-6.1786525726e+01
-6.5497879028e+01
-4.3828363037e+02
-4.3545809937e+02
-4.3464984131e+02
-4.3287606812e+02
-4.3287606812e+02
-4.3464984131e+02
-4.3545809937e+02
-4.3828363037e+02
-7.9944134521e+02
-7.9987304688e+02
-7.9531683350e+02
-7.9518347168e+02
-7.9518347168e+02
-7.9531683350e+02
-7.9987304688e+02
-7.9944134521e+02
-1.1621818848e+03
-1.1629721680e+03
-1.1585166016e+03
-1.1587377930e+03
-1.1587377930e+03
-1.1585166016e+03
-1.1629721680e+03
-1.1621818848e+03
-1.5185836182e+03
-1.5162042236e+03
-1.5143710938e+03
-1.5136639404e+03
-1.5136639404e+03
-1.5143710938e+03
-1.5162042236e+03
-1.5185836182e+03
-1.8742374268e+03
-1.8721179199e+03
-1.8704920654e+03
-1.8702283936e+03
-1.8702283936e+03
-1.8704920654e+03
-1.8721179199e+03
-1.8742374268e+03
-2.2219382324e+03
-2.2203486328e+03
-2.2181821289e+03
-2.2184753418e+03
-2.2184753418e+03
-2.2181821289e+03
-2.2203486328e+03
-2.2219382324e+03
-2.5700913086e+03
-2.5690996094e+03
-2.5672551270e+03
-2.5681323242e+03
-2.5681323242e+03
-2.5672551270e+03
-2.5690996094e+03
-2.5700913086e+03
-2.9123339844e+03
-2.9131437988e+03
-2.9118098145e+03
-2.9133593750e+03
-2.9133593750e+03
-2.9118098145e+03
-2.9131437988e+03
-2.9123339844e+03
5.9674157715e+02
5.9628717041e+02
6.0044335938e+02
5.9766412354e+02
5.9766412354e+02
6.0044335938e+02
5.9628717041e+02
5.9674157715e+02
2.9115173340e+02
2.9260565186e+02
2.9722723389e+02
2.9503887939e+02
2.9503887939e+02
2.9722723389e+02
2.9260565186e+02
2.9115173340e+02
1.9315607548e+00
3.9297761917e+00
8.6119203568e+00
7.2877230644e+00
7.2877230644e+00
8.6119203568e+00
3.9297761917e+00
1.9315607548e+00
-2.9303713989e+02
-2.9119876099e+02
-2.8699517822e+02
-2.8796127319e+02
-2.8796127319e+02
-2.8699517822e+02
-2.9119876099e+02
-2.9303713989e+02
-5.7297845459e+02
-5.7027673340e+02
-5.6669494629e+02
-5.6688995361e+02
-5.6688995361e+02
-5.6669494629e+02
-5.7027673340e+02
-5.7297845459e+02
-8.5557843018e+02
-8.5057141113e+02
-8.5040374756e+02
-8.4897778320e+02
-8.4897778320e+02
-8.5040374756e+02
-8.5057141113e+02
-8.5557843018e+02
-1.1278386230e+03
-1.1225023193e+03
-1.1225177002e+03
-1.1206562500e+03
-1.1206562500e+03
-1.1225177002e+03
-1.1225023193e+03
-1.1278386230e+03
-1.3987883301e+03
-1.3958544922e+03
-1.3941632080e+03
-1.3930847168e+03
-1.3930847168e+03
-1.3941632080e+03
-1.3958544922e+03
-1.3987883301e+03
-1.6614758301e+03
-1.6583524170e+03
-1.6569459229e+03
-1.6554669189e+03
-1.6554669189e+03
-1.6569459229e+03
-1.6583524170e+03
-1.6614758301e+03
-1.9249680176e+03
-1.9217751465e+03
-1.9215074463e+03
-1.9197431641e+03
-1.9197431641e+03
-1.9215074463e+03
-1.9217751465e+03
-1.9249680176e+03
-2.1792009277e+03
-2.1760617676e+03
-2.1767775879e+03
-2.1748801270e+03
-2.1748801270e+03
-2.1767775879e+03
-2.1760617676e+03
-2.1792009277e+03
-2.4307836914e+03
-2.4288161621e+03
-2.4310800781e+03
-2.4291735840e+03
-2.4291735840e+03
-2.4310800781e+03
-2.4288161621e+03
-2.4307836914e+03
9.8648223877e+01
1.0323510742e+02
9.8907661438e+01
1.0327606964e+02
1.0327606964e+02
9.8907661438e+01
1.0323510742e+02
9.8648223877e+01
-1.1036208344e+02
-1.0482516479e+02
-1.0752861786e+02
-1.0303447723e+02
-1.0303447723e+02
-1.0752861786e+02
-1.0482516479e+02
-1.1036208344e+02
-3.2446444702e+02
-3.1922042847e+02
-3.2081497192e+02
-3.1679446411e+02
-3.1679446411e+02
-3.2081497192e+02
-3.1922042847e+02
-3.2446444702e+02
-5.1852679443e+02
-5.1296618652e+02
-5.1350457764e+02
-5.0971121216e+02
-5.0971121216e+02
-5.1350457764e+02
-5.1296618652e+02
-5.1852679443e+02
-7.1811108398e+02
-7.1353820801e+02
-7.1329266357e+02
-7.1039721680e+02
-7.1039721680e+02
-7.1329266357e+02
-7.1353820801e+02
-7.1811108398e+02
-9.0412365723e+02
-9.0138696289e+02
-8.9802465820e+02
-8.9676367188e+02
-8.9676367188e+02
-8.9802465820e+02
-9.0138696289e+02
-9.0412365723e+02
-1.0903641357e+03
-1.0882297363e+03
-1.0845183105e+03
-1.0839143066e+03
-1.0839143066e+03
-1.0845183105e+03
-1.0882297363e+03
-1.0903641357e+03
-1.2674361572e+03
-1.2638083496e+03
-1.2612034912e+03
-1.2602036133e+03
-1.2602036133e+03
-1.2612034912e+03
-1.2638083496e+03
-1.2674361572e+03
-1.4437447510e+03
-1.4407552490e+03
-1.4378756104e+03
-1.4375989990e+03
-1.4375989990e+03
-1.4378756104e+03
-1.4407552490e+03
-1.4437447510e+03
-1.6087305908e+03
-1.6062919922e+03
-1.6025073242e+03
-1.6030015869e+03
-1.6030015869e+03
-1.6025073242e+03
-1.6062919922e+03
-1.6087305908e+03
-1.7742365723e+03
-1.7726387939e+03
-1.7688990479e+03
-1.7703356934e+03
-1.7703356934e+03
-1.7688990479e+03
-1.7726387939e+03
-1.7742365723e+03
-1.9301297607e+03
-1.9308283691e+03
-1.9274935303e+03
-1.9298778076e+03
-1.9298778076e+03
-1.9274935303e+03
-1.9308283691e+03
-1.9301297607e+03
-4.0450692749e+02
-4.0678521729e+02
-3.9943750000e+02
-4.0447509766e+02
-4.0447509766e+02
-3.9943750000e+02
-4.0678521729e+02
-4.0450692749e+02
-5.3414849854e+02
-5.3395434570e+02
-5.2625848389e+02
-5.3051672363e+02
-5.3051672363e+02
-5.2625848389e+02
-5.3395434570e+02
-5.3414849854e+02
-6.4081658936e+02
-6.3945056152e+02
-6.3188861084e+02
-6.3484918213e+02
-6.3484918213e+02
-6.3188861084e+02
-6.3945056152e+02
-6.4081658936e+02
-7.5807550049e+02
-7.5671447754e+02
-7.5025683594e+02
-7.5249761963e+02
-7.5249761963e+02
-7.5025683594e+02
-7.5671447754e+02
-7.5807550049e+02
-8.5645385742e+02
-8.5389385986e+02
-8.4822930908e+02
-8.4927050781e+02
-8.4927050781e+02
-8.4822930908e+02
-8.5389385986e+02
-8.5645385742e+02
-9.5742181396e+02
-9.5335461426e+02
-9.5066687012e+02
-9.4999121094e+02
-9.4999121094e+02
-9.5066687012e+02
-9.5335461426e+02
-9.5742181396e+02
-1.0469279785e+03
-1.0421120605e+03
-1.0401409912e+03
-1.0385994873e+03
-1.0385994873e+03
-1.0401409912e+03
-1.0421120605e+03
-1.0469279785e+03
-1.1350306396e+03
-1.1312021484e+03
-1.1289451904e+03
-1.1275185547e+03
-1.1275185547e+03
-1.1289451904e+03
-1.1312021484e+03
-1.1350306396e+03
-1.2124454346e+03
-1.2078914795e+03
-1.2064597168e+03
-1.2042126465e+03
-1.2042126465e+03
-1.2064597168e+03
-1.2078914795e+03
-1.2124454346e+03
-1.2910499268e+03
-1.2863189697e+03
-1.2865311279e+03
-1.2837275391e+03
-1.2837275391e+03
-1.2865311279e+03
-1.2863189697e+03
-1.2910499268e+03
-1.3564322510e+03
-1.3514085693e+03
-1.3530804443e+03
-1.3497873535e+03
-1.3497873535e+03
-1.3530804443e+03
-1.3514085693e+03
-1.3564322510e+03
-1.4194986572e+03
-1.4154614258e+03
-1.4191616211e+03
-1.4156539307e+03
-1.4156539307e+03
-1.4191616211e+03
-1.4154614258e+03
-1.4194986572e+03
-9.2668029785e+02
-9.1927508545e+02
-9.2773254395e+02
-9.2054779053e+02
-9.2054779053e+02
-9.2773254395e+02
-9.1927508545e+02
-9.2668029785e+02
-9.4748870850e+02
-9.3928631592e+02
-9.4565795898e+02
-9.3845239258e+02
-9.3845239258e+02
-9.4565795898e+02
-9.3928631592e+02
-9.4748870850e+02
-9.8081341553e+02
-9.7355261230e+02
-9.7832604980e+02
-9.7202496338e+02
-9.7202496338e+02
-9.7832604980e+02
-9.7355261230e+02
-9.8081341553e+02
-9.8749346924e+02
-9.7999432373e+02
-9.8278753662e+02
-9.7705780029e+02
-9.7705780029e+02
-9.8278753662e+02
-9.7999432373e+02
-9.8749346924e+02
-1.0025586548e+03
-9.9642376709e+02
-9.9796899414e+02
-9.9357104492e+02
-9.9357104492e+02
-9.9796899414e+02
-9.9642376709e+02
-1.0025586548e+03
-1.0029935303e+03
-9.9823376465e+02
-9.9672570801e+02
-9.9411389160e+02
-9.9411389160e+02
-9.9672570801e+02
-9.9823376465e+02
-1.0029935303e+03
-1.0033850098e+03
-9.9967626953e+02
-9.9705072021e+02
-9.9559252930e+02
-9.9559252930e+02
-9.9705072021e+02
-9.9967626953e+02
-1.0033850098e+03
-9.9334600830e+02
-9.8928912354e+02
-9.8629394531e+02
-9.8517449951e+02
-9.8517449951e+02
-9.8629394531e+02
-9.8928912354e+02
-9.9334600830e+02
-9.8281286621e+02
-9.7995483398e+02
-9.7597406006e+02
-9.7608679199e+02
-9.7608679199e+02
-9.7597406006e+02
-9.7995483398e+02
-9.8281286621e+02
-9.5837921143e+02
-9.5618707275e+02
-9.5057861328e+02
-9.5180810547e+02
-9.5180810547e+02
-9.5057861328e+02
-9.5618707275e+02
-9.5837921143e+02
-9.3665277100e+02
-9.3577825928e+02
-9.2968377686e+02
-9.3231896973e+02
-9.3231896973e+02
-9.2968377686e+02
-9.3577825928e+02
-9.3665277100e+02
-9.0139990234e+02
-9.0329199219e+02
-8.9716009521e+02
-9.0106799316e+02
-9.0106799316e+02
-8.9716009521e+02
-9.0329199219e+02
-9.0139990234e+02
-1.4336184082e+03
-1.4402301025e+03
-1.4277254639e+03
-1.4362009277e+03
-1.4362009277e+03
-1.4277254639e+03
-1.4402301025e+03
-1.4336184082e+03
-1.3795515137e+03
-1.3832634277e+03
-1.3708399658e+03
-1.3783503418e+03
-1.3783503418e+03
-1.3708399658e+03
-1.3832634277e+03
-1.3795515137e+03
-1.2934791260e+03
-1.2949104004e+03
-1.2831134033e+03
-1.2887408447e+03
-1.2887408447e+03
-1.2831134033e+03
-1.2949104004e+03
-1.2934791260e+03
-1.2257833252e+03
-1.2268986816e+03
-1.2172653809e+03
-1.2217304688e+03
-1.2217304688e+03
-1.2172653809e+03
-1.2268986816e+03
-1.2257833252e+03
-1.1365291748e+03
-1.1357614746e+03
-1.1275767822e+03
-1.1303084717e+03
-1.1303084717e+03
-1.1275767822e+03
-1.1357614746e+03
-1.1365291748e+03
-1.0504956055e+03
-1.0481812744e+03
-1.0431826172e+03
-1.0439046631e+03
-1.0439046631e+03
-1.0431826172e+03
-1.0481812744e+03
-1.0504956055e+03
-9.5291479492e+02
-9.4914215088e+02
-9.4577801514e+02
-9.4501672363e+02
-9.4501672363e+02
-9.4577801514e+02
-9.4914215088e+02
-9.5291479492e+02
-8.5436456299e+02
-8.5038043213e+02
-8.4820837402e+02
-8.4672296143e+02
-8.4672296143e+02
-8.4820837402e+02
-8.5038043213e+02
-8.5436456299e+02
-7.4432012939e+02
-7.3880395508e+02
-7.3828143311e+02
-7.3535211182e+02
-7.3535211182e+02
-7.3828143311e+02
-7.3880395508e+02
-7.4432012939e+02
-6.3705157471e+02
-6.3100494385e+02
-6.3304028320e+02
-6.2912091064e+02
-6.2912091064e+02
-6.3304028320e+02
-6.3100494385e+02
-6.3705157471e+02
-5.1236181641e+02
-5.0521347046e+02
-5.0932043457e+02
-5.0435995483e+02
-5.0435995483e+02
-5.0932043457e+02
-5.0521347046e+02
-5.1236181641e+02
-3.8881484985e+02
-3.8203494263e+02
-3.8876312256e+02
-3.8321780396e+02
-3.8321780396e+02
-3.8876312256e+02
-3.8203494263e+02
-3.8881484985e+02
-1.9581921387e+03
-1.9456794434e+03
-1.9614140625e+03
-1.9506297607e+03
-1.9506297607e+03
-1.9614140625e+03
-1.9456794434e+03
-1.9581921387e+03
-1.7826821289e+03
-1.7697868652e+03
-1.7828718262e+03
-1.7722984619e+03
-1.7722984619e+03
-1.7828718262e+03
-1.7697868652e+03
-1.7826821289e+03
-1.6328552246e+03
-1.6223520508e+03
-1.6331879883e+03
-1.6241894531e+03
-1.6241894531e+03
-1.6331879883e+03
-1.6223520508e+03
-1.6328552246e+03
-1.4490002441e+03
-1.4386833496e+03
-1.4461593018e+03
-1.4381918945e+03
-1.4381918945e+03
-1.4461593018e+03
-1.4386833496e+03
-1.4490002441e+03
-1.2768350830e+03
-1.2687467041e+03
-1.2739270020e+03
-1.2678424072e+03
-1.2678424072e+03
-1.2739270020e+03
-1.2687467041e+03
-1.2768350830e+03
-1.0906085205e+03
-1.0842751465e+03
-1.0857513428e+03
-1.0818077393e+03
-1.0818077393e+03
-1.0857513428e+03
-1.0842751465e+03
-1.0906085205e+03
-9.0499749756e+02
-9.0058984375e+02
-8.9970190430e+02
-8.9756018066e+02
-8.9756018066e+02
-8.9970190430e+02
-9.0058984375e+02
-9.0499749756e+02
-7.0915588379e+02
-7.0561450195e+02
-7.0267456055e+02
-7.0171533203e+02
-7.0171533203e+02
-7.0267456055e+02
-7.0561450195e+02
-7.0915588379e+02
-5.1357110596e+02
-5.1216192627e+02
-5.0709191895e+02
-5.0799761963e+02
-5.0799761963e+02
-5.0709191895e+02
-5.1216192627e+02
-5.1357110596e+02
-3.0261550903e+02
-3.0231414795e+02
-2.9431253052e+02
-2.9675540161e+02
-2.9675540161e+02
-2.9431253052e+02
-3.0231414795e+02
-3.0261550903e+02
-9.9212333679e+01
-1.0123133850e+02
-9.1876754761e+01
-9.6287750244e+01
-9.6287750244e+01
-9.1876754761e+01
-1.0123133850e+02
-9.9212333679e+01
1.2303198242e+02
1.1775546265e+02
1.2806602478e+02
1.2202959442e+02
1.2202959442e+02
1.2806602478e+02
1.1775546265e+02
1.2303198242e+02
-2.4389099121e+03
-2.4543403320e+03
-2.4333249512e+03
-2.4458774414e+03
-2.4458774414e+03
-2.4333249512e+03
-2.4543403320e+03
-2.4389099121e+03
-2.2040793457e+03
-2.2164255371e+03
-2.1964221191e+03
-2.2078149414e+03
-2.2078149414e+03
-2.1964221191e+03
-2.2164255371e+03
-2.2040793457e+03
-1.9237452393e+03
-1.9317342529e+03
-1.9131900635e+03
-1.9219836426e+03
-1.9219836426e+03
-1.9131900635e+03
-1.9317342529e+03
-1.9237452393e+03
-1.6723320312e+03
-1.6791711426e+03
-1.6644515381e+03
-1.6716221924e+03
-1.6716221924e+03
-1.6644515381e+03
-1.6791711426e+03
-1.6723320312e+03
-1.3990056152e+03
-1.4026446533e+03
-1.3907846680e+03
-1.3956595459e+03
-1.3956595459e+03
-1.3907846680e+03
-1.4026446533e+03
-1.3990056152e+03
-1.1298536377e+03
-1.1309741211e+03
-1.1233378906e+03
-1.1257862549e+03
-1.1257862549e+03
-1.1233378906e+03
-1.1309741211e+03
-1.1298536377e+03
-8.5025378418e+02
-8.4858441162e+02
-8.4410937500e+02
-8.4439636230e+02
-8.4439636230e+02
-8.4410937500e+02
-8.4858441162e+02
-8.5025378418e+02
-5.7075360107e+02
-5.6729046631e+02
-5.6585339355e+02
-5.6456311035e+02
-5.6456311035e+02
-5.6585339355e+02
-5.6729046631e+02
-5.7075360107e+02
-2.8054055786e+02
-2.7416064453e+02
-2.7576284790e+02
-2.7237405396e+02
-2.7237405396e+02
-2.7576284790e+02
-2.7416064453e+02
-2.8054055786e+02
4.6769595146e+00
1.2507858276e+01
6.7950763702e+00
1.1643075943e+01
1.1643075943e+01
6.7950763702e+00
1.2507858276e+01
4.6769595146e+00
3.1211791992e+02
3.2273950195e+02
3.1413037109e+02
3.2071289062e+02
3.2071289062e+02
3.1413037109e+02
3.2273950195e+02
3.1211791992e+02
6.1028375244e+02
6.2161291504e+02
6.0948773193e+02
6.1711773682e+02
6.1711773682e+02
6.0948773193e+02
6.2161291504e+02
6.1028375244e+02
-2.9465832520e+03
-2.9238500977e+03
-2.9516706543e+03
-2.9378085938e+03
-2.9378085938e+03
-2.9516706543e+03
-2.9238500977e+03
-2.9465832520e+03
-2.5740798340e+03
-2.5514365234e+03
-2.5756289062e+03
-2.5623066406e+03
-2.5623066406e+03
-2.5756289062e+03
-2.5514365234e+03
-2.5740798340e+03
-2.2486391602e+03
-2.2312617188e+03
-2.2523637695e+03
-2.2414313965e+03
-2.2414313965e+03
-2.2523637695e+03
-2.2312617188e+03
-2.2486391602e+03
-1.8817735596e+03
-1.8659029541e+03
-1.8816466064e+03
-1.8721563721e+03
-1.8721563721e+03
-1.8816466064e+03
-1.8659029541e+03
-1.8817735596e+03
-1.5288121338e+03
-1.5169354248e+03
-1.5284444580e+03
-1.5212714844e+03
-1.5212714844e+03
-1.5284444580e+03
-1.5169354248e+03
-1.5288121338e+03
-1.1639837646e+03
-1.1553883057e+03
-1.1615830078e+03
-1.1568605957e+03
-1.1568605957e+03
-1.1615830078e+03
-1.1553883057e+03
-1.1639837646e+03
-8.0114514160e+02
-7.9624780273e+02
-7.9805108643e+02
-7.9565319824e+02
-7.9565319824e+02
-7.9805108643e+02
-7.9624780273e+02
-8.0114514160e+02
-4.2957821655e+02
-4.2749212646e+02
-4.2497653198e+02
-4.2442309570e+02
-4.2442309570e+02
-4.2497653198e+02
-4.2749212646e+02
-4.2957821655e+02
-5.9423816681e+01
-6.1221069336e+01
-5.4646091461e+01
-5.6410362244e+01
-5.6410362244e+01
-5.4646091461e+01
-6.1221069336e+01
-5.9423816681e+01
3.2571298218e+02
3.2156454468e+02
3.3318081665e+02
3.2961761475e+02
3.2961761475e+02
3.3318081665e+02
3.2156454468e+02
3.2571298218e+02
6.9599981689e+02
6.8742022705e+02
7.0163800049e+02
6.9557647705e+02
6.9557647705e+02
7.0163800049e+02
6.8742022705e+02
6.9599981689e+02
1.0940496826e+03
1.0816650391e+03
1.0984752197e+03
1.0905572510e+03
1.0905572510e+03
1.0984752197e+03
1.0816650391e+03
1.0940496826e+03
-3.3633542480e+03
-3.3958205566e+03
-3.3608815918e+03
-3.3755612793e+03
-3.3755612793e+03
-3.3608815918e+03
-3.3958205566e+03
-3.3633542480e+03
-2.9645874023e+03
-2.9943483887e+03
-2.9623354492e+03
-2.9757744141e+03
-2.9757744141e+03
-2.9623354492e+03
-2.9943483887e+03
-2.9645874023e+03
-2.4992268066e+03
-2.5207883301e+03
-2.4914050293e+03
-2.5016018066e+03
-2.5016018066e+03
-2.4914050293e+03
-2.5207883301e+03
-2.4992268066e+03
-2.0740290527e+03
-2.0922470703e+03
-2.0690363770e+03
-2.0774316406e+03
-2.0774316406e+03
-2.0690363770e+03
-2.0922470703e+03
-2.0740290527e+03
-1.6303995361e+03
-1.6428156738e+03
-1.6249338379e+03
-1.6308769531e+03
-1.6308769531e+03
-1.6249338379e+03
-1.6428156738e+03
-1.6303995361e+03
-1.1923392334e+03
-1.1997487793e+03
-1.1882418213e+03
-1.1917006836e+03
-1.1917006836e+03
-1.1882418213e+03
-1.1997487793e+03
-1.1923392334e+03
-7.4606652832e+02
-7.4803070068e+02
-7.4217382812e+02
-7.4323419189e+02
-7.4323419189e+02
-7.4217382812e+02
-7.4803070068e+02
-7.4606652832e+02
-3.0131216431e+02
-2.9868450928e+02
-2.9849923706e+02
-2.9761822510e+02
-2.9761822510e+02
-2.9849923706e+02
-2.9868450928e+02
-3.0131216431e+02
1.5229804993e+02
1.6046340942e+02
1.5526541138e+02
1.5842741394e+02
1.5842741394e+02
1.5526541138e+02
1.6046340942e+02
1.5229804993e+02
5.9960382080e+02
6.1141534424e+02
5.9973168945e+02
6.0446301270e+02
6.0446301270e+02
5.9973168945e+02
6.1141534424e+02
5.9960382080e+02
1.0740623779e+03
1.0919846191e+03
1.0763247070e+03
1.0833420410e+03
1.0833420410e+03
1.0763247070e+03
1.0919846191e+03
1.0740623779e+03
1.5244177246e+03
1.5444508057e+03
1.5236369629e+03
1.5319372559e+03
1.5319372559e+03
1.5236369629e+03
1.5444508057e+03
1.5244177246e+03
-3.8410781250e+03
-3.7971606445e+03
-3.8436267090e+03
-3.8313352051e+03
-3.8313352051e+03
-3.8436267090e+03
-3.7971606445e+03
-3.8410781250e+03
-3.2781770020e+03
-3.2342324219e+03
-3.2747575684e+03
-3.2630488281e+03
-3.2630488281e+03
-3.2747575684e+03
-3.2342324219e+03
-3.2781770020e+03
-2.7944809570e+03
-2.7610317383e+03
-2.7974262695e+03
-2.7886457520e+03
-2.7886457520e+03
-2.7974262695e+03
-2.7610317383e+03
-2.7944809570e+03
-2.2650322266e+03
-2.2365610352e+03
-2.2650666504e+03
-2.2576091309e+03
-2.2576091309e+03
-2.2650666504e+03
-2.2365610352e+03
-2.2650322266e+03
-1.7485217285e+03
-1.7277526855e+03
-1.7490168457e+03
-1.7435296631e+03
-1.7435296631e+03
-1.7490168457e+03
-1.7277526855e+03
-1.7485217285e+03
-1.2227640381e+03
-1.2089494629e+03
-1.2221158447e+03
-1.2185872803e+03
-1.2185872803e+03
-1.2221158447e+03
-1.2089494629e+03
-1.2227640381e+03
-7.0041168213e+02
-6.9405499268e+02
-6.9973083496e+02
-6.9815118408e+02
-6.9815118408e+02
-6.9973083496e+02
-6.9405499268e+02
-7.0041168213e+02
-1.7198611450e+02
-1.7229391479e+02
-1.7045840454e+02
-1.7044306946e+02
-1.7044306946e+02
-1.7045840454e+02
-1.7229391479e+02
-1.7198611450e+02
3.5316830444e+02
3.4537399292e+02
3.5426373291e+02
3.5240954590e+02
3.5240954590e+02
3.5426373291e+02
3.4537399292e+02
3.5316830444e+02
8.8984515381e+02
8.7653936768e+02
8.9335650635e+02
8.9014331055e+02
8.9014331055e+02
8.9335650635e+02
8.7653936768e+02
8.8984515381e+02
1.4042380371e+03
1.3822362061e+03
1.4031879883e+03
1.3974083252e+03
1.3974083252e+03
1.4031879883e+03
1.3822362061e+03
1.4042380371e+03
1.9616171875e+03
1.9352889404e+03
1.9617302246e+03
1.9544868164e+03
1.9544868164e+03
1.9617302246e+03
1.9352889404e+03
1.9616171875e+03
-4.1361699219e+03
-4.2027900391e+03
-4.1483637695e+03
-4.1575893555e+03
-4.1575893555e+03
-4.1483637695e+03
-4.2027900391e+03
-4.1361699219e+03
-3.6089443359e+03
-3.6745678711e+03
-3.6273193359e+03
-3.6361052246e+03
-3.6361052246e+03
-3.6273193359e+03
-3.6745678711e+03
-3.6089443359e+03
-2.9839914551e+03
-3.0346296387e+03
-2.9914052734e+03
-2.9970361328e+03
-2.9970361328e+03
-2.9914052734e+03
-3.0346296387e+03
-2.9839914551e+03
-2.4050153809e+03
-2.4468266602e+03
-2.4122346191e+03
-2.4167504883e+03
-2.4167504883e+03
-2.4122346191e+03
-2.4468266602e+03
-2.4050153809e+03
-1.8156862793e+03
-1.8460384521e+03
-1.8199624023e+03
-1.8230534668e+03
-1.8230534668e+03
-1.8199624023e+03
-1.8460384521e+03
-1.8156862793e+03
-1.2346733398e+03
-1.2542650146e+03
-1.2375789795e+03
-1.2394000244e+03
-1.2394000244e+03
-1.2375789795e+03
-1.2542650146e+03
-1.2346733398e+03
-6.4899658203e+02
-6.5734088135e+02
-6.4960119629e+02
-6.5016723633e+02
-6.5016723633e+02
-6.4960119629e+02
-6.5734088135e+02
-6.4899658203e+02
-6.5927825928e+01
-6.3806385040e+01
-6.5044631958e+01
-6.4710380554e+01
-6.4710380554e+01
-6.5044631958e+01
-6.3806385040e+01
-6.5927825928e+01
5.2439141846e+02
5.3761804199e+02
5.2789526367e+02
5.2939105225e+02
5.2939105225e+02
5.2789526367e+02
5.3761804199e+02
5.2439141846e+02
1.1097067871e+03
1.1318054199e+03
1.1129488525e+03
1.1151448975e+03
1.1151448975e+03
1.1129488525e+03
1.1318054199e+03
1.1097067871e+03
1.7237912598e+03
1.7583300781e+03
1.7344473877e+03
1.7387210693e+03
1.7387210693e+03
1.7344473877e+03
1.7583300781e+03
1.7237912598e+03
2.2913645020e+03
2.3294560547e+03
2.2971726074e+03
2.3019094238e+03
2.3019094238e+03
2.2971726074e+03
2.3294560547e+03
2.2913645020e+03
-4.6031689453e+03
-4.5111040039e+03
-4.5762500000e+03
-4.5749667969e+03
-4.5749667969e+03
-4.5762500000e+03
-4.5111040039e+03
-4.6031689453e+03
-3.8623564453e+03
-3.7686083984e+03
-3.8220683594e+03
-3.8196718750e+03
-3.8196718750e+03
-3.8220683594e+03
-3.7686083984e+03
-3.8623564453e+03
-3.2418583984e+03
-3.1675695801e+03
-3.2160100098e+03
-3.2158781738e+03
-3.2158781738e+03
-3.2160100098e+03
-3.1675695801e+03
-3.2418583984e+03
-2.5823425293e+03
-2.5215600586e+03
-2.5606882324e+03
-2.5607888184e+03
-2.5607888184e+03
-2.5606882324e+03
-2.5215600586e+03
-2.5823425293e+03
-1.9316430664e+03
-1.8872247314e+03
-1.9167269287e+03
-1.9171972656e+03
-1.9171972656e+03
-1.9167269287e+03
-1.8872247314e+03
-1.9316430664e+03
-1.2729270020e+03
-1.2443497314e+03
-1.2634468994e+03
-1.2639989014e+03
-1.2639989014e+03
-1.2634468994e+03
-1.2443497314e+03
-1.2729270020e+03
-6.1770324707e+02
-6.0549127197e+02
-6.1449432373e+02
-6.1512243652e+02
-6.1512243652e+02
-6.1449432373e+02
-6.0549127197e+02
-6.1770324707e+02
4.0264812469e+01
3.6902378082e+01
3.7984024048e+01
3.7569816589e+01
3.7569816589e+01
3.7984024048e+01
3.6902378082e+01
4.0264812469e+01
6.9235754395e+02
6.7307208252e+02
6.8364099121e+02
6.8313641357e+02
6.8313641357e+02
6.8364099121e+02
6.7307208252e+02
6.9235754395e+02
1.3500561523e+03
1.3172543945e+03
1.3375257568e+03
1.3370715332e+03
1.3370715332e+03
1.3375257568e+03
1.3172543945e+03
1.3500561523e+03
1.9846259766e+03
1.9346339111e+03
1.9598555908e+03
1.9577762451e+03
1.9577762451e+03
1.9598555908e+03
1.9346339111e+03
1.9846259766e+03
2.6822021484e+03
2.6273334961e+03
2.6630061035e+03
2.6615185547e+03
2.6615185547e+03
2.6630061035e+03
2.6273334961e+03
2.6822021484e+03
-4.6508588867e+03
-4.7937832031e+03
-4.7360297852e+03
-4.7338007812e+03
-4.7338007812e+03
-4.7360297852e+03
-4.7937832031e+03
-4.6508588867e+03
-4.0533583984e+03
-4.1982885742e+03
-4.1562207031e+03
-4.1571762695e+03
-4.1571762695e+03
-4.1562207031e+03
-4.1982885742e+03
-4.0533583984e+03
-3.3244838867e+03
-3.4430751953e+03
-3.4053012695e+03
-3.4046948242e+03
-3.4046948242e+03
-3.4053012695e+03
-3.4430751953e+03
-3.3244838867e+03
-2.6296201172e+03
-2.7265173340e+03
-2.6961665039e+03
-2.6955449219e+03
-2.6955449219e+03
-2.6961665039e+03
-2.7265173340e+03
-2.6296201172e+03
-1.9319997559e+03
-2.0040780029e+03
-1.9816108398e+03
-1.9809320068e+03
-1.9809320068e+03
-1.9816108398e+03
-2.0040780029e+03
-1.9319997559e+03
-1.2459682617e+03
-1.2934270020e+03
-1.2794877930e+03
-1.2791193848e+03
-1.2791193848e+03
-1.2794877930e+03
-1.2934270020e+03
-1.2459682617e+03
-5.6038256836e+02
-5.8265167236e+02
-5.7702313232e+02
-5.7696801758e+02
-5.7696801758e+02
-5.7702313232e+02
-5.8265167236e+02
-5.6038256836e+02
1.2140573883e+02
1.2350106812e+02
1.2089061737e+02
1.2040222168e+02
1.2040222168e+02
1.2089061737e+02
1.2350106812e+02
1.2140573883e+02
8.0825683594e+02
8.3472576904e+02
8.2444177246e+02
8.2375964355e+02
8.2375964355e+02
8.2444177246e+02
8.3472576904e+02
8.0825683594e+02
1.4913620605e+03
1.5394321289e+03
1.5215494385e+03
1.5206259766e+03
1.5206259766e+03
1.5215494385e+03
1.5394321289e+03
1.4913620605e+03
2.1942006836e+03
2.2668886719e+03
2.2452541504e+03
2.2453876953e+03
2.2453876953e+03
2.2452541504e+03
2.2668886719e+03
2.1942006836e+03
2.8314516602e+03
2.9095852051e+03
2.8741696777e+03
2.8717609863e+03
2.8717609863e+03
2.8741696777e+03
2.9095852051e+03
2.8314516602e+03
-5.2464628906e+03
-5.0508471680e+03
-5.0871889648e+03
-5.0888027344e+03
-5.0888027344e+03
-5.0871889648e+03
-5.0508471680e+03
-5.2464628906e+03
-4.3459829102e+03
-4.1482749023e+03
-4.1640375977e+03
-4.1594873047e+03
-4.1594873047e+03
-4.1640375977e+03
-4.1482749023e+03
-4.3459829102e+03
-3.5921445312e+03
-3.4275300293e+03
-3.4407541504e+03
-3.4368422852e+03
-3.4368422852e+03
-3.4407541504e+03
-3.4275300293e+03
-3.5921445312e+03
-2.8292385254e+03
-2.6955859375e+03
-2.7060563965e+03
-2.7027875977e+03
-2.7027875977e+03
-2.7060563965e+03
-2.6955859375e+03
-2.8292385254e+03
-2.0784951172e+03
-1.9796257324e+03
-1.9874509277e+03
-1.9852991943e+03
-1.9852991943e+03
-1.9874509277e+03
-1.9796257324e+03
-2.0784951172e+03
-1.3242230225e+03
-1.2604012451e+03
-1.2654306641e+03
-1.2641669922e+03
-1.2641669922e+03
-1.2654306641e+03
-1.2604012451e+03
-1.3242230225e+03
-5.7302026367e+02
-5.4493060303e+02
-5.4738238525e+02
-5.4709057617e+02
-5.4709057617e+02
-5.4738238525e+02
-5.4493060303e+02
-5.7302026367e+02
1.7907275391e+02
1.7230574036e+02
1.7232321167e+02
1.7182385254e+02
1.7182385254e+02
1.7232321167e+02
1.7230574036e+02
1.7907275391e+02
9.2641235352e+02
8.8525225830e+02
8.8741674805e+02
8.8584619141e+02
8.8584619141e+02
8.8741674805e+02
8.8525225830e+02
9.2641235352e+02
1.6777042236e+03
1.6054075928e+03
1.6098768311e+03
1.6074667969e+03
1.6074667969e+03
1.6098768311e+03
1.6054075928e+03
1.6777042236e+03
2.4174577637e+03
2.3128198242e+03
2.3179785156e+03
2.3145939941e+03
2.3145939941e+03
2.3179785156e+03
2.3128198242e+03
2.4174577637e+03
3.2196374512e+03
3.1081928711e+03
3.1296572266e+03
3.1310222168e+03
3.1310222168e+03
3.1296572266e+03
3.1081928711e+03
3.2196374512e+03
-4.8055405273e+03
-5.0466284180e+03
-5.0611411133e+03
-5.0759179688e+03
-5.0759179688e+03
-5.0611411133e+03
-5.0466284180e+03
-4.8055405273e+03
-4.1922275391e+03
-4.4306264648e+03
-4.4656699219e+03
-4.4884741211e+03
-4.4884741211e+03
-4.4656699219e+03
-4.4306264648e+03
-4.1922275391e+03
-3.4638037109e+03
-3.6643059082e+03
-3.6971948242e+03
-3.7189492188e+03
-3.7189492188e+03
-3.6971948242e+03
-3.6643059082e+03
-3.4638037109e+03
-2.7358073730e+03
-2.8984389648e+03
-2.9261635742e+03
-2.9447121582e+03
-2.9447121582e+03
-2.9261635742e+03
-2.8984389648e+03
-2.7358073730e+03
-1.9948375244e+03
-2.1158881836e+03
-2.1372924805e+03
-2.1514025879e+03
-2.1514025879e+03
-2.1372924805e+03
-2.1158881836e+03
-1.9948375244e+03
-1.2548314209e+03
-1.3339587402e+03
-1.3486639404e+03
-1.3582115479e+03
-1.3582115479e+03
-1.3486639404e+03
-1.3339587402e+03
-1.2548314209e+03
-5.1293469238e+02
-5.4963629150e+02
-5.5742492676e+02
-5.6223291016e+02
-5.6223291016e+02
-5.5742492676e+02
-5.4963629150e+02
-5.1293469238e+02
2.2638363647e+02
2.3119689941e+02
2.3033628845e+02
2.3005912781e+02
2.3005912781e+02
2.3033628845e+02
2.3119689941e+02
2.2638363647e+02
9.6578338623e+02
1.0113601685e+03
1.0172149658e+03
1.0214534912e+03
1.0214534912e+03
1.0172149658e+03
1.0113601685e+03
9.6578338623e+02
1.6986008301e+03
1.7815927734e+03
1.7932175293e+03
1.8010565186e+03
1.8010565186e+03
1.7932175293e+03
1.7815927734e+03
1.6986008301e+03
2.4361591797e+03
2.5559182129e+03
2.5713835449e+03
2.5809311523e+03
2.5809311523e+03
2.5713835449e+03
2.5559182129e+03
2.4361591797e+03
3.1341723633e+03
3.2624157715e+03
3.2612089844e+03
3.2644038086e+03
3.2644038086e+03
3.2612089844e+03
3.2624157715e+03
3.1341723633e+03
-5.3636430664e+03
-5.2653144531e+03
-5.2736723633e+03
-5.2733530273e+03
-5.2733530273e+03
-5.2736723633e+03
-5.2653144531e+03
-5.3636430664e+03
-4.4947358398e+03
-4.4084594727e+03
-4.4083408203e+03
-4.4033720703e+03
-4.4033720703e+03
-4.4083408203e+03
-4.4084594727e+03
-4.4947358398e+03
-3.6872189941e+03
-3.6212082520e+03
-3.6237314453e+03
-3.6197016602e+03
-3.6197016602e+03
-3.6237314453e+03
-3.6212082520e+03
-3.6872189941e+03
-2.8819042969e+03
-2.8307753906e+03
-2.8344138184e+03
-2.8318559570e+03
-2.8318559570e+03
-2.8344138184e+03
-2.8307753906e+03
-2.8819042969e+03
-2.0905671387e+03
-2.0540009766e+03
-2.0577377930e+03
-2.0564460449e+03
-2.0564460449e+03
-2.0577377930e+03
-2.0540009766e+03
-2.0905671387e+03
-1.3042037354e+03
-1.2813991699e+03
-1.2844876709e+03
-1.2840585938e+03
-1.2840585938e+03
-1.2844876709e+03
-1.2813991699e+03
-1.3042037354e+03
-5.2424536133e+02
-5.1518078613e+02
-5.1744610596e+02
-5.1776165771e+02
-5.1776165771e+02
-5.1744610596e+02
-5.1518078613e+02
-5.2424536133e+02
2.5299461365e+02
2.4856993103e+02
2.4711474609e+02
2.4615379333e+02
2.4615379333e+02
2.4711474609e+02
2.4856993103e+02
2.5299461365e+02
1.0265878906e+03
1.0085646973e+03
1.0076222534e+03
1.0058448486e+03
1.0058448486e+03
1.0076222534e+03
1.0085646973e+03
1.0265878906e+03
1.8003958740e+03
1.7692185059e+03
1.7685108643e+03
1.7660339355e+03
1.7660339355e+03
1.7685108643e+03
1.7692185059e+03
1.8003958740e+03
2.5677341309e+03
2.5206643066e+03
2.5199733887e+03
2.5180839844e+03
2.5180839844e+03
2.5199733887e+03
2.5206643066e+03
2.5677341309e+03
3.3439572754e+03
3.2900112305e+03
3.3018564453e+03
3.3061943359e+03
3.3061943359e+03
3.3018564453e+03
3.2900112305e+03
3.3439572754e+03
