-5.5944731445e+03
-5.4920771484e+03
-5.5010727539e+03
-5.5008867188e+03
-5.5008867188e+03
-5.5010727539e+03
-5.4920771484e+03
-5.5944731445e+03
-4.6811430664e+03
-4.5913081055e+03
-4.5913359375e+03
-4.5862431641e+03
-4.5862431641e+03
-4.5913359375e+03
-4.5913081055e+03
-4.6811430664e+03
-3.8309819336e+03
-3.7624777832e+03
-3.7652189941e+03
-3.7610905762e+03
-3.7610905762e+03
-3.7652189941e+03
-3.7624777832e+03
-3.8309819336e+03
-2.9832043457e+03
-2.9303898926e+03
-2.9342790527e+03
-2.9316831055e+03
-2.9316831055e+03
-2.9342790527e+03
-2.9303898926e+03
-2.9832043457e+03
-2.1501022949e+03
-2.1126430664e+03
-2.1166235352e+03
-2.1153532715e+03
-2.1153532715e+03
-2.1166235352e+03
-2.1126430664e+03
-2.1501022949e+03
-1.3223560791e+03
-1.2993985596e+03
-1.3026951904e+03
-1.3023288574e+03
-1.3023288574e+03
-1.3026951904e+03
-1.2993985596e+03
-1.3223560791e+03
-5.0145083618e+02
-4.9295523071e+02
-4.9538616943e+02
-4.9580288696e+02
-4.9580288696e+02
-4.9538616943e+02
-4.9295523071e+02
-5.0145083618e+02
3.1648397827e+02
3.1079766846e+02
3.0921536255e+02
3.0811630249e+02
3.0811630249e+02
3.0921536255e+02
3.1079766846e+02
3.1648397827e+02
1.1304877930e+03
1.1105162354e+03
1.1094608154e+03
1.1074968262e+03
1.1074968262e+03
1.1094608154e+03
1.1105162354e+03
1.1304877930e+03
1.9447414551e+03
1.9109481201e+03
1.9101116943e+03
1.9073959961e+03
1.9073959961e+03
1.9101116943e+03
1.9109481201e+03
1.9447414551e+03
2.7521972656e+03
2.7016838379e+03
2.7008020020e+03
2.6986816406e+03
2.6986816406e+03
2.7008020020e+03
2.7016838379e+03
2.7521972656e+03
3.5704106445e+03
3.5125280762e+03
3.5247761230e+03
3.5291940918e+03
3.5291940918e+03
3.5247761230e+03
3.5125280762e+03
3.5704106445e+03
-5.0145166016e+03
-5.2664365234e+03
-5.2814638672e+03
-5.2968334961e+03
-5.2968334961e+03
-5.2814638672e+03
-5.2664365234e+03
-5.0145166016e+03
-4.3645024414e+03
-4.6135048828e+03
-4.6501293945e+03
-4.6739243164e+03
-4.6739243164e+03
-4.6501293945e+03
-4.6135048828e+03
-4.3645024414e+03
-3.5969140625e+03
-3.8058066406e+03
-3.8401909180e+03
-3.8628852539e+03
-3.8628852539e+03
-3.8401909180e+03
-3.8058066406e+03
-3.5969140625e+03
-2.8300415039e+03
-2.9989008789e+03
-3.0278222656e+03
-3.0471396484e+03
-3.0471396484e+03
-3.0278222656e+03
-2.9989008789e+03
-2.8300415039e+03
-2.0499821777e+03
-2.1749558105e+03
-2.1972102051e+03
-2.2118474121e+03
-2.2118474121e+03
-2.1972102051e+03
-2.1749558105e+03
-2.0499821777e+03
-1.2710740967e+03
-1.3518592529e+03
-1.3670465088e+03
-1.3768790283e+03
-1.3768790283e+03
-1.3670465088e+03
-1.3518592529e+03
-1.2710740967e+03
-4.9034878540e+02
-5.2647637939e+02
-5.3437933350e+02
-5.3922320557e+02
-5.3922320557e+02
-5.3437933350e+02
-5.2647637939e+02
-4.9034878540e+02
2.8750613403e+02
2.9502194214e+02
2.9440475464e+02
2.9432769775e+02
2.9432769775e+02
2.9440475464e+02
2.9502194214e+02
2.8750613403e+02
1.0653013916e+03
1.1156098633e+03
1.1220534668e+03
1.1267205811e+03
1.1267205811e+03
1.1220534668e+03
1.1156098633e+03
1.0653013916e+03
1.8357468262e+03
1.9252821045e+03
1.9377806396e+03
1.9462335205e+03
1.9462335205e+03
1.9377806396e+03
1.9252821045e+03
1.8357468262e+03
2.6108945312e+03
2.7389147949e+03
2.7554760742e+03
2.7657272949e+03
2.7657272949e+03
2.7554760742e+03
2.7389147949e+03
2.6108945312e+03
3.3409296875e+03
3.4778071289e+03
3.4768154297e+03
3.4803566895e+03
3.4803566895e+03
3.4768154297e+03
3.4778071289e+03
3.3409296875e+03
-5.4691552734e+03
-5.2652373047e+03
-5.3034946289e+03
-5.3052958984e+03
-5.3052958984e+03
-5.3034946289e+03
-5.2652373047e+03
-5.4691552734e+03
-4.5236850586e+03
-4.3176245117e+03
-4.3342294922e+03
-4.3295698242e+03
-4.3295698242e+03
-4.3342294922e+03
-4.3176245117e+03
-4.5236850586e+03
-3.7292683105e+03
-3.5582077637e+03
-3.5720749512e+03
-3.5680754395e+03
-3.5680754395e+03
-3.5720749512e+03
-3.5582077637e+03
-3.7292683105e+03
-2.9259611816e+03
-2.7876008301e+03
-2.7985705566e+03
-2.7952404785e+03
-2.7952404785e+03
-2.7985705566e+03
-2.7876008301e+03
-2.9259611816e+03
-2.1354814453e+03
-2.0338084717e+03
-2.0419797363e+03
-2.0398261719e+03
-2.0398261719e+03
-2.0419797363e+03
-2.0338084717e+03
-2.1354814453e+03
-1.3416522217e+03
-1.2769020996e+03
-1.2821346436e+03
-1.2809112549e+03
-1.2809112549e+03
-1.2821346436e+03
-1.2769020996e+03
-1.3416522217e+03
-5.5129644775e+02
-5.2415075684e+02
-5.2667260742e+02
-5.2647021484e+02
-5.2647021484e+02
-5.2667260742e+02
-5.2415075684e+02
-5.5129644775e+02
2.3973992920e+02
2.3023716736e+02
2.3031169128e+02
2.2968023682e+02
2.2968023682e+02
2.3031169128e+02
2.3023716736e+02
2.3973992920e+02
1.0254375000e+03
9.7981951904e+02
9.8213745117e+02
9.8038256836e+02
9.8038256836e+02
9.8213745117e+02
9.7981951904e+02
1.0254375000e+03
1.8152445068e+03
1.7369615479e+03
1.7416993408e+03
1.7390588379e+03
1.7390588379e+03
1.7416993408e+03
1.7369615479e+03
1.8152445068e+03
2.5923137207e+03
2.4801665039e+03
2.4855803223e+03
2.4819094238e+03
2.4819094238e+03
2.4855803223e+03
2.4801665039e+03
2.5923137207e+03
3.4382902832e+03
3.3190532227e+03
3.3416325684e+03
3.3429858398e+03
3.3429858398e+03
3.3416325684e+03
3.3190532227e+03
3.4382902832e+03
-4.8446162109e+03
-4.9937324219e+03
-4.9334736328e+03
-4.9311992188e+03
-4.9311992188e+03
-4.9334736328e+03
-4.9937324219e+03
-4.8446162109e+03
-4.2143769531e+03
-4.3655942383e+03
-4.3218105469e+03
-4.3228627930e+03
-4.3228627930e+03
-4.3218105469e+03
-4.3655942383e+03
-4.2143769531e+03
-3.4486401367e+03
-3.5720629883e+03
-3.5328642578e+03
-3.5322736816e+03
-3.5322736816e+03
-3.5328642578e+03
-3.5720629883e+03
-3.4486401367e+03
-2.7177822266e+03
-2.8183303223e+03
-2.7869545898e+03
-2.7863496094e+03
-2.7863496094e+03
-2.7869545898e+03
-2.8183303223e+03
-2.7177822266e+03
-1.9841910400e+03
-2.0585913086e+03
-2.0355373535e+03
-2.0348720703e+03
-2.0348720703e+03
-2.0355373535e+03
-2.0585913086e+03
-1.9841910400e+03
-1.2626496582e+03
-1.3111290283e+03
-1.2970491943e+03
-1.2967163086e+03
-1.2967163086e+03
-1.2970491943e+03
-1.3111290283e+03
-1.2626496582e+03
-5.4162164307e+02
-5.6359509277e+02
-5.5825677490e+02
-5.5825506592e+02
-5.5825506592e+02
-5.5825677490e+02
-5.6359509277e+02
-5.4162164307e+02
1.7538117981e+02
1.7903584290e+02
1.7571377563e+02
1.7514677429e+02
1.7514677429e+02
1.7571377563e+02
1.7903584290e+02
1.7538117981e+02
8.9782580566e+02
9.2709454346e+02
9.1572918701e+02
9.1495550537e+02
9.1495550537e+02
9.1572918701e+02
9.2709454346e+02
8.9782580566e+02
1.6161839600e+03
1.6681489258e+03
1.6488100586e+03
1.6477813721e+03
1.6477813721e+03
1.6488100586e+03
1.6681489258e+03
1.6161839600e+03
2.3561472168e+03
2.4339301758e+03
2.4107004395e+03
2.4107829590e+03
2.4107829590e+03
2.4107004395e+03
2.4339301758e+03
2.3561472168e+03
3.0244289551e+03
3.1079238281e+03
3.0701853027e+03
3.0675729980e+03
3.0675729980e+03
3.0701853027e+03
3.1079238281e+03
3.0244289551e+03
-4.7908730469e+03
-4.6950742188e+03
-4.7631049805e+03
-4.7617690430e+03
-4.7617690430e+03
-4.7631049805e+03
-4.6950742188e+03
-4.7908730469e+03
-4.0129670410e+03
-3.9153212891e+03
-3.9710612793e+03
-3.9685598145e+03
-3.9685598145e+03
-3.9710612793e+03
-3.9153212891e+03
-4.0129670410e+03
-3.3596245117e+03
-3.2824819336e+03
-3.3328801270e+03
-3.3327629395e+03
-3.3327629395e+03
-3.3328801270e+03
-3.2824819336e+03
-3.3596245117e+03
-2.6663674316e+03
-2.6034440918e+03
-2.6440393066e+03
-2.6441699219e+03
-2.6441699219e+03
-2.6440393066e+03
-2.6034440918e+03
-2.6663674316e+03
-1.9821872559e+03
-1.9364901123e+03
-1.9669331055e+03
-1.9674562988e+03
-1.9674562988e+03
-1.9669331055e+03
-1.9364901123e+03
-1.9821872559e+03
-1.2897403564e+03
-1.2607104492e+03
-1.2802105713e+03
-1.2808137207e+03
-1.2808137207e+03
-1.2802105713e+03
-1.2607104492e+03
-1.2897403564e+03
-6.0092346191e+02
-5.8910943604e+02
-5.9799291992e+02
-5.9867425537e+02
-5.9867425537e+02
-5.9799291992e+02
-5.8910943604e+02
-6.0092346191e+02
9.0804252625e+01
8.6231964111e+01
8.7952537537e+01
8.7493713379e+01
8.7493713379e+01
8.7952537537e+01
8.6231964111e+01
9.0804252625e+01
7.7621124268e+02
7.5490075684e+02
7.6657275391e+02
7.6602539062e+02
7.6602539062e+02
7.6657275391e+02
7.5490075684e+02
7.7621124268e+02
1.4676766357e+03
1.4321450195e+03
1.4540056152e+03
1.4535177002e+03
1.4535177002e+03
1.4540056152e+03
1.4321450195e+03
1.4676766357e+03
2.1337526855e+03
2.0801733398e+03
2.1071906738e+03
2.1049978027e+03
2.1049978027e+03
2.1071906738e+03
2.0801733398e+03
2.1337526855e+03
2.8679887695e+03
2.8092194824e+03
2.8472128906e+03
2.8456477051e+03
2.8456477051e+03
2.8472128906e+03
2.8092194824e+03
2.8679887695e+03
-4.2986191406e+03
-4.3680605469e+03
-4.3114228516e+03
-4.3211025391e+03
-4.3211025391e+03
-4.3114228516e+03
-4.3680605469e+03
-4.2986191406e+03
-3.7444301758e+03
-3.8128508301e+03
-3.7637067871e+03
-3.7729160156e+03
-3.7729160156e+03
-3.7637067871e+03
-3.8128508301e+03
-3.7444301758e+03
-3.0887834473e+03
-3.1414208984e+03
-3.0965246582e+03
-3.1023945312e+03
-3.1023945312e+03
-3.0965246582e+03
-3.1414208984e+03
-3.0887834473e+03
-2.4803417969e+03
-2.5236892090e+03
-2.4878632812e+03
-2.4925454102e+03
-2.4925454102e+03
-2.4878632812e+03
-2.5236892090e+03
-2.4803417969e+03
-1.8612619629e+03
-1.8925528564e+03
-1.8656995850e+03
-1.8688763428e+03
-1.8688763428e+03
-1.8656995850e+03
-1.8925528564e+03
-1.8612619629e+03
-1.2507492676e+03
-1.2707237549e+03
-1.2537371826e+03
-1.2555841064e+03
-1.2555841064e+03
-1.2537371826e+03
-1.2707237549e+03
-1.2507492676e+03
-6.3536883545e+02
-6.4351507568e+02
-6.3593603516e+02
-6.3646527100e+02
-6.3646527100e+02
-6.3593603516e+02
-6.4351507568e+02
-6.3536883545e+02
-2.2752603531e+01
-1.9886285782e+01
-2.1752054214e+01
-2.1332448959e+01
-2.1332448959e+01
-2.1752054214e+01
-1.9886285782e+01
-2.2752603531e+01
5.9761865234e+02
6.1215594482e+02
6.0138568115e+02
6.0301647949e+02
6.0301647949e+02
6.0138568115e+02
6.1215594482e+02
5.9761865234e+02
1.2124812012e+03
1.2363557129e+03
1.2159838867e+03
1.2183339844e+03
1.2183339844e+03
1.2159838867e+03
1.2363557129e+03
1.2124812012e+03
1.8585975342e+03
1.8955289307e+03
1.8698829346e+03
1.8743973389e+03
1.8743973389e+03
1.8698829346e+03
1.8955289307e+03
1.8585975342e+03
2.4545356445e+03
2.4952346191e+03
2.4607343750e+03
2.4657263184e+03
2.4657263184e+03
2.4607343750e+03
2.4952346191e+03
2.4545356445e+03
-3.9863317871e+03
-3.9406511230e+03
-3.9890585938e+03
-3.9762531738e+03
-3.9762531738e+03
-3.9890585938e+03
-3.9406511230e+03
-3.9863317871e+03
-3.3961467285e+03
-3.3503117676e+03
-3.3924667969e+03
-3.3802502441e+03
-3.3802502441e+03
-3.3924667969e+03
-3.3503117676e+03
-3.3961467285e+03
-2.8880644531e+03
-2.8532714844e+03
-2.8910541992e+03
-2.8819208984e+03
-2.8819208984e+03
-2.8910541992e+03
-2.8532714844e+03
-2.8880644531e+03
-2.3326894531e+03
-2.3031286621e+03
-2.3326225586e+03
-2.3248872070e+03
-2.3248872070e+03
-2.3326225586e+03
-2.3031286621e+03
-2.3326894531e+03
-1.7904248047e+03
-1.7689665527e+03
-1.7908314209e+03
-1.7851717529e+03
-1.7851717529e+03
-1.7908314209e+03
-1.7689665527e+03
-1.7904248047e+03
-1.2384571533e+03
-1.2243092041e+03
-1.2376748047e+03
-1.2340659180e+03
-1.2340659180e+03
-1.2376748047e+03
-1.2243092041e+03
-1.2384571533e+03
-6.8988897705e+02
-6.8358416748e+02
-6.8907598877e+02
-6.8751458740e+02
-6.8751458740e+02
-6.8907598877e+02
-6.8358416748e+02
-6.8988897705e+02
-1.3478602600e+02
-1.3549977112e+02
-1.3308708191e+02
-1.3317610168e+02
-1.3317610168e+02
-1.3308708191e+02
-1.3549977112e+02
-1.3478602600e+02
4.1687393188e+02
4.0829260254e+02
4.1810421753e+02
4.1605676270e+02
4.1605676270e+02
4.1810421753e+02
4.0829260254e+02
4.1687393188e+02
9.8106848145e+02
9.6667584229e+02
9.8481445312e+02
9.8134753418e+02
9.8134753418e+02
9.8481445312e+02
9.6667584229e+02
9.8106848145e+02
1.5211082764e+03
1.4975795898e+03
1.5200433350e+03
1.5138857422e+03
1.5138857422e+03
1.5200433350e+03
1.4975795898e+03
1.5211082764e+03
2.1073227539e+03
2.0791286621e+03
2.1073356934e+03
2.0996247559e+03
2.0996247559e+03
2.1073356934e+03
2.0791286621e+03
2.1073227539e+03
-3.4830769043e+03
-3.5168491211e+03
-3.4805273438e+03
-3.4958261719e+03
-3.4958261719e+03
-3.4805273438e+03
-3.5168491211e+03
-3.4830769043e+03
-3.0653713379e+03
-3.0962990723e+03
-3.0629792480e+03
-3.0769753418e+03
-3.0769753418e+03
-3.0629792480e+03
-3.0962990723e+03
-3.0653713379e+03
-2.5780930176e+03
-2.6003796387e+03
-2.5698005371e+03
-2.5803642578e+03
-2.5803642578e+03
-2.5698005371e+03
-2.6003796387e+03
-2.5780930176e+03
-2.1320424805e+03
-2.1508090820e+03
-2.1267021484e+03
-2.1353566895e+03
-2.1353566895e+03
-2.1267021484e+03
-2.1508090820e+03
-2.1320424805e+03
-1.6668226318e+03
-1.6794875488e+03
-1.6609897461e+03
-1.6670623779e+03
-1.6670623779e+03
-1.6609897461e+03
-1.6794875488e+03
-1.6668226318e+03
-1.2071406250e+03
-1.2145490723e+03
-1.2027325439e+03
-1.2062052002e+03
-1.2062052002e+03
-1.2027325439e+03
-1.2145490723e+03
-1.2071406250e+03
-7.3872698975e+02
-7.4041278076e+02
-7.3453576660e+02
-7.3548992920e+02
-7.3548992920e+02
-7.3453576660e+02
-7.4041278076e+02
-7.3872698975e+02
-2.7178836060e+02
-2.6863693237e+02
-2.6873834229e+02
-2.6764489746e+02
-2.6764489746e+02
-2.6873834229e+02
-2.6863693237e+02
-2.7178836060e+02
2.0471769714e+02
2.1368144226e+02
2.0792803955e+02
2.1141001892e+02
2.1141001892e+02
2.0792803955e+02
2.1368144226e+02
2.0471769714e+02
6.7440875244e+02
6.8720898438e+02
6.7463281250e+02
6.7974627686e+02
6.7974627686e+02
6.7463281250e+02
6.8720898438e+02
6.7440875244e+02
1.1734337158e+03
1.1926325684e+03
1.1758518066e+03
1.1833424072e+03
1.1833424072e+03
1.1758518066e+03
1.1926325684e+03
1.1734337158e+03
1.6467587891e+03
1.6681889648e+03
1.6459499512e+03
1.6547824707e+03
1.6547824707e+03
1.6459499512e+03
1.6681889648e+03
1.6467587891e+03
-3.0443508301e+03
-3.0206691895e+03
-3.0495935059e+03
-3.0351726074e+03
-3.0351726074e+03
-3.0495935059e+03
-3.0206691895e+03
-3.0443508301e+03
-2.6548854980e+03
-2.6311638184e+03
-2.6562551270e+03
-2.6423618164e+03
-2.6423618164e+03
-2.6562551270e+03
-2.6311638184e+03
-2.6548854980e+03
-2.3141130371e+03
-2.2959240723e+03
-2.3177475586e+03
-2.3063601074e+03
-2.3063601074e+03
-2.3177475586e+03
-2.2959240723e+03
-2.3141130371e+03
-1.9301800537e+03
-1.9135690918e+03
-1.9297617188e+03
-1.9198889160e+03
-1.9198889160e+03
-1.9297617188e+03
-1.9135690918e+03
-1.9301800537e+03
-1.5602410889e+03
-1.5478289795e+03
-1.5595596924e+03
-1.5521208496e+03
-1.5521208496e+03
-1.5595596924e+03
-1.5478289795e+03
-1.5602410889e+03
-1.1777575684e+03
-1.1687849121e+03
-1.1749565430e+03
-1.1700766602e+03
-1.1700766602e+03
-1.1749565430e+03
-1.1687849121e+03
-1.1777575684e+03
-7.9708905029e+02
-7.9200488281e+02
-7.9356280518e+02
-7.9112420654e+02
-7.9112420654e+02
-7.9356280518e+02
-7.9200488281e+02
-7.9708905029e+02
-4.0701162720e+02
-4.0490142822e+02
-4.0190118408e+02
-4.0141497803e+02
-4.0141497803e+02
-4.0190118408e+02
-4.0490142822e+02
-4.0701162720e+02
-1.8328868866e+01
-2.0298835754e+01
-1.3045080185e+01
-1.4992864609e+01
-1.4992864609e+01
-1.3045080185e+01
-2.0298835754e+01
-1.8328868866e+01
3.8661471558e+02
3.8215600586e+02
3.9469656372e+02
3.9085977173e+02
3.9085977173e+02
3.9469656372e+02
3.8215600586e+02
3.8661471558e+02
7.7567138672e+02
7.6655432129e+02
7.8181402588e+02
7.7535064697e+02
7.7535064697e+02
7.8181402588e+02
7.6655432129e+02
7.7567138672e+02
1.1944498291e+03
1.1812037354e+03
1.1991507568e+03
1.1907100830e+03
1.1907100830e+03
1.1991507568e+03
1.1812037354e+03
1.1944498291e+03
-2.5108332520e+03
-2.5268059082e+03
-2.5049558105e+03
-2.5179968262e+03
-2.5179968262e+03
-2.5049558105e+03
-2.5268059082e+03
-2.5108332520e+03
-2.2660747070e+03
-2.2787668457e+03
-2.2578969727e+03
-2.2697187500e+03
-2.2697187500e+03
-2.2578969727e+03
-2.2787668457e+03
-2.2660747070e+03
-1.9734453125e+03
-1.9815340576e+03
-1.9621582031e+03
-1.9712272949e+03
-1.9712272949e+03
-1.9621582031e+03
-1.9815340576e+03
-1.9734453125e+03
-1.7104122314e+03
-1.7172860107e+03
-1.7019147949e+03
-1.7092668457e+03
-1.7092668457e+03
-1.7019147949e+03
-1.7172860107e+03
-1.7104122314e+03
-1.4244217529e+03
-1.4279310303e+03
-1.4155675049e+03
-1.4205064697e+03
-1.4205064697e+03
-1.4155675049e+03
-1.4279310303e+03
-1.4244217529e+03
-1.1423935547e+03
-1.1432725830e+03
-1.1353133545e+03
-1.1377226562e+03
-1.1377226562e+03
-1.1353133545e+03
-1.1432725830e+03
-1.1423935547e+03
-8.4918597412e+02
-8.4713507080e+02
-8.4249871826e+02
-8.4263940430e+02
-8.4263940430e+02
-8.4249871826e+02
-8.4713507080e+02
-8.4918597412e+02
-5.5585247803e+02
-5.5189770508e+02
-5.5048535156e+02
-5.4895275879e+02
-5.4895275879e+02
-5.5048535156e+02
-5.5189770508e+02
-5.5585247803e+02
-2.5090029907e+02
-2.4388839722e+02
-2.4567012024e+02
-2.4193780518e+02
-2.4193780518e+02
-2.4567012024e+02
-2.4388839722e+02
-2.5090029907e+02
4.8775989532e+01
5.7311450958e+01
5.1204769135e+01
5.6455844879e+01
5.6455844879e+01
5.1204769135e+01
5.7311450958e+01
4.8775989532e+01
3.7240530396e+02
3.8384558105e+02
3.7465502930e+02
3.8170462036e+02
3.8170462036e+02
3.7465502930e+02
3.8384558105e+02
3.7240530396e+02
6.8642474365e+02
6.9858349609e+02
6.8564019775e+02
6.9378070068e+02
6.9378070068e+02
6.8564019775e+02
6.9858349609e+02
6.8642474365e+02
-2.0063006592e+03
-1.9932054443e+03
-2.0095213623e+03
-1.9983054199e+03
-1.9983054199e+03
-2.0095213623e+03
-1.9932054443e+03
-2.0063006592e+03
-1.8239578857e+03
-1.8103333740e+03
-1.8238308105e+03
-1.8127938232e+03
-1.8127938232e+03
-1.8238308105e+03
-1.8103333740e+03
-1.8239578857e+03
-1.6680175781e+03
-1.6568973389e+03
-1.6680095215e+03
-1.6586130371e+03
-1.6586130371e+03
-1.6680095215e+03
-1.6568973389e+03
-1.6680175781e+03
-1.4763785400e+03
-1.4654460449e+03
-1.4730207520e+03
-1.4647004395e+03
-1.4647004395e+03
-1.4730207520e+03
-1.4654460449e+03
-1.4763785400e+03
-1.2964055176e+03
-1.2878118896e+03
-1.2929658203e+03
-1.2866175537e+03
-1.2866175537e+03
-1.2929658203e+03
-1.2878118896e+03
-1.2964055176e+03
-1.1015153809e+03
-1.0947430420e+03
-1.0960471191e+03
-1.0919215088e+03
-1.0919215088e+03
-1.0960471191e+03
-1.0947430420e+03
-1.1015153809e+03
-9.0692309570e+02
-9.0217492676e+02
-9.0099554443e+02
-8.9876171875e+02
-8.9876171875e+02
-9.0099554443e+02
-9.0217492676e+02
-9.0692309570e+02
-7.0127551270e+02
-6.9746826172e+02
-6.9409637451e+02
-6.9312976074e+02
-6.9312976074e+02
-6.9409637451e+02
-6.9746826172e+02
-7.0127551270e+02
-4.9572280884e+02
-4.9415750122e+02
-4.8855554199e+02
-4.8955151367e+02
-4.8955151367e+02
-4.8855554199e+02
-4.9415750122e+02
-4.9572280884e+02
-2.7350726318e+02
-2.7312237549e+02
-2.6445642090e+02
-2.6707235718e+02
-2.6707235718e+02
-2.6445642090e+02
-2.7312237549e+02
-2.7350726318e+02
-5.9179199219e+01
-6.1239936829e+01
-5.1171283722e+01
-5.5865093231e+01
-5.5865093231e+01
-5.1171283722e+01
-6.1239936829e+01
-5.9179199219e+01
1.7533651733e+02
1.6972460938e+02
1.8075050354e+02
1.7431718445e+02
1.7431718445e+02
1.8075050354e+02
1.6972460938e+02
1.7533651733e+02
-1.4561453857e+03
-1.4629110107e+03
-1.4498939209e+03
-1.4586771240e+03
-1.4586771240e+03
-1.4498939209e+03
-1.4629110107e+03
-1.4561453857e+03
-1.4012607422e+03
-1.4049125977e+03
-1.3918988037e+03
-1.3996611328e+03
-1.3996611328e+03
-1.3918988037e+03
-1.4049125977e+03
-1.4012607422e+03
-1.3124809570e+03
-1.3137122803e+03
-1.3013132324e+03
-1.3070786133e+03
-1.3070786133e+03
-1.3013132324e+03
-1.3137122803e+03
-1.3124809570e+03
-1.2423776855e+03
-1.2432668457e+03
-1.2331306152e+03
-1.2376640625e+03
-1.2376640625e+03
-1.2331306152e+03
-1.2432668457e+03
-1.2423776855e+03
-1.1495629883e+03
-1.1484736328e+03
-1.1398559570e+03
-1.1425701904e+03
-1.1425701904e+03
-1.1398559570e+03
-1.1484736328e+03
-1.1495629883e+03
-1.0596695557e+03
-1.0569864502e+03
-1.0516610107e+03
-1.0522946777e+03
-1.0522946777e+03
-1.0516610107e+03
-1.0569864502e+03
-1.0596695557e+03
-9.5739483643e+02
-9.5318103027e+02
-9.4957348633e+02
-9.4865057373e+02
-9.4865057373e+02
-9.4957348633e+02
-9.5318103027e+02
-9.5739483643e+02
-8.5381524658e+02
-8.4934429932e+02
-8.4704174805e+02
-8.4532989502e+02
-8.4532989502e+02
-8.4704174805e+02
-8.4934429932e+02
-8.5381524658e+02
-7.3775408936e+02
-7.3167797852e+02
-7.3111492920e+02
-7.2788763428e+02
-7.2788763428e+02
-7.3111492920e+02
-7.3167797852e+02
-7.3775408936e+02
-6.2448211670e+02
-6.1785418701e+02
-6.1998291016e+02
-6.1572796631e+02
-6.1572796631e+02
-6.1998291016e+02
-6.1785418701e+02
-6.2448211670e+02
-4.9242037964e+02
-4.8466247559e+02
-4.8901239014e+02
-4.8368533325e+02
-4.8368533325e+02
-4.8901239014e+02
-4.8466247559e+02
-4.9242037964e+02
-3.6118637085e+02
-3.5387258911e+02
-3.6104299927e+02
-3.5511541748e+02
-3.5511541748e+02
-3.6104299927e+02
-3.5387258911e+02
-3.6118637085e+02
-9.2488244629e+02
-9.1707830811e+02
-9.2581848145e+02
-9.1834179688e+02
-9.1834179688e+02
-9.2581848145e+02
-9.1707830811e+02
-9.2488244629e+02
-9.4842675781e+02
-9.3967083740e+02
-9.4617547607e+02
-9.3863885498e+02
-9.3863885498e+02
-9.4617547607e+02
-9.3967083740e+02
-9.4842675781e+02
-9.8464581299e+02
-9.7686468506e+02
-9.8166540527e+02
-9.7506079102e+02
-9.7506079102e+02
-9.8166540527e+02
-9.7686468506e+02
-9.8464581299e+02
-9.9275531006e+02
-9.8471691895e+02
-9.8742370605e+02
-9.8141052246e+02
-9.8141052246e+02
-9.8742370605e+02
-9.8471691895e+02
-9.9275531006e+02
-1.0091317749e+03
-1.0025191040e+03
-1.0039106445e+03
-9.9928723145e+02
-9.9928723145e+02
-1.0039106445e+03
-1.0025191040e+03
-1.0091317749e+03
-1.0099594116e+03
-1.0047457275e+03
-1.0029957886e+03
-1.0002090454e+03
-1.0002090454e+03
-1.0029957886e+03
-1.0047457275e+03
-1.0099594116e+03
-1.0103648682e+03
-1.0062546997e+03
-1.0033303223e+03
-1.0017542725e+03
-1.0017542725e+03
-1.0033303223e+03
-1.0062546997e+03
-1.0103648682e+03
-9.9947589111e+02
-9.9504992676e+02
-9.9167395020e+02
-9.9049212646e+02
-9.9049212646e+02
-9.9167395020e+02
-9.9504992676e+02
-9.9947589111e+02
-9.8783966064e+02
-9.8467797852e+02
-9.8026812744e+02
-9.8038757324e+02
-9.8038757324e+02
-9.8026812744e+02
-9.8467797852e+02
-9.8783966064e+02
-9.6113232422e+02
-9.5868212891e+02
-9.5258099365e+02
-9.5388104248e+02
-9.5388104248e+02
-9.5258099365e+02
-9.5868212891e+02
-9.6113232422e+02
-9.3704260254e+02
-9.3598846436e+02
-9.2939965820e+02
-9.3219207764e+02
-9.3219207764e+02
-9.2939965820e+02
-9.3598846436e+02
-9.3704260254e+02
-8.9838433838e+02
-9.0035754395e+02
-8.9378393555e+02
-8.9794580078e+02
-8.9794580078e+02
-8.9378393555e+02
-9.0035754395e+02
-8.9838433838e+02
-3.7763009644e+02
-3.7988986206e+02
-3.7222732544e+02
-3.7743688965e+02
-3.7743688965e+02
-3.7222732544e+02
-3.7988986206e+02
-3.7763009644e+02
-5.1523590088e+02
-5.1482110596e+02
-5.0672070312e+02
-5.1109924316e+02
-5.1109924316e+02
-5.0672070312e+02
-5.1482110596e+02
-5.1523590088e+02
-6.2838830566e+02
-6.2672064209e+02
-6.1871948242e+02
-6.2171856689e+02
-6.2171856689e+02
-6.1871948242e+02
-6.2672064209e+02
-6.2838830566e+02
-7.5217822266e+02
-7.5050085449e+02
-7.4365356445e+02
-7.4588549805e+02
-7.4588549805e+02
-7.4365356445e+02
-7.5050085449e+02
-7.5217822266e+02
-8.5599902344e+02
-8.5306506348e+02
-8.4704022217e+02
-8.4801568604e+02
-8.4801568604e+02
-8.4704022217e+02
-8.5306506348e+02
-8.5599902344e+02
-9.6210388184e+02
-9.5764538574e+02
-9.5466094971e+02
-9.5387670898e+02
-9.5387670898e+02
-9.5466094971e+02
-9.5764538574e+02
-9.6210388184e+02
-1.0559234619e+03
-1.0506784668e+03
-1.0484470215e+03
-1.0467540283e+03
-1.0467540283e+03
-1.0484470215e+03
-1.0506784668e+03
-1.0559234619e+03
-1.1479826660e+03
-1.1437110596e+03
-1.1412628174e+03
-1.1396470947e+03
-1.1396470947e+03
-1.1412628174e+03
-1.1437110596e+03
-1.1479826660e+03
-1.2284177246e+03
-1.2233823242e+03
-1.2218137207e+03
-1.2193339844e+03
-1.2193339844e+03
-1.2218137207e+03
-1.2233823242e+03
-1.2284177246e+03
-1.3098887939e+03
-1.3046767578e+03
-1.3048371582e+03
-1.3017845459e+03
-1.3017845459e+03
-1.3048371582e+03
-1.3046767578e+03
-1.3098887939e+03
-1.3770550537e+03
-1.3715598145e+03
-1.3732976074e+03
-1.3697492676e+03
-1.3697492676e+03
-1.3732976074e+03
-1.3715598145e+03
-1.3770550537e+03
-1.4413441162e+03
-1.4369594727e+03
-1.4408944092e+03
-1.4371374512e+03
-1.4371374512e+03
-1.4408944092e+03
-1.4369594727e+03
-1.4413441162e+03
1.4975399780e+02
1.5461563110e+02
1.5015742493e+02
1.5470642090e+02
1.5470642090e+02
1.5015742493e+02
1.5461563110e+02
1.4975399780e+02
-7.0895469666e+01
-6.4939773560e+01
-6.7645736694e+01
-6.2934417725e+01
-6.2934417725e+01
-6.7645736694e+01
-6.4939773560e+01
-7.0895469666e+01
-2.9652096558e+02
-2.9085705566e+02
-2.9237457275e+02
-2.8814218140e+02
-2.8814218140e+02
-2.9237457275e+02
-2.9085705566e+02
-2.9652096558e+02
-5.0092626953e+02
-4.9492694092e+02
-4.9531723022e+02
-4.9131658936e+02
-4.9131658936e+02
-4.9531723022e+02
-4.9492694092e+02
-5.0092626953e+02
-7.1070312500e+02
-7.0572735596e+02
-7.0529766846e+02
-7.0222955322e+02
-7.0222955322e+02
-7.0529766846e+02
-7.0572735596e+02
-7.1070312500e+02
-9.0605865479e+02
-9.0292584229e+02
-8.9932501221e+02
-8.9791955566e+02
-8.9791955566e+02
-8.9932501221e+02
-9.0292584229e+02
-9.0605865479e+02
-1.1012984619e+03
-1.0987963867e+03
-1.0948276367e+03
-1.0941112061e+03
-1.0941112061e+03
-1.0948276367e+03
-1.0987963867e+03
-1.1012984619e+03
-1.2865842285e+03
-1.2825999756e+03
-1.2796909180e+03
-1.2786119385e+03
-1.2786119385e+03
-1.2796909180e+03
-1.2825999756e+03
-1.2865842285e+03
-1.4708453369e+03
-1.4675413818e+03
-1.4643363037e+03
-1.4640258789e+03
-1.4640258789e+03
-1.4643363037e+03
-1.4675413818e+03
-1.4708453369e+03
-1.6428165283e+03
-1.6400965576e+03
-1.6359603271e+03
-1.6364661865e+03
-1.6364661865e+03
-1.6359603271e+03
-1.6400965576e+03
-1.6428165283e+03
-1.8150552979e+03
-1.8132310791e+03
-1.8091649170e+03
-1.8106785889e+03
-1.8106785889e+03
-1.8091649170e+03
-1.8132310791e+03
-1.8150552979e+03
-1.9768568115e+03
-1.9775521240e+03
-1.9739669189e+03
-1.9765051270e+03
-1.9765051270e+03
-1.9739669189e+03
-1.9775521240e+03
-1.9768568115e+03
6.7224017334e+02
6.7184533691e+02
6.7618023682e+02
6.7330706787e+02
6.7330706787e+02
6.7618023682e+02
6.7184533691e+02
6.7224017334e+02
3.5040078735e+02
3.5208285522e+02
3.5696371460e+02
3.5472540283e+02
3.5472540283e+02
3.5696371460e+02
3.5208285522e+02
3.5040078735e+02
4.6029144287e+01
4.8300498962e+01
5.3281536102e+01
5.1963237762e+01
5.1963237762e+01
5.3281536102e+01
4.8300498962e+01
4.6029144287e+01
-2.6403005981e+02
-2.6190817261e+02
-2.5742910767e+02
-2.5835913086e+02
-2.5835913086e+02
-2.5742910767e+02
-2.6190817261e+02
-2.6403005981e+02
-5.5816601562e+02
-5.5514691162e+02
-5.5130126953e+02
-5.5142510986e+02
-5.5142510986e+02
-5.5130126953e+02
-5.5514691162e+02
-5.5816601562e+02
-8.5472497559e+02
-8.4939605713e+02
-8.4900518799e+02
-8.4748406982e+02
-8.4748406982e+02
-8.4900518799e+02
-8.4939605713e+02
-8.5472497559e+02
-1.1402419434e+03
-1.1345662842e+03
-1.1343665771e+03
-1.1323883057e+03
-1.1323883057e+03
-1.1343665771e+03
-1.1345662842e+03
-1.1402419434e+03
-1.4241611328e+03
-1.4208913574e+03
-1.4190275879e+03
-1.4178127441e+03
-1.4178127441e+03
-1.4190275879e+03
-1.4208913574e+03
-1.4241611328e+03
-1.6990512695e+03
-1.6955715332e+03
-1.6940275879e+03
-1.6923881836e+03
-1.6923881836e+03
-1.6940275879e+03
-1.6955715332e+03
-1.6990512695e+03
-1.9745688477e+03
-1.9710284424e+03
-1.9706787109e+03
-1.9687517090e+03
-1.9687517090e+03
-1.9706787109e+03
-1.9710284424e+03
-1.9745688477e+03
-2.2400229492e+03
-2.2365581055e+03
-2.2372812500e+03
-2.2352285156e+03
-2.2352285156e+03
-2.2372812500e+03
-2.2365581055e+03
-2.2400229492e+03
-2.5022885742e+03
-2.5001298828e+03
-2.5025380859e+03
-2.5004929199e+03
-2.5004929199e+03
-2.5025380859e+03
-2.5001298828e+03
-2.5022885742e+03
1.1675791016e+03
1.1704421387e+03
1.1681645508e+03
1.1706940918e+03
1.1706940918e+03
1.1681645508e+03
1.1704421387e+03
1.1675791016e+03
7.6598736572e+02
7.6980853271e+02
7.6880291748e+02
7.7149932861e+02
7.7149932861e+02
7.6880291748e+02
7.6980853271e+02
7.6598736572e+02
3.6306079102e+02
3.6681802368e+02
3.6661105347e+02
3.6905813599e+02
3.6905813599e+02
3.6661105347e+02
3.6681802368e+02
3.6306079102e+02
-2.4747789383e+01
-2.0743503571e+01
-2.0463804245e+01
-1.8012363434e+01
-1.8012363434e+01
-2.0463804245e+01
-2.0743503571e+01
-2.4747789383e+01
-4.1623147583e+02
-4.1313653564e+02
-4.1218746948e+02
-4.1030294800e+02
-4.1030294800e+02
-4.1218746948e+02
-4.1313653564e+02
-4.1623147583e+02
-7.9541925049e+02
-7.9558526611e+02
-7.9085406494e+02
-7.9062597656e+02
-7.9062597656e+02
-7.9085406494e+02
-7.9558526611e+02
-7.9541925049e+02
-1.1759658203e+03
-1.1765062256e+03
-1.1718798828e+03
-1.1720230713e+03
-1.1720230713e+03
-1.1718798828e+03
-1.1765062256e+03
-1.1759658203e+03
-1.5495742188e+03
-1.5469440918e+03
-1.5449161377e+03
-1.5441503906e+03
-1.5441503906e+03
-1.5449161377e+03
-1.5469440918e+03
-1.5495742188e+03
-1.9222604980e+03
-1.9199197998e+03
-1.9180911865e+03
-1.9177977295e+03
-1.9177977295e+03
-1.9180911865e+03
-1.9199197998e+03
-1.9222604980e+03
-2.2862976074e+03
-2.2845134277e+03
-2.2821359863e+03
-2.2824296875e+03
-2.2824296875e+03
-2.2821359863e+03
-2.2845134277e+03
-2.2862976074e+03
-2.6505764160e+03
-2.6494296875e+03
-2.6474084473e+03
-2.6483325195e+03
-2.6483325195e+03
-2.6474084473e+03
-2.6494296875e+03
-2.6505764160e+03
-3.0083681641e+03
-3.0091997070e+03
-3.0077639160e+03
-3.0094172363e+03
-3.0094172363e+03
-3.0077639160e+03
-3.0091997070e+03
-3.0083681641e+03
1.6401436768e+03
1.6401030273e+03
1.6422514648e+03
1.6406563721e+03
1.6406563721e+03
1.6422514648e+03
1.6401030273e+03
1.6401436768e+03
1.1517003174e+03
1.1530599365e+03
1.1556491699e+03
1.1544808350e+03
1.1544808350e+03
1.1556491699e+03
1.1530599365e+03
1.1517003174e+03
6.7511419678e+02
6.7664093018e+02
6.7930688477e+02
6.7871746826e+02
6.7871746826e+02
6.7930688477e+02
6.7664093018e+02
6.7511419678e+02
1.9526181030e+02
1.9660633850e+02
1.9908314514e+02
1.9857176208e+02
1.9857176208e+02
1.9908314514e+02
1.9660633850e+02
1.9526181030e+02
-2.7310781860e+02
-2.7108367920e+02
-2.6926760864e+02
-2.6942059326e+02
-2.6942059326e+02
-2.6926760864e+02
-2.7108367920e+02
-2.7310781860e+02
-7.4538537598e+02
-7.3907623291e+02
-7.4164624023e+02
-7.4018878174e+02
-7.4018878174e+02
-7.4164624023e+02
-7.3907623291e+02
-7.4538537598e+02
-1.2082894287e+03
-1.2019233398e+03
-1.2044290771e+03
-1.2027740479e+03
-1.2027740479e+03
-1.2044290771e+03
-1.2019233398e+03
-1.2082894287e+03
-1.6697877197e+03
-1.6681622314e+03
-1.6674619141e+03
-1.6670120850e+03
-1.6670120850e+03
-1.6674619141e+03
-1.6681622314e+03
-1.6697877197e+03
-2.1266765137e+03
-2.1252031250e+03
-2.1244604492e+03
-2.1237360840e+03
-2.1237360840e+03
-2.1244604492e+03
-2.1252031250e+03
-2.1266765137e+03
-2.5849055176e+03
-2.5834614258e+03
-2.5835905762e+03
-2.5826914062e+03
-2.5826914062e+03
-2.5835905762e+03
-2.5834614258e+03
-2.5849055176e+03
-3.0374226074e+03
-3.0361542969e+03
-3.0369411621e+03
-3.0361076660e+03
-3.0361076660e+03
-3.0369411621e+03
-3.0361542969e+03
-3.0374226074e+03
-3.4885893555e+03
-3.4884633789e+03
-3.4904548340e+03
-3.4896928711e+03
-3.4896928711e+03
-3.4904548340e+03
-3.4884633789e+03
-3.4885893555e+03
2.0739201660e+03
2.0752019043e+03
2.0738574219e+03
2.0750747070e+03
2.0750747070e+03
2.0738574219e+03
2.0752019043e+03
2.0739201660e+03
1.5153436279e+03
1.5172321777e+03
1.5166822510e+03
1.5180018311e+03
1.5180018311e+03
1.5166822510e+03
1.5172321777e+03
1.5153436279e+03
9.5656298828e+02
9.5838110352e+02
9.5829162598e+02
9.5945495605e+02
9.5945495605e+02
9.5829162598e+02
9.5838110352e+02
9.5656298828e+02
4.0765228271e+02
4.0937094116e+02
4.0941857910e+02
4.1071420288e+02
4.1071420288e+02
4.0941857910e+02
4.0937094116e+02
4.0765228271e+02
-1.4459213257e+02
-1.4363507080e+02
-1.4310859680e+02
-1.4194232178e+02
-1.4194232178e+02
-1.4310859680e+02
-1.4363507080e+02
-1.4459213257e+02
-6.8619439697e+02
-6.9150939941e+02
-6.8619622803e+02
-6.8667596436e+02
-6.8667596436e+02
-6.8619622803e+02
-6.9150939941e+02
-6.8619439697e+02
-1.2322298584e+03
-1.2377952881e+03
-1.2327598877e+03
-1.2334688721e+03
-1.2334688721e+03
-1.2327598877e+03
-1.2377952881e+03
-1.2322298584e+03
-1.7762664795e+03
-1.7755870361e+03
-1.7747767334e+03
-1.7742926025e+03
-1.7742926025e+03
-1.7747767334e+03
-1.7755870361e+03
-1.7762664795e+03
-2.3188312988e+03
-2.3183171387e+03
-2.3179077148e+03
-2.3179184570e+03
-2.3179184570e+03
-2.3179077148e+03
-2.3183171387e+03
-2.3188312988e+03
-2.8571298828e+03
-2.8569653320e+03
-2.8562531738e+03
-2.8567243652e+03
-2.8567243652e+03
-2.8562531738e+03
-2.8569653320e+03
-2.8571298828e+03
-3.3970346680e+03
-3.3973632812e+03
-3.3970712891e+03
-3.3978974609e+03
-3.3978974609e+03
-3.3970712891e+03
-3.3973632812e+03
-3.3970346680e+03
-3.9345895996e+03
-3.9363034668e+03
-3.9364750977e+03
-3.9377705078e+03
-3.9377705078e+03
-3.9364750977e+03
-3.9363034668e+03
-3.9345895996e+03
2.4676567383e+03
2.4671777344e+03
2.4678051758e+03
2.4667609863e+03
2.4667609863e+03
2.4678051758e+03
2.4671777344e+03
2.4676567383e+03
1.8393342285e+03
1.8396636963e+03
1.8405190430e+03
1.8397314453e+03
1.8397314453e+03
1.8405190430e+03
1.8396636963e+03
1.8393342285e+03
1.2182656250e+03
1.2184581299e+03
1.2193712158e+03
1.2188736572e+03
1.2188736572e+03
1.2193712158e+03
1.2184581299e+03
1.2182656250e+03
5.9452062988e+02
5.9495507812e+02
5.9562390137e+02
5.9505218506e+02
5.9505218506e+02
5.9562390137e+02
5.9495507812e+02
5.9452062988e+02
-2.1579086304e+01
-2.1113035202e+01
-2.0708644867e+01
-2.1535430908e+01
-2.1535430908e+01
-2.0708644867e+01
-2.1113035202e+01
-2.1579086304e+01
-6.4555389404e+02
-6.3663690186e+02
-6.4177209473e+02
-6.4110150146e+02
-6.4110150146e+02
-6.4177209473e+02
-6.3663690186e+02
-6.4555389404e+02
-1.2605522461e+03
-1.2517364502e+03
-1.2568807373e+03
-1.2561251221e+03
-1.2561251221e+03
-1.2568807373e+03
-1.2517364502e+03
-1.2605522461e+03
-1.8729033203e+03
-1.8732069092e+03
-1.8736134033e+03
-1.8742552490e+03
-1.8742552490e+03
-1.8736134033e+03
-1.8732069092e+03
-1.8729033203e+03
-2.4876818848e+03
-2.4879521484e+03
-2.4884956055e+03
-2.4886469727e+03
-2.4886469727e+03
-2.4884956055e+03
-2.4879521484e+03
-2.4876818848e+03
-3.1046569824e+03
-3.1054875488e+03
-3.1065332031e+03
-3.1065847168e+03
-3.1065847168e+03
-3.1065332031e+03
-3.1054875488e+03
-3.1046569824e+03
-3.7204941406e+03
-3.7214514160e+03
-3.7229348145e+03
-3.7230849609e+03
-3.7230849609e+03
-3.7229348145e+03
-3.7214514160e+03
-3.7204941406e+03
-4.3378447266e+03
-4.3396347656e+03
-4.3418500977e+03
-4.3420649414e+03
-4.3420649414e+03
-4.3418500977e+03
-4.3396347656e+03
-4.3378447266e+03
2.8090949707e+03
2.8090168457e+03
2.8078518066e+03
2.8082106934e+03
2.8082106934e+03
2.8078518066e+03
2.8090168457e+03
2.8090949707e+03
2.1258234863e+03
2.1257700195e+03
2.1249924316e+03
2.1252895508e+03
2.1252895508e+03
2.1249924316e+03
2.1257700195e+03
2.1258234863e+03
1.4421033936e+03
1.4419731445e+03
1.4410582275e+03
1.4412945557e+03
1.4412945557e+03
1.4410582275e+03
1.4419731445e+03
1.4421033936e+03
7.6436566162e+02
7.6291906738e+02
7.6231402588e+02
7.6244433594e+02
7.6244433594e+02
7.6231402588e+02
7.6291906738e+02
7.6436566162e+02
8.1993003845e+01
8.1156387329e+01
7.9717742920e+01
8.0375404358e+01
8.0375404358e+01
7.9717742920e+01
8.1156387329e+01
8.1993003845e+01
-5.8795593262e+02
-6.0117126465e+02
-5.9687731934e+02
-5.9779083252e+02
-5.9779083252e+02
-5.9687731934e+02
-6.0117126465e+02
-5.8795593262e+02
-1.2683868408e+03
-1.2819071045e+03
-1.2776968994e+03
-1.2788074951e+03
-1.2788074951e+03
-1.2776968994e+03
-1.2819071045e+03
-1.2683868408e+03
-1.9547883301e+03
-1.9560491943e+03
-1.9574592285e+03
-1.9572324219e+03
-1.9572324219e+03
-1.9574592285e+03
-1.9560491943e+03
-1.9547883301e+03
-2.6357573242e+03
-2.6382880859e+03
-2.6391774902e+03
-2.6398498535e+03
-2.6398498535e+03
-2.6391774902e+03
-2.6382880859e+03
-2.6357573242e+03
-3.3179204102e+03
-3.3196491699e+03
-3.3207529297e+03
-3.3215734863e+03
-3.3215734863e+03
-3.3207529297e+03
-3.3196491699e+03
-3.3179204102e+03
-4.0030812988e+03
-4.0053190918e+03
-4.0064697266e+03
-4.0075349121e+03
-4.0075349121e+03
-4.0064697266e+03
-4.0053190918e+03
-4.0030812988e+03
-4.6900493164e+03
-4.6929565430e+03
-4.6944086914e+03
-4.6956625977e+03
-4.6956625977e+03
-4.6944086914e+03
-4.6929565430e+03
-4.6900493164e+03
3.0932258301e+03
3.0922890625e+03
3.0921765137e+03
3.0914758301e+03
3.0914758301e+03
3.0921765137e+03
3.0922890625e+03
3.0932258301e+03
2.3605019531e+03
2.3601601562e+03
2.3599072266e+03
2.3594387207e+03
2.3594387207e+03
2.3599072266e+03
2.3601601562e+03
2.3605019531e+03
1.6318748779e+03
1.6307243652e+03
1.6311662598e+03
1.6305563965e+03
1.6305563965e+03
1.6311662598e+03
1.6307243652e+03
1.6318748779e+03
8.9944763184e+02
9.0050445557e+02
8.9968145752e+02
8.9964093018e+02
8.9964093018e+02
8.9968145752e+02
9.0050445557e+02
8.9944763184e+02
1.7349636841e+02
1.7101846313e+02
1.7262733459e+02
1.7148471069e+02
1.7148471069e+02
1.7262733459e+02
1.7101846313e+02
1.7349636841e+02
-5.7016870117e+02
-5.5563995361e+02
-5.6028564453e+02
-5.5990075684e+02
-5.5990075684e+02
-5.6028564453e+02
-5.5563995361e+02
-5.7016870117e+02
-1.3005018311e+03
-1.2859534912e+03
-1.2910551758e+03
-1.2906269531e+03
-1.2906269531e+03
-1.2910551758e+03
-1.2859534912e+03
-1.3005018311e+03
-2.0222030029e+03
-2.0252943115e+03
-2.0246602783e+03
-2.0259693604e+03
-2.0259693604e+03
-2.0246602783e+03
-2.0252943115e+03
-2.0222030029e+03
-2.7590966797e+03
-2.7591193848e+03
-2.7609865723e+03
-2.7611972656e+03
-2.7611972656e+03
-2.7609865723e+03
-2.7591193848e+03
-2.7590966797e+03
-3.4967702637e+03
-3.4995666504e+03
-3.5007663574e+03
-3.5015502930e+03
-3.5015502930e+03
-3.5007663574e+03
-3.4995666504e+03
-3.4967702637e+03
-4.2384477539e+03
-4.2408388672e+03
-4.2430336914e+03
-4.2436533203e+03
-4.2436533203e+03
-4.2430336914e+03
-4.2408388672e+03
-4.2384477539e+03
-4.9839926758e+03
-4.9871484375e+03
-4.9894765625e+03
-4.9902241211e+03
-4.9902241211e+03
-4.9894765625e+03
-4.9871484375e+03
-4.9839926758e+03
3.3120126953e+03
3.3106992188e+03
3.3089860840e+03
3.3084499512e+03
3.3084499512e+03
3.3089860840e+03
3.3106992188e+03
3.3120126953e+03
2.5451530762e+03
2.5430764160e+03
2.5420195312e+03
2.5412255859e+03
2.5412255859e+03
2.5420195312e+03
2.5430764160e+03
2.5451530762e+03
1.7762637939e+03
1.7757509766e+03
1.7729344482e+03
1.7727894287e+03
1.7727894287e+03
1.7729344482e+03
1.7757509766e+03
1.7762637939e+03
1.0126634521e+03
1.0072976685e+03
1.0072581787e+03
1.0053050537e+03
1.0053050537e+03
1.0072581787e+03
1.0072976685e+03
1.0126634521e+03
2.3886897278e+02
2.4214965820e+02
2.3592546082e+02
2.3549203491e+02
2.3549203491e+02
2.3592546082e+02
2.4214965820e+02
2.3886897278e+02
-5.1020693970e+02
-5.3146929932e+02
-5.3172955322e+02
-5.3432971191e+02
-5.3432971191e+02
-5.3172955322e+02
-5.3146929932e+02
-5.1020693970e+02
-1.2827355957e+03
-1.3047517090e+03
-1.3045971680e+03
-1.3073969727e+03
-1.3073969727e+03
-1.3045971680e+03
-1.3047517090e+03
-1.2827355957e+03
-2.0761369629e+03
-2.0741513672e+03
-2.0802910156e+03
-2.0808820801e+03
-2.0808820801e+03
-2.0802910156e+03
-2.0741513672e+03
-2.0761369629e+03
-2.8497128906e+03
-2.8566379395e+03
-2.8574323730e+03
-2.8598305664e+03
-2.8598305664e+03
-2.8574323730e+03
-2.8566379395e+03
-2.8497128906e+03
-3.6337309570e+03
-3.6360895996e+03
-3.6397797852e+03
-3.6407290039e+03
-3.6407290039e+03
-3.6397797852e+03
-3.6360895996e+03
-3.6337309570e+03
-4.4195239258e+03
-4.4240317383e+03
-4.4261889648e+03
-4.4280009766e+03
-4.4280009766e+03
-4.4261889648e+03
-4.4240317383e+03
-4.4195239258e+03
-5.2116196289e+03
-5.2158100586e+03
-5.2186982422e+03
-5.2203920898e+03
-5.2203920898e+03
-5.2186982422e+03
-5.2158100586e+03
-5.2116196289e+03
3.4665219727e+03
3.4648264160e+03
3.4637509766e+03
3.4632087402e+03
3.4632087402e+03
3.4637509766e+03
3.4648264160e+03
3.4665219727e+03
2.6731882324e+03
2.6719619141e+03
2.6688920898e+03
2.6682644043e+03
2.6682644043e+03
2.6688920898e+03
2.6719619141e+03
2.6731882324e+03
1.8843728027e+03
1.8764934082e+03
1.8758276367e+03
1.8727524414e+03
1.8727524414e+03
1.8758276367e+03
1.8764934082e+03
1.8843728027e+03
1.0859757080e+03
1.0849017334e+03
1.0759631348e+03
1.0763120117e+03
1.0763120117e+03
1.0759631348e+03
1.0849017334e+03
1.0859757080e+03
3.0212686157e+02
2.7898269653e+02
2.8126458740e+02
2.7863284302e+02
2.7863284302e+02
2.8126458740e+02
2.7898269653e+02
3.0212686157e+02
-5.2613323975e+02
-5.1589636230e+02
-5.2036761475e+02
-5.1982702637e+02
-5.1982702637e+02
-5.2036761475e+02
-5.1589636230e+02
-5.2613323975e+02
-1.3248328857e+03
-1.3139278564e+03
-1.3193364258e+03
-1.3187384033e+03
-1.3187384033e+03
-1.3193364258e+03
-1.3139278564e+03
-1.3248328857e+03
-2.0965849609e+03
-2.1193112793e+03
-2.1179641113e+03
-2.1210402832e+03
-2.1210402832e+03
-2.1179641113e+03
-2.1193112793e+03
-2.0965849609e+03
-2.9130190430e+03
-2.9145336914e+03
-2.9240944824e+03
-2.9241789551e+03
-2.9241789551e+03
-2.9240944824e+03
-2.9145336914e+03
-2.9130190430e+03
-3.7196604004e+03
-3.7290959473e+03
-3.7308134766e+03
-3.7342431641e+03
-3.7342431641e+03
-3.7308134766e+03
-3.7290959473e+03
-3.7196604004e+03
-4.5394057617e+03
-4.5426948242e+03
-4.5473305664e+03
-4.5483764648e+03
-4.5483764648e+03
-4.5473305664e+03
-4.5426948242e+03
-4.5394057617e+03
-5.3617412109e+03
-5.3661757812e+03
-5.3690966797e+03
-5.3702138672e+03
-5.3702138672e+03
-5.3690966797e+03
-5.3661757812e+03
-5.3617412109e+03
3.5494543457e+03
3.5487307129e+03
3.5494838867e+03
3.5505820312e+03
3.5505820312e+03
3.5494838867e+03
3.5487307129e+03
3.5494543457e+03
2.7407211914e+03
2.7444416504e+03
2.7381811523e+03
2.7401550293e+03
2.7401550293e+03
2.7381811523e+03
2.7444416504e+03
2.7407211914e+03
1.9462010498e+03
1.9269718018e+03
1.9344915771e+03
1.9272205811e+03
1.9272205811e+03
1.9344915771e+03
1.9269718018e+03
1.9462010498e+03
1.1171311035e+03
1.1354432373e+03
1.1108516846e+03
1.1192265625e+03
1.1192265625e+03
1.1108516846e+03
1.1354432373e+03
1.1171311035e+03
3.5231704712e+02
2.8008221436e+02
3.0830676270e+02
3.0318585205e+02
3.0318585205e+02
3.0830676270e+02
2.8008221436e+02
3.5231704712e+02
-6.0500347900e+02
-5.1864965820e+02
-5.1474719238e+02
-5.0771224976e+02
-5.0771224976e+02
-5.1474719238e+02
-5.1864965820e+02
-6.0500347900e+02
-1.4180800781e+03
-1.3323535156e+03
-1.3285965576e+03
-1.3216166992e+03
-1.3216166992e+03
-1.3285965576e+03
-1.3323535156e+03
-1.4180800781e+03
-2.0868522949e+03
-2.1610644531e+03
-2.1330852051e+03
-2.1385588379e+03
-2.1385588379e+03
-2.1330852051e+03
-2.1610644531e+03
-2.0868522949e+03
-2.9522031250e+03
-2.9350383301e+03
-2.9609843750e+03
-2.9529655762e+03
-2.9529655762e+03
-2.9609843750e+03
-2.9350383301e+03
-2.9522031250e+03
-3.7548786621e+03
-3.7764907227e+03
-3.7700751953e+03
-3.7781931152e+03
-3.7781931152e+03
-3.7700751953e+03
-3.7764907227e+03
-3.7548786621e+03
-4.5981445312e+03
-4.5968066406e+03
-4.6048520508e+03
-4.6036391602e+03
-4.6036391602e+03
-4.6048520508e+03
-4.5968066406e+03
-4.5981445312e+03
-5.4327729492e+03
-5.4367133789e+03
-5.4374907227e+03
-5.4373979492e+03
-5.4373979492e+03
-5.4374907227e+03
-5.4367133789e+03
-5.4327729492e+03
3.5494543457e+03
3.5487307129e+03
3.5494838867e+03
3.5505820312e+03
3.5505820312e+03
3.5494838867e+03
3.5487307129e+03
3.5494543457e+03
2.7407211914e+03
2.7444416504e+03
2.7381811523e+03
2.7401550293e+03
2.7401550293e+03
2.7381811523e+03
2.7444416504e+03
2.7407211914e+03
1.9462010498e+03
1.9269718018e+03
1.9344915771e+03
1.9272205811e+03
1.9272205811e+03
1.9344915771e+03
1.9269718018e+03
1.9462010498e+03
1.1171311035e+03
1.1354432373e+03
1.1108516846e+03
1.1192265625e+03
1.1192265625e+03
1.1108516846e+03
1.1354432373e+03
1.1171311035e+03
3.5231704712e+02
2.8008221436e+02
3.0830676270e+02
3.0318585205e+02
3.0318585205e+02
3.0830676270e+02
2.8008221436e+02
3.5231704712e+02
-6.0500347900e+02
-5.1864965820e+02
-5.1474719238e+02
-5.0771224976e+02
-5.0771224976e+02
-5.1474719238e+02
-5.1864965820e+02
-6.0500347900e+02
-1.4180800781e+03
-1.3323535156e+03
-1.3285965576e+03
-1.3216166992e+03
-1.3216166992e+03
-1.3285965576e+03
-1.3323535156e+03
-1.4180800781e+03
-2.0868522949e+03
-2.1610644531e+03
-2.1330852051e+03
-2.1385588379e+03
-2.1385588379e+03
-2.1330852051e+03
-2.1610644531e+03
-2.0868522949e+03
-2.9522031250e+03
-2.9350383301e+03
-2.9609843750e+03
-2.9529655762e+03
-2.9529655762e+03
-2.9609843750e+03
-2.9350383301e+03
-2.9522031250e+03
-3.7548786621e+03
-3.7764907227e+03
-3.7700751953e+03
-3.7781931152e+03
-3.7781931152e+03
-3.7700751953e+03
-3.7764907227e+03
-3.7548786621e+03
-4.5981445312e+03
-4.5968066406e+03
-4.6048520508e+03
-4.6036391602e+03
-4.6036391602e+03
-4.6048520508e+03
-4.5968066406e+03
-4.5981445312e+03
-5.4327729492e+03
-5.4367133789e+03
-5.4374907227e+03
-5.4373979492e+03
-5.4373979492e+03
-5.4374907227e+03
-5.4367133789e+03
-5.4327729492e+03
3.4665219727e+03
3.4648264160e+03
3.4637509766e+03
3.4632087402e+03
3.4632087402e+03
3.4637509766e+03
3.4648264160e+03
3.4665219727e+03
2.6731882324e+03
2.6719619141e+03
2.6688920898e+03
2.6682644043e+03
2.6682644043e+03
2.6688920898e+03
2.6719619141e+03
2.6731882324e+03
1.8843728027e+03
1.8764934082e+03
1.8758276367e+03
1.8727524414e+03
1.8727524414e+03
1.8758276367e+03
1.8764934082e+03
1.8843728027e+03
1.0859757080e+03
1.0849017334e+03
1.0759631348e+03
1.0763120117e+03
1.0763120117e+03
1.0759631348e+03
1.0849017334e+03
1.0859757080e+03
3.0212686157e+02
2.7898269653e+02
2.8126458740e+02
2.7863284302e+02
2.7863284302e+02
2.8126458740e+02
2.7898269653e+02
3.0212686157e+02
-5.2613323975e+02
-5.1589636230e+02
-5.2036761475e+02
-5.1982702637e+02
-5.1982702637e+02
-5.2036761475e+02
-5.1589636230e+02
-5.2613323975e+02
-1.3248328857e+03
-1.3139278564e+03
-1.3193364258e+03
-1.3187384033e+03
-1.3187384033e+03
-1.3193364258e+03
-1.3139278564e+03
-1.3248328857e+03
-2.0965849609e+03
-2.1193112793e+03
-2.1179641113e+03
-2.1210402832e+03
-2.1210402832e+03
-2.1179641113e+03
-2.1193112793e+03
-2.0965849609e+03
-2.9130190430e+03
-2.9145336914e+03
-2.9240944824e+03
-2.9241789551e+03
-2.9241789551e+03
-2.9240944824e+03
-2.9145336914e+03
-2.9130190430e+03
-3.7196604004e+03
-3.7290959473e+03
-3.7308134766e+03
-3.7342431641e+03
-3.7342431641e+03
-3.7308134766e+03
-3.7290959473e+03
-3.7196604004e+03
-4.5394057617e+03
-4.5426948242e+03
-4.5473305664e+03
-4.5483764648e+03
-4.5483764648e+03
-4.5473305664e+03
-4.5426948242e+03
-4.5394057617e+03
-5.3617412109e+03
-5.3661757812e+03
-5.3690966797e+03
-5.3702138672e+03
-5.3702138672e+03
-5.3690966797e+03
-5.3661757812e+03
-5.3617412109e+03
3.3120126953e+03
3.3106992188e+03
3.3089860840e+03
3.3084499512e+03
3.3084499512e+03
3.3089860840e+03
3.3106992188e+03
3.3120126953e+03
2.5451530762e+03
2.5430764160e+03
2.5420195312e+03
2.5412255859e+03
2.5412255859e+03
2.5420195312e+03
2.5430764160e+03
2.5451530762e+03
1.7762637939e+03
1.7757509766e+03
1.7729344482e+03
1.7727895508e+03
1.7727895508e+03
1.7729344482e+03
1.7757509766e+03
1.7762637939e+03
1.0126635132e+03
1.0072976685e+03
1.0072581787e+03
1.0053050537e+03
1.0053050537e+03
1.0072581787e+03
1.0072976685e+03
1.0126635132e+03
2.3886897278e+02
2.4214967346e+02
2.3592547607e+02
2.3549203491e+02
2.3549203491e+02
2.3592547607e+02
2.4214967346e+02
2.3886897278e+02
-5.1020693970e+02
-5.3146929932e+02
-5.3172955322e+02
-5.3432971191e+02
-5.3432971191e+02
-5.3172955322e+02
-5.3146929932e+02
-5.1020693970e+02
-1.2827355957e+03
-1.3047517090e+03
-1.3045971680e+03
-1.3073969727e+03
-1.3073969727e+03
-1.3045971680e+03
-1.3047517090e+03
-1.2827355957e+03
-2.0761369629e+03
-2.0741513672e+03
-2.0802910156e+03
-2.0808820801e+03
-2.0808820801e+03
-2.0802910156e+03
-2.0741513672e+03
-2.0761369629e+03
-2.8497128906e+03
-2.8566379395e+03
-2.8574323730e+03
-2.8598305664e+03
-2.8598305664e+03
-2.8574323730e+03
-2.8566379395e+03
-2.8497128906e+03
-3.6337309570e+03
-3.6360895996e+03
-3.6397797852e+03
-3.6407290039e+03
-3.6407290039e+03
-3.6397797852e+03
-3.6360895996e+03
-3.6337309570e+03
-4.4195239258e+03
-4.4240317383e+03
-4.4261889648e+03
-4.4280009766e+03
-4.4280009766e+03
-4.4261889648e+03
-4.4240317383e+03
-4.4195239258e+03
-5.2116196289e+03
-5.2158105469e+03
-5.2186982422e+03
-5.2203920898e+03
-5.2203920898e+03
-5.2186982422e+03
-5.2158105469e+03
-5.2116196289e+03
3.0932258301e+03
3.0922890625e+03
3.0921765137e+03
3.0914758301e+03
3.0914758301e+03
3.0921765137e+03
3.0922890625e+03
3.0932258301e+03
2.3605019531e+03
2.3601601562e+03
2.3599072266e+03
2.3594387207e+03
2.3594387207e+03
2.3599072266e+03
2.3601601562e+03
2.3605019531e+03
1.6318748779e+03
1.6307243652e+03
1.6311662598e+03
1.6305563965e+03
1.6305563965e+03
1.6311662598e+03
1.6307243652e+03
1.6318748779e+03
8.9944763184e+02
9.0050445557e+02
8.9968145752e+02
8.9964093018e+02
8.9964093018e+02
8.9968145752e+02
9.0050445557e+02
8.9944763184e+02
1.7349636841e+02
1.7101846313e+02
1.7262734985e+02
1.7148471069e+02
1.7148471069e+02
1.7262734985e+02
1.7101846313e+02
1.7349636841e+02
-5.7016870117e+02
-5.5563995361e+02
-5.6028564453e+02
-5.5990075684e+02
-5.5990075684e+02
-5.6028564453e+02
-5.5563995361e+02
-5.7016870117e+02
-1.3005018311e+03
-1.2859534912e+03
-1.2910551758e+03
-1.2906269531e+03
-1.2906269531e+03
-1.2910551758e+03
-1.2859534912e+03
-1.3005018311e+03
-2.0222030029e+03
-2.0252943115e+03
-2.0246602783e+03
-2.0259693604e+03
-2.0259693604e+03
-2.0246602783e+03
-2.0252943115e+03
-2.0222030029e+03
-2.7590966797e+03
-2.7591193848e+03
-2.7609865723e+03
-2.7611972656e+03
-2.7611972656e+03
-2.7609865723e+03
-2.7591193848e+03
-2.7590966797e+03
-3.4967702637e+03
-3.4995666504e+03
-3.5007663574e+03
-3.5015502930e+03
-3.5015502930e+03
-3.5007663574e+03
-3.4995666504e+03
-3.4967702637e+03
-4.2384477539e+03
-4.2408388672e+03
-4.2430336914e+03
-4.2436533203e+03
-4.2436533203e+03
-4.2430336914e+03
-4.2408388672e+03
-4.2384477539e+03
-4.9839926758e+03
-4.9871484375e+03
-4.9894765625e+03
-4.9902241211e+03
-4.9902241211e+03
-4.9894765625e+03
-4.9871484375e+03
-4.9839926758e+03
2.8090949707e+03
2.8090168457e+03
2.8078518066e+03
2.8082106934e+03
2.8082106934e+03
2.8078518066e+03
2.8090168457e+03
2.8090949707e+03
2.1258234863e+03
2.1257700195e+03
2.1249924316e+03
2.1252895508e+03
2.1252895508e+03
2.1249924316e+03
2.1257700195e+03
2.1258234863e+03
1.4421033936e+03
1.4419731445e+03
1.4410582275e+03
1.4412945557e+03
1.4412945557e+03
1.4410582275e+03
1.4419731445e+03
1.4421033936e+03
7.6436566162e+02
7.6291906738e+02
7.6231402588e+02
7.6244433594e+02
7.6244433594e+02
7.6231402588e+02
7.6291906738e+02
7.6436566162e+02
8.1993011475e+01
8.1156394958e+01
7.9717750549e+01
8.0375411987e+01
8.0375411987e+01
7.9717750549e+01
8.1156394958e+01
8.1993011475e+01
-5.8795593262e+02
-6.0117126465e+02
-5.9687731934e+02
-5.9779083252e+02
-5.9779083252e+02
-5.9687731934e+02
-6.0117126465e+02
-5.8795593262e+02
-1.2683868408e+03
-1.2819071045e+03
-1.2776968994e+03
-1.2788076172e+03
-1.2788076172e+03
-1.2776968994e+03
-1.2819071045e+03
-1.2683868408e+03
-1.9547883301e+03
-1.9560491943e+03
-1.9574592285e+03
-1.9572324219e+03
-1.9572324219e+03
-1.9574592285e+03
-1.9560491943e+03
-1.9547883301e+03
-2.6357573242e+03
-2.6382880859e+03
-2.6391774902e+03
-2.6398500977e+03
-2.6398500977e+03
-2.6391774902e+03
-2.6382880859e+03
-2.6357573242e+03
-3.3179204102e+03
-3.3196491699e+03
-3.3207531738e+03
-3.3215734863e+03
-3.3215734863e+03
-3.3207531738e+03
-3.3196491699e+03
-3.3179204102e+03
-4.0030812988e+03
-4.0053190918e+03
-4.0064697266e+03
-4.0075349121e+03
-4.0075349121e+03
-4.0064697266e+03
-4.0053190918e+03
-4.0030812988e+03
-4.6900493164e+03
-4.6929565430e+03
-4.6944086914e+03
-4.6956625977e+03
-4.6956625977e+03
-4.6944086914e+03
-4.6929565430e+03
-4.6900493164e+03
2.4676567383e+03
2.4671777344e+03
2.4678051758e+03
2.4667609863e+03
2.4667609863e+03
2.4678051758e+03
2.4671777344e+03
2.4676567383e+03
1.8393342285e+03
1.8396636963e+03
1.8405190430e+03
1.8397314453e+03
1.8397314453e+03
1.8405190430e+03
1.8396636963e+03
1.8393342285e+03
1.2182656250e+03
1.2184581299e+03
1.2193712158e+03
1.2188736572e+03
1.2188736572e+03
1.2193712158e+03
1.2184581299e+03
1.2182656250e+03
5.9452062988e+02
5.9495507812e+02
5.9562390137e+02
5.9505224609e+02
5.9505224609e+02
5.9562390137e+02
5.9495507812e+02
5.9452062988e+02
-2.1579080582e+01
-2.1113029480e+01
-2.0708637238e+01
-2.1535423279e+01
-2.1535423279e+01
-2.0708637238e+01
-2.1113029480e+01
-2.1579080582e+01
-6.4555389404e+02
-6.3663690186e+02
-6.4177209473e+02
-6.4110150146e+02
-6.4110150146e+02
-6.4177209473e+02
-6.3663690186e+02
-6.4555389404e+02
-1.2605522461e+03
-1.2517364502e+03
-1.2568807373e+03
-1.2561251221e+03
-1.2561251221e+03
-1.2568807373e+03
-1.2517364502e+03
-1.2605522461e+03
-1.8729033203e+03
-1.8732069092e+03
-1.8736135254e+03
-1.8742552490e+03
-1.8742552490e+03
-1.8736135254e+03
-1.8732069092e+03
-1.8729033203e+03
-2.4876818848e+03
-2.4879521484e+03
-2.4884956055e+03
-2.4886469727e+03
-2.4886469727e+03
-2.4884956055e+03
-2.4879521484e+03
-2.4876818848e+03
-3.1046569824e+03
-3.1054875488e+03
-3.1065332031e+03
-3.1065847168e+03
-3.1065847168e+03
-3.1065332031e+03
-3.1054875488e+03
-3.1046569824e+03
-3.7204941406e+03
-3.7214514160e+03
-3.7229348145e+03
-3.7230849609e+03
-3.7230849609e+03
-3.7229348145e+03
-3.7214514160e+03
-3.7204941406e+03
-4.3378447266e+03
-4.3396347656e+03
-4.3418500977e+03
-4.3420654297e+03
-4.3420654297e+03
-4.3418500977e+03
-4.3396347656e+03
-4.3378447266e+03
2.0739201660e+03
2.0752019043e+03
2.0738574219e+03
2.0750747070e+03
2.0750747070e+03
2.0738574219e+03
2.0752019043e+03
2.0739201660e+03
1.5153436279e+03
1.5172321777e+03
1.5166822510e+03
1.5180018311e+03
1.5180018311e+03
1.5166822510e+03
1.5172321777e+03
1.5153436279e+03
9.5656304932e+02
9.5838110352e+02
9.5829162598e+02
9.5945495605e+02
9.5945495605e+02
9.5829162598e+02
9.5838110352e+02
9.5656304932e+02
4.0765231323e+02
4.0937094116e+02
4.0941860962e+02
4.1071423340e+02
4.1071423340e+02
4.0941860962e+02
4.0937094116e+02
4.0765231323e+02
-1.4459213257e+02
-1.4363505554e+02
-1.4310859680e+02
-1.4194230652e+02
-1.4194230652e+02
-1.4310859680e+02
-1.4363505554e+02
-1.4459213257e+02
-6.8619439697e+02
-6.9150939941e+02
-6.8619622803e+02
-6.8667596436e+02
-6.8667596436e+02
-6.8619622803e+02
-6.9150939941e+02
-6.8619439697e+02
-1.2322298584e+03
-1.2377952881e+03
-1.2327598877e+03
-1.2334688721e+03
-1.2334688721e+03
-1.2327598877e+03
-1.2377952881e+03
-1.2322298584e+03
-1.7762664795e+03
-1.7755870361e+03
-1.7747767334e+03
-1.7742927246e+03
-1.7742927246e+03
-1.7747767334e+03
-1.7755870361e+03
-1.7762664795e+03
-2.3188312988e+03
-2.3183171387e+03
-2.3179077148e+03
-2.3179184570e+03
-2.3179184570e+03
-2.3179077148e+03
-2.3183171387e+03
-2.3188312988e+03
-2.8571298828e+03
-2.8569653320e+03
-2.8562531738e+03
-2.8567243652e+03
-2.8567243652e+03
-2.8562531738e+03
-2.8569653320e+03
-2.8571298828e+03
-3.3970346680e+03
-3.3973632812e+03
-3.3970712891e+03
-3.3978974609e+03
-3.3978974609e+03
-3.3970712891e+03
-3.3973632812e+03
-3.3970346680e+03
-3.9345895996e+03
-3.9363034668e+03
-3.9364753418e+03
-3.9377705078e+03
-3.9377705078e+03
-3.9364753418e+03
-3.9363034668e+03
-3.9345895996e+03
1.6401436768e+03
1.6401030273e+03
1.6422514648e+03
1.6406563721e+03
1.6406563721e+03
1.6422514648e+03
1.6401030273e+03
1.6401436768e+03
1.1517004395e+03
1.1530599365e+03
1.1556491699e+03
1.1544808350e+03
1.1544808350e+03
1.1556491699e+03
1.1530599365e+03
1.1517004395e+03
6.7511419678e+02
6.7664099121e+02
6.7930688477e+02
6.7871746826e+02
6.7871746826e+02
6.7930688477e+02
6.7664099121e+02
6.7511419678e+02
1.9526182556e+02
1.9660635376e+02
1.9908314514e+02
1.9857177734e+02
1.9857177734e+02
1.9908314514e+02
1.9660635376e+02
1.9526182556e+02
-2.7310781860e+02
-2.7108367920e+02
-2.6926760864e+02
-2.6942059326e+02
-2.6942059326e+02
-2.6926760864e+02
-2.7108367920e+02
-2.7310781860e+02
-7.4538537598e+02
-7.3907623291e+02
-7.4164624023e+02
-7.4018878174e+02
-7.4018878174e+02
-7.4164624023e+02
-7.3907623291e+02
-7.4538537598e+02
-1.2082894287e+03
-1.2019233398e+03
-1.2044290771e+03
-1.2027740479e+03
-1.2027740479e+03
-1.2044290771e+03
-1.2019233398e+03
-1.2082894287e+03
-1.6697877197e+03
-1.6681622314e+03
-1.6674619141e+03
-1.6670120850e+03
-1.6670120850e+03
-1.6674619141e+03
-1.6681622314e+03
-1.6697877197e+03
-2.1266765137e+03
-2.1252031250e+03
-2.1244604492e+03
-2.1237360840e+03
-2.1237360840e+03
-2.1244604492e+03
-2.1252031250e+03
-2.1266765137e+03
-2.5849055176e+03
-2.5834614258e+03
-2.5835905762e+03
-2.5826914062e+03
-2.5826914062e+03
-2.5835905762e+03
-2.5834614258e+03
-2.5849055176e+03
-3.0374226074e+03
-3.0361542969e+03
-3.0369411621e+03
-3.0361076660e+03
-3.0361076660e+03
-3.0369411621e+03
-3.0361542969e+03
-3.0374226074e+03
-3.4885893555e+03
-3.4884633789e+03
-3.4904548340e+03
-3.4896928711e+03
-3.4896928711e+03
-3.4904548340e+03
-3.4884633789e+03
-3.4885893555e+03
1.1675791016e+03
1.1704421387e+03
1.1681645508e+03
1.1706940918e+03
1.1706940918e+03
1.1681645508e+03
1.1704421387e+03
1.1675791016e+03
7.6598736572e+02
7.6980859375e+02
7.6880291748e+02
7.7149932861e+02
7.7149932861e+02
7.6880291748e+02
7.6980859375e+02
7.6598736572e+02
3.6306082153e+02
3.6681805420e+02
3.6661105347e+02
3.6905816650e+02
3.6905816650e+02
3.6661105347e+02
3.6681805420e+02
3.6306082153e+02
-2.4747776031e+01
-2.0743490219e+01
-2.0463790894e+01
-1.8012350082e+01
-1.8012350082e+01
-2.0463790894e+01
-2.0743490219e+01
-2.4747776031e+01
-4.1623147583e+02
-4.1313653564e+02
-4.1218746948e+02
-4.1030294800e+02
-4.1030294800e+02
-4.1218746948e+02
-4.1313653564e+02
-4.1623147583e+02
-7.9541925049e+02
-7.9558526611e+02
-7.9085406494e+02
-7.9062597656e+02
-7.9062597656e+02
-7.9085406494e+02
-7.9558526611e+02
-7.9541925049e+02
-1.1759658203e+03
-1.1765062256e+03
-1.1718798828e+03
-1.1720230713e+03
-1.1720230713e+03
-1.1718798828e+03
-1.1765062256e+03
-1.1759658203e+03
-1.5495742188e+03
-1.5469440918e+03
-1.5449161377e+03
-1.5441503906e+03
-1.5441503906e+03
-1.5449161377e+03
-1.5469440918e+03
-1.5495742188e+03
-1.9222604980e+03
-1.9199197998e+03
-1.9180911865e+03
-1.9177977295e+03
-1.9177977295e+03
-1.9180911865e+03
-1.9199197998e+03
-1.9222604980e+03
-2.2862976074e+03
-2.2845134277e+03
-2.2821359863e+03
-2.2824296875e+03
-2.2824296875e+03
-2.2821359863e+03
-2.2845134277e+03
-2.2862976074e+03
-2.6505764160e+03
-2.6494296875e+03
-2.6474084473e+03
-2.6483327637e+03
-2.6483327637e+03
-2.6474084473e+03
-2.6494296875e+03
-2.6505764160e+03
-3.0083684082e+03
-3.0091997070e+03
-3.0077639160e+03
-3.0094172363e+03
-3.0094172363e+03
-3.0077639160e+03
-3.0091997070e+03
-3.0083684082e+03
6.7224017334e+02
6.7184539795e+02
6.7618029785e+02
6.7330712891e+02
6.7330712891e+02
6.7618029785e+02
6.7184539795e+02
6.7224017334e+02
3.5040081787e+02
3.5208285522e+02
3.5696374512e+02
3.5472540283e+02
3.5472540283e+02
3.5696374512e+02
3.5208285522e+02
3.5040081787e+02
4.6029163361e+01
4.8300518036e+01
5.3281555176e+01
5.1963256836e+01
5.1963256836e+01
5.3281555176e+01
4.8300518036e+01
4.6029163361e+01
-2.6403005981e+02
-2.6190817261e+02
-2.5742907715e+02
-2.5835910034e+02
-2.5835910034e+02
-2.5742907715e+02
-2.6190817261e+02
-2.6403005981e+02
-5.5816601562e+02
-5.5514691162e+02
-5.5130126953e+02
-5.5142510986e+02
-5.5142510986e+02
-5.5130126953e+02
-5.5514691162e+02
-5.5816601562e+02
-8.5472497559e+02
-8.4939605713e+02
-8.4900518799e+02
-8.4748406982e+02
-8.4748406982e+02
-8.4900518799e+02
-8.4939605713e+02
-8.5472497559e+02
-1.1402419434e+03
-1.1345662842e+03
-1.1343665771e+03
-1.1323883057e+03
-1.1323883057e+03
-1.1343665771e+03
-1.1345662842e+03
-1.1402419434e+03
-1.4241611328e+03
-1.4208913574e+03
-1.4190275879e+03
-1.4178127441e+03
-1.4178127441e+03
-1.4190275879e+03
-1.4208913574e+03
-1.4241611328e+03
-1.6990512695e+03
-1.6955715332e+03
-1.6940275879e+03
-1.6923881836e+03
-1.6923881836e+03
-1.6940275879e+03
-1.6955715332e+03
-1.6990512695e+03
-1.9745689697e+03
-1.9710285645e+03
-1.9706787109e+03
-1.9687518311e+03
-1.9687518311e+03
-1.9706787109e+03
-1.9710285645e+03
-1.9745689697e+03
-2.2400229492e+03
-2.2365581055e+03
-2.2372812500e+03
-2.2352287598e+03
-2.2352287598e+03
-2.2372812500e+03
-2.2365581055e+03
-2.2400229492e+03
-2.5022885742e+03
-2.5001298828e+03
-2.5025380859e+03
-2.5004929199e+03
-2.5004929199e+03
-2.5025380859e+03
-2.5001298828e+03
-2.5022885742e+03
1.4975402832e+02
1.5461566162e+02
1.5015745544e+02
1.5470645142e+02
1.5470645142e+02
1.5015745544e+02
1.5461566162e+02
1.4975402832e+02
-7.0895439148e+01
-6.4939750671e+01
-6.7645706177e+01
-6.2934394836e+01
-6.2934394836e+01
-6.7645706177e+01
-6.4939750671e+01
-7.0895439148e+01
-2.9652096558e+02
-2.9085702515e+02
-2.9237457275e+02
-2.8814218140e+02
-2.8814218140e+02
-2.9237457275e+02
-2.9085702515e+02
-2.9652096558e+02
-5.0092626953e+02
-4.9492691040e+02
-4.9531723022e+02
-4.9131655884e+02
-4.9131655884e+02
-4.9531723022e+02
-4.9492691040e+02
-5.0092626953e+02
-7.1070312500e+02
-7.0572735596e+02
-7.0529766846e+02
-7.0222955322e+02
-7.0222955322e+02
-7.0529766846e+02
-7.0572735596e+02
-7.1070312500e+02
-9.0605865479e+02
-9.0292584229e+02
-8.9932501221e+02
-8.9791955566e+02
-8.9791955566e+02
-8.9932501221e+02
-9.0292584229e+02
-9.0605865479e+02
-1.1012984619e+03
-1.0987963867e+03
-1.0948276367e+03
-1.0941112061e+03
-1.0941112061e+03
-1.0948276367e+03
-1.0987963867e+03
-1.1012984619e+03
-1.2865842285e+03
-1.2825999756e+03
-1.2796909180e+03
-1.2786119385e+03
-1.2786119385e+03
-1.2796909180e+03
-1.2825999756e+03
-1.2865842285e+03
-1.4708453369e+03
-1.4675415039e+03
-1.4643363037e+03
-1.4640258789e+03
-1.4640258789e+03
-1.4643363037e+03
-1.4675415039e+03
-1.4708453369e+03
-1.6428165283e+03
-1.6400965576e+03
-1.6359604492e+03
-1.6364661865e+03
-1.6364661865e+03
-1.6359604492e+03
-1.6400965576e+03
-1.6428165283e+03
-1.8150552979e+03
-1.8132310791e+03
-1.8091649170e+03
-1.8106785889e+03
-1.8106785889e+03
-1.8091649170e+03
-1.8132310791e+03
-1.8150552979e+03
-1.9768568115e+03
-1.9775521240e+03
-1.9739669189e+03
-1.9765051270e+03
-1.9765051270e+03
-1.9739669189e+03
-1.9775521240e+03
-1.9768568115e+03
-3.7763006592e+02
-3.7988983154e+02
-3.7222729492e+02
-3.7743685913e+02
-3.7743685913e+02
-3.7222729492e+02
-3.7988983154e+02
-3.7763006592e+02
-5.1523590088e+02
-5.1482110596e+02
-5.0672067261e+02
-5.1109921265e+02
-5.1109921265e+02
-5.0672067261e+02
-5.1482110596e+02
-5.1523590088e+02
-6.2838830566e+02
-6.2672064209e+02
-6.1871948242e+02
-6.2171856689e+02
-6.2171856689e+02
-6.1871948242e+02
-6.2672064209e+02
-6.2838830566e+02
-7.5217822266e+02
-7.5050085449e+02
-7.4365350342e+02
-7.4588549805e+02
-7.4588549805e+02
-7.4365350342e+02
-7.5050085449e+02
-7.5217822266e+02
-8.5599902344e+02
-8.5306506348e+02
-8.4704022217e+02
-8.4801562500e+02
-8.4801562500e+02
-8.4704022217e+02
-8.5306506348e+02
-8.5599902344e+02
-9.6210388184e+02
-9.5764538574e+02
-9.5466094971e+02
-9.5387670898e+02
-9.5387670898e+02
-9.5466094971e+02
-9.5764538574e+02
-9.6210388184e+02
-1.0559234619e+03
-1.0506784668e+03
-1.0484470215e+03
-1.0467540283e+03
-1.0467540283e+03
-1.0484470215e+03
-1.0506784668e+03
-1.0559234619e+03
-1.1479826660e+03
-1.1437111816e+03
-1.1412628174e+03
-1.1396470947e+03
-1.1396470947e+03
-1.1412628174e+03
-1.1437111816e+03
-1.1479826660e+03
-1.2284178467e+03
-1.2233823242e+03
-1.2218137207e+03
-1.2193339844e+03
-1.2193339844e+03
-1.2218137207e+03
-1.2233823242e+03
-1.2284178467e+03
-1.3098887939e+03
-1.3046767578e+03
-1.3048371582e+03
-1.3017846680e+03
-1.3017846680e+03
-1.3048371582e+03
-1.3046767578e+03
-1.3098887939e+03
-1.3770550537e+03
-1.3715598145e+03
-1.3732976074e+03
-1.3697492676e+03
-1.3697492676e+03
-1.3732976074e+03
-1.3715598145e+03
-1.3770550537e+03
-1.4413442383e+03
-1.4369594727e+03
-1.4408944092e+03
-1.4371374512e+03
-1.4371374512e+03
-1.4408944092e+03
-1.4369594727e+03
-1.4413442383e+03
-9.2488244629e+02
-9.1707830811e+02
-9.2581842041e+02
-9.1834173584e+02
-9.1834173584e+02
-9.2581842041e+02
-9.1707830811e+02
-9.2488244629e+02
-9.4842669678e+02
-9.3967083740e+02
-9.4617541504e+02
-9.3863885498e+02
-9.3863885498e+02
-9.4617541504e+02
-9.3967083740e+02
-9.4842669678e+02
-9.8464581299e+02
-9.7686468506e+02
-9.8166540527e+02
-9.7506079102e+02
-9.7506079102e+02
-9.8166540527e+02
-9.7686468506e+02
-9.8464581299e+02
-9.9275531006e+02
-9.8471691895e+02
-9.8742370605e+02
-9.8141052246e+02
-9.8141052246e+02
-9.8742370605e+02
-9.8471691895e+02
-9.9275531006e+02
-1.0091317749e+03
-1.0025191040e+03
-1.0039106445e+03
-9.9928723145e+02
-9.9928723145e+02
-1.0039106445e+03
-1.0025191040e+03
-1.0091317749e+03
-1.0099594116e+03
-1.0047457275e+03
-1.0029957886e+03
-1.0002090454e+03
-1.0002090454e+03
-1.0029957886e+03
-1.0047457275e+03
-1.0099594116e+03
-1.0103649292e+03
-1.0062546997e+03
-1.0033303223e+03
-1.0017542725e+03
-1.0017542725e+03
-1.0033303223e+03
-1.0062546997e+03
-1.0103649292e+03
-9.9947589111e+02
-9.9504992676e+02
-9.9167395020e+02
-9.9049212646e+02
-9.9049212646e+02
-9.9167395020e+02
-9.9504992676e+02
-9.9947589111e+02
-9.8783966064e+02
-9.8467797852e+02
-9.8026818848e+02
-9.8038763428e+02
-9.8038763428e+02
-9.8026818848e+02
-9.8467797852e+02
-9.8783966064e+02
-9.6113232422e+02
-9.5868218994e+02
-9.5258099365e+02
-9.5388104248e+02
-9.5388104248e+02
-9.5258099365e+02
-9.5868218994e+02
-9.6113232422e+02
-9.3704266357e+02
-9.3598846436e+02
-9.2939971924e+02
-9.3219213867e+02
-9.3219213867e+02
-9.2939971924e+02
-9.3598846436e+02
-9.3704266357e+02
-8.9838433838e+02
-9.0035760498e+02
-8.9378393555e+02
-8.9794586182e+02
-8.9794586182e+02
-8.9378393555e+02
-9.0035760498e+02
-8.9838433838e+02
-1.4561453857e+03
-1.4629110107e+03
-1.4498939209e+03
-1.4586770020e+03
-1.4586770020e+03
-1.4498939209e+03
-1.4629110107e+03
-1.4561453857e+03
-1.4012607422e+03
-1.4049124756e+03
-1.3918988037e+03
-1.3996611328e+03
-1.3996611328e+03
-1.3918988037e+03
-1.4049124756e+03
-1.4012607422e+03
-1.3124808350e+03
-1.3137122803e+03
-1.3013132324e+03
-1.3070786133e+03
-1.3070786133e+03
-1.3013132324e+03
-1.3137122803e+03
-1.3124808350e+03
-1.2423776855e+03
-1.2432667236e+03
-1.2331306152e+03
-1.2376640625e+03
-1.2376640625e+03
-1.2331306152e+03
-1.2432667236e+03
-1.2423776855e+03
-1.1495629883e+03
-1.1484736328e+03
-1.1398559570e+03
-1.1425701904e+03
-1.1425701904e+03
-1.1398559570e+03
-1.1484736328e+03
-1.1495629883e+03
-1.0596695557e+03
-1.0569864502e+03
-1.0516610107e+03
-1.0522946777e+03
-1.0522946777e+03
-1.0516610107e+03
-1.0569864502e+03
-1.0596695557e+03
-9.5739483643e+02
-9.5318103027e+02
-9.4957348633e+02
-9.4865057373e+02
-9.4865057373e+02
-9.4957348633e+02
-9.5318103027e+02
-9.5739483643e+02
-8.5381524658e+02
-8.4934429932e+02
-8.4704174805e+02
-8.4532989502e+02
-8.4532989502e+02
-8.4704174805e+02
-8.4934429932e+02
-8.5381524658e+02
-7.3775408936e+02
-7.3167803955e+02
-7.3111492920e+02
-7.2788763428e+02
-7.2788763428e+02
-7.3111492920e+02
-7.3167803955e+02
-7.3775408936e+02
-6.2448211670e+02
-6.1785424805e+02
-6.1998297119e+02
-6.1572802734e+02
-6.1572802734e+02
-6.1998297119e+02
-6.1785424805e+02
-6.2448211670e+02
-4.9242041016e+02
-4.8466247559e+02
-4.8901242065e+02
-4.8368536377e+02
-4.8368536377e+02
-4.8901242065e+02
-4.8466247559e+02
-4.9242041016e+02
-3.6118640137e+02
-3.5387261963e+02
-3.6104299927e+02
-3.5511544800e+02
-3.5511544800e+02
-3.6104299927e+02
-3.5387261963e+02
-3.6118640137e+02
-2.0063006592e+03
-1.9932054443e+03
-2.0095213623e+03
-1.9983054199e+03
-1.9983054199e+03
-2.0095213623e+03
-1.9932054443e+03
-2.0063006592e+03
-1.8239578857e+03
-1.8103333740e+03
-1.8238308105e+03
-1.8127938232e+03
-1.8127938232e+03
-1.8238308105e+03
-1.8103333740e+03
-1.8239578857e+03
-1.6680175781e+03
-1.6568973389e+03
-1.6680095215e+03
-1.6586130371e+03
-1.6586130371e+03
-1.6680095215e+03
-1.6568973389e+03
-1.6680175781e+03
-1.4763785400e+03
-1.4654460449e+03
-1.4730206299e+03
-1.4647004395e+03
-1.4647004395e+03
-1.4730206299e+03
-1.4654460449e+03
-1.4763785400e+03
-1.2964055176e+03
-1.2878117676e+03
-1.2929658203e+03
-1.2866175537e+03
-1.2866175537e+03
-1.2929658203e+03
-1.2878117676e+03
-1.2964055176e+03
-1.1015153809e+03
-1.0947430420e+03
-1.0960471191e+03
-1.0919215088e+03
-1.0919215088e+03
-1.0960471191e+03
-1.0947430420e+03
-1.1015153809e+03
-9.0692309570e+02
-9.0217492676e+02
-9.0099554443e+02
-8.9876171875e+02
-8.9876171875e+02
-9.0099554443e+02
-9.0217492676e+02
-9.0692309570e+02
-7.0127551270e+02
-6.9746826172e+02
-6.9409637451e+02
-6.9312976074e+02
-6.9312976074e+02
-6.9409637451e+02
-6.9746826172e+02
-7.0127551270e+02
-4.9572280884e+02
-4.9415753174e+02
-4.8855557251e+02
-4.8955151367e+02
-4.8955151367e+02
-4.8855557251e+02
-4.9415753174e+02
-4.9572280884e+02
-2.7350726318e+02
-2.7312237549e+02
-2.6445642090e+02
-2.6707235718e+02
-2.6707235718e+02
-2.6445642090e+02
-2.7312237549e+02
-2.7350726318e+02
-5.9179218292e+01
-6.1239955902e+01
-5.1171302795e+01
-5.5865112305e+01
-5.5865112305e+01
-5.1171302795e+01
-6.1239955902e+01
-5.9179218292e+01
1.7533650208e+02
1.6972457886e+02
1.8075048828e+02
1.7431715393e+02
1.7431715393e+02
1.8075048828e+02
1.6972457886e+02
1.7533650208e+02
-2.5108332520e+03
-2.5268059082e+03
-2.5049558105e+03
-2.5179968262e+03
-2.5179968262e+03
-2.5049558105e+03
-2.5268059082e+03
-2.5108332520e+03
-2.2660747070e+03
-2.2787666016e+03
-2.2578969727e+03
-2.2697187500e+03
-2.2697187500e+03
-2.2578969727e+03
-2.2787666016e+03
-2.2660747070e+03
-1.9734453125e+03
-1.9815340576e+03
-1.9621582031e+03
-1.9712272949e+03
-1.9712272949e+03
-1.9621582031e+03
-1.9815340576e+03
-1.9734453125e+03
-1.7104122314e+03
-1.7172860107e+03
-1.7019147949e+03
-1.7092668457e+03
-1.7092668457e+03
-1.7019147949e+03
-1.7172860107e+03
-1.7104122314e+03
-1.4244217529e+03
-1.4279310303e+03
-1.4155673828e+03
-1.4205063477e+03
-1.4205063477e+03
-1.4155673828e+03
-1.4279310303e+03
-1.4244217529e+03
-1.1423935547e+03
-1.1432725830e+03
-1.1353133545e+03
-1.1377226562e+03
-1.1377226562e+03
-1.1353133545e+03
-1.1432725830e+03
-1.1423935547e+03
-8.4918597412e+02
-8.4713507080e+02
-8.4249871826e+02
-8.4263940430e+02
-8.4263940430e+02
-8.4249871826e+02
-8.4713507080e+02
-8.4918597412e+02
-5.5585247803e+02
-5.5189770508e+02
-5.5048535156e+02
-5.4895275879e+02
-5.4895275879e+02
-5.5048535156e+02
-5.5189770508e+02
-5.5585247803e+02
-2.5090029907e+02
-2.4388839722e+02
-2.4567012024e+02
-2.4193780518e+02
-2.4193780518e+02
-2.4567012024e+02
-2.4388839722e+02
-2.5090029907e+02
4.8775974274e+01
5.7311435699e+01
5.1204757690e+01
5.6455829620e+01
5.6455829620e+01
5.1204757690e+01
5.7311435699e+01
4.8775974274e+01
3.7240527344e+02
3.8384555054e+02
3.7465502930e+02
3.8170458984e+02
3.8170458984e+02
3.7465502930e+02
3.8384555054e+02
3.7240527344e+02
6.8642474365e+02
6.9858349609e+02
6.8564019775e+02
6.9378070068e+02
6.9378070068e+02
6.8564019775e+02
6.9858349609e+02
6.8642474365e+02
-3.0443508301e+03
-3.0206691895e+03
-3.0495935059e+03
-3.0351726074e+03
-3.0351726074e+03
-3.0495935059e+03
-3.0206691895e+03
-3.0443508301e+03
-2.6548854980e+03
-2.6311638184e+03
-2.6562551270e+03
-2.6423615723e+03
-2.6423615723e+03
-2.6562551270e+03
-2.6311638184e+03
-2.6548854980e+03
-2.3141130371e+03
-2.2959240723e+03
-2.3177475586e+03
-2.3063601074e+03
-2.3063601074e+03
-2.3177475586e+03
-2.2959240723e+03
-2.3141130371e+03
-1.9301800537e+03
-1.9135690918e+03
-1.9297617188e+03
-1.9198889160e+03
-1.9198889160e+03
-1.9297617188e+03
-1.9135690918e+03
-1.9301800537e+03
-1.5602410889e+03
-1.5478289795e+03
-1.5595596924e+03
-1.5521208496e+03
-1.5521208496e+03
-1.5595596924e+03
-1.5478289795e+03
-1.5602410889e+03
-1.1777575684e+03
-1.1687849121e+03
-1.1749565430e+03
-1.1700766602e+03
-1.1700766602e+03
-1.1749565430e+03
-1.1687849121e+03
-1.1777575684e+03
-7.9708905029e+02
-7.9200488281e+02
-7.9356280518e+02
-7.9112420654e+02
-7.9112420654e+02
-7.9356280518e+02
-7.9200488281e+02
-7.9708905029e+02
-4.0701165771e+02
-4.0490142822e+02
-4.0190118408e+02
-4.0141497803e+02
-4.0141497803e+02
-4.0190118408e+02
-4.0490142822e+02
-4.0701165771e+02
-1.8328878403e+01
-2.0298843384e+01
-1.3045087814e+01
-1.4992872238e+01
-1.4992872238e+01
-1.3045087814e+01
-2.0298843384e+01
-1.8328878403e+01
3.8661471558e+02
3.8215600586e+02
3.9469656372e+02
3.9085977173e+02
3.9085977173e+02
3.9469656372e+02
3.8215600586e+02
3.8661471558e+02
7.7567138672e+02
7.6655432129e+02
7.8181402588e+02
7.7535058594e+02
7.7535058594e+02
7.8181402588e+02
7.6655432129e+02
7.7567138672e+02
1.1944498291e+03
1.1812037354e+03
1.1991507568e+03
1.1907100830e+03
1.1907100830e+03
1.1991507568e+03
1.1812037354e+03
1.1944498291e+03
-3.4830769043e+03
-3.5168491211e+03
-3.4805273438e+03
-3.4958261719e+03
-3.4958261719e+03
-3.4805273438e+03
-3.5168491211e+03
-3.4830769043e+03
-3.0653710938e+03
-3.0962990723e+03
-3.0629792480e+03
-3.0769753418e+03
-3.0769753418e+03
-3.0629792480e+03
-3.0962990723e+03
-3.0653710938e+03
-2.5780927734e+03
-2.6003796387e+03
-2.5698005371e+03
-2.5803642578e+03
-2.5803642578e+03
-2.5698005371e+03
-2.6003796387e+03
-2.5780927734e+03
-2.1320424805e+03
-2.1508090820e+03
-2.1267021484e+03
-2.1353566895e+03
-2.1353566895e+03
-2.1267021484e+03
-2.1508090820e+03
-2.1320424805e+03
-1.6668226318e+03
-1.6794875488e+03
-1.6609897461e+03
-1.6670623779e+03
-1.6670623779e+03
-1.6609897461e+03
-1.6794875488e+03
-1.6668226318e+03
-1.2071406250e+03
-1.2145490723e+03
-1.2027325439e+03
-1.2062052002e+03
-1.2062052002e+03
-1.2027325439e+03
-1.2145490723e+03
-1.2071406250e+03
-7.3872705078e+02
-7.4041278076e+02
-7.3453576660e+02
-7.3548992920e+02
-7.3548992920e+02
-7.3453576660e+02
-7.4041278076e+02
-7.3872705078e+02
-2.7178836060e+02
-2.6863693237e+02
-2.6873834229e+02
-2.6764492798e+02
-2.6764492798e+02
-2.6873834229e+02
-2.6863693237e+02
-2.7178836060e+02
2.0471768188e+02
2.1368144226e+02
2.0792803955e+02
2.1141001892e+02
2.1141001892e+02
2.0792803955e+02
2.1368144226e+02
2.0471768188e+02
6.7440875244e+02
6.8720892334e+02
6.7463281250e+02
6.7974627686e+02
6.7974627686e+02
6.7463281250e+02
6.8720892334e+02
6.7440875244e+02
1.1734337158e+03
1.1926325684e+03
1.1758518066e+03
1.1833424072e+03
1.1833424072e+03
1.1758518066e+03
1.1926325684e+03
1.1734337158e+03
1.6467587891e+03
1.6681889648e+03
1.6459499512e+03
1.6547824707e+03
1.6547824707e+03
1.6459499512e+03
1.6681889648e+03
1.6467587891e+03
-3.9863317871e+03
-3.9406511230e+03
-3.9890585938e+03
-3.9762531738e+03
-3.9762531738e+03
-3.9890585938e+03
-3.9406511230e+03
-3.9863317871e+03
-3.3961467285e+03
-3.3503117676e+03
-3.3924667969e+03
-3.3802502441e+03
-3.3802502441e+03
-3.3924667969e+03
-3.3503117676e+03
-3.3961467285e+03
-2.8880644531e+03
-2.8532714844e+03
-2.8910541992e+03
-2.8819208984e+03
-2.8819208984e+03
-2.8910541992e+03
-2.8532714844e+03
-2.8880644531e+03
-2.3326894531e+03
-2.3031286621e+03
-2.3326225586e+03
-2.3248872070e+03
-2.3248872070e+03
-2.3326225586e+03
-2.3031286621e+03
-2.3326894531e+03
-1.7904248047e+03
-1.7689665527e+03
-1.7908314209e+03
-1.7851717529e+03
-1.7851717529e+03
-1.7908314209e+03
-1.7689665527e+03
-1.7904248047e+03
-1.2384571533e+03
-1.2243092041e+03
-1.2376748047e+03
-1.2340659180e+03
-1.2340659180e+03
-1.2376748047e+03
-1.2243092041e+03
-1.2384571533e+03
-6.8988897705e+02
-6.8358416748e+02
-6.8907598877e+02
-6.8751458740e+02
-6.8751458740e+02
-6.8907598877e+02
-6.8358416748e+02
-6.8988897705e+02
-1.3478602600e+02
-1.3549977112e+02
-1.3308708191e+02
-1.3317610168e+02
-1.3317610168e+02
-1.3308708191e+02
-1.3549977112e+02
-1.3478602600e+02
4.1687393188e+02
4.0829260254e+02
4.1810418701e+02
4.1605673218e+02
4.1605673218e+02
4.1810418701e+02
4.0829260254e+02
4.1687393188e+02
9.8106848145e+02
9.6667584229e+02
9.8481445312e+02
9.8134747314e+02
9.8134747314e+02
9.8481445312e+02
9.6667584229e+02
9.8106848145e+02
1.5211082764e+03
1.4975795898e+03
1.5200433350e+03
1.5138857422e+03
1.5138857422e+03
1.5200433350e+03
1.4975795898e+03
1.5211082764e+03
2.1073227539e+03
2.0791286621e+03
2.1073356934e+03
2.0996247559e+03
2.0996247559e+03
2.1073356934e+03
2.0791286621e+03
2.1073227539e+03
-4.2986191406e+03
-4.3680605469e+03
-4.3114228516e+03
-4.3211025391e+03
-4.3211025391e+03
-4.3114228516e+03
-4.3680605469e+03
-4.2986191406e+03
-3.7444301758e+03
-3.8128508301e+03
-3.7637067871e+03
-3.7729160156e+03
-3.7729160156e+03
-3.7637067871e+03
-3.8128508301e+03
-3.7444301758e+03
-3.0887834473e+03
-3.1414208984e+03
-3.0965246582e+03
-3.1023945312e+03
-3.1023945312e+03
-3.0965246582e+03
-3.1414208984e+03
-3.0887834473e+03
-2.4803417969e+03
-2.5236892090e+03
-2.4878632812e+03
-2.4925454102e+03
-2.4925454102e+03
-2.4878632812e+03
-2.5236892090e+03
-2.4803417969e+03
-1.8612619629e+03
-1.8925528564e+03
-1.8656995850e+03
-1.8688763428e+03
-1.8688763428e+03
-1.8656995850e+03
-1.8925528564e+03
-1.8612619629e+03
-1.2507492676e+03
-1.2707237549e+03
-1.2537371826e+03
-1.2555841064e+03
-1.2555841064e+03
-1.2537371826e+03
-1.2707237549e+03
-1.2507492676e+03
-6.3536883545e+02
-6.4351507568e+02
-6.3593603516e+02
-6.3646527100e+02
-6.3646527100e+02
-6.3593603516e+02
-6.4351507568e+02
-6.3536883545e+02
-2.2752603531e+01
-1.9886285782e+01
-2.1752054214e+01
-2.1332448959e+01
-2.1332448959e+01
-2.1752054214e+01
-1.9886285782e+01
-2.2752603531e+01
5.9761865234e+02
6.1215594482e+02
6.0138568115e+02
6.0301647949e+02
6.0301647949e+02
6.0138568115e+02
6.1215594482e+02
5.9761865234e+02
1.2124812012e+03
1.2363557129e+03
1.2159838867e+03
1.2183339844e+03
1.2183339844e+03
1.2159838867e+03
1.2363557129e+03
1.2124812012e+03
1.8585975342e+03
1.8955289307e+03
1.8698829346e+03
1.8743973389e+03
1.8743973389e+03
1.8698829346e+03
1.8955289307e+03
1.8585975342e+03
2.4545356445e+03
2.4952346191e+03
2.4607343750e+03
2.4657263184e+03
2.4657263184e+03
2.4607343750e+03
2.4952346191e+03
2.4545356445e+03
-4.7908730469e+03
-4.6950742188e+03
-4.7631049805e+03
-4.7617690430e+03
-4.7617690430e+03
-4.7631049805e+03
-4.6950742188e+03
-4.7908730469e+03
-4.0129670410e+03
-3.9153212891e+03
-3.9710612793e+03
-3.9685598145e+03
-3.9685598145e+03
-3.9710612793e+03
-3.9153212891e+03
-4.0129670410e+03
-3.3596245117e+03
-3.2824819336e+03
-3.3328801270e+03
-3.3327629395e+03
-3.3327629395e+03
-3.3328801270e+03
-3.2824819336e+03
-3.3596245117e+03
-2.6663674316e+03
-2.6034440918e+03
-2.6440393066e+03
-2.6441699219e+03
-2.6441699219e+03
-2.6440393066e+03
-2.6034440918e+03
-2.6663674316e+03
-1.9821872559e+03
-1.9364901123e+03
-1.9669331055e+03
-1.9674562988e+03
-1.9674562988e+03
-1.9669331055e+03
-1.9364901123e+03
-1.9821872559e+03
-1.2897403564e+03
-1.2607104492e+03
-1.2802105713e+03
-1.2808137207e+03
-1.2808137207e+03
-1.2802105713e+03
-1.2607104492e+03
-1.2897403564e+03
-6.0092346191e+02
-5.8910943604e+02
-5.9799291992e+02
-5.9867425537e+02
-5.9867425537e+02
-5.9799291992e+02
-5.8910943604e+02
-6.0092346191e+02
9.0804252625e+01
8.6231964111e+01
8.7952537537e+01
8.7493721008e+01
8.7493721008e+01
8.7952537537e+01
8.6231964111e+01
9.0804252625e+01
7.7621124268e+02
7.5490075684e+02
7.6657275391e+02
7.6602539062e+02
7.6602539062e+02
7.6657275391e+02
7.5490075684e+02
7.7621124268e+02
1.4676766357e+03
1.4321450195e+03
1.4540056152e+03
1.4535177002e+03
1.4535177002e+03
1.4540056152e+03
1.4321450195e+03
1.4676766357e+03
2.1337526855e+03
2.0801733398e+03
2.1071906738e+03
2.1049978027e+03
2.1049978027e+03
2.1071906738e+03
2.0801733398e+03
2.1337526855e+03
2.8679887695e+03
2.8092194824e+03
2.8472128906e+03
2.8456477051e+03
2.8456477051e+03
2.8472128906e+03
2.8092194824e+03
2.8679887695e+03
-4.8446162109e+03
-4.9937324219e+03
-4.9334736328e+03
-4.9311992188e+03
-4.9311992188e+03
-4.9334736328e+03
-4.9937324219e+03
-4.8446162109e+03
-4.2143769531e+03
-4.3655942383e+03
-4.3218105469e+03
-4.3228627930e+03
-4.3228627930e+03
-4.3218105469e+03
-4.3655942383e+03
-4.2143769531e+03
-3.4486401367e+03
-3.5720629883e+03
-3.5328642578e+03
-3.5322736816e+03
-3.5322736816e+03
-3.5328642578e+03
-3.5720629883e+03
-3.4486401367e+03
-2.7177822266e+03
-2.8183303223e+03
-2.7869545898e+03
-2.7863496094e+03
-2.7863496094e+03
-2.7869545898e+03
-2.8183303223e+03
-2.7177822266e+03
-1.9841910400e+03
-2.0585913086e+03
-2.0355374756e+03
-2.0348720703e+03
-2.0348720703e+03
-2.0355374756e+03
-2.0585913086e+03
-1.9841910400e+03
-1.2626496582e+03
-1.3111290283e+03
-1.2970491943e+03
-1.2967163086e+03
-1.2967163086e+03
-1.2970491943e+03
-1.3111290283e+03
-1.2626496582e+03
-5.4162164307e+02
-5.6359509277e+02
-5.5825677490e+02
-5.5825506592e+02
-5.5825506592e+02
-5.5825677490e+02
-5.6359509277e+02
-5.4162164307e+02
1.7538117981e+02
1.7903585815e+02
1.7571379089e+02
1.7514677429e+02
1.7514677429e+02
1.7571379089e+02
1.7903585815e+02
1.7538117981e+02
8.9782580566e+02
9.2709454346e+02
9.1572918701e+02
9.1495550537e+02
9.1495550537e+02
9.1572918701e+02
9.2709454346e+02
8.9782580566e+02
1.6161839600e+03
1.6681489258e+03
1.6488100586e+03
1.6477814941e+03
1.6477814941e+03
1.6488100586e+03
1.6681489258e+03
1.6161839600e+03
2.3561472168e+03
2.4339301758e+03
2.4107004395e+03
2.4107829590e+03
2.4107829590e+03
2.4107004395e+03
2.4339301758e+03
2.3561472168e+03
3.0244289551e+03
3.1079238281e+03
3.0701855469e+03
3.0675729980e+03
3.0675729980e+03
3.0701855469e+03
3.1079238281e+03
3.0244289551e+03
-5.4691552734e+03
-5.2652373047e+03
-5.3034946289e+03
-5.3052958984e+03
-5.3052958984e+03
-5.3034946289e+03
-5.2652373047e+03
-5.4691552734e+03
-4.5236850586e+03
-4.3176245117e+03
-4.3342294922e+03
-4.3295698242e+03
-4.3295698242e+03
-4.3342294922e+03
-4.3176245117e+03
-4.5236850586e+03
-3.7292683105e+03
-3.5582077637e+03
-3.5720749512e+03
-3.5680754395e+03
-3.5680754395e+03
-3.5720749512e+03
-3.5582077637e+03
-3.7292683105e+03
-2.9259611816e+03
-2.7876008301e+03
-2.7985705566e+03
-2.7952407227e+03
-2.7952407227e+03
-2.7985705566e+03
-2.7876008301e+03
-2.9259611816e+03
-2.1354814453e+03
-2.0338084717e+03
-2.0419797363e+03
-2.0398261719e+03
-2.0398261719e+03
-2.0419797363e+03
-2.0338084717e+03
-2.1354814453e+03
-1.3416522217e+03
-1.2769020996e+03
-1.2821346436e+03
-1.2809112549e+03
-1.2809112549e+03
-1.2821346436e+03
-1.2769020996e+03
-1.3416522217e+03
-5.5129644775e+02
-5.2415075684e+02
-5.2667260742e+02
-5.2647021484e+02
-5.2647021484e+02
-5.2667260742e+02
-5.2415075684e+02
-5.5129644775e+02
2.3973992920e+02
2.3023716736e+02
2.3031170654e+02
2.2968025208e+02
2.2968025208e+02
2.3031170654e+02
2.3023716736e+02
2.3973992920e+02
1.0254375000e+03
9.7981951904e+02
9.8213745117e+02
9.8038256836e+02
9.8038256836e+02
9.8213745117e+02
9.7981951904e+02
1.0254375000e+03
1.8152446289e+03
1.7369615479e+03
1.7416994629e+03
1.7390588379e+03
1.7390588379e+03
1.7416994629e+03
1.7369615479e+03
1.8152446289e+03
2.5923137207e+03
2.4801665039e+03
2.4855803223e+03
2.4819094238e+03
2.4819094238e+03
2.4855803223e+03
2.4801665039e+03
2.5923137207e+03
3.4382902832e+03
3.3190532227e+03
3.3416325684e+03
3.3429858398e+03
3.3429858398e+03
3.3416325684e+03
3.3190532227e+03
3.4382902832e+03
-5.0145166016e+03
-5.2664365234e+03
-5.2814638672e+03
-5.2968334961e+03
-5.2968334961e+03
-5.2814638672e+03
-5.2664365234e+03
-5.0145166016e+03
-4.3645024414e+03
-4.6135048828e+03
-4.6501293945e+03
-4.6739243164e+03
-4.6739243164e+03
-4.6501293945e+03
-4.6135048828e+03
-4.3645024414e+03
-3.5969140625e+03
-3.8058068848e+03
-3.8401909180e+03
-3.8628852539e+03
-3.8628852539e+03
-3.8401909180e+03
-3.8058068848e+03
-3.5969140625e+03
-2.8300415039e+03
-2.9989008789e+03
-3.0278222656e+03
-3.0471396484e+03
-3.0471396484e+03
-3.0278222656e+03
-2.9989008789e+03
-2.8300415039e+03
-2.0499821777e+03
-2.1749558105e+03
-2.1972102051e+03
-2.2118474121e+03
-2.2118474121e+03
-2.1972102051e+03
-2.1749558105e+03
-2.0499821777e+03
-1.2710740967e+03
-1.3518591309e+03
-1.3670465088e+03
-1.3768790283e+03
-1.3768790283e+03
-1.3670465088e+03
-1.3518591309e+03
-1.2710740967e+03
-4.9034878540e+02
-5.2647637939e+02
-5.3437933350e+02
-5.3922320557e+02
-5.3922320557e+02
-5.3437933350e+02
-5.2647637939e+02
-4.9034878540e+02
2.8750616455e+02
2.9502194214e+02
2.9440475464e+02
2.9432772827e+02
2.9432772827e+02
2.9440475464e+02
2.9502194214e+02
2.8750616455e+02
1.0653013916e+03
1.1156098633e+03
1.1220534668e+03
1.1267205811e+03
1.1267205811e+03
1.1220534668e+03
1.1156098633e+03
1.0653013916e+03
1.8357468262e+03
1.9252821045e+03
1.9377806396e+03
1.9462335205e+03
1.9462335205e+03
1.9377806396e+03
1.9252821045e+03
1.8357468262e+03
2.6108945312e+03
2.7389147949e+03
2.7554760742e+03
2.7657275391e+03
2.7657275391e+03
2.7554760742e+03
2.7389147949e+03
2.6108945312e+03
3.3409296875e+03
3.4778071289e+03
3.4768154297e+03
3.4803566895e+03
3.4803566895e+03
3.4768154297e+03
3.4778071289e+03
3.3409296875e+03
-5.5936655273e+03
-5.4912700195e+03
-5.5002656250e+03
-5.5000800781e+03
-5.5000800781e+03
-5.5002656250e+03
-5.4912700195e+03
-5.5936655273e+03
-4.6803388672e+03
-4.5905043945e+03
-4.5905327148e+03
-4.5854399414e+03
-4.5854399414e+03
-4.5905327148e+03
-4.5905043945e+03
-4.6803388672e+03
-3.8301811523e+03
-3.7616772461e+03
-3.7644187012e+03
-3.7602900391e+03
-3.7602900391e+03
-3.7644187012e+03
-3.7616772461e+03
-3.8301811523e+03
-2.9824067383e+03
-2.9295922852e+03
-2.9334816895e+03
-2.9308857422e+03
-2.9308857422e+03
-2.9334816895e+03
-2.9295922852e+03
-2.9824067383e+03
-2.1493076172e+03
-2.1118486328e+03
-2.1158291016e+03
-2.1145588379e+03
-2.1145588379e+03
-2.1158291016e+03
-2.1118486328e+03
-2.1493076172e+03
-1.3215644531e+03
-1.2986069336e+03
-1.3019036865e+03
-1.3015372314e+03
-1.3015372314e+03
-1.3019036865e+03
-1.2986069336e+03
-1.3215644531e+03
-5.0066210938e+02
-4.9216656494e+02
-4.9459750366e+02
-4.9501425171e+02
-4.9501425171e+02
-4.9459750366e+02
-4.9216656494e+02
-5.0066210938e+02
3.1726977539e+02
3.1158349609e+02
3.1000119019e+02
3.0890213013e+02
3.0890213013e+02
3.1000119019e+02
3.1158349609e+02
3.1726977539e+02
1.1312707520e+03
1.1112991943e+03
1.1102437744e+03
1.1082797852e+03
1.1082797852e+03
1.1102437744e+03
1.1112991943e+03
1.1312707520e+03
1.9455213623e+03
1.9117282715e+03
1.9108918457e+03
1.9081762695e+03
1.9081762695e+03
1.9108918457e+03
1.9117282715e+03
1.9455213623e+03
2.7529741211e+03
2.7024611816e+03
2.7015793457e+03
2.6994589844e+03
2.6994589844e+03
2.7015793457e+03
2.7024611816e+03
2.7529741211e+03
3.5711845703e+03
3.5133024902e+03
3.5255505371e+03
3.5299685059e+03
3.5299685059e+03
3.5255505371e+03
3.5133024902e+03
3.5711845703e+03
