-6.9477993164e+03
-6.8215590820e+03
-6.8344062500e+03
-6.8350556641e+03
-6.8350556641e+03
-6.8344062500e+03
-6.8215590820e+03
-6.9477993164e+03
-5.7721328125e+03
-5.6614492188e+03
-5.6625205078e+03
-5.6567763672e+03
-5.6567763672e+03
-5.6625205078e+03
-5.6614492188e+03
-5.7721328125e+03
-4.6696743164e+03
-4.5866884766e+03
-4.5908813477e+03
-4.5862641602e+03
-4.5862641602e+03
-4.5908813477e+03
-4.5866884766e+03
-4.6696743164e+03
-3.5710144043e+03
-3.5085500488e+03
-3.5140942383e+03
-3.5113657227e+03
-3.5113657227e+03
-3.5140942383e+03
-3.5085500488e+03
-3.5710144043e+03
-2.4914121094e+03
-2.4490214844e+03
-2.4546162109e+03
-2.4535661621e+03
-2.4535661621e+03
-2.4546162109e+03
-2.4490214844e+03
-2.4914121094e+03
-1.4197858887e+03
-1.3962796631e+03
-1.4009890137e+03
-1.4010848389e+03
-1.4010848389e+03
-1.4009890137e+03
-1.3962796631e+03
-1.4197858887e+03
-3.5788812256e+02
-3.5309268188e+02
-3.5668945312e+02
-3.5779345703e+02
-3.5779345703e+02
-3.5668945312e+02
-3.5309268188e+02
-3.5788812256e+02
6.9919659424e+02
6.8575885010e+02
6.8323236084e+02
6.8123199463e+02
6.8123199463e+02
6.8323236084e+02
6.8575885010e+02
6.9919659424e+02
1.7503905029e+03
1.7186823730e+03
1.7167663574e+03
1.7136219482e+03
1.7136219482e+03
1.7167663574e+03
1.7186823730e+03
1.7503905029e+03
2.8017028809e+03
2.7523168945e+03
2.7505261230e+03
2.7463271484e+03
2.7463271484e+03
2.7505261230e+03
2.7523168945e+03
2.8017028809e+03
3.8441745605e+03
3.7733227539e+03
3.7711252441e+03
3.7675842285e+03
3.7675842285e+03
3.7711252441e+03
3.7733227539e+03
3.8441745605e+03
4.9085849609e+03
4.8274458008e+03
4.8418896484e+03
4.8467397461e+03
4.8467397461e+03
4.8418896484e+03
4.8274458008e+03
4.9085849609e+03
-6.2380766602e+03
-6.5546523438e+03
-6.5728769531e+03
-6.5918193359e+03
-6.5918193359e+03
-6.5728769531e+03
-6.5546523438e+03
-6.2380766602e+03
-5.3691245117e+03
-5.6814809570e+03
-5.7276606445e+03
-5.7573872070e+03
-5.7573872070e+03
-5.7276606445e+03
-5.6814809570e+03
-5.3691245117e+03
-4.3703989258e+03
-4.6293437500e+03
-4.6728569336e+03
-4.7012153320e+03
-4.7012153320e+03
-4.6728569336e+03
-4.6293437500e+03
-4.3703989258e+03
-3.3742897949e+03
-3.5802480469e+03
-3.6165156250e+03
-3.6404995117e+03
-3.6404995117e+03
-3.6165156250e+03
-3.5802480469e+03
-3.3742897949e+03
-2.3641479492e+03
-2.5124929199e+03
-2.5400383301e+03
-2.5579108887e+03
-2.5579108887e+03
-2.5400383301e+03
-2.5124929199e+03
-2.3641479492e+03
-1.3564190674e+03
-1.4471540527e+03
-1.4654416504e+03
-1.4770791016e+03
-1.4770791016e+03
-1.4654416504e+03
-1.4471540527e+03
-1.3564190674e+03
-3.4752267456e+02
-3.8045419312e+02
-3.8927560425e+02
-3.9445794678e+02
-3.9445794678e+02
-3.8927560425e+02
-3.8045419312e+02
-3.4752267456e+02
6.5662756348e+02
6.7981109619e+02
6.8039331055e+02
6.8136535645e+02
6.8136535645e+02
6.8039331055e+02
6.7981109619e+02
6.5662756348e+02
1.6597026367e+03
1.7374881592e+03
1.7471762695e+03
1.7542303467e+03
1.7542303467e+03
1.7471762695e+03
1.7374881592e+03
1.6597026367e+03
2.6506828613e+03
2.7781992188e+03
2.7956291504e+03
2.8075664062e+03
2.8075664062e+03
2.7956291504e+03
2.7781992188e+03
2.6506828613e+03
3.6458945312e+03
3.8217558594e+03
3.8446152344e+03
3.8588908691e+03
3.8588908691e+03
3.8446152344e+03
3.8217558594e+03
3.6458945312e+03
4.5614023438e+03
4.7484042969e+03
4.7486289062e+03
4.7541074219e+03
4.7541074219e+03
4.7486289062e+03
4.7484042969e+03
4.5614023438e+03
-6.7692265625e+03
-6.5165625000e+03
-6.5664550781e+03
-6.5695024414e+03
-6.5695024414e+03
-6.5664550781e+03
-6.5165625000e+03
-6.7692265625e+03
-5.5599335938e+03
-5.3046323242e+03
-5.3264672852e+03
-5.3213090820e+03
-5.3213090820e+03
-5.3264672852e+03
-5.3046323242e+03
-5.5599335938e+03
-4.5258828125e+03
-4.3169975586e+03
-4.3347900391e+03
-4.3303852539e+03
-4.3303852539e+03
-4.3347900391e+03
-4.3169975586e+03
-4.5258828125e+03
-3.4847751465e+03
-3.3189440918e+03
-3.3329926758e+03
-3.3293947754e+03
-3.3293947754e+03
-3.3329926758e+03
-3.3189440918e+03
-3.4847751465e+03
-2.4606059570e+03
-2.3427534180e+03
-2.3530781250e+03
-2.3510029297e+03
-2.3510029297e+03
-2.3530781250e+03
-2.3427534180e+03
-2.4606059570e+03
-1.4345849609e+03
-1.3647276611e+03
-1.3712780762e+03
-1.3703740234e+03
-1.3703740234e+03
-1.3712780762e+03
-1.3647276611e+03
-1.4345849609e+03
-4.1471127319e+02
-3.9346096802e+02
-3.9652597046e+02
-3.9692614746e+02
-3.9692614746e+02
-3.9652597046e+02
-3.9346096802e+02
-4.1471127319e+02
6.0426593018e+02
5.7837786865e+02
5.7863806152e+02
5.7715887451e+02
5.7715887451e+02
5.7863806152e+02
5.7837786865e+02
6.0426593018e+02
1.6141123047e+03
1.5420859375e+03
1.5451246338e+03
1.5422249756e+03
1.5422249756e+03
1.5451246338e+03
1.5420859375e+03
1.6141123047e+03
2.6286960449e+03
2.5151184082e+03
2.5212292480e+03
2.5171716309e+03
2.5171716309e+03
2.5212292480e+03
2.5151184082e+03
2.6286960449e+03
3.6228784180e+03
3.4666989746e+03
3.4733239746e+03
3.4679052734e+03
3.4679052734e+03
3.4733239746e+03
3.4666989746e+03
3.6228784180e+03
4.7254101562e+03
4.5603369141e+03
4.5890805664e+03
4.5902915039e+03
4.5902915039e+03
4.5890805664e+03
4.5603369141e+03
4.7254101562e+03
-5.9687519531e+03
-6.1543857422e+03
-6.0794804688e+03
-6.0770058594e+03
-6.0770058594e+03
-6.0794804688e+03
-6.1543857422e+03
-5.9687519531e+03
-5.1465048828e+03
-5.3350034180e+03
-5.2811914062e+03
-5.2828608398e+03
-5.2828608398e+03
-5.2811914062e+03
-5.3350034180e+03
-5.1465048828e+03
-4.1660947266e+03
-4.3181489258e+03
-4.2707236328e+03
-4.2702705078e+03
-4.2702705078e+03
-4.2707236328e+03
-4.3181489258e+03
-4.1660947266e+03
-3.2249321289e+03
-3.3471210938e+03
-3.3098635254e+03
-3.3094003906e+03
-3.3094003906e+03
-3.3098635254e+03
-3.3471210938e+03
-3.2249321289e+03
-2.2813630371e+03
-2.3695644531e+03
-2.3432290039e+03
-2.3426855469e+03
-2.3426855469e+03
-2.3432290039e+03
-2.3695644531e+03
-2.2813630371e+03
-1.3524973145e+03
-1.4071141357e+03
-1.3923684082e+03
-1.3922900391e+03
-1.3922900391e+03
-1.3923684082e+03
-1.4071141357e+03
-1.3524973145e+03
-4.2468386841e+02
-4.4507418823e+02
-4.4158587646e+02
-4.4195019531e+02
-4.4195019531e+02
-4.4158587646e+02
-4.4507418823e+02
-4.2468386841e+02
4.9767300415e+02
5.1031497192e+02
5.0269796753e+02
5.0161105347e+02
5.0161105347e+02
5.0269796753e+02
5.1031497192e+02
4.9767300415e+02
1.4276370850e+03
1.4731225586e+03
1.4553375244e+03
1.4539544678e+03
1.4539544678e+03
1.4553375244e+03
1.4731225586e+03
1.4276370850e+03
2.3514028320e+03
2.4259877930e+03
2.3980642090e+03
2.3963364258e+03
2.3963364258e+03
2.3980642090e+03
2.4259877930e+03
2.3514028320e+03
3.3082402344e+03
3.4155358887e+03
3.3829709473e+03
3.3826533203e+03
3.3826533203e+03
3.3829709473e+03
3.4155358887e+03
3.3082402344e+03
4.1565034180e+03
4.2712485352e+03
4.2199702148e+03
4.2160605469e+03
4.2160605469e+03
4.2199702148e+03
4.2712485352e+03
4.1565034180e+03
-5.8747275391e+03
-5.7573388672e+03
-5.8423745117e+03
-5.8407685547e+03
-5.8407685547e+03
-5.8423745117e+03
-5.7573388672e+03
-5.8747275391e+03
-4.8815776367e+03
-4.7611005859e+03
-4.8303134766e+03
-4.8272299805e+03
-4.8272299805e+03
-4.8303134766e+03
-4.7611005859e+03
-4.8815776367e+03
-4.0368188477e+03
-3.9430368652e+03
-4.0049455566e+03
-4.0049609375e+03
-4.0049609375e+03
-4.0049455566e+03
-3.9430368652e+03
-4.0368188477e+03
-3.1477893066e+03
-3.0724238281e+03
-3.1216760254e+03
-3.1220373535e+03
-3.1220373535e+03
-3.1216760254e+03
-3.0724238281e+03
-3.1477893066e+03
-2.2691760254e+03
-2.2160981445e+03
-2.2520944824e+03
-2.2529877930e+03
-2.2529877930e+03
-2.2520944824e+03
-2.2160981445e+03
-2.2691760254e+03
-1.3809588623e+03
-1.3493969727e+03
-1.3713068848e+03
-1.3722672119e+03
-1.3722672119e+03
-1.3713068848e+03
-1.3493969727e+03
-1.3809588623e+03
-4.9709963989e+02
-4.8772732544e+02
-4.9597213745e+02
-4.9701556396e+02
-4.9701556396e+02
-4.9597213745e+02
-4.8772732544e+02
-4.9709963989e+02
3.9065206909e+02
3.7888739014e+02
3.8426342773e+02
3.8350238037e+02
3.8350238037e+02
3.8426342773e+02
3.7888739014e+02
3.9065206909e+02
1.2694456787e+03
1.2362021484e+03
1.2542080078e+03
1.2533887939e+03
1.2533887939e+03
1.2542080078e+03
1.2362021484e+03
1.2694456787e+03
2.1570041504e+03
2.1053996582e+03
2.1364155273e+03
2.1357282715e+03
2.1357282715e+03
2.1364155273e+03
2.1053996582e+03
2.1570041504e+03
3.0053259277e+03
2.9307653809e+03
2.9681027832e+03
2.9652702637e+03
2.9652702637e+03
2.9681027832e+03
2.9307653809e+03
3.0053259277e+03
3.9524155273e+03
3.8706071777e+03
3.9219218750e+03
3.9199184570e+03
3.9199184570e+03
3.9219218750e+03
3.8706071777e+03
3.9524155273e+03
-5.2282128906e+03
-5.3141206055e+03
-5.2447646484e+03
-5.2571547852e+03
-5.2571547852e+03
-5.2447646484e+03
-5.3141206055e+03
-5.2282128906e+03
-4.5196142578e+03
-4.6044594727e+03
-4.5443032227e+03
-4.5560385742e+03
-4.5560385742e+03
-4.5443032227e+03
-4.6044594727e+03
-4.5196142578e+03
-3.6880488281e+03
-3.7523867188e+03
-3.6977722168e+03
-3.7050471191e+03
-3.7050471191e+03
-3.6977722168e+03
-3.7523867188e+03
-3.6880488281e+03
-2.9098071289e+03
-2.9621369629e+03
-2.9191149902e+03
-2.9247526855e+03
-2.9247526855e+03
-2.9191149902e+03
-2.9621369629e+03
-2.9098071289e+03
-2.1193615723e+03
-2.1561416016e+03
-2.1247707520e+03
-2.1284250488e+03
-2.1284250488e+03
-2.1247707520e+03
-2.1561416016e+03
-2.1193615723e+03
-1.3386951904e+03
-1.3609046631e+03
-1.3421749268e+03
-1.3441522217e+03
-1.3441522217e+03
-1.3421749268e+03
-1.3609046631e+03
-1.3386951904e+03
-5.5194915771e+02
-5.5894500732e+02
-5.5230761719e+02
-5.5261022949e+02
-5.5261022949e+02
-5.5230761719e+02
-5.5894500732e+02
-5.5194915771e+02
2.3120127869e+02
2.3841255188e+02
2.3289709473e+02
2.3381498718e+02
2.3381498718e+02
2.3289709473e+02
2.3841255188e+02
2.3120127869e+02
1.0251259766e+03
1.0472872314e+03
1.0304417725e+03
1.0328377686e+03
1.0328377686e+03
1.0304417725e+03
1.0472872314e+03
1.0251259766e+03
1.8105185547e+03
1.8447550049e+03
1.8155885010e+03
1.8187835693e+03
1.8187835693e+03
1.8155885010e+03
1.8447550049e+03
1.8105185547e+03
2.6421452637e+03
2.6929404297e+03
2.6570336914e+03
2.6628471680e+03
2.6628471680e+03
2.6570336914e+03
2.6929404297e+03
2.6421452637e+03
3.4022805176e+03
3.4582072754e+03
3.4107924805e+03
3.4171574707e+03
3.4171574707e+03
3.4107924805e+03
3.4582072754e+03
3.4022805176e+03
-4.8118188477e+03
-4.7559853516e+03
-4.8156186523e+03
-4.7998618164e+03
-4.7998618164e+03
-4.8156186523e+03
-4.7559853516e+03
-4.8118188477e+03
-4.0665000000e+03
-4.0095080566e+03
-4.0610947266e+03
-4.0458989258e+03
-4.0458989258e+03
-4.0610947266e+03
-4.0095080566e+03
-4.0665000000e+03
-3.4194487305e+03
-3.3767231445e+03
-3.4224987793e+03
-3.4112966309e+03
-3.4112966309e+03
-3.4224987793e+03
-3.3767231445e+03
-3.4194487305e+03
-2.7165356445e+03
-2.6805219727e+03
-2.7157050781e+03
-2.7063403320e+03
-2.7063403320e+03
-2.7157050781e+03
-2.6805219727e+03
-2.7165356445e+03
-2.0271236572e+03
-2.0015516357e+03
-2.0268374023e+03
-2.0201654053e+03
-2.0201654053e+03
-2.0268374023e+03
-2.0015516357e+03
-2.0271236572e+03
-1.3252154541e+03
-1.3090389404e+03
-1.3235018311e+03
-1.3194129639e+03
-1.3194129639e+03
-1.3235018311e+03
-1.3090389404e+03
-1.3252154541e+03
-6.2634375000e+02
-6.2025555420e+02
-6.2462329102e+02
-6.2314837646e+02
-6.2314837646e+02
-6.2462329102e+02
-6.2025555420e+02
-6.2634375000e+02
8.1964065552e+01
7.8958908081e+01
8.4766242981e+01
8.4097175598e+01
8.4097175598e+01
8.4766242981e+01
7.8958908081e+01
8.1964065552e+01
7.8603131104e+02
7.7295379639e+02
7.8813781738e+02
7.8500842285e+02
7.8500842285e+02
7.8813781738e+02
7.7295379639e+02
7.8603131104e+02
1.5088679199e+03
1.4881893311e+03
1.5140001221e+03
1.5091130371e+03
1.5091130371e+03
1.5140001221e+03
1.4881893311e+03
1.5088679199e+03
2.1966257324e+03
2.1643090820e+03
2.1955407715e+03
2.1872626953e+03
2.1872626953e+03
2.1955407715e+03
2.1643090820e+03
2.1966257324e+03
2.9489982910e+03
2.9098144531e+03
2.9481984863e+03
2.9378164062e+03
2.9378164062e+03
2.9481984863e+03
2.9098144531e+03
2.9489982910e+03
-4.1561215820e+03
-4.1973808594e+03
-4.1531918945e+03
-4.1720532227e+03
-4.1720532227e+03
-4.1531918945e+03
-4.1973808594e+03
-4.1561215820e+03
-3.6333229980e+03
-3.6709099121e+03
-3.6299846191e+03
-3.6472028809e+03
-3.6472028809e+03
-3.6299846191e+03
-3.6709099121e+03
-3.6333229980e+03
-3.0231640625e+03
-3.0494868164e+03
-3.0118862305e+03
-3.0245234375e+03
-3.0245234375e+03
-3.0118862305e+03
-3.0494868164e+03
-3.0231640625e+03
-2.4593823242e+03
-2.4811538086e+03
-2.4517263184e+03
-2.4618098145e+03
-2.4618098145e+03
-2.4517263184e+03
-2.4811538086e+03
-2.4593823242e+03
-1.8720704346e+03
-1.8859985352e+03
-1.8638145752e+03
-1.8705604248e+03
-1.8705604248e+03
-1.8638145752e+03
-1.8859985352e+03
-1.8720704346e+03
-1.2896043701e+03
-1.2968192139e+03
-1.2830841064e+03
-1.2865644531e+03
-1.2865644531e+03
-1.2830841064e+03
-1.2968192139e+03
-1.2896043701e+03
-6.9512567139e+02
-6.9501416016e+02
-6.8889855957e+02
-6.8917388916e+02
-6.8917388916e+02
-6.8889855957e+02
-6.9501416016e+02
-6.9512567139e+02
-1.0152147675e+02
-9.5143630981e+01
-9.6781600952e+01
-9.4404830933e+01
-9.4404830933e+01
-9.6781600952e+01
-9.5143630981e+01
-1.0152147675e+02
5.0608636475e+02
5.1984704590e+02
5.1100375366e+02
5.1637274170e+02
5.1637274170e+02
5.1100375366e+02
5.1984704590e+02
5.0608636475e+02
1.1040753174e+03
1.1227979736e+03
1.1051789551e+03
1.1125115967e+03
1.1125115967e+03
1.1051789551e+03
1.1227979736e+03
1.1040753174e+03
1.7443527832e+03
1.7710654297e+03
1.7478530273e+03
1.7580380859e+03
1.7580380859e+03
1.7478530273e+03
1.7710654297e+03
1.7443527832e+03
2.3505070801e+03
2.3801679688e+03
2.3496728516e+03
2.3615275879e+03
2.3615275879e+03
2.3496728516e+03
2.3801679688e+03
2.3505070801e+03
-3.5892900391e+03
-3.5600783691e+03
-3.5952656250e+03
-3.5776660156e+03
-3.5776660156e+03
-3.5952656250e+03
-3.5600783691e+03
-3.5892900391e+03
-3.1063798828e+03
-3.0761374512e+03
-3.1062839355e+03
-3.0890454102e+03
-3.0890454102e+03
-3.1062839355e+03
-3.0761374512e+03
-3.1063798828e+03
-2.6809479980e+03
-2.6577944336e+03
-2.6836103516e+03
-2.6695361328e+03
-2.6695361328e+03
-2.6836103516e+03
-2.6577944336e+03
-2.6809479980e+03
-2.2021835938e+03
-2.1810063477e+03
-2.1996235352e+03
-2.1874697266e+03
-2.1874697266e+03
-2.1996235352e+03
-2.1810063477e+03
-2.2021835938e+03
-1.7370986328e+03
-1.7213110352e+03
-1.7341370850e+03
-1.7250859375e+03
-1.7250859375e+03
-1.7341370850e+03
-1.7213110352e+03
-1.7370986328e+03
-1.2552166748e+03
-1.2437968750e+03
-1.2496613770e+03
-1.2437895508e+03
-1.2437895508e+03
-1.2496613770e+03
-1.2437968750e+03
-1.2552166748e+03
-7.7361370850e+02
-7.6719024658e+02
-7.6715850830e+02
-7.6439849854e+02
-7.6439849854e+02
-7.6715850830e+02
-7.6719024658e+02
-7.7361370850e+02
-2.7827828979e+02
-2.7579171753e+02
-2.6982885742e+02
-2.6964254761e+02
-2.6964254761e+02
-2.6982885742e+02
-2.7579171753e+02
-2.7827828979e+02
2.1616131592e+02
2.1343318176e+02
2.2475410461e+02
2.2183992004e+02
2.2183992004e+02
2.2475410461e+02
2.1343318176e+02
2.1616131592e+02
7.3472412109e+02
7.2866015625e+02
7.4665393066e+02
7.4132598877e+02
7.4132598877e+02
7.4665393066e+02
7.2866015625e+02
7.3472412109e+02
1.2319023438e+03
1.2198840332e+03
1.2412572021e+03
1.2325627441e+03
1.2325627441e+03
1.2412572021e+03
1.2198840332e+03
1.2319023438e+03
1.7699436035e+03
1.7516956787e+03
1.7762204590e+03
1.7648027344e+03
1.7648027344e+03
1.7762204590e+03
1.7516956787e+03
1.7699436035e+03
-2.9063085938e+03
-2.9252541504e+03
-2.8986611328e+03
-2.9144423828e+03
-2.9144423828e+03
-2.8986611328e+03
-2.9252541504e+03
-2.9063085938e+03
-2.6094174805e+03
-2.6238352051e+03
-2.5978581543e+03
-2.6120893555e+03
-2.6120893555e+03
-2.5978581543e+03
-2.6238352051e+03
-2.6094174805e+03
-2.2501418457e+03
-2.2584843750e+03
-2.2341228027e+03
-2.2446760254e+03
-2.2446760254e+03
-2.2341228027e+03
-2.2584843750e+03
-2.2501418457e+03
-1.9234257812e+03
-1.9301695557e+03
-1.9108221436e+03
-1.9191000977e+03
-1.9191000977e+03
-1.9108221436e+03
-1.9301695557e+03
-1.9234257812e+03
-1.5674354248e+03
-1.5698653564e+03
-1.5543817139e+03
-1.5595710449e+03
-1.5595710449e+03
-1.5543817139e+03
-1.5698653564e+03
-1.5674354248e+03
-1.2134921875e+03
-1.2126407471e+03
-1.2025938721e+03
-1.2046639404e+03
-1.2046639404e+03
-1.2025938721e+03
-1.2126407471e+03
-1.2134921875e+03
-8.4370422363e+02
-8.3912084961e+02
-8.3333441162e+02
-8.3252508545e+02
-8.3252508545e+02
-8.3333441162e+02
-8.3912084961e+02
-8.4370422363e+02
-4.7194760132e+02
-4.6481652832e+02
-4.6333078003e+02
-4.6030230713e+02
-4.6030230713e+02
-4.6333078003e+02
-4.6481652832e+02
-4.7194760132e+02
-8.2862541199e+01
-7.1885650635e+01
-7.4496505737e+01
-6.8699798584e+01
-6.8699798584e+01
-7.4496505737e+01
-7.1885650635e+01
-8.2862541199e+01
2.9977523804e+02
3.1270620728e+02
3.0453051758e+02
3.1216738892e+02
3.1216738892e+02
3.0453051758e+02
3.1270620728e+02
2.9977523804e+02
7.1660272217e+02
7.3303063965e+02
7.2060894775e+02
7.3036407471e+02
7.3036407471e+02
7.2060894775e+02
7.3303063965e+02
7.1660272217e+02
1.1230698242e+03
1.1402116699e+03
1.1225767822e+03
1.1336519775e+03
1.1336519775e+03
1.1225767822e+03
1.1402116699e+03
1.1230698242e+03
-2.2669240723e+03
-2.2503371582e+03
-2.2698720703e+03
-2.2562082520e+03
-2.2562082520e+03
-2.2698720703e+03
-2.2503371582e+03
-2.2669240723e+03
-2.0496923828e+03
-2.0315102539e+03
-2.0471937256e+03
-2.0334305420e+03
-2.0334305420e+03
-2.0471937256e+03
-2.0315102539e+03
-2.0496923828e+03
-1.8623333740e+03
-1.8472869873e+03
-1.8597537842e+03
-1.8479798584e+03
-1.8479798584e+03
-1.8597537842e+03
-1.8472869873e+03
-1.8623333740e+03
-1.6292045898e+03
-1.6143349609e+03
-1.6222324219e+03
-1.6117723389e+03
-1.6117723389e+03
-1.6222324219e+03
-1.6143349609e+03
-1.6292045898e+03
-1.4067288818e+03
-1.3948328857e+03
-1.3995739746e+03
-1.3915904541e+03
-1.3915904541e+03
-1.3995739746e+03
-1.3948328857e+03
-1.4067288818e+03
-1.1639589844e+03
-1.1542727051e+03
-1.1543352051e+03
-1.1490363770e+03
-1.1490363770e+03
-1.1543352051e+03
-1.1542727051e+03
-1.1639589844e+03
-9.1900048828e+02
-9.1190869141e+02
-9.0880090332e+02
-9.0590771484e+02
-9.0590771484e+02
-9.0880090332e+02
-9.1190869141e+02
-9.1900048828e+02
-6.5772283936e+02
-6.5202490234e+02
-6.4592004395e+02
-6.4478430176e+02
-6.4478430176e+02
-6.4592004395e+02
-6.5202490234e+02
-6.5772283936e+02
-3.9504864502e+02
-3.9222494507e+02
-3.8332452393e+02
-3.8471337891e+02
-3.8471337891e+02
-3.8332452393e+02
-3.9222494507e+02
-3.9504864502e+02
-1.0775017548e+02
-1.0657231140e+02
-9.3882369995e+01
-9.7383392334e+01
-9.7383392334e+01
-9.3882369995e+01
-1.0657231140e+02
-1.0775017548e+02
1.7054534912e+02
1.6854685974e+02
1.8288940430e+02
1.7666271973e+02
1.7666271973e+02
1.8288940430e+02
1.6854685974e+02
1.7054534912e+02
4.7678588867e+02
4.6932000732e+02
4.8452325439e+02
4.7584280396e+02
4.7584280396e+02
4.8452325439e+02
4.6932000732e+02
4.7678588867e+02
-1.5726428223e+03
-1.5801085205e+03
-1.5641530762e+03
-1.5746241455e+03
-1.5746241455e+03
-1.5641530762e+03
-1.5801085205e+03
-1.5726428223e+03
-1.5172650146e+03
-1.5202242432e+03
-1.5036596680e+03
-1.5127825928e+03
-1.5127825928e+03
-1.5036596680e+03
-1.5202242432e+03
-1.5172650146e+03
-1.4162191162e+03
-1.4159080811e+03
-1.3998099365e+03
-1.4062424316e+03
-1.4062424316e+03
-1.3998099365e+03
-1.4159080811e+03
-1.4162191162e+03
-1.3347514648e+03
-1.3339331055e+03
-1.3206406250e+03
-1.3254284668e+03
-1.3254284668e+03
-1.3206406250e+03
-1.3339331055e+03
-1.3347514648e+03
-1.2235106201e+03
-1.2201594238e+03
-1.2087844238e+03
-1.2112580566e+03
-1.2112580566e+03
-1.2087844238e+03
-1.2201594238e+03
-1.2235106201e+03
-1.1127117920e+03
-1.1074926758e+03
-1.1000059814e+03
-1.0999958496e+03
-1.0999958496e+03
-1.1000059814e+03
-1.1074926758e+03
-1.1127117920e+03
-9.8421038818e+02
-9.7704754639e+02
-9.7176373291e+02
-9.6978002930e+02
-9.6978002930e+02
-9.7176373291e+02
-9.7704754639e+02
-9.8421038818e+02
-8.5183074951e+02
-8.4413671875e+02
-8.4081500244e+02
-8.3767156982e+02
-8.3767156982e+02
-8.4081500244e+02
-8.4413671875e+02
-8.5183074951e+02
-7.0072204590e+02
-6.9101934814e+02
-6.8997064209e+02
-6.8491241455e+02
-6.8491241455e+02
-6.8997064209e+02
-6.9101934814e+02
-7.0072204590e+02
-5.5182409668e+02
-5.4144409180e+02
-5.4386578369e+02
-5.3758282471e+02
-5.3758282471e+02
-5.4386578369e+02
-5.4144409180e+02
-5.5182409668e+02
-3.7593261719e+02
-3.6431610107e+02
-3.6990408325e+02
-3.6241613770e+02
-3.6241613770e+02
-3.6990408325e+02
-3.6431610107e+02
-3.7593261719e+02
-1.9778445435e+02
-1.8717543030e+02
-1.9684555054e+02
-1.8869725037e+02
-1.8869725037e+02
-1.9684555054e+02
-1.8717543030e+02
-1.9778445435e+02
-9.0584802246e+02
-8.9558148193e+02
-9.0583386230e+02
-8.9669403076e+02
-8.9669403076e+02
-9.0583386230e+02
-8.9558148193e+02
-9.0584802246e+02
-9.4829766846e+02
-9.3599322510e+02
-9.4306597900e+02
-9.3356231689e+02
-9.3356231689e+02
-9.4306597900e+02
-9.3599322510e+02
-9.4829766846e+02
-1.0036740723e+03
-9.9250292969e+02
-9.9720983887e+02
-9.8876177979e+02
-9.8876177979e+02
-9.9720983887e+02
-9.9250292969e+02
-1.0036740723e+03
-1.0219668579e+03
-1.0104076538e+03
-1.0123491821e+03
-1.0045844116e+03
-1.0045844116e+03
-1.0123491821e+03
-1.0104076538e+03
-1.0219668579e+03
-1.0470440674e+03
-1.0372569580e+03
-1.0374813232e+03
-1.0314296875e+03
-1.0314296875e+03
-1.0374813232e+03
-1.0372569580e+03
-1.0470440674e+03
-1.0508032227e+03
-1.0425504150e+03
-1.0391364746e+03
-1.0352022705e+03
-1.0352022705e+03
-1.0391364746e+03
-1.0425504150e+03
-1.0508032227e+03
-1.0512686768e+03
-1.0444180908e+03
-1.0394993896e+03
-1.0371007080e+03
-1.0371007080e+03
-1.0394993896e+03
-1.0444180908e+03
-1.0512686768e+03
-1.0349073486e+03
-1.0279472656e+03
-1.0221033936e+03
-1.0204237671e+03
-1.0204237671e+03
-1.0221033936e+03
-1.0279472656e+03
-1.0349073486e+03
-1.0156902466e+03
-1.0103707275e+03
-1.0032199097e+03
-1.0032416992e+03
-1.0032416992e+03
-1.0032199097e+03
-1.0103707275e+03
-1.0156902466e+03
-9.7412384033e+02
-9.6981683350e+02
-9.6064208984e+02
-9.6223114014e+02
-9.6223114014e+02
-9.6064208984e+02
-9.6981683350e+02
-9.7412384033e+02
-9.3373468018e+02
-9.3129718018e+02
-9.2167443848e+02
-9.2528033447e+02
-9.2528033447e+02
-9.2167443848e+02
-9.3129718018e+02
-9.3373468018e+02
-8.7252838135e+02
-8.7483666992e+02
-8.6564770508e+02
-8.7123931885e+02
-8.7123931885e+02
-8.6564770508e+02
-8.7483666992e+02
-8.7252838135e+02
-2.1849667358e+02
-2.2047686768e+02
-2.1098625183e+02
-2.1712013245e+02
-2.1712013245e+02
-2.1098625183e+02
-2.2047686768e+02
-2.1849667358e+02
-4.0438903809e+02
-4.0236273193e+02
-3.9177770996e+02
-3.9676318359e+02
-3.9676318359e+02
-3.9177770996e+02
-4.0236273193e+02
-4.0438903809e+02
-5.5652941895e+02
-5.5274633789e+02
-5.4198736572e+02
-5.4508959961e+02
-5.4508959961e+02
-5.4198736572e+02
-5.5274633789e+02
-5.5652941895e+02
-7.1888763428e+02
-7.1499090576e+02
-7.0564642334e+02
-7.0769445801e+02
-7.0769445801e+02
-7.0564642334e+02
-7.1499090576e+02
-7.1888763428e+02
-8.5455847168e+02
-8.4906622314e+02
-8.4070428467e+02
-8.4116467285e+02
-8.4116467285e+02
-8.4070428467e+02
-8.4906622314e+02
-8.5455847168e+02
-9.9004412842e+02
-9.8292486572e+02
-9.7794946289e+02
-9.7640826416e+02
-9.7640826416e+02
-9.7794946289e+02
-9.8292486572e+02
-9.9004412842e+02
-1.1079887695e+03
-1.0998676758e+03
-1.0958549805e+03
-1.0931600342e+03
-1.0931600342e+03
-1.0958549805e+03
-1.0998676758e+03
-1.1079887695e+03
-1.2214650879e+03
-1.2142198486e+03
-1.2103985596e+03
-1.2075607910e+03
-1.2075607910e+03
-1.2103985596e+03
-1.2142198486e+03
-1.2214650879e+03
-1.3173594971e+03
-1.3091391602e+03
-1.3065277100e+03
-1.3025834961e+03
-1.3025834961e+03
-1.3065277100e+03
-1.3091391602e+03
-1.3173594971e+03
-1.4126710205e+03
-1.4042789307e+03
-1.4038968506e+03
-1.3993038330e+03
-1.3993038330e+03
-1.4038968506e+03
-1.4042789307e+03
-1.4126710205e+03
-1.4870275879e+03
-1.4784519043e+03
-1.4804042969e+03
-1.4753214111e+03
-1.4753214111e+03
-1.4804042969e+03
-1.4784519043e+03
-1.4870275879e+03
-1.5540614014e+03
-1.5474688721e+03
-1.5527119141e+03
-1.5474903564e+03
-1.5474903564e+03
-1.5527119141e+03
-1.5474688721e+03
-1.5540614014e+03
4.4451196289e+02
4.5110031128e+02
4.4596817017e+02
4.5155325317e+02
4.5155325317e+02
4.4596817017e+02
4.5110031128e+02
4.4451196289e+02
1.5543391418e+02
1.6411187744e+02
1.6155679321e+02
1.6757447815e+02
1.6757447815e+02
1.6155679321e+02
1.6411187744e+02
1.5543391418e+02
-1.3738531494e+02
-1.2895556641e+02
-1.2981126404e+02
-1.2427046967e+02
-1.2427046967e+02
-1.2981126404e+02
-1.2895556641e+02
-1.3738531494e+02
-4.0169088745e+02
-3.9279705811e+02
-3.9209664917e+02
-3.8679293823e+02
-3.8679293823e+02
-3.9209664917e+02
-3.9279705811e+02
-4.0169088745e+02
-6.6984118652e+02
-6.6216613770e+02
-6.6042437744e+02
-6.5624322510e+02
-6.5624322510e+02
-6.6042437744e+02
-6.6216613770e+02
-6.6984118652e+02
-9.1823364258e+02
-9.1242889404e+02
-9.0721417236e+02
-9.0484680176e+02
-9.0484680176e+02
-9.0721417236e+02
-9.1242889404e+02
-9.1823364258e+02
-1.1638942871e+03
-1.1588752441e+03
-1.1531805420e+03
-1.1516826172e+03
-1.1516826172e+03
-1.1531805420e+03
-1.1588752441e+03
-1.1638942871e+03
-1.3945489502e+03
-1.3881308594e+03
-1.3832153320e+03
-1.3815551758e+03
-1.3815551758e+03
-1.3832153320e+03
-1.3881308594e+03
-1.3945489502e+03
-1.6220283203e+03
-1.6165301514e+03
-1.6111955566e+03
-1.6105687256e+03
-1.6105687256e+03
-1.6111955566e+03
-1.6165301514e+03
-1.6220283203e+03
-1.8311181641e+03
-1.8264221191e+03
-1.8200329590e+03
-1.8205018311e+03
-1.8205018311e+03
-1.8200329590e+03
-1.8264221191e+03
-1.8311181641e+03
-2.0381363525e+03
-2.0346765137e+03
-2.0285548096e+03
-2.0304372559e+03
-2.0304372559e+03
-2.0285548096e+03
-2.0346765137e+03
-2.0381363525e+03
-2.2295341797e+03
-2.2300808105e+03
-2.2249934082e+03
-2.2283996582e+03
-2.2283996582e+03
-2.2249934082e+03
-2.2300808105e+03
-2.2295341797e+03
1.1050860596e+03
1.1051540527e+03
1.1105289307e+03
1.1071511230e+03
1.1071511230e+03
1.1105289307e+03
1.1051540527e+03
1.1050860596e+03
6.8886309814e+02
6.9212762451e+02
6.9862280273e+02
6.9615808105e+02
6.9615808105e+02
6.9862280273e+02
6.9212762451e+02
6.8886309814e+02
2.9702722168e+02
3.0116897583e+02
3.0805319214e+02
3.0685852051e+02
3.0685852051e+02
3.0805319214e+02
3.0116897583e+02
2.9702722168e+02
-9.9626426697e+01
-9.5553421021e+01
-8.9285301208e+01
-8.9903327942e+01
-8.9903327942e+01
-8.9285301208e+01
-9.5553421021e+01
-9.9626426697e+01
-4.7480712891e+02
-4.6963339233e+02
-4.6405511475e+02
-4.6365982056e+02
-4.6365982056e+02
-4.6405511475e+02
-4.6963339233e+02
-4.7480712891e+02
-8.5047082520e+02
-8.4296319580e+02
-8.4104858398e+02
-8.3887506104e+02
-8.3887506104e+02
-8.4104858398e+02
-8.4296319580e+02
-8.5047082520e+02
-1.2106093750e+03
-1.2026541748e+03
-1.2009764404e+03
-1.1982207031e+03
-1.1982207031e+03
-1.2009764404e+03
-1.2026541748e+03
-1.2106093750e+03
-1.5669215088e+03
-1.5613680420e+03
-1.5582844238e+03
-1.5561722412e+03
-1.5561722412e+03
-1.5582844238e+03
-1.5613680420e+03
-1.5669215088e+03
-1.9092823486e+03
-1.9034040527e+03
-1.9008571777e+03
-1.8981866455e+03
-1.8981866455e+03
-1.9008571777e+03
-1.9034040527e+03
-1.9092823486e+03
-2.2505725098e+03
-2.2446872559e+03
-2.2436630859e+03
-2.2407080078e+03
-2.2407080078e+03
-2.2436630859e+03
-2.2446872559e+03
-2.2505725098e+03
-2.5767145996e+03
-2.5710632324e+03
-2.5716984863e+03
-2.5686953125e+03
-2.5686953125e+03
-2.5716984863e+03
-2.5710632324e+03
-2.5767145996e+03
-2.8955144043e+03
-2.8921064453e+03
-2.8953278809e+03
-2.8924648438e+03
-2.8924648438e+03
-2.8953278809e+03
-2.8921064453e+03
-2.8955144043e+03
1.7353895264e+03
1.7392415771e+03
1.7365659180e+03
1.7396451416e+03
1.7396451416e+03
1.7365659180e+03
1.7392415771e+03
1.7353895264e+03
1.2192843018e+03
1.2248874512e+03
1.2241323242e+03
1.2275811768e+03
1.2275811768e+03
1.2241323242e+03
1.2248874512e+03
1.2192843018e+03
7.0328808594e+02
7.0891168213e+02
7.0931475830e+02
7.1256292725e+02
7.1256292725e+02
7.0931475830e+02
7.0891168213e+02
7.0328808594e+02
2.0769178772e+02
2.1363723755e+02
2.1478404236e+02
2.1806517029e+02
2.1806517029e+02
2.1478404236e+02
2.1363723755e+02
2.0769178772e+02
-2.9049575806e+02
-2.8558401489e+02
-2.8364965820e+02
-2.8104418945e+02
-2.8104418945e+02
-2.8364965820e+02
-2.8558401489e+02
-2.9049575806e+02
-7.7220452881e+02
-7.7055438232e+02
-7.6465649414e+02
-7.6378771973e+02
-7.6378771973e+02
-7.6465649414e+02
-7.7055438232e+02
-7.7220452881e+02
-1.2534847412e+03
-1.2522872314e+03
-1.2465146484e+03
-1.2461098633e+03
-1.2461098633e+03
-1.2465146484e+03
-1.2522872314e+03
-1.2534847412e+03
-1.7239515381e+03
-1.7196005859e+03
-1.7162680664e+03
-1.7150761719e+03
-1.7150761719e+03
-1.7162680664e+03
-1.7196005859e+03
-1.7239515381e+03
-2.1919624023e+03
-2.1880690918e+03
-2.1848864746e+03
-2.1843349609e+03
-2.1843349609e+03
-2.1848864746e+03
-2.1880690918e+03
-2.1919624023e+03
-2.6468666992e+03
-2.6436984863e+03
-2.6399401855e+03
-2.6401657715e+03
-2.6401657715e+03
-2.6399401855e+03
-2.6436984863e+03
-2.6468666992e+03
-3.1000800781e+03
-3.0977971191e+03
-3.0946379395e+03
-3.0957897949e+03
-3.0957897949e+03
-3.0946379395e+03
-3.0977971191e+03
-3.1000800781e+03
-3.5430104980e+03
-3.5438972168e+03
-3.5418562012e+03
-3.5441101074e+03
-3.5441101074e+03
-3.5418562012e+03
-3.5438972168e+03
-3.5430104980e+03
2.3422890625e+03
2.3423972168e+03
2.3449348145e+03
2.3429875488e+03
2.3429875488e+03
2.3449348145e+03
2.3423972168e+03
2.3422890625e+03
1.7161334229e+03
1.7184525146e+03
1.7218459473e+03
1.7205335693e+03
1.7205335693e+03
1.7218459473e+03
1.7184525146e+03
1.7161334229e+03
1.1064262695e+03
1.1090424805e+03
1.1127412109e+03
1.1122275391e+03
1.1122275391e+03
1.1127412109e+03
1.1090424805e+03
1.1064262695e+03
4.9403259277e+02
4.9651742554e+02
4.9996664429e+02
4.9963980103e+02
4.9963980103e+02
4.9996664429e+02
4.9651742554e+02
4.9403259277e+02
-1.0303405762e+02
-9.9767936707e+01
-9.7005844116e+01
-9.6859832764e+01
-9.6859832764e+01
-9.7005844116e+01
-9.9767936707e+01
-1.0303405762e+02
-7.0302380371e+02
-6.9548406982e+02
-6.9725384521e+02
-6.9542907715e+02
-6.9542907715e+02
-6.9725384521e+02
-6.9548406982e+02
-7.0302380371e+02
-1.2905261230e+03
-1.2829097900e+03
-1.2845850830e+03
-1.2825084229e+03
-1.2825084229e+03
-1.2845850830e+03
-1.2829097900e+03
-1.2905261230e+03
-1.8754150391e+03
-1.8726082764e+03
-1.8712373047e+03
-1.8703085938e+03
-1.8703085938e+03
-1.8712373047e+03
-1.8726082764e+03
-1.8754150391e+03
-2.4524189453e+03
-2.4497021484e+03
-2.4484409180e+03
-2.4471716309e+03
-2.4471716309e+03
-2.4484409180e+03
-2.4497021484e+03
-2.4524189453e+03
-3.0298591309e+03
-3.0272360840e+03
-3.0270629883e+03
-3.0256584473e+03
-3.0256584473e+03
-3.0270629883e+03
-3.0272360840e+03
-3.0298591309e+03
-3.5983896484e+03
-3.5960839844e+03
-3.5969890137e+03
-3.5957426758e+03
-3.5957426758e+03
-3.5969890137e+03
-3.5960839844e+03
-3.5983896484e+03
-4.1628593750e+03
-4.1624960938e+03
-4.1652758789e+03
-4.1642314453e+03
-4.1642314453e+03
-4.1652758789e+03
-4.1624960938e+03
-4.1628593750e+03
2.9047546387e+03
2.9062221680e+03
2.9044091797e+03
2.9057849121e+03
2.9057849121e+03
2.9044091797e+03
2.9062221680e+03
2.9047546387e+03
2.1894497070e+03
2.1920375977e+03
2.1914492188e+03
2.1930468750e+03
2.1930468750e+03
2.1914492188e+03
2.1920375977e+03
2.1894497070e+03
1.4747823486e+03
1.4773337402e+03
1.4774128418e+03
1.4788964844e+03
1.4788964844e+03
1.4774128418e+03
1.4773337402e+03
1.4747823486e+03
7.7313531494e+02
7.7558917236e+02
7.7593310547e+02
7.7757421875e+02
7.7757421875e+02
7.7593310547e+02
7.7558917236e+02
7.7313531494e+02
6.8404327393e+01
6.9996932983e+01
7.0860229492e+01
7.2308212280e+01
7.2308212280e+01
7.0860229492e+01
6.9996932983e+01
6.8404327393e+01
-6.2314215088e+02
-6.2785412598e+02
-6.2209759521e+02
-6.2234826660e+02
-6.2234826660e+02
-6.2209759521e+02
-6.2785412598e+02
-6.2314215088e+02
-1.3185761719e+03
-1.3235871582e+03
-1.3181835938e+03
-1.3187197266e+03
-1.3187197266e+03
-1.3181835938e+03
-1.3235871582e+03
-1.3185761719e+03
-2.0098276367e+03
-2.0085625000e+03
-2.0073242188e+03
-2.0067404785e+03
-2.0067404785e+03
-2.0073242188e+03
-2.0085625000e+03
-2.0098276367e+03
-2.6992314453e+03
-2.6982624512e+03
-2.6974162598e+03
-2.6974313965e+03
-2.6974313965e+03
-2.6974162598e+03
-2.6982624512e+03
-2.6992314453e+03
-3.3819545898e+03
-3.3814726562e+03
-3.3803303223e+03
-3.3809250488e+03
-3.3809250488e+03
-3.3803303223e+03
-3.3814726562e+03
-3.3819545898e+03
-4.0656601562e+03
-4.0658408203e+03
-4.0653276367e+03
-4.0664707031e+03
-4.0664707031e+03
-4.0653276367e+03
-4.0658408203e+03
-4.0656601562e+03
-4.7451503906e+03
-4.7475527344e+03
-4.7479038086e+03
-4.7497592773e+03
-4.7497592773e+03
-4.7479038086e+03
-4.7475527344e+03
-4.7451503906e+03
3.4206323242e+03
3.4197275391e+03
3.4201730957e+03
3.4187626953e+03
3.4187626953e+03
3.4201730957e+03
3.4197275391e+03
3.4206323242e+03
2.6157067871e+03
2.6160803223e+03
2.6169797363e+03
2.6159472656e+03
2.6159472656e+03
2.6169797363e+03
2.6160803223e+03
2.6157067871e+03
1.8204382324e+03
1.8206784668e+03
1.8217640381e+03
1.8211311035e+03
1.8211311035e+03
1.8217640381e+03
1.8206784668e+03
1.8204382324e+03
1.0223275757e+03
1.0228134766e+03
1.0235913696e+03
1.0229317017e+03
1.0229317017e+03
1.0235913696e+03
1.0228134766e+03
1.0223275757e+03
2.3377854919e+02
2.3430143738e+02
2.3479808044e+02
2.3392269897e+02
2.3392269897e+02
2.3479808044e+02
2.3430143738e+02
2.3377854919e+02
-5.6285723877e+02
-5.5389080811e+02
-5.5906896973e+02
-5.5842095947e+02
-5.5842095947e+02
-5.5906896973e+02
-5.5389080811e+02
-5.6285723877e+02
-1.3491002197e+03
-1.3402675781e+03
-1.3454505615e+03
-1.3446956787e+03
-1.3446956787e+03
-1.3454505615e+03
-1.3402675781e+03
-1.3491002197e+03
-2.1328347168e+03
-2.1332800293e+03
-2.1338056641e+03
-2.1344389648e+03
-2.1344389648e+03
-2.1338056641e+03
-2.1332800293e+03
-2.1328347168e+03
-2.9177451172e+03
-2.9181413574e+03
-2.9189099121e+03
-2.9190253906e+03
-2.9190253906e+03
-2.9189099121e+03
-2.9181413574e+03
-2.9177451172e+03
-3.7052939453e+03
-3.7063183594e+03
-3.7077285156e+03
-3.7077875977e+03
-3.7077875977e+03
-3.7077285156e+03
-3.7063183594e+03
-3.7052939453e+03
-4.4907016602e+03
-4.4919414062e+03
-4.4940507812e+03
-4.4942783203e+03
-4.4942783203e+03
-4.4940507812e+03
-4.4919414062e+03
-4.4907016602e+03
-5.2770244141e+03
-5.2796328125e+03
-5.2828862305e+03
-5.2832612305e+03
-5.2832612305e+03
-5.2828862305e+03
-5.2796328125e+03
-5.2770244141e+03
3.8723225098e+03
3.8716374512e+03
3.8697663574e+03
3.8699675293e+03
3.8699675293e+03
3.8697663574e+03
3.8716374512e+03
3.8723225098e+03
2.9963630371e+03
2.9959206543e+03
2.9946386719e+03
2.9948137207e+03
2.9948137207e+03
2.9946386719e+03
2.9959206543e+03
2.9963630371e+03
2.1198598633e+03
2.1192856445e+03
2.1179313965e+03
2.1180551758e+03
2.1180551758e+03
2.1179313965e+03
2.1192856445e+03
2.1198598633e+03
1.2504886475e+03
1.2485328369e+03
1.2475209961e+03
1.2475313721e+03
1.2475313721e+03
1.2475209961e+03
1.2485328369e+03
1.2504886475e+03
3.7575860596e+02
3.7433596802e+02
3.7243615723e+02
3.7293765259e+02
3.7293765259e+02
3.7243615723e+02
3.7433596802e+02
3.7575860596e+02
-4.8576577759e+02
-4.9970394897e+02
-4.9580758667e+02
-4.9691625977e+02
-4.9691625977e+02
-4.9580758667e+02
-4.9970394897e+02
-4.8576577759e+02
-1.3586246338e+03
-1.3729476318e+03
-1.3691601562e+03
-1.3705194092e+03
-1.3705194092e+03
-1.3691601562e+03
-1.3729476318e+03
-1.3586246338e+03
-2.2371567383e+03
-2.2391293945e+03
-2.2409980469e+03
-2.2410512695e+03
-2.2410512695e+03
-2.2409980469e+03
-2.2391293945e+03
-2.2371567383e+03
-3.1112316895e+03
-3.1145769043e+03
-3.1159533691e+03
-3.1169741211e+03
-3.1169741211e+03
-3.1159533691e+03
-3.1145769043e+03
-3.1112316895e+03
-3.9862929688e+03
-3.9889367676e+03
-3.9905415039e+03
-3.9917805176e+03
-3.9917805176e+03
-3.9905415039e+03
-3.9889367676e+03
-3.9862929688e+03
-4.8654208984e+03
-4.8686787109e+03
-4.8704624023e+03
-4.8720507812e+03
-4.8720507812e+03
-4.8704624023e+03
-4.8686787109e+03
-4.8654208984e+03
-5.7467255859e+03
-5.7511254883e+03
-5.7534316406e+03
-5.7553334961e+03
-5.7553334961e+03
-5.7534316406e+03
-5.7511254883e+03
-5.7467255859e+03
4.2519116211e+03
4.2499433594e+03
4.2491791992e+03
4.2480297852e+03
4.2480297852e+03
4.2491791992e+03
4.2499433594e+03
4.2519116211e+03
3.3115581055e+03
3.3103486328e+03
3.3095036621e+03
3.3086269531e+03
3.3086269531e+03
3.3095036621e+03
3.3103486328e+03
3.3115581055e+03
2.3758583984e+03
2.3737404785e+03
2.3736184082e+03
2.3726240234e+03
2.3726240234e+03
2.3736184082e+03
2.3737404785e+03
2.3758583984e+03
1.4353635254e+03
1.4353973389e+03
1.4339119873e+03
1.4335085449e+03
1.4335085449e+03
1.4339119873e+03
1.4353973389e+03
1.4353635254e+03
5.0147457886e+02
4.9784634399e+02
4.9882760620e+02
4.9729965210e+02
4.9729965210e+02
4.9882760620e+02
4.9784634399e+02
5.0147457886e+02
-4.5152175903e+02
-4.3805325317e+02
-4.4347250366e+02
-4.4349035645e+02
-4.4349035645e+02
-4.4347250366e+02
-4.3805325317e+02
-4.5152175903e+02
-1.3913686523e+03
-1.3778854980e+03
-1.3839007568e+03
-1.3838671875e+03
-1.3838671875e+03
-1.3839007568e+03
-1.3778854980e+03
-1.3913686523e+03
-2.3239904785e+03
-2.3284235840e+03
-2.3287119141e+03
-2.3304631348e+03
-2.3304631348e+03
-2.3287119141e+03
-2.3284235840e+03
-2.3239904785e+03
-3.2725964355e+03
-3.2739919434e+03
-3.2768488770e+03
-3.2774868164e+03
-3.2774868164e+03
-3.2768488770e+03
-3.2739919434e+03
-3.2725964355e+03
-4.2237895508e+03
-4.2280688477e+03
-4.2303369141e+03
-4.2315756836e+03
-4.2315756836e+03
-4.2303369141e+03
-4.2280688477e+03
-4.2237895508e+03
-5.1801425781e+03
-5.1840478516e+03
-5.1874453125e+03
-5.1885483398e+03
-5.1885483398e+03
-5.1874453125e+03
-5.1840478516e+03
-5.1801425781e+03
-6.1419184570e+03
-6.1468354492e+03
-6.1505307617e+03
-6.1517812500e+03
-6.1517812500e+03
-6.1505307617e+03
-6.1468354492e+03
-6.1419184570e+03
4.5463803711e+03
4.5438325195e+03
4.5411762695e+03
4.5402529297e+03
4.5402529297e+03
4.5411762695e+03
4.5438325195e+03
4.5463803711e+03
3.5609602051e+03
3.5576455078e+03
3.5556689453e+03
3.5544641113e+03
3.5544641113e+03
3.5556689453e+03
3.5576455078e+03
3.5609602051e+03
2.5726018066e+03
2.5707402344e+03
2.5669594727e+03
2.5663828125e+03
2.5663828125e+03
2.5669594727e+03
2.5707402344e+03
2.5726018066e+03
1.5891166992e+03
1.5822941895e+03
1.5812811279e+03
1.5788216553e+03
1.5788216553e+03
1.5812811279e+03
1.5822941895e+03
1.5891166992e+03
5.9391925049e+02
5.9577978516e+02
5.8836828613e+02
5.8740570068e+02
5.8740570068e+02
5.8836828613e+02
5.9577978516e+02
5.9391925049e+02
-3.7714721680e+02
-4.0020205688e+02
-4.0163616943e+02
-4.0478649902e+02
-4.0478649902e+02
-4.0163616943e+02
-4.0020205688e+02
-3.7714721680e+02
-1.3737327881e+03
-1.3977763672e+03
-1.3986751709e+03
-1.4020861816e+03
-1.4020861816e+03
-1.3986751709e+03
-1.3977763672e+03
-1.3737327881e+03
-2.3926110840e+03
-2.3924768066e+03
-2.3998005371e+03
-2.4009755859e+03
-2.4009755859e+03
-2.3998005371e+03
-2.3924768066e+03
-2.3926110840e+03
-3.3936254883e+03
-3.4025249023e+03
-3.4045539551e+03
-3.4076027832e+03
-3.4076027832e+03
-3.4045539551e+03
-3.4025249023e+03
-3.3936254883e+03
-4.4068510742e+03
-4.4111845703e+03
-4.4161489258e+03
-4.4177895508e+03
-4.4177895508e+03
-4.4161489258e+03
-4.4111845703e+03
-4.4068510742e+03
-5.4243374023e+03
-5.4308867188e+03
-5.4343525391e+03
-5.4369038086e+03
-5.4369038086e+03
-5.4343525391e+03
-5.4308867188e+03
-5.4243374023e+03
-6.4504697266e+03
-6.4568574219e+03
-6.4611186523e+03
-6.4635781250e+03
-6.4635781250e+03
-6.4611186523e+03
-6.4568574219e+03
-6.4504697266e+03
4.7538417969e+03
4.7506855469e+03
4.7486381836e+03
4.7475825195e+03
4.7475825195e+03
4.7486381836e+03
4.7506855469e+03
4.7538417969e+03
3.7338557129e+03
3.7310754395e+03
3.7269453125e+03
3.7257565918e+03
3.7257565918e+03
3.7269453125e+03
3.7310754395e+03
3.7338557129e+03
2.7177055664e+03
2.7080395508e+03
2.7062553711e+03
2.7025666504e+03
2.7025666504e+03
2.7062553711e+03
2.7080395508e+03
2.7177055664e+03
1.6904456787e+03
1.6874787598e+03
1.6772333984e+03
1.6770168457e+03
1.6770168457e+03
1.6772333984e+03
1.6874787598e+03
1.6904456787e+03
6.7667132568e+02
6.5122393799e+02
6.5237371826e+02
6.4912396240e+02
6.4912396240e+02
6.5237371826e+02
6.5122393799e+02
6.7667132568e+02
-3.8384899902e+02
-3.7557482910e+02
-3.8127725220e+02
-3.8139660645e+02
-3.8139660645e+02
-3.8127725220e+02
-3.7557482910e+02
-3.8384899902e+02
-1.4160430908e+03
-1.4069133301e+03
-1.4138502197e+03
-1.4139005127e+03
-1.4139005127e+03
-1.4138502197e+03
-1.4069133301e+03
-1.4160430908e+03
-2.4232700195e+03
-2.4482041016e+03
-2.4483010254e+03
-2.4521455078e+03
-2.4521455078e+03
-2.4483010254e+03
-2.4482041016e+03
-2.4232700195e+03
-3.4777399902e+03
-3.4813488770e+03
-3.4924470215e+03
-3.4932534180e+03
-3.4932534180e+03
-3.4924470215e+03
-3.4813488770e+03
-3.4777399902e+03
-4.5249570312e+03
-4.5367387695e+03
-4.5399462891e+03
-4.5441264648e+03
-4.5441264648e+03
-4.5399462891e+03
-4.5367387695e+03
-4.5249570312e+03
-5.5881103516e+03
-5.5936801758e+03
-5.5999160156e+03
-5.6016865234e+03
-5.6016865234e+03
-5.5999160156e+03
-5.5936801758e+03
-5.5881103516e+03
-6.6568325195e+03
-6.6636684570e+03
-6.6681948242e+03
-6.6700419922e+03
-6.6700419922e+03
-6.6681948242e+03
-6.6636684570e+03
-6.6568325195e+03
4.8639003906e+03
4.8616909180e+03
4.8614033203e+03
4.8620356445e+03
4.8620356445e+03
4.8614033203e+03
4.8616909180e+03
4.8639003906e+03
3.8246223145e+03
3.8267453613e+03
3.8193420410e+03
3.8207912598e+03
3.8207912598e+03
3.8193420410e+03
3.8267453613e+03
3.8246223145e+03
2.7984709473e+03
2.7772797852e+03
2.7836933594e+03
2.7757741699e+03
2.7757741699e+03
2.7836933594e+03
2.7772797852e+03
2.7984709473e+03
1.7361059570e+03
1.7526988525e+03
1.7266027832e+03
1.7344409180e+03
1.7344409180e+03
1.7266027832e+03
1.7526988525e+03
1.7361059570e+03
7.3691925049e+02
6.6193902588e+02
6.8913610840e+02
6.8329211426e+02
6.8329211426e+02
6.8913610840e+02
6.6193902588e+02
7.3691925049e+02
-4.5867358398e+02
-3.7332040405e+02
-3.7079632568e+02
-3.6438140869e+02
-3.6438140869e+02
-3.7079632568e+02
-3.7332040405e+02
-4.5867358398e+02
-1.5103710938e+03
-1.4258665771e+03
-1.4235391846e+03
-1.4172025146e+03
-1.4172025146e+03
-1.4235391846e+03
-1.4258665771e+03
-1.5103710938e+03
-2.4181801758e+03
-2.4957937012e+03
-2.4689523926e+03
-2.4752712402e+03
-2.4752712402e+03
-2.4689523926e+03
-2.4957937012e+03
-2.4181801758e+03
-3.5277636719e+03
-3.5127517090e+03
-3.5406667480e+03
-3.5333176270e+03
-3.5333176270e+03
-3.5406667480e+03
-3.5127517090e+03
-3.5277636719e+03
-4.5764121094e+03
-4.6008203125e+03
-4.5959150391e+03
-4.6049707031e+03
-4.6049707031e+03
-4.5959150391e+03
-4.6008203125e+03
-4.5764121094e+03
-5.6693461914e+03
-5.6704511719e+03
-5.6802592773e+03
-5.6798393555e+03
-5.6798393555e+03
-5.6802592773e+03
-5.6704511719e+03
-5.6693461914e+03
-6.7567143555e+03
-6.7632402344e+03
-6.7656074219e+03
-6.7663256836e+03
-6.7663256836e+03
-6.7656074219e+03
-6.7632402344e+03
-6.7567143555e+03
4.8639003906e+03
4.8616909180e+03
4.8614033203e+03
4.8620356445e+03
4.8620356445e+03
4.8614033203e+03
4.8616909180e+03
4.8639003906e+03
3.8246223145e+03
3.8267453613e+03
3.8193420410e+03
3.8207912598e+03
3.8207912598e+03
3.8193420410e+03
3.8267453613e+03
3.8246223145e+03
2.7984709473e+03
2.7772797852e+03
2.7836933594e+03
2.7757741699e+03
2.7757741699e+03
2.7836933594e+03
2.7772797852e+03
2.7984709473e+03
1.7361059570e+03
1.7526988525e+03
1.7266027832e+03
1.7344409180e+03
1.7344409180e+03
1.7266027832e+03
1.7526988525e+03
1.7361059570e+03
7.3691925049e+02
6.6193902588e+02
6.8913610840e+02
6.8329211426e+02
6.8329211426e+02
6.8913610840e+02
6.6193902588e+02
7.3691925049e+02
-4.5867358398e+02
-3.7332040405e+02
-3.7079632568e+02
-3.6438140869e+02
-3.6438140869e+02
-3.7079632568e+02
-3.7332040405e+02
-4.5867358398e+02
-1.5103710938e+03
-1.4258665771e+03
-1.4235391846e+03
-1.4172025146e+03
-1.4172025146e+03
-1.4235391846e+03
-1.4258665771e+03
-1.5103710938e+03
-2.4181801758e+03
-2.4957937012e+03
-2.4689523926e+03
-2.4752712402e+03
-2.4752712402e+03
-2.4689523926e+03
-2.4957937012e+03
-2.4181801758e+03
-3.5277636719e+03
-3.5127517090e+03
-3.5406667480e+03
-3.5333176270e+03
-3.5333176270e+03
-3.5406667480e+03
-3.5127517090e+03
-3.5277636719e+03
-4.5764121094e+03
-4.6008203125e+03
-4.5959150391e+03
-4.6049707031e+03
-4.6049707031e+03
-4.5959150391e+03
-4.6008203125e+03
-4.5764121094e+03
-5.6693461914e+03
-5.6704511719e+03
-5.6802592773e+03
-5.6798393555e+03
-5.6798393555e+03
-5.6802592773e+03
-5.6704511719e+03
-5.6693461914e+03
-6.7567143555e+03
-6.7632402344e+03
-6.7656074219e+03
-6.7663256836e+03
-6.7663256836e+03
-6.7656074219e+03
-6.7632402344e+03
-6.7567143555e+03
4.7538417969e+03
4.7506855469e+03
4.7486381836e+03
4.7475825195e+03
4.7475825195e+03
4.7486381836e+03
4.7506855469e+03
4.7538417969e+03
3.7338557129e+03
3.7310754395e+03
3.7269453125e+03
3.7257565918e+03
3.7257565918e+03
3.7269453125e+03
3.7310754395e+03
3.7338557129e+03
2.7177055664e+03
2.7080395508e+03
2.7062553711e+03
2.7025666504e+03
2.7025666504e+03
2.7062553711e+03
2.7080395508e+03
2.7177055664e+03
1.6904456787e+03
1.6874787598e+03
1.6772333984e+03
1.6770168457e+03
1.6770168457e+03
1.6772333984e+03
1.6874787598e+03
1.6904456787e+03
6.7667132568e+02
6.5122393799e+02
6.5237371826e+02
6.4912396240e+02
6.4912396240e+02
6.5237371826e+02
6.5122393799e+02
6.7667132568e+02
-3.8384899902e+02
-3.7557482910e+02
-3.8127725220e+02
-3.8139660645e+02
-3.8139660645e+02
-3.8127725220e+02
-3.7557482910e+02
-3.8384899902e+02
-1.4160430908e+03
-1.4069133301e+03
-1.4138502197e+03
-1.4139005127e+03
-1.4139005127e+03
-1.4138502197e+03
-1.4069133301e+03
-1.4160430908e+03
-2.4232700195e+03
-2.4482041016e+03
-2.4483010254e+03
-2.4521455078e+03
-2.4521455078e+03
-2.4483010254e+03
-2.4482041016e+03
-2.4232700195e+03
-3.4777399902e+03
-3.4813488770e+03
-3.4924470215e+03
-3.4932534180e+03
-3.4932534180e+03
-3.4924470215e+03
-3.4813488770e+03
-3.4777399902e+03
-4.5249570312e+03
-4.5367387695e+03
-4.5399462891e+03
-4.5441264648e+03
-4.5441264648e+03
-4.5399462891e+03
-4.5367387695e+03
-4.5249570312e+03
-5.5881103516e+03
-5.5936801758e+03
-5.5999160156e+03
-5.6016865234e+03
-5.6016865234e+03
-5.5999160156e+03
-5.5936801758e+03
-5.5881103516e+03
-6.6568325195e+03
-6.6636684570e+03
-6.6681948242e+03
-6.6700419922e+03
-6.6700419922e+03
-6.6681948242e+03
-6.6636684570e+03
-6.6568325195e+03
4.5463803711e+03
4.5438325195e+03
4.5411762695e+03
4.5402529297e+03
4.5402529297e+03
4.5411762695e+03
4.5438325195e+03
4.5463803711e+03
3.5609602051e+03
3.5576455078e+03
3.5556689453e+03
3.5544641113e+03
3.5544641113e+03
3.5556689453e+03
3.5576455078e+03
3.5609602051e+03
2.5726018066e+03
2.5707402344e+03
2.5669594727e+03
2.5663828125e+03
2.5663828125e+03
2.5669594727e+03
2.5707402344e+03
2.5726018066e+03
1.5891166992e+03
1.5822941895e+03
1.5812811279e+03
1.5788216553e+03
1.5788216553e+03
1.5812811279e+03
1.5822941895e+03
1.5891166992e+03
5.9391925049e+02
5.9577978516e+02
5.8836828613e+02
5.8740570068e+02
5.8740570068e+02
5.8836828613e+02
5.9577978516e+02
5.9391925049e+02
-3.7714721680e+02
-4.0020205688e+02
-4.0163616943e+02
-4.0478649902e+02
-4.0478649902e+02
-4.0163616943e+02
-4.0020205688e+02
-3.7714721680e+02
-1.3737327881e+03
-1.3977763672e+03
-1.3986751709e+03
-1.4020861816e+03
-1.4020861816e+03
-1.3986751709e+03
-1.3977763672e+03
-1.3737327881e+03
-2.3926110840e+03
-2.3924768066e+03
-2.3998005371e+03
-2.4009755859e+03
-2.4009755859e+03
-2.3998005371e+03
-2.3924768066e+03
-2.3926110840e+03
-3.3936254883e+03
-3.4025249023e+03
-3.4045539551e+03
-3.4076027832e+03
-3.4076027832e+03
-3.4045539551e+03
-3.4025249023e+03
-3.3936254883e+03
-4.4068510742e+03
-4.4111845703e+03
-4.4161489258e+03
-4.4177895508e+03
-4.4177895508e+03
-4.4161489258e+03
-4.4111845703e+03
-4.4068510742e+03
-5.4243374023e+03
-5.4308867188e+03
-5.4343525391e+03
-5.4369038086e+03
-5.4369038086e+03
-5.4343525391e+03
-5.4308867188e+03
-5.4243374023e+03
-6.4504697266e+03
-6.4568574219e+03
-6.4611186523e+03
-6.4635781250e+03
-6.4635781250e+03
-6.4611186523e+03
-6.4568574219e+03
-6.4504697266e+03
4.2519116211e+03
4.2499433594e+03
4.2491791992e+03
4.2480297852e+03
4.2480297852e+03
4.2491791992e+03
4.2499433594e+03
4.2519116211e+03
3.3115581055e+03
3.3103486328e+03
3.3095036621e+03
3.3086269531e+03
3.3086269531e+03
3.3095036621e+03
3.3103486328e+03
3.3115581055e+03
2.3758583984e+03
2.3737404785e+03
2.3736184082e+03
2.3726240234e+03
2.3726240234e+03
2.3736184082e+03
2.3737404785e+03
2.3758583984e+03
1.4353635254e+03
1.4353973389e+03
1.4339119873e+03
1.4335085449e+03
1.4335085449e+03
1.4339119873e+03
1.4353973389e+03
1.4353635254e+03
5.0147460938e+02
4.9784634399e+02
4.9882760620e+02
4.9729965210e+02
4.9729965210e+02
4.9882760620e+02
4.9784634399e+02
5.0147460938e+02
-4.5152175903e+02
-4.3805325317e+02
-4.4347250366e+02
-4.4349035645e+02
-4.4349035645e+02
-4.4347250366e+02
-4.3805325317e+02
-4.5152175903e+02
-1.3913686523e+03
-1.3778854980e+03
-1.3839007568e+03
-1.3838671875e+03
-1.3838671875e+03
-1.3839007568e+03
-1.3778854980e+03
-1.3913686523e+03
-2.3239904785e+03
-2.3284235840e+03
-2.3287119141e+03
-2.3304631348e+03
-2.3304631348e+03
-2.3287119141e+03
-2.3284235840e+03
-2.3239904785e+03
-3.2725964355e+03
-3.2739919434e+03
-3.2768488770e+03
-3.2774868164e+03
-3.2774868164e+03
-3.2768488770e+03
-3.2739919434e+03
-3.2725964355e+03
-4.2237895508e+03
-4.2280688477e+03
-4.2303369141e+03
-4.2315756836e+03
-4.2315756836e+03
-4.2303369141e+03
-4.2280688477e+03
-4.2237895508e+03
-5.1801425781e+03
-5.1840478516e+03
-5.1874453125e+03
-5.1885483398e+03
-5.1885483398e+03
-5.1874453125e+03
-5.1840478516e+03
-5.1801425781e+03
-6.1419184570e+03
-6.1468354492e+03
-6.1505307617e+03
-6.1517812500e+03
-6.1517812500e+03
-6.1505307617e+03
-6.1468354492e+03
-6.1419184570e+03
3.8723225098e+03
3.8716374512e+03
3.8697663574e+03
3.8699675293e+03
3.8699675293e+03
3.8697663574e+03
3.8716374512e+03
3.8723225098e+03
2.9963630371e+03
2.9959206543e+03
2.9946386719e+03
2.9948137207e+03
2.9948137207e+03
2.9946386719e+03
2.9959206543e+03
2.9963630371e+03
2.1198598633e+03
2.1192856445e+03
2.1179313965e+03
2.1180554199e+03
2.1180554199e+03
2.1179313965e+03
2.1192856445e+03
2.1198598633e+03
1.2504886475e+03
1.2485328369e+03
1.2475209961e+03
1.2475313721e+03
1.2475313721e+03
1.2475209961e+03
1.2485328369e+03
1.2504886475e+03
3.7575860596e+02
3.7433596802e+02
3.7243615723e+02
3.7293765259e+02
3.7293765259e+02
3.7243615723e+02
3.7433596802e+02
3.7575860596e+02
-4.8576577759e+02
-4.9970394897e+02
-4.9580758667e+02
-4.9691625977e+02
-4.9691625977e+02
-4.9580758667e+02
-4.9970394897e+02
-4.8576577759e+02
-1.3586246338e+03
-1.3729476318e+03
-1.3691601562e+03
-1.3705194092e+03
-1.3705194092e+03
-1.3691601562e+03
-1.3729476318e+03
-1.3586246338e+03
-2.2371567383e+03
-2.2391293945e+03
-2.2409980469e+03
-2.2410512695e+03
-2.2410512695e+03
-2.2409980469e+03
-2.2391293945e+03
-2.2371567383e+03
-3.1112316895e+03
-3.1145769043e+03
-3.1159533691e+03
-3.1169741211e+03
-3.1169741211e+03
-3.1159533691e+03
-3.1145769043e+03
-3.1112316895e+03
-3.9862929688e+03
-3.9889367676e+03
-3.9905415039e+03
-3.9917805176e+03
-3.9917805176e+03
-3.9905415039e+03
-3.9889367676e+03
-3.9862929688e+03
-4.8654208984e+03
-4.8686787109e+03
-4.8704624023e+03
-4.8720507812e+03
-4.8720507812e+03
-4.8704624023e+03
-4.8686787109e+03
-4.8654208984e+03
-5.7467255859e+03
-5.7511254883e+03
-5.7534316406e+03
-5.7553334961e+03
-5.7553334961e+03
-5.7534316406e+03
-5.7511254883e+03
-5.7467255859e+03
3.4206323242e+03
3.4197275391e+03
3.4201730957e+03
3.4187626953e+03
3.4187626953e+03
3.4201730957e+03
3.4197275391e+03
3.4206323242e+03
2.6157067871e+03
2.6160803223e+03
2.6169797363e+03
2.6159472656e+03
2.6159472656e+03
2.6169797363e+03
2.6160803223e+03
2.6157067871e+03
1.8204382324e+03
1.8206785889e+03
1.8217640381e+03
1.8211311035e+03
1.8211311035e+03
1.8217640381e+03
1.8206785889e+03
1.8204382324e+03
1.0223275757e+03
1.0228134766e+03
1.0235913696e+03
1.0229317017e+03
1.0229317017e+03
1.0235913696e+03
1.0228134766e+03
1.0223275757e+03
2.3377854919e+02
2.3430145264e+02
2.3479809570e+02
2.3392269897e+02
2.3392269897e+02
2.3479809570e+02
2.3430145264e+02
2.3377854919e+02
-5.6285723877e+02
-5.5389080811e+02
-5.5906896973e+02
-5.5842095947e+02
-5.5842095947e+02
-5.5906896973e+02
-5.5389080811e+02
-5.6285723877e+02
-1.3491002197e+03
-1.3402675781e+03
-1.3454505615e+03
-1.3446956787e+03
-1.3446956787e+03
-1.3454505615e+03
-1.3402675781e+03
-1.3491002197e+03
-2.1328347168e+03
-2.1332800293e+03
-2.1338056641e+03
-2.1344389648e+03
-2.1344389648e+03
-2.1338056641e+03
-2.1332800293e+03
-2.1328347168e+03
-2.9177451172e+03
-2.9181413574e+03
-2.9189099121e+03
-2.9190253906e+03
-2.9190253906e+03
-2.9189099121e+03
-2.9181413574e+03
-2.9177451172e+03
-3.7052939453e+03
-3.7063183594e+03
-3.7077285156e+03
-3.7077875977e+03
-3.7077875977e+03
-3.7077285156e+03
-3.7063183594e+03
-3.7052939453e+03
-4.4907016602e+03
-4.4919414062e+03
-4.4940507812e+03
-4.4942783203e+03
-4.4942783203e+03
-4.4940507812e+03
-4.4919414062e+03
-4.4907016602e+03
-5.2770244141e+03
-5.2796328125e+03
-5.2828862305e+03
-5.2832617188e+03
-5.2832617188e+03
-5.2828862305e+03
-5.2796328125e+03
-5.2770244141e+03
2.9047546387e+03
2.9062221680e+03
2.9044094238e+03
2.9057849121e+03
2.9057849121e+03
2.9044094238e+03
2.9062221680e+03
2.9047546387e+03
2.1894497070e+03
2.1920375977e+03
2.1914494629e+03
2.1930468750e+03
2.1930468750e+03
2.1914494629e+03
2.1920375977e+03
2.1894497070e+03
1.4747823486e+03
1.4773338623e+03
1.4774128418e+03
1.4788964844e+03
1.4788964844e+03
1.4774128418e+03
1.4773338623e+03
1.4747823486e+03
7.7313531494e+02
7.7558923340e+02
7.7593316650e+02
7.7757421875e+02
7.7757421875e+02
7.7593316650e+02
7.7558923340e+02
7.7313531494e+02
6.8404335022e+01
6.9996940613e+01
7.0860237122e+01
7.2308212280e+01
7.2308212280e+01
7.0860237122e+01
6.9996940613e+01
6.8404335022e+01
-6.2314215088e+02
-6.2785412598e+02
-6.2209759521e+02
-6.2234826660e+02
-6.2234826660e+02
-6.2209759521e+02
-6.2785412598e+02
-6.2314215088e+02
-1.3185761719e+03
-1.3235871582e+03
-1.3181835938e+03
-1.3187197266e+03
-1.3187197266e+03
-1.3181835938e+03
-1.3235871582e+03
-1.3185761719e+03
-2.0098276367e+03
-2.0085625000e+03
-2.0073242188e+03
-2.0067404785e+03
-2.0067404785e+03
-2.0073242188e+03
-2.0085625000e+03
-2.0098276367e+03
-2.6992314453e+03
-2.6982624512e+03
-2.6974162598e+03
-2.6974313965e+03
-2.6974313965e+03
-2.6974162598e+03
-2.6982624512e+03
-2.6992314453e+03
-3.3819545898e+03
-3.3814726562e+03
-3.3803303223e+03
-3.3809250488e+03
-3.3809250488e+03
-3.3803303223e+03
-3.3814726562e+03
-3.3819545898e+03
-4.0656601562e+03
-4.0658408203e+03
-4.0653276367e+03
-4.0664707031e+03
-4.0664707031e+03
-4.0653276367e+03
-4.0658408203e+03
-4.0656601562e+03
-4.7451503906e+03
-4.7475527344e+03
-4.7479038086e+03
-4.7497592773e+03
-4.7497592773e+03
-4.7479038086e+03
-4.7475527344e+03
-4.7451503906e+03
2.3422890625e+03
2.3423972168e+03
2.3449348145e+03
2.3429875488e+03
2.3429875488e+03
2.3449348145e+03
2.3423972168e+03
2.3422890625e+03
1.7161334229e+03
1.7184526367e+03
1.7218459473e+03
1.7205335693e+03
1.7205335693e+03
1.7218459473e+03
1.7184526367e+03
1.7161334229e+03
1.1064262695e+03
1.1090424805e+03
1.1127412109e+03
1.1122276611e+03
1.1122276611e+03
1.1127412109e+03
1.1090424805e+03
1.1064262695e+03
4.9403259277e+02
4.9651745605e+02
4.9996667480e+02
4.9963980103e+02
4.9963980103e+02
4.9996667480e+02
4.9651745605e+02
4.9403259277e+02
-1.0303405762e+02
-9.9767929077e+01
-9.7005836487e+01
-9.6859825134e+01
-9.6859825134e+01
-9.7005836487e+01
-9.9767929077e+01
-1.0303405762e+02
-7.0302380371e+02
-6.9548406982e+02
-6.9725384521e+02
-6.9542907715e+02
-6.9542907715e+02
-6.9725384521e+02
-6.9548406982e+02
-7.0302380371e+02
-1.2905261230e+03
-1.2829097900e+03
-1.2845850830e+03
-1.2825084229e+03
-1.2825084229e+03
-1.2845850830e+03
-1.2829097900e+03
-1.2905261230e+03
-1.8754150391e+03
-1.8726082764e+03
-1.8712373047e+03
-1.8703085938e+03
-1.8703085938e+03
-1.8712373047e+03
-1.8726082764e+03
-1.8754150391e+03
-2.4524189453e+03
-2.4497023926e+03
-2.4484409180e+03
-2.4471716309e+03
-2.4471716309e+03
-2.4484409180e+03
-2.4497023926e+03
-2.4524189453e+03
-3.0298591309e+03
-3.0272360840e+03
-3.0270629883e+03
-3.0256584473e+03
-3.0256584473e+03
-3.0270629883e+03
-3.0272360840e+03
-3.0298591309e+03
-3.5983896484e+03
-3.5960839844e+03
-3.5969890137e+03
-3.5957426758e+03
-3.5957426758e+03
-3.5969890137e+03
-3.5960839844e+03
-3.5983896484e+03
-4.1628593750e+03
-4.1624960938e+03
-4.1652758789e+03
-4.1642314453e+03
-4.1642314453e+03
-4.1652758789e+03
-4.1624960938e+03
-4.1628593750e+03
1.7353895264e+03
1.7392415771e+03
1.7365659180e+03
1.7396451416e+03
1.7396451416e+03
1.7365659180e+03
1.7392415771e+03
1.7353895264e+03
1.2192843018e+03
1.2248874512e+03
1.2241323242e+03
1.2275812988e+03
1.2275812988e+03
1.2241323242e+03
1.2248874512e+03
1.2192843018e+03
7.0328808594e+02
7.0891168213e+02
7.0931475830e+02
7.1256292725e+02
7.1256292725e+02
7.0931475830e+02
7.0891168213e+02
7.0328808594e+02
2.0769178772e+02
2.1363725281e+02
2.1478405762e+02
2.1806518555e+02
2.1806518555e+02
2.1478405762e+02
2.1363725281e+02
2.0769178772e+02
-2.9049575806e+02
-2.8558401489e+02
-2.8364965820e+02
-2.8104418945e+02
-2.8104418945e+02
-2.8364965820e+02
-2.8558401489e+02
-2.9049575806e+02
-7.7220452881e+02
-7.7055438232e+02
-7.6465649414e+02
-7.6378771973e+02
-7.6378771973e+02
-7.6465649414e+02
-7.7055438232e+02
-7.7220452881e+02
-1.2534847412e+03
-1.2522872314e+03
-1.2465146484e+03
-1.2461098633e+03
-1.2461098633e+03
-1.2465146484e+03
-1.2522872314e+03
-1.2534847412e+03
-1.7239515381e+03
-1.7196005859e+03
-1.7162680664e+03
-1.7150761719e+03
-1.7150761719e+03
-1.7162680664e+03
-1.7196005859e+03
-1.7239515381e+03
-2.1919624023e+03
-2.1880690918e+03
-2.1848864746e+03
-2.1843349609e+03
-2.1843349609e+03
-2.1848864746e+03
-2.1880690918e+03
-2.1919624023e+03
-2.6468666992e+03
-2.6436984863e+03
-2.6399401855e+03
-2.6401657715e+03
-2.6401657715e+03
-2.6399401855e+03
-2.6436984863e+03
-2.6468666992e+03
-3.1000800781e+03
-3.0977971191e+03
-3.0946379395e+03
-3.0957897949e+03
-3.0957897949e+03
-3.0946379395e+03
-3.0977971191e+03
-3.1000800781e+03
-3.5430104980e+03
-3.5438972168e+03
-3.5418562012e+03
-3.5441101074e+03
-3.5441101074e+03
-3.5418562012e+03
-3.5438972168e+03
-3.5430104980e+03
1.1050860596e+03
1.1051540527e+03
1.1105289307e+03
1.1071511230e+03
1.1071511230e+03
1.1105289307e+03
1.1051540527e+03
1.1050860596e+03
6.8886315918e+02
6.9212762451e+02
6.9862280273e+02
6.9615814209e+02
6.9615814209e+02
6.9862280273e+02
6.9212762451e+02
6.8886315918e+02
2.9702722168e+02
3.0116900635e+02
3.0805322266e+02
3.0685852051e+02
3.0685852051e+02
3.0805322266e+02
3.0116900635e+02
2.9702722168e+02
-9.9626419067e+01
-9.5553421021e+01
-8.9285293579e+01
-8.9903320312e+01
-8.9903320312e+01
-8.9285293579e+01
-9.5553421021e+01
-9.9626419067e+01
-4.7480712891e+02
-4.6963339233e+02
-4.6405511475e+02
-4.6365982056e+02
-4.6365982056e+02
-4.6405511475e+02
-4.6963339233e+02
-4.7480712891e+02
-8.5047082520e+02
-8.4296319580e+02
-8.4104858398e+02
-8.3887506104e+02
-8.3887506104e+02
-8.4104858398e+02
-8.4296319580e+02
-8.5047082520e+02
-1.2106093750e+03
-1.2026541748e+03
-1.2009764404e+03
-1.1982207031e+03
-1.1982207031e+03
-1.2009764404e+03
-1.2026541748e+03
-1.2106093750e+03
-1.5669215088e+03
-1.5613680420e+03
-1.5582844238e+03
-1.5561722412e+03
-1.5561722412e+03
-1.5582844238e+03
-1.5613680420e+03
-1.5669215088e+03
-1.9092823486e+03
-1.9034040527e+03
-1.9008571777e+03
-1.8981866455e+03
-1.8981866455e+03
-1.9008571777e+03
-1.9034040527e+03
-1.9092823486e+03
-2.2505727539e+03
-2.2446872559e+03
-2.2436630859e+03
-2.2407080078e+03
-2.2407080078e+03
-2.2436630859e+03
-2.2446872559e+03
-2.2505727539e+03
-2.5767145996e+03
-2.5710632324e+03
-2.5716984863e+03
-2.5686953125e+03
-2.5686953125e+03
-2.5716984863e+03
-2.5710632324e+03
-2.5767145996e+03
-2.8955146484e+03
-2.8921064453e+03
-2.8953278809e+03
-2.8924648438e+03
-2.8924648438e+03
-2.8953278809e+03
-2.8921064453e+03
-2.8955146484e+03
4.4451199341e+02
4.5110031128e+02
4.4596820068e+02
4.5155325317e+02
4.5155325317e+02
4.4596820068e+02
4.5110031128e+02
4.4451199341e+02
1.5543392944e+02
1.6411187744e+02
1.6155680847e+02
1.6757447815e+02
1.6757447815e+02
1.6155680847e+02
1.6411187744e+02
1.5543392944e+02
-1.3738529968e+02
-1.2895555115e+02
-1.2981124878e+02
-1.2427046204e+02
-1.2427046204e+02
-1.2981124878e+02
-1.2895555115e+02
-1.3738529968e+02
-4.0169088745e+02
-3.9279705811e+02
-3.9209661865e+02
-3.8679293823e+02
-3.8679293823e+02
-3.9209661865e+02
-3.9279705811e+02
-4.0169088745e+02
-6.6984118652e+02
-6.6216613770e+02
-6.6042437744e+02
-6.5624322510e+02
-6.5624322510e+02
-6.6042437744e+02
-6.6216613770e+02
-6.6984118652e+02
-9.1823364258e+02
-9.1242889404e+02
-9.0721417236e+02
-9.0484680176e+02
-9.0484680176e+02
-9.0721417236e+02
-9.1242889404e+02
-9.1823364258e+02
-1.1638944092e+03
-1.1588752441e+03
-1.1531805420e+03
-1.1516826172e+03
-1.1516826172e+03
-1.1531805420e+03
-1.1588752441e+03
-1.1638944092e+03
-1.3945489502e+03
-1.3881308594e+03
-1.3832153320e+03
-1.3815551758e+03
-1.3815551758e+03
-1.3832153320e+03
-1.3881308594e+03
-1.3945489502e+03
-1.6220283203e+03
-1.6165301514e+03
-1.6111955566e+03
-1.6105687256e+03
-1.6105687256e+03
-1.6111955566e+03
-1.6165301514e+03
-1.6220283203e+03
-1.8311181641e+03
-1.8264221191e+03
-1.8200330811e+03
-1.8205018311e+03
-1.8205018311e+03
-1.8200330811e+03
-1.8264221191e+03
-1.8311181641e+03
-2.0381363525e+03
-2.0346766357e+03
-2.0285548096e+03
-2.0304372559e+03
-2.0304372559e+03
-2.0285548096e+03
-2.0346766357e+03
-2.0381363525e+03
-2.2295341797e+03
-2.2300808105e+03
-2.2249934082e+03
-2.2283996582e+03
-2.2283996582e+03
-2.2249934082e+03
-2.2300808105e+03
-2.2295341797e+03
-2.1849665833e+02
-2.2047685242e+02
-2.1098623657e+02
-2.1712011719e+02
-2.1712011719e+02
-2.1098623657e+02
-2.2047685242e+02
-2.1849665833e+02
-4.0438900757e+02
-4.0236273193e+02
-3.9177767944e+02
-3.9676318359e+02
-3.9676318359e+02
-3.9177767944e+02
-4.0236273193e+02
-4.0438900757e+02
-5.5652941895e+02
-5.5274627686e+02
-5.4198736572e+02
-5.4508959961e+02
-5.4508959961e+02
-5.4198736572e+02
-5.5274627686e+02
-5.5652941895e+02
-7.1888763428e+02
-7.1499090576e+02
-7.0564642334e+02
-7.0769439697e+02
-7.0769439697e+02
-7.0564642334e+02
-7.1499090576e+02
-7.1888763428e+02
-8.5455847168e+02
-8.4906622314e+02
-8.4070428467e+02
-8.4116467285e+02
-8.4116467285e+02
-8.4070428467e+02
-8.4906622314e+02
-8.5455847168e+02
-9.9004412842e+02
-9.8292486572e+02
-9.7794946289e+02
-9.7640826416e+02
-9.7640826416e+02
-9.7794946289e+02
-9.8292486572e+02
-9.9004412842e+02
-1.1079887695e+03
-1.0998676758e+03
-1.0958549805e+03
-1.0931600342e+03
-1.0931600342e+03
-1.0958549805e+03
-1.0998676758e+03
-1.1079887695e+03
-1.2214652100e+03
-1.2142198486e+03
-1.2103985596e+03
-1.2075607910e+03
-1.2075607910e+03
-1.2103985596e+03
-1.2142198486e+03
-1.2214652100e+03
-1.3173594971e+03
-1.3091391602e+03
-1.3065277100e+03
-1.3025834961e+03
-1.3025834961e+03
-1.3065277100e+03
-1.3091391602e+03
-1.3173594971e+03
-1.4126710205e+03
-1.4042789307e+03
-1.4038968506e+03
-1.3993038330e+03
-1.3993038330e+03
-1.4038968506e+03
-1.4042789307e+03
-1.4126710205e+03
-1.4870275879e+03
-1.4784519043e+03
-1.4804042969e+03
-1.4753214111e+03
-1.4753214111e+03
-1.4804042969e+03
-1.4784519043e+03
-1.4870275879e+03
-1.5540614014e+03
-1.5474689941e+03
-1.5527119141e+03
-1.5474903564e+03
-1.5474903564e+03
-1.5527119141e+03
-1.5474689941e+03
-1.5540614014e+03
-9.0584796143e+02
-8.9558148193e+02
-9.0583380127e+02
-8.9669403076e+02
-8.9669403076e+02
-9.0583380127e+02
-8.9558148193e+02
-9.0584796143e+02
-9.4829766846e+02
-9.3599322510e+02
-9.4306591797e+02
-9.3356225586e+02
-9.3356225586e+02
-9.4306591797e+02
-9.3599322510e+02
-9.4829766846e+02
-1.0036740723e+03
-9.9250286865e+02
-9.9720983887e+02
-9.8876177979e+02
-9.8876177979e+02
-9.9720983887e+02
-9.9250286865e+02
-1.0036740723e+03
-1.0219668579e+03
-1.0104076538e+03
-1.0123491821e+03
-1.0045844116e+03
-1.0045844116e+03
-1.0123491821e+03
-1.0104076538e+03
-1.0219668579e+03
-1.0470440674e+03
-1.0372569580e+03
-1.0374813232e+03
-1.0314296875e+03
-1.0314296875e+03
-1.0374813232e+03
-1.0372569580e+03
-1.0470440674e+03
-1.0508032227e+03
-1.0425504150e+03
-1.0391364746e+03
-1.0352022705e+03
-1.0352022705e+03
-1.0391364746e+03
-1.0425504150e+03
-1.0508032227e+03
-1.0512686768e+03
-1.0444180908e+03
-1.0394993896e+03
-1.0371007080e+03
-1.0371007080e+03
-1.0394993896e+03
-1.0444180908e+03
-1.0512686768e+03
-1.0349073486e+03
-1.0279472656e+03
-1.0221033936e+03
-1.0204237671e+03
-1.0204237671e+03
-1.0221033936e+03
-1.0279472656e+03
-1.0349073486e+03
-1.0156903076e+03
-1.0103707275e+03
-1.0032199097e+03
-1.0032416992e+03
-1.0032416992e+03
-1.0032199097e+03
-1.0103707275e+03
-1.0156903076e+03
-9.7412384033e+02
-9.6981683350e+02
-9.6064208984e+02
-9.6223114014e+02
-9.6223114014e+02
-9.6064208984e+02
-9.6981683350e+02
-9.7412384033e+02
-9.3373468018e+02
-9.3129718018e+02
-9.2167443848e+02
-9.2528033447e+02
-9.2528033447e+02
-9.2167443848e+02
-9.3129718018e+02
-9.3373468018e+02
-8.7252838135e+02
-8.7483673096e+02
-8.6564770508e+02
-8.7123931885e+02
-8.7123931885e+02
-8.6564770508e+02
-8.7483673096e+02
-8.7252838135e+02
-1.5726428223e+03
-1.5801085205e+03
-1.5641530762e+03
-1.5746240234e+03
-1.5746240234e+03
-1.5641530762e+03
-1.5801085205e+03
-1.5726428223e+03
-1.5172650146e+03
-1.5202242432e+03
-1.5036596680e+03
-1.5127824707e+03
-1.5127824707e+03
-1.5036596680e+03
-1.5202242432e+03
-1.5172650146e+03
-1.4162191162e+03
-1.4159080811e+03
-1.3998099365e+03
-1.4062424316e+03
-1.4062424316e+03
-1.3998099365e+03
-1.4159080811e+03
-1.4162191162e+03
-1.3347514648e+03
-1.3339331055e+03
-1.3206406250e+03
-1.3254284668e+03
-1.3254284668e+03
-1.3206406250e+03
-1.3339331055e+03
-1.3347514648e+03
-1.2235106201e+03
-1.2201594238e+03
-1.2087844238e+03
-1.2112580566e+03
-1.2112580566e+03
-1.2087844238e+03
-1.2201594238e+03
-1.2235106201e+03
-1.1127117920e+03
-1.1074926758e+03
-1.1000059814e+03
-1.0999958496e+03
-1.0999958496e+03
-1.1000059814e+03
-1.1074926758e+03
-1.1127117920e+03
-9.8421038818e+02
-9.7704754639e+02
-9.7176373291e+02
-9.6978002930e+02
-9.6978002930e+02
-9.7176373291e+02
-9.7704754639e+02
-9.8421038818e+02
-8.5183074951e+02
-8.4413671875e+02
-8.4081500244e+02
-8.3767163086e+02
-8.3767163086e+02
-8.4081500244e+02
-8.4413671875e+02
-8.5183074951e+02
-7.0072204590e+02
-6.9101934814e+02
-6.8997064209e+02
-6.8491241455e+02
-6.8491241455e+02
-6.8997064209e+02
-6.9101934814e+02
-7.0072204590e+02
-5.5182409668e+02
-5.4144409180e+02
-5.4386578369e+02
-5.3758282471e+02
-5.3758282471e+02
-5.4386578369e+02
-5.4144409180e+02
-5.5182409668e+02
-3.7593261719e+02
-3.6431610107e+02
-3.6990408325e+02
-3.6241613770e+02
-3.6241613770e+02
-3.6990408325e+02
-3.6431610107e+02
-3.7593261719e+02
-1.9778446960e+02
-1.8717544556e+02
-1.9684555054e+02
-1.8869726562e+02
-1.8869726562e+02
-1.9684555054e+02
-1.8717544556e+02
-1.9778446960e+02
-2.2669240723e+03
-2.2503371582e+03
-2.2698720703e+03
-2.2562082520e+03
-2.2562082520e+03
-2.2698720703e+03
-2.2503371582e+03
-2.2669240723e+03
-2.0496923828e+03
-2.0315102539e+03
-2.0471937256e+03
-2.0334305420e+03
-2.0334305420e+03
-2.0471937256e+03
-2.0315102539e+03
-2.0496923828e+03
-1.8623333740e+03
-1.8472869873e+03
-1.8597537842e+03
-1.8479798584e+03
-1.8479798584e+03
-1.8597537842e+03
-1.8472869873e+03
-1.8623333740e+03
-1.6292045898e+03
-1.6143349609e+03
-1.6222324219e+03
-1.6117723389e+03
-1.6117723389e+03
-1.6222324219e+03
-1.6143349609e+03
-1.6292045898e+03
-1.4067288818e+03
-1.3948328857e+03
-1.3995739746e+03
-1.3915904541e+03
-1.3915904541e+03
-1.3995739746e+03
-1.3948328857e+03
-1.4067288818e+03
-1.1639589844e+03
-1.1542727051e+03
-1.1543352051e+03
-1.1490363770e+03
-1.1490363770e+03
-1.1543352051e+03
-1.1542727051e+03
-1.1639589844e+03
-9.1900048828e+02
-9.1190869141e+02
-9.0880090332e+02
-9.0590771484e+02
-9.0590771484e+02
-9.0880090332e+02
-9.1190869141e+02
-9.1900048828e+02
-6.5772283936e+02
-6.5202490234e+02
-6.4592004395e+02
-6.4478430176e+02
-6.4478430176e+02
-6.4592004395e+02
-6.5202490234e+02
-6.5772283936e+02
-3.9504864502e+02
-3.9222494507e+02
-3.8332452393e+02
-3.8471337891e+02
-3.8471337891e+02
-3.8332452393e+02
-3.9222494507e+02
-3.9504864502e+02
-1.0775018311e+02
-1.0657231903e+02
-9.3882377625e+01
-9.7383399963e+01
-9.7383399963e+01
-9.3882377625e+01
-1.0657231903e+02
-1.0775018311e+02
1.7054534912e+02
1.6854685974e+02
1.8288938904e+02
1.7666270447e+02
1.7666270447e+02
1.8288938904e+02
1.6854685974e+02
1.7054534912e+02
4.7678585815e+02
4.6931997681e+02
4.8452325439e+02
4.7584280396e+02
4.7584280396e+02
4.8452325439e+02
4.6931997681e+02
4.7678585815e+02
-2.9063085938e+03
-2.9252541504e+03
-2.8986611328e+03
-2.9144423828e+03
-2.9144423828e+03
-2.8986611328e+03
-2.9252541504e+03
-2.9063085938e+03
-2.6094174805e+03
-2.6238352051e+03
-2.5978581543e+03
-2.6120893555e+03
-2.6120893555e+03
-2.5978581543e+03
-2.6238352051e+03
-2.6094174805e+03
-2.2501418457e+03
-2.2584843750e+03
-2.2341228027e+03
-2.2446760254e+03
-2.2446760254e+03
-2.2341228027e+03
-2.2584843750e+03
-2.2501418457e+03
-1.9234257812e+03
-1.9301695557e+03
-1.9108221436e+03
-1.9191000977e+03
-1.9191000977e+03
-1.9108221436e+03
-1.9301695557e+03
-1.9234257812e+03
-1.5674354248e+03
-1.5698653564e+03
-1.5543817139e+03
-1.5595710449e+03
-1.5595710449e+03
-1.5543817139e+03
-1.5698653564e+03
-1.5674354248e+03
-1.2134921875e+03
-1.2126407471e+03
-1.2025938721e+03
-1.2046639404e+03
-1.2046639404e+03
-1.2025938721e+03
-1.2126407471e+03
-1.2134921875e+03
-8.4370422363e+02
-8.3912091064e+02
-8.3333441162e+02
-8.3252508545e+02
-8.3252508545e+02
-8.3333441162e+02
-8.3912091064e+02
-8.4370422363e+02
-4.7194760132e+02
-4.6481652832e+02
-4.6333078003e+02
-4.6030230713e+02
-4.6030230713e+02
-4.6333078003e+02
-4.6481652832e+02
-4.7194760132e+02
-8.2862541199e+01
-7.1885658264e+01
-7.4496505737e+01
-6.8699806213e+01
-6.8699806213e+01
-7.4496505737e+01
-7.1885658264e+01
-8.2862541199e+01
2.9977523804e+02
3.1270620728e+02
3.0453051758e+02
3.1216738892e+02
3.1216738892e+02
3.0453051758e+02
3.1270620728e+02
2.9977523804e+02
7.1660272217e+02
7.3303063965e+02
7.2060894775e+02
7.3036407471e+02
7.3036407471e+02
7.2060894775e+02
7.3303063965e+02
7.1660272217e+02
1.1230698242e+03
1.1402116699e+03
1.1225767822e+03
1.1336519775e+03
1.1336519775e+03
1.1225767822e+03
1.1402116699e+03
1.1230698242e+03
-3.5892900391e+03
-3.5600783691e+03
-3.5952656250e+03
-3.5776660156e+03
-3.5776660156e+03
-3.5952656250e+03
-3.5600783691e+03
-3.5892900391e+03
-3.1063798828e+03
-3.0761374512e+03
-3.1062839355e+03
-3.0890454102e+03
-3.0890454102e+03
-3.1062839355e+03
-3.0761374512e+03
-3.1063798828e+03
-2.6809479980e+03
-2.6577944336e+03
-2.6836103516e+03
-2.6695361328e+03
-2.6695361328e+03
-2.6836103516e+03
-2.6577944336e+03
-2.6809479980e+03
-2.2021835938e+03
-2.1810063477e+03
-2.1996235352e+03
-2.1874697266e+03
-2.1874697266e+03
-2.1996235352e+03
-2.1810063477e+03
-2.2021835938e+03
-1.7370986328e+03
-1.7213110352e+03
-1.7341370850e+03
-1.7250859375e+03
-1.7250859375e+03
-1.7341370850e+03
-1.7213110352e+03
-1.7370986328e+03
-1.2552166748e+03
-1.2437968750e+03
-1.2496613770e+03
-1.2437895508e+03
-1.2437895508e+03
-1.2496613770e+03
-1.2437968750e+03
-1.2552166748e+03
-7.7361370850e+02
-7.6719024658e+02
-7.6715850830e+02
-7.6439849854e+02
-7.6439849854e+02
-7.6715850830e+02
-7.6719024658e+02
-7.7361370850e+02
-2.7827828979e+02
-2.7579174805e+02
-2.6982885742e+02
-2.6964254761e+02
-2.6964254761e+02
-2.6982885742e+02
-2.7579174805e+02
-2.7827828979e+02
2.1616131592e+02
2.1343318176e+02
2.2475408936e+02
2.2183992004e+02
2.2183992004e+02
2.2475408936e+02
2.1343318176e+02
2.1616131592e+02
7.3472412109e+02
7.2866015625e+02
7.4665393066e+02
7.4132598877e+02
7.4132598877e+02
7.4665393066e+02
7.2866015625e+02
7.3472412109e+02
1.2319023438e+03
1.2198840332e+03
1.2412572021e+03
1.2325627441e+03
1.2325627441e+03
1.2412572021e+03
1.2198840332e+03
1.2319023438e+03
1.7699436035e+03
1.7516956787e+03
1.7762204590e+03
1.7648027344e+03
1.7648027344e+03
1.7762204590e+03
1.7516956787e+03
1.7699436035e+03
-4.1561215820e+03
-4.1973808594e+03
-4.1531918945e+03
-4.1720532227e+03
-4.1720532227e+03
-4.1531918945e+03
-4.1973808594e+03
-4.1561215820e+03
-3.6333229980e+03
-3.6709099121e+03
-3.6299846191e+03
-3.6472028809e+03
-3.6472028809e+03
-3.6299846191e+03
-3.6709099121e+03
-3.6333229980e+03
-3.0231640625e+03
-3.0494868164e+03
-3.0118862305e+03
-3.0245234375e+03
-3.0245234375e+03
-3.0118862305e+03
-3.0494868164e+03
-3.0231640625e+03
-2.4593823242e+03
-2.4811538086e+03
-2.4517263184e+03
-2.4618098145e+03
-2.4618098145e+03
-2.4517263184e+03
-2.4811538086e+03
-2.4593823242e+03
-1.8720704346e+03
-1.8859985352e+03
-1.8638145752e+03
-1.8705604248e+03
-1.8705604248e+03
-1.8638145752e+03
-1.8859985352e+03
-1.8720704346e+03
-1.2896043701e+03
-1.2968192139e+03
-1.2830841064e+03
-1.2865644531e+03
-1.2865644531e+03
-1.2830841064e+03
-1.2968192139e+03
-1.2896043701e+03
-6.9512567139e+02
-6.9501416016e+02
-6.8889855957e+02
-6.8917388916e+02
-6.8917388916e+02
-6.8889855957e+02
-6.9501416016e+02
-6.9512567139e+02
-1.0152148438e+02
-9.5143630981e+01
-9.6781600952e+01
-9.4404838562e+01
-9.4404838562e+01
-9.6781600952e+01
-9.5143630981e+01
-1.0152148438e+02
5.0608636475e+02
5.1984704590e+02
5.1100375366e+02
5.1637274170e+02
5.1637274170e+02
5.1100375366e+02
5.1984704590e+02
5.0608636475e+02
1.1040753174e+03
1.1227979736e+03
1.1051789551e+03
1.1125115967e+03
1.1125115967e+03
1.1051789551e+03
1.1227979736e+03
1.1040753174e+03
1.7443527832e+03
1.7710654297e+03
1.7478530273e+03
1.7580380859e+03
1.7580380859e+03
1.7478530273e+03
1.7710654297e+03
1.7443527832e+03
2.3505070801e+03
2.3801679688e+03
2.3496728516e+03
2.3615275879e+03
2.3615275879e+03
2.3496728516e+03
2.3801679688e+03
2.3505070801e+03
-4.8118188477e+03
-4.7559853516e+03
-4.8156186523e+03
-4.7998618164e+03
-4.7998618164e+03
-4.8156186523e+03
-4.7559853516e+03
-4.8118188477e+03
-4.0665000000e+03
-4.0095080566e+03
-4.0610947266e+03
-4.0458989258e+03
-4.0458989258e+03
-4.0610947266e+03
-4.0095080566e+03
-4.0665000000e+03
-3.4194487305e+03
-3.3767231445e+03
-3.4224987793e+03
-3.4112966309e+03
-3.4112966309e+03
-3.4224987793e+03
-3.3767231445e+03
-3.4194487305e+03
-2.7165356445e+03
-2.6805219727e+03
-2.7157050781e+03
-2.7063403320e+03
-2.7063403320e+03
-2.7157050781e+03
-2.6805219727e+03
-2.7165356445e+03
-2.0271236572e+03
-2.0015516357e+03
-2.0268374023e+03
-2.0201654053e+03
-2.0201654053e+03
-2.0268374023e+03
-2.0015516357e+03
-2.0271236572e+03
-1.3252154541e+03
-1.3090389404e+03
-1.3235018311e+03
-1.3194129639e+03
-1.3194129639e+03
-1.3235018311e+03
-1.3090389404e+03
-1.3252154541e+03
-6.2634375000e+02
-6.2025555420e+02
-6.2462329102e+02
-6.2314837646e+02
-6.2314837646e+02
-6.2462329102e+02
-6.2025555420e+02
-6.2634375000e+02
8.1964065552e+01
7.8958908081e+01
8.4766242981e+01
8.4097167969e+01
8.4097167969e+01
8.4766242981e+01
7.8958908081e+01
8.1964065552e+01
7.8603131104e+02
7.7295379639e+02
7.8813781738e+02
7.8500842285e+02
7.8500842285e+02
7.8813781738e+02
7.7295379639e+02
7.8603131104e+02
1.5088679199e+03
1.4881893311e+03
1.5140001221e+03
1.5091130371e+03
1.5091130371e+03
1.5140001221e+03
1.4881893311e+03
1.5088679199e+03
2.1966257324e+03
2.1643090820e+03
2.1955407715e+03
2.1872626953e+03
2.1872626953e+03
2.1955407715e+03
2.1643090820e+03
2.1966257324e+03
2.9489982910e+03
2.9098144531e+03
2.9481984863e+03
2.9378164062e+03
2.9378164062e+03
2.9481984863e+03
2.9098144531e+03
2.9489982910e+03
-5.2282128906e+03
-5.3141206055e+03
-5.2447646484e+03
-5.2571547852e+03
-5.2571547852e+03
-5.2447646484e+03
-5.3141206055e+03
-5.2282128906e+03
-4.5196142578e+03
-4.6044594727e+03
-4.5443032227e+03
-4.5560385742e+03
-4.5560385742e+03
-4.5443032227e+03
-4.6044594727e+03
-4.5196142578e+03
-3.6880488281e+03
-3.7523867188e+03
-3.6977724609e+03
-3.7050471191e+03
-3.7050471191e+03
-3.6977724609e+03
-3.7523867188e+03
-3.6880488281e+03
-2.9098071289e+03
-2.9621369629e+03
-2.9191149902e+03
-2.9247526855e+03
-2.9247526855e+03
-2.9191149902e+03
-2.9621369629e+03
-2.9098071289e+03
-2.1193615723e+03
-2.1561416016e+03
-2.1247707520e+03
-2.1284250488e+03
-2.1284250488e+03
-2.1247707520e+03
-2.1561416016e+03
-2.1193615723e+03
-1.3386951904e+03
-1.3609046631e+03
-1.3421749268e+03
-1.3441522217e+03
-1.3441522217e+03
-1.3421749268e+03
-1.3609046631e+03
-1.3386951904e+03
-5.5194915771e+02
-5.5894500732e+02
-5.5230761719e+02
-5.5261022949e+02
-5.5261022949e+02
-5.5230761719e+02
-5.5894500732e+02
-5.5194915771e+02
2.3120127869e+02
2.3841255188e+02
2.3289709473e+02
2.3381498718e+02
2.3381498718e+02
2.3289709473e+02
2.3841255188e+02
2.3120127869e+02
1.0251259766e+03
1.0472872314e+03
1.0304417725e+03
1.0328377686e+03
1.0328377686e+03
1.0304417725e+03
1.0472872314e+03
1.0251259766e+03
1.8105185547e+03
1.8447550049e+03
1.8155885010e+03
1.8187835693e+03
1.8187835693e+03
1.8155885010e+03
1.8447550049e+03
1.8105185547e+03
2.6421452637e+03
2.6929404297e+03
2.6570336914e+03
2.6628471680e+03
2.6628471680e+03
2.6570336914e+03
2.6929404297e+03
2.6421452637e+03
3.4022805176e+03
3.4582072754e+03
3.4107924805e+03
3.4171574707e+03
3.4171574707e+03
3.4107924805e+03
3.4582072754e+03
3.4022805176e+03
-5.8747275391e+03
-5.7573388672e+03
-5.8423745117e+03
-5.8407685547e+03
-5.8407685547e+03
-5.8423745117e+03
-5.7573388672e+03
-5.8747275391e+03
-4.8815776367e+03
-4.7611005859e+03
-4.8303134766e+03
-4.8272299805e+03
-4.8272299805e+03
-4.8303134766e+03
-4.7611005859e+03
-4.8815776367e+03
-4.0368188477e+03
-3.9430368652e+03
-4.0049455566e+03
-4.0049609375e+03
-4.0049609375e+03
-4.0049455566e+03
-3.9430368652e+03
-4.0368188477e+03
-3.1477893066e+03
-3.0724238281e+03
-3.1216760254e+03
-3.1220373535e+03
-3.1220373535e+03
-3.1216760254e+03
-3.0724238281e+03
-3.1477893066e+03
-2.2691760254e+03
-2.2160981445e+03
-2.2520944824e+03
-2.2529877930e+03
-2.2529877930e+03
-2.2520944824e+03
-2.2160981445e+03
-2.2691760254e+03
-1.3809588623e+03
-1.3493969727e+03
-1.3713068848e+03
-1.3722672119e+03
-1.3722672119e+03
-1.3713068848e+03
-1.3493969727e+03
-1.3809588623e+03
-4.9709963989e+02
-4.8772732544e+02
-4.9597213745e+02
-4.9701556396e+02
-4.9701556396e+02
-4.9597213745e+02
-4.8772732544e+02
-4.9709963989e+02
3.9065206909e+02
3.7888739014e+02
3.8426342773e+02
3.8350238037e+02
3.8350238037e+02
3.8426342773e+02
3.7888739014e+02
3.9065206909e+02
1.2694456787e+03
1.2362021484e+03
1.2542080078e+03
1.2533887939e+03
1.2533887939e+03
1.2542080078e+03
1.2362021484e+03
1.2694456787e+03
2.1570041504e+03
2.1053996582e+03
2.1364155273e+03
2.1357282715e+03
2.1357282715e+03
2.1364155273e+03
2.1053996582e+03
2.1570041504e+03
3.0053259277e+03
2.9307653809e+03
2.9681027832e+03
2.9652702637e+03
2.9652702637e+03
2.9681027832e+03
2.9307653809e+03
3.0053259277e+03
3.9524155273e+03
3.8706071777e+03
3.9219218750e+03
3.9199184570e+03
3.9199184570e+03
3.9219218750e+03
3.8706071777e+03
3.9524155273e+03
-5.9687519531e+03
-6.1543857422e+03
-6.0794809570e+03
-6.0770058594e+03
-6.0770058594e+03
-6.0794809570e+03
-6.1543857422e+03
-5.9687519531e+03
-5.1465048828e+03
-5.3350034180e+03
-5.2811914062e+03
-5.2828608398e+03
-5.2828608398e+03
-5.2811914062e+03
-5.3350034180e+03
-5.1465048828e+03
-4.1660947266e+03
-4.3181489258e+03
-4.2707236328e+03
-4.2702705078e+03
-4.2702705078e+03
-4.2707236328e+03
-4.3181489258e+03
-4.1660947266e+03
-3.2249321289e+03
-3.3471210938e+03
-3.3098635254e+03
-3.3094003906e+03
-3.3094003906e+03
-3.3098635254e+03
-3.3471210938e+03
-3.2249321289e+03
-2.2813630371e+03
-2.3695644531e+03
-2.3432290039e+03
-2.3426855469e+03
-2.3426855469e+03
-2.3432290039e+03
-2.3695644531e+03
-2.2813630371e+03
-1.3524973145e+03
-1.4071141357e+03
-1.3923684082e+03
-1.3922900391e+03
-1.3922900391e+03
-1.3923684082e+03
-1.4071141357e+03
-1.3524973145e+03
-4.2468386841e+02
-4.4507418823e+02
-4.4158587646e+02
-4.4195019531e+02
-4.4195019531e+02
-4.4158587646e+02
-4.4507418823e+02
-4.2468386841e+02
4.9767300415e+02
5.1031497192e+02
5.0269796753e+02
5.0161105347e+02
5.0161105347e+02
5.0269796753e+02
5.1031497192e+02
4.9767300415e+02
1.4276370850e+03
1.4731225586e+03
1.4553375244e+03
1.4539545898e+03
1.4539545898e+03
1.4553375244e+03
1.4731225586e+03
1.4276370850e+03
2.3514028320e+03
2.4259877930e+03
2.3980644531e+03
2.3963364258e+03
2.3963364258e+03
2.3980644531e+03
2.4259877930e+03
2.3514028320e+03
3.3082402344e+03
3.4155358887e+03
3.3829709473e+03
3.3826533203e+03
3.3826533203e+03
3.3829709473e+03
3.4155358887e+03
3.3082402344e+03
4.1565034180e+03
4.2712485352e+03
4.2199702148e+03
4.2160605469e+03
4.2160605469e+03
4.2199702148e+03
4.2712485352e+03
4.1565034180e+03
-6.7692265625e+03
-6.5165625000e+03
-6.5664550781e+03
-6.5695024414e+03
-6.5695024414e+03
-6.5664550781e+03
-6.5165625000e+03
-6.7692265625e+03
-5.5599335938e+03
-5.3046323242e+03
-5.3264672852e+03
-5.3213090820e+03
-5.3213090820e+03
-5.3264672852e+03
-5.3046323242e+03
-5.5599335938e+03
-4.5258828125e+03
-4.3169975586e+03
-4.3347900391e+03
-4.3303852539e+03
-4.3303852539e+03
-4.3347900391e+03
-4.3169975586e+03
-4.5258828125e+03
-3.4847751465e+03
-3.3189440918e+03
-3.3329926758e+03
-3.3293947754e+03
-3.3293947754e+03
-3.3329926758e+03
-3.3189440918e+03
-3.4847751465e+03
-2.4606059570e+03
-2.3427534180e+03
-2.3530781250e+03
-2.3510029297e+03
-2.3510029297e+03
-2.3530781250e+03
-2.3427534180e+03
-2.4606059570e+03
-1.4345849609e+03
-1.3647276611e+03
-1.3712780762e+03
-1.3703740234e+03
-1.3703740234e+03
-1.3712780762e+03
-1.3647276611e+03
-1.4345849609e+03
-4.1471127319e+02
-3.9346096802e+02
-3.9652597046e+02
-3.9692614746e+02
-3.9692614746e+02
-3.9652597046e+02
-3.9346096802e+02
-4.1471127319e+02
6.0426593018e+02
5.7837786865e+02
5.7863806152e+02
5.7715887451e+02
5.7715887451e+02
5.7863806152e+02
5.7837786865e+02
6.0426593018e+02
1.6141123047e+03
1.5420859375e+03
1.5451246338e+03
1.5422250977e+03
1.5422250977e+03
1.5451246338e+03
1.5420859375e+03
1.6141123047e+03
2.6286960449e+03
2.5151184082e+03
2.5212292480e+03
2.5171718750e+03
2.5171718750e+03
2.5212292480e+03
2.5151184082e+03
2.6286960449e+03
3.6228784180e+03
3.4666992188e+03
3.4733239746e+03
3.4679052734e+03
3.4679052734e+03
3.4733239746e+03
3.4666992188e+03
3.6228784180e+03
4.7254101562e+03
4.5603369141e+03
4.5890805664e+03
4.5902915039e+03
4.5902915039e+03
4.5890805664e+03
4.5603369141e+03
4.7254101562e+03
-6.2380766602e+03
-6.5546523438e+03
-6.5728769531e+03
-6.5918193359e+03
-6.5918193359e+03
-6.5728769531e+03
-6.5546523438e+03
-6.2380766602e+03
-5.3691245117e+03
-5.6814809570e+03
-5.7276611328e+03
-5.7573872070e+03
-5.7573872070e+03
-5.7276611328e+03
-5.6814809570e+03
-5.3691245117e+03
-4.3703989258e+03
-4.6293437500e+03
-4.6728569336e+03
-4.7012153320e+03
-4.7012153320e+03
-4.6728569336e+03
-4.6293437500e+03
-4.3703989258e+03
-3.3742897949e+03
-3.5802480469e+03
-3.6165156250e+03
-3.6404995117e+03
-3.6404995117e+03
-3.6165156250e+03
-3.5802480469e+03
-3.3742897949e+03
-2.3641479492e+03
-2.5124929199e+03
-2.5400383301e+03
-2.5579108887e+03
-2.5579108887e+03
-2.5400383301e+03
-2.5124929199e+03
-2.3641479492e+03
-1.3564190674e+03
-1.4471540527e+03
-1.4654416504e+03
-1.4770791016e+03
-1.4770791016e+03
-1.4654416504e+03
-1.4471540527e+03
-1.3564190674e+03
-3.4752267456e+02
-3.8045419312e+02
-3.8927560425e+02
-3.9445794678e+02
-3.9445794678e+02
-3.8927560425e+02
-3.8045419312e+02
-3.4752267456e+02
6.5662756348e+02
6.7981109619e+02
6.8039337158e+02
6.8136535645e+02
6.8136535645e+02
6.8039337158e+02
6.7981109619e+02
6.5662756348e+02
1.6597026367e+03
1.7374881592e+03
1.7471762695e+03
1.7542303467e+03
1.7542303467e+03
1.7471762695e+03
1.7374881592e+03
1.6597026367e+03
2.6506828613e+03
2.7781992188e+03
2.7956291504e+03
2.8075664062e+03
2.8075664062e+03
2.7956291504e+03
2.7781992188e+03
2.6506828613e+03
3.6458945312e+03
3.8217558594e+03
3.8446152344e+03
3.8588908691e+03
3.8588908691e+03
3.8446152344e+03
3.8217558594e+03
3.6458945312e+03
4.5614023438e+03
4.7484042969e+03
4.7486289062e+03
4.7541074219e+03
4.7541074219e+03
4.7486289062e+03
4.7484042969e+03
4.5614023438e+03
-6.9474394531e+03
-6.8211997070e+03
-6.8340468750e+03
-6.8346958008e+03
-6.8346958008e+03
-6.8340468750e+03
-6.8211997070e+03
-6.9474394531e+03
-5.7717749023e+03
-5.6610917969e+03
-5.6621625977e+03
-5.6564189453e+03
-5.6564189453e+03
-5.6621625977e+03
-5.6610917969e+03
-5.7717749023e+03
-4.6693178711e+03
-4.5863325195e+03
-4.5905253906e+03
-4.5859082031e+03
-4.5859082031e+03
-4.5905253906e+03
-4.5863325195e+03
-4.6693178711e+03
-3.5706601562e+03
-3.5081958008e+03
-3.5137399902e+03
-3.5110114746e+03
-3.5110114746e+03
-3.5137399902e+03
-3.5081958008e+03
-3.5706601562e+03
-2.4910593262e+03
-2.4486689453e+03
-2.4542636719e+03
-2.4532136230e+03
-2.4532136230e+03
-2.4542636719e+03
-2.4486689453e+03
-2.4910593262e+03
-1.4194350586e+03
-1.3959288330e+03
-1.4006381836e+03
-1.4007340088e+03
-1.4007340088e+03
-1.4006381836e+03
-1.3959288330e+03
-1.4194350586e+03
-3.5753894043e+02
-3.5274349976e+02
-3.5634027100e+02
-3.5744427490e+02
-3.5744427490e+02
-3.5634027100e+02
-3.5274349976e+02
-3.5753894043e+02
6.9954412842e+02
6.8610638428e+02
6.8357989502e+02
6.8157952881e+02
6.8157952881e+02
6.8357989502e+02
6.8610638428e+02
6.9954412842e+02
1.7507363281e+03
1.7190281982e+03
1.7171123047e+03
1.7139680176e+03
1.7139680176e+03
1.7171123047e+03
1.7190281982e+03
1.7507363281e+03
2.8020471191e+03
2.7526611328e+03
2.7508706055e+03
2.7466716309e+03
2.7466716309e+03
2.7508706055e+03
2.7526611328e+03
2.8020471191e+03
3.8445170898e+03
3.7736652832e+03
3.7714680176e+03
3.7679270020e+03
3.7679270020e+03
3.7714680176e+03
3.7736652832e+03
3.8445170898e+03
4.9089257812e+03
4.8277871094e+03
4.8422309570e+03
4.8470805664e+03
4.8470805664e+03
4.8422309570e+03
4.8277871094e+03
4.9089257812e+03
