-2.7570054531e+00
-5.4746471405e+01
-1.0571012878e+02
-1.5476788330e+02
-2.0105879211e+02
-2.4377482605e+02
-2.8213116455e+02
-3.1549197388e+02
-3.4322561646e+02
-3.6491098022e+02
-3.8014828491e+02
-3.8876815796e+02
-3.9066741943e+02
-3.8593276978e+02
-3.7480090332e+02
-3.5756573486e+02
-3.3483297729e+02
-3.0698733521e+02
-2.7505416870e+02
-2.3929870605e+02
-2.0131927490e+02
-1.6086686707e+02
-1.2055365753e+02
-7.8752052307e+01
-4.0293857574e+01
0.0000000000e+00
3.2913974762e+01
6.6533782959e+01
9.4343231201e+01
1.1970279694e+02
1.4001992798e+02
1.5657060242e+02
1.6834608459e+02
1.7593948364e+02
1.7909645081e+02
1.7824574280e+02
1.7355130005e+02
1.6546351624e+02
1.5439961243e+02
1.4088146973e+02
1.2547637177e+02
1.0877013397e+02
9.1400856018e+01
7.3989700317e+01
5.7173358917e+01
4.1577583313e+01
2.7753683090e+01
1.6311679840e+01
7.5698690414e+00
2.1039838791e+00
0.0000000000e+00
