-5.7644281387e+00
-4.2513103485e+01
-7.8450553894e+01
-1.1281218719e+02
-1.4515367126e+02
-1.7481694031e+02
-2.0133096313e+02
-2.2415612793e+02
-2.4292051697e+02
-2.5723110962e+02
-2.6688259888e+02
-2.7168084717e+02
-2.7161770630e+02
-2.6675424194e+02
-2.5723635864e+02
-2.4345700073e+02
-2.2554707336e+02
-2.0440757751e+02
-1.7976150513e+02
-1.5349368286e+02
-1.2402883148e+02
-9.5546211243e+01
-6.2850967407e+01
-3.6364837646e+01
0.0000000000e+00
2.0917095184e+01
5.0610820770e+01
7.2154441833e+01
9.4475135803e+01
1.1182337189e+02
1.2715027618e+02
1.3837367249e+02
1.4653340149e+02
1.5097052002e+02
1.5215246582e+02
1.5004890442e+02
1.4502383423e+02
1.3735383606e+02
1.2743947601e+02
1.1571262360e+02
1.0262318420e+02
8.8673233032e+01
7.4331230164e+01
6.0116809845e+01
4.6469329834e+01
3.3900390625e+01
2.2742885590e+01
1.3535807610e+01
6.3461461067e+00
2.0240776539e+00
0.0000000000e+00
