4.7413959503e+00
5.3505817413e+01
1.0213822174e+02
1.5030007935e+02
1.9790295410e+02
2.4471940613e+02
2.9059823608e+02
3.3534143066e+02
3.7879965210e+02
4.2078363037e+02
4.6115014648e+02
4.9972500610e+02
5.3636968994e+02
5.7092968750e+02
6.0327325439e+02
6.3326751709e+02
6.6079144287e+02
6.8573474121e+02
7.0799151611e+02
7.2747497559e+02
7.4409796143e+02
7.5779840088e+02
7.6851080322e+02
7.7619885254e+02
7.8082092285e+02
7.8236700439e+02
7.8082092285e+02
7.7619885254e+02
7.6851080322e+02
7.5779840088e+02
7.4409796143e+02
7.2747497559e+02
7.0799151611e+02
6.8573474121e+02
6.6079144287e+02
6.3326751709e+02
6.0327325439e+02
5.7092968750e+02
5.3636968994e+02
4.9972500610e+02
4.6115014648e+02
4.2078363037e+02
3.7879965210e+02
3.3534143066e+02
2.9059823608e+02
2.4471940613e+02
1.9790295410e+02
1.5030007935e+02
1.0213822174e+02
5.3505817413e+01
4.7413959503e+00
