0.0000000000e+00
1.2285666466e+00
4.6037802696e+00
1.0163162231e+01
1.7787813187e+01
2.7449708939e+01
3.8965911865e+01
5.2180118561e+01
6.6867362976e+01
8.2800926208e+01
9.9721664429e+01
1.1736164856e+02
1.3543949890e+02
1.5366816711e+02
1.7175921631e+02
1.8942588806e+02
2.0638940430e+02
2.2238117981e+02
2.3714877319e+02
2.5045828247e+02
2.6209909058e+02
2.7188653564e+02
2.7966528320e+02
2.8531167603e+02
2.8873587036e+02
2.8988339233e+02
2.8873587036e+02
2.8531167603e+02
2.7966528320e+02
2.7188653564e+02
2.6209909058e+02
2.5045828247e+02
2.3714877319e+02
2.2238117981e+02
2.0638940430e+02
1.8942588806e+02
1.7175921631e+02
1.5366816711e+02
1.3543951416e+02
1.1736164856e+02
9.9721664429e+01
8.2800933838e+01
6.6867370605e+01
5.2180122375e+01
3.8965915680e+01
2.7449712753e+01
1.7787815094e+01
1.0163164139e+01
4.6037817001e+00
1.2285671234e+00
0.0000000000e+00
