1.9935346603e+01
1.5298027039e+01
9.8723280430e-01
2.8538244247e+01
2.8538244247e+01
9.8723280430e-01
1.5298027039e+01
1.9935346603e+01
-7.8598937988e+00
-3.2380676270e+01
8.3731956482e+00
-1.0373925781e+02
-1.0373925781e+02
8.3731956482e+00
-3.2380676270e+01
-7.8598937988e+00
-3.7899097443e+01
-1.7949605942e+01
-1.3627481079e+02
9.3977416992e+01
9.3977416992e+01
-1.3627481079e+02
-1.7949605942e+01
-3.7899097443e+01
-3.7174419403e+01
-1.5839682007e+02
4.7048027039e+01
-4.3403375244e+02
-4.3403375244e+02
4.7048027039e+01
-1.5839682007e+02
-3.7174419403e+01
-1.0174636841e+02
-2.2723415375e+01
-5.5730041504e+02
3.6418362427e+02
3.6418362427e+02
-5.5730041504e+02
-2.2723415375e+01
-1.0174636841e+02
-3.3195854187e+01
-4.0158673096e+02
1.1918808746e+02
-2.4693144531e+03
-2.4693144531e+03
1.1918808746e+02
-4.0158673096e+02
-3.3195854187e+01
-2.2243118286e+01
-5.6771142578e+02
3.7989093018e+02
-3.6682099609e+03
-3.6682099609e+03
3.7989093018e+02
-5.6771142578e+02
-2.2243118286e+01
-1.8016210938e+02
-1.1404949188e+01
-9.3879748535e+02
1.2092496490e+02
1.2092496490e+02
-9.3879748535e+02
-1.1404949188e+01
-1.8016210938e+02
-1.0115744019e+02
-3.2436788940e+02
-6.3798908234e+01
-6.5984558105e+02
-6.5984558105e+02
-6.3798908234e+01
-3.2436788940e+02
-1.0115744019e+02
-1.4258334351e+02
-1.1358245850e+02
-2.8282006836e+02
-2.9263490677e+01
-2.9263490677e+01
-2.8282006836e+02
-1.1358245850e+02
-1.4258334351e+02
-1.0733717346e+02
-1.4766973877e+02
-9.6005973816e+01
-2.2578002930e+02
-2.2578002930e+02
-9.6005973816e+01
-1.4766973877e+02
-1.0733717346e+02
-8.6249397278e+01
-8.4915512085e+01
-1.0518466187e+02
-6.9437522888e+01
-6.9437522888e+01
-1.0518466187e+02
-8.4915512085e+01
-8.6249397278e+01
1.2340968132e+01
2.6432828903e+00
1.0219017029e+01
-2.2432498932e+01
-2.2432498932e+01
1.0219017029e+01
2.6432828903e+00
1.2340968132e+01
-4.5031982422e+01
-3.5084136963e+01
-9.0057708740e+01
1.9360210419e+01
1.9360210419e+01
-9.0057708740e+01
-3.5084136963e+01
-4.5031982422e+01
-9.0242500305e+01
-1.4205996704e+02
-4.4984008789e+01
-2.9006845093e+02
-2.9006845093e+02
-4.4984008789e+01
-1.4205996704e+02
-9.0242500305e+01
-1.7436943054e+02
-1.1770273590e+02
-3.5810424805e+02
8.9845214844e+01
8.9845214844e+01
-3.5810424805e+02
-1.1770273590e+02
-1.7436943054e+02
-1.8657283020e+02
-3.7774099731e+02
-1.6551990509e+01
-9.6097161865e+02
-9.6097161865e+02
-1.6551990509e+01
-3.7774099731e+02
-1.8657283020e+02
-3.3694631958e+02
-9.9844413757e+01
-9.0922247314e+02
8.9849102783e+02
8.9849102783e+02
-9.0922247314e+02
-9.9844413757e+01
-3.3694631958e+02
-4.1028433228e+02
-4.4490699768e+01
-1.2174890137e+03
1.6108768311e+03
1.6108768311e+03
-1.2174890137e+03
-4.4490699768e+01
-4.1028433228e+02
-2.9897253418e+02
-5.8234405518e+02
-1.1415534019e+01
-1.1810677490e+03
-1.1810677490e+03
-1.1415534019e+01
-5.8234405518e+02
-2.9897253418e+02
-3.9453320312e+02
-2.8898126221e+02
-6.1809094238e+02
-1.0115432739e+02
-1.0115432739e+02
-6.1809094238e+02
-2.8898126221e+02
-3.9453320312e+02
-3.5577099609e+02
-4.2247735596e+02
-3.0291015625e+02
-5.8471649170e+02
-5.8471649170e+02
-3.0291015625e+02
-4.2247735596e+02
-3.5577099609e+02
-3.6834503174e+02
-3.4607385254e+02
-4.1524746704e+02
-2.9408950806e+02
-2.9408950806e+02
-4.1524746704e+02
-3.4607385254e+02
-3.6834503174e+02
-3.4996475220e+02
-3.5909362793e+02
-3.4515072632e+02
-3.8534307861e+02
-3.8534307861e+02
-3.4515072632e+02
-3.5909362793e+02
-3.4996475220e+02
3.4256095886e+01
4.0889526367e+01
3.0579063416e+01
6.1212760925e+01
6.1212760925e+01
3.0579063416e+01
4.0889526367e+01
3.4256095886e+01
-1.3783450127e+01
-2.4902488708e+01
2.4260656357e+01
-8.6035079956e+01
-8.6035079956e+01
2.4260656357e+01
-2.4902488708e+01
-1.3783450127e+01
-8.4568161011e+01
-3.7378166199e+01
-1.3267910767e+02
1.0090582275e+02
1.0090582275e+02
-1.3267910767e+02
-3.7378166199e+01
-8.4568161011e+01
-1.2184492493e+02
-1.6936619568e+02
3.9782173157e+01
-3.8879638672e+02
-3.8879638672e+02
3.9782173157e+01
-1.6936619568e+02
-1.2184492493e+02
-2.2786265564e+02
-3.8783695221e+01
-3.4525125122e+02
4.9466857910e+02
4.9466857910e+02
-3.4525125122e+02
-3.8783695221e+01
-2.2786265564e+02
-1.8875622559e+02
-4.1104699707e+02
3.9500439453e+02
-8.5080474854e+02
-8.5080474854e+02
3.9500439453e+02
-4.1104699707e+02
-1.8875622559e+02
-2.1443664551e+02
-5.4174884033e+02
5.8568920898e+02
-1.4441420898e+03
-1.4441420898e+03
5.8568920898e+02
-5.4174884033e+02
-2.1443664551e+02
-3.9622039795e+02
-1.2434450531e+02
-5.6264227295e+02
5.3366540527e+02
5.3366540527e+02
-5.6264227295e+02
-1.2434450531e+02
-3.9622039795e+02
-3.7211868286e+02
-4.4260571289e+02
-1.4611332703e+02
-6.3900274658e+02
-6.3900274658e+02
-1.4611332703e+02
-4.4260571289e+02
-3.7211868286e+02
-4.5705252075e+02
-3.8973480225e+02
-5.0175619507e+02
-2.2970480347e+02
-2.2970480347e+02
-5.0175619507e+02
-3.8973480225e+02
-4.5705252075e+02
-4.9473699951e+02
-5.1018487549e+02
-4.4617868042e+02
-5.6884429932e+02
-5.6884429932e+02
-4.4617868042e+02
-5.1018487549e+02
-4.9473699951e+02
-5.6305346680e+02
-5.5364843750e+02
-5.6935113525e+02
-5.3013299561e+02
-5.3013299561e+02
-5.6935113525e+02
-5.5364843750e+02
-5.6305346680e+02
1.8233363342e+02
1.7880429077e+02
1.9039279175e+02
1.6189515686e+02
1.6189515686e+02
1.9039279175e+02
1.7880429077e+02
1.8233363342e+02
1.0016584778e+02
1.1390161896e+02
7.2177749634e+01
1.8016833496e+02
1.8016833496e+02
7.2177749634e+01
1.1390161896e+02
1.0016584778e+02
3.9168651581e+01
4.9666895866e+00
9.7956687927e+01
-1.1923322296e+02
-1.1923322296e+02
9.7956687927e+01
4.9666895866e+00
3.9168651581e+01
-4.9804943085e+01
4.2392611504e+00
-1.6524119568e+02
2.3847857666e+02
2.3847857666e+02
-1.6524119568e+02
4.2392611504e+00
-4.9804943085e+01
-7.2046058655e+01
-2.2471769714e+02
6.2976303101e+01
-6.4610174561e+02
-6.4610174561e+02
6.2976303101e+01
-2.2471769714e+02
-7.2046058655e+01
-2.3200460815e+02
1.1205414772e+01
-7.0239141846e+02
2.1682069397e+02
2.1682069397e+02
-7.0239141846e+02
1.1205414772e+01
-2.3200460815e+02
-3.2593725586e+02
1.7691179514e+00
-9.7315728760e+02
5.2687493896e+02
5.2687493896e+02
-9.7315728760e+02
1.7691179514e+00
-3.2593725586e+02
-2.8194198608e+02
-4.9814981079e+02
-1.2109590149e+02
-1.0770228271e+03
-1.0770228271e+03
-1.2109590149e+02
-4.9814981079e+02
-2.8194198608e+02
-4.2546383667e+02
-3.5848120117e+02
-5.9749011230e+02
-1.2702452087e+02
-1.2702452087e+02
-5.9749011230e+02
-3.5848120117e+02
-4.2546383667e+02
-4.7764007568e+02
-5.2869671631e+02
-4.1835702515e+02
-6.7050000000e+02
-6.7050000000e+02
-4.1835702515e+02
-5.2869671631e+02
-4.7764007568e+02
-5.6946398926e+02
-5.5378649902e+02
-6.0716436768e+02
-4.8471124268e+02
-4.8471124268e+02
-6.0716436768e+02
-5.5378649902e+02
-5.6946398926e+02
-6.3688342285e+02
-6.4418310547e+02
-6.2695904541e+02
-6.6445007324e+02
-6.6445007324e+02
-6.2695904541e+02
-6.4418310547e+02
-6.3688342285e+02
3.1007827759e+02
3.1277893066e+02
3.0214068604e+02
3.2897348022e+02
3.2897348022e+02
3.0214068604e+02
3.1277893066e+02
3.1007827759e+02
2.0625988770e+02
1.9462020874e+02
2.3184388733e+02
1.3003668213e+02
1.3003668213e+02
2.3184388733e+02
1.9462020874e+02
2.0625988770e+02
9.1517066956e+01
1.1790909576e+02
3.4756603241e+01
2.3602134705e+02
2.3602134705e+02
3.4756603241e+01
1.1790909576e+02
9.1517066956e+01
3.7261648178e+00
-5.0510562897e+01
8.9871139526e+01
-2.7638027954e+02
-2.7638027954e+02
8.9871139526e+01
-5.0510562897e+01
3.7261648178e+00
-1.4233847046e+02
-2.1747880936e+01
-2.8762197876e+02
2.9694430542e+02
2.9694430542e+02
-2.8762197876e+02
-2.1747880936e+01
-1.4233847046e+02
-1.6050346375e+02
-4.0871047974e+02
1.8829196167e+02
-4.7199060059e+02
-4.7199060059e+02
1.8829196167e+02
-4.0871047974e+02
-1.6050346375e+02
-2.4221435547e+02
-5.6303741455e+02
2.5063023376e+02
-8.6126068115e+02
-8.6126068115e+02
2.5063023376e+02
-5.6303741455e+02
-2.4221435547e+02
-4.4648159790e+02
-2.7997640991e+02
-6.1629174805e+02
1.9271464539e+02
1.9271464539e+02
-6.1629174805e+02
-2.7997640991e+02
-4.4648159790e+02
-4.8291259766e+02
-5.4814849854e+02
-3.5548541260e+02
-7.9322082520e+02
-7.9322082520e+02
-3.5548541260e+02
-5.4814849854e+02
-4.8291259766e+02
-5.9399682617e+02
-5.5592364502e+02
-6.5837347412e+02
-4.2460394287e+02
-4.2460394287e+02
-6.5837347412e+02
-5.5592364502e+02
-5.9399682617e+02
-6.6986169434e+02
-6.8399645996e+02
-6.3802618408e+02
-7.5595330811e+02
-7.5595330811e+02
-6.3802618408e+02
-6.8399645996e+02
-6.6986169434e+02
-7.5964703369e+02
-7.5361279297e+02
-7.7055346680e+02
-7.3408782959e+02
-7.3408782959e+02
-7.7055346680e+02
-7.5361279297e+02
-7.5964703369e+02
4.1490060425e+02
4.1365081787e+02
4.2291506958e+02
3.9794244385e+02
3.9794244385e+02
4.2291506958e+02
4.1365081787e+02
4.1490060425e+02
2.9096084595e+02
3.0227313232e+02
2.6956701660e+02
3.6413494873e+02
3.6413494873e+02
2.6956701660e+02
3.0227313232e+02
2.9096084595e+02
1.7617955017e+02
1.5681498718e+02
2.2978671265e+02
4.5333194733e+01
4.5333194733e+01
2.2978671265e+02
1.5681498718e+02
1.7617955017e+02
4.0583286285e+01
9.2795181274e+01
-2.5939210892e+01
2.9883419800e+02
2.9883419800e+02
-2.5939210892e+01
9.2795181274e+01
4.0583286285e+01
-4.1480796814e+01
-1.3715406799e+02
1.0361132812e+02
-3.7076324463e+02
-3.7076324463e+02
1.0361132812e+02
-1.3715406799e+02
-4.1480796814e+01
-2.3615171814e+02
2.9963736534e+00
-4.8418399048e+02
9.6339006424e+00
9.6339006424e+00
-4.8418399048e+02
2.9963736534e+00
-2.3615171814e+02
-3.6674591064e+02
-6.6776466370e+01
-7.2714190674e+02
1.1130072784e+02
1.1130072784e+02
-7.2714190674e+02
-6.6776466370e+01
-3.6674591064e+02
-3.8603607178e+02
-5.1382641602e+02
-2.1492036438e+02
-8.8561450195e+02
-8.8561450195e+02
-2.1492036438e+02
-5.1382641602e+02
-3.8603607178e+02
-5.4859417725e+02
-4.8641958618e+02
-6.4343786621e+02
-2.4692665100e+02
-2.4692665100e+02
-6.4343786621e+02
-4.8641958618e+02
-5.4859417725e+02
-6.4646740723e+02
-6.7340093994e+02
-5.8165728760e+02
-7.9718054199e+02
-7.9718054199e+02
-5.8165728760e+02
-6.7340093994e+02
-6.4646740723e+02
-7.7060754395e+02
-7.5664404297e+02
-7.9620855713e+02
-6.8506427002e+02
-6.8506427002e+02
-7.9620855713e+02
-7.5664404297e+02
-7.7060754395e+02
-8.8296160889e+02
-8.8704492188e+02
-8.7131707764e+02
-9.0675274658e+02
-9.0675274658e+02
-8.7131707764e+02
-8.8704492188e+02
-8.8296160889e+02
5.3743975830e+02
5.3892431641e+02
5.3161029053e+02
5.5464495850e+02
5.5464495850e+02
5.3161029053e+02
5.3892431641e+02
5.3743975830e+02
3.9364016724e+02
3.8561160278e+02
4.1562527466e+02
3.2936331177e+02
3.2936331177e+02
4.1562527466e+02
3.8561160278e+02
3.9364016724e+02
2.4574296570e+02
2.6319714355e+02
2.0217036438e+02
3.7010919189e+02
3.7010919189e+02
2.0217036438e+02
2.6319714355e+02
2.4574296570e+02
1.1735868073e+02
7.2978599548e+01
1.7756097412e+02
-1.0368606567e+02
-1.0368606567e+02
1.7756097412e+02
7.2978599548e+01
1.1735868073e+02
-5.5245826721e+01
2.6571088791e+01
-1.8380279541e+02
2.0055659485e+02
2.0055659485e+02
-1.8380279541e+02
2.6571088791e+01
-5.5245826721e+01
-1.2595963287e+02
-3.3982846069e+02
5.3756702423e+01
-3.0718634033e+02
-3.0718634033e+02
5.3756702423e+01
-3.3982846069e+02
-1.2595963287e+02
-2.5424522400e+02
-5.1991943359e+02
1.4038850784e+01
-6.1776531982e+02
-6.1776531982e+02
1.4038850784e+01
-5.1991943359e+02
-2.5424522400e+02
-4.7923855591e+02
-3.7464205933e+02
-6.3558697510e+02
-8.2996673584e+01
-8.2996673584e+01
-6.3558697510e+02
-3.7464205933e+02
-4.7923855591e+02
-5.7877606201e+02
-6.3211810303e+02
-4.9894235229e+02
-8.4990216064e+02
-8.4990216064e+02
-4.9894235229e+02
-6.3211810303e+02
-5.7877606201e+02
-7.3046160889e+02
-7.0800573730e+02
-7.8628936768e+02
-5.8794000244e+02
-5.8794000244e+02
-7.8628936768e+02
-7.0800573730e+02
-7.3046160889e+02
-8.5928796387e+02
-8.6978918457e+02
-8.3422875977e+02
-9.3686535645e+02
-9.3686535645e+02
-8.3422875977e+02
-8.6978918457e+02
-8.5928796387e+02
-9.9458502197e+02
-9.9076544189e+02
-1.0046707764e+03
-9.7027868652e+02
-9.7027868652e+02
-1.0046707764e+03
-9.9076544189e+02
-9.9458502197e+02
6.4951800537e+02
6.4882934570e+02
6.5480657959e+02
6.3417590332e+02
6.3417590332e+02
6.5480657959e+02
6.4882934570e+02
6.4951800537e+02
4.8293646240e+02
4.9043328857e+02
4.6408154297e+02
5.4269415283e+02
5.4269415283e+02
4.6408154297e+02
4.9043328857e+02
4.8293646240e+02
3.2188208008e+02
3.0784127808e+02
3.6017590332e+02
2.0983740234e+02
2.0983740234e+02
3.6017590332e+02
3.0784127808e+02
3.2188208008e+02
1.4650790405e+02
1.8538598633e+02
9.3527061462e+01
3.3497680664e+02
3.3497680664e+02
9.3527061462e+01
1.8538598633e+02
1.4650790405e+02
1.0984422684e+01
-5.9147640228e+01
1.2311742401e+02
-1.8518150330e+02
-1.8518150330e+02
1.2311742401e+02
-5.9147640228e+01
1.0984422684e+01
-2.1232386780e+02
-2.6224195480e+01
-3.3959149170e+02
-6.7538604736e+01
-6.7538604736e+01
-3.3959149170e+02
-2.6224195480e+01
-2.1232386780e+02
-3.8138726807e+02
-1.5254278564e+02
-5.7721459961e+02
-9.5045745850e+01
-9.5045745850e+01
-5.7721459961e+02
-1.5254278564e+02
-3.8138726807e+02
-4.6476501465e+02
-5.5159686279e+02
-3.2545233154e+02
-7.7556976318e+02
-7.7556976318e+02
-3.2545233154e+02
-5.5159686279e+02
-4.6476501465e+02
-6.5366174316e+02
-6.0752929688e+02
-7.2108624268e+02
-4.1495596313e+02
-4.1495596313e+02
-7.2108624268e+02
-6.0752929688e+02
-6.5366174316e+02
-7.9739587402e+02
-8.1514111328e+02
-7.4786920166e+02
-9.2804125977e+02
-9.2804125977e+02
-7.4786920166e+02
-8.1514111328e+02
-7.9739587402e+02
-9.5760314941e+02
-9.4850927734e+02
-9.7937335205e+02
-8.8513098145e+02
-8.8513098145e+02
-9.7937335205e+02
-9.4850927734e+02
-9.5760314941e+02
-1.1109361572e+03
-1.1139699707e+03
-1.1015119629e+03
-1.1343789062e+03
-1.1343789062e+03
-1.1015119629e+03
-1.1139699707e+03
-1.1109361572e+03
7.6208740234e+02
7.6300347900e+02
7.5845141602e+02
7.7666137695e+02
7.7666137695e+02
7.5845141602e+02
7.6300347900e+02
7.6208740234e+02
5.7751043701e+02
5.7235723877e+02
5.9635235596e+02
5.2550640869e+02
5.2550640869e+02
5.9635235596e+02
5.7235723877e+02
5.7751043701e+02
3.9071102905e+02
4.0415301514e+02
3.6034722900e+02
4.9388653564e+02
4.9388653564e+02
3.6034722900e+02
4.0415301514e+02
3.9071102905e+02
2.1800556946e+02
1.8638311768e+02
2.6863839722e+02
6.4070739746e+01
6.4070739746e+01
2.6863839722e+02
1.8638311768e+02
2.1800556946e+02
1.3067922592e+01
7.6318267822e+01
-7.8002395630e+01
1.7037939453e+02
1.7037939453e+02
-7.8002395630e+01
7.6318267822e+01
1.3067922592e+01
-1.1333963013e+02
-2.6815979004e+02
-1.8740810394e+01
-2.2068415833e+02
-2.2068415833e+02
-1.8740810394e+01
-2.6815979004e+02
-1.1333963013e+02
-2.8597412109e+02
-4.7614227295e+02
-1.3775645447e+02
-5.0566430664e+02
-5.0566430664e+02
-1.3775645447e+02
-4.7614227295e+02
-2.8597412109e+02
-5.3069146729e+02
-4.5459780884e+02
-6.4751940918e+02
-2.8080218506e+02
-2.8080218506e+02
-6.4751940918e+02
-4.5459780884e+02
-5.3069146729e+02
-6.8359014893e+02
-7.2082427979e+02
-6.2177874756e+02
-8.8494439697e+02
-8.8494439697e+02
-6.2177874756e+02
-7.2082427979e+02
-6.8359014893e+02
-8.7234619141e+02
-8.5599969482e+02
-9.1281713867e+02
-7.5031610107e+02
-7.5031610107e+02
-9.1281713867e+02
-8.5599969482e+02
-8.7234619141e+02
-1.0461845703e+03
-1.0521951904e+03
-1.0250529785e+03
-1.1105625000e+03
-1.1105625000e+03
-1.0250529785e+03
-1.0521951904e+03
-1.0461845703e+03
-1.2232340088e+03
-1.2201357422e+03
-1.2314669189e+03
-1.2003060303e+03
-1.2003060303e+03
-1.2314669189e+03
-1.2201357422e+03
-1.2232340088e+03
8.7250817871e+02
8.7242474365e+02
8.7594128418e+02
8.6031170654e+02
8.6031170654e+02
8.7594128418e+02
8.7242474365e+02
8.7250817871e+02
6.6650140381e+02
6.7193023682e+02
6.5096020508e+02
7.1490112305e+02
7.1490112305e+02
6.5096020508e+02
6.7193023682e+02
6.6650140381e+02
4.6468984985e+02
4.5399884033e+02
4.9217877197e+02
3.7543560791e+02
3.7543560791e+02
4.9217877197e+02
4.5399884033e+02
4.6468984985e+02
2.5270677185e+02
2.8063189697e+02
2.0841629028e+02
3.8161761475e+02
3.8161761475e+02
2.0841629028e+02
2.8063189697e+02
2.5270677185e+02
7.0294250488e+01
1.5204114914e+01
1.4625796509e+02
-5.2382980347e+01
-5.2382980347e+01
1.4625796509e+02
1.5204114914e+01
7.0294250488e+01
-1.7847904968e+02
-5.0075733185e+01
-2.4600009155e+02
-9.1972061157e+01
-9.1972061157e+01
-2.4600009155e+02
-5.0075733185e+01
-1.7847904968e+02
-3.8512289429e+02
-2.2840158081e+02
-4.9417080688e+02
-2.1063488770e+02
-2.1063488770e+02
-4.9417080688e+02
-2.2840158081e+02
-3.8512289429e+02
-5.2923266602e+02
-5.9479772949e+02
-4.3025369263e+02
-7.2660876465e+02
-7.2660876465e+02
-4.3025369263e+02
-5.9479772949e+02
-5.2923266602e+02
-7.4956695557e+02
-7.1789038086e+02
-8.0317626953e+02
-5.7855029297e+02
-5.7855029297e+02
-8.0317626953e+02
-7.1789038086e+02
-7.4956695557e+02
-9.3843743896e+02
-9.5186718750e+02
-9.0235748291e+02
-1.0469674072e+03
-1.0469674072e+03
-9.0235748291e+02
-9.5186718750e+02
-9.3843743896e+02
-1.1376704102e+03
-1.1325637207e+03
-1.1552755127e+03
-1.0780358887e+03
-1.0780358887e+03
-1.1552755127e+03
-1.1325637207e+03
-1.1376704102e+03
-1.3327917480e+03
-1.3355017090e+03
-1.3249123535e+03
-1.3542360840e+03
-1.3542360840e+03
-1.3249123535e+03
-1.3355017090e+03
-1.3327917480e+03
9.7960778809e+02
9.7959899902e+02
9.7733258057e+02
9.9053729248e+02
9.9053729248e+02
9.7733258057e+02
9.7959899902e+02
9.7960778809e+02
7.5561865234e+02
7.5144067383e+02
7.7072680664e+02
7.1357464600e+02
7.1357464600e+02
7.7072680664e+02
7.5144067383e+02
7.5561865234e+02
5.3006805420e+02
5.4012402344e+02
5.0777890015e+02
6.0936022949e+02
6.0936022949e+02
5.0777890015e+02
5.4012402344e+02
5.3006805420e+02
3.1517819214e+02
2.9196615601e+02
3.5630139160e+02
2.1089735413e+02
2.1089735413e+02
3.5630139160e+02
2.9196615601e+02
3.1517819214e+02
7.6305503845e+01
1.2577293396e+02
1.6453603745e+01
1.7659800720e+02
1.7659800720e+02
1.6453603745e+01
1.2577293396e+02
7.6305503845e+01
-1.0371595764e+02
-2.0696165466e+02
-5.2297687531e+01
-1.6856587219e+02
-1.6856587219e+02
-5.2297687531e+01
-2.0696165466e+02
-1.0371595764e+02
-3.1853720093e+02
-4.4443588257e+02
-2.3479367065e+02
-4.5306933594e+02
-4.5306933594e+02
-2.3479367065e+02
-4.4443588257e+02
-3.1853720093e+02
-5.8453765869e+02
-5.2620111084e+02
-6.6478918457e+02
-4.2445748901e+02
-4.2445748901e+02
-6.6478918457e+02
-5.2620111084e+02
-5.8453765869e+02
-7.8458288574e+02
-8.1005480957e+02
-7.3578112793e+02
-9.2538409424e+02
-9.2538409424e+02
-7.3578112793e+02
-8.1005480957e+02
-7.8458288574e+02
-1.0094636841e+03
-9.9683276367e+02
-1.0396634521e+03
-9.1165600586e+02
-9.1165600586e+02
-1.0396634521e+03
-9.9683276367e+02
-1.0094636841e+03
-1.2247132568e+03
-1.2276773682e+03
-1.2085925293e+03
-1.2774633789e+03
-1.2774633789e+03
-1.2085925293e+03
-1.2276773682e+03
-1.2247132568e+03
-1.4412713623e+03
-1.4384309082e+03
-1.4487235107e+03
-1.4211895752e+03
-1.4211895752e+03
-1.4487235107e+03
-1.4384309082e+03
-1.4412713623e+03
1.0838453369e+03
1.0847324219e+03
1.0857672119e+03
1.0749656982e+03
1.0749656982e+03
1.0857672119e+03
1.0847324219e+03
1.0838453369e+03
8.4039318848e+02
8.4530090332e+02
8.2794177246e+02
8.7915222168e+02
8.7915222168e+02
8.2794177246e+02
8.4530090332e+02
8.4039318848e+02
6.0051019287e+02
5.9277929688e+02
6.2108319092e+02
5.3386486816e+02
5.3386486816e+02
6.2108319092e+02
5.9277929688e+02
6.0051019287e+02
3.5284902954e+02
3.7403750610e+02
3.1787988281e+02
4.4037588501e+02
4.4037588501e+02
3.1787988281e+02
3.7403750610e+02
3.5284902954e+02
1.2777028656e+02
8.5351074219e+01
1.7718182373e+02
4.8678630829e+01
4.8678630829e+01
1.7718182373e+02
8.5351074219e+01
1.2777028656e+02
-1.4625238037e+02
-6.2388237000e+01
-1.8314654541e+02
-9.3145912170e+01
-9.3145912170e+01
-1.8314654541e+02
-6.2388237000e+01
-1.4625238037e+02
-3.8904229736e+02
-2.8768640137e+02
-4.5089916992e+02
-2.8169412231e+02
-2.8169412231e+02
-4.5089916992e+02
-2.8768640137e+02
-3.8904229736e+02
-5.8812988281e+02
-6.3848309326e+02
-5.2136102295e+02
-7.1514489746e+02
-7.1514489746e+02
-5.2136102295e+02
-6.3848309326e+02
-5.8812988281e+02
-8.4128179932e+02
-8.1947003174e+02
-8.8287133789e+02
-7.2351763916e+02
-7.2351763916e+02
-8.8287133789e+02
-8.1947003174e+02
-8.4128179932e+02
-1.0723782959e+03
-1.0831019287e+03
-1.0447359619e+03
-1.1569373779e+03
-1.1569373779e+03
-1.0447359619e+03
-1.0831019287e+03
-1.0723782959e+03
-1.3097114258e+03
-1.3075260010e+03
-1.3227078857e+03
-1.2618365479e+03
-1.2618365479e+03
-1.3227078857e+03
-1.3075260010e+03
-1.3097114258e+03
-1.5448947754e+03
-1.5479548340e+03
-1.5378309326e+03
-1.5637926025e+03
-1.5637926025e+03
-1.5378309326e+03
-1.5479548340e+03
-1.5448947754e+03
1.1853459473e+03
1.1839357910e+03
1.1843306885e+03
1.1928428955e+03
1.1928428955e+03
1.1843306885e+03
1.1839357910e+03
1.1853459473e+03
9.2460382080e+02
9.2011260986e+02
9.3667126465e+02
8.9104705811e+02
8.9104705811e+02
9.3667126465e+02
9.2011260986e+02
9.2460382080e+02
6.6235321045e+02
6.6933050537e+02
6.4554150391e+02
7.2022973633e+02
7.2022973633e+02
6.4554150391e+02
6.6933050537e+02
6.6235321045e+02
4.0877182007e+02
3.9048104858e+02
4.4028179932e+02
3.3761862183e+02
3.3761862183e+02
4.4028179932e+02
3.9048104858e+02
4.0877182007e+02
1.3669378662e+02
1.7390309143e+02
9.7992286682e+01
2.0215309143e+02
2.0215309143e+02
9.7992286682e+01
1.7390309143e+02
1.3669378662e+02
-9.2217651367e+01
-1.5880639648e+02
-6.3658603668e+01
-1.3287039185e+02
-1.3287039185e+02
-6.3658603668e+01
-1.5880639648e+02
-9.2217651367e+01
-3.4650006104e+02
-4.2650814819e+02
-2.9872918701e+02
-4.2948931885e+02
-4.2948931885e+02
-2.9872918701e+02
-4.2650814819e+02
-3.4650006104e+02
-6.3578735352e+02
-5.9136083984e+02
-6.8941650391e+02
-5.3234594727e+02
-5.3234594727e+02
-6.8941650391e+02
-5.9136083984e+02
-6.3578735352e+02
-8.7858435059e+02
-8.9617279053e+02
-8.4186767578e+02
-9.7446411133e+02
-9.7446411133e+02
-8.4186767578e+02
-8.9617279053e+02
-8.7858435059e+02
-1.1386624756e+03
-1.1283139648e+03
-1.1626656494e+03
-1.0645672607e+03
-1.0645672607e+03
-1.1626656494e+03
-1.1283139648e+03
-1.1386624756e+03
-1.3930330811e+03
-1.3934530029e+03
-1.3817202148e+03
-1.4347349854e+03
-1.4347349854e+03
-1.3817202148e+03
-1.3934530029e+03
-1.3930330811e+03
-1.6473422852e+03
-1.6438171387e+03
-1.6544978027e+03
-1.6300344238e+03
-1.6300344238e+03
-1.6544978027e+03
-1.6438171387e+03
-1.6473422852e+03
1.2813378906e+03
1.2838453369e+03
1.2817211914e+03
1.2753773193e+03
1.2753773193e+03
1.2817211914e+03
1.2838453369e+03
1.2813378906e+03
1.0027691040e+03
1.0082978516e+03
9.9248223877e+02
1.0333040771e+03
1.0333040771e+03
9.9248223877e+02
1.0082978516e+03
1.0027691040e+03
7.2764990234e+02
7.2260449219e+02
7.4284240723e+02
6.7959893799e+02
6.7959893799e+02
7.4284240723e+02
7.2260449219e+02
7.2764990234e+02
4.4581472778e+02
4.6290768433e+02
4.1934680176e+02
5.0591055298e+02
5.0591055298e+02
4.1934680176e+02
4.6290768433e+02
4.4581472778e+02
1.8169427490e+02
1.5042785645e+02
2.1357934570e+02
1.2935511780e+02
1.2935511780e+02
2.1357934570e+02
1.5042785645e+02
1.8169427490e+02
-1.1794991302e+02
-6.4226921082e+01
-1.3866062927e+02
-8.4140365601e+01
-8.4140365601e+01
-1.3866062927e+02
-6.4226921082e+01
-1.1794991302e+02
-3.9496890259e+02
-3.3147189331e+02
-4.3032904053e+02
-3.2893164062e+02
-3.2893164062e+02
-4.3032904053e+02
-3.3147189331e+02
-3.9496890259e+02
-6.4244622803e+02
-6.8070648193e+02
-5.9817657471e+02
-7.2501751709e+02
-7.2501751709e+02
-5.9817657471e+02
-6.8070648193e+02
-6.4244622803e+02
-9.2765844727e+02
-9.1297509766e+02
-9.5840496826e+02
-8.4854272461e+02
-8.4854272461e+02
-9.5840496826e+02
-9.1297509766e+02
-9.2765844727e+02
-1.1976044922e+03
-1.2072231445e+03
-1.1754899902e+03
-1.2607889404e+03
-1.2607889404e+03
-1.1754899902e+03
-1.2072231445e+03
-1.1976044922e+03
-1.4706694336e+03
-1.4715971680e+03
-1.4798333740e+03
-1.4343449707e+03
-1.4343449707e+03
-1.4798333740e+03
-1.4715971680e+03
-1.4706694336e+03
-1.7434089355e+03
-1.7481269531e+03
-1.7368917236e+03
-1.7602542725e+03
-1.7602542725e+03
-1.7368917236e+03
-1.7481269531e+03
-1.7434089355e+03
1.3759566650e+03
1.3721252441e+03
1.3761107178e+03
1.3803431396e+03
1.3803431396e+03
1.3761107178e+03
1.3721252441e+03
1.3759566650e+03
1.0816315918e+03
1.0755362549e+03
1.0913975830e+03
1.0548682861e+03
1.0548682861e+03
1.0913975830e+03
1.0755362549e+03
1.0816315918e+03
7.8522143555e+02
7.8913513184e+02
7.7284576416e+02
8.2626043701e+02
8.2626043701e+02
7.7284576416e+02
7.8913513184e+02
7.8522143555e+02
4.9661904907e+02
4.8115451050e+02
5.1988067627e+02
4.4700613403e+02
4.4700613403e+02
5.1988067627e+02
4.8115451050e+02
4.9661904907e+02
1.9329736328e+02
2.1985552979e+02
1.6804010010e+02
2.3682879639e+02
2.3682879639e+02
1.6804010010e+02
2.1985552979e+02
1.9329736328e+02
-7.8846847534e+01
-1.2165792847e+02
-6.2799137115e+01
-1.0570537567e+02
-1.0570537567e+02
-6.2799137115e+01
-1.2165792847e+02
-7.8846847534e+01
-3.6932455444e+02
-4.1904357910e+02
-3.4228366089e+02
-4.2052413940e+02
-4.2052413940e+02
-3.4228366089e+02
-4.1904357910e+02
-3.6932455444e+02
-6.8316644287e+02
-6.4968853760e+02
-7.1897100830e+02
-6.1601190186e+02
-6.1601190186e+02
-7.1897100830e+02
-6.4968853760e+02
-6.8316644287e+02
-9.6481768799e+02
-9.7623303223e+02
-9.3867828369e+02
-1.0288679199e+03
-1.0288679199e+03
-9.3867828369e+02
-9.7623303223e+02
-9.6481768799e+02
-1.2583049316e+03
-1.2484675293e+03
-1.2782310791e+03
-1.2041724854e+03
-1.2041724854e+03
-1.2782310791e+03
-1.2484675293e+03
-1.2583049316e+03
-1.5494387207e+03
-1.5465064697e+03
-1.5419152832e+03
-1.5803743896e+03
-1.5803743896e+03
-1.5419152832e+03
-1.5465064697e+03
-1.5494387207e+03
-1.8390485840e+03
-1.8331721191e+03
-1.8461303711e+03
-1.8239576416e+03
-1.8239576416e+03
-1.8461303711e+03
-1.8331721191e+03
-1.8390485840e+03
1.4614868164e+03
1.4670821533e+03
1.4605463867e+03
1.4580866699e+03
1.4580866699e+03
1.4605463867e+03
1.4670821533e+03
1.4614868164e+03
1.1507647705e+03
1.1584952393e+03
1.1421827393e+03
1.1749414062e+03
1.1749414062e+03
1.1421827393e+03
1.1584952393e+03
1.1507647705e+03
8.4407727051e+02
8.4202551270e+02
8.5466558838e+02
8.0987860107e+02
8.0987860107e+02
8.5466558838e+02
8.4202551270e+02
8.4407727051e+02
5.3063562012e+02
5.4537829590e+02
5.1093154907e+02
5.7265765381e+02
5.7265765381e+02
5.1093154907e+02
5.4537829590e+02
5.3063562012e+02
2.3130778503e+02
2.0945239258e+02
2.5194375610e+02
1.9572608948e+02
1.9572608948e+02
2.5194375610e+02
2.0945239258e+02
2.3130778503e+02
-9.3586311340e+01
-5.9058490753e+01
-1.0561694336e+02
-7.1104644775e+01
-7.1104644775e+01
-1.0561694336e+02
-5.9058490753e+01
-9.3586311340e+01
-4.0222589111e+02
-3.6340536499e+02
-4.2241299438e+02
-3.6211853027e+02
-3.6211853027e+02
-4.2241299438e+02
-3.6340536499e+02
-4.0222589111e+02
-6.9138562012e+02
-7.2071374512e+02
-6.6217572021e+02
-7.4560064697e+02
-7.4560064697e+02
-6.6217572021e+02
-7.2071374512e+02
-6.9138562012e+02
-1.0066368408e+03
-9.9836700439e+02
-1.0284747314e+03
-9.5488146973e+02
-9.5488146973e+02
-1.0284747314e+03
-9.9836700439e+02
-1.0066368408e+03
-1.3117659912e+03
-1.3223831787e+03
-1.2937744141e+03
-1.3579622803e+03
-1.3579622803e+03
-1.2937744141e+03
-1.3223831787e+03
-1.3117659912e+03
-1.6172224121e+03
-1.6228310547e+03
-1.6238804932e+03
-1.5920764160e+03
-1.5920764160e+03
-1.6238804932e+03
-1.6228310547e+03
-1.6172224121e+03
-1.9246981201e+03
-1.9332857666e+03
-1.9186912842e+03
-1.9400778809e+03
-1.9400778809e+03
-1.9186912842e+03
-1.9332857666e+03
-1.9246981201e+03
1.5483417969e+03
1.5399807129e+03
1.5491616211e+03
1.5500218506e+03
1.5500218506e+03
1.5491616211e+03
1.5399807129e+03
1.5483417969e+03
1.2242285156e+03
1.2144003906e+03
1.2316273193e+03
1.2022050781e+03
1.2022050781e+03
1.2316273193e+03
1.2144003906e+03
1.2242285156e+03
8.9645855713e+02
8.9649096680e+02
8.8766320801e+02
9.2515985107e+02
9.2515985107e+02
8.8766320801e+02
8.9649096680e+02
8.9645855713e+02
5.7661676025e+02
5.6228955078e+02
5.9337701416e+02
5.4102239990e+02
5.4102239990e+02
5.9337701416e+02
5.6228955078e+02
5.7661676025e+02
2.4483413696e+02
2.6243093872e+02
2.2792018127e+02
2.7423748779e+02
2.7423748779e+02
2.2792018127e+02
2.6243093872e+02
2.4483413696e+02
-6.4715354919e+01
-9.2781906128e+01
-5.5711551666e+01
-8.3713798523e+01
-8.3713798523e+01
-5.5711551666e+01
-9.2781906128e+01
-6.4715354919e+01
-3.8764508057e+02
-4.1785891724e+02
-3.7279479980e+02
-4.1906433105e+02
-4.1906433105e+02
-3.7279479980e+02
-4.1785891724e+02
-3.8764508057e+02
-7.2602404785e+02
-7.0008581543e+02
-7.5014501953e+02
-6.8246545410e+02
-6.8246545410e+02
-7.5014501953e+02
-7.0008581543e+02
-7.2602404785e+02
-1.0424000244e+03
-1.0475135498e+03
-1.0246575928e+03
-1.0843984375e+03
-1.0843984375e+03
-1.0246575928e+03
-1.0475135498e+03
-1.0424000244e+03
-1.3666683350e+03
-1.3548242188e+03
-1.3833886719e+03
-1.3281146240e+03
-1.3281146240e+03
-1.3833886719e+03
-1.3548242188e+03
-1.3666683350e+03
-1.6919395752e+03
-1.6832352295e+03
-1.6865645752e+03
-1.7127457275e+03
-1.7127457275e+03
-1.6865645752e+03
-1.6832352295e+03
-1.6919395752e+03
-2.0133569336e+03
-2.0022241211e+03
-2.0201530762e+03
-2.0000871582e+03
-2.0000871582e+03
-2.0201530762e+03
-2.0022241211e+03
-2.0133569336e+03
1.6201569824e+03
1.6317547607e+03
1.6188045654e+03
1.6186993408e+03
1.6186993408e+03
1.6188045654e+03
1.6317547607e+03
1.6201569824e+03
1.2806927490e+03
1.2935064697e+03
1.2745661621e+03
1.3006033936e+03
1.3006033936e+03
1.2745661621e+03
1.2935064697e+03
1.2806927490e+03
9.4715527344e+02
9.4954125977e+02
9.5426611328e+02
9.2263824463e+02
9.2263824463e+02
9.5426611328e+02
9.4954125977e+02
9.4715527344e+02
6.0585125732e+02
6.2005511475e+02
5.9132550049e+02
6.3570257568e+02
6.3570257568e+02
5.9132550049e+02
6.2005511475e+02
6.0585125732e+02
2.7568783569e+02
2.6171020508e+02
2.8918927002e+02
2.5071244812e+02
2.5071244812e+02
2.8918927002e+02
2.6171020508e+02
2.7568783569e+02
-7.2842094421e+01
-5.0218986511e+01
-8.0184738159e+01
-5.7120639801e+01
-5.7120639801e+01
-8.0184738159e+01
-5.0218986511e+01
-7.2842094421e+01
-4.0967941284e+02
-3.8703112793e+02
-4.2120581055e+02
-3.8594256592e+02
-3.8594256592e+02
-4.2120581055e+02
-3.8703112793e+02
-4.0967941284e+02
-7.3388732910e+02
-7.5803814697e+02
-7.1492987061e+02
-7.6971319580e+02
-7.6971319580e+02
-7.1492987061e+02
-7.5803814697e+02
-7.3388732910e+02
-1.0762109375e+03
-1.0753671875e+03
-1.0916395264e+03
-1.0433814697e+03
-1.0433814697e+03
-1.0916395264e+03
-1.0753671875e+03
-1.0762109375e+03
-1.4121467285e+03
-1.4269737549e+03
-1.3981295166e+03
-1.4455222168e+03
-1.4455222168e+03
-1.3981295166e+03
-1.4269737549e+03
-1.4121467285e+03
-1.7454970703e+03
-1.7593646240e+03
-1.7519664307e+03
-1.7307545166e+03
-1.7307545166e+03
-1.7519664307e+03
-1.7593646240e+03
-1.7454970703e+03
-2.0846755371e+03
-2.1010537109e+03
-2.0799689941e+03
-2.0987622070e+03
-2.0987622070e+03
-2.0799689941e+03
-2.1010537109e+03
-2.0846755371e+03
1.6995454102e+03
1.6825802002e+03
1.6992215576e+03
1.6991710205e+03
1.6991710205e+03
1.6992215576e+03
1.6825802002e+03
1.6995454102e+03
1.3504360352e+03
1.3328621826e+03
1.3535201416e+03
1.3308018799e+03
1.3308018799e+03
1.3535201416e+03
1.3328621826e+03
1.3504360352e+03
9.9421142578e+02
9.8801324463e+02
9.8712847900e+02
1.0140928345e+03
1.0140928345e+03
9.8712847900e+02
9.8801324463e+02
9.9421142578e+02
6.4685437012e+02
6.3147314453e+02
6.5818450928e+02
6.2059521484e+02
6.2059521484e+02
6.5818450928e+02
6.3147314453e+02
6.4685437012e+02
2.9003591919e+02
2.9986810303e+02
2.7801034546e+02
3.1018493652e+02
3.1018493652e+02
2.7801034546e+02
2.9986810303e+02
2.9003591919e+02
-5.1050987244e+01
-7.0174293518e+01
-4.6180259705e+01
-6.5645805359e+01
-6.5645805359e+01
-4.6180259705e+01
-7.0174293518e+01
-5.1050987244e+01
-4.0216790771e+02
-4.1933300781e+02
-3.9436529541e+02
-4.2145202637e+02
-4.2145202637e+02
-3.9436529541e+02
-4.1933300781e+02
-4.0216790771e+02
-7.6367224121e+02
-7.4109246826e+02
-7.7957525635e+02
-7.3586322021e+02
-7.3586322021e+02
-7.7957525635e+02
-7.4109246826e+02
-7.6367224121e+02
-1.1102531738e+03
-1.1070472412e+03
-1.0978726807e+03
-1.1374238281e+03
-1.1374238281e+03
-1.0978726807e+03
-1.1070472412e+03
-1.1102531738e+03
-1.4623582764e+03
-1.4442275391e+03
-1.4748615723e+03
-1.4353959961e+03
-1.4353959961e+03
-1.4748615723e+03
-1.4442275391e+03
-1.4623582764e+03
-1.8190085449e+03
-1.7993916016e+03
-1.8121887207e+03
-1.8303117676e+03
-1.8303117676e+03
-1.8121887207e+03
-1.7993916016e+03
-1.8190085449e+03
-2.1673476562e+03
-2.1456154785e+03
-2.1719609375e+03
-2.1558820801e+03
-2.1558820801e+03
-2.1719609375e+03
-2.1456154785e+03
-2.1673476562e+03
1.7519581299e+03
1.7753765869e+03
1.7540181885e+03
1.7526622314e+03
1.7526622314e+03
1.7540181885e+03
1.7753765869e+03
1.7519581299e+03
1.3871286621e+03
1.4107716064e+03
1.3877082520e+03
1.4063314209e+03
1.4063314209e+03
1.3877082520e+03
1.4107716064e+03
1.3871286621e+03
1.0327821045e+03
1.0433492432e+03
1.0399952393e+03
1.0159732666e+03
1.0159732666e+03
1.0399952393e+03
1.0433492432e+03
1.0327821045e+03
6.6913293457e+02
6.8573431396e+02
6.5987921143e+02
6.9107025146e+02
6.9107025146e+02
6.5987921143e+02
6.8573431396e+02
6.6913293457e+02
3.1350979614e+02
3.0675280762e+02
3.2314205933e+02
2.9554702759e+02
2.9554702759e+02
3.2314205933e+02
3.0675280762e+02
3.1350979614e+02
-5.5594959259e+01
-4.0285675049e+01
-6.0316570282e+01
-4.3882446289e+01
-4.3882446289e+01
-6.0316570282e+01
-4.0285675049e+01
-5.5594959259e+01
-4.1621182251e+02
-4.0518789673e+02
-4.2347683716e+02
-4.0283392334e+02
-4.0283392334e+02
-4.2347683716e+02
-4.0518789673e+02
-4.1621182251e+02
-7.6854107666e+02
-7.9241217041e+02
-7.5817980957e+02
-7.9262548828e+02
-7.9262548828e+02
-7.5817980957e+02
-7.9241217041e+02
-7.6854107666e+02
-1.1335759277e+03
-1.1436398926e+03
-1.1471003418e+03
-1.1143327637e+03
-1.1143327637e+03
-1.1471003418e+03
-1.1436398926e+03
-1.1335759277e+03
-1.4941967773e+03
-1.5193455811e+03
-1.4876690674e+03
-1.5197189941e+03
-1.5197189941e+03
-1.4876690674e+03
-1.5193455811e+03
-1.4941967773e+03
-1.8494744873e+03
-1.8791110840e+03
-1.8621662598e+03
-1.8460451660e+03
-1.8460451660e+03
-1.8621662598e+03
-1.8791110840e+03
-1.8494744873e+03
-2.2175244141e+03
-2.2492678223e+03
-2.2186035156e+03
-2.2313395996e+03
-2.2313395996e+03
-2.2186035156e+03
-2.2492678223e+03
-2.2175244141e+03
1.8289887695e+03
1.7948199463e+03
1.8191079102e+03
1.8225683594e+03
1.8225683594e+03
1.8191079102e+03
1.7948199463e+03
1.8289887695e+03
1.4614971924e+03
1.4277059326e+03
1.4513364258e+03
1.4367540283e+03
1.4367540283e+03
1.4513364258e+03
1.4277059326e+03
1.4614971924e+03
1.0796652832e+03
1.0612271729e+03
1.0669442139e+03
1.0887921143e+03
1.0887921143e+03
1.0669442139e+03
1.0612271729e+03
1.0796652832e+03
7.0734307861e+02
6.8663238525e+02
7.1062060547e+02
6.8483532715e+02
6.8483532715e+02
7.1062060547e+02
6.8663238525e+02
7.0734307861e+02
3.2850500488e+02
3.3041976929e+02
3.1755578613e+02
3.4127484131e+02
3.4127484131e+02
3.1755578613e+02
3.3041976929e+02
3.2850500488e+02
-3.8857490540e+01
-5.2583560944e+01
-3.6560146332e+01
-5.1085079193e+01
-5.1085079193e+01
-3.6560146332e+01
-5.2583560944e+01
-3.8857490540e+01
-4.1410839844e+02
-4.2076031494e+02
-4.0852499390e+02
-4.2492816162e+02
-4.2492816162e+02
-4.0852499390e+02
-4.2076031494e+02
-4.1410839844e+02
-7.9705609131e+02
-7.7152380371e+02
-8.0308087158e+02
-7.7726239014e+02
-7.7726239014e+02
-8.0308087158e+02
-7.7152380371e+02
-7.9705609131e+02
-1.1701931152e+03
-1.1526999512e+03
-1.1547780762e+03
-1.1833151855e+03
-1.1833151855e+03
-1.1547780762e+03
-1.1526999512e+03
-1.1701931152e+03
-1.5483750000e+03
-1.5146146240e+03
-1.5475126953e+03
-1.5234525146e+03
-1.5234525146e+03
-1.5475126953e+03
-1.5146146240e+03
-1.5483750000e+03
-1.9335545654e+03
-1.8917254639e+03
-1.9126680908e+03
-1.9289926758e+03
-1.9289926758e+03
-1.9126680908e+03
-1.8917254639e+03
-1.9335545654e+03
-2.3015556641e+03
-2.2579904785e+03
-2.2934951172e+03
-2.2860874023e+03
-2.2860874023e+03
-2.2934951172e+03
-2.2579904785e+03
-2.3015556641e+03
1.8460883789e+03
1.8939140625e+03
1.8691005859e+03
1.8628497314e+03
1.8628497314e+03
1.8691005859e+03
1.8939140625e+03
1.8460883789e+03
1.4580957031e+03
1.5049343262e+03
1.4830670166e+03
1.4936037598e+03
1.4936037598e+03
1.4830670166e+03
1.5049343262e+03
1.4580957031e+03
1.0900557861e+03
1.1182711182e+03
1.1121513672e+03
1.0916717529e+03
1.0916717529e+03
1.1121513672e+03
1.1182711182e+03
1.0900557861e+03
7.1318273926e+02
7.3867480469e+02
7.1691979980e+02
7.3772680664e+02
7.3772680664e+02
7.1691979980e+02
7.3867480469e+02
7.1318273926e+02
3.4086279297e+02
3.4270950317e+02
3.5234155273e+02
3.3125900269e+02
3.3125900269e+02
3.5234155273e+02
3.4270950317e+02
3.4086279297e+02
-4.2159011841e+01
-3.1484107971e+01
-4.5570144653e+01
-3.3119606018e+01
-3.3119606018e+01
-4.5570144653e+01
-3.1484107971e+01
-4.2159011841e+01
-4.1868527222e+02
-4.1903884888e+02
-4.2870172119e+02
-4.1618325806e+02
-4.1618325806e+02
-4.2870172119e+02
-4.1903884888e+02
-4.1868527222e+02
-7.8892846680e+02
-8.2125708008e+02
-7.9507861328e+02
-8.1446459961e+02
-8.1446459961e+02
-7.9507861328e+02
-8.2125708008e+02
-7.8892846680e+02
-1.1680560303e+03
-1.1989274902e+03
-1.1964077148e+03
-1.1720157471e+03
-1.1720157471e+03
-1.1964077148e+03
-1.1989274902e+03
-1.1680560303e+03
-1.5433089600e+03
-1.5931633301e+03
-1.5645506592e+03
-1.5825343018e+03
-1.5825343018e+03
-1.5645506592e+03
-1.5931633301e+03
-1.5433089600e+03
-1.9136169434e+03
-1.9757895508e+03
-1.9571992188e+03
-1.9412897949e+03
-1.9412897949e+03
-1.9571992188e+03
-1.9757895508e+03
-1.9136169434e+03
-2.3093347168e+03
-2.3731518555e+03
-2.3390209961e+03
-2.3419104004e+03
-2.3419104004e+03
-2.3390209961e+03
-2.3731518555e+03
-2.3093347168e+03
1.9441071777e+03
1.8773570557e+03
1.8941926270e+03
1.9005634766e+03
1.9005634766e+03
1.8941926270e+03
1.8773570557e+03
1.9441071777e+03
1.5672425537e+03
1.5021855469e+03
1.5145891113e+03
1.5050379639e+03
1.5050379639e+03
1.5145891113e+03
1.5021855469e+03
1.5672425537e+03
1.1640384521e+03
1.1209023438e+03
1.1205900879e+03
1.1376586914e+03
1.1376586914e+03
1.1205900879e+03
1.1209023438e+03
1.1640384521e+03
7.6622399902e+02
7.3165307617e+02
7.4648260498e+02
7.2804992676e+02
7.2804992676e+02
7.4648260498e+02
7.3165307617e+02
7.6622399902e+02
3.6417730713e+02
3.5571881104e+02
3.4564965820e+02
3.6342077637e+02
3.6342077637e+02
3.4564965820e+02
3.5571881104e+02
3.6417730713e+02
-2.9042921066e+01
-3.9213687897e+01
-2.7737197876e+01
-3.9009727478e+01
-3.9009727478e+01
-2.7737197876e+01
-3.9213687897e+01
-2.9042921066e+01
-4.2943341064e+02
-4.2356912231e+02
-4.1482965088e+02
-4.2415563965e+02
-4.2415563965e+02
-4.1482965088e+02
-4.2356912231e+02
-4.2943341064e+02
-8.3700164795e+02
-7.9717047119e+02
-8.1573803711e+02
-8.0075054932e+02
-8.0075054932e+02
-8.1573803711e+02
-7.9717047119e+02
-8.3700164795e+02
-1.2378032227e+03
-1.1921915283e+03
-1.1897919922e+03
-1.2093243408e+03
-1.2093243408e+03
-1.1897919922e+03
-1.1921915283e+03
-1.2378032227e+03
-1.6428205566e+03
-1.5743836670e+03
-1.5921901855e+03
-1.5774517822e+03
-1.5774517822e+03
-1.5921901855e+03
-1.5743836670e+03
-1.6428205566e+03
-2.0507519531e+03
-1.9657664795e+03
-1.9743370361e+03
-1.9878870850e+03
-1.9878870850e+03
-1.9743370361e+03
-1.9657664795e+03
-2.0507519531e+03
-2.4272812500e+03
-2.3408056641e+03
-2.3653986816e+03
-2.3647094727e+03
-2.3647094727e+03
-2.3653986816e+03
-2.3408056641e+03
-2.4272812500e+03
1.8915723877e+03
1.9688023682e+03
1.9672777100e+03
1.9645201416e+03
1.9645201416e+03
1.9672777100e+03
1.9688023682e+03
1.8915723877e+03
1.4845793457e+03
1.5598483887e+03
1.5622075195e+03
1.5741616211e+03
1.5741616211e+03
1.5622075195e+03
1.5598483887e+03
1.4845793457e+03
1.1065732422e+03
1.1587768555e+03
1.1698385010e+03
1.1581899414e+03
1.1581899414e+03
1.1698385010e+03
1.1587768555e+03
1.1065732422e+03
7.2749188232e+02
7.6667889404e+02
7.6088385010e+02
7.7893994141e+02
7.7893994141e+02
7.6088385010e+02
7.6667889404e+02
7.2749188232e+02
3.5201983643e+02
3.6334243774e+02
3.7465658569e+02
3.6002713013e+02
3.6002713013e+02
3.7465658569e+02
3.6334243774e+02
3.5201983643e+02
-3.2039848328e+01
-2.4309505463e+01
-3.5324127197e+01
-2.5952859879e+01
-2.5952859879e+01
-3.5324127197e+01
-2.4309505463e+01
-3.2039848328e+01
-4.0980566406e+02
-4.2187542725e+02
-4.3439517212e+02
-4.2985369873e+02
-4.2985369873e+02
-4.3439517212e+02
-4.2187542725e+02
-4.0980566406e+02
-7.8177252197e+02
-8.2948120117e+02
-8.2436358643e+02
-8.3944366455e+02
-8.3944366455e+02
-8.2436358643e+02
-8.2948120117e+02
-7.8177252197e+02
-1.1626367188e+03
-1.2214215088e+03
-1.2377125244e+03
-1.2270456543e+03
-1.2270456543e+03
-1.2377125244e+03
-1.2214215088e+03
-1.1626367188e+03
-1.5434005127e+03
-1.6272828369e+03
-1.6303494873e+03
-1.6481616211e+03
-1.6481616211e+03
-1.6303494873e+03
-1.6272828369e+03
-1.5434005127e+03
-1.9286325684e+03
-2.0305119629e+03
-2.0433614502e+03
-2.0382631836e+03
-2.0382631836e+03
-2.0433614502e+03
-2.0305119629e+03
-1.9286325684e+03
-2.3497167969e+03
-2.4531655273e+03
-2.4517985840e+03
-2.4574763184e+03
-2.4574763184e+03
-2.4517985840e+03
-2.4531655273e+03
-2.3497167969e+03
1.9946053467e+03
1.9534921875e+03
1.9487816162e+03
1.9498283691e+03
1.9498283691e+03
1.9487816162e+03
1.9534921875e+03
1.9946053467e+03
1.6059327393e+03
1.5642939453e+03
1.5590390625e+03
1.5475393066e+03
1.5475393066e+03
1.5590390625e+03
1.5642939453e+03
1.6059327393e+03
1.1997061768e+03
1.1711147461e+03
1.1586799316e+03
1.1680222168e+03
1.1680222168e+03
1.1586799316e+03
1.1711147461e+03
1.1997061768e+03
7.9240521240e+02
7.6922753906e+02
7.7197558594e+02
7.5542736816e+02
7.5542736816e+02
7.7197558594e+02
7.6922753906e+02
7.9240521240e+02
3.8185995483e+02
3.7635806274e+02
3.6480294800e+02
3.7674771118e+02
3.7674771118e+02
3.6480294800e+02
3.7635806274e+02
3.8185995483e+02
-2.1071609497e+01
-3.1177055359e+01
-2.3428468704e+01
-3.2601100922e+01
-3.2601100922e+01
-2.3428468704e+01
-3.1177055359e+01
-2.1071609497e+01
-4.3220010376e+02
-4.3181552124e+02
-4.2256768799e+02
-4.2590158081e+02
-4.2590158081e+02
-4.2256768799e+02
-4.3181552124e+02
-4.3220010376e+02
-8.5119335938e+02
-8.2590295410e+02
-8.2977685547e+02
-8.1834051514e+02
-8.1834051514e+02
-8.2977685547e+02
-8.2590295410e+02
-8.5119335938e+02
-1.2619737549e+03
-1.2341395264e+03
-1.2194531250e+03
-1.2277587891e+03
-1.2277587891e+03
-1.2194531250e+03
-1.2341395264e+03
-1.2619737549e+03
-1.6740170898e+03
-1.6315294189e+03
-1.6274097900e+03
-1.6129108887e+03
-1.6129108887e+03
-1.6274097900e+03
-1.6315294189e+03
-1.6740170898e+03
-2.0833261719e+03
-2.0328055420e+03
-2.0201510010e+03
-2.0239975586e+03
-2.0239975586e+03
-2.0201510010e+03
-2.0328055420e+03
-2.0833261719e+03
-2.4756984863e+03
-2.4251257324e+03
-2.4206489258e+03
-2.4148776855e+03
-2.4148776855e+03
-2.4206489258e+03
-2.4251257324e+03
-2.4756984863e+03
2.0086047363e+03
1.9695518799e+03
1.9662990723e+03
1.9613757324e+03
1.9613757324e+03
1.9662990723e+03
1.9695518799e+03
2.0086047363e+03
1.6164448242e+03
1.5781534424e+03
1.5681032715e+03
1.5726981201e+03
1.5726981201e+03
1.5681032715e+03
1.5781534424e+03
1.6164448242e+03
1.2093930664e+03
1.1786756592e+03
1.1763468018e+03
1.1627113037e+03
1.1627113037e+03
1.1763468018e+03
1.1786756592e+03
1.2093930664e+03
7.9778240967e+02
7.8168304443e+02
7.7056243896e+02
7.8062097168e+02
7.8062097168e+02
7.7056243896e+02
7.8168304443e+02
7.9778240967e+02
3.8749230957e+02
3.7577523804e+02
3.7960000610e+02
3.6701528931e+02
3.6701528931e+02
3.7960000610e+02
3.7577523804e+02
3.8749230957e+02
-2.4283256531e+01
-2.1174442291e+01
-2.8477527618e+01
-2.0701156616e+01
-2.0701156616e+01
-2.8477527618e+01
-2.1174442291e+01
-2.4283256531e+01
-4.3824060059e+02
-4.2508026123e+02
-4.2883572388e+02
-4.2532061768e+02
-4.2532061768e+02
-4.2883572388e+02
-4.2508026123e+02
-4.3824060059e+02
-8.5400653076e+02
-8.3522656250e+02
-8.2456445312e+02
-8.2944073486e+02
-8.2944073486e+02
-8.2456445312e+02
-8.3522656250e+02
-8.5400653076e+02
-1.2714520264e+03
-1.2358925781e+03
-1.2348741455e+03
-1.2227478027e+03
-1.2227478027e+03
-1.2348741455e+03
-1.2358925781e+03
-1.2714520264e+03
-1.6845444336e+03
-1.6446597900e+03
-1.6302601318e+03
-1.6346550293e+03
-1.6346550293e+03
-1.6302601318e+03
-1.6446597900e+03
-1.6845444336e+03
-2.0994694824e+03
-2.0450316162e+03
-2.0371873779e+03
-2.0268693848e+03
-2.0268693848e+03
-2.0371873779e+03
-2.0450316162e+03
-2.0994694824e+03
-2.4937617188e+03
-2.4407680664e+03
-2.4345803223e+03
-2.4343515625e+03
-2.4343515625e+03
-2.4345803223e+03
-2.4407680664e+03
-2.4937617188e+03
1.9382519531e+03
2.0148604736e+03
2.0120706787e+03
2.0153415527e+03
2.0153415527e+03
2.0120706787e+03
2.0148604736e+03
1.9382519531e+03
1.5231834717e+03
1.5970258789e+03
1.6049686279e+03
1.6007530518e+03
1.6007530518e+03
1.6049686279e+03
1.5970258789e+03
1.5231834717e+03
1.1356011963e+03
1.1917471924e+03
1.1931801758e+03
1.2052855225e+03
1.2052855225e+03
1.1931801758e+03
1.1917471924e+03
1.1356011963e+03
7.5020257568e+02
7.8391076660e+02
7.9296118164e+02
7.8402587891e+02
7.8402587891e+02
7.9296118164e+02
7.8391076660e+02
7.5020257568e+02
3.6345910645e+02
3.8298941040e+02
3.7905801392e+02
3.8975265503e+02
3.8975265503e+02
3.7905801392e+02
3.8298941040e+02
3.6345910645e+02
-2.2789056778e+01
-2.6867673874e+01
-2.1761089325e+01
-2.9387580872e+01
-2.9387580872e+01
-2.1761089325e+01
-2.6867673874e+01
-2.2789056778e+01
-4.0917065430e+02
-4.3267132568e+02
-4.3091156006e+02
-4.3381140137e+02
-4.3381140137e+02
-4.3091156006e+02
-4.3267132568e+02
-4.0917065430e+02
-7.9642028809e+02
-8.3542108154e+02
-8.4497338867e+02
-8.4248114014e+02
-8.4248114014e+02
-8.4497338867e+02
-8.3542108154e+02
-7.9642028809e+02
-1.1826732178e+03
-1.2475078125e+03
-1.2490216064e+03
-1.2595600586e+03
-1.2595600586e+03
-1.2490216064e+03
-1.2475078125e+03
-1.1826732178e+03
-1.5748381348e+03
-1.6542708740e+03
-1.6671113281e+03
-1.6649599609e+03
-1.6649599609e+03
-1.6671113281e+03
-1.6542708740e+03
-1.5748381348e+03
-1.9671828613e+03
-2.0709528809e+03
-2.0781162109e+03
-2.0874121094e+03
-2.0874121094e+03
-2.0781162109e+03
-2.0709528809e+03
-1.9671828613e+03
-2.3976442871e+03
-2.5019924316e+03
-2.5021169434e+03
-2.5019946289e+03
-2.5019946289e+03
-2.5021169434e+03
-2.5019924316e+03
-2.3976442871e+03
2.0197315674e+03
1.9524998779e+03
1.9705065918e+03
1.9707260742e+03
1.9707260742e+03
1.9705065918e+03
1.9524998779e+03
2.0197315674e+03
1.6305915527e+03
1.5663063965e+03
1.5728096924e+03
1.5800040283e+03
1.5800040283e+03
1.5728096924e+03
1.5663063965e+03
1.6305915527e+03
1.2154450684e+03
1.1680435791e+03
1.1779249268e+03
1.1702645264e+03
1.1702645264e+03
1.1779249268e+03
1.1680435791e+03
1.2154450684e+03
8.0233593750e+02
7.7343847656e+02
7.7300592041e+02
7.8300109863e+02
7.8300109863e+02
7.7300592041e+02
7.7343847656e+02
8.0233593750e+02
3.8988720703e+02
3.7261053467e+02
3.7919393921e+02
3.7065594482e+02
3.7065594482e+02
3.7919393921e+02
3.7261053467e+02
3.8988720703e+02
-2.3784778595e+01
-2.1433986664e+01
-2.6649442673e+01
-2.0165328979e+01
-2.0165328979e+01
-2.6649442673e+01
-2.1433986664e+01
-2.3784778595e+01
-4.3830703735e+02
-4.2016122437e+02
-4.2669744873e+02
-4.2676263428e+02
-4.2676263428e+02
-4.2669744873e+02
-4.2016122437e+02
-4.3830703735e+02
-8.5329754639e+02
-8.2296166992e+02
-8.2504022217e+02
-8.2958892822e+02
-8.2958892822e+02
-8.2504022217e+02
-8.2296166992e+02
-8.5329754639e+02
-1.2725007324e+03
-1.2206601562e+03
-1.2336879883e+03
-1.2298281250e+03
-1.2298281250e+03
-1.2336879883e+03
-1.2206601562e+03
-1.2725007324e+03
-1.6900230713e+03
-1.6264251709e+03
-1.6338979492e+03
-1.6406826172e+03
-1.6406826172e+03
-1.6338979492e+03
-1.6264251709e+03
-1.6900230713e+03
-2.1149680176e+03
-2.0289404297e+03
-2.0436878662e+03
-2.0419353027e+03
-2.0419353027e+03
-2.0436878662e+03
-2.0289404297e+03
-2.1149680176e+03
-2.5078691406e+03
-2.4218901367e+03
-2.4452177734e+03
-2.4507878418e+03
-2.4507878418e+03
-2.4452177734e+03
-2.4218901367e+03
-2.5078691406e+03
1.9493596191e+03
1.9977548828e+03
1.9714008789e+03
1.9712979736e+03
1.9712979736e+03
1.9714008789e+03
1.9977548828e+03
1.9493596191e+03
1.5441223145e+03
1.5897078857e+03
1.5736914062e+03
1.5664205322e+03
1.5664205322e+03
1.5736914062e+03
1.5897078857e+03
1.5441223145e+03
1.1579488525e+03
1.1898933105e+03
1.1724696045e+03
1.1781357422e+03
1.1781357422e+03
1.1724696045e+03
1.1898933105e+03
1.1579488525e+03
7.6526110840e+02
7.8393194580e+02
7.7801428223e+02
7.6819750977e+02
7.6819750977e+02
7.7801428223e+02
7.8393194580e+02
7.6526110840e+02
3.7107394409e+02
3.8191821289e+02
3.7273602295e+02
3.7956524658e+02
3.7956524658e+02
3.7273602295e+02
3.8191821289e+02
3.7107394409e+02
-2.3644506454e+01
-2.7340112686e+01
-2.3798271179e+01
-3.0194692612e+01
-3.0194692612e+01
-2.3798271179e+01
-2.7340112686e+01
-2.3644506454e+01
-4.1941781616e+02
-4.3421575928e+02
-4.2692773438e+02
-4.2644775391e+02
-4.2644775391e+02
-4.2692773438e+02
-4.3421575928e+02
-4.1941781616e+02
-8.1716839600e+02
-8.3965625000e+02
-8.3278540039e+02
-8.2952551270e+02
-8.2952551270e+02
-8.3278540039e+02
-8.3965625000e+02
-8.1716839600e+02
-1.2126800537e+03
-1.2510430908e+03
-1.2322716064e+03
-1.2346749268e+03
-1.2346749268e+03
-1.2322716064e+03
-1.2510430908e+03
-1.2126800537e+03
-1.6116198730e+03
-1.6573035889e+03
-1.6403043213e+03
-1.6345451660e+03
-1.6345451660e+03
-1.6403043213e+03
-1.6573035889e+03
-1.6116198730e+03
-2.0025092773e+03
-2.0662583008e+03
-2.0415257568e+03
-2.0426174316e+03
-2.0426174316e+03
-2.0415257568e+03
-2.0662583008e+03
-2.0025092773e+03
-2.4202585449e+03
-2.4834921875e+03
-2.4511093750e+03
-2.4473725586e+03
-2.4473725586e+03
-2.4511093750e+03
-2.4834921875e+03
-2.4202585449e+03
1.9591322021e+03
1.9239150391e+03
1.9497188721e+03
1.9467165527e+03
1.9467165527e+03
1.9497188721e+03
1.9239150391e+03
1.9591322021e+03
1.5698498535e+03
1.5371027832e+03
1.5542860107e+03
1.5586320801e+03
1.5586320801e+03
1.5542860107e+03
1.5371027832e+03
1.5698498535e+03
1.1662725830e+03
1.1436479492e+03
1.1612463379e+03
1.1545616455e+03
1.1545616455e+03
1.1612463379e+03
1.1436479492e+03
1.1662725830e+03
7.6911383057e+02
7.5547009277e+02
7.6181323242e+02
7.6920782471e+02
7.6920782471e+02
7.6181323242e+02
7.5547009277e+02
7.6911383057e+02
3.7102120972e+02
3.6230538940e+02
3.7018634033e+02
3.6319534302e+02
3.6319534302e+02
3.7018634033e+02
3.6230538940e+02
3.7102120972e+02
-2.8022174835e+01
-2.6183425903e+01
-3.0284973145e+01
-2.4938941956e+01
-2.4938941956e+01
-3.0284973145e+01
-2.6183425903e+01
-2.8022174835e+01
-4.2775604248e+02
-4.1835208130e+02
-4.2666479492e+02
-4.2764025879e+02
-4.2764025879e+02
-4.2666479492e+02
-4.1835208130e+02
-4.2775604248e+02
-8.2694439697e+02
-8.1320910645e+02
-8.2271130371e+02
-8.2446508789e+02
-8.2446508789e+02
-8.2271130371e+02
-8.1320910645e+02
-8.2694439697e+02
-1.2300523682e+03
-1.2048370361e+03
-1.2254207764e+03
-1.2230126953e+03
-1.2230126953e+03
-1.2254207764e+03
-1.2048370361e+03
-1.2300523682e+03
-1.6315146484e+03
-1.6024603271e+03
-1.6230556641e+03
-1.6262600098e+03
-1.6262600098e+03
-1.6230556641e+03
-1.6024603271e+03
-1.6315146484e+03
-2.0441094971e+03
-2.0010682373e+03
-2.0289110107e+03
-2.0263356934e+03
-2.0263356934e+03
-2.0289110107e+03
-2.0010682373e+03
-2.0441094971e+03
-2.4393361816e+03
-2.3970329590e+03
-2.4307690430e+03
-2.4308608398e+03
-2.4308608398e+03
-2.4307690430e+03
-2.3970329590e+03
-2.4393361816e+03
1.9052250977e+03
1.9292465820e+03
1.9059155273e+03
1.9111987305e+03
1.9111987305e+03
1.9059155273e+03
1.9292465820e+03
1.9052250977e+03
1.5148973389e+03
1.5367426758e+03
1.5202701416e+03
1.5181831055e+03
1.5181831055e+03
1.5202701416e+03
1.5367426758e+03
1.5148973389e+03
1.1338402100e+03
1.1481989746e+03
1.1316097412e+03
1.1388651123e+03
1.1388651123e+03
1.1316097412e+03
1.1481989746e+03
1.1338402100e+03
7.4555572510e+02
7.5376196289e+02
7.4719366455e+02
7.4141101074e+02
7.4141101074e+02
7.4719366455e+02
7.5376196289e+02
7.4555572510e+02
3.5803350830e+02
3.6295281982e+02
3.5530883789e+02
3.6171069336e+02
3.6171069336e+02
3.5530883789e+02
3.6295281982e+02
3.5803350830e+02
-3.0064989090e+01
-3.3082153320e+01
-3.0353641510e+01
-3.5732955933e+01
-3.5732955933e+01
-3.0353641510e+01
-3.3082153320e+01
-3.0064989090e+01
-4.1893191528e+02
-4.2732632446e+02
-4.2098535156e+02
-4.2083377075e+02
-4.2083377075e+02
-4.2098535156e+02
-4.2732632446e+02
-4.1893191528e+02
-8.1035418701e+02
-8.2107586670e+02
-8.1331286621e+02
-8.1417034912e+02
-8.1417034912e+02
-8.1331286621e+02
-8.2107586670e+02
-8.1035418701e+02
-1.2001412354e+03
-1.2194152832e+03
-1.2022952881e+03
-1.2063769531e+03
-1.2063769531e+03
-1.2022952881e+03
-1.2194152832e+03
-1.2001412354e+03
-1.5942175293e+03
-1.6152257080e+03
-1.5975313721e+03
-1.5982426758e+03
-1.5982426758e+03
-1.5975313721e+03
-1.6152257080e+03
-1.5942175293e+03
-1.9802416992e+03
-2.0120184326e+03
-1.9880510254e+03
-1.9936586914e+03
-1.9936586914e+03
-1.9880510254e+03
-2.0120184326e+03
-1.9802416992e+03
-2.3809125977e+03
-2.4120285645e+03
-2.3838793945e+03
-2.3883618164e+03
-2.3883618164e+03
-2.3838793945e+03
-2.4120285645e+03
-2.3809125977e+03
1.8741455078e+03
1.8561407471e+03
1.8745935059e+03
1.8673026123e+03
1.8673026123e+03
1.8745935059e+03
1.8561407471e+03
1.8741455078e+03
1.4954979248e+03
1.4793483887e+03
1.4924613037e+03
1.4923162842e+03
1.4923162842e+03
1.4924613037e+03
1.4793483887e+03
1.4954979248e+03
1.1098886719e+03
1.0990189209e+03
1.1121520996e+03
1.1039689941e+03
1.1039689941e+03
1.1121520996e+03
1.0990189209e+03
1.1098886719e+03
7.2973797607e+02
7.2298986816e+02
7.2749645996e+02
7.3131939697e+02
7.3131939697e+02
7.2749645996e+02
7.2298986816e+02
7.2973797607e+02
3.4694204712e+02
3.4236309814e+02
3.4783428955e+02
3.4125842285e+02
3.4125842285e+02
3.4783428955e+02
3.4236309814e+02
3.4694204712e+02
-3.6365314484e+01
-3.4969470978e+01
-3.8248088837e+01
-3.3713363647e+01
-3.3713363647e+01
-3.8248088837e+01
-3.4969470978e+01
-3.6365314484e+01
-4.2056130981e+02
-4.1533096313e+02
-4.2147845459e+02
-4.2186141968e+02
-4.2186141968e+02
-4.2147845459e+02
-4.1533096313e+02
-4.2056130981e+02
-8.0379351807e+02
-7.9760162354e+02
-8.0499755859e+02
-8.0314154053e+02
-8.0314154053e+02
-8.0499755859e+02
-7.9760162354e+02
-8.0379351807e+02
-1.1903262939e+03
-1.1777070312e+03
-1.1927138672e+03
-1.1884528809e+03
-1.1884528809e+03
-1.1927138672e+03
-1.1777070312e+03
-1.1903262939e+03
-1.5743295898e+03
-1.5613646240e+03
-1.5770460205e+03
-1.5744804688e+03
-1.5744804688e+03
-1.5770460205e+03
-1.5613646240e+03
-1.5743295898e+03
-1.9673695068e+03
-1.9461773682e+03
-1.9671977539e+03
-1.9606453857e+03
-1.9606453857e+03
-1.9671977539e+03
-1.9461773682e+03
-1.9673695068e+03
-2.3518144531e+03
-2.3313593750e+03
-2.3552678223e+03
-2.3488513184e+03
-2.3488513184e+03
-2.3552678223e+03
-2.3313593750e+03
-2.3518144531e+03
1.8121092529e+03
1.8241600342e+03
1.8089317627e+03
1.8164520264e+03
1.8164520264e+03
1.8089317627e+03
1.8241600342e+03
1.8121092529e+03
1.4404027100e+03
1.4509835205e+03
1.4399086914e+03
1.4406717529e+03
1.4406717529e+03
1.4399086914e+03
1.4509835205e+03
1.4404027100e+03
1.0731885986e+03
1.0799483643e+03
1.0688297119e+03
1.0766343994e+03
1.0766343994e+03
1.0688297119e+03
1.0799483643e+03
1.0731885986e+03
7.0061608887e+02
7.0450115967e+02
7.0052532959e+02
6.9734594727e+02
6.9734594727e+02
7.0052532959e+02
7.0450115967e+02
7.0061608887e+02
3.3013458252e+02
3.3241470337e+02
3.2738211060e+02
3.3315719604e+02
3.3315719604e+02
3.2738211060e+02
3.3241470337e+02
3.3013458252e+02
-4.1298374176e+01
-4.3675292969e+01
-4.1504322052e+01
-4.6092197418e+01
-4.6092197418e+01
-4.1504322052e+01
-4.3675292969e+01
-4.1298374176e+01
-4.1302813721e+02
-4.1829412842e+02
-4.1403192139e+02
-4.1415301514e+02
-4.1415301514e+02
-4.1403192139e+02
-4.1829412842e+02
-4.1302813721e+02
-7.8721740723e+02
-7.9267797852e+02
-7.8753509521e+02
-7.9068231201e+02
-7.9068231201e+02
-7.8753509521e+02
-7.9267797852e+02
-7.8721740723e+02
-1.1598798828e+03
-1.1703449707e+03
-1.1592413330e+03
-1.1640557861e+03
-1.1640557861e+03
-1.1592413330e+03
-1.1703449707e+03
-1.1598798828e+03
-1.5368878174e+03
-1.5470091553e+03
-1.5353972168e+03
-1.5397567139e+03
-1.5397567139e+03
-1.5353972168e+03
-1.5470091553e+03
-1.5368878174e+03
-1.9082285156e+03
-1.9247106934e+03
-1.9087285156e+03
-1.9162172852e+03
-1.9162172852e+03
-1.9087285156e+03
-1.9247106934e+03
-1.9082285156e+03
-2.2876262207e+03
-2.3035581055e+03
-2.2857521973e+03
-2.2937358398e+03
-2.2937358398e+03
-2.2857521973e+03
-2.3035581055e+03
-2.2876262207e+03
1.7548144531e+03
1.7455247803e+03
1.7567663574e+03
1.7491384277e+03
1.7491384277e+03
1.7567663574e+03
1.7455247803e+03
1.7548144531e+03
1.3954788818e+03
1.3874476318e+03
1.3955814209e+03
1.3942550049e+03
1.3942550049e+03
1.3955814209e+03
1.3874476318e+03
1.3954788818e+03
1.0327104492e+03
1.0272871094e+03
1.0355125732e+03
1.0279013672e+03
1.0279013672e+03
1.0355125732e+03
1.0272871094e+03
1.0327104492e+03
6.7392871094e+02
6.7041943359e+02
6.7275494385e+02
6.7507897949e+02
6.7507897949e+02
6.7275494385e+02
6.7041943359e+02
6.7392871094e+02
3.1212045288e+02
3.0972314453e+02
3.1310760498e+02
3.0755831909e+02
3.0755831909e+02
3.1310760498e+02
3.0972314453e+02
3.1212045288e+02
-4.9370777130e+01
-4.8227603912e+01
-5.0823760986e+01
-4.6893531799e+01
-4.6893531799e+01
-5.0823760986e+01
-4.8227603912e+01
-4.9370777130e+01
-4.1180355835e+02
-4.0854443359e+02
-4.1269189453e+02
-4.1297042847e+02
-4.1297042847e+02
-4.1269189453e+02
-4.0854443359e+02
-4.1180355835e+02
-7.7308660889e+02
-7.7024163818e+02
-7.7500537109e+02
-7.7189843750e+02
-7.7189843750e+02
-7.7500537109e+02
-7.7024163818e+02
-7.7308660889e+02
-1.1372541504e+03
-1.1305605469e+03
-1.1400117188e+03
-1.1359737549e+03
-1.1359737549e+03
-1.1400117188e+03
-1.1305605469e+03
-1.1372541504e+03
-1.4988856201e+03
-1.4930480957e+03
-1.5028768311e+03
-1.4985069580e+03
-1.4985069580e+03
-1.5028768311e+03
-1.4930480957e+03
-1.4988856201e+03
-1.8667243652e+03
-1.8560479736e+03
-1.8695648193e+03
-1.8629481201e+03
-1.8629481201e+03
-1.8695648193e+03
-1.8560479736e+03
-1.8667243652e+03
-2.2302451172e+03
-2.2203100586e+03
-2.2350620117e+03
-2.2276281738e+03
-2.2276281738e+03
-2.2350620117e+03
-2.2203100586e+03
-2.2302451172e+03
1.6785621338e+03
1.6844847412e+03
1.6753918457e+03
1.6820469971e+03
1.6820469971e+03
1.6753918457e+03
1.6844847412e+03
1.6785621338e+03
1.3308002930e+03
1.3359165039e+03
1.3292747803e+03
1.3301773682e+03
1.3301773682e+03
1.3292747803e+03
1.3359165039e+03
1.3308002930e+03
9.8570257568e+02
9.8895715332e+02
9.8223010254e+02
9.8885803223e+02
9.8885803223e+02
9.8223010254e+02
9.8895715332e+02
9.8570257568e+02
6.3689776611e+02
6.3880261230e+02
6.3681359863e+02
6.3451916504e+02
6.3451916504e+02
6.3681359863e+02
6.3880261230e+02
6.3689776611e+02
2.9066284180e+02
2.9166735840e+02
2.8860964966e+02
2.9330276489e+02
2.9330276489e+02
2.8860964966e+02
2.9166735840e+02
2.9066284180e+02
-5.6825355530e+01
-5.8618061066e+01
-5.6782928467e+01
-6.0704936981e+01
-6.0704936981e+01
-5.6782928467e+01
-5.8618061066e+01
-5.6825355530e+01
-4.0409652710e+02
-4.0756072998e+02
-4.0466250610e+02
-4.0458477783e+02
-4.0458477783e+02
-4.0466250610e+02
-4.0756072998e+02
-4.0409652710e+02
-7.5345770264e+02
-7.5622930908e+02
-7.5300897217e+02
-7.5646923828e+02
-7.5646923828e+02
-7.5300897217e+02
-7.5622930908e+02
-7.5345770264e+02
-1.1011904297e+03
-1.1070487061e+03
-1.1002548828e+03
-1.1040291748e+03
-1.1040291748e+03
-1.1002548828e+03
-1.1070487061e+03
-1.1011904297e+03
-1.4524239502e+03
-1.4573011475e+03
-1.4503569336e+03
-1.4550434570e+03
-1.4550434570e+03
-1.4503569336e+03
-1.4573011475e+03
-1.4524239502e+03
-1.8000114746e+03
-1.8086970215e+03
-1.7988254395e+03
-1.8050511475e+03
-1.8050511475e+03
-1.7988254395e+03
-1.8086970215e+03
-1.8000114746e+03
-2.1520085449e+03
-2.1602385254e+03
-2.1497785645e+03
-2.1570783691e+03
-2.1570783691e+03
-2.1497785645e+03
-2.1602385254e+03
-2.1520085449e+03
1.6001158447e+03
1.5955056152e+03
1.6018728027e+03
1.5958585205e+03
1.5958585205e+03
1.6018728027e+03
1.5955056152e+03
1.6001158447e+03
1.2671854248e+03
1.2633566895e+03
1.2680329590e+03
1.2673137207e+03
1.2673137207e+03
1.2680329590e+03
1.2633566895e+03
1.2671854248e+03
9.3237915039e+02
9.2979614258e+02
9.3463513184e+02
9.2869134521e+02
9.2869134521e+02
9.3463513184e+02
9.2979614258e+02
9.3237915039e+02
6.0084881592e+02
5.9914636230e+02
6.0017376709e+02
6.0220721436e+02
6.0220721436e+02
6.0017376709e+02
5.9914636230e+02
6.0084881592e+02
2.6656533813e+02
2.6550967407e+02
2.6752047729e+02
2.6325897217e+02
2.6325897217e+02
2.6752047729e+02
2.6550967407e+02
2.6656533813e+02
-6.6646934509e+01
-6.5583045959e+01
-6.7639152527e+01
-6.4164756775e+01
-6.4164756775e+01
-6.7639152527e+01
-6.5583045959e+01
-6.6646934509e+01
-4.0070281982e+02
-3.9838204956e+02
-4.0121588135e+02
-4.0160653687e+02
-4.0160653687e+02
-4.0121588135e+02
-3.9838204956e+02
-4.0070281982e+02
-7.3341046143e+02
-7.3204913330e+02
-7.3504699707e+02
-7.3195709229e+02
-7.3195709229e+02
-7.3504699707e+02
-7.3204913330e+02
-7.3341046143e+02
-1.0684455566e+03
-1.0646839600e+03
-1.0704805908e+03
-1.0676489258e+03
-1.0676489258e+03
-1.0704805908e+03
-1.0646839600e+03
-1.0684455566e+03
-1.4013280029e+03
-1.3987188721e+03
-1.4045780029e+03
-1.4005393066e+03
-1.4005393066e+03
-1.4045780029e+03
-1.3987188721e+03
-1.4013280029e+03
-1.7380291748e+03
-1.7325372314e+03
-1.7409178467e+03
-1.7360592041e+03
-1.7360592041e+03
-1.7409178467e+03
-1.7325372314e+03
-1.7380291748e+03
-2.0724355469e+03
-2.0677194824e+03
-2.0765419922e+03
-2.0705661621e+03
-2.0705661621e+03
-2.0765419922e+03
-2.0677194824e+03
-2.0724355469e+03
1.5090451660e+03
1.5117807617e+03
1.5067474365e+03
1.5115852051e+03
1.5115852051e+03
1.5067474365e+03
1.5117807617e+03
1.5090451660e+03
1.1907985840e+03
1.1932689209e+03
1.1896442871e+03
1.1897467041e+03
1.1897467041e+03
1.1896442871e+03
1.1932689209e+03
1.1907985840e+03
8.7498895264e+02
8.7658593750e+02
8.7288244629e+02
8.7785998535e+02
8.7785998535e+02
8.7288244629e+02
8.7658593750e+02
8.7498895264e+02
5.5642492676e+02
5.5740679932e+02
5.5671453857e+02
5.5460485840e+02
5.5460485840e+02
5.5671453857e+02
5.5740679932e+02
5.5642492676e+02
2.4071759033e+02
2.4112681580e+02
2.3951882935e+02
2.4309774780e+02
2.4309774780e+02
2.3951882935e+02
2.4112681580e+02
2.4071759033e+02
-7.6223640442e+01
-7.7510711670e+01
-7.5798522949e+01
-7.9167091370e+01
-7.9167091370e+01
-7.5798522949e+01
-7.7510711670e+01
-7.6223640442e+01
-3.9242730713e+02
-3.9477395630e+02
-3.9255850220e+02
-3.9222613525e+02
-3.9222613525e+02
-3.9255850220e+02
-3.9477395630e+02
-3.9242730713e+02
-7.1022473145e+02
-7.1156866455e+02
-7.0938305664e+02
-7.1243145752e+02
-7.1243145752e+02
-7.0938305664e+02
-7.1156866455e+02
-7.1022473145e+02
-1.0263076172e+03
-1.0296361084e+03
-1.0253554688e+03
-1.0277297363e+03
-1.0277297363e+03
-1.0253554688e+03
-1.0296361084e+03
-1.0263076172e+03
-1.3447106934e+03
-1.3469882812e+03
-1.3428339844e+03
-1.3466776123e+03
-1.3466776123e+03
-1.3428339844e+03
-1.3469882812e+03
-1.3447106934e+03
-1.6608038330e+03
-1.6654389648e+03
-1.6593698730e+03
-1.6635670166e+03
-1.6635670166e+03
-1.6593698730e+03
-1.6654389648e+03
-1.6608038330e+03
-1.9790333252e+03
-1.9833183594e+03
-1.9772899170e+03
-1.9827513428e+03
-1.9827513428e+03
-1.9772899170e+03
-1.9833183594e+03
-1.9790333252e+03
1.4127221680e+03
1.4107332764e+03
1.4139694824e+03
1.4098668213e+03
1.4098668213e+03
1.4139694824e+03
1.4107332764e+03
1.4127221680e+03
1.1123717041e+03
1.1108370361e+03
1.1132954102e+03
1.1135705566e+03
1.1135705566e+03
1.1132954102e+03
1.1108370361e+03
1.1123717041e+03
8.1059619141e+02
8.0965667725e+02
8.1230145264e+02
8.0811370850e+02
8.0811370850e+02
8.1230145264e+02
8.0965667725e+02
8.1059619141e+02
5.1221258545e+02
5.1166094971e+02
5.1195037842e+02
5.1408886719e+02
5.1408886719e+02
5.1195037842e+02
5.1166094971e+02
5.1221258545e+02
2.1149166870e+02
2.1137593079e+02
2.1245797729e+02
2.0942015076e+02
2.0942015076e+02
2.1245797729e+02
2.1137593079e+02
2.1149166870e+02
-8.7590263367e+01
-8.6424285889e+01
-8.8102508545e+01
-8.4939506531e+01
-8.4939506531e+01
-8.8102508545e+01
-8.6424285889e+01
-8.7590263367e+01
-3.8725866699e+02
-3.8526037598e+02
-3.8731530762e+02
-3.8771575928e+02
-3.8771575928e+02
-3.8731530762e+02
-3.8526037598e+02
-3.8725866699e+02
-6.8534313965e+02
-6.8444213867e+02
-6.8639208984e+02
-6.8360815430e+02
-6.8360815430e+02
-6.8639208984e+02
-6.8444213867e+02
-6.8534313965e+02
-9.8502532959e+02
-9.8256958008e+02
-9.8618090820e+02
-9.8444506836e+02
-9.8444506836e+02
-9.8618090820e+02
-9.8256958008e+02
-9.8502532959e+02
-1.2829412842e+03
-1.2815888672e+03
-1.2850605469e+03
-1.2817979736e+03
-1.2817979736e+03
-1.2850605469e+03
-1.2815888672e+03
-1.2829412842e+03
-1.5827381592e+03
-1.5796254883e+03
-1.5848303223e+03
-1.5817459717e+03
-1.5817459717e+03
-1.5848303223e+03
-1.5796254883e+03
-1.5827381592e+03
-1.8811712646e+03
-1.8788699951e+03
-1.8841623535e+03
-1.8798972168e+03
-1.8798972168e+03
-1.8841623535e+03
-1.8788699951e+03
-1.8811712646e+03
1.3079448242e+03
1.3089644775e+03
1.3066267090e+03
1.3097618408e+03
1.3097618408e+03
1.3066267090e+03
1.3089644775e+03
1.3079448242e+03
1.0243841553e+03
1.0255546875e+03
1.0239857788e+03
1.0232626343e+03
1.0232626343e+03
1.0239857788e+03
1.0255546875e+03
1.0243841553e+03
7.4405035400e+02
7.4483789062e+02
7.4324725342e+02
7.4674633789e+02
7.4674633789e+02
7.4324725342e+02
7.4483789062e+02
7.4405035400e+02
4.6125485229e+02
4.6179598999e+02
4.6203976440e+02
4.5994378662e+02
4.5994378662e+02
4.6203976440e+02
4.6179598999e+02
4.6125485229e+02
1.8167118835e+02
1.8179483032e+02
1.8135885620e+02
1.8397555542e+02
1.8397555542e+02
1.8135885620e+02
1.8179483032e+02
1.8167118835e+02
-9.8840698242e+01
-9.9759811401e+01
-9.7949188232e+01
-1.0088809967e+02
-1.0088809967e+02
-9.7949188232e+01
-9.9759811401e+01
-9.8840698242e+01
-3.7814385986e+02
-3.7981787109e+02
-3.7777175903e+02
-3.7732788086e+02
-3.7732788086e+02
-3.7777175903e+02
-3.7981787109e+02
-3.7814385986e+02
-6.5845751953e+02
-6.5910028076e+02
-6.5728204346e+02
-6.5985668945e+02
-6.5985668945e+02
-6.5728204346e+02
-6.5910028076e+02
-6.5845751953e+02
-9.3698437500e+02
-9.3895721436e+02
-9.3591772461e+02
-9.3721990967e+02
-9.3721990967e+02
-9.3591772461e+02
-9.3895721436e+02
-9.3698437500e+02
-1.2166202393e+03
-1.2176707764e+03
-1.2149197998e+03
-1.2178762207e+03
-1.2178762207e+03
-1.2149197998e+03
-1.2176707764e+03
-1.2166202393e+03
-1.4947888184e+03
-1.4973708496e+03
-1.4934005127e+03
-1.4959406738e+03
-1.4959406738e+03
-1.4934005127e+03
-1.4973708496e+03
-1.4947888184e+03
-1.7734055176e+03
-1.7757539062e+03
-1.7721555176e+03
-1.7760109863e+03
-1.7760109863e+03
-1.7721555176e+03
-1.7757539062e+03
-1.7734055176e+03
1.1965220947e+03
1.1961947021e+03
1.1973636475e+03
1.1948508301e+03
1.1948508301e+03
1.1973636475e+03
1.1961947021e+03
1.1965220947e+03
9.3421765137e+02
9.3413916016e+02
9.3513415527e+02
9.3625140381e+02
9.3625140381e+02
9.3513415527e+02
9.3413916016e+02
9.3421765137e+02
6.7010534668e+02
6.7031146240e+02
6.7147485352e+02
6.6875811768e+02
6.6875811768e+02
6.7147485352e+02
6.7031146240e+02
6.7010534668e+02
4.1017785645e+02
4.1052886963e+02
4.1032348633e+02
4.1263403320e+02
4.1263403320e+02
4.1032348633e+02
4.1052886963e+02
4.1017785645e+02
1.4832508850e+02
1.4902288818e+02
1.4937471008e+02
1.4739126587e+02
1.4739126587e+02
1.4937471008e+02
1.4902288818e+02
1.4832508850e+02
-1.1149884033e+02
-1.1001102448e+02
-1.1152388763e+02
-1.0853994751e+02
-1.0853994751e+02
-1.1152388763e+02
-1.1001102448e+02
-1.1149884033e+02
-3.7151477051e+02
-3.6940164185e+02
-3.7111672974e+02
-3.7135577393e+02
-3.7135577393e+02
-3.7111672974e+02
-3.6940164185e+02
-3.7151477051e+02
-6.2970898438e+02
-6.2863916016e+02
-6.3010577393e+02
-6.2754174805e+02
-6.2754174805e+02
-6.3010577393e+02
-6.2863916016e+02
-6.2970898438e+02
-8.8869909668e+02
-8.8658367920e+02
-8.8905236816e+02
-8.8797528076e+02
-8.8797528076e+02
-8.8905236816e+02
-8.8658367920e+02
-8.8869909668e+02
-1.1461727295e+03
-1.1450078125e+03
-1.1472393799e+03
-1.1445616455e+03
-1.1445616455e+03
-1.1472393799e+03
-1.1450078125e+03
-1.1461727295e+03
-1.4038757324e+03
-1.4016107178e+03
-1.4050534668e+03
-1.4031773682e+03
-1.4031773682e+03
-1.4050534668e+03
-1.4016107178e+03
-1.4038757324e+03
-1.6607232666e+03
-1.6593099365e+03
-1.6626921387e+03
-1.6596566162e+03
-1.6596566162e+03
-1.6626921387e+03
-1.6593099365e+03
-1.6607232666e+03
1.0801307373e+03
1.0800297852e+03
1.0796055908e+03
1.0814711914e+03
1.0814711914e+03
1.0796055908e+03
1.0800297852e+03
1.0801307373e+03
8.3568402100e+02
8.3604852295e+02
8.3599920654e+02
8.3470489502e+02
8.3470489502e+02
8.3599920654e+02
8.3604852295e+02
8.3568402100e+02
5.9613757324e+02
5.9639215088e+02
5.9641839600e+02
5.9879406738e+02
5.9879406738e+02
5.9641839600e+02
5.9639215088e+02
5.9613757324e+02
3.5387313843e+02
3.5408370972e+02
3.5516519165e+02
3.5309802246e+02
3.5309802246e+02
3.5516519165e+02
3.5408370972e+02
3.5387313843e+02
1.1519072723e+02
1.1505147552e+02
1.1570666504e+02
1.1756272888e+02
1.1756272888e+02
1.1570666504e+02
1.1505147552e+02
1.1519072723e+02
-1.2389887238e+02
-1.2469676971e+02
-1.2252613831e+02
-1.2513466644e+02
-1.2513466644e+02
-1.2252613831e+02
-1.2469676971e+02
-1.2389887238e+02
-3.6137762451e+02
-3.6277944946e+02
-3.6046560669e+02
-3.6004168701e+02
-3.6004168701e+02
-3.6046560669e+02
-3.6277944946e+02
-3.6137762451e+02
-5.9922650146e+02
-5.9969488525e+02
-5.9770465088e+02
-5.9992578125e+02
-5.9992578125e+02
-5.9770465088e+02
-5.9969488525e+02
-5.9922650146e+02
-8.3519757080e+02
-8.3659564209e+02
-8.3388385010e+02
-8.3453070068e+02
-8.3453070068e+02
-8.3388385010e+02
-8.3659564209e+02
-8.3519757080e+02
-1.0711936035e+03
-1.0718402100e+03
-1.0694899902e+03
-1.0718189697e+03
-1.0718189697e+03
-1.0694899902e+03
-1.0718402100e+03
-1.0711936035e+03
-1.3063098145e+03
-1.3080001221e+03
-1.3049094238e+03
-1.3063756104e+03
-1.3063756104e+03
-1.3049094238e+03
-1.3080001221e+03
-1.3063098145e+03
-1.5403162842e+03
-1.5418736572e+03
-1.5393513184e+03
-1.5421357422e+03
-1.5421357422e+03
-1.5393513184e+03
-1.5418736572e+03
-1.5403162842e+03
9.5593914795e+02
9.5698132324e+02
9.5662951660e+02
9.5521325684e+02
9.5521325684e+02
9.5662951660e+02
9.5698132324e+02
9.5593914795e+02
7.3659301758e+02
7.3777276611e+02
7.3765667725e+02
7.3930371094e+02
7.3930371094e+02
7.3765667725e+02
7.3777276611e+02
7.3659301758e+02
5.1410839844e+02
5.1539227295e+02
5.1538708496e+02
5.1374255371e+02
5.1374255371e+02
5.1538708496e+02
5.1539227295e+02
5.1410839844e+02
2.9706988525e+02
2.9836285400e+02
2.9764080811e+02
3.0004116821e+02
3.0004116821e+02
2.9764080811e+02
2.9836285400e+02
2.9706988525e+02
7.8612976074e+01
8.0230239868e+01
7.9831161499e+01
7.8660308838e+01
7.8660308838e+01
7.9831161499e+01
8.0230239868e+01
7.8612976074e+01
-1.3760942078e+02
-1.3547860718e+02
-1.3713276672e+02
-1.3428401184e+02
-1.3428401184e+02
-1.3713276672e+02
-1.3547860718e+02
-1.3760942078e+02
-3.5356716919e+02
-3.5090481567e+02
-3.5272039795e+02
-3.5274096680e+02
-3.5274096680e+02
-3.5272039795e+02
-3.5090481567e+02
-3.5356716919e+02
-5.6750769043e+02
-5.6575201416e+02
-5.6725683594e+02
-5.6482153320e+02
-5.6482153320e+02
-5.6725683594e+02
-5.6575201416e+02
-5.6750769043e+02
-7.8146508789e+02
-7.7897637939e+02
-7.8111181641e+02
-7.8036486816e+02
-7.8036486816e+02
-7.8111181641e+02
-7.7897637939e+02
-7.8146508789e+02
-9.9396484375e+02
-9.9226586914e+02
-9.9413635254e+02
-9.9180786133e+02
-9.9180786133e+02
-9.9413635254e+02
-9.9226586914e+02
-9.9396484375e+02
-1.2052049561e+03
-1.2028201904e+03
-1.2055488281e+03
-1.2043748779e+03
-1.2043748779e+03
-1.2055488281e+03
-1.2028201904e+03
-1.2052049561e+03
-1.4161447754e+03
-1.4146820068e+03
-1.4172854004e+03
-1.4149942627e+03
-1.4149942627e+03
-1.4172854004e+03
-1.4146820068e+03
-1.4161447754e+03
8.3078540039e+02
8.2957586670e+02
8.3070819092e+02
8.3185168457e+02
8.3185168457e+02
8.3070819092e+02
8.2957586670e+02
8.3078540039e+02
6.2885614014e+02
6.2832391357e+02
6.2958520508e+02
6.2808453369e+02
6.2808453369e+02
6.2958520508e+02
6.2832391357e+02
6.2885614014e+02
4.3457952881e+02
4.3413882446e+02
4.3561431885e+02
4.3731536865e+02
4.3731536865e+02
4.3561431885e+02
4.3413882446e+02
4.3457952881e+02
2.3698565674e+02
2.3664154053e+02
2.3867843628e+02
2.3680290222e+02
2.3680290222e+02
2.3867843628e+02
2.3664154053e+02
2.3698565674e+02
4.3091785431e+01
4.2413120270e+01
4.4266849518e+01
4.5673797607e+01
4.5673797607e+01
4.4266849518e+01
4.2413120270e+01
4.3091785431e+01
-1.5054718018e+02
-1.5167805481e+02
-1.4879957581e+02
-1.5102868652e+02
-1.5102868652e+02
-1.4879957581e+02
-1.5167805481e+02
-1.5054718018e+02
-3.4222592163e+02
-3.4389831543e+02
-3.4086907959e+02
-3.4040411377e+02
-3.4040411377e+02
-3.4086907959e+02
-3.4389831543e+02
-3.4222592163e+02
-5.3360748291e+02
-5.3449700928e+02
-5.3182336426e+02
-5.3369091797e+02
-5.3369091797e+02
-5.3182336426e+02
-5.3449700928e+02
-5.3360748291e+02
-7.2300421143e+02
-7.2457653809e+02
-7.2146203613e+02
-7.2163250732e+02
-7.2163250732e+02
-7.2146203613e+02
-7.2457653809e+02
-7.2300421143e+02
-9.1159582520e+02
-9.1257275391e+02
-9.0984014893e+02
-9.1167364502e+02
-9.1167364502e+02
-9.0984014893e+02
-9.1257275391e+02
-9.1159582520e+02
-1.0997867432e+03
-1.1014880371e+03
-1.0983612061e+03
-1.0991042480e+03
-1.0991042480e+03
-1.0983612061e+03
-1.1014880371e+03
-1.0997867432e+03
-1.2851053467e+03
-1.2867070312e+03
-1.2842840576e+03
-1.2863450928e+03
-1.2863450928e+03
-1.2842840576e+03
-1.2867070312e+03
-1.2851053467e+03
6.9537396240e+02
6.9801452637e+02
6.9634686279e+02
6.9539746094e+02
6.9539746094e+02
6.9634686279e+02
6.9801452637e+02
6.9537396240e+02
5.2359698486e+02
5.2637829590e+02
5.2523950195e+02
5.2696746826e+02
5.2696746826e+02
5.2523950195e+02
5.2637829590e+02
5.2359698486e+02
3.4599865723e+02
3.4874179077e+02
3.4760345459e+02
3.4648876953e+02
3.4648876953e+02
3.4760345459e+02
3.4874179077e+02
3.4599865723e+02
1.7515863037e+02
1.7779733276e+02
1.7633935547e+02
1.7853474426e+02
1.7853474426e+02
1.7633935547e+02
1.7779733276e+02
1.7515863037e+02
3.7762484550e+00
6.7564516068e+00
5.3946895599e+00
4.5904731750e+00
4.5904731750e+00
5.3946895599e+00
6.7564516068e+00
3.7762484550e+00
-1.6530409241e+02
-1.6193519592e+02
-1.6414706421e+02
-1.6164575195e+02
-1.6164575195e+02
-1.6414706421e+02
-1.6193519592e+02
-1.6530409241e+02
-3.3368112183e+02
-3.2979974365e+02
-3.3220428467e+02
-3.3225750732e+02
-3.3225750732e+02
-3.3220428467e+02
-3.2979974365e+02
-3.3368112183e+02
-4.9992724609e+02
-4.9678356934e+02
-4.9886276245e+02
-4.9673031616e+02
-4.9673031616e+02
-4.9886276245e+02
-4.9678356934e+02
-4.9992724609e+02
-6.6549053955e+02
-6.6180389404e+02
-6.6430389404e+02
-6.6393316650e+02
-6.6393316650e+02
-6.6430389404e+02
-6.6180389404e+02
-6.6549053955e+02
-8.2942956543e+02
-8.2639898682e+02
-8.2863909912e+02
-8.2671350098e+02
-8.2671350098e+02
-8.2863909912e+02
-8.2639898682e+02
-8.2942956543e+02
-9.9082446289e+02
-9.8741162109e+02
-9.9025140381e+02
-9.8965637207e+02
-9.8965637207e+02
-9.9025140381e+02
-9.8741162109e+02
-9.9082446289e+02
-1.1529224854e+03
-1.1505911865e+03
-1.1532878418e+03
-1.1516040039e+03
-1.1516040039e+03
-1.1532878418e+03
-1.1505911865e+03
-1.1529224854e+03
5.6551348877e+02
5.6256829834e+02
5.6501458740e+02
5.6611407471e+02
5.6611407471e+02
5.6501458740e+02
5.6256829834e+02
5.6551348877e+02
4.0813546753e+02
4.0590133667e+02
4.0829693604e+02
4.0707702637e+02
4.0707702637e+02
4.0829693604e+02
4.0590133667e+02
4.0813546753e+02
2.6268710327e+02
2.6069174194e+02
2.6349227905e+02
2.6510800171e+02
2.6510800171e+02
2.6349227905e+02
2.6069174194e+02
2.6268710327e+02
1.1358133698e+02
1.1182437134e+02
1.1492537689e+02
1.1362394714e+02
1.1362394714e+02
1.1492537689e+02
1.1182437134e+02
1.1358133698e+02
-3.2342937469e+01
-3.4451278687e+01
-3.1286708832e+01
-2.9783130646e+01
-2.9783130646e+01
-3.1286708832e+01
-3.4451278687e+01
-3.2342937469e+01
-1.7743292236e+02
-1.7992291260e+02
-1.7604791260e+02
-1.7755308533e+02
-1.7755308533e+02
-1.7604791260e+02
-1.7992291260e+02
-1.7743292236e+02
-3.2033419800e+02
-3.2336962891e+02
-3.1928704834e+02
-3.1837036133e+02
-3.1837036133e+02
-3.1928704834e+02
-3.2336962891e+02
-3.2033419800e+02
-4.6232415771e+02
-4.6474041748e+02
-4.6101040649e+02
-4.6219958496e+02
-4.6219958496e+02
-4.6101040649e+02
-4.6474041748e+02
-4.6232415771e+02
-6.0225146484e+02
-6.0519616699e+02
-6.0118652344e+02
-6.0063934326e+02
-6.0063934326e+02
-6.0118652344e+02
-6.0519616699e+02
-6.0225146484e+02
-7.4087396240e+02
-7.4333282471e+02
-7.3970336914e+02
-7.4082049561e+02
-7.4082049561e+02
-7.3970336914e+02
-7.4333282471e+02
-7.4087396240e+02
-8.7934936523e+02
-8.8225878906e+02
-8.7849645996e+02
-8.7842486572e+02
-8.7842486572e+02
-8.7849645996e+02
-8.8225878906e+02
-8.7934936523e+02
-1.0127207031e+03
-1.0154041748e+03
-1.0123876343e+03
-1.0136396484e+03
-1.0136396484e+03
-1.0123876343e+03
-1.0154041748e+03
-1.0127207031e+03
4.1819613647e+02
4.2351040649e+02
4.2108630371e+02
4.1998165894e+02
4.1998165894e+02
4.2108630371e+02
4.2351040649e+02
4.1819613647e+02
2.9881069946e+02
3.0449658203e+02
3.0284841919e+02
3.0422808838e+02
3.0422808838e+02
3.0284841919e+02
3.0449658203e+02
2.9881069946e+02
1.6890354919e+02
1.7455131531e+02
1.7274841309e+02
1.7161772156e+02
1.7161772156e+02
1.7274841309e+02
1.7455131531e+02
1.6890354919e+02
4.5970130920e+01
5.1415695190e+01
4.9481880188e+01
5.1090557098e+01
5.1090557098e+01
4.9481880188e+01
5.1415695190e+01
4.5970130920e+01
-7.6019882202e+01
-7.0171791077e+01
-7.2249740601e+01
-7.3249946594e+01
-7.3249946594e+01
-7.2249740601e+01
-7.0171791077e+01
-7.6019882202e+01
-1.9544316101e+02
-1.8919645691e+02
-1.9186830139e+02
-1.9010955811e+02
-1.9010955811e+02
-1.9186830139e+02
-1.8919645691e+02
-1.9544316101e+02
-3.1353341675e+02
-3.0673355103e+02
-3.0965765381e+02
-3.1022982788e+02
-3.1022982788e+02
-3.0965765381e+02
-3.0673355103e+02
-3.1353341675e+02
-4.2929440308e+02
-4.2307720947e+02
-4.2568768311e+02
-4.2425347900e+02
-4.2425347900e+02
-4.2568768311e+02
-4.2307720947e+02
-4.2929440308e+02
-5.4371173096e+02
-5.3708789062e+02
-5.4000036621e+02
-5.4035455322e+02
-5.4035455322e+02
-5.4000036621e+02
-5.3708789062e+02
-5.4371173096e+02
-6.5618292236e+02
-6.5015905762e+02
-6.5283520508e+02
-6.5161865234e+02
-6.5161865234e+02
-6.5283520508e+02
-6.5015905762e+02
-6.5618292236e+02
-7.6544329834e+02
-7.5935644531e+02
-7.6246197510e+02
-7.6266876221e+02
-7.6266876221e+02
-7.6246197510e+02
-7.5935644531e+02
-7.6544329834e+02
-8.7709295654e+02
-8.7243298340e+02
-8.7553674316e+02
-8.7470013428e+02
-8.7470013428e+02
-8.7553674316e+02
-8.7243298340e+02
-8.7709295654e+02
2.9198965454e+02
2.8562753296e+02
2.8788809204e+02
2.8914202881e+02
2.8914202881e+02
2.8788809204e+02
2.8562753296e+02
2.9198965454e+02
1.7867185974e+02
1.7272851562e+02
1.7478334045e+02
1.7384582520e+02
1.7384582520e+02
1.7478334045e+02
1.7272851562e+02
1.7867185974e+02
8.3859016418e+01
7.7914237976e+01
8.0525489807e+01
8.2160873413e+01
8.2160873413e+01
8.0525489807e+01
7.7914237976e+01
8.3859016418e+01
-1.2727970123e+01
-1.8447437286e+01
-1.5682844162e+01
-1.6459331512e+01
-1.6459331512e+01
-1.5682844162e+01
-1.8447437286e+01
-1.2727970123e+01
-1.0717866516e+02
-1.1339534760e+02
-1.1034941101e+02
-1.0862224579e+02
-1.0862224579e+02
-1.1034941101e+02
-1.1339534760e+02
-1.0717866516e+02
-2.0083633423e+02
-2.0754048157e+02
-2.0400749207e+02
-2.0481285095e+02
-2.0481285095e+02
-2.0400749207e+02
-2.0754048157e+02
-2.0083633423e+02
-2.9281307983e+02
-3.0012533569e+02
-2.9633294678e+02
-2.9488323975e+02
-2.9488323975e+02
-2.9633294678e+02
-3.0012533569e+02
-2.9281307983e+02
-3.8385205078e+02
-3.9064572144e+02
-3.8717889404e+02
-3.8770147705e+02
-3.8770147705e+02
-3.8717889404e+02
-3.9064572144e+02
-3.8385205078e+02
-4.7299606323e+02
-4.8014904785e+02
-4.7647027588e+02
-4.7522537231e+02
-4.7522537231e+02
-4.7647027588e+02
-4.8014904785e+02
-4.7299606323e+02
-5.6051495361e+02
-5.6714410400e+02
-5.6378955078e+02
-5.6424719238e+02
-5.6424719238e+02
-5.6378955078e+02
-5.6714410400e+02
-5.6051495361e+02
-6.4727264404e+02
-6.5398052979e+02
-6.5059252930e+02
-6.4976544189e+02
-6.4976544189e+02
-6.5059252930e+02
-6.5398052979e+02
-6.4727264404e+02
-7.2629174805e+02
-7.3241473389e+02
-7.2950744629e+02
-7.2991790771e+02
-7.2991790771e+02
-7.2950744629e+02
-7.3241473389e+02
-7.2629174805e+02
1.2084294128e+02
1.3026283264e+02
1.2985160828e+02
1.2919929504e+02
1.2919929504e+02
1.2985160828e+02
1.3026283264e+02
1.2084294128e+02
6.1857440948e+01
7.2169189453e+01
7.2677124023e+01
7.4469635010e+01
7.4469635010e+01
7.2677124023e+01
7.2169189453e+01
6.1857440948e+01
-1.4616775513e+01
-3.5990796089e+00
-3.2056241035e+00
-3.6474003792e+00
-3.6474003792e+00
-3.2056241035e+00
-3.5990796089e+00
-1.4616775513e+01
-8.8261390686e+01
-7.7107627869e+01
-7.6559471130e+01
-7.4626274109e+01
-7.4626274109e+01
-7.6559471130e+01
-7.7107627869e+01
-8.8261390686e+01
-1.6023759460e+02
-1.4831918335e+02
-1.4797933960e+02
-1.4837835693e+02
-1.4837835693e+02
-1.4797933960e+02
-1.4831918335e+02
-1.6023759460e+02
-2.2920007324e+02
-2.1661282349e+02
-2.1657739258e+02
-2.1458404541e+02
-2.1458404541e+02
-2.1657739258e+02
-2.1661282349e+02
-2.2920007324e+02
-2.9552612305e+02
-2.8229211426e+02
-2.8249896240e+02
-2.8270471191e+02
-2.8270471191e+02
-2.8249896240e+02
-2.8229211426e+02
-2.9552612305e+02
-3.5878668213e+02
-3.4612042236e+02
-3.4604620361e+02
-3.4432354736e+02
-3.4432354736e+02
-3.4604620361e+02
-3.4612042236e+02
-3.5878668213e+02
-4.2015951538e+02
-4.0731314087e+02
-4.0753961182e+02
-4.0765991211e+02
-4.0765991211e+02
-4.0753961182e+02
-4.0731314087e+02
-4.2015951538e+02
-4.7977398682e+02
-4.6765988159e+02
-4.6777438354e+02
-4.6629437256e+02
-4.6629437256e+02
-4.6777438354e+02
-4.6765988159e+02
-4.7977398682e+02
-5.3715521240e+02
-5.2535943604e+02
-5.2595849609e+02
-5.2607861328e+02
-5.2607861328e+02
-5.2595849609e+02
-5.2535943604e+02
-5.3715521240e+02
-5.9862286377e+02
-5.8858245850e+02
-5.8968243408e+02
-5.8896655273e+02
-5.8896655273e+02
-5.8968243408e+02
-5.8858245850e+02
-5.9862286377e+02
3.0919080734e+01
2.2407060623e+01
2.1370847702e+01
2.1514019012e+01
2.1514019012e+01
2.1370847702e+01
2.2407060623e+01
3.0919080734e+01
-4.4835620880e+01
-5.3230922699e+01
-5.4403152466e+01
-5.6408161163e+01
-5.6408161163e+01
-5.4403152466e+01
-5.3230922699e+01
-4.4835620880e+01
-9.7674423218e+01
-1.0711987305e+02
-1.0794535065e+02
-1.0767565155e+02
-1.0767565155e+02
-1.0794535065e+02
-1.0711987305e+02
-9.7674423218e+01
-1.4485235596e+02
-1.5466850281e+02
-1.5581991577e+02
-1.5777890015e+02
-1.5777890015e+02
-1.5581991577e+02
-1.5466850281e+02
-1.4485235596e+02
-1.8802217102e+02
-1.9883885193e+02
-1.9987182617e+02
-1.9963244629e+02
-1.9963244629e+02
-1.9987182617e+02
-1.9883885193e+02
-1.8802217102e+02
-2.2884797668e+02
-2.4052160645e+02
-2.4149311829e+02
-2.4357710266e+02
-2.4357710266e+02
-2.4149311829e+02
-2.4052160645e+02
-2.2884797668e+02
-2.6781610107e+02
-2.8016983032e+02
-2.8101025391e+02
-2.8097637939e+02
-2.8097637939e+02
-2.8101025391e+02
-2.8016983032e+02
-2.6781610107e+02
-3.0524771118e+02
-3.1702066040e+02
-3.1820181274e+02
-3.2015509033e+02
-3.2015509033e+02
-3.1820181274e+02
-3.1702066040e+02
-3.0524771118e+02
-3.3982473755e+02
-3.5183190918e+02
-3.5282302856e+02
-3.5296963501e+02
-3.5296963501e+02
-3.5282302856e+02
-3.5183190918e+02
-3.3982473755e+02
-3.7138143921e+02
-3.8297604370e+02
-3.8426028442e+02
-3.8619000244e+02
-3.8619000244e+02
-3.8426028442e+02
-3.8297604370e+02
-3.7138143921e+02
-4.0059494019e+02
-4.1243124390e+02
-4.1371588135e+02
-4.1418130493e+02
-4.1418130493e+02
-4.1371588135e+02
-4.1243124390e+02
-4.0059494019e+02
-4.2296350098e+02
-4.3475759888e+02
-4.3617886353e+02
-4.3767864990e+02
-4.3767864990e+02
-4.3617886353e+02
-4.3475759888e+02
-4.2296350098e+02
-1.8503628540e+02
-1.8349241638e+02
-1.8468704224e+02
-1.8610162354e+02
-1.8610162354e+02
-1.8468704224e+02
-1.8349241638e+02
-1.8503628540e+02
-1.8314889526e+02
-1.8143821716e+02
-1.8228309631e+02
-1.8143446350e+02
-1.8143446350e+02
-1.8228309631e+02
-1.8143821716e+02
-1.8314889526e+02
-1.9221817017e+02
-1.8939808655e+02
-1.9031765747e+02
-1.9149256897e+02
-1.9149256897e+02
-1.9031765747e+02
-1.8939808655e+02
-1.9221817017e+02
-2.0669859314e+02
-2.0341621399e+02
-2.0373880005e+02
-2.0260957336e+02
-2.0260957336e+02
-2.0373880005e+02
-2.0341621399e+02
-2.0669859314e+02
-2.2445196533e+02
-2.2002232361e+02
-2.2020382690e+02
-2.2107044983e+02
-2.2107044983e+02
-2.2020382690e+02
-2.2002232361e+02
-2.2445196533e+02
-2.4373619080e+02
-2.3819451904e+02
-2.3802514648e+02
-2.3647814941e+02
-2.3647814941e+02
-2.3802514648e+02
-2.3819451904e+02
-2.4373619080e+02
-2.6224975586e+02
-2.5585414124e+02
-2.5548196411e+02
-2.5587263489e+02
-2.5587263489e+02
-2.5548196411e+02
-2.5585414124e+02
-2.6224975586e+02
-2.7831655884e+02
-2.7225421143e+02
-2.7124484253e+02
-2.6943701172e+02
-2.6943701172e+02
-2.7124484253e+02
-2.7225421143e+02
-2.7831655884e+02
-2.9174310303e+02
-2.8484463501e+02
-2.8367025757e+02
-2.8350955200e+02
-2.8350955200e+02
-2.8367025757e+02
-2.8484463501e+02
-2.9174310303e+02
-3.0057894897e+02
-2.9309234619e+02
-2.9114627075e+02
-2.8898330688e+02
-2.8898330688e+02
-2.9114627075e+02
-2.9309234619e+02
-3.0057894897e+02
-3.0162780762e+02
-2.9261459351e+02
-2.9035821533e+02
-2.8962008667e+02
-2.8962008667e+02
-2.9035821533e+02
-2.9261459351e+02
-3.0162780762e+02
-2.9405593872e+02
-2.8450494385e+02
-2.8203570557e+02
-2.8018786621e+02
-2.8018786621e+02
-2.8203570557e+02
-2.8450494385e+02
-2.9405593872e+02
