2.1157659531e+01
1.6453201294e+01
2.2662622929e+00
2.9616598129e+01
2.9616598129e+01
2.2662622929e+00
1.6453201294e+01
2.1157659531e+01
-6.9462547302e+00
-3.1149969101e+01
9.2921829224e+00
-1.0231948090e+02
-1.0231948090e+02
9.2921829224e+00
-3.1149969101e+01
-6.9462547302e+00
-3.7012989044e+01
-1.7310411453e+01
-1.3468601990e+02
9.4552902222e+01
9.4552902222e+01
-1.3468601990e+02
-1.7310411453e+01
-3.7012989044e+01
-3.6929710388e+01
-1.5654670715e+02
4.7250442505e+01
-4.3115307617e+02
-4.3115307617e+02
4.7250442505e+01
-1.5654670715e+02
-3.6929710388e+01
-1.0109699249e+02
-2.3625495911e+01
-5.5197088623e+02
3.6433441162e+02
3.6433441162e+02
-5.5197088623e+02
-2.3625495911e+01
-1.0109699249e+02
-3.3898101807e+01
-3.9901220703e+02
1.1438208771e+02
-2.4498688965e+03
-2.4498688965e+03
1.1438208771e+02
-3.9901220703e+02
-3.3898101807e+01
-2.2576353073e+01
-5.6959313965e+02
3.8227243042e+02
-3.6806545410e+03
-3.6806545410e+03
3.8227243042e+02
-5.6959313965e+02
-2.2576353073e+01
-1.8147846985e+02
-1.1862338066e+01
-9.4345965576e+02
1.1449335480e+02
1.1449335480e+02
-9.4345965576e+02
-1.1862338066e+01
-1.8147846985e+02
-1.0245422363e+02
-3.2678503418e+02
-6.6527915955e+01
-6.6296954346e+02
-6.6296954346e+02
-6.6527915955e+01
-3.2678503418e+02
-1.0245422363e+02
-1.4431939697e+02
-1.1537565613e+02
-2.8504287720e+02
-3.1949804306e+01
-3.1949804306e+01
-2.8504287720e+02
-1.1537565613e+02
-1.4431939697e+02
-1.0891197968e+02
-1.4936045837e+02
-9.7750953674e+01
-2.2747416687e+02
-2.2747416687e+02
-9.7750953674e+01
-1.4936045837e+02
-1.0891197968e+02
-8.7684020996e+01
-8.6261436462e+01
-1.0656666565e+02
-7.0829284668e+01
-7.0829284668e+01
-1.0656666565e+02
-8.6261436462e+01
-8.7684020996e+01
1.7060491562e+01
7.4082946777e+00
1.4872200012e+01
-1.7602766037e+01
-1.7602766037e+01
1.4872200012e+01
7.4082946777e+00
1.7060491562e+01
-4.1098255157e+01
-3.1309850693e+01
-8.5948410034e+01
2.3044576645e+01
2.3044576645e+01
-8.5948410034e+01
-3.1309850693e+01
-4.1098255157e+01
-8.7259788513e+01
-1.3869181824e+02
-4.2168357849e+01
-2.8615197754e+02
-2.8615197754e+02
-4.2168357849e+01
-1.3869181824e+02
-8.7259788513e+01
-1.7194740295e+02
-1.1604228210e+02
-3.5455615234e+02
9.1361022949e+01
9.1361022949e+01
-3.5455615234e+02
-1.1604228210e+02
-1.7194740295e+02
-1.8569793701e+02
-3.7509484863e+02
-1.7402206421e+01
-9.5600524902e+02
-9.5600524902e+02
-1.7402206421e+01
-3.7509484863e+02
-1.8569793701e+02
-3.3627603149e+02
-1.0150248718e+02
-9.0381286621e+02
8.8727807617e+02
8.8727807617e+02
-9.0381286621e+02
-1.0150248718e+02
-3.3627603149e+02
-4.1154022217e+02
-4.4567787170e+01
-1.2204077148e+03
1.6185156250e+03
1.6185156250e+03
-1.2204077148e+03
-4.4567787170e+01
-4.1154022217e+02
-3.0095617676e+02
-5.8505749512e+02
-1.2078778267e+01
-1.1819042969e+03
-1.1819042969e+03
-1.2078778267e+01
-5.8505749512e+02
-3.0095617676e+02
-3.9776425171e+02
-2.9170101929e+02
-6.2127014160e+02
-1.0444051361e+02
-1.0444051361e+02
-6.2127014160e+02
-2.9170101929e+02
-3.9776425171e+02
-3.5957461548e+02
-4.2631561279e+02
-3.0667245483e+02
-5.8837078857e+02
-5.8837078857e+02
-3.0667245483e+02
-4.2631561279e+02
-3.5957461548e+02
-3.7267941284e+02
-3.5024398804e+02
-4.1947192383e+02
-2.9842565918e+02
-2.9842565918e+02
-4.1947192383e+02
-3.5024398804e+02
-3.7267941284e+02
-3.5446563721e+02
-3.6354663086e+02
-3.4955252075e+02
-3.8975250244e+02
-3.8975250244e+02
-3.4955252075e+02
-3.6354663086e+02
-3.5446563721e+02
4.2422496796e+01
4.9019794464e+01
3.8825439453e+01
6.9289321899e+01
6.9289321899e+01
3.8825439453e+01
4.9019794464e+01
4.2422496796e+01
-7.4690837860e+00
-1.8452945709e+01
3.0438632965e+01
-7.9409378052e+01
-7.9409378052e+01
3.0438632965e+01
-1.8452945709e+01
-7.4690837860e+00
-7.9882026672e+01
-3.3012756348e+01
-1.2778388214e+02
1.0477400208e+02
1.0477400208e+02
-1.2778388214e+02
-3.3012756348e+01
-7.9882026672e+01
-1.1902515411e+02
-1.6604908752e+02
4.1505428314e+01
-3.8510833740e+02
-3.8510833740e+02
4.1505428314e+01
-1.6604908752e+02
-1.1902515411e+02
-2.2613201904e+02
-3.8537288666e+01
-3.4256930542e+02
4.9175424194e+02
4.9175424194e+02
-3.4256930542e+02
-3.8537288666e+01
-2.2613201904e+02
-1.8923454285e+02
-4.0947982788e+02
3.9032839966e+02
-8.4317565918e+02
-8.4317565918e+02
3.9032839966e+02
-4.0947982788e+02
-1.8923454285e+02
-2.1556227112e+02
-5.4369427490e+02
5.8615930176e+02
-1.4519207764e+03
-1.4519207764e+03
5.8615930176e+02
-5.4369427490e+02
-2.1556227112e+02
-3.9890090942e+02
-1.2630158234e+02
-5.6565380859e+02
5.3192797852e+02
5.3192797852e+02
-5.6565380859e+02
-1.2630158234e+02
-3.9890090942e+02
-3.7581484985e+02
-4.4641683960e+02
-1.4919973755e+02
-6.4199719238e+02
-6.4199719238e+02
-1.4919973755e+02
-4.4641683960e+02
-3.7581484985e+02
-4.6205148315e+02
-3.9450314331e+02
-5.0649688721e+02
-2.3439553833e+02
-2.3439553833e+02
-5.0649688721e+02
-3.9450314331e+02
-4.6205148315e+02
-5.0088504028e+02
-5.1632305908e+02
-4.5217956543e+02
-5.7475518799e+02
-5.7475518799e+02
-4.5217956543e+02
-5.1632305908e+02
-5.0088504028e+02
-5.7035797119e+02
-5.6091369629e+02
-5.7664660645e+02
-5.3738482666e+02
-5.3738482666e+02
-5.7664660645e+02
-5.6091369629e+02
-5.7035797119e+02
1.9323428345e+02
1.8978163147e+02
2.0126649475e+02
1.7294480896e+02
1.7294480896e+02
2.0126649475e+02
1.8978163147e+02
1.9323428345e+02
1.0877989197e+02
1.2248686218e+02
8.1016342163e+01
1.8856353760e+02
1.8856353760e+02
8.1016342163e+01
1.2248686218e+02
1.0877989197e+02
4.5488948822e+01
1.1607604980e+01
1.0413720703e+02
-1.1209320068e+02
-1.1209320068e+02
1.0413720703e+02
1.1607604980e+01
4.5488948822e+01
-4.5464050293e+01
8.2944021225e+00
-1.5992178345e+02
2.4191050720e+02
2.4191050720e+02
-1.5992178345e+02
8.2944021225e+00
-4.5464050293e+01
-7.0100982666e+01
-2.2156378174e+02
6.4331192017e+01
-6.3978314209e+02
-6.3978314209e+02
6.4331192017e+01
-2.2156378174e+02
-7.0100982666e+01
-2.3138203430e+02
1.0151101112e+01
-6.9830670166e+02
2.1199368286e+02
2.1199368286e+02
-6.9830670166e+02
1.0151101112e+01
-2.3138203430e+02
-3.2776052856e+02
5.7271015644e-01
-9.7616259766e+02
5.2994354248e+02
5.2994354248e+02
-9.7616259766e+02
5.7271015644e-01
-3.2776052856e+02
-2.8539126587e+02
-5.0204901123e+02
-1.2441012573e+02
-1.0819814453e+03
-1.0819814453e+03
-1.2441012573e+02
-5.0204901123e+02
-2.8539126587e+02
-4.3081811523e+02
-3.6375109863e+02
-6.0333880615e+02
-1.3278561401e+02
-1.3278561401e+02
-6.0333880615e+02
-3.6375109863e+02
-4.3081811523e+02
-4.8466159058e+02
-5.3584954834e+02
-4.2544204712e+02
-6.7764050293e+02
-6.7764050293e+02
-4.2544204712e+02
-5.3584954834e+02
-4.8466159058e+02
-5.7816894531e+02
-5.6245196533e+02
-6.1590515137e+02
-4.9346493530e+02
-4.9346493530e+02
-6.1590515137e+02
-5.6245196533e+02
-5.7816894531e+02
-6.4718707275e+02
-6.5450866699e+02
-6.3723437500e+02
-6.7477856445e+02
-6.7477856445e+02
-6.3723437500e+02
-6.5450866699e+02
-6.4718707275e+02
3.2417065430e+02
3.2683880615e+02
3.1631719971e+02
3.4297344971e+02
3.4297344971e+02
3.1631719971e+02
3.2683880615e+02
3.2417065430e+02
2.1753944397e+02
2.0600404358e+02
2.4305256653e+02
1.4170433044e+02
1.4170433044e+02
2.4305256653e+02
2.0600404358e+02
2.1753944397e+02
1.0013115692e+02
1.2637136078e+02
4.3712455750e+01
2.4410566711e+02
2.4410566711e+02
4.3712455750e+01
1.2637136078e+02
1.0013115692e+02
9.5606803894e+00
-4.4338947296e+01
9.5141036987e+01
-2.6925143433e+02
-2.6925143433e+02
9.5141036987e+01
-4.4338947296e+01
9.5606803894e+00
-1.3886688232e+02
-1.9075210571e+01
-2.8339144897e+02
2.9697094727e+02
2.9697094727e+02
-2.8339144897e+02
-1.9075210571e+01
-1.3886688232e+02
-1.6016458130e+02
-4.0679382324e+02
1.8610571289e+02
-4.6746890259e+02
-4.6746890259e+02
1.8610571289e+02
-4.0679382324e+02
-1.6016458130e+02
-2.4396688843e+02
-5.6517156982e+02
2.5004621887e+02
-8.6652044678e+02
-8.6652044678e+02
2.5004621887e+02
-5.6517156982e+02
-2.4396688843e+02
-4.5087207031e+02
-2.8399102783e+02
-6.2063592529e+02
1.9011935425e+02
1.9011935425e+02
-6.2063592529e+02
-2.8399102783e+02
-4.5087207031e+02
-4.8963839722e+02
-5.5486199951e+02
-3.6171569824e+02
-7.9969177246e+02
-7.9969177246e+02
-3.6171569824e+02
-5.5486199951e+02
-4.8963839722e+02
-6.0308398438e+02
-5.6485394287e+02
-6.6738153076e+02
-4.3351348877e+02
-4.3351348877e+02
-6.6738153076e+02
-5.6485394287e+02
-6.0308398438e+02
-6.8119384766e+02
-6.9530688477e+02
-6.4925604248e+02
-7.6720721436e+02
-7.6720721436e+02
-6.4925604248e+02
-6.9530688477e+02
-6.8119384766e+02
-7.7315545654e+02
-7.6706884766e+02
-7.8406292725e+02
-7.4752465820e+02
-7.4752465820e+02
-7.8406292725e+02
-7.6706884766e+02
-7.7315545654e+02
4.3197613525e+02
4.3078326416e+02
4.3994552612e+02
4.1516253662e+02
4.1516253662e+02
4.3994552612e+02
4.3078326416e+02
4.3197613525e+02
3.0467919922e+02
3.1596136475e+02
2.8343643188e+02
3.7757635498e+02
3.7757635498e+02
2.8343643188e+02
3.1596136475e+02
3.0467919922e+02
1.8655158997e+02
1.6735388184e+02
2.3992974854e+02
5.6316772461e+01
5.6316772461e+01
2.3992974854e+02
1.6735388184e+02
1.8655158997e+02
4.7797111511e+01
9.9784912109e+01
-1.8221963882e+01
3.0485183716e+02
3.0485183716e+02
-1.8221963882e+01
9.9784912109e+01
4.7797111511e+01
-3.7633373260e+01
-1.3266659546e+02
1.0682370758e+02
-3.6403561401e+02
-3.6403561401e+02
1.0682370758e+02
-1.3266659546e+02
-3.7633373260e+01
-2.3495468140e+02
2.9155917168e+00
-4.8101782227e+02
7.8398737907e+00
7.8398737907e+00
-4.8101782227e+02
2.9155917168e+00
-2.3495468140e+02
-3.6893637085e+02
-6.8630882263e+01
-7.3016650391e+02
1.1178419495e+02
1.1178419495e+02
-7.3016650391e+02
-6.8630882263e+01
-3.6893637085e+02
-3.9109063721e+02
-5.1905035400e+02
-2.1986422729e+02
-8.9217889404e+02
-8.9217889404e+02
-2.1986422729e+02
-5.1905035400e+02
-3.9109063721e+02
-5.5660998535e+02
-4.9436862183e+02
-6.5167889404e+02
-2.5478997803e+02
-2.5478997803e+02
-6.5167889404e+02
-4.9436862183e+02
-5.5660998535e+02
-6.5734716797e+02
-6.8431518555e+02
-5.9242547607e+02
-8.0804919434e+02
-8.0804919434e+02
-5.9242547607e+02
-6.8431518555e+02
-6.5734716797e+02
-7.8431231689e+02
-7.7029766846e+02
-8.0989074707e+02
-6.9867724609e+02
-6.9867724609e+02
-8.0989074707e+02
-7.7029766846e+02
-7.8431231689e+02
-8.9941156006e+02
-9.0351214600e+02
-8.8771661377e+02
-9.2323535156e+02
-9.2323535156e+02
-8.8771661377e+02
-9.0351214600e+02
-8.9941156006e+02
5.5749774170e+02
5.5896026611e+02
5.5175238037e+02
5.7459423828e+02
5.7459423828e+02
5.5175238037e+02
5.5896026611e+02
5.5749774170e+02
4.0979437256e+02
4.0185070801e+02
4.3173608398e+02
3.4589056396e+02
3.4589056396e+02
4.3173608398e+02
4.0185070801e+02
4.0979437256e+02
2.5811587524e+02
2.7550836182e+02
2.1486352539e+02
3.8202993774e+02
3.8202993774e+02
2.1486352539e+02
2.7550836182e+02
2.5811587524e+02
1.2591815186e+02
8.1797988892e+01
1.8584918213e+02
-9.3837783813e+01
-9.3837783813e+01
1.8584918213e+02
8.1797988892e+01
1.2591815186e+02
-5.0236694336e+01
3.1171175003e+01
-1.7806091309e+02
2.0343733215e+02
2.0343733215e+02
-1.7806091309e+02
3.1171175003e+01
-5.0236694336e+01
-1.2496720123e+02
-3.3768688965e+02
5.3399921417e+01
-3.0377111816e+02
-3.0377111816e+02
5.3399921417e+01
-3.3768688965e+02
-1.2496720123e+02
-2.5655606079e+02
-5.2242297363e+02
1.2522047043e+01
-6.2196392822e+02
-6.2196392822e+02
1.2522047043e+01
-5.2242297363e+02
-2.5655606079e+02
-4.8516760254e+02
-3.8041046143e+02
-6.4155352783e+02
-8.7504234314e+01
-8.7504234314e+01
-6.4155352783e+02
-3.8041046143e+02
-4.8516760254e+02
-5.8817260742e+02
-6.4150976562e+02
-5.0809884644e+02
-8.5947760010e+02
-8.5947760010e+02
-5.0809884644e+02
-6.4150976562e+02
-5.8817260742e+02
-7.4328125000e+02
-7.2075189209e+02
-7.9914050293e+02
-6.0064556885e+02
-6.0064556885e+02
-7.9914050293e+02
-7.2075189209e+02
-7.4328125000e+02
-8.7547106934e+02
-8.8596026611e+02
-8.5035406494e+02
-9.5306488037e+02
-9.5306488037e+02
-8.5035406494e+02
-8.8596026611e+02
-8.7547106934e+02
-1.0140711060e+03
-1.0102137451e+03
-1.0241844482e+03
-9.8969171143e+02
-9.8969171143e+02
-1.0241844482e+03
-1.0102137451e+03
-1.0140711060e+03
6.7251654053e+02
6.7187506104e+02
6.7775744629e+02
6.5732800293e+02
6.5732800293e+02
6.7775744629e+02
6.7187506104e+02
6.7251654053e+02
5.0154333496e+02
5.0903051758e+02
4.8281417847e+02
5.6105249023e+02
5.6105249023e+02
4.8281417847e+02
5.0903051758e+02
5.0154333496e+02
3.3612216187e+02
3.2219091797e+02
3.7424249268e+02
2.2464114380e+02
2.2464114380e+02
3.7424249268e+02
3.2219091797e+02
3.3612216187e+02
1.5650572205e+02
1.9523695374e+02
1.0384643555e+02
3.4394982910e+02
3.4394982910e+02
1.0384643555e+02
1.9523695374e+02
1.5650572205e+02
1.6636161804e+01
-5.3118015289e+01
1.2822013855e+02
-1.7774525452e+02
-1.7774525452e+02
1.2822013855e+02
-5.3118015289e+01
1.6636161804e+01
-2.1055911255e+02
-2.5330600739e+01
-3.3674502563e+02
-6.7501335144e+01
-6.7501335144e+01
-3.3674502563e+02
-2.5330600739e+01
-2.1055911255e+02
-3.8398724365e+02
-1.5493847656e+02
-5.8033435059e+02
-9.6137001038e+01
-9.6137001038e+01
-5.8033435059e+02
-1.5493847656e+02
-3.8398724365e+02
-4.7139697266e+02
-5.5826892090e+02
-3.3190545654e+02
-7.8324749756e+02
-7.8324749756e+02
-3.3190545654e+02
-5.5826892090e+02
-4.7139697266e+02
-6.6432501221e+02
-6.1813787842e+02
-7.3181262207e+02
-4.2523434448e+02
-4.2523434448e+02
-7.3181262207e+02
-6.1813787842e+02
-6.6432501221e+02
-8.1204620361e+02
-8.2978491211e+02
-7.6238305664e+02
-9.4270477295e+02
-9.4270477295e+02
-7.6238305664e+02
-8.2978491211e+02
-8.1204620361e+02
-9.7617578125e+02
-9.6704553223e+02
-9.9791912842e+02
-9.0358544922e+02
-9.0358544922e+02
-9.9791912842e+02
-9.6704553223e+02
-9.7617578125e+02
-1.1333695068e+03
-1.1364179688e+03
-1.1238900146e+03
-1.1568686523e+03
-1.1568686523e+03
-1.1238900146e+03
-1.1364179688e+03
-1.1333695068e+03
7.8797180176e+02
7.8886401367e+02
7.8441156006e+02
8.0241986084e+02
8.0241986084e+02
7.8441156006e+02
7.8886401367e+02
7.8797180176e+02
5.9846789551e+02
5.9336462402e+02
6.1727459717e+02
5.4677984619e+02
5.4677984619e+02
6.1727459717e+02
5.9336462402e+02
5.9846789551e+02
4.0683496094e+02
4.2023730469e+02
3.7670407104e+02
5.0958264160e+02
5.0958264160e+02
3.7670407104e+02
4.2023730469e+02
4.0683496094e+02
2.2929627991e+02
1.9784259033e+02
2.7974832153e+02
7.6355445862e+01
7.6355445862e+01
2.7974832153e+02
1.9784259033e+02
2.2929627991e+02
1.9694578171e+01
8.2694740295e+01
-7.0804008484e+01
1.7572200012e+02
1.7572200012e+02
-7.0804008484e+01
8.2694740295e+01
1.9694578171e+01
-1.1164852905e+02
-2.6571627808e+02
-1.7760578156e+01
-2.1755905151e+02
-2.1755905151e+02
-1.7760578156e+01
-2.6571627808e+02
-1.1164852905e+02
-2.8874234009e+02
-4.7901730347e+02
-1.4003067017e+02
-5.0946914673e+02
-5.0946914673e+02
-1.4003067017e+02
-4.7901730347e+02
-2.8874234009e+02
-5.3809228516e+02
-4.6192620850e+02
-6.5501379395e+02
-2.8726428223e+02
-2.8726428223e+02
-6.5501379395e+02
-4.6192620850e+02
-5.3809228516e+02
-6.9555615234e+02
-7.3277514648e+02
-6.3362451172e+02
-8.9719738770e+02
-8.9719738770e+02
-6.3362451172e+02
-7.3277514648e+02
-6.9555615234e+02
-8.8881060791e+02
-8.7242279053e+02
-9.2932116699e+02
-7.6664160156e+02
-7.6664160156e+02
-9.2932116699e+02
-8.7242279053e+02
-8.8881060791e+02
-1.0671210938e+03
-1.0731082764e+03
-1.0459472656e+03
-1.1315383301e+03
-1.1315383301e+03
-1.0459472656e+03
-1.0731082764e+03
-1.0671210938e+03
-1.2485761719e+03
-1.2454472656e+03
-1.2568507080e+03
-1.2255664062e+03
-1.2255664062e+03
-1.2568507080e+03
-1.2454472656e+03
-1.2485761719e+03
9.0120263672e+02
9.0116387939e+02
9.0458087158e+02
8.8915612793e+02
8.8915612793e+02
9.0458087158e+02
9.0116387939e+02
9.0120263672e+02
6.8980389404e+02
6.9524475098e+02
6.7435394287e+02
7.3798956299e+02
7.3798956299e+02
6.7435394287e+02
6.9524475098e+02
6.8980389404e+02
4.8263320923e+02
4.7202767944e+02
5.1000335693e+02
3.9387088013e+02
3.9387088013e+02
5.1000335693e+02
4.7202767944e+02
4.8263320923e+02
2.6537609863e+02
2.9322222900e+02
2.2132472229e+02
3.9355541992e+02
3.9355541992e+02
2.2132472229e+02
2.9322222900e+02
2.6537609863e+02
7.7645141602e+01
2.2813604355e+01
1.5321337891e+02
-4.3939559937e+01
-4.3939559937e+01
1.5321337891e+02
2.2813604355e+01
7.7645141602e+01
-1.7615655518e+02
-4.8289733887e+01
-2.4308148193e+02
-9.0645835876e+01
-9.0645835876e+01
-2.4308148193e+02
-4.8289733887e+01
-1.7615655518e+02
-3.8812127686e+02
-2.3127491760e+02
-4.9746569824e+02
-2.1277827454e+02
-2.1277827454e+02
-4.9746569824e+02
-2.3127491760e+02
-3.8812127686e+02
-5.3734704590e+02
-6.0291754150e+02
-4.3819073486e+02
-7.3536560059e+02
-7.3536560059e+02
-4.3819073486e+02
-6.0291754150e+02
-5.3734704590e+02
-7.6275482178e+02
-7.3105511475e+02
-8.1637652588e+02
-5.9137567139e+02
-5.9137567139e+02
-8.1637652588e+02
-7.3105511475e+02
-7.6275482178e+02
-9.5668634033e+02
-9.7010681152e+02
-9.2049993896e+02
-1.0652816162e+03
-1.0652816162e+03
-9.2049993896e+02
-9.7010681152e+02
-9.5668634033e+02
-1.1609055176e+03
-1.1557919922e+03
-1.1784890137e+03
-1.1011690674e+03
-1.1011690674e+03
-1.1784890137e+03
-1.1557919922e+03
-1.1609055176e+03
-1.3609791260e+03
-1.3637116699e+03
-1.3530469971e+03
-1.3825048828e+03
-1.3825048828e+03
-1.3530469971e+03
-1.3637116699e+03
-1.3609791260e+03
1.0110628662e+03
1.0110182495e+03
1.0088592529e+03
1.0218571167e+03
1.0218571167e+03
1.0088592529e+03
1.0110182495e+03
1.0110628662e+03
7.8118261719e+02
7.7701934814e+02
7.9627404785e+02
7.3939324951e+02
7.3939324951e+02
7.9627404785e+02
7.7701934814e+02
7.8118261719e+02
5.4980950928e+02
5.5982781982e+02
5.2768927002e+02
6.2873669434e+02
6.2873669434e+02
5.2768927002e+02
5.5982781982e+02
5.4980950928e+02
3.2911450195e+02
3.0599822998e+02
3.7010165405e+02
2.2550967407e+02
2.2550967407e+02
3.7010165405e+02
3.0599822998e+02
3.2911450195e+02
8.4541519165e+01
1.3383065796e+02
2.5083780289e+01
1.8406672668e+02
1.8406672668e+02
2.5083780289e+01
1.3383065796e+02
8.4541519165e+01
-1.0133234406e+02
-2.0412693787e+02
-5.0289119720e+01
-1.6534889221e+02
-1.6534889221e+02
-5.0289119720e+01
-2.0412693787e+02
-1.0133234406e+02
-3.2170553589e+02
-4.4765881348e+02
-2.3767601013e+02
-4.5679864502e+02
-4.5679864502e+02
-2.3767601013e+02
-4.4765881348e+02
-3.2170553589e+02
-5.9334259033e+02
-5.3496191406e+02
-6.7368865967e+02
-4.3269506836e+02
-4.3269506836e+02
-6.7368865967e+02
-5.3496191406e+02
-5.9334259033e+02
-7.9900170898e+02
-8.2444110107e+02
-7.5013311768e+02
-9.4003851318e+02
-9.4003851318e+02
-7.5013311768e+02
-8.2444110107e+02
-7.9900170898e+02
-1.0294213867e+03
-1.0167587891e+03
-1.0596566162e+03
-9.3146856689e+02
-9.3146856689e+02
-1.0596566162e+03
-1.0167587891e+03
-1.0294213867e+03
-1.2502124023e+03
-1.2531357422e+03
-1.2340726318e+03
-1.3030050049e+03
-1.3030050049e+03
-1.2340726318e+03
-1.2531357422e+03
-1.2502124023e+03
-1.4722402344e+03
-1.4693665771e+03
-1.4797500000e+03
-1.4520747070e+03
-1.4520747070e+03
-1.4797500000e+03
-1.4693665771e+03
-1.4722402344e+03
1.1179414062e+03
1.1188823242e+03
1.1197946777e+03
1.1092017822e+03
1.1092017822e+03
1.1197946777e+03
1.1188823242e+03
1.1179414062e+03
8.6815765381e+02
8.7309942627e+02
8.5575250244e+02
9.0674047852e+02
9.0674047852e+02
8.5575250244e+02
8.7309942627e+02
8.6815765381e+02
6.2197766113e+02
6.1432025146e+02
6.4245367432e+02
5.5571612549e+02
5.5571612549e+02
6.4245367432e+02
6.1432025146e+02
6.2197766113e+02
3.6806967163e+02
3.8922509766e+02
3.3327011108e+02
4.5512307739e+02
4.5512307739e+02
3.3327011108e+02
3.8922509766e+02
3.6806967163e+02
1.3673500061e+02
9.4503662109e+01
1.8588299561e+02
5.8296493530e+01
5.8296493530e+01
1.8588299561e+02
9.4503662109e+01
1.3673500061e+02
-1.4336645508e+02
-5.9807830811e+01
-1.7993710327e+02
-9.0819183350e+01
-9.0819183350e+01
-1.7993710327e+02
-5.9807830811e+01
-1.4336645508e+02
-3.9239993286e+02
-2.9097979736e+02
-4.5441540527e+02
-2.8459005737e+02
-2.8459005737e+02
-4.5441540527e+02
-2.9097979736e+02
-3.9239993286e+02
-5.9761529541e+02
-6.4797784424e+02
-5.3071148682e+02
-7.2499890137e+02
-7.2499890137e+02
-5.3071148682e+02
-6.4797784424e+02
-5.9761529541e+02
-8.5684075928e+02
-8.3504132080e+02
-8.9843103027e+02
-7.3883154297e+02
-7.3883154297e+02
-8.9843103027e+02
-8.3504132080e+02
-8.5684075928e+02
-1.0940251465e+03
-1.1047547607e+03
-1.0663028564e+03
-1.1786721191e+03
-1.1786721191e+03
-1.0663028564e+03
-1.1047547607e+03
-1.0940251465e+03
-1.3373640137e+03
-1.3352097168e+03
-1.3503372803e+03
-1.2894224854e+03
-1.2894224854e+03
-1.3503372803e+03
-1.3352097168e+03
-1.3373640137e+03
-1.5785498047e+03
-1.5816549072e+03
-1.5714338379e+03
-1.5975507812e+03
-1.5975507812e+03
-1.5714338379e+03
-1.5816549072e+03
-1.5785498047e+03
1.2220350342e+03
1.2205588379e+03
1.2210903320e+03
1.2293862305e+03
1.2293862305e+03
1.2210903320e+03
1.2205588379e+03
1.2220350342e+03
9.5450439453e+02
9.4998480225e+02
9.6657519531e+02
9.2112902832e+02
9.2112902832e+02
9.6657519531e+02
9.4998480225e+02
9.5450439453e+02
6.8550897217e+02
6.9243566895e+02
6.6882818604e+02
7.4309942627e+02
7.4309942627e+02
6.6882818604e+02
6.9243566895e+02
6.8550897217e+02
4.2521389771e+02
4.0696087646e+02
4.5662582397e+02
3.5447369385e+02
3.5447369385e+02
4.5662582397e+02
4.0696087646e+02
4.2521389771e+02
1.4647711182e+02
1.8354747009e+02
1.0802696991e+02
2.1148361206e+02
2.1148361206e+02
1.0802696991e+02
1.8354747009e+02
1.4647711182e+02
-8.9173065186e+01
-1.5551449585e+02
-6.0812255859e+01
-1.2937078857e+02
-1.2937078857e+02
-6.0812255859e+01
-1.5551449585e+02
-8.9173065186e+01
-3.5001986694e+02
-4.3004656982e+02
-3.0210073853e+02
-4.3329479980e+02
-4.3329479980e+02
-3.0210073853e+02
-4.3004656982e+02
-3.5001986694e+02
-6.4590295410e+02
-6.0143939209e+02
-6.9960955811e+02
-5.4214971924e+02
-5.4214971924e+02
-6.9960955811e+02
-6.0143939209e+02
-6.4590295410e+02
-8.9529949951e+02
-9.1283837891e+02
-8.5855444336e+02
-9.9132257080e+02
-9.9132257080e+02
-8.5855444336e+02
-9.1283837891e+02
-8.9529949951e+02
-1.1619001465e+03
-1.1515156250e+03
-1.1859503174e+03
-1.0876875000e+03
-1.0876875000e+03
-1.1859503174e+03
-1.1515156250e+03
-1.1619001465e+03
-1.4228288574e+03
-1.4231809082e+03
-1.4115284424e+03
-1.4645609131e+03
-1.4645609131e+03
-1.4115284424e+03
-1.4231809082e+03
-1.4228288574e+03
-1.6836184082e+03
-1.6800397949e+03
-1.6908524170e+03
-1.6662282715e+03
-1.6662282715e+03
-1.6908524170e+03
-1.6800397949e+03
-1.6836184082e+03
1.3204454346e+03
1.3230393066e+03
1.3207420654e+03
1.3146169434e+03
1.3146169434e+03
1.3207420654e+03
1.3230393066e+03
1.3204454346e+03
1.0346817627e+03
1.0402801514e+03
1.0243969727e+03
1.0650898438e+03
1.0650898438e+03
1.0243969727e+03
1.0402801514e+03
1.0346817627e+03
7.5240509033e+02
7.4743768311e+02
7.6749920654e+02
7.0462554932e+02
7.0462554932e+02
7.6749920654e+02
7.4743768311e+02
7.5240509033e+02
4.6342443848e+02
4.8052102661e+02
4.3705859375e+02
5.2323992920e+02
5.2323992920e+02
4.3705859375e+02
4.8052102661e+02
4.6342443848e+02
1.9217266846e+02
1.6104598999e+02
2.2388296509e+02
1.4020361328e+02
1.4020361328e+02
2.2388296509e+02
1.6104598999e+02
1.9217266846e+02
-1.1450370789e+02
-6.0943161011e+01
-1.3505145264e+02
-8.0991210938e+01
-8.0991210938e+01
-1.3505145264e+02
-6.0943161011e+01
-1.1450370789e+02
-3.9863885498e+02
-3.3512728882e+02
-4.3407965088e+02
-3.3238830566e+02
-3.3238830566e+02
-4.3407965088e+02
-3.3512728882e+02
-3.9863885498e+02
-6.5317919922e+02
-6.9146759033e+02
-6.0882489014e+02
-7.3595068359e+02
-7.3595068359e+02
-6.0882489014e+02
-6.9146759033e+02
-6.5317919922e+02
-9.4540301514e+02
-9.3077136230e+02
-9.7614593506e+02
-8.6617382812e+02
-8.6617382812e+02
-9.7614593506e+02
-9.3077136230e+02
-9.4540301514e+02
-1.2223997803e+03
-1.2320576172e+03
-1.2002185059e+03
-1.2856719971e+03
-1.2856719971e+03
-1.2002185059e+03
-1.2320576172e+03
-1.2223997803e+03
-1.5024226074e+03
-1.5034375000e+03
-1.5115604248e+03
-1.4660876465e+03
-1.4660876465e+03
-1.5115604248e+03
-1.5034375000e+03
-1.5024226074e+03
-1.7821547852e+03
-1.7869656982e+03
-1.7755828857e+03
-1.7991265869e+03
-1.7991265869e+03
-1.7755828857e+03
-1.7869656982e+03
-1.7821547852e+03
1.4174538574e+03
1.4134931641e+03
1.4176783447e+03
1.4216785889e+03
1.4216785889e+03
1.4176783447e+03
1.4134931641e+03
1.4174538574e+03
1.1155262451e+03
1.1093350830e+03
1.1253079834e+03
1.0888569336e+03
1.0888569336e+03
1.1253079834e+03
1.1093350830e+03
1.1155262451e+03
8.1152441406e+02
8.1535131836e+02
7.9925708008e+02
8.5234698486e+02
8.5234698486e+02
7.9925708008e+02
8.1535131836e+02
8.1152441406e+02
5.1537963867e+02
4.9989413452e+02
5.3857495117e+02
4.6597793579e+02
4.6597793579e+02
5.3857495117e+02
4.9989413452e+02
5.1537963867e+02
2.0452709961e+02
2.3096345520e+02
1.7941821289e+02
2.4779328918e+02
2.4779328918e+02
1.7941821289e+02
2.3096345520e+02
2.0452709961e+02
-7.5186660767e+01
-1.1788131714e+02
-5.9245521545e+01
-1.0183364105e+02
-1.0183364105e+02
-5.9245521545e+01
-1.1788131714e+02
-7.5186660767e+01
-3.7314620972e+02
-4.2285870361e+02
-3.4604824829e+02
-4.2447131348e+02
-4.2447131348e+02
-3.4604824829e+02
-4.2285870361e+02
-3.7314620972e+02
-6.9447302246e+02
-6.6095416260e+02
-7.3034112549e+02
-6.2717578125e+02
-6.2717578125e+02
-7.3034112549e+02
-6.6095416260e+02
-6.9447302246e+02
-9.8363116455e+02
-9.9497216797e+02
-9.5750109863e+02
-1.0477395020e+03
-1.0477395020e+03
-9.5750109863e+02
-9.9497216797e+02
-9.8363116455e+02
-1.2845502930e+03
-1.2746508789e+03
-1.3045482178e+03
-1.2303448486e+03
-1.2303448486e+03
-1.3045482178e+03
-1.2746508789e+03
-1.2845502930e+03
-1.5831936035e+03
-1.5801392822e+03
-1.5757117920e+03
-1.6141269531e+03
-1.6141269531e+03
-1.5757117920e+03
-1.5801392822e+03
-1.5831936035e+03
-1.8802197266e+03
-1.8742355957e+03
-1.8874039307e+03
-1.8650457764e+03
-1.8650457764e+03
-1.8874039307e+03
-1.8742355957e+03
-1.8802197266e+03
1.5051054688e+03
1.5108632812e+03
1.5040611572e+03
1.5018325195e+03
1.5018325195e+03
1.5040611572e+03
1.5108632812e+03
1.5051054688e+03
1.1864144287e+03
1.1942862549e+03
1.1778026123e+03
1.2105245361e+03
1.2105245361e+03
1.1778026123e+03
1.1942862549e+03
1.1864144287e+03
8.7181066895e+02
8.6987109375e+02
8.8228808594e+02
8.3778472900e+02
8.3778472900e+02
8.8228808594e+02
8.6987109375e+02
8.7181066895e+02
5.5041662598e+02
5.6520867920e+02
5.3075494385e+02
5.9229278564e+02
5.9229278564e+02
5.3075494385e+02
5.6520867920e+02
5.5041662598e+02
2.4316722107e+02
2.2142636108e+02
2.6368078613e+02
2.0777223206e+02
2.0777223206e+02
2.6368078613e+02
2.2142636108e+02
2.4316722107e+02
-8.9603073120e+01
-5.5153858185e+01
-1.0156961060e+02
-6.7264022827e+01
-6.7264022827e+01
-1.0156961060e+02
-5.5153858185e+01
-8.9603073120e+01
-4.0615762329e+02
-3.6736483765e+02
-4.2638601685e+02
-3.6599862671e+02
-3.6599862671e+02
-4.2638601685e+02
-3.6736483765e+02
-4.0615762329e+02
-7.0322283936e+02
-7.3261151123e+02
-6.7397338867e+02
-7.5754309082e+02
-7.5754309082e+02
-6.7397338867e+02
-7.3261151123e+02
-7.0322283936e+02
-1.0263393555e+03
-1.0181766968e+03
-1.0481713867e+03
-9.7458624268e+02
-9.7458624268e+02
-1.0481713867e+03
-1.0181766968e+03
-1.0263393555e+03
-1.3393950195e+03
-1.3501156006e+03
-1.3213432617e+03
-1.3856721191e+03
-1.3856721191e+03
-1.3213432617e+03
-1.3501156006e+03
-1.3393950195e+03
-1.6526651611e+03
-1.6584591064e+03
-1.6593056641e+03
-1.6275870361e+03
-1.6275870361e+03
-1.6593056641e+03
-1.6584591064e+03
-1.6526651611e+03
-1.9680456543e+03
-1.9768217773e+03
-1.9619840088e+03
-1.9835798340e+03
-1.9835798340e+03
-1.9619840088e+03
-1.9768217773e+03
-1.9680456543e+03
1.5941196289e+03
1.5855065918e+03
1.5950023193e+03
1.5956210938e+03
1.5956210938e+03
1.5950023193e+03
1.5855065918e+03
1.5941196289e+03
1.2616962891e+03
1.2516518555e+03
1.2691008301e+03
1.2396696777e+03
1.2396696777e+03
1.2691008301e+03
1.2516518555e+03
1.2616962891e+03
9.2557189941e+02
9.2544091797e+02
9.1686578369e+02
9.5411053467e+02
9.5411053467e+02
9.1686578369e+02
9.2544091797e+02
9.2557189941e+02
5.9745599365e+02
5.8302929688e+02
6.1416918945e+02
5.6192480469e+02
5.6192480469e+02
6.1416918945e+02
5.8302929688e+02
5.9745599365e+02
2.5737277222e+02
2.7483770752e+02
2.4053334045e+02
2.8661862183e+02
2.8661862183e+02
2.4053334045e+02
2.7483770752e+02
2.5737277222e+02
-6.0497028351e+01
-8.8532676697e+01
-5.1555755615e+01
-7.9442237854e+01
-7.9442237854e+01
-5.1555755615e+01
-8.8532676697e+01
-6.0497028351e+01
-3.9171676636e+02
-4.2190393066e+02
-3.7686987305e+02
-4.2317190552e+02
-4.2317190552e+02
-3.7686987305e+02
-4.2190393066e+02
-3.9171676636e+02
-7.3837811279e+02
-7.1237707520e+02
-7.6255517578e+02
-6.9478778076e+02
-6.9478778076e+02
-7.6255517578e+02
-7.1237707520e+02
-7.3837811279e+02
-1.0630705566e+03
-1.0680594482e+03
-1.0453710938e+03
-1.1050657959e+03
-1.1050657959e+03
-1.0453710938e+03
-1.0680594482e+03
-1.0630705566e+03
-1.3955889893e+03
-1.3836140137e+03
-1.4124047852e+03
-1.3570089111e+03
-1.3570089111e+03
-1.4124047852e+03
-1.3836140137e+03
-1.3955889893e+03
-1.7292423096e+03
-1.7203016357e+03
-1.7239165039e+03
-1.7499936523e+03
-1.7499936523e+03
-1.7239165039e+03
-1.7203016357e+03
-1.7292423096e+03
-2.0589086914e+03
-2.0475491943e+03
-2.0658225098e+03
-2.0455532227e+03
-2.0455532227e+03
-2.0658225098e+03
-2.0475491943e+03
-2.0589086914e+03
1.6676599121e+03
1.6795769043e+03
1.6662048340e+03
1.6663192139e+03
1.6663192139e+03
1.6662048340e+03
1.6795769043e+03
1.6676599121e+03
1.3195512695e+03
1.3326535645e+03
1.3134010010e+03
1.3394638672e+03
1.3394638672e+03
1.3134010010e+03
1.3326535645e+03
1.3195512695e+03
9.7747082520e+02
9.8005877686e+02
9.8446612549e+02
9.5304284668e+02
9.5304284668e+02
9.8446612549e+02
9.8005877686e+02
9.7747082520e+02
6.2752313232e+02
6.4185461426e+02
6.1299847412e+02
6.5731274414e+02
6.5731274414e+02
6.1299847412e+02
6.4185461426e+02
6.2752313232e+02
2.8875476074e+02
2.7489965820e+02
3.0216592407e+02
2.6384555054e+02
2.6384555054e+02
3.0216592407e+02
2.7489965820e+02
2.8875476074e+02
-6.8369842529e+01
-4.5773880005e+01
-7.5709754944e+01
-5.2703899384e+01
-5.2703899384e+01
-7.5709754944e+01
-4.5773880005e+01
-6.8369842529e+01
-4.1382006836e+02
-3.9124053955e+02
-4.2537326050e+02
-3.9013568115e+02
-3.9013568115e+02
-4.2537326050e+02
-3.9124053955e+02
-4.1382006836e+02
-7.4666125488e+02
-7.7092974854e+02
-7.2770513916e+02
-7.8254119873e+02
-7.8254119873e+02
-7.2770513916e+02
-7.7092974854e+02
-7.4666125488e+02
-1.0975943604e+03
-1.0969515381e+03
-1.1130249023e+03
-1.0648533936e+03
-1.0648533936e+03
-1.1130249023e+03
-1.0969515381e+03
-1.0975943604e+03
-1.4422128906e+03
-1.4572683105e+03
-1.4281566162e+03
-1.4756630859e+03
-1.4756630859e+03
-1.4281566162e+03
-1.4572683105e+03
-1.4422128906e+03
-1.7841025391e+03
-1.7983382568e+03
-1.7906022949e+03
-1.7695242920e+03
-1.7695242920e+03
-1.7906022949e+03
-1.7983382568e+03
-1.7841025391e+03
-2.1320031738e+03
-2.1487543945e+03
-2.1272631836e+03
-2.1462695312e+03
-2.1462695312e+03
-2.1272631836e+03
-2.1487543945e+03
-2.1320031738e+03
1.7489749756e+03
1.7315242920e+03
1.7486646729e+03
1.7484143066e+03
1.7484143066e+03
1.7486646729e+03
1.7315242920e+03
1.7489749756e+03
1.3909858398e+03
1.3729678955e+03
1.3939993896e+03
1.3712391357e+03
1.3712391357e+03
1.3939993896e+03
1.3729678955e+03
1.3909858398e+03
1.0257324219e+03
1.0192164307e+03
1.0186910400e+03
1.0454884033e+03
1.0454884033e+03
1.0186910400e+03
1.0192164307e+03
1.0257324219e+03
6.6947503662e+02
6.5386779785e+02
6.8074902344e+02
6.4317834473e+02
6.4317834473e+02
6.8074902344e+02
6.5386779785e+02
6.6947503662e+02
3.0370678711e+02
3.1335617065e+02
2.9169201660e+02
3.2375790405e+02
3.2375790405e+02
2.9169201660e+02
3.1335617065e+02
3.0370678711e+02
-4.6345836639e+01
-6.5502128601e+01
-4.1523719788e+01
-6.0990505219e+01
-6.0990505219e+01
-4.1523719788e+01
-6.5502128601e+01
-4.6345836639e+01
-4.0643508911e+02
-4.2354913330e+02
-3.9867269897e+02
-4.2571237183e+02
-4.2571237183e+02
-3.9867269897e+02
-4.2354913330e+02
-4.0643508911e+02
-7.7690570068e+02
-7.5420532227e+02
-7.9285253906e+02
-7.4914202881e+02
-7.4914202881e+02
-7.9285253906e+02
-7.5420532227e+02
-7.7690570068e+02
-1.1324967041e+03
-1.1290590820e+03
-1.1201677246e+03
-1.1596323242e+03
-1.1596323242e+03
-1.1201677246e+03
-1.1290590820e+03
-1.1324967041e+03
-1.4935706787e+03
-1.4751525879e+03
-1.5061525879e+03
-1.4666195068e+03
-1.4666195068e+03
-1.5061525879e+03
-1.4751525879e+03
-1.4935706787e+03
-1.8593840332e+03
-1.8392961426e+03
-1.8525488281e+03
-1.8705567627e+03
-1.8705567627e+03
-1.8525488281e+03
-1.8392961426e+03
-1.8593840332e+03
-2.2166633301e+03
-2.1944619141e+03
-2.2213613281e+03
-2.2051127930e+03
-2.2051127930e+03
-2.2213613281e+03
-2.1944619141e+03
-2.2166633301e+03
1.8025555420e+03
1.8266085205e+03
1.8046115723e+03
1.8033802490e+03
1.8033802490e+03
1.8046115723e+03
1.8266085205e+03
1.8025555420e+03
1.4285028076e+03
1.4527393799e+03
1.4291942139e+03
1.4478247070e+03
1.4478247070e+03
1.4291942139e+03
1.4527393799e+03
1.4285028076e+03
1.0651575928e+03
1.0761330566e+03
1.0723305664e+03
1.0484005127e+03
1.0484005127e+03
1.0723305664e+03
1.0761330566e+03
1.0651575928e+03
6.9233361816e+02
7.0921600342e+02
6.8309997559e+02
7.1426959229e+02
7.1426959229e+02
6.8309997559e+02
7.0921600342e+02
6.9233361816e+02
3.2755975342e+02
3.2098947144e+02
3.3714733887e+02
3.0959146118e+02
3.0959146118e+02
3.3714733887e+02
3.2098947144e+02
3.2755975342e+02
-5.0709831238e+01
-3.5384769440e+01
-5.5459049225e+01
-3.9004756927e+01
-3.9004756927e+01
-5.5459049225e+01
-3.5384769440e+01
-5.0709831238e+01
-4.2050546265e+02
-4.0960153198e+02
-4.2780697632e+02
-4.0724581909e+02
-4.0724581909e+02
-4.2780697632e+02
-4.0960153198e+02
-4.2050546265e+02
-7.8205084229e+02
-8.0614849854e+02
-7.7175482178e+02
-8.0617034912e+02
-8.0617034912e+02
-7.7175482178e+02
-8.0614849854e+02
-7.8205084229e+02
-1.1562910156e+03
-1.1667341309e+03
-1.1698826904e+03
-1.1372088623e+03
-1.1372088623e+03
-1.1698826904e+03
-1.1667341309e+03
-1.1562910156e+03
-1.5261789551e+03
-1.5518092041e+03
-1.5197257080e+03
-1.5518084717e+03
-1.5518084717e+03
-1.5197257080e+03
-1.5518092041e+03
-1.5261789551e+03
-1.8905495605e+03
-1.9209093018e+03
-1.9034548340e+03
-1.8874348145e+03
-1.8874348145e+03
-1.9034548340e+03
-1.9209093018e+03
-1.8905495605e+03
-2.2680371094e+03
-2.3005124512e+03
-2.2692102051e+03
-2.2820761719e+03
-2.2820761719e+03
-2.2692102051e+03
-2.3005124512e+03
-2.2680371094e+03
1.8814100342e+03
1.8462877197e+03
1.8712711182e+03
1.8746805420e+03
1.8746805420e+03
1.8712711182e+03
1.8462877197e+03
1.8814100342e+03
1.5046606445e+03
1.4699631348e+03
1.4940961914e+03
1.4795354004e+03
1.4795354004e+03
1.4940961914e+03
1.4699631348e+03
1.5046606445e+03
1.1132121582e+03
1.0941232910e+03
1.1002974854e+03
1.1221103516e+03
1.1221103516e+03
1.1002974854e+03
1.0941232910e+03
1.1132121582e+03
7.3144342041e+02
7.1026293945e+02
7.3452630615e+02
7.0875531006e+02
7.0875531006e+02
7.3452630615e+02
7.1026293945e+02
7.3144342041e+02
3.4311761475e+02
3.4472055054e+02
3.3206091309e+02
3.5577737427e+02
3.5577737427e+02
3.3206091309e+02
3.4472055054e+02
3.4311761475e+02
-3.3746868134e+01
-4.7571487427e+01
-3.1517353058e+01
-4.6100830078e+01
-4.6100830078e+01
-3.1517353058e+01
-4.7571487427e+01
-3.3746868134e+01
-4.1852746582e+02
-4.2507864380e+02
-4.1297647095e+02
-4.2930694580e+02
-4.2930694580e+02
-4.1297647095e+02
-4.2507864380e+02
-4.1852746582e+02
-8.1101281738e+02
-7.8521734619e+02
-8.1699011230e+02
-7.9126544189e+02
-7.9126544189e+02
-8.1699011230e+02
-7.8521734619e+02
-8.1101281738e+02
-1.1937495117e+03
-1.1757800293e+03
-1.1782476807e+03
-1.2067357178e+03
-1.2067357178e+03
-1.1782476807e+03
-1.1757800293e+03
-1.1937495117e+03
-1.5815402832e+03
-1.5471337891e+03
-1.5805214844e+03
-1.5565140381e+03
-1.5565140381e+03
-1.5805214844e+03
-1.5471337891e+03
-1.5815402832e+03
-1.9765601807e+03
-1.9337677002e+03
-1.9553161621e+03
-1.9716166992e+03
-1.9716166992e+03
-1.9553161621e+03
-1.9337677002e+03
-1.9765601807e+03
-2.3539897461e+03
-2.3094536133e+03
-2.3457373047e+03
-2.3383095703e+03
-2.3383095703e+03
-2.3457373047e+03
-2.3094536133e+03
-2.3539897461e+03
1.8986717529e+03
1.9477957764e+03
1.9222590332e+03
1.9159525146e+03
1.9159525146e+03
1.9222590332e+03
1.9477957764e+03
1.8986717529e+03
1.5009361572e+03
1.5490229492e+03
1.5266635742e+03
1.5371204834e+03
1.5371204834e+03
1.5266635742e+03
1.5490229492e+03
1.5009361572e+03
1.1236447754e+03
1.1527557373e+03
1.1461859131e+03
1.1256628418e+03
1.1256628418e+03
1.1461859131e+03
1.1527557373e+03
1.1236447754e+03
7.3732318115e+02
7.6344042969e+02
7.4138586426e+02
7.6215032959e+02
7.6215032959e+02
7.4138586426e+02
7.6344042969e+02
7.3732318115e+02
3.5553961182e+02
3.5775769043e+02
3.6716900635e+02
3.4602658081e+02
3.4602658081e+02
3.6716900635e+02
3.5775769043e+02
3.5553961182e+02
-3.6983402252e+01
-2.6230264664e+01
-4.0396644592e+01
-2.7894716263e+01
-2.7894716263e+01
-4.0396644592e+01
-2.6230264664e+01
-3.6983402252e+01
-4.2303149414e+02
-4.2359970093e+02
-4.3317611694e+02
-4.2075607300e+02
-4.2075607300e+02
-4.3317611694e+02
-4.2359970093e+02
-4.2303149414e+02
-8.0283508301e+02
-8.3563189697e+02
-8.0930163574e+02
-8.2858032227e+02
-8.2858032227e+02
-8.0930163574e+02
-8.3563189697e+02
-8.0283508301e+02
-1.1915115967e+03
-1.2231572266e+03
-1.2203182373e+03
-1.1959738770e+03
-1.1959738770e+03
-1.2203182373e+03
-1.2231572266e+03
-1.1915115967e+03
-1.5763446045e+03
-1.6272453613e+03
-1.5982312012e+03
-1.6161284180e+03
-1.6161284180e+03
-1.5982312012e+03
-1.6272453613e+03
-1.5763446045e+03
-1.9560980225e+03
-2.0197252197e+03
-2.0006199951e+03
-1.9847016602e+03
-1.9847016602e+03
-2.0006199951e+03
-2.0197252197e+03
-1.9560980225e+03
-2.3618891602e+03
-2.4271791992e+03
-2.3923164062e+03
-2.3951538086e+03
-2.3951538086e+03
-2.3923164062e+03
-2.4271791992e+03
-2.3618891602e+03
1.9990563965e+03
1.9304528809e+03
1.9477633057e+03
1.9541975098e+03
1.9541975098e+03
1.9477633057e+03
1.9304528809e+03
1.9990563965e+03
1.6128312988e+03
1.5459744873e+03
1.5585983887e+03
1.5490870361e+03
1.5490870361e+03
1.5585983887e+03
1.5459744873e+03
1.6128312988e+03
1.1995563965e+03
1.1550666504e+03
1.1549602051e+03
1.1720518799e+03
1.1720518799e+03
1.1549602051e+03
1.1550666504e+03
1.1995563965e+03
7.9175372314e+02
7.5621154785e+02
7.7116613770e+02
7.5272766113e+02
7.5272766113e+02
7.7116613770e+02
7.5621154785e+02
7.9175372314e+02
3.7968280029e+02
3.7062521362e+02
3.6064556885e+02
3.7846783447e+02
3.7846783447e+02
3.6064556885e+02
3.7062521362e+02
3.7968280029e+02
-2.3581878662e+01
-3.3948211670e+01
-2.2446739197e+01
-3.3804199219e+01
-3.3804199219e+01
-2.2446739197e+01
-3.3948211670e+01
-2.3581878662e+01
-4.3405587769e+02
-4.2797399902e+02
-4.1932409668e+02
-4.2855905151e+02
-4.2855905151e+02
-4.1932409668e+02
-4.2797399902e+02
-4.3405587769e+02
-8.5173712158e+02
-8.1131384277e+02
-8.2997119141e+02
-8.1510992432e+02
-8.1510992432e+02
-8.2997119141e+02
-8.1131384277e+02
-8.5173712158e+02
-1.2627282715e+03
-1.2160968018e+03
-1.2138968506e+03
-1.2333791504e+03
-1.2333791504e+03
-1.2138968506e+03
-1.2160968018e+03
-1.2627282715e+03
-1.6779738770e+03
-1.6081169434e+03
-1.6261441650e+03
-1.6115036621e+03
-1.6115036621e+03
-1.6261441650e+03
-1.6081169434e+03
-1.6779738770e+03
-2.0962531738e+03
-2.0093446045e+03
-2.0182207031e+03
-2.0317895508e+03
-2.0317895508e+03
-2.0182207031e+03
-2.0093446045e+03
-2.0962531738e+03
-2.4824169922e+03
-2.3939882812e+03
-2.4191323242e+03
-2.4185444336e+03
-2.4185444336e+03
-2.4191323242e+03
-2.3939882812e+03
-2.4824169922e+03
1.9447678223e+03
2.0241142578e+03
2.0225261230e+03
2.0197867432e+03
2.0197867432e+03
2.0225261230e+03
2.0241142578e+03
1.9447678223e+03
1.5275893555e+03
1.6049277344e+03
1.6074500732e+03
1.6194731445e+03
1.6194731445e+03
1.6074500732e+03
1.6049277344e+03
1.5275893555e+03
1.1401584473e+03
1.1939422607e+03
1.2051285400e+03
1.1935329590e+03
1.1935329590e+03
1.2051285400e+03
1.1939422607e+03
1.1401584473e+03
7.5163787842e+02
7.9194311523e+02
7.8624145508e+02
8.0437677002e+02
8.0437677002e+02
7.8624145508e+02
7.9194311523e+02
7.5163787842e+02
3.6673794556e+02
3.7871810913e+02
3.9006161499e+02
3.7539410400e+02
3.7539410400e+02
3.9006161499e+02
3.7871810913e+02
3.6673794556e+02
-2.6768743515e+01
-1.8870424271e+01
-2.9918245316e+01
-2.0466852188e+01
-2.0466852188e+01
-2.9918245316e+01
-1.8870424271e+01
-2.6768743515e+01
-4.1400454712e+02
-4.2641036987e+02
-4.3896347046e+02
-4.3456796265e+02
-4.3456796265e+02
-4.3896347046e+02
-4.2641036987e+02
-4.1400454712e+02
-7.9548468018e+02
-8.4399737549e+02
-8.3903088379e+02
-8.5406890869e+02
-8.5406890869e+02
-8.3903088379e+02
-8.4399737549e+02
-7.9548468018e+02
-1.1858854980e+03
-1.2459887695e+03
-1.2624342041e+03
-1.2519449463e+03
-1.2519449463e+03
-1.2624342041e+03
-1.2459887695e+03
-1.1858854980e+03
-1.5762624512e+03
-1.6619516602e+03
-1.6652534180e+03
-1.6831102295e+03
-1.6831102295e+03
-1.6652534180e+03
-1.6619516602e+03
-1.5762624512e+03
-1.9712115479e+03
-2.0754255371e+03
-2.0884880371e+03
-2.0835295410e+03
-2.0835295410e+03
-2.0884880371e+03
-2.0754255371e+03
-1.9712115479e+03
-2.4028613281e+03
-2.5086928711e+03
-2.5073225098e+03
-2.5130346680e+03
-2.5130346680e+03
-2.5073225098e+03
-2.5086928711e+03
-2.4028613281e+03
2.0501994629e+03
2.0079285889e+03
2.0030968018e+03
2.0040815430e+03
2.0040815430e+03
2.0030968018e+03
2.0079285889e+03
2.0501994629e+03
1.6520078125e+03
1.6091956787e+03
1.6036915283e+03
1.5920853271e+03
1.5920853271e+03
1.6036915283e+03
1.6091956787e+03
1.6520078125e+03
1.2357585449e+03
1.2062546387e+03
1.1935998535e+03
1.2028704834e+03
1.2028704834e+03
1.1935998535e+03
1.2062546387e+03
1.2357585449e+03
8.1836981201e+02
7.9452423096e+02
7.9709777832e+02
7.8042974854e+02
7.8042974854e+02
7.9709777832e+02
7.9452423096e+02
8.1836981201e+02
3.9767098999e+02
3.9173809814e+02
3.8007015991e+02
3.9202893066e+02
3.9202893066e+02
3.8007015991e+02
3.9173809814e+02
3.9767098999e+02
-1.5468033791e+01
-2.5745800018e+01
-1.8031169891e+01
-2.7320205688e+01
-2.7320205688e+01
-1.8031169891e+01
-2.5745800018e+01
-1.5468033791e+01
-4.3684634399e+02
-4.3636364746e+02
-4.2714273071e+02
-4.3036120605e+02
-4.3036120605e+02
-4.2714273071e+02
-4.3636364746e+02
-4.3684634399e+02
-8.6611798096e+02
-8.4049694824e+02
-8.4427258301e+02
-8.3291143799e+02
-8.3291143799e+02
-8.4427258301e+02
-8.4049694824e+02
-8.6611798096e+02
-1.2872209473e+03
-1.2587856445e+03
-1.2439886475e+03
-1.2521469727e+03
-1.2521469727e+03
-1.2439886475e+03
-1.2587856445e+03
-1.2872209473e+03
-1.7096048584e+03
-1.6662600098e+03
-1.6619417725e+03
-1.6474345703e+03
-1.6474345703e+03
-1.6619417725e+03
-1.6662600098e+03
-1.7096048584e+03
-2.1292253418e+03
-2.0775874023e+03
-2.0647380371e+03
-2.0684653320e+03
-2.0684653320e+03
-2.0647380371e+03
-2.0775874023e+03
-2.1292253418e+03
-2.5315605469e+03
-2.4798571777e+03
-2.4752673340e+03
-2.4694577637e+03
-2.4694577637e+03
-2.4752673340e+03
-2.4798571777e+03
-2.5315605469e+03
2.0642043457e+03
2.0240632324e+03
2.0206866455e+03
2.0156938477e+03
2.0156938477e+03
2.0206866455e+03
2.0240632324e+03
2.0642043457e+03
1.6625087891e+03
1.6230854492e+03
1.6128112793e+03
1.6173330078e+03
1.6173330078e+03
1.6128112793e+03
1.6230854492e+03
1.6625087891e+03
1.2454519043e+03
1.2138682861e+03
1.2113111572e+03
1.1975540771e+03
1.1975540771e+03
1.2113111572e+03
1.2138682861e+03
1.2454519043e+03
8.2376068115e+02
8.0700927734e+02
7.9572662354e+02
8.0575598145e+02
8.0575598145e+02
7.9572662354e+02
8.0700927734e+02
8.2376068115e+02
4.0330569458e+02
3.9119964600e+02
3.9491598511e+02
3.8221295166e+02
3.8221295166e+02
3.9491598511e+02
3.9119964600e+02
4.0330569458e+02
-1.8678680420e+01
-1.5710924149e+01
-2.3083145142e+01
-1.5237579346e+01
-1.5237579346e+01
-2.3083145142e+01
-1.5710924149e+01
-1.8678680420e+01
-4.4289266968e+02
-4.2963043213e+02
-4.3334368896e+02
-4.2993472290e+02
-4.2993472290e+02
-4.3334368896e+02
-4.2963043213e+02
-4.4289266968e+02
-8.6895715332e+02
-8.4980590820e+02
-8.3909814453e+02
-8.4383892822e+02
-8.4383892822e+02
-8.3909814453e+02
-8.4980590820e+02
-8.6895715332e+02
-1.2967468262e+03
-1.2605579834e+03
-1.2593898926e+03
-1.2472938232e+03
-1.2472938232e+03
-1.2593898926e+03
-1.2605579834e+03
-1.2967468262e+03
-1.7201955566e+03
-1.6794248047e+03
-1.6648442383e+03
-1.6690904541e+03
-1.6690904541e+03
-1.6648442383e+03
-1.6794248047e+03
-1.7201955566e+03
-2.1454853516e+03
-2.0898764648e+03
-2.0818098145e+03
-2.0714538574e+03
-2.0714538574e+03
-2.0818098145e+03
-2.0898764648e+03
-2.1454853516e+03
-2.5497343750e+03
-2.4955476074e+03
-2.4892524414e+03
-2.4889514160e+03
-2.4889514160e+03
-2.4892524414e+03
-2.4955476074e+03
-2.5497343750e+03
1.9916093750e+03
2.0703049316e+03
2.0674621582e+03
2.0707575684e+03
2.0707575684e+03
2.0674621582e+03
2.0703049316e+03
1.9916093750e+03
1.5663291016e+03
1.6422492676e+03
1.6503486328e+03
1.6461785889e+03
1.6461785889e+03
1.6503486328e+03
1.6422492676e+03
1.5663291016e+03
1.1692916260e+03
1.2270162354e+03
1.2286005859e+03
1.2408118896e+03
1.2408118896e+03
1.2286005859e+03
1.2270162354e+03
1.1692916260e+03
7.7442614746e+02
8.0928137207e+02
8.1842694092e+02
8.0949139404e+02
8.0949139404e+02
8.1842694092e+02
8.0928137207e+02
7.7442614746e+02
3.7823950195e+02
3.9842791748e+02
3.9453945923e+02
4.0532818604e+02
4.0532818604e+02
3.9453945923e+02
3.9842791748e+02
3.7823950195e+02
-1.7490169525e+01
-2.1386913300e+01
-1.6266082764e+01
-2.3987667084e+01
-2.3987667084e+01
-1.6266082764e+01
-2.1386913300e+01
-1.7490169525e+01
-4.1337725830e+02
-4.3717468262e+02
-4.3550091553e+02
-4.3832415771e+02
-4.3832415771e+02
-4.3550091553e+02
-4.3717468262e+02
-4.1337725830e+02
-8.1017156982e+02
-8.4997277832e+02
-8.5960980225e+02
-8.5727673340e+02
-8.5727673340e+02
-8.5960980225e+02
-8.4997277832e+02
-8.1017156982e+02
-1.2059990234e+03
-1.2721358643e+03
-1.2738271484e+03
-1.2843631592e+03
-1.2843631592e+03
-1.2738271484e+03
-1.2721358643e+03
-1.2059990234e+03
-1.6078272705e+03
-1.6890521240e+03
-1.7020930176e+03
-1.7001173096e+03
-1.7001173096e+03
-1.7020930176e+03
-1.6890521240e+03
-1.6078272705e+03
-2.0099091797e+03
-2.1160185547e+03
-2.1234055176e+03
-2.1327568359e+03
-2.1327568359e+03
-2.1234055176e+03
-2.1160185547e+03
-2.0099091797e+03
-2.4509814453e+03
-2.5577421875e+03
-2.5578540039e+03
-2.5577973633e+03
-2.5577973633e+03
-2.5578540039e+03
-2.5577421875e+03
-2.4509814453e+03
2.0749020996e+03
2.0058142090e+03
2.0242803955e+03
2.0245604248e+03
2.0245604248e+03
2.0242803955e+03
2.0058142090e+03
2.0749020996e+03
1.6764102783e+03
1.6102974854e+03
1.6170236816e+03
1.6242734375e+03
1.6242734375e+03
1.6170236816e+03
1.6102974854e+03
1.6764102783e+03
1.2511723633e+03
1.2024122314e+03
1.2124747314e+03
1.2047940674e+03
1.2047940674e+03
1.2124747314e+03
1.2024122314e+03
1.2511723633e+03
8.2805108643e+02
7.9814959717e+02
7.9785089111e+02
8.0791314697e+02
8.0791314697e+02
7.9785089111e+02
7.9814959717e+02
8.2805108643e+02
4.0553140259e+02
3.8765621948e+02
3.9431939697e+02
3.8571649170e+02
3.8571649170e+02
3.9431939697e+02
3.8765621948e+02
4.0553140259e+02
-1.8220718384e+01
-1.6081565857e+01
-2.1305278778e+01
-1.4735855103e+01
-1.4735855103e+01
-2.1305278778e+01
-1.6081565857e+01
-1.8220718384e+01
-4.4287402344e+02
-4.2455023193e+02
-4.3111560059e+02
-4.3129913330e+02
-4.3129913330e+02
-4.3111560059e+02
-4.2455023193e+02
-4.4287402344e+02
-8.6804046631e+02
-8.3711761475e+02
-8.3934112549e+02
-8.4381799316e+02
-8.4381799316e+02
-8.3934112549e+02
-8.3711761475e+02
-8.6804046631e+02
-1.2975006104e+03
-1.2446590576e+03
-1.2578577881e+03
-1.2541173096e+03
-1.2541173096e+03
-1.2578577881e+03
-1.2446590576e+03
-1.2975006104e+03
-1.7253165283e+03
-1.6603195801e+03
-1.6680447998e+03
-1.6748010254e+03
-1.6748010254e+03
-1.6680447998e+03
-1.6603195801e+03
-1.7253165283e+03
-2.1607097168e+03
-2.0727739258e+03
-2.0878215332e+03
-2.0861696777e+03
-2.0861696777e+03
-2.0878215332e+03
-2.0727739258e+03
-2.1607097168e+03
-2.5633576660e+03
-2.4754260254e+03
-2.4993198242e+03
-2.5049653320e+03
-2.5049653320e+03
-2.4993198242e+03
-2.4754260254e+03
-2.5633576660e+03
2.0022147217e+03
2.0519130859e+03
2.0248427734e+03
2.0246760254e+03
2.0246760254e+03
2.0248427734e+03
2.0519130859e+03
2.0022147217e+03
1.5872172852e+03
1.6340670166e+03
1.6175456543e+03
1.6101850586e+03
1.6101850586e+03
1.6175456543e+03
1.6340670166e+03
1.5872172852e+03
1.1917882080e+03
1.2246153564e+03
1.2067551270e+03
1.2124033203e+03
1.2124033203e+03
1.2067551270e+03
1.2246153564e+03
1.1917882080e+03
7.8961993408e+02
8.0893157959e+02
8.0268652344e+02
7.9276519775e+02
7.9276519775e+02
8.0268652344e+02
8.0893157959e+02
7.8961993408e+02
3.8594097900e+02
3.9713363647e+02
3.8773495483e+02
3.9459716797e+02
3.9459716797e+02
3.8773495483e+02
3.9713363647e+02
3.8594097900e+02
-1.8341070175e+01
-2.1957786560e+01
-1.8484792709e+01
-2.4988847733e+01
-2.4988847733e+01
-1.8484792709e+01
-2.1957786560e+01
-1.8341070175e+01
-4.2370343018e+02
-4.3869641113e+02
-4.3139248657e+02
-4.3081997681e+02
-4.3081997681e+02
-4.3139248657e+02
-4.3869641113e+02
-4.2370343018e+02
-8.3108813477e+02
-8.5405755615e+02
-8.4699792480e+02
-8.4382116699e+02
-8.4382116699e+02
-8.4699792480e+02
-8.5405755615e+02
-8.3108813477e+02
-1.2362402344e+03
-1.2753776855e+03
-1.2563281250e+03
-1.2586259766e+03
-1.2586259766e+03
-1.2563281250e+03
-1.2753776855e+03
-1.2362402344e+03
-1.6448768311e+03
-1.6916059570e+03
-1.6741876221e+03
-1.6684643555e+03
-1.6684643555e+03
-1.6741876221e+03
-1.6916059570e+03
-1.6448768311e+03
-2.0453295898e+03
-2.1105297852e+03
-2.0852961426e+03
-2.0863078613e+03
-2.0863078613e+03
-2.0852961426e+03
-2.1105297852e+03
-2.0453295898e+03
-2.4732778320e+03
-2.5379824219e+03
-2.5048603516e+03
-2.5010974121e+03
-2.5010974121e+03
-2.5048603516e+03
-2.5379824219e+03
-2.4732778320e+03
2.0118789062e+03
1.9756906738e+03
2.0021790771e+03
1.9991395264e+03
1.9991395264e+03
2.0021790771e+03
1.9756906738e+03
2.0118789062e+03
1.6133378906e+03
1.5796612549e+03
1.5973557129e+03
1.6017165527e+03
1.6017165527e+03
1.5973557129e+03
1.5796612549e+03
1.6133378906e+03
1.2001065674e+03
1.1768372803e+03
1.1948701172e+03
1.1881384277e+03
1.1881384277e+03
1.1948701172e+03
1.1768372803e+03
1.2001065674e+03
7.9347412109e+02
7.7933459473e+02
7.8598028564e+02
7.9342340088e+02
7.9342340088e+02
7.8598028564e+02
7.7933459473e+02
7.9347412109e+02
3.8583340454e+02
3.7682418823e+02
3.8488510132e+02
3.7781823730e+02
3.7781823730e+02
3.8488510132e+02
3.7682418823e+02
3.8583340454e+02
-2.2760725021e+01
-2.1036291122e+01
-2.5115837097e+01
-1.9698907852e+01
-1.9698907852e+01
-2.5115837097e+01
-2.1036291122e+01
-2.2760725021e+01
-4.3210003662e+02
-4.2262399292e+02
-4.3101379395e+02
-4.3209475708e+02
-4.3209475708e+02
-4.3101379395e+02
-4.2262399292e+02
-4.3210003662e+02
-8.4092126465e+02
-8.2692108154e+02
-8.3667913818e+02
-8.3836035156e+02
-8.3836035156e+02
-8.3667913818e+02
-8.2692108154e+02
-8.4092126465e+02
-1.2537352295e+03
-1.2280534668e+03
-1.2489964600e+03
-1.2466823730e+03
-1.2466823730e+03
-1.2489964600e+03
-1.2280534668e+03
-1.2537352295e+03
-1.6649173584e+03
-1.6352260742e+03
-1.6563345947e+03
-1.6594859619e+03
-1.6594859619e+03
-1.6563345947e+03
-1.6352260742e+03
-1.6649173584e+03
-2.0874843750e+03
-2.0434937744e+03
-2.0719365234e+03
-2.0694025879e+03
-2.0694025879e+03
-2.0719365234e+03
-2.0434937744e+03
-2.0874843750e+03
-2.4922949219e+03
-2.4490383301e+03
-2.4835634766e+03
-2.4836184082e+03
-2.4836184082e+03
-2.4835634766e+03
-2.4490383301e+03
-2.4922949219e+03
1.9561428223e+03
1.9808028564e+03
1.9568350830e+03
1.9622158203e+03
1.9622158203e+03
1.9568350830e+03
1.9808028564e+03
1.9561428223e+03
1.5565889893e+03
1.5790327148e+03
1.5620578613e+03
1.5599974365e+03
1.5599974365e+03
1.5620578613e+03
1.5790327148e+03
1.5565889893e+03
1.1665334473e+03
1.1812769775e+03
1.1642569580e+03
1.1715898438e+03
1.1715898438e+03
1.1642569580e+03
1.1812769775e+03
1.1665334473e+03
7.6903137207e+02
7.7753125000e+02
7.7065704346e+02
7.6484533691e+02
7.6484533691e+02
7.7065704346e+02
7.7753125000e+02
7.6903137207e+02
3.7232528687e+02
3.7739083862e+02
3.6954785156e+02
3.7602499390e+02
3.7602499390e+02
3.6954785156e+02
3.7739083862e+02
3.7232528687e+02
-2.5017675400e+01
-2.8011169434e+01
-2.5341604233e+01
-3.0801422119e+01
-3.0801422119e+01
-2.5341604233e+01
-2.8011169434e+01
-2.5017675400e+01
-4.2313998413e+02
-4.3164309692e+02
-4.2527487183e+02
-4.2505551147e+02
-4.2505551147e+02
-4.2527487183e+02
-4.3164309692e+02
-4.2313998413e+02
-8.2386920166e+02
-8.3483337402e+02
-8.2688494873e+02
-8.2785791016e+02
-8.2785791016e+02
-8.2688494873e+02
-8.3483337402e+02
-8.2386920166e+02
-1.2229724121e+03
-1.2426320801e+03
-1.2252364502e+03
-1.2292927246e+03
-1.2292927246e+03
-1.2252364502e+03
-1.2426320801e+03
-1.2229724121e+03
-1.6264517822e+03
-1.6479517822e+03
-1.6298391113e+03
-1.6306784668e+03
-1.6306784668e+03
-1.6298391113e+03
-1.6479517822e+03
-1.6264517822e+03
-2.0217226562e+03
-2.0542275391e+03
-2.0297662354e+03
-2.0354261475e+03
-2.0354261475e+03
-2.0297662354e+03
-2.0542275391e+03
-2.0217226562e+03
-2.4320007324e+03
-2.4638452148e+03
-2.4350612793e+03
-2.4396875000e+03
-2.4396875000e+03
-2.4350612793e+03
-2.4638452148e+03
-2.4320007324e+03
1.9238840332e+03
1.9053776855e+03
1.9243176270e+03
1.9168594971e+03
1.9168594971e+03
1.9243176270e+03
1.9053776855e+03
1.9238840332e+03
1.5363662109e+03
1.5197545166e+03
1.5332543945e+03
1.5330230713e+03
1.5330230713e+03
1.5332543945e+03
1.5197545166e+03
1.5363662109e+03
1.1417047119e+03
1.1305255127e+03
1.1439830322e+03
1.1356695557e+03
1.1356695557e+03
1.1439830322e+03
1.1305255127e+03
1.1417047119e+03
7.5264172363e+02
7.4563568115e+02
7.5035620117e+02
7.5416082764e+02
7.5416082764e+02
7.5035620117e+02
7.4563568115e+02
7.5264172363e+02
3.6083660889e+02
3.5610662842e+02
3.6170516968e+02
3.5502233887e+02
3.5502233887e+02
3.6170516968e+02
3.5610662842e+02
3.6083660889e+02
-3.1475229263e+01
-3.0148504257e+01
-3.3417400360e+01
-2.8832092285e+01
-2.8832092285e+01
-3.3417400360e+01
-3.0148504257e+01
-3.1475229263e+01
-4.2472756958e+02
-4.1947210693e+02
-4.2567904663e+02
-4.2613742065e+02
-4.2613742065e+02
-4.2567904663e+02
-4.1947210693e+02
-4.2472756958e+02
-8.1702575684e+02
-8.1071746826e+02
-8.1830548096e+02
-8.1634356689e+02
-8.1634356689e+02
-8.1830548096e+02
-8.1071746826e+02
-8.1702575684e+02
-1.2126842041e+03
-1.1998452148e+03
-1.2151162109e+03
-1.2108692627e+03
-1.2108692627e+03
-1.2151162109e+03
-1.1998452148e+03
-1.2126842041e+03
-1.6057856445e+03
-1.5925394287e+03
-1.6086083984e+03
-1.6059041748e+03
-1.6059041748e+03
-1.6086083984e+03
-1.5925394287e+03
-1.6057856445e+03
-2.0081362305e+03
-1.9864841309e+03
-2.0079561768e+03
-2.0013293457e+03
-2.0013293457e+03
-2.0079561768e+03
-1.9864841309e+03
-2.0081362305e+03
-2.4016909180e+03
-2.3807846680e+03
-2.4052497559e+03
-2.3986643066e+03
-2.3986643066e+03
-2.4052497559e+03
-2.3807846680e+03
-2.4016909180e+03
1.8598625488e+03
1.8722312012e+03
1.8565860596e+03
1.8642773438e+03
1.8642773438e+03
1.8565860596e+03
1.8722312012e+03
1.8598625488e+03
1.4795299072e+03
1.4903989258e+03
1.4789840088e+03
1.4798347168e+03
1.4798347168e+03
1.4789840088e+03
1.4903989258e+03
1.4795299072e+03
1.1037869873e+03
1.1107224121e+03
1.0993179932e+03
1.1072514648e+03
1.1072514648e+03
1.0993179932e+03
1.1107224121e+03
1.1037869873e+03
7.2253918457e+02
7.2657019043e+02
7.2239868164e+02
7.1923553467e+02
7.1923553467e+02
7.2239868164e+02
7.2657019043e+02
7.2253918457e+02
3.4343939209e+02
3.4578265381e+02
3.4061944580e+02
3.4648724365e+02
3.4648724365e+02
3.4061944580e+02
3.4578265381e+02
3.4343939209e+02
-3.6666152954e+01
-3.9036571503e+01
-3.6902473450e+01
-4.1551414490e+01
-4.1551414490e+01
-3.6902473450e+01
-3.9036571503e+01
-3.6666152954e+01
-4.1706610107e+02
-4.2239627075e+02
-4.1811999512e+02
-4.1819311523e+02
-4.1819311523e+02
-4.1811999512e+02
-4.2239627075e+02
-4.1706610107e+02
-7.9997210693e+02
-8.0556134033e+02
-8.0029736328e+02
-8.0357092285e+02
-8.0357092285e+02
-8.0029736328e+02
-8.0556134033e+02
-7.9997210693e+02
-1.1813480225e+03
-1.1920196533e+03
-1.1807427979e+03
-1.1855793457e+03
-1.1855793457e+03
-1.1807427979e+03
-1.1920196533e+03
-1.1813480225e+03
-1.5671645508e+03
-1.5775279541e+03
-1.5656408691e+03
-1.5701707764e+03
-1.5701707764e+03
-1.5656408691e+03
-1.5775279541e+03
-1.5671645508e+03
-1.9471914062e+03
-1.9640509033e+03
-1.9477451172e+03
-1.9553480225e+03
-1.9553480225e+03
-1.9477451172e+03
-1.9640509033e+03
-1.9471914062e+03
-2.3354792480e+03
-2.3517849121e+03
-2.3335839844e+03
-2.3417744141e+03
-2.3417744141e+03
-2.3335839844e+03
-2.3517849121e+03
-2.3354792480e+03
1.8007696533e+03
1.7912159424e+03
1.8027532959e+03
1.7949396973e+03
1.7949396973e+03
1.8027532959e+03
1.7912159424e+03
1.8007696533e+03
1.4331586914e+03
1.4248945312e+03
1.4332717285e+03
1.4318431396e+03
1.4318431396e+03
1.4332717285e+03
1.4248945312e+03
1.4331586914e+03
1.0620395508e+03
1.0564622803e+03
1.0648873291e+03
1.0571346436e+03
1.0571346436e+03
1.0648873291e+03
1.0564622803e+03
1.0620395508e+03
6.9499853516e+02
6.9134954834e+02
6.9381195068e+02
6.9610314941e+02
6.9610314941e+02
6.9381195068e+02
6.9134954834e+02
6.9499853516e+02
3.2484664917e+02
3.2237136841e+02
3.2583398438e+02
3.2018255615e+02
3.2018255615e+02
3.2583398438e+02
3.2237136841e+02
3.2484664917e+02
-4.4966636658e+01
-4.3865345001e+01
-4.6458778381e+01
-4.2486637115e+01
-4.2486637115e+01
-4.6458778381e+01
-4.3865345001e+01
-4.4966636658e+01
-4.1576281738e+02
-4.1249395752e+02
-4.1667678833e+02
-4.1701123047e+02
-4.1701123047e+02
-4.1667678833e+02
-4.1249395752e+02
-4.1576281738e+02
-7.8540307617e+02
-7.8250579834e+02
-7.8739166260e+02
-7.8417901611e+02
-7.8417901611e+02
-7.8739166260e+02
-7.8250579834e+02
-7.8540307617e+02
-1.1579787598e+03
-1.1511746826e+03
-1.1607861328e+03
-1.1567363281e+03
-1.1567363281e+03
-1.1607861328e+03
-1.1511746826e+03
-1.1579787598e+03
-1.5279698486e+03
-1.5220062256e+03
-1.5320792236e+03
-1.5275600586e+03
-1.5275600586e+03
-1.5320792236e+03
-1.5220062256e+03
-1.5279698486e+03
-1.9043183594e+03
-1.8934149170e+03
-1.9072169189e+03
-1.9005056152e+03
-1.9005056152e+03
-1.9072169189e+03
-1.8934149170e+03
-1.9043183594e+03
-2.2762346191e+03
-2.2660874023e+03
-2.2811801758e+03
-2.2735671387e+03
-2.2735671387e+03
-2.2811801758e+03
-2.2660874023e+03
-2.2762346191e+03
1.7222543945e+03
1.7283336182e+03
1.7189879150e+03
1.7258002930e+03
1.7258002930e+03
1.7189879150e+03
1.7283336182e+03
1.7222543945e+03
1.3665694580e+03
1.3718266602e+03
1.3649753418e+03
1.3659576416e+03
1.3659576416e+03
1.3649753418e+03
1.3718266602e+03
1.3665694580e+03
1.0135979614e+03
1.0169364624e+03
1.0100391846e+03
1.0167880249e+03
1.0167880249e+03
1.0100391846e+03
1.0169364624e+03
1.0135979614e+03
6.5683703613e+02
6.5881945801e+02
6.5671661377e+02
6.5444171143e+02
6.5444171143e+02
6.5671661377e+02
6.5881945801e+02
6.5683703613e+02
3.0270642090e+02
3.0373928833e+02
3.0060290527e+02
3.0537969971e+02
3.0537969971e+02
3.0060290527e+02
3.0373928833e+02
3.0270642090e+02
-5.2721729279e+01
-5.4509819031e+01
-5.2694583893e+01
-5.6665370941e+01
-5.6665370941e+01
-5.2694583893e+01
-5.4509819031e+01
-5.2721729279e+01
-4.0791567993e+02
-4.1141552734e+02
-4.0851062012e+02
-4.0839276123e+02
-4.0839276123e+02
-4.0851062012e+02
-4.1141552734e+02
-4.0791567993e+02
-7.6523382568e+02
-7.6807043457e+02
-7.6477478027e+02
-7.6834252930e+02
-7.6834252930e+02
-7.6477478027e+02
-7.6807043457e+02
-7.6523382568e+02
-1.1209011230e+03
-1.1268701172e+03
-1.1199761963e+03
-1.1237728271e+03
-1.1237728271e+03
-1.1199761963e+03
-1.1268701172e+03
-1.1209011230e+03
-1.4801481934e+03
-1.4851424561e+03
-1.4780321045e+03
-1.4828680420e+03
-1.4828680420e+03
-1.4780321045e+03
-1.4851424561e+03
-1.4801481934e+03
-1.8356544189e+03
-1.8445346680e+03
-1.8344699707e+03
-1.8407944336e+03
-1.8407944336e+03
-1.8344699707e+03
-1.8445346680e+03
-1.8356544189e+03
-2.1956826172e+03
-2.2041044922e+03
-2.1934194336e+03
-2.2008974609e+03
-2.2008974609e+03
-2.1934194336e+03
-2.2041044922e+03
-2.1956826172e+03
1.6415712891e+03
1.6368247070e+03
1.6433623047e+03
1.6371986084e+03
1.6371986084e+03
1.6433623047e+03
1.6368247070e+03
1.6415712891e+03
1.3011065674e+03
1.2971645508e+03
1.3019881592e+03
1.3011948242e+03
1.3011948242e+03
1.3019881592e+03
1.2971645508e+03
1.3011065674e+03
9.5874517822e+02
9.5608947754e+02
9.6104669189e+02
9.5498876953e+02
9.5498876953e+02
9.6104669189e+02
9.5608947754e+02
9.5874517822e+02
6.1972564697e+02
6.1795123291e+02
6.1905419922e+02
6.2106774902e+02
6.2106774902e+02
6.1905419922e+02
6.1795123291e+02
6.1972564697e+02
2.7789685059e+02
2.7680657959e+02
2.7886724854e+02
2.7452508545e+02
2.7452508545e+02
2.7886724854e+02
2.7680657959e+02
2.7789685059e+02
-6.2823524475e+01
-6.1781196594e+01
-6.3834163666e+01
-6.0321262360e+01
-6.0321262360e+01
-6.3834163666e+01
-6.1781196594e+01
-6.2823524475e+01
-4.0441397095e+02
-4.0208468628e+02
-4.0493490601e+02
-4.0536944580e+02
-4.0536944580e+02
-4.0493490601e+02
-4.0208468628e+02
-4.0441397095e+02
-7.4463354492e+02
-7.4324609375e+02
-7.4631579590e+02
-7.4313806152e+02
-7.4313806152e+02
-7.4631579590e+02
-7.4324609375e+02
-7.4463354492e+02
-1.0872185059e+03
-1.0833958740e+03
-1.0892818604e+03
-1.0864417725e+03
-1.0864417725e+03
-1.0892818604e+03
-1.0833958740e+03
-1.0872185059e+03
-1.4275911865e+03
-1.4249241943e+03
-1.4309263916e+03
-1.4267666016e+03
-1.4267666016e+03
-1.4309263916e+03
-1.4249241943e+03
-1.4275911865e+03
-1.7718779297e+03
-1.7662713623e+03
-1.7748208008e+03
-1.7698934326e+03
-1.7698934326e+03
-1.7748208008e+03
-1.7662713623e+03
-1.7718779297e+03
-2.1137888184e+03
-2.1089777832e+03
-2.1179990234e+03
-2.1118862305e+03
-2.1118862305e+03
-2.1179990234e+03
-2.1089777832e+03
-2.1137888184e+03
1.5479873047e+03
1.5507994385e+03
1.5456187744e+03
1.5505737305e+03
1.5505737305e+03
1.5456187744e+03
1.5507994385e+03
1.5479873047e+03
1.2226192627e+03
1.2251635742e+03
1.2214161377e+03
1.2215695801e+03
1.2215695801e+03
1.2214161377e+03
1.2251635742e+03
1.2226192627e+03
8.9973120117e+02
9.0137396240e+02
8.9757666016e+02
9.0264886475e+02
9.0264886475e+02
8.9757666016e+02
9.0137396240e+02
8.9973120117e+02
5.7405151367e+02
5.7508148193e+02
5.7432775879e+02
5.7222827148e+02
5.7222827148e+02
5.7432775879e+02
5.7508148193e+02
5.7405151367e+02
2.5128971863e+02
2.5171679688e+02
2.5006602478e+02
2.5371315002e+02
2.5371315002e+02
2.5006602478e+02
2.5171679688e+02
2.5128971863e+02
-7.2732627869e+01
-7.4009140015e+01
-7.2303749084e+01
-7.5710609436e+01
-7.5710609436e+01
-7.2303749084e+01
-7.4009140015e+01
-7.2732627869e+01
-3.9598458862e+02
-3.9834530640e+02
-3.9612365723e+02
-3.9575341797e+02
-3.9575341797e+02
-3.9612365723e+02
-3.9834530640e+02
-3.9598458862e+02
-7.2084820557e+02
-7.2221759033e+02
-7.1998229980e+02
-7.2311047363e+02
-7.2311047363e+02
-7.1998229980e+02
-7.2221759033e+02
-7.2084820557e+02
-1.0439564209e+03
-1.0473391113e+03
-1.0429993896e+03
-1.0453803711e+03
-1.0453803711e+03
-1.0429993896e+03
-1.0473391113e+03
-1.0439564209e+03
-1.3694378662e+03
-1.3717652588e+03
-1.3675117188e+03
-1.3714645996e+03
-1.3714645996e+03
-1.3675117188e+03
-1.3717652588e+03
-1.3694378662e+03
-1.6925263672e+03
-1.6972572021e+03
-1.6910760498e+03
-1.6953343506e+03
-1.6953343506e+03
-1.6910760498e+03
-1.6972572021e+03
-1.6925263672e+03
-2.0178049316e+03
-2.0221855469e+03
-2.0160354004e+03
-2.0216232910e+03
-2.0216232910e+03
-2.0160354004e+03
-2.0221855469e+03
-2.0178049316e+03
1.4491176758e+03
1.4470621338e+03
1.4503933105e+03
1.4461855469e+03
1.4461855469e+03
1.4503933105e+03
1.4470621338e+03
1.4491176758e+03
1.1420806885e+03
1.1404973145e+03
1.1430457764e+03
1.1432808838e+03
1.1432808838e+03
1.1430457764e+03
1.1404973145e+03
1.1420806885e+03
8.3362695312e+02
8.3266033936e+02
8.3537689209e+02
8.3110845947e+02
8.3110845947e+02
8.3537689209e+02
8.3266033936e+02
8.3362695312e+02
5.2862609863e+02
5.2804425049e+02
5.2838323975e+02
5.3051879883e+02
5.3051879883e+02
5.2838323975e+02
5.2804425049e+02
5.2862609863e+02
2.2126228333e+02
2.2113973999e+02
2.2225805664e+02
2.1916229248e+02
2.1916229248e+02
2.2225805664e+02
2.2113973999e+02
2.2126228333e+02
-8.4412948608e+01
-8.3251602173e+01
-8.4921730042e+01
-8.1722251892e+01
-8.1722251892e+01
-8.4921730042e+01
-8.3251602173e+01
-8.4412948608e+01
-3.9068298340e+02
-3.8867007446e+02
-3.9072640991e+02
-3.9116128540e+02
-3.9116128540e+02
-3.9072640991e+02
-3.8867007446e+02
-3.9068298340e+02
-6.9532952881e+02
-6.9440875244e+02
-6.9639532471e+02
-6.9354248047e+02
-6.9354248047e+02
-6.9639532471e+02
-6.9440875244e+02
-6.9532952881e+02
-1.0015935669e+03
-9.9909570312e+02
-1.0027503052e+03
-1.0010142822e+03
-1.0010142822e+03
-1.0027503052e+03
-9.9909570312e+02
-1.0015935669e+03
-1.3060219727e+03
-1.3046369629e+03
-1.3081854248e+03
-1.3048341064e+03
-1.3048341064e+03
-1.3081854248e+03
-1.3046369629e+03
-1.3060219727e+03
-1.6123833008e+03
-1.6092061768e+03
-1.6145043945e+03
-1.6113822021e+03
-1.6113822021e+03
-1.6145043945e+03
-1.6092061768e+03
-1.6123833008e+03
-1.9173048096e+03
-1.9149620361e+03
-1.9203653564e+03
-1.9160090332e+03
-1.9160090332e+03
-1.9203653564e+03
-1.9149620361e+03
-1.9173048096e+03
1.3416378174e+03
1.3426967773e+03
1.3402774658e+03
1.3434927979e+03
1.3434927979e+03
1.3402774658e+03
1.3426967773e+03
1.3416378174e+03
1.0518371582e+03
1.0530546875e+03
1.0514180908e+03
1.0507210693e+03
1.0507210693e+03
1.0514180908e+03
1.0530546875e+03
1.0518371582e+03
7.6532019043e+02
7.6614172363e+02
7.6450579834e+02
7.6807562256e+02
7.6807562256e+02
7.6450579834e+02
7.6614172363e+02
7.6532019043e+02
4.7633493042e+02
4.7691510010e+02
4.7713067627e+02
4.7503735352e+02
4.7503735352e+02
4.7713067627e+02
4.7691510010e+02
4.7633493042e+02
1.9062638855e+02
1.9077009583e+02
1.9031639099e+02
1.9298852539e+02
1.9298852539e+02
1.9031639099e+02
1.9077009583e+02
1.9062638855e+02
-9.6014465332e+01
-9.6913246155e+01
-9.5098915100e+01
-9.8065872192e+01
-9.8065872192e+01
-9.5098915100e+01
-9.6913246155e+01
-9.6014465332e+01
-3.8139877319e+02
-3.8306909180e+02
-3.8101318359e+02
-3.8053189087e+02
-3.8053189087e+02
-3.8101318359e+02
-3.8306909180e+02
-3.8139877319e+02
-6.6779278564e+02
-6.6843463135e+02
-6.6657928467e+02
-6.6920806885e+02
-6.6920806885e+02
-6.6657928467e+02
-6.6843463135e+02
-6.6779278564e+02
-9.5234295654e+02
-9.5433435059e+02
-9.5125585938e+02
-9.5254943848e+02
-9.5254943848e+02
-9.5125585938e+02
-9.5433435059e+02
-9.5234295654e+02
-1.2380278320e+03
-1.2390895996e+03
-1.2362767334e+03
-1.2393052979e+03
-1.2393052979e+03
-1.2362767334e+03
-1.2390895996e+03
-1.2380278320e+03
-1.5221612549e+03
-1.5247830811e+03
-1.5207469482e+03
-1.5233149414e+03
-1.5233149414e+03
-1.5207469482e+03
-1.5247830811e+03
-1.5221612549e+03
-1.8067567139e+03
-1.8091481934e+03
-1.8054873047e+03
-1.8094239502e+03
-1.8094239502e+03
-1.8054873047e+03
-1.8091481934e+03
-1.8067567139e+03
1.2274660645e+03
1.2271112061e+03
1.2283319092e+03
1.2257496338e+03
1.2257496338e+03
1.2283319092e+03
1.2271112061e+03
1.2274660645e+03
9.5939855957e+02
9.5930847168e+02
9.6036230469e+02
9.6146545410e+02
9.6146545410e+02
9.6036230469e+02
9.5930847168e+02
9.5939855957e+02
6.8954693604e+02
6.8975366211e+02
6.9096533203e+02
6.8819525146e+02
6.8819525146e+02
6.9096533203e+02
6.8975366211e+02
6.8954693604e+02
4.2394949341e+02
4.2429757690e+02
4.2413119507e+02
4.2645190430e+02
4.2645190430e+02
4.2413119507e+02
4.2429757690e+02
4.2394949341e+02
1.5642910767e+02
1.5713928223e+02
1.5752297974e+02
1.5550033569e+02
1.5550033569e+02
1.5752297974e+02
1.5713928223e+02
1.5642910767e+02
-1.0900284576e+02
-1.0750490570e+02
-1.0900218964e+02
-1.0598345184e+02
-1.0598345184e+02
-1.0900218964e+02
-1.0750490570e+02
-1.0900284576e+02
-3.7461511230e+02
-3.7247808838e+02
-3.7418228149e+02
-3.7444708252e+02
-3.7444708252e+02
-3.7418228149e+02
-3.7247808838e+02
-3.7461511230e+02
-6.3835028076e+02
-6.3725708008e+02
-6.3873504639e+02
-6.3611676025e+02
-6.3611676025e+02
-6.3873504639e+02
-6.3725708008e+02
-6.3835028076e+02
-9.0287994385e+02
-9.0072589111e+02
-9.0320800781e+02
-9.0213562012e+02
-9.0213562012e+02
-9.0320800781e+02
-9.0072589111e+02
-9.0287994385e+02
-1.1658134766e+03
-1.1646208496e+03
-1.1668859863e+03
-1.1641444092e+03
-1.1641444092e+03
-1.1668859863e+03
-1.1646208496e+03
-1.1658134766e+03
-1.4289948730e+03
-1.4266849365e+03
-1.4301730957e+03
-1.4282810059e+03
-1.4282810059e+03
-1.4301730957e+03
-1.4266849365e+03
-1.4289948730e+03
-1.6912346191e+03
-1.6898022461e+03
-1.6932418213e+03
-1.6901492920e+03
-1.6901492920e+03
-1.6932418213e+03
-1.6898022461e+03
-1.6912346191e+03
1.1082524414e+03
1.1081756592e+03
1.1077093506e+03
1.1096292725e+03
1.1096292725e+03
1.1077093506e+03
1.1081756592e+03
1.1082524414e+03
8.5850311279e+02
8.5890692139e+02
8.5882397461e+02
8.5754022217e+02
8.5754022217e+02
8.5882397461e+02
8.5890692139e+02
8.5850311279e+02
6.1373577881e+02
6.1402520752e+02
6.1403631592e+02
6.1646618652e+02
6.1646618652e+02
6.1403631592e+02
6.1402520752e+02
6.1373577881e+02
3.6626449585e+02
3.6651583862e+02
3.6759008789e+02
3.6552267456e+02
3.6552267456e+02
3.6759008789e+02
3.6651583862e+02
3.6626449585e+02
1.2244624329e+02
1.2233546448e+02
1.2299026489e+02
1.2489345551e+02
1.2489345551e+02
1.2299026489e+02
1.2233546448e+02
1.2244624329e+02
-1.2175922394e+02
-1.2252550507e+02
-1.2034291077e+02
-1.2296973419e+02
-1.2296973419e+02
-1.2034291077e+02
-1.2252550507e+02
-1.2175922394e+02
-3.6429257202e+02
-3.6567529297e+02
-3.6334622192e+02
-3.6288500977e+02
-3.6288500977e+02
-3.6334622192e+02
-3.6567529297e+02
-3.6429257202e+02
-6.0717578125e+02
-6.0762408447e+02
-6.0560156250e+02
-6.0785650635e+02
-6.0785650635e+02
-6.0560156250e+02
-6.0762408447e+02
-6.0717578125e+02
-8.4811053467e+02
-8.4950268555e+02
-8.4675964355e+02
-8.4738714600e+02
-8.4738714600e+02
-8.4675964355e+02
-8.4950268555e+02
-8.4811053467e+02
-1.0890704346e+03
-1.0897041016e+03
-1.0873110352e+03
-1.0896842041e+03
-1.0896842041e+03
-1.0873110352e+03
-1.0897041016e+03
-1.0890704346e+03
-1.3290570068e+03
-1.3307526855e+03
-1.3276208496e+03
-1.3290919189e+03
-1.3290919189e+03
-1.3276208496e+03
-1.3307526855e+03
-1.3290570068e+03
-1.5679208984e+03
-1.5694904785e+03
-1.5669383545e+03
-1.5697720947e+03
-1.5697720947e+03
-1.5669383545e+03
-1.5694904785e+03
-1.5679208984e+03
9.8119287109e+02
9.8223052979e+02
9.8190802002e+02
9.8044628906e+02
9.8044628906e+02
9.8190802002e+02
9.8223052979e+02
9.8119287109e+02
7.5705926514e+02
7.5825006104e+02
7.5817834473e+02
7.5982806396e+02
7.5982806396e+02
7.5817834473e+02
7.5825006104e+02
7.5705926514e+02
5.2981622314e+02
5.3111828613e+02
5.3115228271e+02
5.2947399902e+02
5.2947399902e+02
5.3115228271e+02
5.3111828613e+02
5.2981622314e+02
3.0810293579e+02
3.0941107178e+02
3.0872659302e+02
3.1114556885e+02
3.1114556885e+02
3.0872659302e+02
3.0941107178e+02
3.0810293579e+02
8.4999328613e+01
8.6642440796e+01
8.6276664734e+01
8.5080726624e+01
8.5080726624e+01
8.6276664734e+01
8.6642440796e+01
8.4999328613e+01
-1.3580220032e+02
-1.3364888000e+02
-1.3527868652e+02
-1.3239640808e+02
-1.3239640808e+02
-1.3527868652e+02
-1.3364888000e+02
-1.3580220032e+02
-3.5630761719e+02
-3.5361166382e+02
-3.5540591431e+02
-3.5544418335e+02
-3.5544418335e+02
-3.5540591431e+02
-3.5361166382e+02
-3.5630761719e+02
-5.7472698975e+02
-5.7294012451e+02
-5.7443780518e+02
-5.7195788574e+02
-5.7195788574e+02
-5.7443780518e+02
-5.7294012451e+02
-5.7472698975e+02
-7.9314031982e+02
-7.9060919189e+02
-7.9273822021e+02
-7.9199670410e+02
-7.9199670410e+02
-7.9273822021e+02
-7.9060919189e+02
-7.9314031982e+02
-1.0100053711e+03
-1.0082745361e+03
-1.0101505737e+03
-1.0077745361e+03
-1.0077745361e+03
-1.0101505737e+03
-1.0082745361e+03
-1.0100053711e+03
-1.2256054688e+03
-1.2231809082e+03
-1.2259249268e+03
-1.2247471924e+03
-1.2247471924e+03
-1.2259249268e+03
-1.2231809082e+03
-1.2256054688e+03
-1.4407998047e+03
-1.4393264160e+03
-1.4419544678e+03
-1.4396274414e+03
-1.4396274414e+03
-1.4419544678e+03
-1.4393264160e+03
-1.4407998047e+03
8.5316113281e+02
8.5197143555e+02
8.5308398438e+02
8.5426617432e+02
8.5426617432e+02
8.5308398438e+02
8.5197143555e+02
8.5316113281e+02
6.4690020752e+02
6.4640881348e+02
6.4765576172e+02
6.4615777588e+02
6.4615777588e+02
6.4765576172e+02
6.4640881348e+02
6.4690020752e+02
4.4840606689e+02
4.4800726318e+02
4.4948486328e+02
4.5123016357e+02
4.5123016357e+02
4.4948486328e+02
4.4800726318e+02
4.4840606689e+02
2.4662437439e+02
2.4632846069e+02
2.4837055969e+02
2.4649496460e+02
2.4649496460e+02
2.4837055969e+02
2.4632846069e+02
2.4662437439e+02
4.8618175507e+01
4.7979339600e+01
4.9843898773e+01
5.1292995453e+01
5.1292995453e+01
4.9843898773e+01
4.7979339600e+01
4.8618175507e+01
-1.4909008789e+02
-1.5017765808e+02
-1.4728141785e+02
-1.4952053833e+02
-1.4952053833e+02
-1.4728141785e+02
-1.5017765808e+02
-1.4909008789e+02
-3.4476541138e+02
-3.4640509033e+02
-3.4335534668e+02
-3.4285324097e+02
-3.4285324097e+02
-3.4335534668e+02
-3.4640509033e+02
-3.4476541138e+02
-5.4010430908e+02
-5.4095928955e+02
-5.3825445557e+02
-5.4014086914e+02
-5.4014086914e+02
-5.3825445557e+02
-5.4095928955e+02
-5.4010430908e+02
-7.3337719727e+02
-7.3492633057e+02
-7.3178222656e+02
-7.3192694092e+02
-7.3192694092e+02
-7.3178222656e+02
-7.3492633057e+02
-7.3337719727e+02
-9.2582330322e+02
-9.2677117920e+02
-9.2400415039e+02
-9.2586285400e+02
-9.2586285400e+02
-9.2400415039e+02
-9.2677117920e+02
-9.2582330322e+02
-1.1177608643e+03
-1.1194449463e+03
-1.1162886963e+03
-1.1170227051e+03
-1.1170227051e+03
-1.1162886963e+03
-1.1194449463e+03
-1.1177608643e+03
-1.3067993164e+03
-1.3083927002e+03
-1.3059572754e+03
-1.3080477295e+03
-1.3080477295e+03
-1.3059572754e+03
-1.3083927002e+03
-1.3067993164e+03
7.1481878662e+02
7.1746777344e+02
7.1582019043e+02
7.1484069824e+02
7.1484069824e+02
7.1582019043e+02
7.1746777344e+02
7.1481878662e+02
5.3926641846e+02
5.4207232666e+02
5.4097454834e+02
5.4271557617e+02
5.4271557617e+02
5.4097454834e+02
5.4207232666e+02
5.3926641846e+02
3.5791616821e+02
3.6068798828e+02
3.5958889771e+02
3.5845428467e+02
3.5845428467e+02
3.5958889771e+02
3.6068798828e+02
3.5791616821e+02
1.8342057800e+02
1.8608514404e+02
1.8466902161e+02
1.8688894653e+02
1.8688894653e+02
1.8466902161e+02
1.8608514404e+02
1.8342057800e+02
8.4363727570e+00
1.1450694084e+01
1.0127328873e+01
9.3089408875e+00
9.3089408875e+00
1.0127328873e+01
1.1450694084e+01
8.4363727570e+00
-1.6417170715e+02
-1.6077128601e+02
-1.6294938660e+02
-1.6041465759e+02
-1.6041465759e+02
-1.6294938660e+02
-1.6077128601e+02
-1.6417170715e+02
-3.3602719116e+02
-3.3210409546e+02
-3.3447793579e+02
-3.3454141235e+02
-3.3454141235e+02
-3.3447793579e+02
-3.3210409546e+02
-3.3602719116e+02
-5.0567279053e+02
-5.0248944092e+02
-5.0454724121e+02
-5.0237557983e+02
-5.0237557983e+02
-5.0454724121e+02
-5.0248944092e+02
-5.0567279053e+02
-6.7459240723e+02
-6.7085699463e+02
-6.7333679199e+02
-6.7296936035e+02
-6.7296936035e+02
-6.7333679199e+02
-6.7085699463e+02
-6.7459240723e+02
-8.4178839111e+02
-8.3871899414e+02
-8.4094616699e+02
-8.3898217773e+02
-8.3898217773e+02
-8.4094616699e+02
-8.3871899414e+02
-8.4178839111e+02
-1.0064194336e+03
-1.0029671631e+03
-1.0058031006e+03
-1.0052092285e+03
-1.0052092285e+03
-1.0058031006e+03
-1.0029671631e+03
-1.0064194336e+03
-1.1716217041e+03
-1.1692834473e+03
-1.1719843750e+03
-1.1702758789e+03
-1.1702758789e+03
-1.1719843750e+03
-1.1692834473e+03
-1.1716217041e+03
5.8207531738e+02
5.7915277100e+02
5.8158911133e+02
5.8271734619e+02
5.8271734619e+02
5.8158911133e+02
5.7915277100e+02
5.8207531738e+02
4.2135122681e+02
4.1916479492e+02
4.2155456543e+02
4.2033242798e+02
4.2033242798e+02
4.2155456543e+02
4.1916479492e+02
4.2135122681e+02
2.7271093750e+02
2.7076803589e+02
2.7357827759e+02
2.7523110962e+02
2.7523110962e+02
2.7357827759e+02
2.7076803589e+02
2.7271093750e+02
1.2046080780e+02
1.1876322937e+02
1.2187502289e+02
1.2057344055e+02
1.2057344055e+02
1.2187502289e+02
1.1876322937e+02
1.2046080780e+02
-2.8533859253e+01
-3.0589111328e+01
-2.7407812119e+01
-2.5866205215e+01
-2.5866205215e+01
-2.7407812119e+01
-3.0589111328e+01
-2.8533859253e+01
-1.7663299561e+02
-1.7906759644e+02
-1.7517193604e+02
-1.7668186951e+02
-1.7668186951e+02
-1.7517193604e+02
-1.7906759644e+02
-1.7663299561e+02
-3.2246255493e+02
-3.2545294189e+02
-3.2134628296e+02
-3.2039361572e+02
-3.2039361572e+02
-3.2134628296e+02
-3.2545294189e+02
-3.2246255493e+02
-4.6732476807e+02
-4.6969534302e+02
-4.6593435669e+02
-4.6713272095e+02
-4.6713272095e+02
-4.6593435669e+02
-4.6969534302e+02
-4.6732476807e+02
-6.1003619385e+02
-6.1294512939e+02
-6.0890533447e+02
-6.0832934570e+02
-6.0832934570e+02
-6.0890533447e+02
-6.1294512939e+02
-6.1003619385e+02
-7.5140118408e+02
-7.5381878662e+02
-7.5015832520e+02
-7.5128857422e+02
-7.5128857422e+02
-7.5015832520e+02
-7.5381878662e+02
-7.5140118408e+02
-8.9249572754e+02
-8.9536993408e+02
-8.9158312988e+02
-8.9149530029e+02
-8.9149530029e+02
-8.9158312988e+02
-8.9536993408e+02
-8.9249572754e+02
-1.0284605713e+03
-1.0311192627e+03
-1.0280986328e+03
-1.0293690186e+03
-1.0293690186e+03
-1.0280986328e+03
-1.0311192627e+03
-1.0284605713e+03
4.3178988647e+02
4.3711422729e+02
4.3471029663e+02
4.3358709717e+02
4.3358709717e+02
4.3471029663e+02
4.3711422729e+02
4.3178988647e+02
3.0967559814e+02
3.1538873291e+02
3.1378472900e+02
3.1518621826e+02
3.1518621826e+02
3.1378472900e+02
3.1538873291e+02
3.0967559814e+02
1.7704179382e+02
1.8272006226e+02
1.8096159363e+02
1.7982263184e+02
1.7982263184e+02
1.8096159363e+02
1.8272006226e+02
1.7704179382e+02
5.1475944519e+01
5.6949432373e+01
5.5064384460e+01
5.6704006195e+01
5.6704006195e+01
5.5064384460e+01
5.6949432373e+01
5.1475944519e+01
-7.3065986633e+01
-6.7182586670e+01
-6.9215713501e+01
-7.0220359802e+01
-7.0220359802e+01
-6.9215713501e+01
-6.7182586670e+01
-7.3065986633e+01
-1.9495889282e+02
-1.8867742920e+02
-1.9130674744e+02
-1.8951252747e+02
-1.8951252747e+02
-1.9130674744e+02
-1.8867742920e+02
-1.9495889282e+02
-3.1545245361e+02
-3.0860699463e+02
-3.1149246216e+02
-3.1206768799e+02
-3.1206768799e+02
-3.1149246216e+02
-3.0860699463e+02
-3.1545245361e+02
-4.3353012085e+02
-4.2726766968e+02
-4.2984594727e+02
-4.2837442017e+02
-4.2837442017e+02
-4.2984594727e+02
-4.2726766968e+02
-4.3353012085e+02
-5.5020465088e+02
-5.4352752686e+02
-5.4641033936e+02
-5.4676440430e+02
-5.4676440430e+02
-5.4641033936e+02
-5.4352752686e+02
-5.5020465088e+02
-6.6483105469e+02
-6.5876464844e+02
-6.6141638184e+02
-6.6016607666e+02
-6.6016607666e+02
-6.6141638184e+02
-6.5876464844e+02
-6.6483105469e+02
-7.7621691895e+02
-7.7009320068e+02
-7.7318432617e+02
-7.7339337158e+02
-7.7339337158e+02
-7.7318432617e+02
-7.7009320068e+02
-7.7621691895e+02
-8.8982275391e+02
-8.8516101074e+02
-8.8825878906e+02
-8.8740264893e+02
-8.8740264893e+02
-8.8825878906e+02
-8.8516101074e+02
-8.8982275391e+02
3.0273568726e+02
2.9641351318e+02
2.9866696167e+02
2.9994128418e+02
2.9994128418e+02
2.9866696167e+02
2.9641351318e+02
3.0273568726e+02
1.8704586792e+02
1.8117076111e+02
1.8322467041e+02
1.8227984619e+02
1.8227984619e+02
1.8322467041e+02
1.8117076111e+02
1.8704586792e+02
9.0067382812e+01
8.4194725037e+01
8.6820716858e+01
8.8486770630e+01
8.8486770630e+01
8.6820716858e+01
8.4194725037e+01
9.0067382812e+01
-8.5989036560e+00
-1.4240155220e+01
-1.1460506439e+01
-1.2239049911e+01
-1.2239049911e+01
-1.1460506439e+01
-1.4240155220e+01
-8.5989036560e+00
-1.0505965424e+02
-1.1120472717e+02
-1.0813683319e+02
-1.0637576294e+02
-1.0637576294e+02
-1.0813683319e+02
-1.1120472717e+02
-1.0505965424e+02
-2.0065757751e+02
-2.0729063416e+02
-2.0373355103e+02
-2.0454158020e+02
-2.0454158020e+02
-2.0373355103e+02
-2.0729063416e+02
-2.0065757751e+02
-2.9449359131e+02
-3.0174645996e+02
-2.9792590332e+02
-2.9644198608e+02
-2.9644198608e+02
-2.9792590332e+02
-3.0174645996e+02
-2.9449359131e+02
-3.8732498169e+02
-3.9406076050e+02
-3.9056140137e+02
-3.9108746338e+02
-3.9108746338e+02
-3.9056140137e+02
-3.9406076050e+02
-3.8732498169e+02
-4.7816900635e+02
-4.8527316284e+02
-4.8156127930e+02
-4.8028607178e+02
-4.8028607178e+02
-4.8156127930e+02
-4.8527316284e+02
-4.7816900635e+02
-5.6732617188e+02
-5.7390002441e+02
-5.7051293945e+02
-5.7097570801e+02
-5.7097570801e+02
-5.7051293945e+02
-5.7390002441e+02
-5.6732617188e+02
-6.5558984375e+02
-6.6224432373e+02
-6.5883013916e+02
-6.5798236084e+02
-6.5798236084e+02
-6.5883013916e+02
-6.6224432373e+02
-6.5558984375e+02
-7.3611853027e+02
-7.4220056152e+02
-7.3928759766e+02
-7.3970941162e+02
-7.3970941162e+02
-7.3928759766e+02
-7.4220056152e+02
-7.3611853027e+02
1.2855662537e+02
1.3795814514e+02
1.3756263733e+02
1.3689886475e+02
1.3689886475e+02
1.3756263733e+02
1.3795814514e+02
1.2855662537e+02
6.7945587158e+01
7.8257118225e+01
7.8801490784e+01
8.0620269775e+01
8.0620269775e+01
7.8801490784e+01
7.8257118225e+01
6.7945587158e+01
-1.0186621666e+01
8.4110182524e-01
1.2722501755e+00
8.2770359516e-01
8.2770359516e-01
1.2722501755e+00
8.4110182524e-01
-1.0186621666e+01
-8.5440223694e+01
-7.4274528503e+01
-7.3682136536e+01
-7.1715240479e+01
-7.1715240479e+01
-7.3682136536e+01
-7.4274528503e+01
-8.5440223694e+01
-1.5893231201e+02
-1.4699148560e+02
-1.4661116028e+02
-1.4701004028e+02
-1.4701004028e+02
-1.4661116028e+02
-1.4699148560e+02
-1.5893231201e+02
-2.2931924438e+02
-2.1670600891e+02
-2.1662988281e+02
-2.1460076904e+02
-2.1460076904e+02
-2.1662988281e+02
-2.1670600891e+02
-2.2931924438e+02
-2.9698385620e+02
-2.8371112061e+02
-2.8388061523e+02
-2.8408615112e+02
-2.8408615112e+02
-2.8388061523e+02
-2.8371112061e+02
-2.9698385620e+02
-3.6148800659e+02
-3.4878109741e+02
-3.4867306519e+02
-3.4691540527e+02
-3.4691540527e+02
-3.4867306519e+02
-3.4878109741e+02
-3.6148800659e+02
-4.2403213501e+02
-4.1113775635e+02
-4.1133395386e+02
-4.1145303345e+02
-4.1145303345e+02
-4.1133395386e+02
-4.1113775635e+02
-4.2403213501e+02
-4.8471911621e+02
-4.7256817627e+02
-4.7265634155e+02
-4.7114672852e+02
-4.7114672852e+02
-4.7265634155e+02
-4.7256817627e+02
-4.8471911621e+02
-5.4312359619e+02
-5.3129675293e+02
-5.3188037109e+02
-5.3200463867e+02
-5.3200463867e+02
-5.3188037109e+02
-5.3129675293e+02
-5.4312359619e+02
-6.0537402344e+02
-5.9533459473e+02
-5.9643151855e+02
-5.9570172119e+02
-5.9570172119e+02
-5.9643151855e+02
-5.9533459473e+02
-6.0537402344e+02
3.5966949463e+01
2.7552343369e+01
2.6533943176e+01
2.6701240540e+01
2.6701240540e+01
2.6533943176e+01
2.7552343369e+01
3.5966949463e+01
-4.1216922760e+01
-4.9489440918e+01
-5.0630863190e+01
-5.2635643005e+01
-5.2635643005e+01
-5.0630863190e+01
-4.9489440918e+01
-4.1216922760e+01
-9.5258041382e+01
-1.0459066772e+02
-1.0537122345e+02
-1.0506343842e+02
-1.0506343842e+02
-1.0537122345e+02
-1.0459066772e+02
-9.5258041382e+01
-1.4346736145e+02
-1.5317436218e+02
-1.5428536987e+02
-1.5623822021e+02
-1.5623822021e+02
-1.5428536987e+02
-1.5317436218e+02
-1.4346736145e+02
-1.8757723999e+02
-1.9829768372e+02
-1.9928605652e+02
-1.9900674438e+02
-1.9900674438e+02
-1.9928605652e+02
-1.9829768372e+02
-1.8757723999e+02
-2.2926013184e+02
-2.4084281921e+02
-2.4177197266e+02
-2.4385098267e+02
-2.4385098267e+02
-2.4177197266e+02
-2.4084281921e+02
-2.2926013184e+02
-2.6900778198e+02
-2.8128366089e+02
-2.8208056641e+02
-2.8200787354e+02
-2.8200787354e+02
-2.8208056641e+02
-2.8128366089e+02
-2.6900778198e+02
-3.0714843750e+02
-3.1884667969e+02
-3.1998468018e+02
-3.2193408203e+02
-3.2193408203e+02
-3.1998468018e+02
-3.1884667969e+02
-3.0714843750e+02
-3.4234494019e+02
-3.5428750610e+02
-3.5523645020e+02
-3.5534918213e+02
-3.5534918213e+02
-3.5523645020e+02
-3.5428750610e+02
-3.4234494019e+02
-3.7445336914e+02
-3.8598120117e+02
-3.8722827148e+02
-3.8915731812e+02
-3.8915731812e+02
-3.8722827148e+02
-3.8598120117e+02
-3.7445336914e+02
-4.0412271118e+02
-4.1590512085e+02
-4.1716217041e+02
-4.1760424805e+02
-4.1760424805e+02
-4.1716217041e+02
-4.1590512085e+02
-4.0412271118e+02
-4.2704373169e+02
-4.3881005859e+02
-4.4022180176e+02
-4.4172717285e+02
-4.4172717285e+02
-4.4022180176e+02
-4.3881005859e+02
-4.2704373169e+02
-1.8360980225e+02
-1.8214395142e+02
-1.8337173462e+02
-1.8481736755e+02
-1.8481736755e+02
-1.8337173462e+02
-1.8214395142e+02
-1.8360980225e+02
-1.8212281799e+02
-1.8045793152e+02
-1.8131536865e+02
-1.8046081543e+02
-1.8046081543e+02
-1.8131536865e+02
-1.8045793152e+02
-1.8212281799e+02
-1.9154550171e+02
-1.8874276733e+02
-1.8966723633e+02
-1.9086308289e+02
-1.9086308289e+02
-1.8966723633e+02
-1.8874276733e+02
-1.9154550171e+02
-2.0644396973e+02
-2.0316313171e+02
-2.0347456360e+02
-2.0232673645e+02
-2.0232673645e+02
-2.0347456360e+02
-2.0316313171e+02
-2.0644396973e+02
-2.2461328125e+02
-2.2016638184e+02
-2.2033309937e+02
-2.2121049500e+02
-2.2121049500e+02
-2.2033309937e+02
-2.2016638184e+02
-2.2461328125e+02
-2.4430267334e+02
-2.3873490906e+02
-2.3854191589e+02
-2.3696702576e+02
-2.3696702576e+02
-2.3854191589e+02
-2.3873490906e+02
-2.4430267334e+02
-2.6318246460e+02
-2.5674517822e+02
-2.5634411621e+02
-2.5673715210e+02
-2.5673715210e+02
-2.5634411621e+02
-2.5674517822e+02
-2.6318246460e+02
-2.7954333496e+02
-2.7343136597e+02
-2.7238546753e+02
-2.7054281616e+02
-2.7054281616e+02
-2.7238546753e+02
-2.7343136597e+02
-2.7954333496e+02
-2.9316925049e+02
-2.8620278931e+02
-2.8498626709e+02
-2.8481771851e+02
-2.8481771851e+02
-2.8498626709e+02
-2.8620278931e+02
-2.9316925049e+02
-3.0204568481e+02
-2.9448278809e+02
-2.9248580933e+02
-2.9028378296e+02
-2.9028378296e+02
-2.9248580933e+02
-2.9448278809e+02
-3.0204568481e+02
-3.0293429565e+02
-2.9382110596e+02
-2.9151412964e+02
-2.9076443481e+02
-2.9076443481e+02
-2.9151412964e+02
-2.9382110596e+02
-3.0293429565e+02
-2.9476089478e+02
-2.8512298584e+02
-2.8261358643e+02
-2.8073571777e+02
-2.8073571777e+02
-2.8261358643e+02
-2.8512298584e+02
-2.9476089478e+02
