2.8524040222e+01
2.3418010712e+01
1.0019577980e+01
3.6090751648e+01
3.6090751648e+01
1.0019577980e+01
2.3418010712e+01
2.8524040222e+01
-1.6123236418e+00
-2.3811456680e+01
1.4650261879e+01
-9.3738151550e+01
-9.3738151550e+01
1.4650261879e+01
-2.3811456680e+01
-1.6123236418e+00
-3.1930313110e+01
-1.3768516541e+01
-1.2516893005e+02
9.7504890442e+01
9.7504890442e+01
-1.2516893005e+02
-1.3768516541e+01
-3.1930313110e+01
-3.5836502075e+01
-1.4547113037e+02
4.7829387665e+01
-4.1352288818e+02
-4.1352288818e+02
4.7829387665e+01
-1.4547113037e+02
-3.5836502075e+01
-9.7391822815e+01
-2.9610578537e+01
-5.1922119141e+02
3.6369851685e+02
3.6369851685e+02
-5.1922119141e+02
-2.9610578537e+01
-9.7391822815e+01
-3.8537158966e+01
-3.8305371094e+02
8.4168395996e+01
-2.3286857910e+03
-2.3286857910e+03
8.4168395996e+01
-3.8305371094e+02
-3.8537158966e+01
-2.4860481262e+01
-5.8095654297e+02
3.9636184692e+02
-3.7551098633e+03
-3.7551098633e+03
3.9636184692e+02
-5.8095654297e+02
-2.4860481262e+01
-1.8965991211e+02
-1.4962829590e+01
-9.7180499268e+02
7.2927772522e+01
7.2927772522e+01
-9.7180499268e+02
-1.4962829590e+01
-1.8965991211e+02
-1.1059182739e+02
-3.4167892456e+02
-8.4072891235e+01
-6.8227728271e+02
-6.8227728271e+02
-8.4072891235e+01
-3.4167892456e+02
-1.1059182739e+02
-1.5508953857e+02
-1.2665294647e+02
-2.9881692505e+02
-4.9063980103e+01
-4.9063980103e+01
-2.9881692505e+02
-1.2665294647e+02
-1.5508953857e+02
-1.1865332794e+02
-1.5975944519e+02
-1.0862876892e+02
-2.3787777710e+02
-2.3787777710e+02
-1.0862876892e+02
-1.5975944519e+02
-1.1865332794e+02
-9.6425399780e+01
-9.4460083008e+01
-1.1496062469e+02
-7.9358741760e+01
-7.9358741760e+01
-1.1496062469e+02
-9.4460083008e+01
-9.6425399780e+01
4.5790882111e+01
3.6445613861e+01
4.3210041046e+01
1.1855117798e+01
1.1855117798e+01
4.3210041046e+01
3.6445613861e+01
4.5790882111e+01
-1.7358919144e+01
-8.5399379730e+00
-6.1066188812e+01
4.5178386688e+01
4.5178386688e+01
-6.1066188812e+01
-8.5399379730e+00
-1.7358919144e+01
-6.9441238403e+01
-1.1844219971e+02
-2.5437807083e+01
-2.6238507080e+02
-2.6238507080e+02
-2.5437807083e+01
-1.1844219971e+02
-6.9441238403e+01
-1.5752922058e+02
-1.0635210419e+02
-3.3303115845e+02
9.9851531982e+01
9.9851531982e+01
-3.3303115845e+02
-1.0635210419e+02
-1.5752922058e+02
-1.8077348328e+02
-3.5906750488e+02
-2.3173515320e+01
-9.2488763428e+02
-9.2488763428e+02
-2.3173515320e+01
-3.5906750488e+02
-1.8077348328e+02
-3.3240875244e+02
-1.1217842865e+02
-8.7009783936e+02
8.1751190186e+02
8.1751190186e+02
-8.7009783936e+02
-1.1217842865e+02
-3.3240875244e+02
-4.1938934326e+02
-4.5516387939e+01
-1.2375694580e+03
1.6644840088e+03
1.6644840088e+03
-1.2375694580e+03
-4.5516387939e+01
-4.1938934326e+02
-3.1334790039e+02
-6.0160681152e+02
-1.6460338593e+01
-1.1854086914e+03
-1.1854086914e+03
-1.6460338593e+01
-6.0160681152e+02
-3.1334790039e+02
-4.1764599609e+02
-3.0852301025e+02
-6.4038323975e+02
-1.2485370636e+02
-1.2485370636e+02
-6.4038323975e+02
-3.0852301025e+02
-4.1764599609e+02
-3.8291522217e+02
-4.4974047852e+02
-3.2977395630e+02
-6.1041522217e+02
-6.1041522217e+02
-3.2977395630e+02
-4.4974047852e+02
-3.8291522217e+02
-3.9908993530e+02
-3.7565112305e+02
-4.4511242676e+02
-3.2491763306e+02
-3.2491763306e+02
-4.4511242676e+02
-3.7565112305e+02
-3.9908993530e+02
-3.8165979004e+02
-3.9041815186e+02
-3.7613513184e+02
-4.1631863403e+02
-4.1631863403e+02
-3.7613513184e+02
-3.9041815186e+02
-3.8165979004e+02
9.2283828735e+01
9.8664718628e+01
8.9202026367e+01
1.1860158539e+02
1.1860158539e+02
8.9202026367e+01
9.8664718628e+01
9.2283828735e+01
3.0910394669e+01
2.0795572281e+01
6.8002647400e+01
-3.8964668274e+01
-3.8964668274e+01
6.8002647400e+01
2.0795572281e+01
3.0910394669e+01
-5.1550727844e+01
-6.6447997093e+00
-9.8024055481e+01
1.2801292419e+02
1.2801292419e+02
-9.8024055481e+01
-6.6447997093e+00
-5.1550727844e+01
-1.0221046448e+02
-1.4608747864e+02
5.1570606232e+01
-3.6247692871e+02
-3.6247692871e+02
5.1570606232e+01
-1.4608747864e+02
-1.0221046448e+02
-2.1595797729e+02
-3.7613025665e+01
-3.2638433838e+02
4.7278607178e+02
4.7278607178e+02
-3.2638433838e+02
-3.7613025665e+01
-2.1595797729e+02
-1.9267916870e+02
-4.0012265015e+02
3.6054986572e+02
-7.9664141846e+02
-7.9664141846e+02
3.6054986572e+02
-4.0012265015e+02
-1.9267916870e+02
-2.2293041992e+02
-5.5569940186e+02
5.8777331543e+02
-1.4996680908e+03
-1.4996680908e+03
5.8777331543e+02
-5.5569940186e+02
-2.2293041992e+02
-4.1551242065e+02
-1.3872630310e+02
-5.8412414551e+02
5.1974621582e+02
5.1974621582e+02
-5.8412414551e+02
-1.3872630310e+02
-4.1551242065e+02
-3.9854605103e+02
-4.6973120117e+02
-1.6840167236e+02
-6.5999487305e+02
-6.5999487305e+02
-1.6840167236e+02
-4.6973120117e+02
-3.9854605103e+02
-4.9249679565e+02
-4.2357412720e+02
-5.3522424316e+02
-2.6313604736e+02
-2.6313604736e+02
-5.3522424316e+02
-4.2357412720e+02
-4.9249679565e+02
-5.3812841797e+02
-5.5345782471e+02
-4.8852334595e+02
-6.1037554932e+02
-6.1037554932e+02
-4.8852334595e+02
-5.5345782471e+02
-5.3812841797e+02
-6.1437207031e+02
-6.0468786621e+02
-6.2057391357e+02
-5.8109735107e+02
-5.8109735107e+02
-6.2057391357e+02
-6.0468786621e+02
-6.1437207031e+02
2.5963159180e+02
2.5666168213e+02
2.6750296021e+02
2.4028047180e+02
2.4028047180e+02
2.6750296021e+02
2.5666168213e+02
2.5963159180e+02
1.6106158447e+02
1.7460006714e+02
1.3472077942e+02
2.3944512939e+02
2.3944512939e+02
1.3472077942e+02
1.7460006714e+02
1.6106158447e+02
8.3636367798e+01
5.1757785797e+01
1.4138012695e+02
-6.8759780884e+01
-6.8759780884e+01
1.4138012695e+02
5.1757785797e+01
8.3636367798e+01
-1.9449367523e+01
3.2518333435e+01
-1.2784268951e+02
2.6199777222e+02
2.6199777222e+02
-1.2784268951e+02
3.2518333435e+01
-1.9449367523e+01
-5.8793270111e+01
-2.0268630981e+02
7.1913146973e+01
-6.0118249512e+02
-6.0118249512e+02
7.1913146973e+01
-2.0268630981e+02
-5.8793270111e+01
-2.2802314758e+02
3.0309462547e+00
-6.7321417236e+02
1.8195523071e+02
1.8195523071e+02
-6.7321417236e+02
3.0309462547e+00
-2.2802314758e+02
-3.3924594116e+02
-7.4168391228e+00
-9.9416009521e+02
5.4825958252e+02
5.4825958252e+02
-9.9416009521e+02
-7.4168391228e+00
-3.3924594116e+02
-3.0683288574e+02
-5.2599462891e+02
-1.4515509033e+02
-1.1116198730e+03
-1.1116198730e+03
-1.4515509033e+02
-5.2599462891e+02
-3.0683288574e+02
-4.6366476440e+02
-3.9614682007e+02
-6.3902984619e+02
-1.6851373291e+02
-1.6851373291e+02
-6.3902984619e+02
-3.9614682007e+02
-4.6366476440e+02
-5.2751843262e+02
-5.7944561768e+02
-4.6874865723e+02
-7.2099401855e+02
-7.2099401855e+02
-4.6874865723e+02
-5.7944561768e+02
-5.2751843262e+02
-6.3103588867e+02
-6.1507470703e+02
-6.6892907715e+02
-5.4671795654e+02
-5.4671795654e+02
-6.6892907715e+02
-6.1507470703e+02
-6.3103588867e+02
-7.0951727295e+02
-7.1695446777e+02
-6.9939379883e+02
-7.3721093750e+02
-7.3721093750e+02
-6.9939379883e+02
-7.1695446777e+02
-7.0951727295e+02
4.0998223877e+02
4.1246029663e+02
4.0266418457e+02
4.2822583008e+02
4.2822583008e+02
4.0266418457e+02
4.1246029663e+02
4.0998223877e+02
2.8604553223e+02
2.7518124390e+02
3.1114132690e+02
2.1270124817e+02
2.1270124817e+02
3.1114132690e+02
2.7518124390e+02
2.8604553223e+02
1.5229866028e+02
1.7762280273e+02
9.8078208923e+01
2.9295947266e+02
2.9295947266e+02
9.8078208923e+01
1.7762280273e+02
1.5229866028e+02
4.4704841614e+01
-7.0463213921e+00
1.2685707092e+02
-2.2578666687e+02
-2.2578666687e+02
1.2685707092e+02
-7.0463213921e+00
4.4704841614e+01
-1.1809806824e+02
-3.2747612000e+00
-2.5777386475e+02
2.9643682861e+02
2.9643682861e+02
-2.5777386475e+02
-3.2747612000e+00
-1.1809806824e+02
-1.5857145691e+02
-3.9528231812e+02
1.7197178650e+02
-4.4021450806e+02
-4.4021450806e+02
1.7197178650e+02
-3.9528231812e+02
-1.5857145691e+02
-2.5509024048e+02
-5.7823767090e+02
2.4562152100e+02
-8.9887017822e+02
-8.9887017822e+02
2.4562152100e+02
-5.7823767090e+02
-2.5509024048e+02
-4.7786318970e+02
-3.0882803345e+02
-6.4709259033e+02
1.7348658752e+02
1.7348658752e+02
-6.4709259033e+02
-3.0882803345e+02
-4.7786318970e+02
-5.3080053711e+02
-5.9583636475e+02
-3.9988601685e+02
-8.3881054688e+02
-8.3881054688e+02
-3.9988601685e+02
-5.9583636475e+02
-5.3080053711e+02
-6.5844677734e+02
-6.1925805664e+02
-7.2212756348e+02
-4.8790805054e+02
-4.8790805054e+02
-7.2212756348e+02
-6.1925805664e+02
-6.5844677734e+02
-7.5004486084e+02
-7.6398455811e+02
-7.1747338867e+02
-8.3542645264e+02
-8.3542645264e+02
-7.1747338867e+02
-7.6398455811e+02
-7.5004486084e+02
-8.5500402832e+02
-8.4859210205e+02
-8.6588928223e+02
-8.2895446777e+02
-8.2895446777e+02
-8.6588928223e+02
-8.4859210205e+02
-8.5500402832e+02
5.3599798584e+02
5.3516351318e+02
5.4369860840e+02
5.2008850098e+02
5.2008850098e+02
5.4369860840e+02
5.3516351318e+02
5.3599798584e+02
3.8808883667e+02
3.9919845581e+02
3.6781649780e+02
4.5926284790e+02
4.5926284790e+02
3.6781649780e+02
3.9919845581e+02
3.8808883667e+02
2.4944439697e+02
2.3130004883e+02
3.0140875244e+02
1.2310712433e+02
1.2310712433e+02
3.0140875244e+02
2.3130004883e+02
2.4944439697e+02
9.1384132385e+01
1.4197329712e+02
2.8497488022e+01
3.4089028931e+02
3.4089028931e+02
2.8497488022e+01
1.4197329712e+02
9.1384132385e+01
-1.4640822411e+01
-1.0565367889e+02
1.2582092285e+02
-3.2322445679e+02
-3.2322445679e+02
1.2582092285e+02
-1.0565367889e+02
-1.4640822411e+01
-2.2802964783e+02
1.8270862103e+00
-4.6181359863e+02
-3.4914686680e+00
-3.4914686680e+00
-4.6181359863e+02
1.8270862103e+00
-2.2802964783e+02
-3.8259591675e+02
-8.0546607971e+01
-7.4854156494e+02
1.1434144592e+02
1.1434144592e+02
-7.4854156494e+02
-8.0546607971e+01
-3.8259591675e+02
-4.2223040771e+02
-5.5106793213e+02
-2.5049580383e+02
-9.3204339600e+02
-9.3204339600e+02
-2.5049580383e+02
-5.5106793213e+02
-4.2223040771e+02
-6.0561987305e+02
-5.4302203369e+02
-7.0196832275e+02
-3.0320153809e+02
-3.0320153809e+02
-7.0196832275e+02
-5.4302203369e+02
-6.0561987305e+02
-7.2366754150e+02
-7.5080426025e+02
-6.5810278320e+02
-8.7410052490e+02
-8.7410052490e+02
-6.5810278320e+02
-7.5080426025e+02
-7.2366754150e+02
-8.6763018799e+02
-8.5329650879e+02
-8.9301422119e+02
-7.8150048828e+02
-7.8150048828e+02
-8.9301422119e+02
-8.5329650879e+02
-8.6763018799e+02
-9.9920538330e+02
-1.0033989258e+03
-9.8720367432e+02
-1.0231823120e+03
-1.0231823120e+03
-9.8720367432e+02
-1.0033989258e+03
-9.9920538330e+02
6.7973950195e+02
6.8107318115e+02
6.7452038574e+02
6.9617578125e+02
6.9617578125e+02
6.7452038574e+02
6.8107318115e+02
6.7973950195e+02
5.0808465576e+02
5.0068499756e+02
5.2977209473e+02
4.4654412842e+02
4.4654412842e+02
5.2977209473e+02
5.0068499756e+02
5.0808465576e+02
3.3325683594e+02
3.5028097534e+02
2.9202996826e+02
4.5433700562e+02
4.5433700562e+02
2.9202996826e+02
3.5028097534e+02
3.3325683594e+02
1.7772764587e+02
1.3526025391e+02
2.3601440430e+02
-3.3896324158e+01
-3.3896324158e+01
2.3601440430e+02
1.3526025391e+02
1.7772764587e+02
-2.0070196152e+01
5.8790973663e+01
-1.4325061035e+02
2.2054278564e+02
2.2054278564e+02
-1.4325061035e+02
5.8790973663e+01
-2.0070196152e+01
-1.1935604858e+02
-3.2483364868e+02
5.0683734894e+01
-2.8330709839e+02
-2.8330709839e+02
5.0683734894e+01
-3.2483364868e+02
-1.1935604858e+02
-2.7106130981e+02
-5.3779211426e+02
2.6666517258e+00
-6.4779217529e+02
-6.4779217529e+02
2.6666517258e+00
-5.3779211426e+02
-2.7106130981e+02
-5.2156292725e+02
-4.1590988159e+02
-6.7795263672e+02
-1.1548961639e+02
-1.1548961639e+02
-6.7795263672e+02
-4.1590988159e+02
-5.2156292725e+02
-6.4564038086e+02
-6.9886236572e+02
-5.6411560059e+02
-9.1768115234e+02
-9.1768115234e+02
-5.6411560059e+02
-6.9886236572e+02
-6.4564038086e+02
-8.2144976807e+02
-7.9846740723e+02
-8.7740844727e+02
-6.7822753906e+02
-6.7822753906e+02
-8.7740844727e+02
-7.9846740723e+02
-8.2144976807e+02
-9.7396423340e+02
-9.8434912109e+02
-9.4849078369e+02
-1.0515380859e+03
-1.0515380859e+03
-9.4849078369e+02
-9.8434912109e+02
-9.7396423340e+02
-1.1324600830e+03
-1.1283668213e+03
-1.1427222900e+03
-1.1076578369e+03
-1.1076578369e+03
-1.1427222900e+03
-1.1283668213e+03
-1.1324600830e+03
8.1278790283e+02
8.1244415283e+02
8.1774420166e+02
7.9855084229e+02
7.9855084229e+02
8.1774420166e+02
8.1244415283e+02
8.1278790283e+02
6.1489465332e+02
6.2233386230e+02
5.9697222900e+02
6.7286883545e+02
6.7286883545e+02
5.9697222900e+02
6.2233386230e+02
6.1489465332e+02
4.2273019409e+02
4.0949948120e+02
4.5979513550e+02
3.1482662964e+02
3.1482662964e+02
4.5979513550e+02
4.0949948120e+02
4.2273019409e+02
2.1718428040e+02
2.5500334167e+02
1.6654901123e+02
3.9824822998e+02
3.9824822998e+02
1.6654901123e+02
2.5500334167e+02
2.1718428040e+02
5.0743183136e+01
-1.6622367859e+01
1.5890269470e+02
-1.3263638306e+02
-1.3263638306e+02
1.5890269470e+02
-1.6622367859e+01
5.0743183136e+01
-2.0010426331e+02
-2.0342088699e+01
-3.1957879639e+02
-6.7563484192e+01
-6.7563484192e+01
-3.1957879639e+02
-2.0342088699e+01
-2.0010426331e+02
-4.0011160278e+02
-1.7003491211e+02
-5.9943273926e+02
-1.0315972900e+02
-1.0315972900e+02
-5.9943273926e+02
-1.7003491211e+02
-4.0011160278e+02
-5.1213189697e+02
-5.9913787842e+02
-3.7167150879e+02
-8.3009912109e+02
-8.3009912109e+02
-3.7167150879e+02
-5.9913787842e+02
-5.1213189697e+02
-7.2951715088e+02
-6.8302642822e+02
-7.9730548096e+02
-4.8828451538e+02
-4.8828451538e+02
-7.9730548096e+02
-6.8302642822e+02
-7.2951715088e+02
-9.0144287109e+02
-9.1910522461e+02
-8.5095880127e+02
-1.0320053711e+03
-1.0320053711e+03
-8.5095880127e+02
-9.1910522461e+02
-9.0144287109e+02
-1.0893193359e+03
-1.0799588623e+03
-1.1108494873e+03
-1.0160563354e+03
-1.0160563354e+03
-1.1108494873e+03
-1.0799588623e+03
-1.0893193359e+03
-1.2698514404e+03
-1.2729815674e+03
-1.2600352783e+03
-1.2936551514e+03
-1.2936551514e+03
-1.2600352783e+03
-1.2729815674e+03
-1.2698514404e+03
9.4599377441e+02
9.4674096680e+02
9.4290148926e+02
9.5967407227e+02
9.5967407227e+02
9.4290148926e+02
9.4674096680e+02
9.4599377441e+02
7.2627935791e+02
7.2150042725e+02
7.4487988281e+02
6.7658245850e+02
6.7658245850e+02
7.4487988281e+02
7.2150042725e+02
7.2627935791e+02
5.0505426025e+02
5.1821746826e+02
4.7639102173e+02
6.0513287354e+02
6.0513287354e+02
4.7639102173e+02
5.1821746826e+02
5.0505426025e+02
2.9793432617e+02
2.6755648804e+02
3.4727984619e+02
1.5121282959e+02
1.5121282959e+02
3.4727984619e+02
2.6755648804e+02
2.9793432617e+02
5.9847640991e+01
1.2128368378e+02
-2.7050622940e+01
2.0802459717e+02
2.0802459717e+02
-2.7050622940e+01
1.2128368378e+02
5.9847640991e+01
-1.0168055725e+02
-2.5100390625e+02
-1.2146175385e+01
-1.9880113220e+02
-1.9880113220e+02
-1.2146175385e+01
-2.5100390625e+02
-1.0168055725e+02
-3.0598599243e+02
-4.9670300293e+02
-1.5434819031e+02
-5.3287420654e+02
-5.3287420654e+02
-1.5434819031e+02
-4.9670300293e+02
-3.0598599243e+02
-5.8349560547e+02
-5.0694656372e+02
-7.0083276367e+02
-3.2707388306e+02
-3.2707388306e+02
-7.0083276367e+02
-5.0694656372e+02
-5.8349560547e+02
-7.6877294922e+02
-8.0584088135e+02
-7.0612847900e+02
-9.7193811035e+02
-9.7193811035e+02
-7.0612847900e+02
-8.0584088135e+02
-7.6877294922e+02
-9.8935681152e+02
-9.7271527100e+02
-1.0300477295e+03
-8.6643316650e+02
-8.6643316650e+02
-1.0300477295e+03
-9.7271527100e+02
-9.8935681152e+02
-1.1948240967e+03
-1.2006462402e+03
-1.1733927002e+03
-1.2593884277e+03
-1.2593884277e+03
-1.1733927002e+03
-1.2006462402e+03
-1.1948240967e+03
-1.4029791260e+03
-1.3996606445e+03
-1.4114979248e+03
-1.3794962158e+03
-1.3794962158e+03
-1.4114979248e+03
-1.3996606445e+03
-1.4029791260e+03
1.0765626221e+03
1.0768043213e+03
1.0796076660e+03
1.0654362793e+03
1.0654362793e+03
1.0796076660e+03
1.0768043213e+03
1.0765626221e+03
8.3210797119e+02
8.3762908936e+02
8.1724078369e+02
8.7897119141e+02
8.7897119141e+02
8.1724078369e+02
8.3762908936e+02
8.3210797119e+02
5.9209838867e+02
5.8204064941e+02
6.1874822998e+02
5.0643728638e+02
5.0643728638e+02
6.1874822998e+02
5.8204064941e+02
5.9209838867e+02
3.4256677246e+02
3.6992105103e+02
3.0002850342e+02
4.6622131348e+02
4.6622131348e+02
3.0002850342e+02
3.6992105103e+02
3.4256677246e+02
1.2228534698e+02
6.9094703674e+01
1.9540162659e+02
7.4316740036e+00
7.4316740036e+00
1.9540162659e+02
6.9094703674e+01
1.2228534698e+02
-1.6221112061e+02
-3.7708660126e+01
-2.2544758606e+02
-8.2753509521e+01
-8.2753509521e+01
-2.2544758606e+02
-3.7708660126e+01
-1.6221112061e+02
-4.0666189575e+02
-2.4918716431e+02
-5.1770532227e+02
-2.2618377686e+02
-2.2618377686e+02
-5.1770532227e+02
-2.4918716431e+02
-4.0666189575e+02
-5.8716033936e+02
-6.5268438721e+02
-4.8699566650e+02
-7.8893878174e+02
-7.8893878174e+02
-4.8699566650e+02
-6.5268438721e+02
-5.8716033936e+02
-8.4347662354e+02
-8.1165435791e+02
-8.9710192871e+02
-6.7000665283e+02
-6.7000665283e+02
-8.9710192871e+02
-8.1165435791e+02
-8.4347662354e+02
-1.0682490234e+03
-1.0815849609e+03
-1.0314177246e+03
-1.1771086426e+03
-1.1771086426e+03
-1.0314177246e+03
-1.0815849609e+03
-1.0682490234e+03
-1.3028013916e+03
-1.2976409912e+03
-1.3202169189e+03
-1.2424843750e+03
-1.2424843750e+03
-1.3202169189e+03
-1.2976409912e+03
-1.3028013916e+03
-1.5329748535e+03
-1.5358419189e+03
-1.5247241211e+03
-1.5549698486e+03
-1.5549698486e+03
-1.5247241211e+03
-1.5358419189e+03
-1.5329748535e+03
1.2035269775e+03
1.2032592773e+03
1.2017602539e+03
1.2134920654e+03
1.2134920654e+03
1.2017602539e+03
1.2032592773e+03
1.2035269775e+03
9.3750170898e+02
9.3344232178e+02
9.5249719238e+02
8.9731079102e+02
8.9731079102e+02
9.5249719238e+02
9.3344232178e+02
9.3750170898e+02
6.7044384766e+02
6.8023046875e+02
6.4938598633e+02
7.4710107422e+02
7.4710107422e+02
6.4938598633e+02
6.8023046875e+02
6.7044384766e+02
4.1417288208e+02
3.9167257690e+02
4.5431976318e+02
3.1478128052e+02
3.1478128052e+02
4.5431976318e+02
3.9167257690e+02
4.1417288208e+02
1.3471195984e+02
1.8288255310e+02
7.7726036072e+01
2.2954936218e+02
2.2954936218e+02
7.7726036072e+01
1.8288255310e+02
1.3471195984e+02
-8.7006584167e+01
-1.8695648193e+02
-3.8248516083e+01
-1.4591496277e+02
-1.4591496277e+02
-3.8248516083e+01
-1.8695648193e+02
-8.7006584167e+01
-3.4134182739e+02
-4.6750115967e+02
-2.5561091614e+02
-4.7974099731e+02
-4.7974099731e+02
-2.5561091614e+02
-4.6750115967e+02
-3.4134182739e+02
-6.4738348389e+02
-5.8877532959e+02
-7.2821044922e+02
-4.8335382080e+02
-4.8335382080e+02
-7.2821044922e+02
-5.8877532959e+02
-6.4738348389e+02
-8.8734826660e+02
-9.1254882812e+02
-8.3809576416e+02
-1.0296822510e+03
-1.0296822510e+03
-8.3809576416e+02
-9.1254882812e+02
-8.8734826660e+02
-1.1515598145e+03
-1.1387038574e+03
-1.1819710693e+03
-1.0527911377e+03
-1.0527911377e+03
-1.1819710693e+03
-1.1387038574e+03
-1.1515598145e+03
-1.4061510010e+03
-1.4088078613e+03
-1.3898968506e+03
-1.4591333008e+03
-1.4591333008e+03
-1.3898968506e+03
-1.4088078613e+03
-1.4061510010e+03
-1.6614969482e+03
-1.6584194336e+03
-1.6693547363e+03
-1.6408463135e+03
-1.6408463135e+03
-1.6693547363e+03
-1.6584194336e+03
-1.6614969482e+03
1.3268227539e+03
1.3280983887e+03
1.3282524414e+03
1.3189353027e+03
1.3189353027e+03
1.3282524414e+03
1.3280983887e+03
1.3268227539e+03
1.0381811523e+03
1.0433330078e+03
1.0260708008e+03
1.0756702881e+03
1.0756702881e+03
1.0260708008e+03
1.0433330078e+03
1.0381811523e+03
7.5336059570e+02
7.4617102051e+02
7.7324334717e+02
6.8950610352e+02
6.8950610352e+02
7.7324334717e+02
7.4617102051e+02
7.5336059570e+02
4.6115438843e+02
4.8209863281e+02
4.2742803955e+02
5.4528302002e+02
5.4528302002e+02
4.2742803955e+02
4.8209863281e+02
4.6115438843e+02
1.9146047974e+02
1.5042033386e+02
2.3897755432e+02
1.1704756165e+02
1.1704756165e+02
2.3897755432e+02
1.5042033386e+02
1.9146047974e+02
-1.2586015320e+02
-4.4218540192e+01
-1.6043264771e+02
-7.6709197998e+01
-7.6709197998e+01
-1.6043264771e+02
-4.4218540192e+01
-1.2586015320e+02
-4.1312213135e+02
-3.1138916016e+02
-4.7604406738e+02
-3.0255551147e+02
-3.0255551147e+02
-4.7604406738e+02
-3.1138916016e+02
-4.1312213135e+02
-6.5588085938e+02
-7.0624737549e+02
-5.8819812012e+02
-7.8541418457e+02
-7.8541418457e+02
-5.8819812012e+02
-7.0624737549e+02
-6.5588085938e+02
-9.5224829102e+02
-9.3054003906e+02
-9.9379064941e+02
-8.3281982422e+02
-8.3281982422e+02
-9.9379064941e+02
-9.3054003906e+02
-9.5224829102e+02
-1.2266676025e+03
-1.2374167480e+03
-1.1984638672e+03
-1.3117620850e+03
-1.3117620850e+03
-1.1984638672e+03
-1.2374167480e+03
-1.2266676025e+03
-1.5067001953e+03
-1.5047366943e+03
-1.5195102539e+03
-1.4583916016e+03
-1.4583916016e+03
-1.5195102539e+03
-1.5047366943e+03
-1.5067001953e+03
-1.7845433350e+03
-1.7879252930e+03
-1.7771164551e+03
-1.8041597900e+03
-1.8041597900e+03
-1.7771164551e+03
-1.7879252930e+03
-1.7845433350e+03
1.4471065674e+03
1.4452158203e+03
1.4465861816e+03
1.4535551758e+03
1.4535551758e+03
1.4465861816e+03
1.4452158203e+03
1.4471065674e+03
1.1378663330e+03
1.1331802979e+03
1.1499588623e+03
1.1056248779e+03
1.1056248779e+03
1.1499588623e+03
1.1331802979e+03
1.1378663330e+03
8.2746307373e+02
8.3407330322e+02
8.1160040283e+02
8.8327221680e+02
8.8327221680e+02
8.1160040283e+02
8.3407330322e+02
8.2746307373e+02
5.2594635010e+02
5.0794326782e+02
5.5674572754e+02
4.5777593994e+02
4.5777593994e+02
5.5674572754e+02
5.0794326782e+02
5.2594635010e+02
2.0635722351e+02
2.4255329895e+02
1.6947724915e+02
2.6858892822e+02
2.6858892822e+02
1.6947724915e+02
2.4255329895e+02
2.0635722351e+02
-7.0653800964e+01
-1.3543511963e+02
-4.3501354218e+01
-1.0806462097e+02
-1.0806462097e+02
-4.3501354218e+01
-1.3543511963e+02
-7.0653800964e+01
-3.7176541138e+02
-4.5183367920e+02
-3.2296923828e+02
-4.5671017456e+02
-4.5671017456e+02
-3.2296923828e+02
-4.5183367920e+02
-3.7176541138e+02
-7.0805847168e+02
-6.6339941406e+02
-7.6218463135e+02
-6.0245855713e+02
-6.0245855713e+02
-7.6218463135e+02
-6.6339941406e+02
-7.0805847168e+02
-9.9791394043e+02
-1.0151225586e+03
-9.6102032471e+02
-1.0947270508e+03
-1.0947270508e+03
-9.6102032471e+02
-1.0151225586e+03
-9.9791394043e+02
-1.3044633789e+03
-1.2938610840e+03
-1.3287781982e+03
-1.2295878906e+03
-1.2295878906e+03
-1.3287781982e+03
-1.2938610840e+03
-1.3044633789e+03
-1.6055593262e+03
-1.6054821777e+03
-1.5943415527e+03
-1.6474262695e+03
-1.6474262695e+03
-1.5943415527e+03
-1.6054821777e+03
-1.6055593262e+03
-1.9060031738e+03
-1.9020983887e+03
-1.9137226562e+03
-1.8881380615e+03
-1.8881380615e+03
-1.9137226562e+03
-1.9020983887e+03
-1.9060031738e+03
1.5606695557e+03
1.5637961426e+03
1.5604257812e+03
1.5556391602e+03
1.5556391602e+03
1.5604257812e+03
1.5637961426e+03
1.5606695557e+03
1.2306788330e+03
1.2367014160e+03
1.2204063721e+03
1.2602888184e+03
1.2602888184e+03
1.2204063721e+03
1.2367014160e+03
1.2306788330e+03
9.0439868164e+02
8.9992022705e+02
9.1888232422e+02
8.5831341553e+02
8.5831341553e+02
9.1888232422e+02
8.9992022705e+02
9.0439868164e+02
5.7151403809e+02
5.8862188721e+02
5.4579199219e+02
6.2958819580e+02
6.2958819580e+02
5.4579199219e+02
5.8862188721e+02
5.7151403809e+02
2.5643664551e+02
2.2619108582e+02
2.8706051636e+02
2.0674853516e+02
2.0674853516e+02
2.8706051636e+02
2.2619108582e+02
2.5643664551e+02
-9.3423324585e+01
-4.0887336731e+01
-1.1296871185e+02
-6.1722282410e+01
-6.1722282410e+01
-1.1296871185e+02
-4.0887336731e+01
-9.3423324585e+01
-4.2125888062e+02
-3.5770767212e+02
-4.5716162109e+02
-3.5375485229e+02
-3.5375485229e+02
-4.5716162109e+02
-3.5770767212e+02
-4.2125888062e+02
-7.1918933105e+02
-7.5761999512e+02
-6.7434997559e+02
-8.0312597656e+02
-8.0312597656e+02
-6.7434997559e+02
-7.5761999512e+02
-7.1918933105e+02
-1.0544460449e+03
-1.0401488037e+03
-1.0851358643e+03
-9.7458203125e+02
-9.7458203125e+02
-1.0851358643e+03
-1.0401488037e+03
-1.0544460449e+03
-1.3747229004e+03
-1.3846146240e+03
-1.3521430664e+03
-1.4384791260e+03
-1.4384791260e+03
-1.3521430664e+03
-1.3846146240e+03
-1.3747229004e+03
-1.6974261475e+03
-1.6989858398e+03
-1.7063966064e+03
-1.6610711670e+03
-1.6610711670e+03
-1.7063966064e+03
-1.6989858398e+03
-1.6974261475e+03
-2.0200500488e+03
-2.0254392090e+03
-2.0131569824e+03
-2.0377955322e+03
-2.0377955322e+03
-2.0131569824e+03
-2.0254392090e+03
-2.0200500488e+03
1.6727121582e+03
1.6679422607e+03
1.6733542480e+03
1.6759257812e+03
1.6759257812e+03
1.6733542480e+03
1.6679422607e+03
1.6727121582e+03
1.3239897461e+03
1.3172108154e+03
1.3338619385e+03
1.2979047852e+03
1.2979047852e+03
1.3338619385e+03
1.3172108154e+03
1.3239897461e+03
9.7328576660e+02
9.7656799316e+02
9.6168658447e+02
1.0127504272e+03
1.0127504272e+03
9.6168658447e+02
9.7656799316e+02
9.7328576660e+02
6.3073046875e+02
6.1512438965e+02
6.5350128174e+02
5.8264068604e+02
5.8264068604e+02
6.5350128174e+02
6.1512438965e+02
6.3073046875e+02
2.7355700684e+02
2.9922491455e+02
2.4936830139e+02
3.1518206787e+02
3.1518206787e+02
2.4936830139e+02
2.9922491455e+02
2.7355700684e+02
-5.2730636597e+01
-9.4690238953e+01
-3.7447441101e+01
-7.8088180542e+01
-7.8088180542e+01
-3.7447441101e+01
-9.4690238953e+01
-5.2730636597e+01
-3.9671160889e+02
-4.4634640503e+02
-3.6929000854e+02
-4.4876522827e+02
-4.4876522827e+02
-3.6929000854e+02
-4.4634640503e+02
-3.9671160889e+02
-7.6405395508e+02
-7.3030712891e+02
-8.0028674316e+02
-6.9593212891e+02
-6.9593212891e+02
-8.0028674316e+02
-7.3030712891e+02
-7.6405395508e+02
-1.0993802490e+03
-1.1102491455e+03
-1.0733350830e+03
-1.1637972412e+03
-1.1637972412e+03
-1.0733350830e+03
-1.1102491455e+03
-1.0993802490e+03
-1.4459857178e+03
-1.4357100830e+03
-1.4664167480e+03
-1.3913793945e+03
-1.3913793945e+03
-1.4664167480e+03
-1.4357100830e+03
-1.4459857178e+03
-1.7908012695e+03
-1.7869857178e+03
-1.7835872803e+03
-1.8216881104e+03
-1.8216881104e+03
-1.7835872803e+03
-1.7869857178e+03
-1.7908012695e+03
-2.1333967285e+03
-2.1267534180e+03
-2.1412219238e+03
-2.1177441406e+03
-2.1177441406e+03
-2.1412219238e+03
-2.1267534180e+03
-2.1333967285e+03
1.7737631836e+03
1.7805208740e+03
1.7720670166e+03
1.7712554932e+03
1.7712554932e+03
1.7720670166e+03
1.7805208740e+03
1.7737631836e+03
1.4059953613e+03
1.4147272949e+03
1.3971900635e+03
1.4296691895e+03
1.4296691895e+03
1.3971900635e+03
1.4147272949e+03
1.4059953613e+03
1.0426215820e+03
1.0413756104e+03
1.0524025879e+03
1.0096664429e+03
1.0096664429e+03
1.0524025879e+03
1.0413756104e+03
1.0426215820e+03
6.7225122070e+02
6.8733374023e+02
6.5285388184e+02
7.1320410156e+02
7.1320410156e+02
6.5285388184e+02
6.8733374023e+02
6.7225122070e+02
3.1620419312e+02
2.9517712402e+02
3.3594714355e+02
2.8195559692e+02
2.8195559692e+02
3.3594714355e+02
2.9517712402e+02
3.1620419312e+02
-6.5068435669e+01
-3.1124826431e+01
-7.6648887634e+01
-4.3613929749e+01
-4.3613929749e+01
-7.6648887634e+01
-3.1124826431e+01
-6.5068435669e+01
-4.3036975098e+02
-3.9178341675e+02
-4.5084222412e+02
-3.8993957520e+02
-3.8993957520e+02
-4.5084222412e+02
-3.9178341675e+02
-4.3036975098e+02
-7.7613696289e+02
-8.0588696289e+02
-7.4667486572e+02
-8.3107611084e+02
-8.3107611084e+02
-7.4667486572e+02
-8.0588696289e+02
-7.7613696289e+02
-1.1476877441e+03
-1.1402064209e+03
-1.1694720459e+03
-1.0960025635e+03
-1.0960025635e+03
-1.1694720459e+03
-1.1402064209e+03
-1.1476877441e+03
-1.5095632324e+03
-1.5209256592e+03
-1.4911602783e+03
-1.5563145752e+03
-1.5563145752e+03
-1.4911602783e+03
-1.5209256592e+03
-1.5095632324e+03
-1.8709407959e+03
-1.8778951416e+03
-1.8774802246e+03
-1.8463306885e+03
-1.8463306885e+03
-1.8774802246e+03
-1.8778951416e+03
-1.8709407959e+03
-2.2350007324e+03
-2.2449528809e+03
-2.2286210938e+03
-2.2514951172e+03
-2.2514951172e+03
-2.2286210938e+03
-2.2449528809e+03
-2.2350007324e+03
1.8764538574e+03
1.8662691650e+03
1.8777006836e+03
1.8768305664e+03
1.8768305664e+03
1.8777006836e+03
1.8662691650e+03
1.8764538574e+03
1.4927803955e+03
1.4813997803e+03
1.5002066650e+03
1.4707310791e+03
1.4707310791e+03
1.5002066650e+03
1.4813997803e+03
1.4927803955e+03
1.1051531982e+03
1.1039993896e+03
1.0969877930e+03
1.1326569824e+03
1.1326569824e+03
1.0969877930e+03
1.1039993896e+03
1.1051531982e+03
7.2601123047e+02
7.1097119141e+02
7.4241107178e+02
6.9086804199e+02
6.9086804199e+02
7.4241107178e+02
7.1097119141e+02
7.2601123047e+02
3.3474484253e+02
3.5137808228e+02
3.1835809326e+02
3.6299490356e+02
3.6299490356e+02
3.1835809326e+02
3.5137808228e+02
3.3474484253e+02
-3.4445373535e+01
-6.2285118103e+01
-2.5903915405e+01
-5.3079410553e+01
-5.3079410553e+01
-2.5903915405e+01
-6.2285118103e+01
-3.4445373535e+01
-4.1679653931e+02
-4.4680285645e+02
-4.0199810791e+02
-4.4846145630e+02
-4.4846145630e+02
-4.0199810791e+02
-4.4680285645e+02
-4.1679653931e+02
-8.1453344727e+02
-7.8816473389e+02
-8.3905187988e+02
-7.7079443359e+02
-7.7079443359e+02
-8.3905187988e+02
-7.8816473389e+02
-8.1453344727e+02
-1.1905281982e+03
-1.1947414551e+03
-1.1731239014e+03
-1.2324851074e+03
-1.2324851074e+03
-1.1731239014e+03
-1.1947414551e+03
-1.1905281982e+03
-1.5739351807e+03
-1.5611580811e+03
-1.5913427734e+03
-1.5352352295e+03
-1.5352352295e+03
-1.5913427734e+03
-1.5611580811e+03
-1.5739351807e+03
-1.9593045654e+03
-1.9488973389e+03
-1.9542972412e+03
-1.9797011719e+03
-1.9797011719e+03
-1.9542972412e+03
-1.9488973389e+03
-1.9593045654e+03
-2.3398444824e+03
-2.3270891113e+03
-2.3475014648e+03
-2.3259941406e+03
-2.3259941406e+03
-2.3475014648e+03
-2.3270891113e+03
-2.3398444824e+03
1.9609853516e+03
1.9748676758e+03
1.9588811035e+03
1.9603422852e+03
1.9603422852e+03
1.9588811035e+03
1.9748676758e+03
1.9609853516e+03
1.5595394287e+03
1.5744061279e+03
1.5532246094e+03
1.5794265137e+03
1.5794265137e+03
1.5532246094e+03
1.5744061279e+03
1.5595394287e+03
1.1647194824e+03
1.1685491943e+03
1.1709798584e+03
1.1408330078e+03
1.1408330078e+03
1.1709798584e+03
1.1685491943e+03
1.1647194824e+03
7.6141699219e+02
7.7651831055e+02
7.4689117432e+02
7.9079083252e+02
7.9079083252e+02
7.4689117432e+02
7.7651831055e+02
7.6141699219e+02
3.6951937866e+02
3.5641772461e+02
3.8234967041e+02
3.4500741577e+02
3.4500741577e+02
3.8234967041e+02
3.5641772461e+02
3.6951937866e+02
-4.0667827606e+01
-1.8262292862e+01
-4.8007530212e+01
-2.5368572235e+01
-2.5368572235e+01
-4.8007530212e+01
-1.8262292862e+01
-4.0667827606e+01
-4.3930456543e+02
-4.1718051147e+02
-4.5103082275e+02
-4.1598547363e+02
-4.1598547363e+02
-4.5103082275e+02
-4.1718051147e+02
-4.3930456543e+02
-8.2547296143e+02
-8.5047216797e+02
-8.0655725098e+02
-8.6168524170e+02
-8.6168524170e+02
-8.0655725098e+02
-8.5047216797e+02
-8.2547296143e+02
-1.2295815430e+03
-1.2302065430e+03
-1.2450290527e+03
-1.1974375000e+03
-1.1974375000e+03
-1.2450290527e+03
-1.2302065430e+03
-1.2295815430e+03
-1.6278399658e+03
-1.6443212891e+03
-1.6135693359e+03
-1.6617534180e+03
-1.6617534180e+03
-1.6135693359e+03
-1.6443212891e+03
-1.6278399658e+03
-2.0224754639e+03
-2.0390158691e+03
-2.0291835938e+03
-2.0089676514e+03
-2.0089676514e+03
-2.0291835938e+03
-2.0390158691e+03
-2.0224754639e+03
-2.4242775879e+03
-2.4433559570e+03
-2.4193564453e+03
-2.4396760254e+03
-2.4396760254e+03
-2.4193564453e+03
-2.4433559570e+03
-2.4242775879e+03
2.0545581055e+03
2.0340886230e+03
2.0543024902e+03
2.0528164062e+03
2.0528164062e+03
2.0543024902e+03
2.0340886230e+03
2.0545581055e+03
1.6417028809e+03
1.6209370117e+03
1.6442611084e+03
1.6212510986e+03
1.6212510986e+03
1.6442611084e+03
1.6209370117e+03
1.6417028809e+03
1.2206777344e+03
1.2121818848e+03
1.2138759766e+03
1.2396209717e+03
1.2396209717e+03
1.2138759766e+03
1.2121818848e+03
1.2206777344e+03
8.0942120361e+02
7.9241168213e+02
8.2031738281e+02
7.8287994385e+02
7.8287994385e+02
8.2031738281e+02
7.9241168213e+02
8.0942120361e+02
3.8834213257e+02
3.9684310913e+02
3.7637658691e+02
4.0774951172e+02
4.0774951172e+02
3.7637658691e+02
3.9684310913e+02
3.8834213257e+02
-1.7138477325e+01
-3.6500782013e+01
-1.2641324997e+01
-3.2113597870e+01
-3.2113597870e+01
-1.2641324997e+01
-3.6500782013e+01
-1.7138477325e+01
-4.3270312500e+02
-4.4949719238e+02
-4.2521920776e+02
-4.5195193481e+02
-4.5195193481e+02
-4.2521920776e+02
-4.4949719238e+02
-4.3270312500e+02
-8.5861529541e+02
-8.3518524170e+02
-8.7484417725e+02
-8.3117602539e+02
-8.3117602539e+02
-8.7484417725e+02
-8.3518524170e+02
-8.5861529541e+02
-1.2699383545e+03
-1.2650645752e+03
-1.2579598389e+03
-1.2968607178e+03
-1.2968607178e+03
-1.2579598389e+03
-1.2650645752e+03
-1.2699383545e+03
-1.6864956055e+03
-1.6663051758e+03
-1.6995750732e+03
-1.6596527100e+03
-1.6596527100e+03
-1.6995750732e+03
-1.6663051758e+03
-1.6864956055e+03
-2.1090129395e+03
-2.0860014648e+03
-2.1020998535e+03
-2.1193745117e+03
-2.1193745117e+03
-2.1020998535e+03
-2.0860014648e+03
-2.1090129395e+03
-2.5216010742e+03
-2.4964995117e+03
-2.5268449707e+03
-2.5095603027e+03
-2.5095603027e+03
-2.5268449707e+03
-2.4964995117e+03
-2.5216010742e+03
2.1156796875e+03
2.1436442871e+03
2.1176904297e+03
2.1172214355e+03
2.1172214355e+03
2.1176904297e+03
2.1436442871e+03
2.1156796875e+03
1.6846186523e+03
1.7125007324e+03
1.6859752197e+03
1.7046303711e+03
1.7046303711e+03
1.6859752197e+03
1.7125007324e+03
1.6846186523e+03
1.2656201172e+03
1.2791058350e+03
1.2725141602e+03
1.2491627197e+03
1.2491627197e+03
1.2725141602e+03
1.2791058350e+03
1.2656201172e+03
8.3604772949e+02
8.5464501953e+02
8.2692053223e+02
8.5792987061e+02
8.5792987061e+02
8.2692053223e+02
8.5464501953e+02
8.3604772949e+02
4.1465957642e+02
4.0923107910e+02
4.2393963623e+02
3.9663894653e+02
3.9663894653e+02
4.2393963623e+02
4.0923107910e+02
4.1465957642e+02
-2.0317504883e+01
-4.9224882126e+00
-2.5261987686e+01
-8.6970100403e+00
-8.6970100403e+00
-2.5261987686e+01
-4.9224882126e+00
-2.0317504883e+01
-4.4692285156e+02
-4.3679388428e+02
-4.5447238159e+02
-4.3443429565e+02
-4.3443429565e+02
-4.5447238159e+02
-4.3679388428e+02
-4.4692285156e+02
-8.6552661133e+02
-8.9104418945e+02
-8.5567120361e+02
-8.8988391113e+02
-8.8988391113e+02
-8.5567120361e+02
-8.9104418945e+02
-8.6552661133e+02
-1.2967630615e+03
-1.3095880127e+03
-1.3107929688e+03
-1.2787293701e+03
-1.2787293701e+03
-1.3107929688e+03
-1.3095880127e+03
-1.2967630615e+03
-1.7240443115e+03
-1.7526850586e+03
-1.7180921631e+03
-1.7503637695e+03
-1.7503637695e+03
-1.7180921631e+03
-1.7526850586e+03
-1.7240443115e+03
-2.1447363281e+03
-2.1796184082e+03
-2.1589987793e+03
-2.1436313477e+03
-2.1436313477e+03
-2.1589987793e+03
-2.1796184082e+03
-2.1447363281e+03
-2.5807163086e+03
-2.6177578125e+03
-2.5825039062e+03
-2.5961743164e+03
-2.5961743164e+03
-2.5825039062e+03
-2.6177578125e+03
-2.5807163086e+03
2.2061220703e+03
2.1650854492e+03
2.1943552246e+03
2.1974453125e+03
2.1974453125e+03
2.1943552246e+03
2.1650854492e+03
2.2061220703e+03
1.7720809326e+03
1.7317738037e+03
1.7589951172e+03
1.7445770264e+03
1.7445770264e+03
1.7589951172e+03
1.7317738037e+03
1.7720809326e+03
1.3211267090e+03
1.2979965820e+03
1.3069946289e+03
1.3285695801e+03
1.3285695801e+03
1.3069946289e+03
1.2979965820e+03
1.3211267090e+03
8.8088415527e+02
8.5678869629e+02
8.8272967529e+02
8.5706311035e+02
8.5706311035e+02
8.8272967529e+02
8.5678869629e+02
8.8088415527e+02
4.3381542969e+02
4.3347152710e+02
4.2207180786e+02
4.4574664307e+02
4.4574664307e+02
4.2207180786e+02
4.3347152710e+02
4.3381542969e+02
-1.9034085274e+00
-1.6342254639e+01
-1.2265975028e-01
-1.5063941956e+01
-1.5063941956e+01
-1.2265975028e-01
-1.6342254639e+01
-1.9034085274e+00
-4.4572427368e+02
-4.5165164185e+02
-4.4040246582e+02
-4.5628341675e+02
-4.5628341675e+02
-4.4040246582e+02
-4.5165164185e+02
-4.4572427368e+02
-8.9731256104e+02
-8.6989807129e+02
-9.0301293945e+02
-8.7789123535e+02
-8.7789123535e+02
-9.0301293945e+02
-8.6989807129e+02
-8.9731256104e+02
-1.3395604248e+03
-1.3186351318e+03
-1.3235480957e+03
-1.3517203369e+03
-1.3517203369e+03
-1.3235480957e+03
-1.3186351318e+03
-1.3395604248e+03
-1.7869365234e+03
-1.7485224609e+03
-1.7849577637e+03
-1.7612989502e+03
-1.7612989502e+03
-1.7849577637e+03
-1.7485224609e+03
-1.7869365234e+03
-2.2429936523e+03
-2.1942121582e+03
-2.2195473633e+03
-2.2356894531e+03
-2.2356894531e+03
-2.2195473633e+03
-2.1942121582e+03
-2.2429936523e+03
-2.6789003906e+03
-2.6283400879e+03
-2.6694790039e+03
-2.6619382324e+03
-2.6619382324e+03
-2.6694790039e+03
-2.6283400879e+03
-2.6789003906e+03
2.2246535645e+03
2.2817900391e+03
2.2517707520e+03
2.2451132812e+03
2.2451132812e+03
2.2517707520e+03
2.2817900391e+03
2.2246535645e+03
1.7666101074e+03
1.8223890381e+03
1.7969822998e+03
1.8069255371e+03
1.8069255371e+03
1.7969822998e+03
1.8223890381e+03
1.7666101074e+03
1.3320217285e+03
1.3666507568e+03
1.3572769775e+03
1.3364949951e+03
1.3364949951e+03
1.3572769775e+03
1.3666507568e+03
1.3320217285e+03
8.8716552734e+02
9.1712243652e+02
8.9321130371e+02
9.1368475342e+02
9.1368475342e+02
8.9321130371e+02
9.1712243652e+02
8.8716552734e+02
4.4673614502e+02
4.5122952271e+02
4.5925393677e+02
4.3775393677e+02
4.3775393677e+02
4.5925393677e+02
4.5122952271e+02
4.4673614502e+02
-4.6763176918e+00
6.5252094269e+00
-8.1416492462e+00
4.6597208977e+00
4.6597208977e+00
-8.1416492462e+00
6.5252094269e+00
-4.6763176918e+00
-4.4976000977e+02
-4.5169879150e+02
-4.6074084473e+02
-4.4893786621e+02
-4.4893786621e+02
-4.6074084473e+02
-4.5169879150e+02
-4.4976000977e+02
-8.8885766602e+02
-9.2458959961e+02
-8.9733715820e+02
-9.1594610596e+02
-9.1594610596e+02
-8.9733715820e+02
-9.2458959961e+02
-8.8885766602e+02
-1.3367678223e+03
-1.3732617188e+03
-1.3684406738e+03
-1.3444101562e+03
-1.3444101562e+03
-1.3684406738e+03
-1.3732617188e+03
-1.3367678223e+03
-1.7810452881e+03
-1.8384843750e+03
-1.8069932861e+03
-1.8243469238e+03
-1.8243469238e+03
-1.8069932861e+03
-1.8384843750e+03
-1.7810452881e+03
-2.2194296875e+03
-2.2921411133e+03
-2.2698364258e+03
-2.2538796387e+03
-2.2538796387e+03
-2.2698364258e+03
-2.2921411133e+03
-2.2194296875e+03
-2.6877858887e+03
-2.7622661133e+03
-2.7228581543e+03
-2.7253737793e+03
-2.7253737793e+03
-2.7228581543e+03
-2.7622661133e+03
-2.6877858887e+03
2.3398857422e+03
2.2598032227e+03
2.2800363770e+03
2.2868554688e+03
2.2868554688e+03
2.2800363770e+03
2.2598032227e+03
2.3398857422e+03
1.8956728516e+03
1.8176722412e+03
1.8316390381e+03
1.8223802490e+03
1.8223802490e+03
1.8316390381e+03
1.8176722412e+03
1.8956728516e+03
1.4199997559e+03
1.3671210938e+03
1.3682841797e+03
1.3854970703e+03
1.3854970703e+03
1.3682841797e+03
1.3671210938e+03
1.4199997559e+03
9.5029541016e+02
9.0873315430e+02
9.2444274902e+02
9.0598400879e+02
9.0598400879e+02
9.2444274902e+02
9.0873315430e+02
9.5029541016e+02
4.7607910156e+02
4.6329858398e+02
4.5387084961e+02
4.7198510742e+02
4.7198510742e+02
4.5387084961e+02
4.6329858398e+02
4.7607910156e+02
1.0516150475e+01
-1.0626641512e+00
1.0575210571e+01
-1.2999048233e+00
-1.2999048233e+00
1.0575210571e+01
-1.0626641512e+00
1.0516150475e+01
-4.6251950073e+02
-4.5508489990e+02
-4.4700769043e+02
-4.5568603516e+02
-4.5568603516e+02
-4.4700769043e+02
-4.5508489990e+02
-4.6251950073e+02
-9.4296612549e+02
-8.9887133789e+02
-9.1808990479e+02
-9.0402276611e+02
-9.0402276611e+02
-9.1808990479e+02
-8.9887133789e+02
-9.4296612549e+02
-1.4172269287e+03
-1.3642535400e+03
-1.3633133545e+03
-1.3824810791e+03
-1.3824810791e+03
-1.3633133545e+03
-1.3642535400e+03
-1.4172269287e+03
-1.8960031738e+03
-1.8173148193e+03
-1.8367199707e+03
-1.8227034912e+03
-1.8227034912e+03
-1.8367199707e+03
-1.8173148193e+03
-1.8960031738e+03
-2.3785722656e+03
-2.2796933594e+03
-2.2904912109e+03
-2.3041757812e+03
-2.3041757812e+03
-2.2904912109e+03
-2.2796933594e+03
-2.3785722656e+03
-2.8246022949e+03
-2.7240200195e+03
-2.7526079102e+03
-2.7526611328e+03
-2.7526611328e+03
-2.7526079102e+03
-2.7240200195e+03
-2.8246022949e+03
2.2749411621e+03
2.3673505859e+03
2.3653554688e+03
2.3627241211e+03
2.3627241211e+03
2.3653554688e+03
2.3673505859e+03
2.2749411621e+03
1.7946437988e+03
1.8847593994e+03
1.8882819824e+03
1.9007128906e+03
1.9007128906e+03
1.8882819824e+03
1.8847593994e+03
1.7946437988e+03
1.3487873535e+03
1.4123243408e+03
1.4242593994e+03
1.4129991455e+03
1.4129991455e+03
1.4242593994e+03
1.4123243408e+03
1.3487873535e+03
9.0172711182e+02
9.4892486572e+02
9.4378985596e+02
9.6238616943e+02
9.6238616943e+02
9.4378985596e+02
9.4892486572e+02
9.0172711182e+02
4.5833966064e+02
4.7436480713e+02
4.8586270142e+02
4.7096841431e+02
4.7096841431e+02
4.8586270142e+02
4.7436480713e+02
4.5833966064e+02
6.2145409584e+00
1.5113936424e+01
3.8459959030e+00
1.3768501282e+01
1.3768501282e+01
3.8459959030e+00
1.5113936424e+01
6.2145409584e+00
-4.3980050659e+02
-4.5433551025e+02
-4.6711294556e+02
-4.6362875366e+02
-4.6362875366e+02
-4.6711294556e+02
-4.5433551025e+02
-4.3980050659e+02
-8.8034790039e+02
-9.3389184570e+02
-9.2989154053e+02
-9.4467687988e+02
-9.4467687988e+02
-9.2989154053e+02
-9.3389184570e+02
-8.8034790039e+02
-1.3299739990e+03
-1.3983172607e+03
-1.4157376709e+03
-1.4063680420e+03
-1.4063680420e+03
-1.4157376709e+03
-1.3983172607e+03
-1.3299739990e+03
-1.7800709229e+03
-1.8770428467e+03
-1.8818316650e+03
-1.8999691162e+03
-1.8999691162e+03
-1.8818316650e+03
-1.8770428467e+03
-1.7800709229e+03
-2.2354157715e+03
-2.3542041016e+03
-2.3686027832e+03
-2.3645292969e+03
-2.3645292969e+03
-2.3686027832e+03
-2.3542041016e+03
-2.2354157715e+03
-2.7327568359e+03
-2.8534709473e+03
-2.8520966797e+03
-2.8580261230e+03
-2.8580261230e+03
-2.8520966797e+03
-2.8534709473e+03
-2.7327568359e+03
2.3952702637e+03
2.3458205566e+03
2.3402333984e+03
2.3408256836e+03
2.3408256836e+03
2.3402333984e+03
2.3458205566e+03
2.3952702637e+03
1.9380864258e+03
1.8879880371e+03
1.8809260254e+03
1.8686669922e+03
1.8686669922e+03
1.8809260254e+03
1.8879880371e+03
1.9380864258e+03
1.4596933594e+03
1.4245192871e+03
1.4104934082e+03
1.4192988281e+03
1.4192988281e+03
1.4104934082e+03
1.4245192871e+03
1.4596933594e+03
9.7974108887e+02
9.5173870850e+02
9.5321289062e+02
9.3581573486e+02
9.3581573486e+02
9.5321289062e+02
9.5173870850e+02
9.7974108887e+02
4.9604812622e+02
4.8742141724e+02
4.7504898071e+02
4.8706954956e+02
4.8706954956e+02
4.7504898071e+02
4.8742141724e+02
4.9604812622e+02
1.9553422928e+01
8.1929521561e+00
1.5679656029e+01
5.6786513329e+00
5.6786513329e+00
1.5679656029e+01
8.1929521561e+00
1.9553422928e+01
-4.6546502686e+02
-4.6438552856e+02
-4.5534567261e+02
-4.5786026001e+02
-4.5786026001e+02
-4.5534567261e+02
-4.6438552856e+02
-4.6546502686e+02
-9.5857482910e+02
-9.3091906738e+02
-9.3409051514e+02
-9.2320098877e+02
-9.2320098877e+02
-9.3409051514e+02
-9.3091906738e+02
-9.5857482910e+02
-1.4438189697e+03
-1.4116601562e+03
-1.3961920166e+03
-1.4034370117e+03
-1.4034370117e+03
-1.3961920166e+03
-1.4116601562e+03
-1.4438189697e+03
-1.9304796143e+03
-1.8818178711e+03
-1.8762720947e+03
-1.8617218018e+03
-1.8617218018e+03
-1.8762720947e+03
-1.8818178711e+03
-1.9304796143e+03
-2.4142153320e+03
-2.3556403809e+03
-2.3415913086e+03
-2.3445776367e+03
-2.3445776367e+03
-2.3415913086e+03
-2.3556403809e+03
-2.4142153320e+03
-2.8785341797e+03
-2.8197973633e+03
-2.8145073242e+03
-2.8084648438e+03
-2.8084648438e+03
-2.8145073242e+03
-2.8197973633e+03
-2.8785341797e+03
2.4093427734e+03
2.3624533691e+03
2.3583037109e+03
2.3528808594e+03
2.3528808594e+03
2.3583037109e+03
2.3624533691e+03
2.4093427734e+03
1.9485468750e+03
1.9020933838e+03
1.8904230957e+03
1.8944763184e+03
1.8944763184e+03
1.8904230957e+03
1.9020933838e+03
1.9485468750e+03
1.4694489746e+03
1.4324842529e+03
1.4284958496e+03
1.4139951172e+03
1.4139951172e+03
1.4284958496e+03
1.4324842529e+03
1.4694489746e+03
9.8523327637e+02
9.6442077637e+02
9.5212707520e+02
9.6195159912e+02
9.6195159912e+02
9.5212707520e+02
9.6442077637e+02
9.8523327637e+02
5.0170654297e+02
4.8717248535e+02
4.9019821167e+02
4.7677481079e+02
4.7677481079e+02
4.9019821167e+02
4.8717248535e+02
5.0170654297e+02
1.6354558945e+01
1.8428785324e+01
1.0620758057e+01
1.8874168396e+01
1.8874168396e+01
1.0620758057e+01
1.8428785324e+01
1.6354558945e+01
-4.7154699707e+02
-4.5767034912e+02
-4.6113119507e+02
-4.5837863159e+02
-4.5837863159e+02
-4.6113119507e+02
-4.5767034912e+02
-4.7154699707e+02
-9.6158489990e+02
-9.4014062500e+02
-9.2916461182e+02
-9.3307177734e+02
-9.3307177734e+02
-9.2916461182e+02
-9.4014062500e+02
-9.6158489990e+02
-1.4536529541e+03
-1.4135705566e+03
-1.4114786377e+03
-1.3995770264e+03
-1.3995770264e+03
-1.4114786377e+03
-1.4135705566e+03
-1.4536529541e+03
-1.9414854736e+03
-1.8952152100e+03
-1.8795240479e+03
-1.8828488770e+03
-1.8828488770e+03
-1.8795240479e+03
-1.8952152100e+03
-1.9414854736e+03
-2.4312258301e+03
-2.3683505859e+03
-2.3589067383e+03
-2.3483220215e+03
-2.3483220215e+03
-2.3589067383e+03
-2.3683505859e+03
-2.4312258301e+03
-2.8974284668e+03
-2.8358208008e+03
-2.8288608398e+03
-2.8281135254e+03
-2.8281135254e+03
-2.8288608398e+03
-2.8358208008e+03
-2.8974284668e+03
2.3228840332e+03
2.4144619141e+03
2.4112795410e+03
2.4147136230e+03
2.4147136230e+03
2.4112795410e+03
2.4144619141e+03
2.3228840332e+03
1.8343051758e+03
1.9230541992e+03
1.9321101074e+03
1.9282242432e+03
1.9282242432e+03
1.9321101074e+03
1.9230541992e+03
1.8343051758e+03
1.3786381836e+03
1.4461027832e+03
1.4486109619e+03
1.4614550781e+03
1.4614550781e+03
1.4486109619e+03
1.4461027832e+03
1.3786381836e+03
9.2504406738e+02
9.6697308350e+02
9.7668524170e+02
9.6775518799e+02
9.6775518799e+02
9.7668524170e+02
9.6697308350e+02
9.2504406738e+02
4.7025942993e+02
4.9449084473e+02
4.9085418701e+02
5.0219775391e+02
5.0219775391e+02
4.9085418701e+02
4.9449084473e+02
4.7025942993e+02
1.5677139282e+01
1.2872405052e+01
1.8056955338e+01
9.7505970001e+00
9.7505970001e+00
1.8056955338e+01
1.2872405052e+01
1.5677139282e+01
-4.3922845459e+02
-4.6490551758e+02
-4.6378753662e+02
-4.6615518188e+02
-4.6615518188e+02
-4.6378753662e+02
-4.6490551758e+02
-4.3922845459e+02
-8.9529919434e+02
-9.4011572266e+02
-9.5029699707e+02
-9.4895922852e+02
-9.4895922852e+02
-9.5029699707e+02
-9.4011572266e+02
-8.9529919434e+02
-1.3506092529e+03
-1.4248807373e+03
-1.4276997070e+03
-1.4382320557e+03
-1.4382320557e+03
-1.4276997070e+03
-1.4248807373e+03
-1.3506092529e+03
-1.8124866943e+03
-1.9049049072e+03
-1.9192099609e+03
-1.9183366699e+03
-1.9183366699e+03
-1.9192099609e+03
-1.9049049072e+03
-1.8124866943e+03
-2.2751093750e+03
-2.3958186035e+03
-2.4046157227e+03
-2.4143200684e+03
-2.4143200684e+03
-2.4046157227e+03
-2.3958186035e+03
-2.2751093750e+03
-2.7821743164e+03
-2.9040036621e+03
-2.9040537109e+03
-2.9044116211e+03
-2.9044116211e+03
-2.9040537109e+03
-2.9040036621e+03
-2.7821743164e+03
2.4172604980e+03
2.3366750488e+03
2.3579658203e+03
2.3586215820e+03
2.3586215820e+03
2.3579658203e+03
2.3366750488e+03
2.4172604980e+03
1.9608068848e+03
1.8833779297e+03
1.8914663086e+03
1.8990452881e+03
1.8990452881e+03
1.8914663086e+03
1.8833779297e+03
1.9608068848e+03
1.4730163574e+03
1.4158385010e+03
1.4270073242e+03
1.4192113037e+03
1.4192113037e+03
1.4270073242e+03
1.4158385010e+03
1.4730163574e+03
9.8781811523e+02
9.5168994141e+02
9.5221215820e+02
9.6266894531e+02
9.6266894531e+02
9.5221215820e+02
9.5168994141e+02
9.8781811523e+02
5.0283453369e+02
4.8124523926e+02
4.8838641357e+02
4.7939318848e+02
4.7939318848e+02
4.8838641357e+02
4.8124523926e+02
5.0283453369e+02
1.6537719727e+01
1.7359571457e+01
1.2076417923e+01
1.9153978348e+01
1.9153978348e+01
1.2076417923e+01
1.7359571457e+01
1.6537719727e+01
-4.7099942017e+02
-4.5157489014e+02
-4.5833221436e+02
-4.5924615479e+02
-4.5924615479e+02
-4.5833221436e+02
-4.5157489014e+02
-4.7099942017e+02
-9.5935485840e+02
-9.2478515625e+02
-9.2792297363e+02
-9.3196545410e+02
-9.3196545410e+02
-9.2792297363e+02
-9.2478515625e+02
-9.5935485840e+02
-1.4525283203e+03
-1.3934688721e+03
-1.4077376709e+03
-1.4047423096e+03
-1.4047423096e+03
-1.4077376709e+03
-1.3934688721e+03
-1.4525283203e+03
-1.9443135986e+03
-1.8706129150e+03
-1.8799205322e+03
-1.8865073242e+03
-1.8865073242e+03
-1.8799205322e+03
-1.8706129150e+03
-1.9443135986e+03
-2.4446496582e+03
-2.3448403320e+03
-2.3617707520e+03
-2.3607497559e+03
-2.3607497559e+03
-2.3617707520e+03
-2.3448403320e+03
-2.4446496582e+03
-2.9078962402e+03
-2.8078112793e+03
-2.8352475586e+03
-2.8413684082e+03
-2.8413684082e+03
-2.8352475586e+03
-2.8078112793e+03
-2.9078962402e+03
2.3300815430e+03
2.3878227539e+03
2.3563149414e+03
2.3557392578e+03
2.3557392578e+03
2.3563149414e+03
2.3878227539e+03
2.3300815430e+03
1.8546354980e+03
1.9092769775e+03
1.8896247559e+03
1.8817088623e+03
1.8817088623e+03
1.8896247559e+03
1.9092769775e+03
1.8546354980e+03
1.4018508301e+03
1.4401127930e+03
1.4195413818e+03
1.4250562744e+03
1.4250562744e+03
1.4195413818e+03
1.4401127930e+03
1.4018508301e+03
9.4091314697e+02
9.6416467285e+02
9.5587854004e+02
9.4531805420e+02
9.4531805420e+02
9.5587854004e+02
9.6416467285e+02
9.4091314697e+02
4.7837988281e+02
4.9169995117e+02
4.8095382690e+02
4.8799740601e+02
4.8799740601e+02
4.8095382690e+02
4.9169995117e+02
4.7837988281e+02
1.4782892227e+01
1.1623750687e+01
1.4657041550e+01
7.4947452545e+00
7.4947452545e+00
1.4657041550e+01
1.1623750687e+01
1.4782892227e+01
-4.5006964111e+02
-4.6630456543e+02
-4.5891198730e+02
-4.5778140259e+02
-4.5778140259e+02
-4.5891198730e+02
-4.6630456543e+02
-4.5006964111e+02
-9.1723876953e+02
-9.4323394775e+02
-9.3501043701e+02
-9.3234887695e+02
-9.3234887695e+02
-9.3501043701e+02
-9.4323394775e+02
-9.1723876953e+02
-1.3822343750e+03
-1.4262153320e+03
-1.4054506836e+03
-1.4071035156e+03
-1.4071035156e+03
-1.4054506836e+03
-1.4262153320e+03
-1.3822343750e+03
-1.8510772705e+03
-1.9043415527e+03
-1.8843286133e+03
-1.8788323975e+03
-1.8788323975e+03
-1.8843286133e+03
-1.9043415527e+03
-1.8510772705e+03
-2.3109343262e+03
-2.3851955566e+03
-2.3568532715e+03
-2.3573779297e+03
-2.3573779297e+03
-2.3568532715e+03
-2.3851955566e+03
-2.3109343262e+03
-2.8022673340e+03
-2.8761528320e+03
-2.8384384766e+03
-2.8345175781e+03
-2.8345175781e+03
-2.8384384766e+03
-2.8761528320e+03
-2.8022673340e+03
2.3388395996e+03
2.2966269531e+03
2.3273334961e+03
2.3240668945e+03
2.3240668945e+03
2.3273334961e+03
2.2966269531e+03
2.3388395996e+03
1.8829608154e+03
1.8435289307e+03
1.8643704834e+03
1.8688122559e+03
1.8688122559e+03
1.8643704834e+03
1.8435289307e+03
1.8829608154e+03
1.4099504395e+03
1.3826805420e+03
1.4033874512e+03
1.3963742676e+03
1.3963742676e+03
1.4033874512e+03
1.3826805420e+03
1.4099504395e+03
9.4463739014e+02
9.2741717529e+02
9.3592309570e+02
9.4364672852e+02
9.4364672852e+02
9.3592309570e+02
9.2741717529e+02
9.4463739014e+02
4.7783654785e+02
4.6700079346e+02
4.7615609741e+02
4.6862911987e+02
4.6862911987e+02
4.7615609741e+02
4.6700079346e+02
4.7783654785e+02
1.0047815323e+01
1.1054383278e+01
7.0964636803e+00
1.2931776047e+01
1.2931776047e+01
7.0964636803e+00
1.1054383278e+01
1.0047815323e+01
-4.5884197998e+02
-4.4892858887e+02
-4.5781378174e+02
-4.5954562378e+02
-4.5954562378e+02
-4.5781378174e+02
-4.4892858887e+02
-4.5884197998e+02
-9.2740454102e+02
-9.1176611328e+02
-9.2313049316e+02
-9.2437573242e+02
-9.2437573242e+02
-9.2313049316e+02
-9.1176611328e+02
-9.2740454102e+02
-1.4004279785e+03
-1.3718593750e+03
-1.3950468750e+03
-1.3933181152e+03
-1.3933181152e+03
-1.3950468750e+03
-1.3718593750e+03
-1.4004279785e+03
-1.8719318848e+03
-1.8382864990e+03
-1.8625985107e+03
-1.8654294434e+03
-1.8654294434e+03
-1.8625985107e+03
-1.8382864990e+03
-1.8719318848e+03
-2.3564001465e+03
-2.3065104980e+03
-2.3386979980e+03
-2.3364223633e+03
-2.3364223633e+03
-2.3386979980e+03
-2.3065104980e+03
-2.3564001465e+03
-2.8206997070e+03
-2.7715275879e+03
-2.8109743652e+03
-2.8108059082e+03
-2.8108059082e+03
-2.8109743652e+03
-2.7715275879e+03
-2.8206997070e+03
2.2714943848e+03
2.3000903320e+03
2.2721784668e+03
2.2781486816e+03
2.2781486816e+03
2.2721784668e+03
2.3000903320e+03
2.2714943848e+03
1.8148721924e+03
1.8409916992e+03
1.8209040527e+03
1.8190064697e+03
1.8190064697e+03
1.8209040527e+03
1.8409916992e+03
1.8148721924e+03
1.3691230469e+03
1.3862282715e+03
1.3665378418e+03
1.3743295898e+03
1.3743295898e+03
1.3665378418e+03
1.3862282715e+03
1.3691230469e+03
9.1456390381e+02
9.2486090088e+02
9.1608593750e+02
9.1010205078e+02
9.1010205078e+02
9.1608593750e+02
9.2486090088e+02
9.1456390381e+02
4.6099703979e+02
4.6694680786e+02
4.5787002563e+02
4.6479263306e+02
4.6479263306e+02
4.5787002563e+02
4.6694680786e+02
4.6099703979e+02
6.4063358307e+00
3.5379886627e+00
5.8355741501e+00
-1.1431667209e-01
-1.1431667209e-01
5.8355741501e+00
3.5379886627e+00
6.4063358307e+00
-4.4904583740e+02
-4.5824383545e+02
-4.5171160889e+02
-4.5108721924e+02
-4.5108721924e+02
-4.5171160889e+02
-4.5824383545e+02
-4.4904583740e+02
-9.0743530273e+02
-9.1992810059e+02
-9.1083337402e+02
-9.1251947021e+02
-9.1251947021e+02
-9.1083337402e+02
-9.1992810059e+02
-9.0743530273e+02
-1.3642724609e+03
-1.3863466797e+03
-1.3672482910e+03
-1.3711572266e+03
-1.3711572266e+03
-1.3672482910e+03
-1.3863466797e+03
-1.3642724609e+03
-1.8260322266e+03
-1.8506119385e+03
-1.8299083252e+03
-1.8315443115e+03
-1.8315443115e+03
-1.8299083252e+03
-1.8506119385e+03
-1.8260322266e+03
-2.2786284180e+03
-2.3156850586e+03
-2.2881625977e+03
-2.2941591797e+03
-2.2941591797e+03
-2.2881625977e+03
-2.3156850586e+03
-2.2786284180e+03
-2.7484992676e+03
-2.7848901367e+03
-2.7521708984e+03
-2.7576950684e+03
-2.7576950684e+03
-2.7521708984e+03
-2.7848901367e+03
-2.7484992676e+03
2.2316149902e+03
2.2099907227e+03
2.2319291992e+03
2.2234409180e+03
2.2234409180e+03
2.2319291992e+03
2.2099907227e+03
2.2316149902e+03
1.7892482910e+03
1.7697758789e+03
1.7856566162e+03
1.7848839111e+03
1.7848839111e+03
1.7856566162e+03
1.7697758789e+03
1.7892482910e+03
1.3386278076e+03
1.3255231934e+03
1.3409730225e+03
1.3318640137e+03
1.3318640137e+03
1.3409730225e+03
1.3255231934e+03
1.3386278076e+03
8.9445147705e+02
8.8583996582e+02
8.9187255859e+02
8.9554803467e+02
8.9554803467e+02
8.9187255859e+02
8.8583996582e+02
8.9445147705e+02
4.4692346191e+02
4.4124932861e+02
4.4761978149e+02
4.4028598022e+02
4.4028598022e+02
4.4761978149e+02
4.4124932861e+02
4.4692346191e+02
-1.0943446159e+00
-2.0463331044e-01
-3.4254868031e+00
1.4562309980e+00
1.4562309980e+00
-3.4254868031e+00
-2.0463331044e-01
-1.0943446159e+00
-4.5038302612e+02
-4.4498202515e+02
-4.5157086182e+02
-4.5249017334e+02
-4.5249017334e+02
-4.5157086182e+02
-4.4498202515e+02
-4.5038302612e+02
-8.9879083252e+02
-8.9176721191e+02
-9.0056134033e+02
-8.9795446777e+02
-8.9795446777e+02
-9.0056134033e+02
-8.9176721191e+02
-8.9879083252e+02
-1.3509356689e+03
-1.3367440186e+03
-1.3536645508e+03
-1.3495034180e+03
-1.3495034180e+03
-1.3536645508e+03
-1.3367440186e+03
-1.3509356689e+03
-1.8003702393e+03
-1.7853843994e+03
-1.8038713379e+03
-1.8003143311e+03
-1.8003143311e+03
-1.8038713379e+03
-1.7853843994e+03
-1.8003702393e+03
-2.2603847656e+03
-2.2358793945e+03
-2.2601665039e+03
-2.2530749512e+03
-2.2530749512e+03
-2.2601665039e+03
-2.2358793945e+03
-2.2603847656e+03
-2.7103488770e+03
-2.6866530762e+03
-2.7145842285e+03
-2.7069575195e+03
-2.7069575195e+03
-2.7145842285e+03
-2.6866530762e+03
-2.7103488770e+03
2.1549458008e+03
2.1692695312e+03
2.1510419922e+03
2.1597788086e+03
2.1597788086e+03
2.1510419922e+03
2.1692695312e+03
2.1549458008e+03
1.7213503418e+03
1.7339819336e+03
1.7204606934e+03
1.7218520508e+03
1.7218520508e+03
1.7204606934e+03
1.7339819336e+03
1.7213503418e+03
1.2929189453e+03
1.3009299316e+03
1.2877568359e+03
1.2964677734e+03
1.2964677734e+03
1.2877568359e+03
1.3009299316e+03
1.2929189453e+03
8.5808184814e+02
8.6300170898e+02
8.5761602783e+02
8.5456042480e+02
8.5456042480e+02
8.5761602783e+02
8.6300170898e+02
8.5808184814e+02
4.2573632812e+02
4.2845703125e+02
4.2248510742e+02
4.2890780640e+02
4.2890780640e+02
4.2248510742e+02
4.2845703125e+02
4.2573632812e+02
-7.9561071396e+00
-1.0300278664e+01
-8.3988380432e+00
-1.3417944908e+01
-1.3417944908e+01
-8.3988380432e+00
-1.0300278664e+01
-7.9561071396e+00
-4.4193688965e+02
-4.4767736816e+02
-4.4331729126e+02
-4.4310821533e+02
-4.4310821533e+02
-4.4331729126e+02
-4.4767736816e+02
-4.4193688965e+02
-8.7871618652e+02
-8.8511883545e+02
-8.7910675049e+02
-8.8315972900e+02
-8.8315972900e+02
-8.7910675049e+02
-8.8511883545e+02
-8.7871618652e+02
-1.3139560547e+03
-1.3259202881e+03
-1.3135748291e+03
-1.3185590820e+03
-1.3185590820e+03
-1.3135748291e+03
-1.3259202881e+03
-1.3139560547e+03
-1.7542264404e+03
-1.7661066895e+03
-1.7525169678e+03
-1.7581032715e+03
-1.7581032715e+03
-1.7525169678e+03
-1.7661066895e+03
-1.7542264404e+03
-2.1879509277e+03
-2.2071696777e+03
-2.1888645020e+03
-2.1971870117e+03
-2.1971870117e+03
-2.1888645020e+03
-2.2071696777e+03
-2.1879509277e+03
-2.6312224121e+03
-2.6498608398e+03
-2.6292187500e+03
-2.6386926270e+03
-2.6386926270e+03
-2.6292187500e+03
-2.6498608398e+03
-2.6312224121e+03
2.0843610840e+03
2.0731621094e+03
2.0865170898e+03
2.0775583496e+03
2.0775583496e+03
2.0865170898e+03
2.0731621094e+03
2.0843610840e+03
1.6656845703e+03
1.6559807129e+03
1.6658540039e+03
1.6637873535e+03
1.6637873535e+03
1.6658540039e+03
1.6559807129e+03
1.6656845703e+03
1.2430552979e+03
1.2365179443e+03
1.2461672363e+03
1.2375504150e+03
1.2375504150e+03
1.2461672363e+03
1.2365179443e+03
1.2430552979e+03
8.2505303955e+02
8.2053472900e+02
8.2377435303e+02
8.2585034180e+02
8.2585034180e+02
8.2377435303e+02
8.2053472900e+02
8.2505303955e+02
4.0341833496e+02
4.0045504761e+02
4.0439056396e+02
3.9811950684e+02
3.9811950684e+02
4.0439056396e+02
4.0045504761e+02
4.0341833496e+02
-1.7749361038e+01
-1.6912321091e+01
-1.9496084213e+01
-1.5277753830e+01
-1.5277753830e+01
-1.9496084213e+01
-1.6912321091e+01
-1.7749361038e+01
-4.4015655518e+02
-4.3683416748e+02
-4.4124398804e+02
-4.4191567993e+02
-4.4191567993e+02
-4.4124398804e+02
-4.3683416748e+02
-4.4015655518e+02
-8.6137567139e+02
-8.5815765381e+02
-8.6380895996e+02
-8.5995178223e+02
-8.5995178223e+02
-8.6380895996e+02
-8.5815765381e+02
-8.6137567139e+02
-1.2858441162e+03
-1.2783626709e+03
-1.2889727783e+03
-1.2848449707e+03
-1.2848449707e+03
-1.2889727783e+03
-1.2783626709e+03
-1.2858441162e+03
-1.7074332275e+03
-1.7006929932e+03
-1.7122872314e+03
-1.7068508301e+03
-1.7068508301e+03
-1.7122872314e+03
-1.7006929932e+03
-1.7074332275e+03
-2.1363168945e+03
-2.1240080566e+03
-2.1395834961e+03
-2.1322810059e+03
-2.1322810059e+03
-2.1395834961e+03
-2.1240080566e+03
-2.1363168945e+03
-2.5600441895e+03
-2.5485939941e+03
-2.5658061523e+03
-2.5570913086e+03
-2.5570913086e+03
-2.5658061523e+03
-2.5485939941e+03
-2.5600441895e+03
1.9914678955e+03
1.9985087891e+03
1.9875968018e+03
1.9953718262e+03
1.9953718262e+03
1.9875968018e+03
1.9985087891e+03
1.9914678955e+03
1.5869677734e+03
1.5930850830e+03
1.5849365234e+03
1.5864119873e+03
1.5864119873e+03
1.5849365234e+03
1.5930850830e+03
1.5869677734e+03
1.1854705811e+03
1.1893238525e+03
1.1813752441e+03
1.1888568115e+03
1.1888568115e+03
1.1813752441e+03
1.1893238525e+03
1.1854705811e+03
7.7968859863e+02
7.8214379883e+02
7.7933569336e+02
7.7718927002e+02
7.7718927002e+02
7.7933569336e+02
7.8214379883e+02
7.7968859863e+02
3.7690661621e+02
3.7810879517e+02
3.7448724365e+02
3.7976568604e+02
3.7976568604e+02
3.7448724365e+02
3.7810879517e+02
3.7690661621e+02
-2.7443569183e+01
-2.9209899902e+01
-2.7519376755e+01
-3.1783262253e+01
-3.1783262253e+01
-2.7519376755e+01
-2.9209899902e+01
-2.7443569183e+01
-4.3145489502e+02
-4.3518008423e+02
-4.3223495483e+02
-4.3188162231e+02
-4.3188162231e+02
-4.3223495483e+02
-4.3518008423e+02
-4.3145489502e+02
-8.3779754639e+02
-8.4104437256e+02
-8.3728247070e+02
-8.4151000977e+02
-8.4151000977e+02
-8.3728247070e+02
-8.4104437256e+02
-8.3779754639e+02
-1.2423526611e+03
-1.2490119629e+03
-1.2415012207e+03
-1.2454449463e+03
-1.2454449463e+03
-1.2415012207e+03
-1.2490119629e+03
-1.2423526611e+03
-1.6509713135e+03
-1.6566976318e+03
-1.6485596924e+03
-1.6543176270e+03
-1.6543176270e+03
-1.6485596924e+03
-1.6566976318e+03
-1.6509713135e+03
-2.0552534180e+03
-2.0653498535e+03
-2.0540942383e+03
-2.0610405273e+03
-2.0610405273e+03
-2.0540942383e+03
-2.0653498535e+03
-2.0552534180e+03
-2.4647592773e+03
-2.4743789062e+03
-2.4623081055e+03
-2.4708881836e+03
-2.4708881836e+03
-2.4623081055e+03
-2.4743789062e+03
-2.4647592773e+03
1.8965970459e+03
1.8909980469e+03
1.8985808105e+03
1.8914968262e+03
1.8914968262e+03
1.8985808105e+03
1.8909980469e+03
1.8965970459e+03
1.5097513428e+03
1.5051127930e+03
1.5108411865e+03
1.5095845947e+03
1.5095845947e+03
1.5108411865e+03
1.5051127930e+03
1.5097513428e+03
1.1209060059e+03
1.1177971191e+03
1.1234798584e+03
1.1167271729e+03
1.1167271729e+03
1.1234798584e+03
1.1177971191e+03
1.1209060059e+03
7.3580035400e+02
7.3358209229e+02
7.3514916992e+02
7.3703002930e+02
7.3703002930e+02
7.3514916992e+02
7.3358209229e+02
7.3580035400e+02
3.4755010986e+02
3.4624493408e+02
3.4860946655e+02
3.4378131104e+02
3.4378131104e+02
3.4860946655e+02
3.4624493408e+02
3.4755010986e+02
-3.9360252380e+01
-3.8451095581e+01
-4.0486766815e+01
-3.6746131897e+01
-3.6746131897e+01
-4.0486766815e+01
-3.8451095581e+01
-3.9360252380e+01
-4.2729666138e+02
-4.2491638184e+02
-4.2786996460e+02
-4.2856597900e+02
-4.2856597900e+02
-4.2786996460e+02
-4.2491638184e+02
-4.2729666138e+02
-8.1371960449e+02
-8.1216937256e+02
-8.1568688965e+02
-8.1197332764e+02
-8.1197332764e+02
-8.1568688965e+02
-8.1216937256e+02
-8.1371960449e+02
-1.2027331543e+03
-1.1985347900e+03
-1.2049738770e+03
-1.2020748291e+03
-1.2020748291e+03
-1.2049738770e+03
-1.1985347900e+03
-1.2027331543e+03
-1.5891601562e+03
-1.5861347656e+03
-1.5930266113e+03
-1.5881234131e+03
-1.5881234131e+03
-1.5930266113e+03
-1.5861347656e+03
-1.5891601562e+03
-1.9800887451e+03
-1.9737709961e+03
-1.9833666992e+03
-1.9780089111e+03
-1.9780089111e+03
-1.9833666992e+03
-1.9737709961e+03
-1.9800887451e+03
-2.3681184082e+03
-2.3627246094e+03
-2.3729809570e+03
-2.3660300293e+03
-2.3660300293e+03
-2.3729809570e+03
-2.3627246094e+03
-2.3681184082e+03
1.7871341553e+03
1.7904171143e+03
1.7843242188e+03
1.7899947510e+03
1.7899947510e+03
1.7843242188e+03
1.7904171143e+03
1.7871341553e+03
1.4179986572e+03
1.4209954834e+03
1.4164892578e+03
1.4169613037e+03
1.4169613037e+03
1.4164892578e+03
1.4209954834e+03
1.4179986572e+03
1.0516030273e+03
1.0535313721e+03
1.0491577148e+03
1.0548038330e+03
1.0548038330e+03
1.0491577148e+03
1.0535313721e+03
1.0516030273e+03
6.8220837402e+02
6.8353442383e+02
6.8240252686e+02
6.8037548828e+02
6.8037548828e+02
6.8240252686e+02
6.8353442383e+02
6.8220837402e+02
3.1611035156e+02
3.1664898682e+02
3.1473751831e+02
3.1879428101e+02
3.1879428101e+02
3.1473751831e+02
3.1664898682e+02
3.1611035156e+02
-5.1400009155e+01
-5.2611026764e+01
-5.0945899963e+01
-5.4579216003e+01
-5.4579216003e+01
-5.0945899963e+01
-5.2611026764e+01
-5.1400009155e+01
-4.1793063354e+02
-4.2037603760e+02
-4.1811441040e+02
-4.1751956177e+02
-4.1751956177e+02
-4.1811441040e+02
-4.2037603760e+02
-4.1793063354e+02
-7.8617065430e+02
-7.8769799805e+02
-7.8515283203e+02
-7.8876593018e+02
-7.8876593018e+02
-7.8515283203e+02
-7.8769799805e+02
-7.8617065430e+02
-1.1523950195e+03
-1.1561110840e+03
-1.1514058838e+03
-1.1538347168e+03
-1.1538347168e+03
-1.1514058838e+03
-1.1561110840e+03
-1.1523950195e+03
-1.5213088379e+03
-1.5239438477e+03
-1.5190737305e+03
-1.5236959229e+03
-1.5236959229e+03
-1.5190737305e+03
-1.5239438477e+03
-1.5213088379e+03
-1.8872984619e+03
-1.8926230469e+03
-1.8857513428e+03
-1.8903962402e+03
-1.8903962402e+03
-1.8857513428e+03
-1.8926230469e+03
-1.8872984619e+03
-2.2558005371e+03
-2.2607770996e+03
-2.2538806152e+03
-2.2602458496e+03
-2.2602458496e+03
-2.2538806152e+03
-2.2607770996e+03
-2.2558005371e+03
1.6722370605e+03
1.6697642822e+03
1.6736767578e+03
1.6688234863e+03
1.6688234863e+03
1.6736767578e+03
1.6697642822e+03
1.6722370605e+03
1.3241419678e+03
1.3222655029e+03
1.3253685303e+03
1.3253507080e+03
1.3253507080e+03
1.3253685303e+03
1.3222655029e+03
1.3241419678e+03
9.7471130371e+02
9.7357922363e+02
9.7673876953e+02
9.7198248291e+02
9.7198248291e+02
9.7673876953e+02
9.7357922363e+02
9.7471130371e+02
6.2911004639e+02
6.2834838867e+02
6.2899523926e+02
6.3110571289e+02
6.3110571289e+02
6.2899523926e+02
6.2834838867e+02
6.2911004639e+02
2.8100784302e+02
2.8084762573e+02
2.8219091797e+02
2.7875012207e+02
2.7875012207e+02
2.8219091797e+02
2.8084762573e+02
2.8100784302e+02
-6.5091445923e+01
-6.3952831268e+01
-6.5570243835e+01
-6.2153358459e+01
-6.2153358459e+01
-6.5570243835e+01
-6.3952831268e+01
-6.5091445923e+01
-4.1182077026e+02
-4.0971368408e+02
-4.1177529907e+02
-4.1241198730e+02
-4.1241198730e+02
-4.1177529907e+02
-4.0971368408e+02
-4.1182077026e+02
-7.5667114258e+02
-7.5562145996e+02
-7.5783221436e+02
-7.5455999756e+02
-7.5455999756e+02
-7.5783221436e+02
-7.5562145996e+02
-7.5667114258e+02
-1.1032434082e+03
-1.1004810791e+03
-1.1043991699e+03
-1.1026538086e+03
-1.1026538086e+03
-1.1043991699e+03
-1.1004810791e+03
-1.1032434082e+03
-1.4475372314e+03
-1.4459454346e+03
-1.4499671631e+03
-1.4460732422e+03
-1.4460732422e+03
-1.4499671631e+03
-1.4459454346e+03
-1.4475372314e+03
-1.7940700684e+03
-1.7904896240e+03
-1.7963623047e+03
-1.7929998779e+03
-1.7929998779e+03
-1.7963623047e+03
-1.7904896240e+03
-1.7940700684e+03
-2.1386660156e+03
-2.1360693359e+03
-2.1421599121e+03
-2.1372497559e+03
-2.1372497559e+03
-2.1421599121e+03
-2.1360693359e+03
-2.1386660156e+03
1.5478118896e+03
1.5491160889e+03
1.5461906738e+03
1.5498953857e+03
1.5498953857e+03
1.5461906738e+03
1.5491160889e+03
1.5478118896e+03
1.2197537842e+03
1.2212636719e+03
1.2192116699e+03
1.2186815186e+03
1.2186815186e+03
1.2192116699e+03
1.2212636719e+03
1.2197537842e+03
8.9533666992e+02
8.9637664795e+02
8.9446716309e+02
8.9846582031e+02
8.9846582031e+02
8.9446716309e+02
8.9637664795e+02
8.9533666992e+02
5.6843835449e+02
5.6926495361e+02
5.6931115723e+02
5.6724517822e+02
5.6724517822e+02
5.6931115723e+02
5.6926495361e+02
5.6843835449e+02
2.4522521973e+02
2.4550086975e+02
2.4494396973e+02
2.4795042419e+02
2.4795042419e+02
2.4494396973e+02
2.4550086975e+02
2.4522521973e+02
-7.8924102783e+01
-7.9690589905e+01
-7.7848152161e+01
-8.0976341248e+01
-8.0976341248e+01
-7.7848152161e+01
-7.9690589905e+01
-7.8924102783e+01
-4.0150762939e+02
-4.0314611816e+02
-4.0102487183e+02
-4.0031896973e+02
-4.0031896973e+02
-4.0102487183e+02
-4.0314611816e+02
-4.0150762939e+02
-7.2507586670e+02
-7.2570495605e+02
-7.2361450195e+02
-7.2656726074e+02
-7.2656726074e+02
-7.2361450195e+02
-7.2570495605e+02
-7.2507586670e+02
-1.0464309082e+03
-1.0485275879e+03
-1.0452048340e+03
-1.0464494629e+03
-1.0464494629e+03
-1.0452048340e+03
-1.0485275879e+03
-1.0464309082e+03
-1.3690592041e+03
-1.3701829834e+03
-1.3669816895e+03
-1.3704479980e+03
-1.3704479980e+03
-1.3669816895e+03
-1.3701829834e+03
-1.3690592041e+03
-1.6895913086e+03
-1.6924523926e+03
-1.6880107422e+03
-1.6907564697e+03
-1.6907564697e+03
-1.6880107422e+03
-1.6924523926e+03
-1.6895913086e+03
-2.0106472168e+03
-2.0133051758e+03
-2.0092635498e+03
-2.0136962891e+03
-2.0136962891e+03
-2.0092635498e+03
-2.0133051758e+03
-2.0106472168e+03
1.4164833984e+03
1.4159577637e+03
1.4174967041e+03
1.4144886475e+03
1.4144886475e+03
1.4174967041e+03
1.4159577637e+03
1.4164833984e+03
1.1131119385e+03
1.1129614258e+03
1.1143808594e+03
1.1153927002e+03
1.1153927002e+03
1.1143808594e+03
1.1129614258e+03
1.1131119385e+03
8.0813659668e+02
8.0835437012e+02
8.0986840820e+02
8.0677996826e+02
8.0677996826e+02
8.0986840820e+02
8.0835437012e+02
8.0813659668e+02
5.0785205078e+02
5.0819387817e+02
5.0827435303e+02
5.1065258789e+02
5.1065258789e+02
5.0827435303e+02
5.0819387817e+02
5.0785205078e+02
2.0568693542e+02
2.0648309326e+02
2.0706968689e+02
2.0481794739e+02
2.0481794739e+02
2.0706968689e+02
2.0648309326e+02
2.0568693542e+02
-9.4007339478e+01
-9.2435523987e+01
-9.3829414368e+01
-9.0601615906e+01
-9.0601615906e+01
-9.3829414368e+01
-9.2435523987e+01
-9.4007339478e+01
-3.9378588867e+02
-3.9149206543e+02
-3.9312072754e+02
-3.9353268433e+02
-3.9353268433e+02
-3.9312072754e+02
-3.9149206543e+02
-3.9378588867e+02
-6.9132666016e+02
-6.9007702637e+02
-6.9161859131e+02
-6.8866979980e+02
-6.8866979980e+02
-6.9161859131e+02
-6.9007702637e+02
-6.9132666016e+02
-9.8962933350e+02
-9.8722674561e+02
-9.8978308105e+02
-9.8872979736e+02
-9.8872979736e+02
-9.8978308105e+02
-9.8722674561e+02
-9.8962933350e+02
-1.2858198242e+03
-1.2844450684e+03
-1.2869127197e+03
-1.2837821045e+03
-1.2837821045e+03
-1.2869127197e+03
-1.2844450684e+03
-1.2858198242e+03
-1.5823489990e+03
-1.5797518311e+03
-1.5835145264e+03
-1.5815172119e+03
-1.5815172119e+03
-1.5835145264e+03
-1.5797518311e+03
-1.5823489990e+03
-1.8773709717e+03
-1.8758203125e+03
-1.8796135254e+03
-1.8761765137e+03
-1.8761765137e+03
-1.8796135254e+03
-1.8758203125e+03
-1.8773709717e+03
1.2797276611e+03
1.2798048096e+03
1.2790775146e+03
1.2813293457e+03
1.2813293457e+03
1.2790775146e+03
1.2798048096e+03
1.2797276611e+03
9.9753338623e+02
9.9818811035e+02
9.9790136719e+02
9.9669055176e+02
9.9669055176e+02
9.9790136719e+02
9.9818811035e+02
9.9753338623e+02
7.2084289551e+02
7.2136145020e+02
7.2128637695e+02
7.2404656982e+02
7.2404656982e+02
7.2128637695e+02
7.2136145020e+02
7.2084289551e+02
4.4156842041e+02
4.4208239746e+02
4.4311975098e+02
4.4106326294e+02
4.4106326294e+02
4.4311975098e+02
4.4208239746e+02
4.4156842041e+02
1.6639874268e+02
1.6647776794e+02
1.6713880920e+02
1.6932823181e+02
1.6932823181e+02
1.6713880920e+02
1.6647776794e+02
1.6639874268e+02
-1.0900614929e+02
-1.0956464386e+02
-1.0729988098e+02
-1.1002610779e+02
-1.1002610779e+02
-1.0729988098e+02
-1.0956464386e+02
-1.0900614929e+02
-3.8234051514e+02
-3.8359014893e+02
-3.8115960693e+02
-3.8047146606e+02
-3.8047146606e+02
-3.8115960693e+02
-3.8359014893e+02
-3.8234051514e+02
-6.5587243652e+02
-6.5618383789e+02
-6.5395300293e+02
-6.5640417480e+02
-6.5640417480e+02
-6.5395300293e+02
-6.5618383789e+02
-6.5587243652e+02
-9.2699530029e+02
-9.2833599854e+02
-9.2539385986e+02
-9.2590386963e+02
-9.2590386963e+02
-9.2539385986e+02
-9.2833599854e+02
-9.2699530029e+02
-1.1981182861e+03
-1.1986591797e+03
-1.1959923096e+03
-1.1986284180e+03
-1.1986284180e+03
-1.1959923096e+03
-1.1986591797e+03
-1.1981182861e+03
-1.4676588135e+03
-1.4693765869e+03
-1.4659886475e+03
-1.4674930420e+03
-1.4674930420e+03
-1.4659886475e+03
-1.4693765869e+03
-1.4676588135e+03
-1.7359628906e+03
-1.7376040039e+03
-1.7348706055e+03
-1.7380023193e+03
-1.7380023193e+03
-1.7348706055e+03
-1.7376040039e+03
-1.7359628906e+03
1.1349272461e+03
1.1359387207e+03
1.1357978516e+03
1.1340593262e+03
1.1340593262e+03
1.1357978516e+03
1.1359387207e+03
1.1349272461e+03
8.8151776123e+02
8.8279089355e+02
8.8299926758e+02
8.8466119385e+02
8.8466119385e+02
8.8299926758e+02
8.8279089355e+02
8.8151776123e+02
6.2521484375e+02
6.2664129639e+02
6.2692578125e+02
6.2504986572e+02
6.2504986572e+02
6.2692578125e+02
6.2664129639e+02
6.2521484375e+02
3.7497381592e+02
3.7639163208e+02
3.7594927979e+02
3.7847952271e+02
3.7847952271e+02
3.7594927979e+02
3.7639163208e+02
3.7497381592e+02
1.2355003357e+02
1.2536670685e+02
1.2521704865e+02
1.2387950897e+02
1.2387950897e+02
1.2521704865e+02
1.2536670685e+02
1.2355003357e+02
-1.2513462830e+02
-1.2282640076e+02
-1.2429464722e+02
-1.2120930481e+02
-1.2120930481e+02
-1.2429464722e+02
-1.2282640076e+02
-1.2513462830e+02
-3.7329898071e+02
-3.7038183594e+02
-3.7203170776e+02
-3.7216677856e+02
-3.7216677856e+02
-3.7203170776e+02
-3.7038183594e+02
-3.7329898071e+02
-6.1892773438e+02
-6.1693218994e+02
-6.1837500000e+02
-6.1562268066e+02
-6.1562268066e+02
-6.1837500000e+02
-6.1693218994e+02
-6.1892773438e+02
-8.6437933350e+02
-8.6157226562e+02
-8.6364898682e+02
-8.6292968750e+02
-8.6292968750e+02
-8.6364898682e+02
-8.6157226562e+02
-8.6437933350e+02
-1.1076932373e+03
-1.1057501221e+03
-1.1076516113e+03
-1.1049853516e+03
-1.1049853516e+03
-1.1076516113e+03
-1.1057501221e+03
-1.1076932373e+03
-1.3496776123e+03
-1.3469943848e+03
-1.3498233643e+03
-1.3486143799e+03
-1.3486143799e+03
-1.3498233643e+03
-1.3469943848e+03
-1.3496776123e+03
-1.5905677490e+03
-1.5890249023e+03
-1.5918026123e+03
-1.5892612305e+03
-1.5892612305e+03
-1.5918026123e+03
-1.5890249023e+03
-1.5905677490e+03
9.8916876221e+02
9.8811022949e+02
9.8910034180e+02
9.9051837158e+02
9.9051837158e+02
9.8910034180e+02
9.8811022949e+02
9.8916876221e+02
7.5643347168e+02
7.5620684814e+02
7.5737121582e+02
7.5589862061e+02
7.5589862061e+02
7.5737121582e+02
7.5620684814e+02
7.5643347168e+02
5.3219464111e+02
5.3207275391e+02
5.3357202148e+02
5.3558825684e+02
5.3558825684e+02
5.3357202148e+02
5.3207275391e+02
5.3219464111e+02
3.0488992310e+02
3.0490762329e+02
3.0699169922e+02
3.0512915039e+02
3.0512915039e+02
3.0699169922e+02
3.0490762329e+02
3.0488992310e+02
8.1844848633e+01
8.1471046448e+01
8.3412788391e+01
8.5119911194e+01
8.5119911194e+01
8.3412788391e+01
8.1471046448e+01
8.1844848633e+01
-1.4060298157e+02
-1.4140536499e+02
-1.3838897705e+02
-1.4067524719e+02
-1.4067524719e+02
-1.3838897705e+02
-1.4140536499e+02
-1.4060298157e+02
-3.6054339600e+02
-3.6196066284e+02
-3.5877502441e+02
-3.5804498291e+02
-3.5804498291e+02
-3.5877502441e+02
-3.6196066284e+02
-3.6054339600e+02
-5.7987280273e+02
-5.8049664307e+02
-5.7758789062e+02
-5.7957702637e+02
-5.7957702637e+02
-5.7758789062e+02
-5.8049664307e+02
-5.7987280273e+02
-7.9660540771e+02
-7.9799151611e+02
-7.9465606689e+02
-7.9464202881e+02
-7.9464202881e+02
-7.9465606689e+02
-7.9799151611e+02
-7.9660540771e+02
-1.0123458862e+03
-1.0130964355e+03
-1.0101072388e+03
-1.0121091309e+03
-1.0121091309e+03
-1.0101072388e+03
-1.0130964355e+03
-1.0123458862e+03
-1.2268773193e+03
-1.2284376221e+03
-1.2250970459e+03
-1.2257779541e+03
-1.2257779541e+03
-1.2250970459e+03
-1.2284376221e+03
-1.2268773193e+03
-1.4383006592e+03
-1.4398359375e+03
-1.4373248291e+03
-1.4395894775e+03
-1.4395894775e+03
-1.4373248291e+03
-1.4398359375e+03
-1.4383006592e+03
8.3285522461e+02
8.3555877686e+02
8.3403887939e+02
8.3287841797e+02
8.3287841797e+02
8.3403887939e+02
8.3555877686e+02
8.3285522461e+02
6.3422863770e+02
6.3720263672e+02
6.3636682129e+02
6.3818536377e+02
6.3818536377e+02
6.3636682129e+02
6.3720263672e+02
6.3422863770e+02
4.2998889160e+02
4.3295281982e+02
4.3210891724e+02
4.3086282349e+02
4.3086282349e+02
4.3210891724e+02
4.3295281982e+02
4.2998889160e+02
2.3321795654e+02
2.3606161499e+02
2.3491732788e+02
2.3728698730e+02
2.3728698730e+02
2.3491732788e+02
2.3606161499e+02
2.3321795654e+02
3.6330345154e+01
3.9572380066e+01
3.8500720978e+01
3.7608627319e+01
3.7608627319e+01
3.8500720978e+01
3.9572380066e+01
3.6330345154e+01
-1.5769909668e+02
-1.5408500671e+02
-1.5603973389e+02
-1.5330084229e+02
-1.5330084229e+02
-1.5603973389e+02
-1.5408500671e+02
-1.5769909668e+02
-3.5063772583e+02
-3.4644012451e+02
-3.4860797119e+02
-3.4872134399e+02
-3.4872134399e+02
-3.4860797119e+02
-3.4644012451e+02
-3.5063772583e+02
-5.4084948730e+02
-5.3740209961e+02
-5.3931341553e+02
-5.3690100098e+02
-5.3690100098e+02
-5.3931341553e+02
-5.3740209961e+02
-5.4084948730e+02
-7.3003662109e+02
-7.2598272705e+02
-7.2832104492e+02
-7.2796142578e+02
-7.2796142578e+02
-7.2832104492e+02
-7.2598272705e+02
-7.3003662109e+02
-9.1685040283e+02
-9.1352301025e+02
-9.1565710449e+02
-9.1345819092e+02
-9.1345819092e+02
-9.1565710449e+02
-9.1352301025e+02
-9.1685040283e+02
-1.1009351807e+03
-1.0972232666e+03
-1.1000230713e+03
-1.0994272461e+03
-1.0994272461e+03
-1.1000230713e+03
-1.0972232666e+03
-1.1009351807e+03
-1.2847373047e+03
-1.2823496094e+03
-1.2850731201e+03
-1.2832182617e+03
-1.2832182617e+03
-1.2850731201e+03
-1.2823496094e+03
-1.2847373047e+03
6.8250897217e+02
6.7973895264e+02
6.8211340332e+02
6.8341607666e+02
6.8341607666e+02
6.8211340332e+02
6.7973895264e+02
6.8250897217e+02
5.0131961060e+02
4.9944580078e+02
5.0180599976e+02
5.0057983398e+02
5.0057983398e+02
5.0180599976e+02
4.9944580078e+02
5.0131961060e+02
3.3319680786e+02
3.3160046387e+02
3.3447970581e+02
3.3636019897e+02
3.3636019897e+02
3.3447970581e+02
3.3160046387e+02
3.3319680786e+02
1.6180264282e+02
1.6049234009e+02
1.6368174744e+02
1.6239280701e+02
1.6239280701e+02
1.6368174744e+02
1.6049234009e+02
1.6180264282e+02
-5.8580069542e+00
-7.5616712570e+00
-4.2662320137e+00
-2.4905655384e+00
-2.4905655384e+00
-4.2662320137e+00
-7.5616712570e+00
-5.8580069542e+00
-1.7220855713e+02
-1.7427867126e+02
-1.7024388123e+02
-1.7176837158e+02
-1.7176837158e+02
-1.7024388123e+02
-1.7427867126e+02
-1.7220855713e+02
-3.3576089478e+02
-3.3844812012e+02
-3.3418286133e+02
-3.3300823975e+02
-3.3300823975e+02
-3.3418286133e+02
-3.3844812012e+02
-3.3576089478e+02
-4.9796514893e+02
-5.0003067017e+02
-4.9606628418e+02
-4.9730728149e+02
-4.9730728149e+02
-4.9606628418e+02
-5.0003067017e+02
-4.9796514893e+02
-6.5743981934e+02
-6.6010357666e+02
-6.5586877441e+02
-6.5511468506e+02
-6.5511468506e+02
-6.5586877441e+02
-6.6010357666e+02
-6.5743981934e+02
-8.1527856445e+02
-8.1741979980e+02
-8.1355761719e+02
-8.1475592041e+02
-8.1475592041e+02
-8.1355761719e+02
-8.1741979980e+02
-8.1527856445e+02
-9.7204699707e+02
-9.7468292236e+02
-9.7074121094e+02
-9.7055566406e+02
-9.7055566406e+02
-9.7074121094e+02
-9.7468292236e+02
-9.7204699707e+02
-1.1234786377e+03
-1.1259738770e+03
-1.1229289551e+03
-1.1243062744e+03
-1.1243062744e+03
-1.1229289551e+03
-1.1259738770e+03
-1.1234786377e+03
5.1416473389e+02
5.1955230713e+02
5.1727850342e+02
5.1604644775e+02
5.1604644775e+02
5.1727850342e+02
5.1955230713e+02
5.1416473389e+02
3.7534268188e+02
3.8123916626e+02
3.7991873169e+02
3.8145275879e+02
3.8145275879e+02
3.7991873169e+02
3.8123916626e+02
3.7534268188e+02
2.2605935669e+02
2.3194123840e+02
2.3047309875e+02
2.2929563904e+02
2.2929563904e+02
2.3047309875e+02
2.3194123840e+02
2.2605935669e+02
8.4443489075e+01
9.0109161377e+01
8.8541580200e+01
9.0372375488e+01
9.0372375488e+01
8.8541580200e+01
9.0109161377e+01
8.4443489075e+01
-5.5608455658e+01
-4.9489253998e+01
-5.1227519989e+01
-5.2244720459e+01
-5.2244720459e+01
-5.1227519989e+01
-4.9489253998e+01
-5.5608455658e+01
-1.9247395325e+02
-1.8595814514e+02
-1.8830709839e+02
-1.8629376221e+02
-1.8629376221e+02
-1.8830709839e+02
-1.8595814514e+02
-1.9247395325e+02
-3.2749353027e+02
-3.2034918213e+02
-3.2297625732e+02
-3.2355548096e+02
-3.2355548096e+02
-3.2297625732e+02
-3.2034918213e+02
-3.2749353027e+02
-4.5952969360e+02
-4.5296810913e+02
-4.5532977295e+02
-4.5362722778e+02
-4.5362722778e+02
-4.5532977295e+02
-4.5296810913e+02
-4.5952969360e+02
-5.8975970459e+02
-5.8273608398e+02
-5.8541589355e+02
-5.8575488281e+02
-5.8575488281e+02
-5.8541589355e+02
-5.8273608398e+02
-5.8975970459e+02
-7.1727178955e+02
-7.1092395020e+02
-7.1340869141e+02
-7.1195037842e+02
-7.1195037842e+02
-7.1340869141e+02
-7.1092395020e+02
-7.1727178955e+02
-8.4132379150e+02
-8.3495690918e+02
-8.3794366455e+02
-8.3815582275e+02
-8.3815582275e+02
-8.3794366455e+02
-8.3495690918e+02
-8.4132379150e+02
-9.6651129150e+02
-9.6183294678e+02
-9.6488781738e+02
-9.6391491699e+02
-9.6391491699e+02
-9.6488781738e+02
-9.6183294678e+02
-9.6651129150e+02
3.6784936523e+02
3.6179394531e+02
3.6400421143e+02
3.6540130615e+02
3.6540130615e+02
3.6400421143e+02
3.6179394531e+02
3.6784936523e+02
2.3758908081e+02
2.3216192627e+02
2.3421836853e+02
2.3323864746e+02
2.3323864746e+02
2.3421836853e+02
2.3216192627e+02
2.3758908081e+02
1.2734465027e+02
1.2194727325e+02
1.2467481995e+02
1.2652950287e+02
1.2652950287e+02
1.2467481995e+02
1.2194727325e+02
1.2734465027e+02
1.6000789642e+01
1.0870025635e+01
1.3755291939e+01
1.2977549553e+01
1.2977549553e+01
1.3755291939e+01
1.0870025635e+01
1.6000789642e+01
-9.2683303833e+01
-9.8355987549e+01
-9.5140594482e+01
-9.3170379639e+01
-9.3170379639e+01
-9.5140594482e+01
-9.8355987549e+01
-9.2683303833e+01
-2.0003588867e+02
-2.0620118713e+02
-2.0248246765e+02
-2.0329240417e+02
-2.0329240417e+02
-2.0248246765e+02
-2.0620118713e+02
-2.0003588867e+02
-3.0509582520e+02
-3.1195059204e+02
-3.0794555664e+02
-3.0625027466e+02
-3.0625027466e+02
-3.0794555664e+02
-3.1195059204e+02
-3.0509582520e+02
-4.0870349121e+02
-4.1505258179e+02
-4.1133950806e+02
-4.1187329102e+02
-4.1187329102e+02
-4.1133950806e+02
-4.1505258179e+02
-4.0870349121e+02
-5.0971844482e+02
-5.1649066162e+02
-5.1256469727e+02
-5.1110281372e+02
-5.1110281372e+02
-5.1256469727e+02
-5.1649066162e+02
-5.0971844482e+02
-6.0863415527e+02
-6.1483825684e+02
-6.1123962402e+02
-6.1172216797e+02
-6.1172216797e+02
-6.1123962402e+02
-6.1483825684e+02
-6.0863415527e+02
-7.0579449463e+02
-7.1209161377e+02
-7.0851153564e+02
-7.0753906250e+02
-7.0753906250e+02
-7.0851153564e+02
-7.1209161377e+02
-7.0579449463e+02
-7.9518951416e+02
-8.0100268555e+02
-7.9805541992e+02
-7.9854089355e+02
-7.9854089355e+02
-7.9805541992e+02
-8.0100268555e+02
-7.9518951416e+02
1.7533311462e+02
1.8461651611e+02
1.8432153320e+02
1.8359269714e+02
1.8359269714e+02
1.8432153320e+02
1.8461651611e+02
1.7533311462e+02
1.0468641663e+02
1.1500477600e+02
1.1578311920e+02
1.1776174164e+02
1.1776174164e+02
1.1578311920e+02
1.1500477600e+02
1.0468641663e+02
1.6378810883e+01
2.7477621078e+01
2.8155801773e+01
2.7706472397e+01
2.7706472397e+01
2.8155801773e+01
2.7477621078e+01
1.6378810883e+01
-6.8734977722e+01
-5.7481323242e+01
-5.6601142883e+01
-5.4425727844e+01
-5.4425727844e+01
-5.6601142883e+01
-5.7481323242e+01
-6.8734977722e+01
-1.5147305298e+02
-1.3938092041e+02
-1.3873355103e+02
-1.3911668396e+02
-1.3911668396e+02
-1.3873355103e+02
-1.3938092041e+02
-1.5147305298e+02
-2.3051008606e+02
-2.1772116089e+02
-2.1737734985e+02
-2.1512669373e+02
-2.1512669373e+02
-2.1737734985e+02
-2.1772116089e+02
-2.3051008606e+02
-3.0625433350e+02
-2.9272912598e+02
-2.9264935303e+02
-2.9283828735e+02
-2.9283828735e+02
-2.9264935303e+02
-2.9272912598e+02
-3.0625433350e+02
-3.7821322632e+02
-3.6524038696e+02
-3.6490698242e+02
-3.6293197632e+02
-3.6293197632e+02
-3.6490698242e+02
-3.6524038696e+02
-3.7821322632e+02
-4.4772616577e+02
-4.3452267456e+02
-4.3451318359e+02
-4.3461001587e+02
-4.3461001587e+02
-4.3451318359e+02
-4.3452267456e+02
-4.4772616577e+02
-5.1472790527e+02
-5.0233712769e+02
-5.0224816895e+02
-5.0055517578e+02
-5.0055517578e+02
-5.0224816895e+02
-5.0233712769e+02
-5.1472790527e+02
-5.7911492920e+02
-5.6708929443e+02
-5.6756317139e+02
-5.6770166016e+02
-5.6770166016e+02
-5.6756317139e+02
-5.6708929443e+02
-5.7911492920e+02
-6.4582446289e+02
-6.3579266357e+02
-6.3686535645e+02
-6.3605334473e+02
-6.3605334473e+02
-6.3686535645e+02
-6.3579266357e+02
-6.4582446289e+02
6.6660644531e+01
5.8872127533e+01
5.7968849182e+01
5.8283493042e+01
5.8283493042e+01
5.7968849182e+01
5.8872127533e+01
6.6660644531e+01
-1.9395486832e+01
-2.6875198364e+01
-2.7812446594e+01
-2.9803804398e+01
-2.9803804398e+01
-2.7812446594e+01
-2.6875198364e+01
-1.9395486832e+01
-8.0905708313e+01
-8.9502754211e+01
-8.9988906860e+01
-8.9444145203e+01
-8.9444145203e+01
-8.9988906860e+01
-8.9502754211e+01
-8.0905708313e+01
-1.3547108459e+02
-1.4446772766e+02
-1.4530961609e+02
-1.4720857239e+02
-1.4720857239e+02
-1.4530961609e+02
-1.4446772766e+02
-1.3547108459e+02
-1.8533798218e+02
-1.9542558289e+02
-1.9612008667e+02
-1.9559141541e+02
-1.9559141541e+02
-1.9612008667e+02
-1.9542558289e+02
-1.8533798218e+02
-2.3222489929e+02
-2.4320939636e+02
-2.4385684204e+02
-2.4588812256e+02
-2.4588812256e+02
-2.4385684204e+02
-2.4320939636e+02
-2.3222489929e+02
-2.7666625977e+02
-2.8842248535e+02
-2.8893255615e+02
-2.8861740112e+02
-2.8861740112e+02
-2.8893255615e+02
-2.8842248535e+02
-2.7666625977e+02
-3.1903320312e+02
-3.3023242188e+02
-3.3108374023e+02
-3.3299246216e+02
-3.3299246216e+02
-3.3108374023e+02
-3.3023242188e+02
-3.1903320312e+02
-3.5786978149e+02
-3.6937280273e+02
-3.7004400635e+02
-3.6994534302e+02
-3.6994534302e+02
-3.7004400635e+02
-3.6937280273e+02
-3.5786978149e+02
-3.9316726685e+02
-4.0424252319e+02
-4.0524096680e+02
-4.0715118408e+02
-4.0715118408e+02
-4.0524096680e+02
-4.0424252319e+02
-3.9316726685e+02
-4.2537652588e+02
-4.3678375244e+02
-4.3785848999e+02
-4.3815731812e+02
-4.3815731812e+02
-4.3785848999e+02
-4.3678375244e+02
-4.2537652588e+02
-4.5138983154e+02
-4.6295626831e+02
-4.6430285645e+02
-4.6583453369e+02
-4.6583453369e+02
-4.6430285645e+02
-4.6295626831e+02
-4.5138983154e+02
-1.7482368469e+02
-1.7382839966e+02
-1.7525366211e+02
-1.7688284302e+02
-1.7688284302e+02
-1.7525366211e+02
-1.7382839966e+02
-1.7482368469e+02
-1.7603894043e+02
-1.7463400269e+02
-1.7555697632e+02
-1.7466677856e+02
-1.7466677856e+02
-1.7555697632e+02
-1.7463400269e+02
-1.7603894043e+02
-1.8773559570e+02
-1.8502000427e+02
-1.8595959473e+02
-1.8727215576e+02
-1.8727215576e+02
-1.8595959473e+02
-1.8502000427e+02
-1.8773559570e+02
-2.0525790405e+02
-2.0196467590e+02
-2.0219389343e+02
-2.0093124390e+02
-2.0093124390e+02
-2.0219389343e+02
-2.0196467590e+02
-2.0525790405e+02
-2.2599063110e+02
-2.2141961670e+02
-2.2148065186e+02
-2.2241133118e+02
-2.2241133118e+02
-2.2148065186e+02
-2.2141961670e+02
-2.2599063110e+02
-2.4814891052e+02
-2.4240281677e+02
-2.4205268860e+02
-2.4030705261e+02
-2.4030705261e+02
-2.4205268860e+02
-2.4240281677e+02
-2.4814891052e+02
-2.6923092651e+02
-2.6252371216e+02
-2.6193209839e+02
-2.6232708740e+02
-2.6232708740e+02
-2.6193209839e+02
-2.6252371216e+02
-2.6923092651e+02
-2.8732852173e+02
-2.8089804077e+02
-2.7961795044e+02
-2.7756250000e+02
-2.7756250000e+02
-2.7961795044e+02
-2.8089804077e+02
-2.8732852173e+02
-3.0209011841e+02
-2.9469610596e+02
-2.9320913696e+02
-2.9298083496e+02
-2.9298083496e+02
-2.9320913696e+02
-2.9469610596e+02
-3.0209011841e+02
-3.1110043335e+02
-3.0306008911e+02
-3.0074310303e+02
-2.9830377197e+02
-2.9830377197e+02
-3.0074310303e+02
-3.0306008911e+02
-3.1110043335e+02
-3.1087341309e+02
-3.0114093018e+02
-2.9851693726e+02
-2.9768792725e+02
-2.9768792725e+02
-2.9851693726e+02
-3.0114093018e+02
-3.1087341309e+02
-2.9877954102e+02
-2.8861126709e+02
-2.8585775757e+02
-2.8380114746e+02
-2.8380114746e+02
-2.8585775757e+02
-2.8861126709e+02
-2.9877954102e+02
