-2.6474571228e+01
-2.8495397568e+01
-4.6327949524e+01
-1.3302331924e+01
-1.3302331924e+01
-4.6327949524e+01
-2.8495397568e+01
-2.6474571228e+01
-4.7132946014e+01
-8.1106857300e+01
-3.1846790314e+01
-1.5682301331e+02
-1.5682301331e+02
-3.1846790314e+01
-8.1106857300e+01
-4.7132946014e+01
-7.8177680969e+01
-5.1000728607e+01
-1.9816662598e+02
5.6246051788e+01
5.6246051788e+01
-1.9816662598e+02
-5.1000728607e+01
-7.8177680969e+01
-5.6383586884e+01
-2.3014987183e+02
1.9857091904e+01
-5.3598986816e+02
-5.3598986816e+02
1.9857091904e+01
-2.3014987183e+02
-5.6383586884e+01
-1.3167042542e+02
-3.0569024086e+00
-7.4112915039e+02
3.0985925293e+02
3.0985925293e+02
-7.4112915039e+02
-3.0569024086e+00
-1.3167042542e+02
-1.7543277740e+01
-4.8661975098e+02
2.6858010864e+02
-3.0935615234e+03
-3.0935615234e+03
2.6858010864e+02
-4.8661975098e+02
-1.7543277740e+01
-1.8171440125e+01
-4.9409149170e+02
2.7731896973e+02
-3.1590673828e+03
-3.1590673828e+03
2.7731896973e+02
-4.9409149170e+02
-1.8171440125e+01
-1.3725994873e+02
-4.9980444908e+00
-7.6407244873e+02
2.9029556274e+02
2.9029556274e+02
-7.6407244873e+02
-4.9980444908e+00
-1.3725994873e+02
-6.1819473267e+01
-2.4098245239e+02
1.0322074890e+01
-5.5058471680e+02
-5.5058471680e+02
1.0322074890e+01
-2.4098245239e+02
-6.1819473267e+01
-8.5847579956e+01
-5.8702533722e+01
-2.0798178101e+02
4.7509429932e+01
4.7509429932e+01
-2.0798178101e+02
-5.8702533722e+01
-8.5847579956e+01
-5.5156009674e+01
-8.9650062561e+01
-4.0033626556e+01
-1.6647509766e+02
-1.6647509766e+02
-4.0033626556e+01
-8.9650062561e+01
-5.5156009674e+01
-3.5179893494e+01
-3.6960483551e+01
-5.5106025696e+01
-2.1178356171e+01
-2.1178356171e+01
-5.5106025696e+01
-3.6960483551e+01
-3.5179893494e+01
-1.5754365540e+02
-1.6801803589e+02
-1.5696908569e+02
-1.9454855347e+02
-1.9454855347e+02
-1.5696908569e+02
-1.6801803589e+02
-1.5754365540e+02
-1.9208453369e+02
-1.7638024902e+02
-2.4112516785e+02
-1.2131478119e+02
-1.2131478119e+02
-2.4112516785e+02
-1.7638024902e+02
-1.9208453369e+02
-2.0650207520e+02
-2.6952523804e+02
-1.5711454773e+02
-4.3144631958e+02
-4.3144631958e+02
-1.5711454773e+02
-2.6952523804e+02
-2.0650207520e+02
-2.6988378906e+02
-1.8823027039e+02
-4.8573181152e+02
1.5633796692e+01
1.5633796692e+01
-4.8573181152e+02
-1.8823027039e+02
-2.6988378906e+02
-2.2832969666e+02
-4.7418395996e+02
-1.1057240963e+00
-1.1091661377e+03
-1.1091661377e+03
-1.1057240963e+00
-4.7418395996e+02
-2.2832969666e+02
-3.6596038818e+02
-5.5246147156e+01
-1.0808558350e+03
1.2636308594e+03
1.2636308594e+03
-1.0808558350e+03
-5.5246147156e+01
-3.6596038818e+02
-3.6916604614e+02
-5.5771873474e+01
-1.0893316650e+03
1.3069558105e+03
1.3069558105e+03
-1.0893316650e+03
-5.5771873474e+01
-3.6916604614e+02
-2.3562905884e+02
-4.8323385620e+02
1.2440831661e+00
-1.1058905029e+03
-1.1058905029e+03
1.2440831661e+00
-4.8323385620e+02
-2.3562905884e+02
-2.8296572876e+02
-1.9805519104e+02
-4.9589151001e+02
4.7153224945e+00
4.7153224945e+00
-4.9589151001e+02
-1.9805519104e+02
-2.8296572876e+02
-2.2322425842e+02
-2.8508270264e+02
-1.7270266724e+02
-4.4645819092e+02
-4.4645819092e+02
-1.7270266724e+02
-2.8508270264e+02
-2.2322425842e+02
-2.1234814453e+02
-1.9603523254e+02
-2.6036340332e+02
-1.4036981201e+02
-1.4036981201e+02
-2.6036340332e+02
-1.9603523254e+02
-2.1234814453e+02
-1.8193278503e+02
-1.9189689636e+02
-1.8047929382e+02
-2.1855848694e+02
-2.1855848694e+02
-1.8047929382e+02
-1.9189689636e+02
-1.8193278503e+02
-2.5551834106e+02
-2.4751963806e+02
-2.6127139282e+02
-2.2554853821e+02
-2.2554853821e+02
-2.6127139282e+02
-2.4751963806e+02
-2.5551834106e+02
-2.4244992065e+02
-2.5712731934e+02
-1.9927195740e+02
-3.2091998291e+02
-3.2091998291e+02
-1.9927195740e+02
-2.5712731934e+02
-2.4244992065e+02
-2.5815899658e+02
-1.9994055176e+02
-3.0935812378e+02
-4.7241062164e+01
-4.7241062164e+01
-3.0935812378e+02
-1.9994055176e+02
-2.5815899658e+02
-2.3240231323e+02
-2.9447000122e+02
-3.4312042236e+01
-5.1528210449e+02
-5.1528210449e+02
-3.4312042236e+01
-2.9447000122e+02
-2.3240231323e+02
-2.9923757935e+02
-6.3113388062e+01
-4.4485162354e+02
5.6246691895e+02
5.6246691895e+02
-4.4485162354e+02
-6.3113388062e+01
-2.9923757935e+02
-1.8542756653e+02
-4.7126052856e+02
5.2665228271e+02
-1.1239827881e+03
-1.1239827881e+03
5.2665228271e+02
-4.7126052856e+02
-1.8542756653e+02
-1.8747941589e+02
-4.7386306763e+02
5.3076550293e+02
-1.1647897949e+03
-1.1647897949e+03
5.3076550293e+02
-4.7386306763e+02
-1.8747941589e+02
-3.0645138550e+02
-6.8025497437e+01
-4.5544937134e+02
5.5111230469e+02
5.5111230469e+02
-4.5544937134e+02
-6.8025497437e+01
-3.0645138550e+02
-2.4444775391e+02
-3.0720889282e+02
-4.6085544586e+01
-5.2256201172e+02
-5.2256201172e+02
-4.6085544586e+01
-3.0720889282e+02
-2.4444775391e+02
-2.7637365723e+02
-2.1845539856e+02
-3.2619134521e+02
-6.5688209534e+01
-6.5688209534e+01
-3.2619134521e+02
-2.1845539856e+02
-2.7637365723e+02
-2.6739434814e+02
-2.8181091309e+02
-2.2424458313e+02
-3.4488528442e+02
-3.4488528442e+02
-2.2424458313e+02
-2.8181091309e+02
-2.6739434814e+02
-2.8666513062e+02
-2.7870120239e+02
-2.9241445923e+02
-2.5626461792e+02
-2.5626461792e+02
-2.9241445923e+02
-2.7870120239e+02
-2.8666513062e+02
-2.0948825073e+02
-2.1533383179e+02
-2.0043002319e+02
-2.3430580139e+02
-2.3430580139e+02
-2.0043002319e+02
-2.1533383179e+02
-2.0948825073e+02
-2.1442646790e+02
-1.9954444885e+02
-2.4886885071e+02
-1.2883428955e+02
-1.2883428955e+02
-2.4886885071e+02
-1.9954444885e+02
-2.1442646790e+02
-1.9733068848e+02
-2.4156349182e+02
-1.3529513550e+02
-3.7921228027e+02
-3.7921228027e+02
-1.3529513550e+02
-2.4156349182e+02
-1.9733068848e+02
-2.1701658630e+02
-1.5431790161e+02
-3.6419253540e+02
9.1954818726e+01
9.1954818726e+01
-3.6419253540e+02
-1.5431790161e+02
-2.1701658630e+02
-1.5631962585e+02
-3.4622814941e+02
-4.1186265945e+00
-8.6646966553e+02
-8.6646966553e+02
-4.1186265945e+00
-3.4622814941e+02
-1.5631962585e+02
-2.6535122681e+02
2.9888008118e+01
-8.4100048828e+02
3.7426309204e+02
3.7426309204e+02
-8.4100048828e+02
2.9888008118e+01
-2.6535122681e+02
-2.6970907593e+02
2.5187019348e+01
-8.5246594238e+02
4.0115298462e+02
4.0115298462e+02
-8.5246594238e+02
2.5187019348e+01
-2.6970907593e+02
-1.6913220215e+02
-3.6167196655e+02
-1.7444221497e+01
-8.8021746826e+02
-8.8021746826e+02
-1.7444221497e+01
-3.6167196655e+02
-1.6913220215e+02
-2.3834893799e+02
-1.7641572571e+02
-3.8738552856e+02
6.2433147430e+01
6.2433147430e+01
-3.8738552856e+02
-1.7641572571e+02
-2.3834893799e+02
-2.2667010498e+02
-2.7112838745e+02
-1.6704832458e+02
-4.0823434448e+02
-4.0823434448e+02
-1.6704832458e+02
-2.7112838745e+02
-2.2667010498e+02
-2.5122023010e+02
-2.3693795776e+02
-2.8579318237e+02
-1.6744403076e+02
-1.6744403076e+02
-2.8579318237e+02
-2.3693795776e+02
-2.5122023010e+02
-2.5373295593e+02
-2.5971673584e+02
-2.4490457153e+02
-2.7900903320e+02
-2.7900903320e+02
-2.4490457153e+02
-2.5971673584e+02
-2.5373295593e+02
-1.9796858215e+02
-1.9390113831e+02
-2.0825964355e+02
-1.7580368042e+02
-1.7580368042e+02
-2.0825964355e+02
-1.9390113831e+02
-1.9796858215e+02
-2.0503909302e+02
-2.1938981628e+02
-1.7664181519e+02
-2.9134295654e+02
-2.9134295654e+02
-1.7664181519e+02
-2.1938981628e+02
-2.0503909302e+02
-2.2640992737e+02
-1.9442643738e+02
-2.9197055054e+02
-6.5908538818e+01
-6.5908538818e+01
-2.9197055054e+02
-1.9442643738e+02
-2.2640992737e+02
-2.1657380676e+02
-2.8007037354e+02
-1.1024467468e+02
-5.2993231201e+02
-5.2993231201e+02
-1.1024467468e+02
-2.8007037354e+02
-2.1657380676e+02
-2.7672778320e+02
-1.3071687317e+02
-4.4249114990e+02
2.7529394531e+02
2.7529394531e+02
-4.4249114990e+02
-1.3071687317e+02
-2.7672778320e+02
-1.8494012451e+02
-4.8033569336e+02
2.4386053467e+02
-6.4192065430e+02
-6.4192065430e+02
2.4386053467e+02
-4.8033569336e+02
-1.8494012451e+02
-1.9062875366e+02
-4.8601034546e+02
2.4641041565e+02
-6.7577996826e+02
-6.7577996826e+02
2.4641041565e+02
-4.8601034546e+02
-1.9062875366e+02
-2.9392721558e+02
-1.4539024353e+02
-4.5779159546e+02
2.6270150757e+02
2.6270150757e+02
-4.5779159546e+02
-1.4539024353e+02
-2.9392721558e+02
-2.4500915527e+02
-3.0736257935e+02
-1.3667732239e+02
-5.4992456055e+02
-5.4992456055e+02
-1.3667732239e+02
-3.0736257935e+02
-2.4500915527e+02
-2.6599847412e+02
-2.3367437744e+02
-3.2932162476e+02
-1.0680987549e+02
-1.0680987549e+02
-3.2932162476e+02
-2.3367437744e+02
-2.6599847412e+02
-2.5602224731e+02
-2.6977877808e+02
-2.2774214172e+02
-3.4042648315e+02
-3.4042648315e+02
-2.2774214172e+02
-2.6977877808e+02
-2.5602224731e+02
-2.6044750977e+02
-2.5616198730e+02
-2.7051620483e+02
-2.3797602844e+02
-2.3797602844e+02
-2.7051620483e+02
-2.5616198730e+02
-2.6044750977e+02
-2.0038954163e+02
-2.0336953735e+02
-1.9065806580e+02
-2.2176286316e+02
-2.2176286316e+02
-1.9065806580e+02
-2.0336953735e+02
-2.0038954163e+02
-2.0756620789e+02
-1.9493757629e+02
-2.3291593933e+02
-1.2583786011e+02
-1.2583786011e+02
-2.3291593933e+02
-1.9493757629e+02
-2.0756620789e+02
-2.0520474243e+02
-2.2948400879e+02
-1.4417491150e+02
-3.5271264648e+02
-3.5271264648e+02
-1.4417491150e+02
-2.2948400879e+02
-2.0520474243e+02
-2.2854040527e+02
-1.6946054077e+02
-3.1106927490e+02
6.4248123169e+01
6.4248123169e+01
-3.1106927490e+02
-1.6946054077e+02
-2.2854040527e+02
-1.9168966675e+02
-3.0661849976e+02
-2.7955213547e+01
-6.1535980225e+02
-6.1535980225e+02
-2.7955213547e+01
-3.0661849976e+02
-1.9168966675e+02
-2.8815051270e+02
-1.0490583420e+01
-5.9822595215e+02
6.3823307037e+01
6.3823307037e+01
-5.9822595215e+02
-1.0490583420e+01
-2.8815051270e+02
-2.9516314697e+02
-1.6741680145e+01
-6.1400512695e+02
8.1902305603e+01
8.1902305603e+01
-6.1400512695e+02
-1.6741680145e+01
-2.9516314697e+02
-2.1239251709e+02
-3.2935220337e+02
-5.0481781006e+01
-6.4295800781e+02
-6.4295800781e+02
-5.0481781006e+01
-3.2935220337e+02
-2.1239251709e+02
-2.6333715820e+02
-2.0518736267e+02
-3.4717831421e+02
2.2676534653e+01
2.2676534653e+01
-3.4717831421e+02
-2.0518736267e+02
-2.6333715820e+02
-2.5431954956e+02
-2.7875430298e+02
-1.9476869202e+02
-3.9936328125e+02
-3.9936328125e+02
-1.9476869202e+02
-2.7875430298e+02
-2.5431954956e+02
-2.7082409668e+02
-2.5856350708e+02
-2.9560559082e+02
-1.9063908386e+02
-1.9063908386e+02
-2.9560559082e+02
-2.5856350708e+02
-2.7082409668e+02
-2.7756546021e+02
-2.8067758179e+02
-2.6779580688e+02
-2.9892443848e+02
-2.9892443848e+02
-2.6779580688e+02
-2.8067758179e+02
-2.7756546021e+02
-1.8524510193e+02
-1.8283169556e+02
-1.9369712830e+02
-1.6424597168e+02
-1.6424597168e+02
-1.9369712830e+02
-1.8283169556e+02
-1.8524510193e+02
-1.9256539917e+02
-2.0287956238e+02
-1.6887515259e+02
-2.6743826294e+02
-2.6743826294e+02
-1.6887515259e+02
-2.0287956238e+02
-1.9256539917e+02
-2.0684761047e+02
-1.8705026245e+02
-2.5968066406e+02
-6.9030525208e+01
-6.9030525208e+01
-2.5968066406e+02
-1.8705026245e+02
-2.0684761047e+02
-2.0019125366e+02
-2.5180282593e+02
-1.3031233215e+02
-4.5881127930e+02
-4.5881127930e+02
-1.3031233215e+02
-2.5180282593e+02
-2.0019125366e+02
-2.4466958618e+02
-1.5005313110e+02
-3.9402487183e+02
8.3737419128e+01
8.3737419128e+01
-3.9402487183e+02
-1.5005313110e+02
-2.4466958618e+02
-1.7295579529e+02
-4.2051004028e+02
5.1492988586e+01
-4.3833917236e+02
-4.3833917236e+02
5.1492988586e+01
-4.2051004028e+02
-1.7295579529e+02
-1.8160745239e+02
-4.3088867188e+02
5.1837707520e+01
-4.7049322510e+02
-4.7049322510e+02
5.1837707520e+01
-4.3088867188e+02
-1.8160745239e+02
-2.7139797974e+02
-1.7527339172e+02
-4.1971203613e+02
6.5360595703e+01
6.5360595703e+01
-4.1971203613e+02
-1.7527339172e+02
-2.7139797974e+02
-2.4443026733e+02
-2.9543173218e+02
-1.7389518738e+02
-4.9848370361e+02
-4.9848370361e+02
-1.7389518738e+02
-2.9543173218e+02
-2.4443026733e+02
-2.6826699829e+02
-2.4843609619e+02
-3.2026229858e+02
-1.3338464355e+02
-1.3338464355e+02
-3.2026229858e+02
-2.4843609619e+02
-2.6826699829e+02
-2.7120211792e+02
-2.8126446533e+02
-2.4822030640e+02
-3.4468969727e+02
-3.4468969727e+02
-2.4822030640e+02
-2.8126446533e+02
-2.7120211792e+02
-2.8114916992e+02
-2.7856622314e+02
-2.8969396973e+02
-2.6011123657e+02
-2.6011123657e+02
-2.8969396973e+02
-2.7856622314e+02
-2.8114916992e+02
-1.7777215576e+02
-1.7989906311e+02
-1.7066329956e+02
-1.9807606506e+02
-1.9807606506e+02
-1.7066329956e+02
-1.7989906311e+02
-1.7777215576e+02
-1.8983810425e+02
-1.8174707031e+02
-2.1200956726e+02
-1.2207234192e+02
-1.2207234192e+02
-2.1200956726e+02
-1.8174707031e+02
-1.8983810425e+02
-1.9658627319e+02
-2.1361592102e+02
-1.5222924805e+02
-3.2443515015e+02
-3.2443515015e+02
-1.5222924805e+02
-2.1361592102e+02
-1.9658627319e+02
-2.2058084106e+02
-1.7710870361e+02
-2.8310327148e+02
2.9376097023e-02
2.9376097023e-02
-2.8310327148e+02
-1.7710870361e+02
-2.2058084106e+02
-2.0146586609e+02
-2.8248352051e+02
-7.2363533020e+01
-4.5728475952e+02
-4.5728475952e+02
-7.2363533020e+01
-2.8248352051e+02
-2.0146586609e+02
-2.8289566040e+02
-7.0739288330e+01
-4.4515948486e+02
-7.6336135864e+01
-7.6336135864e+01
-4.4515948486e+02
-7.0739288330e+01
-2.8289566040e+02
-2.9370446777e+02
-7.9007499695e+01
-4.6481454468e+02
-6.5495719910e+01
-6.5495719910e+01
-4.6481454468e+02
-7.9007499695e+01
-2.9370446777e+02
-2.3270518494e+02
-3.1475567627e+02
-1.0365411377e+02
-4.9777087402e+02
-4.9777087402e+02
-1.0365411377e+02
-3.1475567627e+02
-2.3270518494e+02
-2.7280728149e+02
-2.2964106750e+02
-3.3543185425e+02
-5.4418739319e+01
-5.4418739319e+01
-3.3543185425e+02
-2.2964106750e+02
-2.7280728149e+02
-2.7003125000e+02
-2.8696682739e+02
-2.2593559265e+02
-3.9494088745e+02
-3.9494088745e+02
-2.2593559265e+02
-2.8696682739e+02
-2.7003125000e+02
-2.8433908081e+02
-2.7636199951e+02
-3.0567767334e+02
-2.1766349792e+02
-2.1766349792e+02
-3.0567767334e+02
-2.7636199951e+02
-2.8433908081e+02
-2.9318356323e+02
-2.9543679810e+02
-2.8579248047e+02
-3.1351525879e+02
-3.1351525879e+02
-2.8579248047e+02
-2.9543679810e+02
-2.9318356323e+02
-1.6696429443e+02
-1.6516520691e+02
-1.7313572693e+02
-1.4802711487e+02
-1.4802711487e+02
-1.7313572693e+02
-1.6516520691e+02
-1.6696429443e+02
-1.7804301453e+02
-1.8442500305e+02
-1.5783843994e+02
-2.3933348083e+02
-2.3933348083e+02
-1.5783843994e+02
-1.8442500305e+02
-1.7804301453e+02
-1.9340495300e+02
-1.7853672791e+02
-2.3067495728e+02
-7.7094703674e+01
-7.7094703674e+01
-2.3067495728e+02
-1.7853672791e+02
-1.9340495300e+02
-1.9449995422e+02
-2.3073608398e+02
-1.3778402710e+02
-3.7897531128e+02
-3.7897531128e+02
-1.3778402710e+02
-2.3073608398e+02
-1.9449995422e+02
-2.3198727417e+02
-1.6115608215e+02
-3.3997369385e+02
-3.0062322617e+01
-3.0062322617e+01
-3.3997369385e+02
-1.6115608215e+02
-2.3198727417e+02
-1.8284783936e+02
-3.5960223389e+02
-6.3811431885e+01
-3.3987332153e+02
-3.3987332153e+02
-6.3811431885e+01
-3.5960223389e+02
-1.8284783936e+02
-1.9485733032e+02
-3.7477920532e+02
-6.7303306580e+01
-3.7211639404e+02
-3.7211639404e+02
-6.7303306580e+01
-3.7477920532e+02
-1.9485733032e+02
-2.6958557129e+02
-1.9799884033e+02
-3.7842871094e+02
-5.7913833618e+01
-5.7913833618e+01
-3.7842871094e+02
-1.9799884033e+02
-2.6958557129e+02
-2.5707119751e+02
-2.9312670898e+02
-2.0041523743e+02
-4.4125717163e+02
-4.4125717163e+02
-2.0041523743e+02
-2.9312670898e+02
-2.5707119751e+02
-2.8064224243e+02
-2.6582458496e+02
-3.1790252686e+02
-1.6660679626e+02
-1.6660679626e+02
-3.1790252686e+02
-2.6582458496e+02
-2.8064224243e+02
-2.9004656982e+02
-2.9625753784e+02
-2.7049935913e+02
-3.5031491089e+02
-3.5031491089e+02
-2.7049935913e+02
-2.9625753784e+02
-2.9004656982e+02
-3.0367236328e+02
-3.0162081909e+02
-3.1009194946e+02
-2.8438571167e+02
-2.8438571167e+02
-3.1009194946e+02
-3.0162081909e+02
-3.0367236328e+02
-1.5475860596e+02
-1.5625938416e+02
-1.4934896851e+02
-1.7206597900e+02
-1.7206597900e+02
-1.4934896851e+02
-1.5625938416e+02
-1.5475860596e+02
-1.7031022644e+02
-1.6516566467e+02
-1.8831597900e+02
-1.1499565887e+02
-1.1499565887e+02
-1.8831597900e+02
-1.6516566467e+02
-1.7031022644e+02
-1.8240359497e+02
-1.9539894104e+02
-1.5070599365e+02
-2.8607888794e+02
-2.8607888794e+02
-1.5070599365e+02
-1.9539894104e+02
-1.8240359497e+02
-2.0645481873e+02
-1.7613485718e+02
-2.5759710693e+02
-5.3745525360e+01
-5.3745525360e+01
-2.5759710693e+02
-1.7613485718e+02
-2.0645481873e+02
-1.9965365601e+02
-2.6200488281e+02
-1.1103143311e+02
-3.5900744629e+02
-3.5900744629e+02
-1.1103143311e+02
-2.6200488281e+02
-1.9965365601e+02
-2.6694021606e+02
-1.2249639893e+02
-3.5402542114e+02
-1.4460690308e+02
-1.4460690308e+02
-3.5402542114e+02
-1.2249639893e+02
-2.6694021606e+02
-2.8210562134e+02
-1.3415104675e+02
-3.7717257690e+02
-1.4115638733e+02
-1.4115638733e+02
-3.7717257690e+02
-1.3415104675e+02
-2.8210562134e+02
-2.4333779907e+02
-3.0628167725e+02
-1.5310446167e+02
-4.1262686157e+02
-4.1262686157e+02
-1.5310446167e+02
-3.0628167725e+02
-2.4333779907e+02
-2.7919277954e+02
-2.4898579407e+02
-3.3021566772e+02
-1.2511760712e+02
-1.2511760712e+02
-3.3021566772e+02
-2.4898579407e+02
-2.7919277954e+02
-2.8443591309e+02
-2.9738958740e+02
-2.5246162415e+02
-3.8659780884e+02
-3.8659780884e+02
-2.5246162415e+02
-2.9738958740e+02
-2.8443591309e+02
-3.0134664917e+02
-2.9637484741e+02
-3.1871447754e+02
-2.4671342468e+02
-2.4671342468e+02
-3.1871447754e+02
-2.9637484741e+02
-3.0134664917e+02
-3.1475878906e+02
-3.1652832031e+02
-3.0890347290e+02
-3.3251336670e+02
-3.3251336670e+02
-3.0890347290e+02
-3.1652832031e+02
-3.1475878906e+02
-1.4285353088e+02
-1.4168115234e+02
-1.4769424438e+02
-1.2732528687e+02
-1.2732528687e+02
-1.4769424438e+02
-1.4168115234e+02
-1.4285353088e+02
-1.5902790833e+02
-1.6333233643e+02
-1.4328224182e+02
-2.0874604797e+02
-2.0874604797e+02
-1.4328224182e+02
-1.6333233643e+02
-1.5902790833e+02
-1.7812930298e+02
-1.6682502747e+02
-2.0549954224e+02
-8.7374740601e+01
-8.7374740601e+01
-2.0549954224e+02
-1.6682502747e+02
-1.7812930298e+02
-1.8716510010e+02
-2.1281816101e+02
-1.4169038391e+02
-3.1270089722e+02
-3.1270089722e+02
-1.4169038391e+02
-2.1281816101e+02
-1.8716510010e+02
-2.2252906799e+02
-1.6777632141e+02
-2.9436566162e+02
-9.5506149292e+01
-9.5506149292e+01
-2.9436566162e+02
-1.6777632141e+02
-2.2252906799e+02
-1.9470790100e+02
-3.1106524658e+02
-1.3011112976e+02
-2.8837344360e+02
-2.8837344360e+02
-1.3011112976e+02
-3.1106524658e+02
-1.9470790100e+02
-2.1092736816e+02
-3.3093222046e+02
-1.3893994141e+02
-3.2173214722e+02
-3.2173214722e+02
-1.3893994141e+02
-3.3093222046e+02
-2.1092736816e+02
-2.7314184570e+02
-2.1779800415e+02
-3.4711486816e+02
-1.3621012878e+02
-1.3621012878e+02
-3.4711486816e+02
-2.1779800415e+02
-2.7314184570e+02
-2.7161746216e+02
-2.9708358765e+02
-2.2607766724e+02
-3.9966326904e+02
-3.9966326904e+02
-2.2607766724e+02
-2.9708358765e+02
-2.7161746216e+02
-2.9604394531e+02
-2.8464471436e+02
-3.2377700806e+02
-2.0575778198e+02
-2.0575778198e+02
-3.2377700806e+02
-2.8464471436e+02
-2.9604394531e+02
-3.1066171265e+02
-3.1461813354e+02
-2.9535006714e+02
-3.5985595703e+02
-3.5985595703e+02
-2.9535006714e+02
-3.1461813354e+02
-3.1066171265e+02
-3.2800988770e+02
-3.2638137817e+02
-3.3329907227e+02
-3.1166897583e+02
-3.1166897583e+02
-3.3329907227e+02
-3.2638137817e+02
-3.2800988770e+02
-1.2884681702e+02
-1.2977783203e+02
-1.2460400391e+02
-1.4272456360e+02
-1.4272456360e+02
-1.2460400391e+02
-1.2977783203e+02
-1.2884681702e+02
-1.4867840576e+02
-1.4498684692e+02
-1.6236465454e+02
-1.0436942291e+02
-1.0436942291e+02
-1.6236465454e+02
-1.4498684692e+02
-1.4867840576e+02
-1.6603607178e+02
-1.7585844421e+02
-1.4216177368e+02
-2.4433027649e+02
-2.4433027649e+02
-1.4216177368e+02
-1.7585844421e+02
-1.6603607178e+02
-1.9197970581e+02
-1.6999841309e+02
-2.3179875183e+02
-8.8958419800e+01
-8.8958419800e+01
-2.3179875183e+02
-1.6999841309e+02
-1.9197970581e+02
-1.9530841064e+02
-2.4304141235e+02
-1.3736161804e+02
-2.9628485107e+02
-2.9628485107e+02
-1.3736161804e+02
-2.4304141235e+02
-1.9530841064e+02
-2.5210182190e+02
-1.5917814636e+02
-2.9971173096e+02
-1.7891848755e+02
-1.7891848755e+02
-2.9971173096e+02
-1.5917814636e+02
-2.5210182190e+02
-2.7208898926e+02
-1.7560110474e+02
-3.2639761353e+02
-1.8332936096e+02
-1.8332936096e+02
-3.2639761353e+02
-1.7560110474e+02
-2.7208898926e+02
-2.5330242920e+02
-3.0167129517e+02
-1.9285540771e+02
-3.6393737793e+02
-3.6393737793e+02
-1.9285540771e+02
-3.0167129517e+02
-2.5330242920e+02
-2.8843231201e+02
-2.6670657349e+02
-3.2844274902e+02
-1.8201138306e+02
-1.8201138306e+02
-3.2844274902e+02
-2.6670657349e+02
-2.8843231201e+02
-3.0130865479e+02
-3.1129183960e+02
-2.7683547974e+02
-3.7996524048e+02
-3.7996524048e+02
-2.7683547974e+02
-3.1129183960e+02
-3.0130865479e+02
-3.2228082275e+02
-3.1904006958e+02
-3.3550238037e+02
-2.7807482910e+02
-2.7807482910e+02
-3.3550238037e+02
-3.1904006958e+02
-3.2228082275e+02
-3.4090414429e+02
-3.4237591553e+02
-3.3596182251e+02
-3.5569833374e+02
-3.5569833374e+02
-3.3596182251e+02
-3.4237591553e+02
-3.4090414429e+02
-1.1460214996e+02
-1.1390129089e+02
-1.1832489777e+02
-1.0230712891e+02
-1.0230712891e+02
-1.1832489777e+02
-1.1390129089e+02
-1.1460214996e+02
-1.3625022888e+02
-1.3949307251e+02
-1.2439249420e+02
-1.7537748718e+02
-1.7537748718e+02
-1.2439249420e+02
-1.3949307251e+02
-1.3625022888e+02
-1.6007441711e+02
-1.5150616455e+02
-1.8099165344e+02
-9.3235847473e+01
-9.3235847473e+01
-1.8099165344e+02
-1.5150616455e+02
-1.6007441711e+02
-1.7650399780e+02
-1.9550564575e+02
-1.4205986023e+02
-2.6074093628e+02
-2.6074093628e+02
-1.4205986023e+02
-1.9550564575e+02
-1.7650399780e+02
-2.1241667175e+02
-1.7112757874e+02
-2.5894531250e+02
-1.3142778015e+02
-1.3142778015e+02
-2.5894531250e+02
-1.7112757874e+02
-2.1241667175e+02
-2.0309820557e+02
-2.7682128906e+02
-1.6760105896e+02
-2.5950457764e+02
-2.5950457764e+02
-1.6760105896e+02
-2.7682128906e+02
-2.0309820557e+02
-2.2441595459e+02
-3.0149536133e+02
-1.8289236450e+02
-2.9491619873e+02
-2.9491619873e+02
-1.8289236450e+02
-3.0149536133e+02
-2.2441595459e+02
-2.7827056885e+02
-2.3621441650e+02
-3.2747149658e+02
-1.8797532654e+02
-1.8797532654e+02
-3.2747149658e+02
-2.3621441650e+02
-2.7827056885e+02
-2.8644119263e+02
-3.0502093506e+02
-2.5157707214e+02
-3.7454251099e+02
-3.7454251099e+02
-2.5157707214e+02
-3.0502093506e+02
-2.8644119263e+02
-3.1356799316e+02
-3.0465219116e+02
-3.3518234253e+02
-2.4546556091e+02
-2.4546556091e+02
-3.3518234253e+02
-3.0465219116e+02
-3.1356799316e+02
-3.3381106567e+02
-3.3631741333e+02
-3.2228921509e+02
-3.7301043701e+02
-3.7301043701e+02
-3.2228921509e+02
-3.3631741333e+02
-3.3381106567e+02
-3.5583322144e+02
-3.5430581665e+02
-3.6030154419e+02
-3.4225714111e+02
-3.4225714111e+02
-3.6030154419e+02
-3.5430581665e+02
-3.5583322144e+02
-9.9151649475e+01
-9.9683807373e+01
-9.5963127136e+01
-1.1001482391e+02
-1.1001482391e+02
-9.5963127136e+01
-9.9683807373e+01
-9.9151649475e+01
-1.2427147675e+02
-1.2137192535e+02
-1.3455703735e+02
-9.0043579102e+01
-9.0043579102e+01
-1.3455703735e+02
-1.2137192535e+02
-1.2427147675e+02
-1.4744453430e+02
-1.5494935608e+02
-1.2908821106e+02
-2.0397810364e+02
-2.0397810364e+02
-1.2908821106e+02
-1.5494935608e+02
-1.4744453430e+02
-1.7705181885e+02
-1.6050440979e+02
-2.0646888733e+02
-1.0807698059e+02
-1.0807698059e+02
-2.0646888733e+02
-1.6050440979e+02
-1.7705181885e+02
-1.8978044128e+02
-2.2516062927e+02
-1.5234848022e+02
-2.5451274109e+02
-2.5451274109e+02
-1.5234848022e+02
-2.2516062927e+02
-1.8978044128e+02
-2.4044244385e+02
-1.8209251404e+02
-2.6665844727e+02
-1.9620704651e+02
-1.9620704651e+02
-2.6665844727e+02
-1.8209251404e+02
-2.4044244385e+02
-2.6575573730e+02
-2.0438191223e+02
-2.9729214478e+02
-2.0890925598e+02
-2.0890925598e+02
-2.9729214478e+02
-2.0438191223e+02
-2.6575573730e+02
-2.6396566772e+02
-3.0024154663e+02
-2.2378744507e+02
-3.3749713135e+02
-3.3749713135e+02
-2.2378744507e+02
-3.0024154663e+02
-2.6396566772e+02
-3.0045849609e+02
-2.8448275757e+02
-3.3038928223e+02
-2.2731750488e+02
-2.2731750488e+02
-3.3038928223e+02
-2.8448275757e+02
-3.0045849609e+02
-3.2061151123e+02
-3.2860873413e+02
-3.0130294800e+02
-3.7899816895e+02
-3.7899816895e+02
-3.0130294800e+02
-3.2860873413e+02
-3.2061151123e+02
-3.4640591431e+02
-3.4450122070e+02
-3.5627896118e+02
-3.1177050781e+02
-3.1177050781e+02
-3.5627896118e+02
-3.4450122070e+02
-3.4640591431e+02
-3.7065472412e+02
-3.7225738525e+02
-3.6646591187e+02
-3.8292428589e+02
-3.8292428589e+02
-3.6646591187e+02
-3.7225738525e+02
-3.7065472412e+02
-8.2914558411e+01
-8.2557350159e+01
-8.5648376465e+01
-7.3391067505e+01
-7.3391067505e+01
-8.5648376465e+01
-8.2557350159e+01
-8.2914558411e+01
-1.1044564056e+02
-1.1306952667e+02
-1.0149756622e+02
-1.4010482788e+02
-1.4010482788e+02
-1.0149756622e+02
-1.1306952667e+02
-1.1044564056e+02
-1.3974253845e+02
-1.3309190369e+02
-1.5577221680e+02
-9.2148109436e+01
-9.2148109436e+01
-1.5577221680e+02
-1.3309190369e+02
-1.3974253845e+02
-1.6333741760e+02
-1.7773216248e+02
-1.3836964417e+02
-2.1963401794e+02
-2.1963401794e+02
-1.3836964417e+02
-1.7773216248e+02
-1.6333741760e+02
-2.0149182129e+02
-1.7134890747e+02
-2.3154925537e+02
-1.4929263306e+02
-1.4929263306e+02
-2.3154925537e+02
-1.7134890747e+02
-2.0149182129e+02
-2.0772380066e+02
-2.5381687927e+02
-1.8817272949e+02
-2.4202880859e+02
-2.4202880859e+02
-1.8817272949e+02
-2.5381687927e+02
-2.0772380066e+02
-2.3490223694e+02
-2.8363882446e+02
-2.1067994690e+02
-2.8041796875e+02
-2.8041796875e+02
-2.1067994690e+02
-2.8363882446e+02
-2.3490223694e+02
-2.8459884644e+02
-2.5337873840e+02
-3.1734716797e+02
-2.2413452148e+02
-2.2413452148e+02
-3.1734716797e+02
-2.5337873840e+02
-2.8459884644e+02
-3.0203234863e+02
-3.1560345459e+02
-2.7641525269e+02
-3.6248760986e+02
-3.6248760986e+02
-2.7641525269e+02
-3.1560345459e+02
-3.0203234863e+02
-3.3333001709e+02
-3.2588735962e+02
-3.5043630981e+02
-2.8329745483e+02
-2.8329745483e+02
-3.5043630981e+02
-3.2588735962e+02
-3.3333001709e+02
-3.5982653809e+02
-3.6097003174e+02
-3.5119491577e+02
-3.8993554688e+02
-3.8993554688e+02
-3.5119491577e+02
-3.6097003174e+02
-3.5982653809e+02
-3.8735635376e+02
-3.8543167114e+02
-3.9113870239e+02
-3.7607757568e+02
-3.7607757568e+02
-3.9113870239e+02
-3.8543167114e+02
-3.8735635376e+02
-6.6103340149e+01
-6.6289604187e+01
-6.3783542633e+01
-7.4394783020e+01
-7.4394783020e+01
-6.3783542633e+01
-6.6289604187e+01
-6.6103340149e+01
-9.7249214172e+01
-9.4813018799e+01
-1.0500998688e+02
-7.1699844360e+01
-7.1699844360e+01
-1.0500998688e+02
-9.4813018799e+01
-9.7249214172e+01
-1.2670090485e+02
-1.3261180115e+02
-1.1271364594e+02
-1.6650933838e+02
-1.6650933838e+02
-1.1271364594e+02
-1.3261180115e+02
-1.2670090485e+02
-1.6119812012e+02
-1.4867341614e+02
-1.8217721558e+02
-1.1509994507e+02
-1.1509994507e+02
-1.8217721558e+02
-1.4867341614e+02
-1.6119812012e+02
-1.8305674744e+02
-2.0855444336e+02
-1.5877622986e+02
-2.2497772217e+02
-2.2497772217e+02
-1.5877622986e+02
-2.0855444336e+02
-1.8305674744e+02
-2.3150961304e+02
-1.9505389404e+02
-2.4590058899e+02
-2.0445178223e+02
-2.0445178223e+02
-2.4590058899e+02
-1.9505389404e+02
-2.3150961304e+02
-2.6264669800e+02
-2.2398420715e+02
-2.8106866455e+02
-2.2572630310e+02
-2.2572630310e+02
-2.8106866455e+02
-2.2398420715e+02
-2.6264669800e+02
-2.7511227417e+02
-3.0187112427e+02
-2.4824584961e+02
-3.2466714478e+02
-3.2466714478e+02
-2.4824584961e+02
-3.0187112427e+02
-2.7511227417e+02
-3.1442572021e+02
-3.0300625610e+02
-3.3606457520e+02
-2.6425167847e+02
-2.6425167847e+02
-3.3606457520e+02
-3.0300625610e+02
-3.1442572021e+02
-3.4181460571e+02
-3.4885815430e+02
-3.2652966309e+02
-3.8435241699e+02
-3.8435241699e+02
-3.2652966309e+02
-3.4885815430e+02
-3.4181460571e+02
-3.7301126099e+02
-3.7262100220e+02
-3.8043975830e+02
-3.4690518188e+02
-3.4690518188e+02
-3.8043975830e+02
-3.7262100220e+02
-3.7301126099e+02
-4.0340402222e+02
-4.0572900391e+02
-3.9985525513e+02
-4.1358679199e+02
-4.1358679199e+02
-3.9985525513e+02
-4.0572900391e+02
-4.0340402222e+02
-4.8400722504e+01
-4.8411354065e+01
-5.0375812531e+01
-4.1220443726e+01
-4.1220443726e+01
-5.0375812531e+01
-4.8411354065e+01
-4.8400722504e+01
-8.2254508972e+01
-8.4533004761e+01
-7.5496398926e+01
-1.0408277130e+02
-1.0408277130e+02
-7.5496398926e+01
-8.4533004761e+01
-8.2254508972e+01
-1.1768447113e+02
-1.1234757996e+02
-1.2976293945e+02
-8.4393409729e+01
-8.4393409729e+01
-1.2976293945e+02
-1.1234757996e+02
-1.1768447113e+02
-1.4851458740e+02
-1.5928120422e+02
-1.3088142395e+02
-1.8611093140e+02
-1.8611093140e+02
-1.3088142395e+02
-1.5928120422e+02
-1.4851458740e+02
-1.9016894531e+02
-1.6859561157e+02
-2.0973085022e+02
-1.5617529297e+02
-1.5617529297e+02
-2.0973085022e+02
-1.6859561157e+02
-1.9016894531e+02
-2.0947923279e+02
-2.3829266357e+02
-1.9877473450e+02
-2.3062887573e+02
-2.3062887573e+02
-1.9877473450e+02
-2.3829266357e+02
-2.0947923279e+02
-2.4309176636e+02
-2.7366903687e+02
-2.2892468262e+02
-2.7285400391e+02
-2.7285400391e+02
-2.2892468262e+02
-2.7366903687e+02
-2.4309176636e+02
-2.9214703369e+02
-2.6906192017e+02
-3.1410641479e+02
-2.5114843750e+02
-2.5114843750e+02
-3.1410641479e+02
-2.6906192017e+02
-2.9214703369e+02
-3.1861517334e+02
-3.2784942627e+02
-3.0027548218e+02
-3.6002764893e+02
-3.6002764893e+02
-3.0027548218e+02
-3.2784942627e+02
-3.1861517334e+02
-3.5509234619e+02
-3.4805804443e+02
-3.6853823853e+02
-3.1882125854e+02
-3.1882125854e+02
-3.6853823853e+02
-3.4805804443e+02
-3.5509234619e+02
-3.8843188477e+02
-3.8778173828e+02
-3.8180877686e+02
-4.1065744019e+02
-4.1065744019e+02
-3.8180877686e+02
-3.8778173828e+02
-3.8843188477e+02
-4.2199340820e+02
-4.1895339966e+02
-4.2516687012e+02
-4.1265988159e+02
-4.1265988159e+02
-4.2516687012e+02
-4.1895339966e+02
-4.2199340820e+02
-3.0709735870e+01
-3.0444627762e+01
-2.8986377716e+01
-3.6844638824e+01
-3.6844638824e+01
-2.8986377716e+01
-3.0444627762e+01
-3.0709735870e+01
-6.8335014343e+01
-6.6106849670e+01
-7.4124198914e+01
-4.9678066254e+01
-4.9678066254e+01
-7.4124198914e+01
-6.6106849670e+01
-6.8335014343e+01
-1.0432511902e+02
-1.0912942505e+02
-9.3874153137e+01
-1.3199909973e+02
-1.3199909973e+02
-9.3874153137e+01
-1.0912942505e+02
-1.0432511902e+02
-1.4441676331e+02
-1.3522894287e+02
-1.5911866760e+02
-1.1359637451e+02
-1.1359637451e+02
-1.5911866760e+02
-1.3522894287e+02
-1.4441676331e+02
-1.7514669800e+02
-1.9337623596e+02
-1.5926350403e+02
-2.0256874084e+02
-2.0256874084e+02
-1.5926350403e+02
-1.9337623596e+02
-1.7514669800e+02
-2.2443240356e+02
-2.0163565063e+02
-2.3226115417e+02
-2.0755467224e+02
-2.0755467224e+02
-2.3226115417e+02
-2.0163565063e+02
-2.2443240356e+02
-2.6179248047e+02
-2.3770256042e+02
-2.7255569458e+02
-2.3746960449e+02
-2.3746960449e+02
-2.7255569458e+02
-2.3770256042e+02
-2.6179248047e+02
-2.8630422974e+02
-3.0635494995e+02
-2.6825625610e+02
-3.2004333496e+02
-3.2004333496e+02
-2.6825625610e+02
-3.0635494995e+02
-2.8630422974e+02
-3.2955508423e+02
-3.2245568848e+02
-3.4496868896e+02
-2.9518206787e+02
-2.9518206787e+02
-3.4496868896e+02
-3.2245568848e+02
-3.2955508423e+02
-3.6423574829e+02
-3.7149395752e+02
-3.5238879395e+02
-3.9492059326e+02
-3.9492059326e+02
-3.5238879395e+02
-3.7149395752e+02
-3.6423574829e+02
-4.0117022705e+02
-4.0303103638e+02
-4.0710098267e+02
-3.8229061890e+02
-3.8229061890e+02
-4.0710098267e+02
-4.0303103638e+02
-4.0117022705e+02
-4.3827920532e+02
-4.4225210571e+02
-4.3541546631e+02
-4.4664233398e+02
-4.4664233398e+02
-4.3541546631e+02
-4.4225210571e+02
-4.3827920532e+02
-1.1985856056e+01
-1.2559902191e+01
-1.3537341118e+01
-6.7742629051e+00
-6.7742629051e+00
-1.3537341118e+01
-1.2559902191e+01
-1.1985856056e+01
-5.2472167969e+01
-5.4672046661e+01
-4.7524131775e+01
-6.8338066101e+01
-6.8338066101e+01
-4.7524131775e+01
-5.4672046661e+01
-5.2472167969e+01
-9.4532188416e+01
-9.0128234863e+01
-1.0345349121e+02
-7.1457183838e+01
-7.1457183838e+01
-1.0345349121e+02
-9.0128234863e+01
-9.4532188416e+01
-1.3277510071e+02
-1.4040116882e+02
-1.2040596771e+02
-1.5790493774e+02
-1.5790493774e+02
-1.2040596771e+02
-1.4040116882e+02
-1.3277510071e+02
-1.7890231323e+02
-1.6331542969e+02
-1.9168142700e+02
-1.5653059387e+02
-1.5653059387e+02
-1.9168142700e+02
-1.6331542969e+02
-1.7890231323e+02
-2.0936065674e+02
-2.2728192139e+02
-2.0351194763e+02
-2.2276263428e+02
-2.2276263428e+02
-2.0351194763e+02
-2.2728192139e+02
-2.0936065674e+02
-2.4974884033e+02
-2.6848904419e+02
-2.4140597534e+02
-2.6953591919e+02
-2.6953591919e+02
-2.4140597534e+02
-2.6848904419e+02
-2.4974884033e+02
-3.0080368042e+02
-2.8295471191e+02
-3.1541784668e+02
-2.7278720093e+02
-2.7278720093e+02
-3.1541784668e+02
-2.8295471191e+02
-3.0080368042e+02
-3.3603613281e+02
-3.4076766968e+02
-3.2282214355e+02
-3.6436880493e+02
-3.6436880493e+02
-3.2282214355e+02
-3.4076766968e+02
-3.3603613281e+02
-3.7840628052e+02
-3.7040997314e+02
-3.8845425415e+02
-3.5228811646e+02
-3.5228811646e+02
-3.8845425415e+02
-3.7040997314e+02
-3.7840628052e+02
-4.1913220215e+02
-4.1556524658e+02
-4.1336166382e+02
-4.3477865601e+02
-4.3477865601e+02
-4.1336166382e+02
-4.1556524658e+02
-4.1913220215e+02
-4.5885455322e+02
-4.5347433472e+02
-4.6114047241e+02
-4.5128671265e+02
-4.5128671265e+02
-4.6114047241e+02
-4.5347433472e+02
-4.5885455322e+02
5.6564126015e+00
6.6733517647e+00
7.2348842621e+00
1.4111293554e+00
1.4111293554e+00
7.2348842621e+00
6.6733517647e+00
5.6564126015e+00
-3.8640144348e+01
-3.6323009491e+01
-4.2656578064e+01
-2.4967306137e+01
-2.4967306137e+01
-4.2656578064e+01
-3.6323009491e+01
-3.8640144348e+01
-8.1163276672e+01
-8.5160331726e+01
-7.3479316711e+01
-1.0023823547e+02
-1.0023823547e+02
-7.3479316711e+01
-8.5160331726e+01
-8.1163276672e+01
-1.2705197906e+02
-1.2088070679e+02
-1.3744747925e+02
-1.0643210602e+02
-1.0643210602e+02
-1.3744747925e+02
-1.2088070679e+02
-1.2705197906e+02
-1.6620785522e+02
-1.7971572876e+02
-1.5595172119e+02
-1.8439398193e+02
-1.8439398193e+02
-1.5595172119e+02
-1.7971572876e+02
-1.6620785522e+02
-2.1845286560e+02
-2.0452626038e+02
-2.2285850525e+02
-2.0756188965e+02
-2.0756188965e+02
-2.2285850525e+02
-2.0452626038e+02
-2.1845286560e+02
-2.6222546387e+02
-2.4800282288e+02
-2.6879199219e+02
-2.4595429993e+02
-2.4595429993e+02
-2.6879199219e+02
-2.4800282288e+02
-2.6222546387e+02
-2.9695419312e+02
-3.1336822510e+02
-2.8539440918e+02
-3.2020812988e+02
-3.2020812988e+02
-2.8539440918e+02
-3.1336822510e+02
-2.9695419312e+02
-3.4485412598e+02
-3.4274615479e+02
-3.5653097534e+02
-3.2156652832e+02
-3.2156652832e+02
-3.5653097534e+02
-3.4274615479e+02
-3.4485412598e+02
-3.8660601807e+02
-3.9587145996e+02
-3.7860729980e+02
-4.0896051025e+02
-4.0896051025e+02
-3.7860729980e+02
-3.9587145996e+02
-3.8660601807e+02
-4.2923416138e+02
-4.3506240845e+02
-4.3544219971e+02
-4.1667068481e+02
-4.1667068481e+02
-4.3544219971e+02
-4.3506240845e+02
-4.2923416138e+02
-4.7369854736e+02
-4.8104974365e+02
-4.7239230347e+02
-4.8061791992e+02
-4.8061791992e+02
-4.7239230347e+02
-4.8104974365e+02
-4.7369854736e+02
2.5024930954e+01
2.3478784561e+01
2.3256052017e+01
2.8324644089e+01
2.8324644089e+01
2.3256052017e+01
2.3478784561e+01
2.5024930954e+01
-2.2132871628e+01
-2.4588382721e+01
-1.8990318298e+01
-3.3975334167e+01
-3.3975334167e+01
-1.8990318298e+01
-2.4588382721e+01
-2.2132871628e+01
-7.1090332031e+01
-6.7371391296e+01
-7.7577110291e+01
-5.5220867157e+01
-5.5220867157e+01
-7.7577110291e+01
-6.7371391296e+01
-7.1090332031e+01
-1.1694734192e+02
-1.2157083893e+02
-1.0787839508e+02
-1.3359684753e+02
-1.3359684753e+02
-1.0787839508e+02
-1.2157083893e+02
-1.1694734192e+02
-1.6829420471e+02
-1.5612202454e+02
-1.7606361389e+02
-1.5303959656e+02
-1.5303959656e+02
-1.7606361389e+02
-1.5612202454e+02
-1.6829420471e+02
-2.0836917114e+02
-2.1873966980e+02
-2.0452395630e+02
-2.1688867188e+02
-2.1688867188e+02
-2.0452395630e+02
-2.1873966980e+02
-2.0836917114e+02
-2.5572911072e+02
-2.6580499268e+02
-2.4984570312e+02
-2.6860290527e+02
-2.6860290527e+02
-2.4984570312e+02
-2.6580499268e+02
-2.5572911072e+02
-3.1084234619e+02
-2.9477371216e+02
-3.1892007446e+02
-2.9068765259e+02
-2.9068765259e+02
-3.1892007446e+02
-2.9477371216e+02
-3.1084234619e+02
-3.5471749878e+02
-3.5351138306e+02
-3.4313729858e+02
-3.7281863403e+02
-3.7281863403e+02
-3.4313729858e+02
-3.5351138306e+02
-3.5471749878e+02
-4.0376504517e+02
-3.9222644043e+02
-4.0853558350e+02
-3.8343194580e+02
-3.8343194580e+02
-4.0853558350e+02
-3.9222644043e+02
-4.0376504517e+02
-4.5235302734e+02
-4.4321008301e+02
-4.4419671631e+02
-4.6095327759e+02
-4.6095327759e+02
-4.4419671631e+02
-4.4321008301e+02
-4.5235302734e+02
-4.9771334839e+02
-4.8740386963e+02
-4.9683096313e+02
-4.9043798828e+02
-4.9043798828e+02
-4.9683096313e+02
-4.8740386963e+02
-4.9771334839e+02
4.1490699768e+01
4.3694869995e+01
4.3742885590e+01
3.9310684204e+01
3.9310684204e+01
4.3742885590e+01
4.3694869995e+01
4.1490699768e+01
-9.3728971481e+00
-6.6673669815e+00
-1.1519765854e+01
1.1726742983e+00
1.1726742983e+00
-1.1519765854e+01
-6.6673669815e+00
-9.3728971481e+00
-5.8121940613e+01
-6.1593463898e+01
-5.2695911407e+01
-7.1326576233e+01
-7.1326576233e+01
-5.2695911407e+01
-6.1593463898e+01
-5.8121940613e+01
-1.0940621185e+02
-1.0639573669e+02
-1.1777587891e+02
-9.6341567993e+01
-9.6341567993e+01
-1.1777587891e+02
-1.0639573669e+02
-1.0940621185e+02
-1.5611886597e+02
-1.6768266296e+02
-1.5108534241e+02
-1.6968502808e+02
-1.6968502808e+02
-1.5108534241e+02
-1.6768266296e+02
-1.5611886597e+02
-2.1248991394e+02
-2.0553140259e+02
-2.1686735535e+02
-2.0667953491e+02
-2.0667953491e+02
-2.1686735535e+02
-2.0553140259e+02
-2.1248991394e+02
-2.6219848633e+02
-2.5628286743e+02
-2.6887994385e+02
-2.5334048462e+02
-2.5334048462e+02
-2.6887994385e+02
-2.5628286743e+02
-2.6219848633e+02
-3.0486019897e+02
-3.2187911987e+02
-3.0154376221e+02
-3.2428555298e+02
-3.2428555298e+02
-3.0154376221e+02
-3.2187911987e+02
-3.0486019897e+02
-3.5705175781e+02
-3.6258972168e+02
-3.7088119507e+02
-3.4557980347e+02
-3.4557980347e+02
-3.7088119507e+02
-3.6258972168e+02
-3.5705175781e+02
-4.0478897095e+02
-4.1997106934e+02
-4.0554397583e+02
-4.2614031982e+02
-4.2614031982e+02
-4.0554397583e+02
-4.1997106934e+02
-4.0478897095e+02
-4.5277520752e+02
-4.6667620850e+02
-4.6555316162e+02
-4.5052560425e+02
-4.5052560425e+02
-4.6555316162e+02
-4.6667620850e+02
-4.5277520752e+02
-5.0565036011e+02
-5.2035845947e+02
-5.1123904419e+02
-5.1588415527e+02
-5.1588415527e+02
-5.1123904419e+02
-5.2035845947e+02
-5.0565036011e+02
6.1246406555e+01
5.8511558533e+01
5.8479782104e+01
6.2414138794e+01
6.2414138794e+01
5.8479782104e+01
5.8511558533e+01
6.1246406555e+01
7.3297052383e+00
4.5259714127e+00
8.7128925323e+00
-1.9858807325e+00
-1.9858807325e+00
8.7128925323e+00
4.5259714127e+00
7.3297052383e+00
-4.8692295074e+01
-4.5265079498e+01
-5.2785873413e+01
-3.7161197662e+01
-3.7161197662e+01
-5.2785873413e+01
-4.5265079498e+01
-4.8692295074e+01
-1.0262996674e+02
-1.0379103088e+02
-9.3862586975e+01
-1.1161619568e+02
-1.1161619568e+02
-9.3862586975e+01
-1.0379103088e+02
-1.0262996674e+02
-1.6009947205e+02
-1.4828009033e+02
-1.6142523193e+02
-1.4611495972e+02
-1.4611495972e+02
-1.6142523193e+02
-1.4828009033e+02
-1.6009947205e+02
-2.0883949280e+02
-2.1227087402e+02
-2.0219458008e+02
-2.1035386658e+02
-2.1035386658e+02
-2.0219458008e+02
-2.1227087402e+02
-2.0883949280e+02
-2.6394702148e+02
-2.6544412231e+02
-2.5418075562e+02
-2.6667141724e+02
-2.6667141724e+02
-2.5418075562e+02
-2.6544412231e+02
-2.6394702148e+02
-3.2574703979e+02
-3.0635766602e+02
-3.2184863281e+02
-3.0304977417e+02
-3.0304977417e+02
-3.2184863281e+02
-3.0635766602e+02
-3.2574703979e+02
-3.7897119141e+02
-3.6795913696e+02
-3.5935275269e+02
-3.8031005859e+02
-3.8031005859e+02
-3.5935275269e+02
-3.6795913696e+02
-3.7897119141e+02
-4.3565661621e+02
-4.1540869141e+02
-4.2581320190e+02
-4.0830764771e+02
-4.0830764771e+02
-4.2581320190e+02
-4.1540869141e+02
-4.3565661621e+02
-4.9158123779e+02
-4.7155145264e+02
-4.7036819458e+02
-4.8313455200e+02
-4.8313455200e+02
-4.7036819458e+02
-4.7155145264e+02
-4.9158123779e+02
-5.4066192627e+02
-5.2020709229e+02
-5.2660314941e+02
-5.2280297852e+02
-5.2280297852e+02
-5.2660314941e+02
-5.2020709229e+02
-5.4066192627e+02
7.3615768433e+01
7.6493637085e+01
7.6753448486e+01
7.3275291443e+01
7.3275291443e+01
7.6753448486e+01
7.6493637085e+01
7.3615768433e+01
1.7657707214e+01
2.0361652374e+01
1.6830207825e+01
2.5834280014e+01
2.5834280014e+01
1.6830207825e+01
2.0361652374e+01
1.7657707214e+01
-3.6072196960e+01
-3.9341175079e+01
-3.3246440887e+01
-4.6495838165e+01
-4.6495838165e+01
-3.3246440887e+01
-3.9341175079e+01
-3.6072196960e+01
-9.1040824890e+01
-9.1371742249e+01
-1.0065834045e+02
-8.6169685364e+01
-8.6169685364e+01
-1.0065834045e+02
-9.1371742249e+01
-9.1040824890e+01
-1.4330564880e+02
-1.5536408997e+02
-1.4586204529e+02
-1.5893246460e+02
-1.5893246460e+02
-1.4586204529e+02
-1.5536408997e+02
-1.4330564880e+02
-2.0379577637e+02
-2.0292805481e+02
-2.1314314270e+02
-2.0715039062e+02
-2.0715039062e+02
-2.1314314270e+02
-2.0292805481e+02
-2.0379577637e+02
-2.5773626709e+02
-2.5947552490e+02
-2.7122677612e+02
-2.6200558472e+02
-2.6200558472e+02
-2.7122677612e+02
-2.5947552490e+02
-2.5773626709e+02
-3.0495321655e+02
-3.2614395142e+02
-3.1668731689e+02
-3.3324319458e+02
-3.3324319458e+02
-3.1668731689e+02
-3.2614395142e+02
-3.0495321655e+02
-3.6056436157e+02
-3.7573062134e+02
-3.8708990479e+02
-3.7098367310e+02
-3.7098367310e+02
-3.8708990479e+02
-3.7573062134e+02
-3.6056436157e+02
-4.1403341675e+02
-4.3779528809e+02
-4.3358715820e+02
-4.4982019043e+02
-4.4982019043e+02
-4.3358715820e+02
-4.3779528809e+02
-4.1403341675e+02
-4.6917492676e+02
-4.9330764771e+02
-4.9924633789e+02
-4.8987423706e+02
-4.8987423706e+02
-4.9924633789e+02
-4.9330764771e+02
-4.6917492676e+02
-5.3194036865e+02
-5.5624139404e+02
-5.5540832520e+02
-5.5999810791e+02
-5.5999810791e+02
-5.5540832520e+02
-5.5624139404e+02
-5.3194036865e+02
9.4129203796e+01
9.2785575867e+01
9.2141754150e+01
9.5103225708e+01
9.5103225708e+01
9.2141754150e+01
9.2785575867e+01
9.4129203796e+01
3.3629684448e+01
3.2007873535e+01
3.4966278076e+01
2.7320692062e+01
2.7320692062e+01
3.4966278076e+01
3.2007873535e+01
3.3629684448e+01
-2.7914258957e+01
-2.5537879944e+01
-3.0566354752e+01
-1.9355127335e+01
-1.9355127335e+01
-3.0566354752e+01
-2.5537879944e+01
-2.7914258957e+01
-8.8760948181e+01
-8.9406890869e+01
-8.1184158325e+01
-9.3240310669e+01
-9.3240310669e+01
-8.1184158325e+01
-8.9406890869e+01
-8.8760948181e+01
-1.5119892883e+02
-1.4252934265e+02
-1.5030007935e+02
-1.3948770142e+02
-1.3948770142e+02
-1.5030007935e+02
-1.4252934265e+02
-1.5119892883e+02
-2.0495713806e+02
-2.0950000000e+02
-2.0108470154e+02
-2.0607109070e+02
-2.0607109070e+02
-2.0108470154e+02
-2.0950000000e+02
-2.0495713806e+02
-2.6599459839e+02
-2.6927380371e+02
-2.5955624390e+02
-2.6701156616e+02
-2.6701156616e+02
-2.5955624390e+02
-2.6927380371e+02
-2.6599459839e+02
-3.3443438721e+02
-3.2099047852e+02
-3.2831539917e+02
-3.1462408447e+02
-3.1462408447e+02
-3.2831539917e+02
-3.2099047852e+02
-3.3443438721e+02
-3.9397848511e+02
-3.8692071533e+02
-3.7648345947e+02
-3.8970623779e+02
-3.8970623779e+02
-3.7648345947e+02
-3.8692071533e+02
-3.9397848511e+02
-4.5477752686e+02
-4.4175015259e+02
-4.4453067017e+02
-4.3069995117e+02
-4.3069995117e+02
-4.4453067017e+02
-4.4175015259e+02
-4.5477752686e+02
-5.1433801270e+02
-5.0202618408e+02
-4.9631100464e+02
-5.0412243652e+02
-5.0412243652e+02
-4.9631100464e+02
-5.0202618408e+02
-5.1433801270e+02
-5.6975378418e+02
-5.5747772217e+02
-5.5690679932e+02
-5.5263250732e+02
-5.5263250732e+02
-5.5690679932e+02
-5.5747772217e+02
-5.6975378418e+02
1.0864675140e+02
1.0702268219e+02
1.0785184479e+02
1.0537469482e+02
1.0537469482e+02
1.0785184479e+02
1.0702268219e+02
1.0864675140e+02
4.5142234802e+01
4.5426040649e+01
4.2889350891e+01
4.9591327667e+01
4.9591327667e+01
4.2889350891e+01
4.5426040649e+01
4.5142234802e+01
-1.7982971191e+01
-1.9217836380e+01
-1.4157995224e+01
-2.3317365646e+01
-2.3317365646e+01
-1.4157995224e+01
-1.9217836380e+01
-1.7982971191e+01
-8.3483757019e+01
-7.7716972351e+01
-8.3394523621e+01
-7.2978904724e+01
-7.2978904724e+01
-8.3394523621e+01
-7.7716972351e+01
-8.3483757019e+01
-1.4547143555e+02
-1.4425845337e+02
-1.3723507690e+02
-1.4543955994e+02
-1.4543955994e+02
-1.3723507690e+02
-1.4425845337e+02
-1.4547143555e+02
-2.0805476379e+02
-2.0064613342e+02
-2.0574884033e+02
-2.0084056091e+02
-2.0084056091e+02
-2.0574884033e+02
-2.0064613342e+02
-2.0805476379e+02
-2.7180450439e+02
-2.6265533447e+02
-2.6806237793e+02
-2.6100317383e+02
-2.6100317383e+02
-2.6806237793e+02
-2.6265533447e+02
-2.7180450439e+02
-3.3659329224e+02
-3.3084420776e+02
-3.2221102905e+02
-3.3175915527e+02
-3.3175915527e+02
-3.2221102905e+02
-3.3084420776e+02
-3.3659329224e+02
-4.0210281372e+02
-3.8848809814e+02
-3.9267764282e+02
-3.7985287476e+02
-3.7985287476e+02
-3.9267764282e+02
-3.8848809814e+02
-4.0210281372e+02
-4.6362335205e+02
-4.5409594727e+02
-4.4626861572e+02
-4.5565826416e+02
-4.5565826416e+02
-4.4626861572e+02
-4.5409594727e+02
-4.6362335205e+02
-5.2710919189e+02
-5.1277709961e+02
-5.1264807129e+02
-5.0388555908e+02
-5.0388555908e+02
-5.1264807129e+02
-5.1277709961e+02
-5.2710919189e+02
-5.8476806641e+02
-5.7222558594e+02
-5.6981646729e+02
-5.7204638672e+02
-5.7204638672e+02
-5.6981646729e+02
-5.7222558594e+02
-5.8476806641e+02
1.1689342499e+02
1.2016313934e+02
1.1889479828e+02
1.2096258545e+02
1.2096258545e+02
1.1889479828e+02
1.2016313934e+02
1.1689342499e+02
5.3387542725e+01
5.4415802002e+01
5.6534549713e+01
5.0787281036e+01
5.0787281036e+01
5.6534549713e+01
5.4415802002e+01
5.3387542725e+01
-9.2115449905e+00
-8.5782299042e+00
-1.2721467972e+01
-4.9269223213e+00
-4.9269223213e+00
-1.2721467972e+01
-8.5782299042e+00
-9.2115449905e+00
-6.9960906982e+01
-7.6629295349e+01
-7.1532173157e+01
-8.0276695251e+01
-8.0276695251e+01
-7.1532173157e+01
-7.6629295349e+01
-6.9960906982e+01
-1.3329545593e+02
-1.3736384583e+02
-1.4313023376e+02
-1.3638685608e+02
-1.3638685608e+02
-1.4313023376e+02
-1.3736384583e+02
-1.3329545593e+02
-1.9529051208e+02
-2.0650962830e+02
-2.0256111145e+02
-2.0687219238e+02
-2.0687219238e+02
-2.0256111145e+02
-2.0650962830e+02
-1.9529051208e+02
-2.5704641724e+02
-2.7133657837e+02
-2.6726754761e+02
-2.7316644287e+02
-2.7316644287e+02
-2.6726754761e+02
-2.7133657837e+02
-2.5704641724e+02
-3.1874414062e+02
-3.3156756592e+02
-3.3866073608e+02
-3.3106335449e+02
-3.3106335449e+02
-3.3866073608e+02
-3.3156756592e+02
-3.1874414062e+02
-3.7896429443e+02
-4.0053195190e+02
-3.9672302246e+02
-4.0750051880e+02
-4.0750051880e+02
-3.9672302246e+02
-4.0053195190e+02
-3.7896429443e+02
-4.4246694946e+02
-4.6238916016e+02
-4.6886541748e+02
-4.6114733887e+02
-4.6114733887e+02
-4.6886541748e+02
-4.6238916016e+02
-4.4246694946e+02
-5.0447586060e+02
-5.3028771973e+02
-5.3036724854e+02
-5.3790625000e+02
-5.3790625000e+02
-5.3036724854e+02
-5.3028771973e+02
-5.0447586060e+02
-5.7549804688e+02
-5.9972650146e+02
-6.0066595459e+02
-5.9859143066e+02
-5.9859143066e+02
-6.0066595459e+02
-5.9972650146e+02
-5.7549804688e+02
1.3275640869e+02
1.2960693359e+02
1.3119134521e+02
1.2933584595e+02
1.2933584595e+02
1.3119134521e+02
1.2960693359e+02
1.3275640869e+02
6.5654502869e+01
6.4530212402e+01
6.2891147614e+01
6.7785217285e+01
6.7785217285e+01
6.2891147614e+01
6.4530212402e+01
6.5654502869e+01
-2.2567114830e+00
-2.8295154572e+00
3.8421279192e-01
-6.3384952545e+00
-6.3384952545e+00
3.8421279192e-01
-2.8295154572e+00
-2.2567114830e+00
-7.1228134155e+01
-6.5733367920e+01
-7.0956344604e+01
-6.3820873260e+01
-6.3820873260e+01
-7.0956344604e+01
-6.5733367920e+01
-7.1228134155e+01
-1.3816802979e+02
-1.3498469543e+02
-1.3160012817e+02
-1.3763584900e+02
-1.3763584900e+02
-1.3160012817e+02
-1.3498469543e+02
-1.3816802979e+02
-2.0662991333e+02
-1.9720329285e+02
-2.0233905029e+02
-1.9925657654e+02
-1.9925657654e+02
-2.0233905029e+02
-1.9720329285e+02
-2.0662991333e+02
-2.7483770752e+02
-2.6294549561e+02
-2.6873611450e+02
-2.6478387451e+02
-2.6478387451e+02
-2.6873611450e+02
-2.6294549561e+02
-2.7483770752e+02
-3.4267590332e+02
-3.3237820435e+02
-3.2992407227e+02
-3.3707736206e+02
-3.3707736206e+02
-3.2992407227e+02
-3.3237820435e+02
-3.4267590332e+02
-4.1253900146e+02
-3.9485491943e+02
-4.0225054932e+02
-3.9454678345e+02
-3.9454678345e+02
-4.0225054932e+02
-3.9485491943e+02
-4.1253900146e+02
-4.8022875977e+02
-4.6399627686e+02
-4.6328631592e+02
-4.7110211182e+02
-4.7110211182e+02
-4.6328631592e+02
-4.6399627686e+02
-4.8022875977e+02
-5.5043145752e+02
-5.2890100098e+02
-5.3388043213e+02
-5.2895166016e+02
-5.2895166016e+02
-5.3388043213e+02
-5.2890100098e+02
-5.5043145752e+02
-6.1279040527e+02
-5.9276788330e+02
-5.9742596436e+02
-6.0057952881e+02
-6.0057952881e+02
-5.9742596436e+02
-5.9276788330e+02
-6.1279040527e+02
1.3981677246e+02
1.4244590759e+02
1.4077920532e+02
1.4251695251e+02
1.4251695251e+02
1.4077920532e+02
1.4244590759e+02
1.3981677246e+02
7.1531860352e+01
7.2476913452e+01
7.3737625122e+01
6.9571823120e+01
6.9571823120e+01
7.3737625122e+01
7.2476913452e+01
7.1531860352e+01
4.0608153343e+00
4.6667308807e+00
2.1083099842e+00
7.8424768448e+00
7.8424768448e+00
2.1083099842e+00
4.6667308807e+00
4.0608153343e+00
-6.2757530212e+01
-6.6949699402e+01
-6.1974128723e+01
-6.7987045288e+01
-6.7987045288e+01
-6.1974128723e+01
-6.6949699402e+01
-6.2757530212e+01
-1.3106933594e+02
-1.3306745911e+02
-1.3495347595e+02
-1.2981478882e+02
-1.2981478882e+02
-1.3495347595e+02
-1.3306745911e+02
-1.3106933594e+02
-1.9790341187e+02
-2.0511131287e+02
-1.9957386780e+02
-2.0211911011e+02
-2.0211911011e+02
-1.9957386780e+02
-2.0511131287e+02
-1.9790341187e+02
-2.6536917114e+02
-2.7430111694e+02
-2.6787765503e+02
-2.7085818481e+02
-2.7085818481e+02
-2.6787765503e+02
-2.7430111694e+02
-2.6536917114e+02
-3.3366479492e+02
-3.4065341187e+02
-3.4041363525e+02
-3.3443289185e+02
-3.3443289185e+02
-3.4041363525e+02
-3.4065341187e+02
-3.3366479492e+02
-4.0005212402e+02
-4.1287240601e+02
-4.0395697021e+02
-4.1008187866e+02
-4.1008187866e+02
-4.0395697021e+02
-4.1287240601e+02
-4.0005212402e+02
-4.6826583862e+02
-4.7944229126e+02
-4.7690805054e+02
-4.7015252686e+02
-4.7015252686e+02
-4.7690805054e+02
-4.7944229126e+02
-4.6826583862e+02
-5.3368939209e+02
-5.4923828125e+02
-5.4171063232e+02
-5.4566778564e+02
-5.4566778564e+02
-5.4171063232e+02
-5.4923828125e+02
-5.3368939209e+02
-6.0519549561e+02
-6.1944439697e+02
-6.1224591064e+02
-6.0959722900e+02
-6.0959722900e+02
-6.1224591064e+02
-6.1944439697e+02
-6.0519549561e+02
1.4893891907e+02
1.4695242310e+02
1.4855525208e+02
1.4692030334e+02
1.4692030334e+02
1.4855525208e+02
1.4695242310e+02
1.4893891907e+02
7.9141372681e+01
7.8499778748e+01
7.7541534424e+01
8.1111831665e+01
8.1111831665e+01
7.7541534424e+01
7.8499778748e+01
7.9141372681e+01
8.8220376968e+00
8.2521820068e+00
1.0383377075e+01
5.5466480255e+00
5.5466480255e+00
1.0383377075e+01
8.2521820068e+00
8.8220376968e+00
-6.1749679565e+01
-5.8579700470e+01
-6.3010639191e+01
-5.7786186218e+01
-5.7786186218e+01
-6.3010639191e+01
-5.8579700470e+01
-6.1749679565e+01
-1.3123127747e+02
-1.3008551025e+02
-1.2895175171e+02
-1.3313298035e+02
-1.3313298035e+02
-1.2895175171e+02
-1.3008551025e+02
-1.3123127747e+02
-2.0205372620e+02
-1.9657472229e+02
-2.0180696106e+02
-1.9937835693e+02
-1.9937835693e+02
-2.0180696106e+02
-1.9657472229e+02
-2.0205372620e+02
-2.7216375732e+02
-2.6552416992e+02
-2.7161203003e+02
-2.6900253296e+02
-2.6900253296e+02
-2.7161203003e+02
-2.6552416992e+02
-2.7216375732e+02
-3.4133560181e+02
-3.3683380127e+02
-3.3811166382e+02
-3.4258901978e+02
-3.4258901978e+02
-3.3811166382e+02
-3.3683380127e+02
-3.4133560181e+02
-4.1234265137e+02
-4.0330618286e+02
-4.1198538208e+02
-4.0653488159e+02
-4.0653488159e+02
-4.1198538208e+02
-4.0330618286e+02
-4.1234265137e+02
-4.8188177490e+02
-4.7462179565e+02
-4.7819052124e+02
-4.8331811523e+02
-4.8331811523e+02
-4.7819052124e+02
-4.7462179565e+02
-4.8188177490e+02
-5.5433514404e+02
-5.4357501221e+02
-5.5145874023e+02
-5.4757189941e+02
-5.4757189941e+02
-5.5145874023e+02
-5.4357501221e+02
-5.5433514404e+02
-6.2265649414e+02
-6.1297692871e+02
-6.2038671875e+02
-6.2184375000e+02
-6.2184375000e+02
-6.2038671875e+02
-6.1297692871e+02
-6.2265649414e+02
1.5294844055e+02
1.5441830444e+02
1.5300537109e+02
1.5454589844e+02
1.5454589844e+02
1.5300537109e+02
1.5441830444e+02
1.5294844055e+02
8.2349555969e+01
8.2743415833e+01
8.3506881714e+01
8.0435104370e+01
8.0435104370e+01
8.3506881714e+01
8.2743415833e+01
8.2349555969e+01
1.2244181633e+01
1.2736721039e+01
1.0920767784e+01
1.4990862846e+01
1.4990862846e+01
1.0920767784e+01
1.2736721039e+01
1.2244181633e+01
-5.7766437531e+01
-6.0230567932e+01
-5.6459922791e+01
-6.1071651459e+01
-6.1071651459e+01
-5.6459922791e+01
-6.0230567932e+01
-5.7766437531e+01
-1.2846719360e+02
-1.2917507935e+02
-1.3000692749e+02
-1.2668887329e+02
-1.2668887329e+02
-1.3000692749e+02
-1.2917507935e+02
-1.2846719360e+02
-1.9802011108e+02
-2.0240451050e+02
-1.9785272217e+02
-2.0031065369e+02
-2.0031065369e+02
-1.9785272217e+02
-2.0240451050e+02
-1.9802011108e+02
-2.6834606934e+02
-2.7354956055e+02
-2.6831338501e+02
-2.7078530884e+02
-2.7078530884e+02
-2.6831338501e+02
-2.7354956055e+02
-2.6834606934e+02
-3.3976489258e+02
-3.4283132935e+02
-3.4149578857e+02
-3.3845382690e+02
-3.3845382690e+02
-3.4149578857e+02
-3.4283132935e+02
-3.3976489258e+02
-4.0969299316e+02
-4.1633444214e+02
-4.0885958862e+02
-4.1398184204e+02
-4.1398184204e+02
-4.0885958862e+02
-4.1633444214e+02
-4.0969299316e+02
-4.8113839722e+02
-4.8604605103e+02
-4.8276342773e+02
-4.7927667236e+02
-4.7927667236e+02
-4.8276342773e+02
-4.8604605103e+02
-4.8113839722e+02
-5.5026666260e+02
-5.5799761963e+02
-5.5104846191e+02
-5.5513073730e+02
-5.5513073730e+02
-5.5104846191e+02
-5.5799761963e+02
-5.5026666260e+02
-6.2255657959e+02
-6.2943554688e+02
-6.2309057617e+02
-6.2285095215e+02
-6.2285095215e+02
-6.2309057617e+02
-6.2943554688e+02
-6.2255657959e+02
1.5658609009e+02
1.5555538940e+02
1.5673271179e+02
1.5530587769e+02
1.5530587769e+02
1.5673271179e+02
1.5555538940e+02
1.5658609009e+02
8.5401107788e+01
8.5211601257e+01
8.4568099976e+01
8.7229484558e+01
8.7229484558e+01
8.4568099976e+01
8.5211601257e+01
8.5401107788e+01
1.3913035393e+01
1.3484302521e+01
1.5015421867e+01
1.1575145721e+01
1.1575145721e+01
1.5015421867e+01
1.3484302521e+01
1.3913035393e+01
-5.7456821442e+01
-5.5560634613e+01
-5.8746273041e+01
-5.4680004120e+01
-5.4680004120e+01
-5.8746273041e+01
-5.5560634613e+01
-5.7456821442e+01
-1.2845477295e+02
-1.2806430054e+02
-1.2743319702e+02
-1.3009053040e+02
-1.3009053040e+02
-1.2743319702e+02
-1.2806430054e+02
-1.2845477295e+02
-2.0043722534e+02
-1.9693190002e+02
-2.0085668945e+02
-1.9844332886e+02
-1.9844332886e+02
-2.0085668945e+02
-1.9693190002e+02
-2.0043722534e+02
-2.7180554199e+02
-2.6773101807e+02
-2.7217416382e+02
-2.6990173340e+02
-2.6990173340e+02
-2.7217416382e+02
-2.6773101807e+02
-2.7180554199e+02
-3.4224725342e+02
-3.4024325562e+02
-3.4146240234e+02
-3.4344613647e+02
-3.4344613647e+02
-3.4146240234e+02
-3.4024325562e+02
-3.4224725342e+02
-4.1416519165e+02
-4.0934924316e+02
-4.1560122681e+02
-4.1090826416e+02
-4.1090826416e+02
-4.1560122681e+02
-4.0934924316e+02
-4.1416519165e+02
-4.8494683838e+02
-4.8177432251e+02
-4.8456185913e+02
-4.8684982300e+02
-4.8684982300e+02
-4.8456185913e+02
-4.8177432251e+02
-4.8494683838e+02
-5.5786157227e+02
-5.5243524170e+02
-5.5833886719e+02
-5.5431756592e+02
-5.5431756592e+02
-5.5833886719e+02
-5.5243524170e+02
-5.5786157227e+02
-6.2883264160e+02
-6.2410424805e+02
-6.2935113525e+02
-6.2884130859e+02
-6.2884130859e+02
-6.2935113525e+02
-6.2410424805e+02
-6.2883264160e+02
1.5632350159e+02
1.5706011963e+02
1.5614205933e+02
1.5743766785e+02
1.5743766785e+02
1.5614205933e+02
1.5706011963e+02
1.5632350159e+02
8.5129974365e+01
8.5195144653e+01
8.5776794434e+01
8.3447021484e+01
8.3447021484e+01
8.5776794434e+01
8.5195144653e+01
8.5129974365e+01
1.4326290131e+01
1.4679095268e+01
1.3397953033e+01
1.6310655594e+01
1.6310655594e+01
1.3397953033e+01
1.4679095268e+01
1.4326290131e+01
-5.6685607910e+01
-5.8199718475e+01
-5.5548107147e+01
-5.9143306732e+01
-5.9143306732e+01
-5.5548107147e+01
-5.8199718475e+01
-5.6685607910e+01
-1.2779313660e+02
-1.2807246399e+02
-1.2861219788e+02
-1.2647864532e+02
-1.2647864532e+02
-1.2861219788e+02
-1.2807246399e+02
-1.2779313660e+02
-1.9817272949e+02
-2.0113325500e+02
-1.9783030701e+02
-2.0017625427e+02
-2.0017625427e+02
-1.9783030701e+02
-2.0113325500e+02
-1.9817272949e+02
-2.6916714478e+02
-2.7255624390e+02
-2.6889913940e+02
-2.7096951294e+02
-2.7096951294e+02
-2.6889913940e+02
-2.7255624390e+02
-2.6916714478e+02
-3.4116098022e+02
-3.4262414551e+02
-3.4169427490e+02
-3.4051046753e+02
-3.4051046753e+02
-3.4169427490e+02
-3.4262414551e+02
-3.4116098022e+02
-4.1203323364e+02
-4.1574810791e+02
-4.1074975586e+02
-4.1499481201e+02
-4.1499481201e+02
-4.1074975586e+02
-4.1574810791e+02
-4.1203323364e+02
-4.8407272339e+02
-4.8631588745e+02
-4.8422091675e+02
-4.8283612061e+02
-4.8283612061e+02
-4.8422091675e+02
-4.8631588745e+02
-4.8407272339e+02
-5.5471582031e+02
-5.5879675293e+02
-5.5407873535e+02
-5.5792248535e+02
-5.5792248535e+02
-5.5407873535e+02
-5.5879675293e+02
-5.5471582031e+02
-6.2698461914e+02
-6.3051000977e+02
-6.2645758057e+02
-6.2744158936e+02
-6.2744158936e+02
-6.2645758057e+02
-6.3051000977e+02
-6.2698461914e+02
1.5425697327e+02
1.5378285217e+02
1.5446188354e+02
1.5332135010e+02
1.5332135010e+02
1.5446188354e+02
1.5378285217e+02
1.5425697327e+02
8.3547477722e+01
8.3586654663e+01
8.3036643982e+01
8.5105766296e+01
8.5105766296e+01
8.3036643982e+01
8.3586654663e+01
8.3547477722e+01
1.2521593094e+01
1.2223223686e+01
1.3256674767e+01
1.0782649994e+01
1.0782649994e+01
1.3256674767e+01
1.2223223686e+01
1.2521593094e+01
-5.8105617523e+01
-5.6931495667e+01
-5.9180263519e+01
-5.6016590118e+01
-5.6016590118e+01
-5.9180263519e+01
-5.6931495667e+01
-5.8105617523e+01
-1.2888017273e+02
-1.2873486328e+02
-1.2833946228e+02
-1.3009945679e+02
-1.3009945679e+02
-1.2833946228e+02
-1.2873486328e+02
-1.2888017273e+02
-2.0022016907e+02
-1.9779666138e+02
-2.0067044067e+02
-1.9847560120e+02
-1.9847560120e+02
-2.0067044067e+02
-1.9779666138e+02
-2.0022016907e+02
-2.7114797974e+02
-2.6842248535e+02
-2.7154516602e+02
-2.6976025391e+02
-2.6976025391e+02
-2.7154516602e+02
-2.6842248535e+02
-2.7114797974e+02
-3.4130505371e+02
-3.4037600708e+02
-3.4119155884e+02
-3.4188629150e+02
-3.4188629150e+02
-3.4119155884e+02
-3.4037600708e+02
-3.4130505371e+02
-4.1261175537e+02
-4.0990472412e+02
-4.1401260376e+02
-4.1034762573e+02
-4.1034762573e+02
-4.1401260376e+02
-4.0990472412e+02
-4.1261175537e+02
-4.8322293091e+02
-4.8184652710e+02
-4.8353378296e+02
-4.8440289307e+02
-4.8440289307e+02
-4.8353378296e+02
-4.8184652710e+02
-4.8322293091e+02
-5.5510913086e+02
-5.5226110840e+02
-5.5617230225e+02
-5.5274975586e+02
-5.5274975586e+02
-5.5617230225e+02
-5.5226110840e+02
-5.5510913086e+02
-6.2622290039e+02
-6.2385192871e+02
-6.2713641357e+02
-6.2604754639e+02
-6.2604754639e+02
-6.2713641357e+02
-6.2385192871e+02
-6.2622290039e+02
1.4898175049e+02
1.4928863525e+02
1.4884384155e+02
1.4981752014e+02
1.4981752014e+02
1.4884384155e+02
1.4928863525e+02
1.4898175049e+02
7.9041938782e+01
7.8946830750e+01
7.9496772766e+01
7.7627639771e+01
7.7627639771e+01
7.9496772766e+01
7.8946830750e+01
7.9041938782e+01
9.6133422852e+00
9.8380661011e+00
9.0275049210e+00
1.1116024971e+01
1.1116024971e+01
9.0275049210e+00
9.8380661011e+00
9.6133422852e+00
-6.0327098846e+01
-6.1296936035e+01
-5.9400321960e+01
-6.2209682465e+01
-6.2209682465e+01
-5.9400321960e+01
-6.1296936035e+01
-6.0327098846e+01
-1.2990391541e+02
-1.3005836487e+02
-1.3036737061e+02
-1.2892845154e+02
-1.2892845154e+02
-1.3036737061e+02
-1.3005836487e+02
-1.2990391541e+02
-1.9916697693e+02
-2.0129124451e+02
-1.9883152771e+02
-2.0090495300e+02
-2.0090495300e+02
-1.9883152771e+02
-2.0129124451e+02
-1.9916697693e+02
-2.6884756470e+02
-2.7121713257e+02
-2.6860763550e+02
-2.7016665649e+02
-2.7016665649e+02
-2.6860763550e+02
-2.7121713257e+02
-2.6884756470e+02
-3.3937133789e+02
-3.4011584473e+02
-3.3949377441e+02
-3.3919000244e+02
-3.3919000244e+02
-3.3949377441e+02
-3.4011584473e+02
-3.3937133789e+02
-4.0910745239e+02
-4.1129101562e+02
-4.0803546143e+02
-4.1120339966e+02
-4.1120339966e+02
-4.0803546143e+02
-4.1129101562e+02
-4.0910745239e+02
-4.7955050659e+02
-4.8058712769e+02
-4.7937564087e+02
-4.7891842651e+02
-4.7891842651e+02
-4.7937564087e+02
-4.8058712769e+02
-4.7955050659e+02
-5.4941339111e+02
-5.5167053223e+02
-5.4859753418e+02
-5.5164398193e+02
-5.5164398193e+02
-5.4859753418e+02
-5.5167053223e+02
-5.4941339111e+02
-6.2002081299e+02
-6.2189239502e+02
-6.1940277100e+02
-6.2055187988e+02
-6.2055187988e+02
-6.1940277100e+02
-6.2189239502e+02
-6.2002081299e+02
1.4113189697e+02
1.4101501465e+02
1.4125198364e+02
1.4045921326e+02
1.4045921326e+02
1.4125198364e+02
1.4101501465e+02
1.4113189697e+02
7.2882110596e+01
7.3057395935e+01
7.2494171143e+01
7.4218025208e+01
7.4218025208e+01
7.2494171143e+01
7.3057395935e+01
7.2882110596e+01
4.1077327728e+00
3.9575948715e+00
4.5452933311e+00
2.7953853607e+00
2.7953853607e+00
4.5452933311e+00
3.9575948715e+00
4.1077327728e+00
-6.3904609680e+01
-6.3117076874e+01
-6.4773200989e+01
-6.2271495819e+01
-6.2271495819e+01
-6.4773200989e+01
-6.3117076874e+01
-6.3904609680e+01
-1.3248199463e+02
-1.3236372375e+02
-1.3220861816e+02
-1.3340220642e+02
-1.3340220642e+02
-1.3220861816e+02
-1.3236372375e+02
-1.3248199463e+02
-2.0123393250e+02
-1.9944607544e+02
-2.0166053772e+02
-1.9973916626e+02
-1.9973916626e+02
-2.0166053772e+02
-1.9944607544e+02
-2.0123393250e+02
-2.6975753784e+02
-2.6779345703e+02
-2.7010995483e+02
-2.6879809570e+02
-2.6879809570e+02
-2.7010995483e+02
-2.6779345703e+02
-2.6975753784e+02
-3.3766189575e+02
-3.3719003296e+02
-3.3780844116e+02
-3.3788681030e+02
-3.3788681030e+02
-3.3780844116e+02
-3.3719003296e+02
-3.3766189575e+02
-4.0638970947e+02
-4.0478298950e+02
-4.0752560425e+02
-4.0488717651e+02
-4.0488717651e+02
-4.0752560425e+02
-4.0478298950e+02
-4.0638970947e+02
-4.7489865112e+02
-4.7431176758e+02
-4.7535006714e+02
-4.7560488892e+02
-4.7560488892e+02
-4.7535006714e+02
-4.7431176758e+02
-4.7489865112e+02
-5.4392871094e+02
-5.4235986328e+02
-5.4497564697e+02
-5.4240283203e+02
-5.4240283203e+02
-5.4497564697e+02
-5.4235986328e+02
-5.4392871094e+02
-6.1290686035e+02
-6.1168511963e+02
-6.1378485107e+02
-6.1275244141e+02
-6.1275244141e+02
-6.1378485107e+02
-6.1168511963e+02
-6.1290686035e+02
1.3051763916e+02
1.3051531982e+02
1.3049864197e+02
1.3111065674e+02
1.3111065674e+02
1.3049864197e+02
1.3051531982e+02
1.3051763916e+02
6.3749584198e+01
6.3535671234e+01
6.4155639648e+01
6.2537822723e+01
6.2537822723e+01
6.4155639648e+01
6.3535671234e+01
6.3749584198e+01
-2.1688892841e+00
-2.1015033722e+00
-2.4644088745e+00
-1.0236344337e+00
-1.0236344337e+00
-2.4644088745e+00
-2.1015033722e+00
-2.1688892841e+00
-6.9012535095e+01
-6.9712028503e+01
-6.8243682861e+01
-7.0508644104e+01
-7.0508644104e+01
-6.8243682861e+01
-6.9712028503e+01
-6.9012535095e+01
-1.3507524109e+02
-1.3526437378e+02
-1.3529655457e+02
-1.3434335327e+02
-1.3434335327e+02
-1.3529655457e+02
-1.3526437378e+02
-1.3507524109e+02
-2.0116012573e+02
-2.0279762268e+02
-2.0082031250e+02
-2.0264907837e+02
-2.0264907837e+02
-2.0082031250e+02
-2.0279762268e+02
-2.0116012573e+02
-2.6747799683e+02
-2.6927685547e+02
-2.6725109863e+02
-2.6841018677e+02
-2.6841018677e+02
-2.6725109863e+02
-2.6927685547e+02
-2.6747799683e+02
-3.3447869873e+02
-3.3494995117e+02
-3.3440490723e+02
-3.3455725098e+02
-3.3455725098e+02
-3.3440490723e+02
-3.3494995117e+02
-3.3447869873e+02
-4.0099194336e+02
-4.0239334106e+02
-4.0016046143e+02
-4.0241638184e+02
-4.0241638184e+02
-4.0016046143e+02
-4.0239334106e+02
-4.0099194336e+02
-4.6772253418e+02
-4.6826409912e+02
-4.6747598267e+02
-4.6745095825e+02
-4.6745095825e+02
-4.6747598267e+02
-4.6826409912e+02
-4.6772253418e+02
-5.3457275391e+02
-5.3594903564e+02
-5.3385064697e+02
-5.3609716797e+02
-5.3609716797e+02
-5.3385064697e+02
-5.3594903564e+02
-5.3457275391e+02
-6.0151940918e+02
-6.0262036133e+02
-6.0098962402e+02
-6.0199914551e+02
-6.0199914551e+02
-6.0098962402e+02
-6.0262036133e+02
-6.0151940918e+02
1.1684026337e+02
1.1703476715e+02
1.1684770966e+02
1.1642671967e+02
1.1642671967e+02
1.1684770966e+02
1.1703476715e+02
1.1684026337e+02
5.3122497559e+01
5.3451721191e+01
5.2768463135e+01
5.4326992035e+01
5.4326992035e+01
5.2768463135e+01
5.3451721191e+01
5.3122497559e+01
-1.1554679871e+01
-1.1497053146e+01
-1.1357318878e+01
-1.2506376266e+01
-1.2506376266e+01
-1.1357318878e+01
-1.1497053146e+01
-1.1554679871e+01
-7.4943168640e+01
-7.4290275574e+01
-7.5655708313e+01
-7.3576431274e+01
-7.3576431274e+01
-7.5655708313e+01
-7.4290275574e+01
-7.4943168640e+01
-1.3927522278e+02
-1.3903411865e+02
-1.3918505859e+02
-1.3992808533e+02
-1.3992808533e+02
-1.3918505859e+02
-1.3903411865e+02
-1.3927522278e+02
-2.0346397400e+02
-2.0199971008e+02
-2.0387617493e+02
-2.0214019775e+02
-2.0214019775e+02
-2.0387617493e+02
-2.0199971008e+02
-2.0346397400e+02
-2.6755978394e+02
-2.6597360229e+02
-2.6788623047e+02
-2.6687109375e+02
-2.6687109375e+02
-2.6788623047e+02
-2.6597360229e+02
-2.6755978394e+02
-3.3115859985e+02
-3.3078189087e+02
-3.3142111206e+02
-3.3112170410e+02
-3.3112170410e+02
-3.3142111206e+02
-3.3078189087e+02
-3.3115859985e+02
-3.9527029419e+02
-3.9416281128e+02
-3.9616442871e+02
-3.9427908325e+02
-3.9427908325e+02
-3.9616442871e+02
-3.9416281128e+02
-3.9527029419e+02
-4.5961004639e+02
-4.5926571655e+02
-4.6006805420e+02
-4.5997546387e+02
-4.5997546387e+02
-4.6006805420e+02
-4.5926571655e+02
-4.5961004639e+02
-5.2375531006e+02
-5.2273535156e+02
-5.2464855957e+02
-5.2276104736e+02
-5.2276104736e+02
-5.2464855957e+02
-5.2273535156e+02
-5.2375531006e+02
-5.8843872070e+02
-5.8767864990e+02
-5.8919287109e+02
-5.8829663086e+02
-5.8829663086e+02
-5.8919287109e+02
-5.8767864990e+02
-5.8843872070e+02
1.0098372650e+02
1.0065656281e+02
1.0109133911e+02
1.0133335114e+02
1.0133335114e+02
1.0109133911e+02
1.0065656281e+02
1.0098372650e+02
3.9253711700e+01
3.8859050751e+01
3.9680717468e+01
3.8164665222e+01
3.8164665222e+01
3.9680717468e+01
3.8859050751e+01
3.9253711700e+01
-2.0996030807e+01
-2.1164043427e+01
-2.1034231186e+01
-2.0149120331e+01
-2.0149120331e+01
-2.1034231186e+01
-2.1164043427e+01
-2.0996030807e+01
-8.2760406494e+01
-8.3418006897e+01
-8.2077552795e+01
-8.4018951416e+01
-8.4018951416e+01
-8.2077552795e+01
-8.3418006897e+01
-8.2760406494e+01
-1.4334127808e+02
-1.4370402527e+02
-1.4335728455e+02
-1.4282687378e+02
-1.4282687378e+02
-1.4335728455e+02
-1.4370402527e+02
-1.4334127808e+02
-2.0417196655e+02
-2.0559986877e+02
-2.0379141235e+02
-2.0548703003e+02
-2.0548703003e+02
-2.0379141235e+02
-2.0559986877e+02
-2.0417196655e+02
-2.6508206177e+02
-2.6663681030e+02
-2.6481802368e+02
-2.6577258301e+02
-2.6577258301e+02
-2.6481802368e+02
-2.6663681030e+02
-2.6508206177e+02
-3.2651916504e+02
-3.2700988770e+02
-3.2631317139e+02
-3.2679425049e+02
-3.2679425049e+02
-3.2631317139e+02
-3.2700988770e+02
-3.2651916504e+02
-3.8770980835e+02
-3.8880841064e+02
-3.8703631592e+02
-3.8869235229e+02
-3.8869235229e+02
-3.8703631592e+02
-3.8880841064e+02
-3.8770980835e+02
-4.4864718628e+02
-4.4911138916e+02
-4.4835784912e+02
-4.4863473511e+02
-4.4863473511e+02
-4.4835784912e+02
-4.4911138916e+02
-4.4864718628e+02
-5.1038037109e+02
-5.1143771362e+02
-5.0977304077e+02
-5.1146206665e+02
-5.1146206665e+02
-5.0977304077e+02
-5.1143771362e+02
-5.1038037109e+02
-5.7152813721e+02
-5.7239105225e+02
-5.7109100342e+02
-5.7200311279e+02
-5.7200311279e+02
-5.7109100342e+02
-5.7239105225e+02
-5.7152813721e+02
8.1531936646e+01
8.2124755859e+01
8.1448219299e+01
8.1391204834e+01
8.1391204834e+01
8.1448219299e+01
8.2124755859e+01
8.1531936646e+01
2.4466913223e+01
2.5076904297e+01
2.4117229462e+01
2.5631130219e+01
2.5631130219e+01
2.4117229462e+01
2.5076904297e+01
2.4466913223e+01
-3.4343742371e+01
-3.3952983856e+01
-3.4344448090e+01
-3.4966316223e+01
-3.4966316223e+01
-3.4344448090e+01
-3.3952983856e+01
-3.4343742371e+01
-9.1121299744e+01
-9.0358451843e+01
-9.1731101990e+01
-8.9878280640e+01
-8.9878280640e+01
-9.1731101990e+01
-9.0358451843e+01
-9.1121299744e+01
-1.4917243958e+02
-1.4863859558e+02
-1.4922596741e+02
-1.4955104065e+02
-1.4955104065e+02
-1.4922596741e+02
-1.4863859558e+02
-1.4917243958e+02
-2.0686271667e+02
-2.0543185425e+02
-2.0727702332e+02
-2.0560974121e+02
-2.0560974121e+02
-2.0727702332e+02
-2.0543185425e+02
-2.0686271667e+02
-2.6454086304e+02
-2.6300747681e+02
-2.6487075806e+02
-2.6396096802e+02
-2.6396096802e+02
-2.6487075806e+02
-2.6300747681e+02
-2.6454086304e+02
-3.2181646729e+02
-3.2124932861e+02
-3.2214251709e+02
-3.2152536011e+02
-3.2152536011e+02
-3.2214251709e+02
-3.2124932861e+02
-3.2181646729e+02
-3.7934048462e+02
-3.7829968262e+02
-3.8006311035e+02
-3.7861859131e+02
-3.7861859131e+02
-3.8006311035e+02
-3.7829968262e+02
-3.7934048462e+02
-4.3746752930e+02
-4.3699401855e+02
-4.3791952515e+02
-4.3752957153e+02
-4.3752957153e+02
-4.3791952515e+02
-4.3699401855e+02
-4.3746752930e+02
-4.9462664795e+02
-4.9366839600e+02
-4.9536569214e+02
-4.9389538574e+02
-4.9389538574e+02
-4.9536569214e+02
-4.9366839600e+02
-4.9462664795e+02
-5.5302874756e+02
-5.5226959229e+02
-5.5366259766e+02
-5.5280157471e+02
-5.5280157471e+02
-5.5366259766e+02
-5.5226959229e+02
-5.5302874756e+02
6.0953311920e+01
6.0140674591e+01
6.1141918182e+01
6.1051967621e+01
6.1051967621e+01
6.1141918182e+01
6.0140674591e+01
6.0953311920e+01
5.9302735329e+00
5.1608724594e+00
6.3789663315e+00
4.8870077133e+00
4.8870077133e+00
6.3789663315e+00
5.1608724594e+00
5.9302735329e+00
-4.6514812469e+01
-4.7094867706e+01
-4.6334907532e+01
-4.5922332764e+01
-4.5922332764e+01
-4.6334907532e+01
-4.7094867706e+01
-4.6514812469e+01
-1.0128247070e+02
-1.0216663361e+02
-1.0063462067e+02
-1.0239967346e+02
-1.0239967346e+02
-1.0063462067e+02
-1.0216663361e+02
-1.0128247070e+02
-1.5453564453e+02
-1.5527830505e+02
-1.5437322998e+02
-1.5422566223e+02
-1.5422566223e+02
-1.5437322998e+02
-1.5527830505e+02
-1.5453564453e+02
-2.0813604736e+02
-2.0966543579e+02
-2.0769647217e+02
-2.0934629822e+02
-2.0934629822e+02
-2.0769647217e+02
-2.0966543579e+02
-2.0813604736e+02
-2.6169158936e+02
-2.6333694458e+02
-2.6135913086e+02
-2.6225848389e+02
-2.6225848389e+02
-2.6135913086e+02
-2.6333694458e+02
-2.6169158936e+02
-3.1561911011e+02
-3.1641998291e+02
-3.1530541992e+02
-3.1606774902e+02
-3.1606774902e+02
-3.1530541992e+02
-3.1641998291e+02
-3.1561911011e+02
-3.6945724487e+02
-3.7065768433e+02
-3.6886288452e+02
-3.7018231201e+02
-3.7018231201e+02
-3.6886288452e+02
-3.7065768433e+02
-3.6945724487e+02
-4.2264743042e+02
-4.2338162231e+02
-4.2229910278e+02
-4.2284518433e+02
-4.2284518433e+02
-4.2229910278e+02
-4.2338162231e+02
-4.2264743042e+02
-4.7737597656e+02
-4.7855416870e+02
-4.7685635376e+02
-4.7822473145e+02
-4.7822473145e+02
-4.7685635376e+02
-4.7855416870e+02
-4.7737597656e+02
-5.3056274414e+02
-5.3160095215e+02
-5.3019421387e+02
-5.3110711670e+02
-5.3110711670e+02
-5.3019421387e+02
-5.3160095215e+02
-5.3056274414e+02
3.5814262390e+01
3.7057132721e+01
3.5723125458e+01
3.5938323975e+01
3.5938323975e+01
3.5723125458e+01
3.7057132721e+01
3.5814262390e+01
-1.2422248840e+01
-1.1240337372e+01
-1.2711892128e+01
-1.1228921890e+01
-1.1228921890e+01
-1.2711892128e+01
-1.1240337372e+01
-1.2422248840e+01
-6.3786540985e+01
-6.2798072815e+01
-6.3913726807e+01
-6.4130889893e+01
-6.4130889893e+01
-6.3913726807e+01
-6.2798072815e+01
-6.3786540985e+01
-1.1215388489e+02
-1.1094664001e+02
-1.1267452240e+02
-1.1097477722e+02
-1.1097477722e+02
-1.1267452240e+02
-1.1094664001e+02
-1.1215388489e+02
-1.6197631836e+02
-1.6086428833e+02
-1.6211883545e+02
-1.6210801697e+02
-1.6210801697e+02
-1.6211883545e+02
-1.6086428833e+02
-1.6197631836e+02
-2.1134419250e+02
-2.0956652832e+02
-2.1173904419e+02
-2.1011332703e+02
-2.1011332703e+02
-2.1173904419e+02
-2.0956652832e+02
-2.1134419250e+02
-2.6074667358e+02
-2.5886804199e+02
-2.6106698608e+02
-2.6018667603e+02
-2.6018667603e+02
-2.6106698608e+02
-2.5886804199e+02
-2.6074667358e+02
-3.0983020020e+02
-3.0871917725e+02
-3.1016757202e+02
-3.0931002808e+02
-3.0931002808e+02
-3.1016757202e+02
-3.0871917725e+02
-3.0983020020e+02
-3.5896917725e+02
-3.5755206299e+02
-3.5955087280e+02
-3.5836795044e+02
-3.5836795044e+02
-3.5955087280e+02
-3.5755206299e+02
-3.5896917725e+02
-4.0894180298e+02
-4.0794488525e+02
-4.0936404419e+02
-4.0873699951e+02
-4.0873699951e+02
-4.0936404419e+02
-4.0794488525e+02
-4.0894180298e+02
-4.5706039429e+02
-4.5569421387e+02
-4.5762570190e+02
-4.5640539551e+02
-4.5640539551e+02
-4.5762570190e+02
-4.5569421387e+02
-4.5706039429e+02
-5.0751211548e+02
-5.0632049561e+02
-5.0801214600e+02
-5.0713375854e+02
-5.0713375854e+02
-5.0801214600e+02
-5.0632049561e+02
-5.0751211548e+02
1.1589413643e+01
9.9241180420e+00
1.1715751648e+01
1.1477884293e+01
1.1477884293e+01
1.1715751648e+01
9.9241180420e+00
1.1589413643e+01
-3.5471645355e+01
-3.7035537720e+01
-3.5140777588e+01
-3.6521564484e+01
-3.6521564484e+01
-3.5140777588e+01
-3.7035537720e+01
-3.5471645355e+01
-7.8084373474e+01
-7.9463348389e+01
-7.7817192078e+01
-7.7669136047e+01
-7.7669136047e+01
-7.7817192078e+01
-7.9463348389e+01
-7.8084373474e+01
-1.2398770142e+02
-1.2553271484e+02
-1.2341521454e+02
-1.2495861053e+02
-1.2495861053e+02
-1.2341521454e+02
-1.2553271484e+02
-1.2398770142e+02
-1.6827754211e+02
-1.6979469299e+02
-1.6803224182e+02
-1.6808874512e+02
-1.6808874512e+02
-1.6803224182e+02
-1.6979469299e+02
-1.6827754211e+02
-2.1288204956e+02
-2.1499400330e+02
-2.1245405579e+02
-2.1397203064e+02
-2.1397203064e+02
-2.1245405579e+02
-2.1499400330e+02
-2.1288204956e+02
-2.5732540894e+02
-2.5955566406e+02
-2.5698931885e+02
-2.5778253174e+02
-2.5778253174e+02
-2.5698931885e+02
-2.5955566406e+02
-2.5732540894e+02
-3.0197229004e+02
-3.0353170776e+02
-3.0164013672e+02
-3.0251428223e+02
-3.0251428223e+02
-3.0164013672e+02
-3.0353170776e+02
-3.0197229004e+02
-3.4659799194e+02
-3.4841775513e+02
-3.4610620117e+02
-3.4712930298e+02
-3.4712930298e+02
-3.4610620117e+02
-3.4841775513e+02
-3.4659799194e+02
-3.9036697388e+02
-3.9184854126e+02
-3.9003442383e+02
-3.9070001221e+02
-3.9070001221e+02
-3.9003442383e+02
-3.9184854126e+02
-3.9036697388e+02
-4.3649215698e+02
-4.3832730103e+02
-4.3613705444e+02
-4.3722778320e+02
-4.3722778320e+02
-4.3613705444e+02
-4.3832730103e+02
-4.3649215698e+02
-4.7954721069e+02
-4.8124191284e+02
-4.7929507446e+02
-4.8015716553e+02
-4.8015716553e+02
-4.7929507446e+02
-4.8124191284e+02
-4.7954721069e+02
-1.9433294296e+01
-1.7002771378e+01
-1.9252328873e+01
-1.9082527161e+01
-1.9082527161e+01
-1.9252328873e+01
-1.7002771378e+01
-1.9433294296e+01
-5.6505485535e+01
-5.4129600525e+01
-5.6408370972e+01
-5.5180438995e+01
-5.5180438995e+01
-5.6408370972e+01
-5.4129600525e+01
-5.6505485535e+01
-9.9063713074e+01
-9.6883628845e+01
-9.9011817932e+01
-9.9160247803e+01
-9.9160247803e+01
-9.9011817932e+01
-9.6883628845e+01
-9.9063713074e+01
-1.3763163757e+02
-1.3535862732e+02
-1.3785923767e+02
-1.3651849365e+02
-1.3651849365e+02
-1.3785923767e+02
-1.3535862732e+02
-1.3763163757e+02
-1.7749096680e+02
-1.7521138000e+02
-1.7747787476e+02
-1.7745687866e+02
-1.7745687866e+02
-1.7747787476e+02
-1.7521138000e+02
-1.7749096680e+02
-2.1689996338e+02
-2.1410403442e+02
-2.1704656982e+02
-2.1571093750e+02
-2.1571093750e+02
-2.1704656982e+02
-2.1410403442e+02
-2.1689996338e+02
-2.5638241577e+02
-2.5347528076e+02
-2.5646484375e+02
-2.5584007263e+02
-2.5584007263e+02
-2.5646484375e+02
-2.5347528076e+02
-2.5638241577e+02
-2.9563961792e+02
-2.9334713745e+02
-2.9574453735e+02
-2.9496130371e+02
-2.9496130371e+02
-2.9574453735e+02
-2.9334713745e+02
-2.9563961792e+02
-3.3482626343e+02
-3.3234039307e+02
-3.3506912231e+02
-3.3429016113e+02
-3.3429016113e+02
-3.3506912231e+02
-3.3234039307e+02
-3.3482626343e+02
-3.7481042480e+02
-3.7262649536e+02
-3.7494674683e+02
-3.7436898804e+02
-3.7436898804e+02
-3.7494674683e+02
-3.7262649536e+02
-3.7481042480e+02
-4.1204327393e+02
-4.0956463623e+02
-4.1217364502e+02
-4.1132574463e+02
-4.1132574463e+02
-4.1217364502e+02
-4.0956463623e+02
-4.1204327393e+02
-4.5343435669e+02
-4.5119329834e+02
-4.5361856079e+02
-4.5292663574e+02
-4.5292663574e+02
-4.5361856079e+02
-4.5119329834e+02
-4.5343435669e+02
-4.5061180115e+01
-4.8424140930e+01
-4.5665962219e+01
-4.5598094940e+01
-4.5598094940e+01
-4.5665962219e+01
-4.8424140930e+01
-4.5061180115e+01
-8.3626144409e+01
-8.6966133118e+01
-8.4213485718e+01
-8.5127647400e+01
-8.5127647400e+01
-8.4213485718e+01
-8.6966133118e+01
-8.3626144409e+01
-1.1468445587e+02
-1.1783935547e+02
-1.1512088776e+02
-1.1477513885e+02
-1.1477513885e+02
-1.1512088776e+02
-1.1783935547e+02
-1.1468445587e+02
-1.4977651978e+02
-1.5297148132e+02
-1.4995370483e+02
-1.5090905762e+02
-1.5090905762e+02
-1.4995370483e+02
-1.5297148132e+02
-1.4977651978e+02
-1.8361619568e+02
-1.8687001038e+02
-1.8398344421e+02
-1.8376194763e+02
-1.8376194763e+02
-1.8398344421e+02
-1.8687001038e+02
-1.8361619568e+02
-2.1771562195e+02
-2.2145182800e+02
-2.1798513794e+02
-2.1894943237e+02
-2.1894943237e+02
-2.1798513794e+02
-2.2145182800e+02
-2.1771562195e+02
-2.5158070374e+02
-2.5544709778e+02
-2.5192857361e+02
-2.5220359802e+02
-2.5220359802e+02
-2.5192857361e+02
-2.5544709778e+02
-2.5158070374e+02
-2.8549938965e+02
-2.8881863403e+02
-2.8583969116e+02
-2.8635092163e+02
-2.8635092163e+02
-2.8583969116e+02
-2.8881863403e+02
-2.8549938965e+02
-3.1943334961e+02
-3.2291445923e+02
-3.1970425415e+02
-3.2010009766e+02
-3.2010009766e+02
-3.1970425415e+02
-3.2291445923e+02
-3.1943334961e+02
-3.5262585449e+02
-3.5587301636e+02
-3.5303128052e+02
-3.5338375854e+02
-3.5338375854e+02
-3.5303128052e+02
-3.5587301636e+02
-3.5262585449e+02
-3.8881594849e+02
-3.9233612061e+02
-3.8933206177e+02
-3.8985021973e+02
-3.8985021973e+02
-3.8933206177e+02
-3.9233612061e+02
-3.8881594849e+02
-4.1947842407e+02
-4.2271902466e+02
-4.1987945557e+02
-4.2031484985e+02
-4.2031484985e+02
-4.1987945557e+02
-4.2271902466e+02
-4.1947842407e+02
-8.3777473450e+01
-7.8785400391e+01
-8.1732009888e+01
-8.2077857971e+01
-8.2077857971e+01
-8.1732009888e+01
-7.8785400391e+01
-8.3777473450e+01
-1.0698707581e+02
-1.0183267212e+02
-1.0465618896e+02
-1.0403991699e+02
-1.0403991699e+02
-1.0465618896e+02
-1.0183267212e+02
-1.0698707581e+02
-1.3948731995e+02
-1.3446101379e+02
-1.3733189392e+02
-1.3786502075e+02
-1.3786502075e+02
-1.3733189392e+02
-1.3446101379e+02
-1.3948731995e+02
-1.6772157288e+02
-1.6270030212e+02
-1.6582257080e+02
-1.6522770691e+02
-1.6522770691e+02
-1.6582257080e+02
-1.6270030212e+02
-1.6772157288e+02
-1.9657003784e+02
-1.9144781494e+02
-1.9454339600e+02
-1.9501490784e+02
-1.9501490784e+02
-1.9454339600e+02
-1.9144781494e+02
-1.9657003784e+02
-2.2484561157e+02
-2.1926802063e+02
-2.2287486267e+02
-2.2228807068e+02
-2.2228807068e+02
-2.2287486267e+02
-2.1926802063e+02
-2.2484561157e+02
-2.5304064941e+02
-2.4733276367e+02
-2.5101031494e+02
-2.5110115051e+02
-2.5110115051e+02
-2.5101031494e+02
-2.4733276367e+02
-2.5304064941e+02
-2.8094644165e+02
-2.7576251221e+02
-2.7896179199e+02
-2.7875283813e+02
-2.7875283813e+02
-2.7896179199e+02
-2.7576251221e+02
-2.8094644165e+02
-3.0858508301e+02
-3.0330258179e+02
-3.0666580200e+02
-3.0666897583e+02
-3.0666897583e+02
-3.0666580200e+02
-3.0330258179e+02
-3.0858508301e+02
-3.3663183594e+02
-3.3157238770e+02
-3.3462112427e+02
-3.3453771973e+02
-3.3453771973e+02
-3.3462112427e+02
-3.3157238770e+02
-3.3663183594e+02
-3.6155236816e+02
-3.5632421875e+02
-3.5947708130e+02
-3.5934027100e+02
-3.5934027100e+02
-3.5947708130e+02
-3.5632421875e+02
-3.6155236816e+02
-3.9356793213e+02
-3.8884289551e+02
-3.9196606445e+02
-3.9189828491e+02
-3.9189828491e+02
-3.9196606445e+02
-3.8884289551e+02
-3.9356793213e+02
-1.0448015594e+02
-1.1163474274e+02
-1.0912603760e+02
-1.0862001038e+02
-1.0862001038e+02
-1.0912603760e+02
-1.1163474274e+02
-1.0448015594e+02
-1.3546752930e+02
-1.4296307373e+02
-1.4066629028e+02
-1.4111827087e+02
-1.4111827087e+02
-1.4066629028e+02
-1.4296307373e+02
-1.3546752930e+02
-1.5418290710e+02
-1.6173098755e+02
-1.5933145142e+02
-1.5872782898e+02
-1.5872782898e+02
-1.5933145142e+02
-1.6173098755e+02
-1.5418290710e+02
-1.7608827209e+02
-1.8367295837e+02
-1.8108712769e+02
-1.8145661926e+02
-1.8145661926e+02
-1.8108712769e+02
-1.8367295837e+02
-1.7608827209e+02
-1.9747375488e+02
-2.0526310730e+02
-2.0263870239e+02
-2.0203776550e+02
-2.0203776550e+02
-2.0263870239e+02
-2.0526310730e+02
-1.9747375488e+02
-2.1939886475e+02
-2.2768400574e+02
-2.2463059998e+02
-2.2497683716e+02
-2.2497683716e+02
-2.2463059998e+02
-2.2768400574e+02
-2.1939886475e+02
-2.4154246521e+02
-2.4997842407e+02
-2.4685200500e+02
-2.4653485107e+02
-2.4653485107e+02
-2.4685200500e+02
-2.4997842407e+02
-2.4154246521e+02
-2.6406787109e+02
-2.7198034668e+02
-2.6928097534e+02
-2.6932958984e+02
-2.6932958984e+02
-2.6928097534e+02
-2.7198034668e+02
-2.6406787109e+02
-2.8688272095e+02
-2.9481616211e+02
-2.9200872803e+02
-2.9177075195e+02
-2.9177075195e+02
-2.9200872803e+02
-2.9481616211e+02
-2.8688272095e+02
-3.0931777954e+02
-3.1700753784e+02
-3.1446664429e+02
-3.1444232178e+02
-3.1444232178e+02
-3.1446664429e+02
-3.1700753784e+02
-3.0931777954e+02
-3.3422756958e+02
-3.4193417358e+02
-3.3933856201e+02
-3.3927340698e+02
-3.3927340698e+02
-3.3933856201e+02
-3.4193417358e+02
-3.3422756958e+02
-3.4984689331e+02
-3.5687994385e+02
-3.5418847656e+02
-3.5405078125e+02
-3.5405078125e+02
-3.5418847656e+02
-3.5687994385e+02
-3.4984689331e+02
-1.6223670959e+02
-1.5234884644e+02
-1.5319325256e+02
-1.5333255005e+02
-1.5333255005e+02
-1.5319325256e+02
-1.5234884644e+02
-1.6223670959e+02
-1.6644313049e+02
-1.5593518066e+02
-1.5640092468e+02
-1.5552531433e+02
-1.5552531433e+02
-1.5640092468e+02
-1.5593518066e+02
-1.6644313049e+02
-1.8526196289e+02
-1.7435612488e+02
-1.7484860229e+02
-1.7488800049e+02
-1.7488800049e+02
-1.7484860229e+02
-1.7435612488e+02
-1.8526196289e+02
-2.0252435303e+02
-1.9141999817e+02
-1.9195562744e+02
-1.9111698914e+02
-1.9111698914e+02
-1.9195562744e+02
-1.9141999817e+02
-2.0252435303e+02
-2.2016334534e+02
-2.0868257141e+02
-2.0924688721e+02
-2.0927415466e+02
-2.0927415466e+02
-2.0924688721e+02
-2.0868257141e+02
-2.2016334534e+02
-2.3700958252e+02
-2.2493572998e+02
-2.2581840515e+02
-2.2498725891e+02
-2.2498725891e+02
-2.2581840515e+02
-2.2493572998e+02
-2.3700958252e+02
-2.5303208923e+02
-2.4079811096e+02
-2.4175360107e+02
-2.4157633972e+02
-2.4157633972e+02
-2.4175360107e+02
-2.4079811096e+02
-2.5303208923e+02
-2.6814981079e+02
-2.5651287842e+02
-2.5712506104e+02
-2.5653170776e+02
-2.5653170776e+02
-2.5712506104e+02
-2.5651287842e+02
-2.6814981079e+02
-2.8276730347e+02
-2.7126043701e+02
-2.7199990845e+02
-2.7178283691e+02
-2.7178283691e+02
-2.7199990845e+02
-2.7126043701e+02
-2.8276730347e+02
-2.9778134155e+02
-2.8664733887e+02
-2.8724569702e+02
-2.8674298096e+02
-2.8674298096e+02
-2.8724569702e+02
-2.8664733887e+02
-2.9778134155e+02
-3.1151321411e+02
-3.0063549805e+02
-3.0137252808e+02
-3.0106195068e+02
-3.0106195068e+02
-3.0137252808e+02
-3.0063549805e+02
-3.1151321411e+02
-3.3641754150e+02
-3.2645272827e+02
-3.2751898193e+02
-3.2735540771e+02
-3.2735540771e+02
-3.2751898193e+02
-3.2645272827e+02
-3.3641754150e+02
-1.5204556274e+02
-1.6315036011e+02
-1.6463914490e+02
-1.6532325745e+02
-1.6532325745e+02
-1.6463914490e+02
-1.6315036011e+02
-1.5204556274e+02
-1.8072506714e+02
-1.9227729797e+02
-1.9411111450e+02
-1.9582588196e+02
-1.9582588196e+02
-1.9411111450e+02
-1.9227729797e+02
-1.8072506714e+02
-1.9417518616e+02
-2.0632934570e+02
-2.0819380188e+02
-2.0912730408e+02
-2.0912730408e+02
-2.0819380188e+02
-2.0632934570e+02
-1.9417518616e+02
-2.0619493103e+02
-2.1865213013e+02
-2.2062901306e+02
-2.2238439941e+02
-2.2238439941e+02
-2.2062901306e+02
-2.1865213013e+02
-2.0619493103e+02
-2.1636380005e+02
-2.2933137512e+02
-2.3134780884e+02
-2.3235076904e+02
-2.3235076904e+02
-2.3134780884e+02
-2.2933137512e+02
-2.1636380005e+02
-2.2590261841e+02
-2.3958311462e+02
-2.4143032837e+02
-2.4323754883e+02
-2.4323754883e+02
-2.4143032837e+02
-2.3958311462e+02
-2.2590261841e+02
-2.3534617615e+02
-2.4920207214e+02
-2.5100598145e+02
-2.5217944336e+02
-2.5217944336e+02
-2.5100598145e+02
-2.4920207214e+02
-2.3534617615e+02
-2.4475744629e+02
-2.5794720459e+02
-2.6002215576e+02
-2.6166900635e+02
-2.6166900635e+02
-2.6002215576e+02
-2.5794720459e+02
-2.4475744629e+02
-2.5340339661e+02
-2.6641128540e+02
-2.6834442139e+02
-2.6954324341e+02
-2.6954324341e+02
-2.6834442139e+02
-2.6641128540e+02
-2.5340339661e+02
-2.6040621948e+02
-2.7307910156e+02
-2.7508712769e+02
-2.7664703369e+02
-2.7664703369e+02
-2.7508712769e+02
-2.7307910156e+02
-2.6040621948e+02
-2.6670709229e+02
-2.7914025879e+02
-2.8101632690e+02
-2.8226422119e+02
-2.8226422119e+02
-2.8101632690e+02
-2.7914025879e+02
-2.6670709229e+02
-2.6171386719e+02
-2.7359399414e+02
-2.7515554810e+02
-2.7624417114e+02
-2.7624417114e+02
-2.7515554810e+02
-2.7359399414e+02
-2.6171386719e+02
-2.3402464294e+02
-2.2953706360e+02
-2.2941749573e+02
-2.2959272766e+02
-2.2959272766e+02
-2.2941749573e+02
-2.2953706360e+02
-2.3402464294e+02
-2.2497729492e+02
-2.2111149597e+02
-2.2119824219e+02
-2.2053750610e+02
-2.2053750610e+02
-2.2119824219e+02
-2.2111149597e+02
-2.2497729492e+02
-2.2464907837e+02
-2.2071345520e+02
-2.2105757141e+02
-2.2120996094e+02
-2.2120996094e+02
-2.2105757141e+02
-2.2071345520e+02
-2.2464907837e+02
-2.2621060181e+02
-2.2230836487e+02
-2.2263706970e+02
-2.2210513306e+02
-2.2210513306e+02
-2.2263706970e+02
-2.2230836487e+02
-2.2621060181e+02
-2.2982742310e+02
-2.2552096558e+02
-2.2581640625e+02
-2.2598574829e+02
-2.2598574829e+02
-2.2581640625e+02
-2.2552096558e+02
-2.2982742310e+02
-2.3457188416e+02
-2.2946987915e+02
-2.2978381348e+02
-2.2918833923e+02
-2.2918833923e+02
-2.2978381348e+02
-2.2946987915e+02
-2.3457188416e+02
-2.3915283203e+02
-2.3382759094e+02
-2.3410122681e+02
-2.3409463501e+02
-2.3409463501e+02
-2.3410122681e+02
-2.3382759094e+02
-2.3915283203e+02
-2.4316915894e+02
-2.3846470642e+02
-2.3844641113e+02
-2.3785494995e+02
-2.3785494995e+02
-2.3844641113e+02
-2.3846470642e+02
-2.4316915894e+02
-2.4730093384e+02
-2.4248838806e+02
-2.4245697021e+02
-2.4227598572e+02
-2.4227598572e+02
-2.4245697021e+02
-2.4248838806e+02
-2.4730093384e+02
-2.5160054016e+02
-2.4652836609e+02
-2.4614727783e+02
-2.4539376831e+02
-2.4539376831e+02
-2.4614727783e+02
-2.4652836609e+02
-2.5160054016e+02
-2.5461923218e+02
-2.4895111084e+02
-2.4827813721e+02
-2.4774372864e+02
-2.4774372864e+02
-2.4827813721e+02
-2.4895111084e+02
-2.5461923218e+02
-2.6171154785e+02
-2.5531457520e+02
-2.5430900574e+02
-2.5365606689e+02
-2.5365606689e+02
-2.5430900574e+02
-2.5531457520e+02
-2.6171154785e+02
