-3.4971588135e+01
-5.2773529053e+01
-2.7491222382e+01
7.2430739403e+00
-3.4025238037e+01
-5.0418354034e+01
-2.7624927521e+01
5.9928932190e+00
-3.3352237701e+01
-4.8521766663e+01
-2.6921916962e+01
5.6154885292e+00
-3.3109580994e+01
-4.7378803253e+01
-2.6679826736e+01
5.1005749702e+00
-3.2603420258e+01
-4.6789772034e+01
-2.6512807846e+01
4.7535333633e+00
-3.2366661072e+01
-4.6334529877e+01
-2.6447238922e+01
4.4508724213e+00
-3.2091270447e+01
-4.6071857452e+01
-2.6383558273e+01
4.2602009773e+00
-3.1937490463e+01
-4.5855548859e+01
-2.6344612122e+01
4.1170153618e+00
-3.1795557022e+01
-4.5720664978e+01
-2.6306804657e+01
4.0224509239e+00
-3.1713043213e+01
-4.5617397308e+01
-2.6283613205e+01
3.9592926502e+00
-3.1652347565e+01
-4.5558322906e+01
-2.6265335083e+01
3.9205257893e+00
-3.1626506805e+01
-4.5527339935e+01
-2.6257633209e+01
3.9025337696e+00
-3.1626506805e+01
-4.5527339935e+01
-2.6257633209e+01
3.9025337696e+00
-3.1652347565e+01
-4.5558322906e+01
-2.6265335083e+01
3.9205257893e+00
-3.1713043213e+01
-4.5617397308e+01
-2.6283613205e+01
3.9592926502e+00
-3.1795557022e+01
-4.5720664978e+01
-2.6306804657e+01
4.0224509239e+00
-3.1937490463e+01
-4.5855548859e+01
-2.6344612122e+01
4.1170153618e+00
-3.2091270447e+01
-4.6071857452e+01
-2.6383558273e+01
4.2602009773e+00
-3.2366661072e+01
-4.6334529877e+01
-2.6447238922e+01
4.4508724213e+00
-3.2603420258e+01
-4.6789772034e+01
-2.6512807846e+01
4.7535333633e+00
-3.3109580994e+01
-4.7378803253e+01
-2.6679826736e+01
5.1005749702e+00
-3.3352237701e+01
-4.8521766663e+01
-2.6921916962e+01
5.6154885292e+00
-3.4025238037e+01
-5.0418354034e+01
-2.7624927521e+01
5.9928932190e+00
-3.4971588135e+01
-5.2773529053e+01
-2.7491222382e+01
7.2430739403e+00
-8.5993843079e+01
-3.4992366791e+01
-5.5141944885e+00
2.4535171509e+01
-8.5061004639e+01
-3.4051971436e+01
-3.7745447159e+00
2.5023021698e+01
-8.5127113342e+01
-3.4322673798e+01
-3.7409167290e+00
2.4448074341e+01
-8.5038757324e+01
-3.4682929993e+01
-3.9127688408e+00
2.4070701599e+01
-8.5073501587e+01
-3.4952224731e+01
-4.1941537857e+00
2.3640722275e+01
-8.4992332458e+01
-3.5167579651e+01
-4.4365911484e+00
2.3319868088e+01
-8.4927391052e+01
-3.5303138733e+01
-4.6345777512e+00
2.3044254303e+01
-8.4840301514e+01
-3.5396148682e+01
-4.7833261490e+00
2.2842941284e+01
-8.4770919800e+01
-3.5451671600e+01
-4.8894915581e+00
2.2685955048e+01
-8.4710395813e+01
-3.5486152649e+01
-4.9631590843e+00
2.2579547882e+01
-8.4670860291e+01
-3.5504886627e+01
-5.0080599785e+00
2.2508914948e+01
-8.4649719238e+01
-3.5513339996e+01
-5.0299916267e+00
2.2475835800e+01
-8.4649719238e+01
-3.5513339996e+01
-5.0299916267e+00
2.2475835800e+01
-8.4670860291e+01
-3.5504886627e+01
-5.0080599785e+00
2.2508914948e+01
-8.4710395813e+01
-3.5486152649e+01
-4.9631590843e+00
2.2579547882e+01
-8.4770919800e+01
-3.5451671600e+01
-4.8894915581e+00
2.2685955048e+01
-8.4840301514e+01
-3.5396148682e+01
-4.7833261490e+00
2.2842941284e+01
-8.4927391052e+01
-3.5303138733e+01
-4.6345777512e+00
2.3044254303e+01
-8.4992332458e+01
-3.5167579651e+01
-4.4365911484e+00
2.3319868088e+01
-8.5073501587e+01
-3.4952224731e+01
-4.1941537857e+00
2.3640722275e+01
-8.5038757324e+01
-3.4682929993e+01
-3.9127688408e+00
2.4070701599e+01
-8.5127113342e+01
-3.4322673798e+01
-3.7409167290e+00
2.4448074341e+01
-8.5061004639e+01
-3.4051971436e+01
-3.7745447159e+00
2.5023021698e+01
-8.5993843079e+01
-3.4992366791e+01
-5.5141944885e+00
2.4535171509e+01
-1.1004090118e+02
-6.4817153931e+01
-9.6606320143e-01
6.6419937134e+01
-1.0956807709e+02
-6.1973194122e+01
1.6666651964e+00
6.7834625244e+01
-1.0960270691e+02
-6.0739994049e+01
2.8111946583e+00
6.8289245605e+01
-1.0988493347e+02
-6.0446182251e+01
3.0321466923e+00
6.8345146179e+01
-1.1022901917e+02
-6.0456989288e+01
3.0250475407e+00
6.8286193848e+01
-1.1056819916e+02
-6.0588329315e+01
2.9010894299e+00
6.8151573181e+01
-1.1083918762e+02
-6.0739151001e+01
2.7556042671e+00
6.8019020081e+01
-1.1105574799e+02
-6.0877193451e+01
2.6198906898e+00
6.7883300781e+01
-1.1121140289e+02
-6.0989116669e+01
2.5046124458e+00
6.7775756836e+01
-1.1132239532e+02
-6.1072170258e+01
2.4186942577e+00
6.7687408447e+01
-1.1139073944e+02
-6.1126487732e+01
2.3602890968e+00
6.7630561829e+01
-1.1142434692e+02
-6.1153335571e+01
2.3316833973e+00
6.7600547791e+01
-1.1142434692e+02
-6.1153335571e+01
2.3316833973e+00
6.7600547791e+01
-1.1139073944e+02
-6.1126487732e+01
2.3602890968e+00
6.7630561829e+01
-1.1132239532e+02
-6.1072170258e+01
2.4186942577e+00
6.7687408447e+01
-1.1121140289e+02
-6.0989116669e+01
2.5046124458e+00
6.7775756836e+01
-1.1105574799e+02
-6.0877193451e+01
2.6198906898e+00
6.7883300781e+01
-1.1083918762e+02
-6.0739151001e+01
2.7556042671e+00
6.8019020081e+01
-1.1056819916e+02
-6.0588329315e+01
2.9010894299e+00
6.8151573181e+01
-1.1022901917e+02
-6.0456989288e+01
3.0250475407e+00
6.8286193848e+01
-1.0988493347e+02
-6.0446182251e+01
3.0321466923e+00
6.8345146179e+01
-1.0960270691e+02
-6.0739994049e+01
2.8111946583e+00
6.8289245605e+01
-1.0956807709e+02
-6.1973194122e+01
1.6666651964e+00
6.7834625244e+01
-1.1004090118e+02
-6.4817153931e+01
-9.6606320143e-01
6.6419937134e+01
-1.5418453979e+02
-6.7184112549e+01
1.3752330780e+01
9.9335929871e+01
-1.5255006409e+02
-6.5459053040e+01
1.5475364685e+01
1.0014155579e+02
-1.5219038391e+02
-6.4688179016e+01
1.6274213791e+01
1.0025886536e+02
-1.5195779419e+02
-6.4405982971e+01
1.6601150513e+01
1.0035317230e+02
-1.5191860962e+02
-6.4361160278e+01
1.6661224365e+01
1.0026405334e+02
-1.5194062805e+02
-6.4416358948e+01
1.6620134354e+01
1.0018529510e+02
-1.5202478027e+02
-6.4514137268e+01
1.6540615082e+01
1.0007925415e+02
-1.5211622620e+02
-6.4620872498e+01
1.6450731277e+01
9.9994987488e+01
-1.5221054077e+02
-6.4718307495e+01
1.6369737625e+01
9.9914886475e+01
-1.5228584290e+02
-6.4797523499e+01
1.6302801132e+01
9.9857292175e+01
-1.5234103394e+02
-6.4852386475e+01
1.6256885529e+01
9.9815139771e+01
-1.5236866760e+02
-6.4880538940e+01
1.6233053207e+01
9.9794952393e+01
-1.5236866760e+02
-6.4880538940e+01
1.6233053207e+01
9.9794952393e+01
-1.5234103394e+02
-6.4852386475e+01
1.6256885529e+01
9.9815139771e+01
-1.5228584290e+02
-6.4797523499e+01
1.6302801132e+01
9.9857292175e+01
-1.5221054077e+02
-6.4718307495e+01
1.6369737625e+01
9.9914886475e+01
-1.5211622620e+02
-6.4620872498e+01
1.6450731277e+01
9.9994987488e+01
-1.5202478027e+02
-6.4514137268e+01
1.6540615082e+01
1.0007925415e+02
-1.5194062805e+02
-6.4416358948e+01
1.6620134354e+01
1.0018529510e+02
-1.5191860962e+02
-6.4361160278e+01
1.6661224365e+01
1.0026405334e+02
-1.5195779419e+02
-6.4405982971e+01
1.6601150513e+01
1.0035317230e+02
-1.5219038391e+02
-6.4688179016e+01
1.6274213791e+01
1.0025886536e+02
-1.5255006409e+02
-6.5459053040e+01
1.5475364685e+01
1.0014155579e+02
-1.5418453979e+02
-6.7184112549e+01
1.3752330780e+01
9.9335929871e+01
-1.8405770874e+02
-8.4102478027e+01
2.4849374771e+01
1.3490283203e+02
-1.8361599731e+02
-8.1705734253e+01
2.7346279144e+01
1.3601181030e+02
-1.8348602295e+02
-8.0895233154e+01
2.8162733078e+01
1.3620895386e+02
-1.8353109741e+02
-8.0672897339e+01
2.8359031677e+01
1.3618585205e+02
-1.8363655090e+02
-8.0632560730e+01
2.8380107880e+01
1.3611648560e+02
-1.8374377441e+02
-8.0676513672e+01
2.8315639496e+01
1.3599874878e+02
-1.8382888794e+02
-8.0740898132e+01
2.8230379105e+01
1.3589497375e+02
-1.8390811157e+02
-8.0807472229e+01
2.8146024704e+01
1.3578958130e+02
-1.8396871948e+02
-8.0867942810e+01
2.8071523666e+01
1.3570796204e+02
-1.8401918030e+02
-8.0915954590e+01
2.8013416290e+01
1.3564062500e+02
-1.8405198669e+02
-8.0949905396e+01
2.7973098755e+01
1.3559727478e+02
-1.8406959534e+02
-8.0967102051e+01
2.7952781677e+01
1.3557435608e+02
-1.8406959534e+02
-8.0967102051e+01
2.7952781677e+01
1.3557435608e+02
-1.8405198669e+02
-8.0949905396e+01
2.7973098755e+01
1.3559727478e+02
-1.8401918030e+02
-8.0915954590e+01
2.8013416290e+01
1.3564062500e+02
-1.8396871948e+02
-8.0867942810e+01
2.8071523666e+01
1.3570796204e+02
-1.8390811157e+02
-8.0807472229e+01
2.8146024704e+01
1.3578958130e+02
-1.8382888794e+02
-8.0740898132e+01
2.8230379105e+01
1.3589497375e+02
-1.8374377441e+02
-8.0676513672e+01
2.8315639496e+01
1.3599874878e+02
-1.8363655090e+02
-8.0632560730e+01
2.8380107880e+01
1.3611648560e+02
-1.8353109741e+02
-8.0672897339e+01
2.8359031677e+01
1.3618585205e+02
-1.8348602295e+02
-8.0895233154e+01
2.8162733078e+01
1.3620895386e+02
-1.8361599731e+02
-8.1705734253e+01
2.7346279144e+01
1.3601181030e+02
-1.8405770874e+02
-8.4102478027e+01
2.4849374771e+01
1.3490283203e+02
-2.2155981445e+02
-9.1932647705e+01
3.6798122406e+01
1.7085891724e+02
-2.2040205383e+02
-9.0341476440e+01
3.8308891296e+01
1.7163198853e+02
-2.2035522461e+02
-8.9571228027e+01
3.9056682587e+01
1.7169447327e+02
-2.2034930420e+02
-8.9412132263e+01
3.9208175659e+01
1.7166804504e+02
-2.2047425842e+02
-8.9459663391e+01
3.9154922485e+01
1.7148017883e+02
-2.2060316467e+02
-8.9582489014e+01
3.9030555725e+01
1.7132031250e+02
-2.2074456787e+02
-8.9716300964e+01
3.8895866394e+01
1.7115147400e+02
-2.2085850525e+02
-8.9840515137e+01
3.8771392822e+01
1.7101785278e+02
-2.2095619202e+02
-8.9941886902e+01
3.8668502808e+01
1.7090213013e+02
-2.2102571106e+02
-9.0019744873e+01
3.8589473724e+01
1.7081863403e+02
-2.2107379150e+02
-9.0071174622e+01
3.8536640167e+01
1.7076045227e+02
-2.2109681702e+02
-9.0097167969e+01
3.8510021210e+01
1.7073225403e+02
-2.2109681702e+02
-9.0097167969e+01
3.8510021210e+01
1.7073225403e+02
-2.2107379150e+02
-9.0071174622e+01
3.8536640167e+01
1.7076045227e+02
-2.2102571106e+02
-9.0019744873e+01
3.8589473724e+01
1.7081863403e+02
-2.2095619202e+02
-8.9941886902e+01
3.8668502808e+01
1.7090213013e+02
-2.2085850525e+02
-8.9840515137e+01
3.8771392822e+01
1.7101785278e+02
-2.2074456787e+02
-8.9716300964e+01
3.8895866394e+01
1.7115147400e+02
-2.2060316467e+02
-8.9582489014e+01
3.9030555725e+01
1.7132031250e+02
-2.2047425842e+02
-8.9459663391e+01
3.9154922485e+01
1.7148017883e+02
-2.2034930420e+02
-8.9412132263e+01
3.9208175659e+01
1.7166804504e+02
-2.2035522461e+02
-8.9571228027e+01
3.9056682587e+01
1.7169447327e+02
-2.2040205383e+02
-9.0341476440e+01
3.8308891296e+01
1.7163198853e+02
-2.2155981445e+02
-9.1932647705e+01
3.6798122406e+01
1.7085891724e+02
-2.5315028381e+02
-1.0464714813e+02
4.9473888397e+01
2.0425418091e+02
-2.5276914978e+02
-1.0276087189e+02
5.1483013153e+01
2.0496347046e+02
-2.5275299072e+02
-1.0231340790e+02
5.1964187622e+01
2.0490333557e+02
-2.5291658020e+02
-1.0227016449e+02
5.2012012482e+01
2.0470768738e+02
-2.5312567139e+02
-1.0239171600e+02
5.1880332947e+01
2.0448008728e+02
-2.5333659363e+02
-1.0256681824e+02
5.1688392639e+01
2.0423057556e+02
-2.5352014160e+02
-1.0274710083e+02
5.1493152618e+01
2.0401617432e+02
-2.5368565369e+02
-1.0290817261e+02
5.1318248749e+01
2.0382322693e+02
-2.5381628418e+02
-1.0304370880e+02
5.1172901154e+01
2.0367277527e+02
-2.5391882324e+02
-1.0314653015e+02
5.1062358856e+01
2.0355567932e+02
-2.5398585510e+02
-1.0321644592e+02
5.0987854004e+01
2.0347946167e+02
-2.5402035522e+02
-1.0325130463e+02
5.0950553894e+01
2.0344039917e+02
-2.5402035522e+02
-1.0325130463e+02
5.0950553894e+01
2.0344039917e+02
-2.5398585510e+02
-1.0321644592e+02
5.0987854004e+01
2.0347946167e+02
-2.5391882324e+02
-1.0314653015e+02
5.1062358856e+01
2.0355567932e+02
-2.5381628418e+02
-1.0304370880e+02
5.1172901154e+01
2.0367277527e+02
-2.5368565369e+02
-1.0290817261e+02
5.1318248749e+01
2.0382322693e+02
-2.5352014160e+02
-1.0274710083e+02
5.1493152618e+01
2.0401617432e+02
-2.5333659363e+02
-1.0256681824e+02
5.1688392639e+01
2.0423057556e+02
-2.5312567139e+02
-1.0239171600e+02
5.1880332947e+01
2.0448008728e+02
-2.5291658020e+02
-1.0227016449e+02
5.2012012482e+01
2.0470768738e+02
-2.5275299072e+02
-1.0231340790e+02
5.1964187622e+01
2.0490333557e+02
-2.5276914978e+02
-1.0276087189e+02
5.1483013153e+01
2.0496347046e+02
-2.5315028381e+02
-1.0464714813e+02
4.9473888397e+01
2.0425418091e+02
-2.8736981201e+02
-1.1361146545e+02
6.0530906677e+01
2.3934692383e+02
-2.8677264404e+02
-1.1238978577e+02
6.1697650909e+01
2.3983793640e+02
-2.8699890137e+02
-1.1188082886e+02
6.2169540405e+01
2.3967358398e+02
-2.8720977783e+02
-1.1196178436e+02
6.2054660797e+01
2.3941900635e+02
-2.8751068115e+02
-1.1217819977e+02
6.1819011688e+01
2.3905780029e+02
-2.8778146362e+02
-1.1244464111e+02
6.1540462494e+01
2.3874322510e+02
-2.8803704834e+02
-1.1269444275e+02
6.1279464722e+01
2.3844445801e+02
-2.8824548340e+02
-1.1291565704e+02
6.1050327301e+01
2.3820054626e+02
-2.8841876221e+02
-1.1309470367e+02
6.0863815308e+01
2.3799725342e+02
-2.8854605103e+02
-1.1323154449e+02
6.0721961975e+01
2.3784761047e+02
-2.8863299561e+02
-1.1332263947e+02
6.0627090454e+01
2.3774554443e+02
-2.8867572021e+02
-1.1336859131e+02
6.0579425812e+01
2.3769532776e+02
-2.8867572021e+02
-1.1336859131e+02
6.0579425812e+01
2.3769532776e+02
-2.8863299561e+02
-1.1332263947e+02
6.0627090454e+01
2.3774554443e+02
-2.8854605103e+02
-1.1323154449e+02
6.0721961975e+01
2.3784761047e+02
-2.8841876221e+02
-1.1309470367e+02
6.0863815308e+01
2.3799725342e+02
-2.8824548340e+02
-1.1291565704e+02
6.1050327301e+01
2.3820054626e+02
-2.8803704834e+02
-1.1269444275e+02
6.1279464722e+01
2.3844445801e+02
-2.8778146362e+02
-1.1244464111e+02
6.1540462494e+01
2.3874322510e+02
-2.8751068115e+02
-1.1217819977e+02
6.1819011688e+01
2.3905780029e+02
-2.8720977783e+02
-1.1196178436e+02
6.2054660797e+01
2.3941900635e+02
-2.8699890137e+02
-1.1188082886e+02
6.2169540405e+01
2.3967358398e+02
-2.8677264404e+02
-1.1238978577e+02
6.1697650909e+01
2.3983793640e+02
-2.8736981201e+02
-1.1361146545e+02
6.0530906677e+01
2.3934692383e+02
-3.1829293823e+02
-1.2478791046e+02
7.2971443176e+01
2.7144918823e+02
-3.1813592529e+02
-1.2347044373e+02
7.4395118713e+01
2.7177429199e+02
-3.1839025879e+02
-1.2337201691e+02
7.4531188965e+01
2.7143646240e+02
-3.1877246094e+02
-1.2356205750e+02
7.4354484558e+01
2.7102410889e+02
-3.1916448975e+02
-1.2389391327e+02
7.4012413025e+01
2.7059283447e+02
-3.1953497314e+02
-1.2423786163e+02
7.3651367188e+01
2.7017437744e+02
-3.1985549927e+02
-1.2456146240e+02
7.3312637329e+01
2.6981524658e+02
-3.2013256836e+02
-1.2483847046e+02
7.3021125793e+01
2.6950436401e+02
-3.2035165405e+02
-1.2506556702e+02
7.2783203125e+01
2.6925921631e+02
-3.2051928711e+02
-1.2523623657e+02
7.2603782654e+01
2.6907156372e+02
-3.2062954712e+02
-1.2535105133e+02
7.2483489990e+01
2.6894818115e+02
-3.2068545532e+02
-1.2540828705e+02
7.2423347473e+01
2.6888558960e+02
-3.2068545532e+02
-1.2540828705e+02
7.2423347473e+01
2.6888558960e+02
-3.2062954712e+02
-1.2535105133e+02
7.2483489990e+01
2.6894818115e+02
-3.2051928711e+02
-1.2523623657e+02
7.2603782654e+01
2.6907156372e+02
-3.2035165405e+02
-1.2506556702e+02
7.2783203125e+01
2.6925921631e+02
-3.2013256836e+02
-1.2483847046e+02
7.3021125793e+01
2.6950436401e+02
-3.1985549927e+02
-1.2456146240e+02
7.3312637329e+01
2.6981524658e+02
-3.1953497314e+02
-1.2423786163e+02
7.3651367188e+01
2.7017437744e+02
-3.1916448975e+02
-1.2389391327e+02
7.4012413025e+01
2.7059283447e+02
-3.1877246094e+02
-1.2356205750e+02
7.4354484558e+01
2.7102410889e+02
-3.1839025879e+02
-1.2337201691e+02
7.4531188965e+01
2.7143646240e+02
-3.1813592529e+02
-1.2347044373e+02
7.4395118713e+01
2.7177429199e+02
-3.1829293823e+02
-1.2478791046e+02
7.2971443176e+01
2.7144918823e+02
-3.5004992676e+02
-1.3343754578e+02
8.3653533936e+01
3.0446343994e+02
-3.4997998047e+02
-1.3269935608e+02
8.4371704102e+01
3.0455557251e+02
-3.5046865845e+02
-1.3256251526e+02
8.4475639343e+01
3.0410861206e+02
-3.5092254639e+02
-1.3292407227e+02
8.4074867249e+01
3.0359222412e+02
-3.5142440796e+02
-1.3335026550e+02
8.3627243042e+01
3.0302816772e+02
-3.5186761475e+02
-1.3379661560e+02
8.3164497375e+01
3.0253103638e+02
-3.5226754761e+02
-1.3419523621e+02
8.2751060486e+01
3.0208004761e+02
-3.5259759521e+02
-1.3454031372e+02
8.2395019531e+01
3.0170828247e+02
-3.5286773682e+02
-1.3481796265e+02
8.2107887268e+01
3.0140402222e+02
-3.5306826782e+02
-1.3502871704e+02
8.1890647888e+01
3.0117855835e+02
-3.5320388794e+02
-1.3516905212e+02
8.1745689392e+01
3.0102624512e+02
-3.5327102661e+02
-1.3523959351e+02
8.1672996521e+01
3.0095086670e+02
-3.5327102661e+02
-1.3523959351e+02
8.1672996521e+01
3.0095086670e+02
-3.5320388794e+02
-1.3516905212e+02
8.1745689392e+01
3.0102624512e+02
-3.5306826782e+02
-1.3502871704e+02
8.1890647888e+01
3.0117855835e+02
-3.5286773682e+02
-1.3481796265e+02
8.2107887268e+01
3.0140402222e+02
-3.5259759521e+02
-1.3454031372e+02
8.2395019531e+01
3.0170828247e+02
-3.5226754761e+02
-1.3419523621e+02
8.2751060486e+01
3.0208004761e+02
-3.5186761475e+02
-1.3379661560e+02
8.3164497375e+01
3.0253103638e+02
-3.5142440796e+02
-1.3335026550e+02
8.3627243042e+01
3.0302816772e+02
-3.5092254639e+02
-1.3292407227e+02
8.4074867249e+01
3.0359222412e+02
-3.5046865845e+02
-1.3256251526e+02
8.4475639343e+01
3.0410861206e+02
-3.4997998047e+02
-1.3269935608e+02
8.4371704102e+01
3.0455557251e+02
-3.5004992676e+02
-1.3343754578e+02
8.3653533936e+01
3.0446343994e+02
-3.7914208984e+02
-1.4358755493e+02
9.5325309753e+01
3.3495422363e+02
-3.7935284424e+02
-1.4290063477e+02
9.6101890564e+01
3.3485662842e+02
-3.7994299316e+02
-1.4317391968e+02
9.5857925415e+01
3.3420516968e+02
-3.8057852173e+02
-1.4364047241e+02
9.5399871826e+01
3.3353848267e+02
-3.8118493652e+02
-1.4420744324e+02
9.4817062378e+01
3.3287738037e+02
-3.8173837280e+02
-1.4474145508e+02
9.4263664246e+01
3.3226852417e+02
-3.8221490479e+02
-1.4522570801e+02
9.3762046814e+01
3.3174554443e+02
-3.8261978149e+02
-1.4563394165e+02
9.3337844849e+01
3.3130029297e+02
-3.8294131470e+02
-1.4596549988e+02
9.2994033813e+01
3.3094714355e+02
-3.8318524170e+02
-1.4621421814e+02
9.2735641479e+01
3.3067901611e+02
-3.8334652710e+02
-1.4638099670e+02
9.2562713623e+01
3.3050183105e+02
-3.8342788696e+02
-1.4646421814e+02
9.2476295471e+01
3.3041241455e+02
-3.8342788696e+02
-1.4646421814e+02
9.2476295471e+01
3.3041241455e+02
-3.8334652710e+02
-1.4638099670e+02
9.2562713623e+01
3.3050183105e+02
-3.8318524170e+02
-1.4621421814e+02
9.2735641479e+01
3.3067901611e+02
-3.8294131470e+02
-1.4596549988e+02
9.2994033813e+01
3.3094714355e+02
-3.8261978149e+02
-1.4563394165e+02
9.3337844849e+01
3.3130029297e+02
-3.8221490479e+02
-1.4522570801e+02
9.3762046814e+01
3.3174554443e+02
-3.8173837280e+02
-1.4474145508e+02
9.4263664246e+01
3.3226852417e+02
-3.8118493652e+02
-1.4420744324e+02
9.4817062378e+01
3.3287738037e+02
-3.8057852173e+02
-1.4364047241e+02
9.5399871826e+01
3.3353848267e+02
-3.7994299316e+02
-1.4317391968e+02
9.5857925415e+01
3.3420516968e+02
-3.7935284424e+02
-1.4290063477e+02
9.6101890564e+01
3.3485662842e+02
-3.7914208984e+02
-1.4358755493e+02
9.5325309753e+01
3.3495422363e+02
-4.0830844116e+02
-1.5153550720e+02
1.0551765442e+02
3.6536984253e+02
-4.0874694824e+02
-1.5135812378e+02
1.0570516968e+02
3.6500903320e+02
-4.0952841187e+02
-1.5165196228e+02
1.0538967133e+02
3.6424301147e+02
-4.1025927734e+02
-1.5231982422e+02
1.0468652344e+02
3.6344140625e+02
-4.1098654175e+02
-1.5298577881e+02
1.0400050354e+02
3.6265017700e+02
-4.1162475586e+02
-1.5363459778e+02
1.0333296967e+02
3.6195053101e+02
-4.1218795776e+02
-1.5420088196e+02
1.0275018311e+02
3.6133148193e+02
-4.1265454102e+02
-1.5468443298e+02
1.0225378418e+02
3.6081924438e+02
-4.1303286743e+02
-1.5507185364e+02
1.0185559082e+02
3.6040402222e+02
-4.1331475830e+02
-1.5536460876e+02
1.0155525208e+02
3.6009515381e+02
-4.1350427246e+02
-1.5555947876e+02
1.0135509491e+02
3.5988757324e+02
-4.1359844971e+02
-1.5565724182e+02
1.0125482178e+02
3.5978451538e+02
-4.1359844971e+02
-1.5565724182e+02
1.0125482178e+02
3.5978451538e+02
-4.1350427246e+02
-1.5555947876e+02
1.0135509491e+02
3.5988757324e+02
-4.1331475830e+02
-1.5536460876e+02
1.0155525208e+02
3.6009515381e+02
-4.1303286743e+02
-1.5507185364e+02
1.0185559082e+02
3.6040402222e+02
-4.1265454102e+02
-1.5468443298e+02
1.0225378418e+02
3.6081924438e+02
-4.1218795776e+02
-1.5420088196e+02
1.0275018311e+02
3.6133148193e+02
-4.1162475586e+02
-1.5363459778e+02
1.0333296967e+02
3.6195053101e+02
-4.1098654175e+02
-1.5298577881e+02
1.0400050354e+02
3.6265017700e+02
-4.1025927734e+02
-1.5231982422e+02
1.0468652344e+02
3.6344140625e+02
-4.0952841187e+02
-1.5165196228e+02
1.0538967133e+02
3.6424301147e+02
-4.0874694824e+02
-1.5135812378e+02
1.0570516968e+02
3.6500903320e+02
-4.0830844116e+02
-1.5153550720e+02
1.0551765442e+02
3.6536984253e+02
-4.3491897583e+02
-1.6062203979e+02
1.1619756317e+02
3.9357296753e+02
-4.3557739258e+02
-1.6059532166e+02
1.1630290222e+02
3.9301745605e+02
-4.3652059937e+02
-1.6126344299e+02
1.1565337372e+02
3.9203265381e+02
-4.3742657471e+02
-1.6203488159e+02
1.1488185120e+02
3.9108859253e+02
-4.3826583862e+02
-1.6285214233e+02
1.1404335785e+02
3.9018377686e+02
-4.3901739502e+02
-1.6359150696e+02
1.1328262329e+02
3.8937142944e+02
-4.3966305542e+02
-1.6424894714e+02
1.1260582733e+02
3.8867318726e+02
-4.4020709229e+02
-1.6479922485e+02
1.1203854370e+02
3.8808419800e+02
-4.4064031982e+02
-1.6524391174e+02
1.1158068848e+02
3.8761572266e+02
-4.4096755981e+02
-1.6557720947e+02
1.1123724365e+02
3.8726177979e+02
-4.4118463135e+02
-1.6580026245e+02
1.1100769043e+02
3.8702725220e+02
-4.4129376221e+02
-1.6591160583e+02
1.1089299774e+02
3.8690933228e+02
-4.4129376221e+02
-1.6591160583e+02
1.1089299774e+02
3.8690933228e+02
-4.4118463135e+02
-1.6580026245e+02
1.1100769043e+02
3.8702725220e+02
-4.4096755981e+02
-1.6557720947e+02
1.1123724365e+02
3.8726177979e+02
-4.4064031982e+02
-1.6524391174e+02
1.1158068848e+02
3.8761572266e+02
-4.4020709229e+02
-1.6479922485e+02
1.1203854370e+02
3.8808419800e+02
-4.3966305542e+02
-1.6424894714e+02
1.1260582733e+02
3.8867318726e+02
-4.3901739502e+02
-1.6359150696e+02
1.1328262329e+02
3.8937142944e+02
-4.3826583862e+02
-1.6285214233e+02
1.1404335785e+02
3.9018377686e+02
-4.3742657471e+02
-1.6203488159e+02
1.1488185120e+02
3.9108859253e+02
-4.3652059937e+02
-1.6126344299e+02
1.1565337372e+02
3.9203265381e+02
-4.3557739258e+02
-1.6059532166e+02
1.1630290222e+02
3.9301745605e+02
-4.3491897583e+02
-1.6062203979e+02
1.1619756317e+02
3.9357296753e+02
-4.6108096313e+02
-1.6773965454e+02
1.2561933136e+02
4.2095242310e+02
-4.6201498413e+02
-1.6816226196e+02
1.2523051453e+02
4.2012176514e+02
-4.6311459351e+02
-1.6890557861e+02
1.2447643280e+02
4.1901904297e+02
-4.6413690186e+02
-1.6988746643e+02
1.2346485901e+02
4.1792437744e+02
-4.6509963989e+02
-1.7080615234e+02
1.2252715302e+02
4.1689492798e+02
-4.6594232178e+02
-1.7166569519e+02
1.2164714050e+02
4.1598510742e+02
-4.6667684937e+02
-1.7240718079e+02
1.2088802338e+02
4.1519155884e+02
-4.6728640747e+02
-1.7303506470e+02
1.2024588013e+02
4.1453350830e+02
-4.6777807617e+02
-1.7353704834e+02
1.1973218536e+02
4.1400305176e+02
-4.6814520264e+02
-1.7391539001e+02
1.1934544373e+02
4.1360751343e+02
-4.6839126587e+02
-1.7416723633e+02
1.1908785248e+02
4.1334249878e+02
-4.6851379395e+02
-1.7429344177e+02
1.1895887756e+02
4.1321066284e+02
-4.6851379395e+02
-1.7429344177e+02
1.1895887756e+02
4.1321066284e+02
-4.6839126587e+02
-1.7416723633e+02
1.1908785248e+02
4.1334249878e+02
-4.6814520264e+02
-1.7391539001e+02
1.1934544373e+02
4.1360751343e+02
-4.6777807617e+02
-1.7353704834e+02
1.1973218536e+02
4.1400305176e+02
-4.6728640747e+02
-1.7303506470e+02
1.2024588013e+02
4.1453350830e+02
-4.6667684937e+02
-1.7240718079e+02
1.2088802338e+02
4.1519155884e+02
-4.6594232178e+02
-1.7166569519e+02
1.2164714050e+02
4.1598510742e+02
-4.6509963989e+02
-1.7080615234e+02
1.2252715302e+02
4.1689492798e+02
-4.6413690186e+02
-1.6988746643e+02
1.2346485901e+02
4.1792437744e+02
-4.6311459351e+02
-1.6890557861e+02
1.2447643280e+02
4.1901904297e+02
-4.6201498413e+02
-1.6816226196e+02
1.2523051453e+02
4.2012176514e+02
-4.6108096313e+02
-1.6773965454e+02
1.2561933136e+02
4.2095242310e+02
-4.8469390869e+02
-1.7563757324e+02
1.3512571716e+02
4.4617584229e+02
-4.8582467651e+02
-1.7626416016e+02
1.3457226562e+02
4.4515350342e+02
-4.8711318970e+02
-1.7733367920e+02
1.3351296997e+02
4.4383566284e+02
-4.8829367065e+02
-1.7841822815e+02
1.3242080688e+02
4.4260891724e+02
-4.8936996460e+02
-1.7948716736e+02
1.3132722473e+02
4.4146047974e+02
-4.9032290649e+02
-1.8043547058e+02
1.3035630798e+02
4.4044302368e+02
-4.9114041138e+02
-1.8126824951e+02
1.2950288391e+02
4.3956866455e+02
-4.9182604980e+02
-1.8196264648e+02
1.2879095459e+02
4.3883523560e+02
-4.9237286377e+02
-1.8252194214e+02
1.2821801758e+02
4.3825100708e+02
-4.9278482056e+02
-1.8294090271e+02
1.2778872681e+02
4.3781097412e+02
-4.9305856323e+02
-1.8322093201e+02
1.2750204468e+02
4.3751892090e+02
-4.9319589233e+02
-1.8336076355e+02
1.2735883331e+02
4.3737237549e+02
-4.9319589233e+02
-1.8336076355e+02
1.2735883331e+02
4.3737237549e+02
-4.9305856323e+02
-1.8322093201e+02
1.2750204468e+02
4.3751892090e+02
-4.9278482056e+02
-1.8294090271e+02
1.2778872681e+02
4.3781097412e+02
-4.9237286377e+02
-1.8252194214e+02
1.2821801758e+02
4.3825100708e+02
-4.9182604980e+02
-1.8196264648e+02
1.2879095459e+02
4.3883523560e+02
-4.9114041138e+02
-1.8126824951e+02
1.2950288391e+02
4.3956866455e+02
-4.9032290649e+02
-1.8043547058e+02
1.3035630798e+02
4.4044302368e+02
-4.8936996460e+02
-1.7948716736e+02
1.3132722473e+02
4.4146047974e+02
-4.8829367065e+02
-1.7841822815e+02
1.3242080688e+02
4.4260891724e+02
-4.8711318970e+02
-1.7733367920e+02
1.3351296997e+02
4.4383566284e+02
-4.8582467651e+02
-1.7626416016e+02
1.3457226562e+02
4.4515350342e+02
-4.8469390869e+02
-1.7563757324e+02
1.3512571716e+02
4.4617584229e+02
-5.0738244629e+02
-1.8181822205e+02
1.4348744202e+02
4.7003723145e+02
-5.0878778076e+02
-1.8283726501e+02
1.4251968384e+02
4.6874929810e+02
-5.1020874023e+02
-1.8401644897e+02
1.4133753967e+02
4.6731466675e+02
-5.1151531982e+02
-1.8530191040e+02
1.4002684021e+02
4.6593658447e+02
-5.1270867920e+02
-1.8646929932e+02
1.3884045410e+02
4.6467330933e+02
-5.1375201416e+02
-1.8753424072e+02
1.3775367737e+02
4.6355895996e+02
-5.1465484619e+02
-1.8844749451e+02
1.3682199097e+02
4.6259524536e+02
-5.1540490723e+02
-1.8921659851e+02
1.3603762817e+02
4.6179498291e+02
-5.1600805664e+02
-1.8983085632e+02
1.3541104126e+02
4.6115209961e+02
-5.1645898438e+02
-1.9029306030e+02
1.3493994141e+02
4.6067202759e+02
-5.1676068115e+02
-1.9060073853e+02
1.3462622070e+02
4.6035101318e+02
-5.1691107178e+02
-1.9075482178e+02
1.3446923828e+02
4.6019110107e+02
-5.1691107178e+02
-1.9075482178e+02
1.3446923828e+02
4.6019110107e+02
-5.1676068115e+02
-1.9060073853e+02
1.3462622070e+02
4.6035101318e+02
-5.1645898438e+02
-1.9029306030e+02
1.3493994141e+02
4.6067202759e+02
-5.1600805664e+02
-1.8983085632e+02
1.3541104126e+02
4.6115209961e+02
-5.1540490723e+02
-1.8921659851e+02
1.3603762817e+02
4.6179498291e+02
-5.1465484619e+02
-1.8844749451e+02
1.3682199097e+02
4.6259524536e+02
-5.1375201416e+02
-1.8753424072e+02
1.3775367737e+02
4.6355895996e+02
-5.1270867920e+02
-1.8646929932e+02
1.3884045410e+02
4.6467330933e+02
-5.1151531982e+02
-1.8530191040e+02
1.4002684021e+02
4.6593658447e+02
-5.1020874023e+02
-1.8401644897e+02
1.4133753967e+02
4.6731466675e+02
-5.0878778076e+02
-1.8283726501e+02
1.4251968384e+02
4.6874929810e+02
-5.0738244629e+02
-1.8181822205e+02
1.4348744202e+02
4.7003723145e+02
-5.2751428223e+02
-1.8841926575e+02
1.5162658691e+02
4.9165170288e+02
-5.2909906006e+02
-1.8965611267e+02
1.5046166992e+02
4.9018487549e+02
-5.3070715332e+02
-1.9110935974e+02
1.4901361084e+02
4.8855401611e+02
-5.3215008545e+02
-1.9249336243e+02
1.4761677551e+02
4.8705780029e+02
-5.3345178223e+02
-1.9379980469e+02
1.4628417969e+02
4.8568051147e+02
-5.3459613037e+02
-1.9494702148e+02
1.4511367798e+02
4.8446905518e+02
-5.3557690430e+02
-1.9594581604e+02
1.4409356689e+02
4.8342868042e+02
-5.3639715576e+02
-1.9677697754e+02
1.4324472046e+02
4.8255914307e+02
-5.3705194092e+02
-1.9744487000e+02
1.4256306458e+02
4.8186581421e+02
-5.3754443359e+02
-1.9794506836e+02
1.4205255127e+02
4.8134466553e+02
-5.3787200928e+02
-1.9827909851e+02
1.4171186829e+02
4.8099841309e+02
-5.3803619385e+02
-1.9844592285e+02
1.4154168701e+02
4.8082489014e+02
-5.3803619385e+02
-1.9844592285e+02
1.4154168701e+02
4.8082489014e+02
-5.3787200928e+02
-1.9827909851e+02
1.4171186829e+02
4.8099841309e+02
-5.3754443359e+02
-1.9794506836e+02
1.4205255127e+02
4.8134466553e+02
-5.3705194092e+02
-1.9744487000e+02
1.4256306458e+02
4.8186581421e+02
-5.3639715576e+02
-1.9677697754e+02
1.4324472046e+02
4.8255914307e+02
-5.3557690430e+02
-1.9594581604e+02
1.4409356689e+02
4.8342868042e+02
-5.3459613037e+02
-1.9494702148e+02
1.4511367798e+02
4.8446905518e+02
-5.3345178223e+02
-1.9379980469e+02
1.4628417969e+02
4.8568051147e+02
-5.3215008545e+02
-1.9249336243e+02
1.4761677551e+02
4.8705780029e+02
-5.3070715332e+02
-1.9110935974e+02
1.4901361084e+02
4.8855401611e+02
-5.2909906006e+02
-1.8965611267e+02
1.5046166992e+02
4.9018487549e+02
-5.2751428223e+02
-1.8841926575e+02
1.5162658691e+02
4.9165170288e+02
-5.4628405762e+02
-1.9354618835e+02
1.5866836548e+02
5.1149401855e+02
-5.4811468506e+02
-1.9511454773e+02
1.5716362000e+02
5.0979006958e+02
-5.4983502197e+02
-1.9668824768e+02
1.5559161377e+02
5.0805096436e+02
-5.5139947510e+02
-1.9824888611e+02
1.5400862122e+02
5.0641641235e+02
-5.5280407715e+02
-1.9964443970e+02
1.5259335327e+02
5.0493905640e+02
-5.5403125000e+02
-2.0089640808e+02
1.5131864929e+02
5.0363885498e+02
-5.5508837891e+02
-2.0196693420e+02
1.5022906494e+02
5.0251995850e+02
-5.5596716309e+02
-2.0286502075e+02
1.4931509399e+02
5.0159017944e+02
-5.5667248535e+02
-2.0358201599e+02
1.4858543396e+02
5.0084490967e+02
-5.5720025635e+02
-2.0412088013e+02
1.4803739929e+02
5.0028784180e+02
-5.5755297852e+02
-2.0447962952e+02
1.4767248535e+02
4.9991589355e+02
-5.5772900391e+02
-2.0465919495e+02
1.4748992920e+02
4.9973037720e+02
-5.5772900391e+02
-2.0465919495e+02
1.4748992920e+02
4.9973037720e+02
-5.5755297852e+02
-2.0447962952e+02
1.4767248535e+02
4.9991589355e+02
-5.5720025635e+02
-2.0412088013e+02
1.4803739929e+02
5.0028784180e+02
-5.5667248535e+02
-2.0358201599e+02
1.4858543396e+02
5.0084490967e+02
-5.5596716309e+02
-2.0286502075e+02
1.4931509399e+02
5.0159017944e+02
-5.5508837891e+02
-2.0196693420e+02
1.5022906494e+02
5.0251995850e+02
-5.5403125000e+02
-2.0089640808e+02
1.5131864929e+02
5.0363885498e+02
-5.5280407715e+02
-1.9964443970e+02
1.5259335327e+02
5.0493905640e+02
-5.5139947510e+02
-1.9824888611e+02
1.5400862122e+02
5.0641641235e+02
-5.4983502197e+02
-1.9668824768e+02
1.5559161377e+02
5.0805096436e+02
-5.4811468506e+02
-1.9511454773e+02
1.5716362000e+02
5.0979006958e+02
-5.4628405762e+02
-1.9354618835e+02
1.5866836548e+02
5.1149401855e+02
-5.6248431396e+02
-1.9876731873e+02
1.6524449158e+02
5.2894653320e+02
-5.6447015381e+02
-2.0053616333e+02
1.6354898071e+02
5.2708764648e+02
-5.6635467529e+02
-2.0232891846e+02
1.6175915527e+02
5.2518328857e+02
-5.6803045654e+02
-2.0397758484e+02
1.6009445190e+02
5.2344915771e+02
-5.6953021240e+02
-2.0549188232e+02
1.5855378723e+02
5.2187219238e+02
-5.7084313965e+02
-2.0681457520e+02
1.5720745850e+02
5.2049035645e+02
-5.7196765137e+02
-2.0795899963e+02
1.5604154968e+02
5.1930474854e+02
-5.7290643311e+02
-2.0891053772e+02
1.5507244873e+02
5.1831604004e+02
-5.7365631104e+02
-2.0967381287e+02
1.5429550171e+02
5.1752722168e+02
-5.7421966553e+02
-2.1024542236e+02
1.5371372986e+02
5.1693511963e+02
-5.7459472656e+02
-2.1062690735e+02
1.5332571411e+02
5.1654138184e+02
-5.7478253174e+02
-2.1081745911e+02
1.5313186646e+02
5.1634429932e+02
-5.7478253174e+02
-2.1081745911e+02
1.5313186646e+02
5.1634429932e+02
-5.7459472656e+02
-2.1062690735e+02
1.5332571411e+02
5.1654138184e+02
-5.7421966553e+02
-2.1024542236e+02
1.5371372986e+02
5.1693511963e+02
-5.7365631104e+02
-2.0967381287e+02
1.5429550171e+02
5.1752722168e+02
-5.7290643311e+02
-2.0891053772e+02
1.5507244873e+02
5.1831604004e+02
-5.7196765137e+02
-2.0795899963e+02
1.5604154968e+02
5.1930474854e+02
-5.7084313965e+02
-2.0681457520e+02
1.5720745850e+02
5.2049035645e+02
-5.6953021240e+02
-2.0549188232e+02
1.5855378723e+02
5.2187219238e+02
-5.6803045654e+02
-2.0397758484e+02
1.6009445190e+02
5.2344915771e+02
-5.6635467529e+02
-2.0232891846e+02
1.6175915527e+02
5.2518328857e+02
-5.6447015381e+02
-2.0053616333e+02
1.6354898071e+02
5.2708764648e+02
-5.6248431396e+02
-1.9876731873e+02
1.6524449158e+02
5.2894653320e+02
-5.7694348145e+02
-2.0272688293e+02
1.7074287415e+02
5.4430047607e+02
-5.7912841797e+02
-2.0475732422e+02
1.6878425598e+02
5.4224902344e+02
-5.8110314941e+02
-2.0665991211e+02
1.6688562012e+02
5.4025366211e+02
-5.8288250732e+02
-2.0845004272e+02
1.6507479858e+02
5.3840551758e+02
-5.8446490479e+02
-2.1003787231e+02
1.6346621704e+02
5.3674816895e+02
-5.8584661865e+02
-2.1144615173e+02
1.6203465271e+02
5.3529278564e+02
-5.8703344727e+02
-2.1264897156e+02
1.6081231689e+02
5.3404394531e+02
-5.8802062988e+02
-2.1365516663e+02
1.5978985596e+02
5.3300573730e+02
-5.8881176758e+02
-2.1445846558e+02
1.5897373962e+02
5.3217480469e+02
-5.8940429688e+02
-2.1506164551e+02
1.5836125183e+02
5.3155334473e+02
-5.8979986572e+02
-2.1546330261e+02
1.5795343018e+02
5.3113873291e+02
-5.8999737549e+02
-2.1566424561e+02
1.5774946594e+02
5.3093188477e+02
-5.8999737549e+02
-2.1566424561e+02
1.5774946594e+02
5.3093188477e+02
-5.8979986572e+02
-2.1546330261e+02
1.5795343018e+02
5.3113873291e+02
-5.8940429688e+02
-2.1506164551e+02
1.5836125183e+02
5.3155334473e+02
-5.8881176758e+02
-2.1445846558e+02
1.5897373962e+02
5.3217480469e+02
-5.8802062988e+02
-2.1365516663e+02
1.5978985596e+02
5.3300573730e+02
-5.8703344727e+02
-2.1264897156e+02
1.6081231689e+02
5.3404394531e+02
-5.8584661865e+02
-2.1144615173e+02
1.6203465271e+02
5.3529278564e+02
-5.8446490479e+02
-2.1003787231e+02
1.6346621704e+02
5.3674816895e+02
-5.8288250732e+02
-2.0845004272e+02
1.6507479858e+02
5.3840551758e+02
-5.8110314941e+02
-2.0665991211e+02
1.6688562012e+02
5.4025366211e+02
-5.7912841797e+02
-2.0475732422e+02
1.6878425598e+02
5.4224902344e+02
-5.7694348145e+02
-2.0272688293e+02
1.7074287415e+02
5.4430047607e+02
-5.8882171631e+02
-2.0650422668e+02
1.7558052063e+02
5.5712713623e+02
-5.9112719727e+02
-2.0869441223e+02
1.7346618652e+02
5.5495568848e+02
-5.9322869873e+02
-2.1075755310e+02
1.7140547180e+02
5.5283526611e+02
-5.9509100342e+02
-2.1261763000e+02
1.6952763367e+02
5.5091137695e+02
-5.9674780273e+02
-2.1429614258e+02
1.6782324219e+02
5.4917669678e+02
-5.9819470215e+02
-2.1575888062e+02
1.6633673096e+02
5.4765948486e+02
-5.9943359375e+02
-2.1701870728e+02
1.6505558777e+02
5.4635888672e+02
-6.0046661377e+02
-2.1806602478e+02
1.6399095154e+02
5.4527575684e+02
-6.0129217529e+02
-2.1890499878e+02
1.6313850403e+02
5.4441125488e+02
-6.0191192627e+02
-2.1953340149e+02
1.6250016785e+02
5.4376300049e+02
-6.0232470703e+02
-2.1995254517e+02
1.6207460022e+02
5.4333166504e+02
-6.0253125000e+02
-2.2016197205e+02
1.6186198425e+02
5.4311590576e+02
-6.0253125000e+02
-2.2016197205e+02
1.6186198425e+02
5.4311590576e+02
-6.0232470703e+02
-2.1995254517e+02
1.6207460022e+02
5.4333166504e+02
-6.0191192627e+02
-2.1953340149e+02
1.6250016785e+02
5.4376300049e+02
-6.0129217529e+02
-2.1890499878e+02
1.6313850403e+02
5.4441125488e+02
-6.0046661377e+02
-2.1806602478e+02
1.6399095154e+02
5.4527575684e+02
-5.9943359375e+02
-2.1701870728e+02
1.6505558777e+02
5.4635888672e+02
-5.9819470215e+02
-2.1575888062e+02
1.6633673096e+02
5.4765948486e+02
-5.9674780273e+02
-2.1429614258e+02
1.6782324219e+02
5.4917669678e+02
-5.9509100342e+02
-2.1261763000e+02
1.6952763367e+02
5.5091137695e+02
-5.9322869873e+02
-2.1075755310e+02
1.7140547180e+02
5.5283526611e+02
-5.9112719727e+02
-2.0869441223e+02
1.7346618652e+02
5.5495568848e+02
-5.8882171631e+02
-2.0650422668e+02
1.7558052063e+02
5.5712713623e+02
-5.9865112305e+02
-2.0920066833e+02
1.7935412598e+02
5.6759948730e+02
-6.0109637451e+02
-2.1157238770e+02
1.7705921936e+02
5.6529229736e+02
-6.0326165771e+02
-2.1371812439e+02
1.7491813660e+02
5.6310620117e+02
-6.0519891357e+02
-2.1567671204e+02
1.7293972778e+02
5.6110137939e+02
-6.0691357422e+02
-2.1740774536e+02
1.7118681335e+02
5.5931036377e+02
-6.0840979004e+02
-2.1893099976e+02
1.6963998413e+02
5.5774066162e+02
-6.0969274902e+02
-2.2023207092e+02
1.6831903076e+02
5.5639569092e+02
-6.1076025391e+02
-2.2131808472e+02
1.6721652222e+02
5.5527740479e+02
-6.1161505127e+02
-2.2218534851e+02
1.6633638000e+02
5.5438330078e+02
-6.1225555420e+02
-2.2283607483e+02
1.6567628479e+02
5.5371417236e+02
-6.1268292236e+02
-2.2326950073e+02
1.6523669434e+02
5.5326812744e+02
-6.1289642334e+02
-2.2348628235e+02
1.6501692200e+02
5.5304547119e+02
-6.1289642334e+02
-2.2348628235e+02
1.6501692200e+02
5.5304547119e+02
-6.1268292236e+02
-2.2326950073e+02
1.6523669434e+02
5.5326812744e+02
-6.1225555420e+02
-2.2283607483e+02
1.6567628479e+02
5.5371417236e+02
-6.1161505127e+02
-2.2218534851e+02
1.6633638000e+02
5.5438330078e+02
-6.1076025391e+02
-2.2131808472e+02
1.6721652222e+02
5.5527740479e+02
-6.0969274902e+02
-2.2023207092e+02
1.6831903076e+02
5.5639569092e+02
-6.0840979004e+02
-2.1893099976e+02
1.6963998413e+02
5.5774066162e+02
-6.0691357422e+02
-2.1740774536e+02
1.7118681335e+02
5.5931036377e+02
-6.0519891357e+02
-2.1567671204e+02
1.7293972778e+02
5.6110137939e+02
-6.0326165771e+02
-2.1371812439e+02
1.7491813660e+02
5.6310620117e+02
-6.0109637451e+02
-2.1157238770e+02
1.7705921936e+02
5.6529229736e+02
-5.9865112305e+02
-2.0920066833e+02
1.7935412598e+02
5.6759948730e+02
-6.0590515137e+02
-2.1148706055e+02
1.8231509399e+02
5.7544500732e+02
-6.0842700195e+02
-2.1396127319e+02
1.7991905212e+02
5.7306188965e+02
-6.1067205811e+02
-2.1620529175e+02
1.7767793274e+02
5.7079785156e+02
-6.1266070557e+02
-2.1820895386e+02
1.7565565491e+02
5.6874542236e+02
-6.1442266846e+02
-2.1999679565e+02
1.7384275818e+02
5.6690551758e+02
-6.1595965576e+02
-2.2155441284e+02
1.7226135254e+02
5.6529718018e+02
-6.1727545166e+02
-2.2289143372e+02
1.7090333557e+02
5.6391955566e+02
-6.1837182617e+02
-2.2400337219e+02
1.6977433777e+02
5.6277313232e+02
-6.1924829102e+02
-2.2489312744e+02
1.6887133789e+02
5.6185778809e+02
-6.1990588379e+02
-2.2555976868e+02
1.6819499207e+02
5.6117187500e+02
-6.2034405518e+02
-2.2600421143e+02
1.6774426270e+02
5.6071533203e+02
-6.2056329346e+02
-2.2622633362e+02
1.6751904297e+02
5.6048706055e+02
-6.2056329346e+02
-2.2622633362e+02
1.6751904297e+02
5.6048706055e+02
-6.2034405518e+02
-2.2600421143e+02
1.6774426270e+02
5.6071533203e+02
-6.1990588379e+02
-2.2555976868e+02
1.6819499207e+02
5.6117187500e+02
-6.1924829102e+02
-2.2489312744e+02
1.6887133789e+02
5.6185778809e+02
-6.1837182617e+02
-2.2400337219e+02
1.6977433777e+02
5.6277313232e+02
-6.1727545166e+02
-2.2289143372e+02
1.7090333557e+02
5.6391955566e+02
-6.1595965576e+02
-2.2155441284e+02
1.7226135254e+02
5.6529718018e+02
-6.1442266846e+02
-2.1999679565e+02
1.7384275818e+02
5.6690551758e+02
-6.1266070557e+02
-2.1820895386e+02
1.7565565491e+02
5.6874542236e+02
-6.1067205811e+02
-2.1620529175e+02
1.7767793274e+02
5.7079785156e+02
-6.0842700195e+02
-2.1396127319e+02
1.7991905212e+02
5.7306188965e+02
-6.0590515137e+02
-2.1148706055e+02
1.8231509399e+02
5.7544500732e+02
-6.1087902832e+02
-2.1285273743e+02
1.8423580933e+02
5.8075494385e+02
-6.1347290039e+02
-2.1542002869e+02
1.8174775696e+02
5.7830169678e+02
-6.1575103760e+02
-2.1770814514e+02
1.7946406555e+02
5.7600329590e+02
-6.1777893066e+02
-2.1976229858e+02
1.7739050293e+02
5.7390887451e+02
-6.1957067871e+02
-2.2157751465e+02
1.7555232239e+02
5.7203997803e+02
-6.2113336182e+02
-2.2316647339e+02
1.7393966675e+02
5.7040429688e+02
-6.2247204590e+02
-2.2452482605e+02
1.7256105042e+02
5.6900378418e+02
-6.2358630371e+02
-2.2565681458e+02
1.7141242981e+02
5.6783911133e+02
-6.2447796631e+02
-2.2656120300e+02
1.7049507141e+02
5.6690850830e+02
-6.2514636230e+02
-2.2723941040e+02
1.6980744934e+02
5.6621179199e+02
-6.2559210205e+02
-2.2769125366e+02
1.6934944153e+02
5.6574761963e+02
-6.2581488037e+02
-2.2791716003e+02
1.6912051392e+02
5.6551574707e+02
-6.2581488037e+02
-2.2791716003e+02
1.6912051392e+02
5.6551574707e+02
-6.2559210205e+02
-2.2769125366e+02
1.6934944153e+02
5.6574761963e+02
-6.2514636230e+02
-2.2723941040e+02
1.6980744934e+02
5.6621179199e+02
-6.2447796631e+02
-2.2656120300e+02
1.7049507141e+02
5.6690850830e+02
-6.2358630371e+02
-2.2565681458e+02
1.7141242981e+02
5.6783911133e+02
-6.2247204590e+02
-2.2452482605e+02
1.7256105042e+02
5.6900378418e+02
-6.2113336182e+02
-2.2316647339e+02
1.7393966675e+02
5.7040429688e+02
-6.1957067871e+02
-2.2157751465e+02
1.7555232239e+02
5.7203997803e+02
-6.1777893066e+02
-2.1976229858e+02
1.7739050293e+02
5.7390887451e+02
-6.1575103760e+02
-2.1770814514e+02
1.7946406555e+02
5.7600329590e+02
-6.1347290039e+02
-2.1542002869e+02
1.8174775696e+02
5.7830169678e+02
-6.1087902832e+02
-2.1285273743e+02
1.8423580933e+02
5.8075494385e+02
-6.1331896973e+02
-2.1361824036e+02
1.8523300171e+02
5.8339587402e+02
-6.1593908691e+02
-2.1622079468e+02
1.8270997620e+02
5.8091668701e+02
-6.1824438477e+02
-2.1854202271e+02
1.8039245605e+02
5.7859179688e+02
-6.2028973389e+02
-2.2061174011e+02
1.7830366516e+02
5.7648120117e+02
-6.2209765625e+02
-2.2244628906e+02
1.7644506836e+02
5.7459552002e+02
-6.2367425537e+02
-2.2404698181e+02
1.7482060242e+02
5.7294677734e+02
-6.2502410889e+02
-2.2541763306e+02
1.7342933655e+02
5.7153503418e+02
-6.2614819336e+02
-2.2655845642e+02
1.7227168274e+02
5.7036077881e+02
-6.2704724121e+02
-2.2747055054e+02
1.7134651184e+02
5.6942291260e+02
-6.2772149658e+02
-2.2815417480e+02
1.7065336609e+02
5.6872045898e+02
-6.2817095947e+02
-2.2860978699e+02
1.7019155884e+02
5.6825268555e+02
-6.2839569092e+02
-2.2883752441e+02
1.6996075439e+02
5.6801892090e+02
-6.2839569092e+02
-2.2883752441e+02
1.6996075439e+02
5.6801892090e+02
-6.2817095947e+02
-2.2860978699e+02
1.7019155884e+02
5.6825268555e+02
-6.2772149658e+02
-2.2815417480e+02
1.7065336609e+02
5.6872045898e+02
-6.2704724121e+02
-2.2747055054e+02
1.7134651184e+02
5.6942291260e+02
-6.2614819336e+02
-2.2655845642e+02
1.7227168274e+02
5.7036077881e+02
-6.2502410889e+02
-2.2541763306e+02
1.7342933655e+02
5.7153503418e+02
-6.2367425537e+02
-2.2404698181e+02
1.7482060242e+02
5.7294677734e+02
-6.2209765625e+02
-2.2244628906e+02
1.7644506836e+02
5.7459552002e+02
-6.2028973389e+02
-2.2061174011e+02
1.7830366516e+02
5.7648120117e+02
-6.1824438477e+02
-2.1854202271e+02
1.8039245605e+02
5.7859179688e+02
-6.1593908691e+02
-2.1622079468e+02
1.8270997620e+02
5.8091668701e+02
-6.1331896973e+02
-2.1361824036e+02
1.8523300171e+02
5.8339587402e+02
-6.1331896973e+02
-2.1361824036e+02
1.8523300171e+02
5.8339587402e+02
-6.1593908691e+02
-2.1622079468e+02
1.8270997620e+02
5.8091668701e+02
-6.1824438477e+02
-2.1854202271e+02
1.8039245605e+02
5.7859179688e+02
-6.2028973389e+02
-2.2061174011e+02
1.7830366516e+02
5.7648120117e+02
-6.2209765625e+02
-2.2244628906e+02
1.7644506836e+02
5.7459552002e+02
-6.2367425537e+02
-2.2404698181e+02
1.7482060242e+02
5.7294677734e+02
-6.2502410889e+02
-2.2541763306e+02
1.7342933655e+02
5.7153503418e+02
-6.2614819336e+02
-2.2655845642e+02
1.7227168274e+02
5.7036077881e+02
-6.2704724121e+02
-2.2747055054e+02
1.7134651184e+02
5.6942291260e+02
-6.2772149658e+02
-2.2815417480e+02
1.7065336609e+02
5.6872045898e+02
-6.2817095947e+02
-2.2860978699e+02
1.7019155884e+02
5.6825268555e+02
-6.2839569092e+02
-2.2883752441e+02
1.6996075439e+02
5.6801892090e+02
-6.2839569092e+02
-2.2883752441e+02
1.6996075439e+02
5.6801892090e+02
-6.2817095947e+02
-2.2860978699e+02
1.7019155884e+02
5.6825268555e+02
-6.2772149658e+02
-2.2815417480e+02
1.7065336609e+02
5.6872045898e+02
-6.2704724121e+02
-2.2747055054e+02
1.7134651184e+02
5.6942291260e+02
-6.2614819336e+02
-2.2655845642e+02
1.7227168274e+02
5.7036077881e+02
-6.2502410889e+02
-2.2541763306e+02
1.7342933655e+02
5.7153503418e+02
-6.2367425537e+02
-2.2404698181e+02
1.7482060242e+02
5.7294677734e+02
-6.2209765625e+02
-2.2244628906e+02
1.7644506836e+02
5.7459552002e+02
-6.2028973389e+02
-2.2061174011e+02
1.7830366516e+02
5.7648120117e+02
-6.1824438477e+02
-2.1854202271e+02
1.8039245605e+02
5.7859179688e+02
-6.1593908691e+02
-2.1622079468e+02
1.8270997620e+02
5.8091668701e+02
-6.1331896973e+02
-2.1361824036e+02
1.8523300171e+02
5.8339587402e+02
-6.1087902832e+02
-2.1285273743e+02
1.8423580933e+02
5.8075494385e+02
-6.1347290039e+02
-2.1542002869e+02
1.8174775696e+02
5.7830169678e+02
-6.1575103760e+02
-2.1770814514e+02
1.7946406555e+02
5.7600329590e+02
-6.1777893066e+02
-2.1976229858e+02
1.7739050293e+02
5.7390887451e+02
-6.1957067871e+02
-2.2157751465e+02
1.7555232239e+02
5.7203997803e+02
-6.2113336182e+02
-2.2316645813e+02
1.7393966675e+02
5.7040429688e+02
-6.2247204590e+02
-2.2452482605e+02
1.7256105042e+02
5.6900378418e+02
-6.2358630371e+02
-2.2565681458e+02
1.7141242981e+02
5.6783911133e+02
-6.2447796631e+02
-2.2656120300e+02
1.7049507141e+02
5.6690850830e+02
-6.2514636230e+02
-2.2723941040e+02
1.6980744934e+02
5.6621179199e+02
-6.2559210205e+02
-2.2769125366e+02
1.6934944153e+02
5.6574761963e+02
-6.2581488037e+02
-2.2791716003e+02
1.6912051392e+02
5.6551574707e+02
-6.2581488037e+02
-2.2791716003e+02
1.6912051392e+02
5.6551574707e+02
-6.2559210205e+02
-2.2769125366e+02
1.6934944153e+02
5.6574761963e+02
-6.2514636230e+02
-2.2723941040e+02
1.6980744934e+02
5.6621179199e+02
-6.2447796631e+02
-2.2656120300e+02
1.7049507141e+02
5.6690850830e+02
-6.2358630371e+02
-2.2565681458e+02
1.7141242981e+02
5.6783911133e+02
-6.2247204590e+02
-2.2452482605e+02
1.7256105042e+02
5.6900378418e+02
-6.2113336182e+02
-2.2316645813e+02
1.7393966675e+02
5.7040429688e+02
-6.1957067871e+02
-2.2157751465e+02
1.7555232239e+02
5.7203997803e+02
-6.1777893066e+02
-2.1976229858e+02
1.7739050293e+02
5.7390887451e+02
-6.1575103760e+02
-2.1770814514e+02
1.7946406555e+02
5.7600329590e+02
-6.1347290039e+02
-2.1542002869e+02
1.8174775696e+02
5.7830169678e+02
-6.1087902832e+02
-2.1285273743e+02
1.8423580933e+02
5.8075494385e+02
-6.0590515137e+02
-2.1148706055e+02
1.8231509399e+02
5.7544500732e+02
-6.0842700195e+02
-2.1396127319e+02
1.7991905212e+02
5.7306188965e+02
-6.1067205811e+02
-2.1620529175e+02
1.7767793274e+02
5.7079785156e+02
-6.1266070557e+02
-2.1820895386e+02
1.7565565491e+02
5.6874542236e+02
-6.1442266846e+02
-2.1999679565e+02
1.7384275818e+02
5.6690551758e+02
-6.1595965576e+02
-2.2155441284e+02
1.7226135254e+02
5.6529718018e+02
-6.1727545166e+02
-2.2289143372e+02
1.7090333557e+02
5.6391955566e+02
-6.1837182617e+02
-2.2400337219e+02
1.6977433777e+02
5.6277313232e+02
-6.1924829102e+02
-2.2489312744e+02
1.6887133789e+02
5.6185778809e+02
-6.1990588379e+02
-2.2555976868e+02
1.6819499207e+02
5.6117187500e+02
-6.2034405518e+02
-2.2600421143e+02
1.6774426270e+02
5.6071533203e+02
-6.2056329346e+02
-2.2622633362e+02
1.6751904297e+02
5.6048706055e+02
-6.2056329346e+02
-2.2622633362e+02
1.6751904297e+02
5.6048706055e+02
-6.2034405518e+02
-2.2600421143e+02
1.6774426270e+02
5.6071533203e+02
-6.1990588379e+02
-2.2555976868e+02
1.6819499207e+02
5.6117187500e+02
-6.1924829102e+02
-2.2489312744e+02
1.6887133789e+02
5.6185778809e+02
-6.1837182617e+02
-2.2400337219e+02
1.6977433777e+02
5.6277313232e+02
-6.1727545166e+02
-2.2289143372e+02
1.7090333557e+02
5.6391955566e+02
-6.1595965576e+02
-2.2155441284e+02
1.7226135254e+02
5.6529718018e+02
-6.1442266846e+02
-2.1999679565e+02
1.7384275818e+02
5.6690551758e+02
-6.1266070557e+02
-2.1820895386e+02
1.7565565491e+02
5.6874542236e+02
-6.1067205811e+02
-2.1620529175e+02
1.7767793274e+02
5.7079785156e+02
-6.0842700195e+02
-2.1396127319e+02
1.7991905212e+02
5.7306188965e+02
-6.0590515137e+02
-2.1148706055e+02
1.8231509399e+02
5.7544500732e+02
-5.9865112305e+02
-2.0920066833e+02
1.7935412598e+02
5.6759948730e+02
-6.0109637451e+02
-2.1157238770e+02
1.7705921936e+02
5.6529229736e+02
-6.0326165771e+02
-2.1371812439e+02
1.7491813660e+02
5.6310620117e+02
-6.0519891357e+02
-2.1567671204e+02
1.7293972778e+02
5.6110137939e+02
-6.0691357422e+02
-2.1740774536e+02
1.7118681335e+02
5.5931036377e+02
-6.0840979004e+02
-2.1893099976e+02
1.6963998413e+02
5.5774066162e+02
-6.0969274902e+02
-2.2023207092e+02
1.6831903076e+02
5.5639569092e+02
-6.1076025391e+02
-2.2131808472e+02
1.6721652222e+02
5.5527740479e+02
-6.1161505127e+02
-2.2218534851e+02
1.6633638000e+02
5.5438330078e+02
-6.1225555420e+02
-2.2283607483e+02
1.6567628479e+02
5.5371417236e+02
-6.1268292236e+02
-2.2326950073e+02
1.6523669434e+02
5.5326812744e+02
-6.1289642334e+02
-2.2348628235e+02
1.6501692200e+02
5.5304547119e+02
-6.1289642334e+02
-2.2348628235e+02
1.6501692200e+02
5.5304547119e+02
-6.1268292236e+02
-2.2326950073e+02
1.6523669434e+02
5.5326812744e+02
-6.1225555420e+02
-2.2283607483e+02
1.6567628479e+02
5.5371417236e+02
-6.1161505127e+02
-2.2218534851e+02
1.6633638000e+02
5.5438330078e+02
-6.1076025391e+02
-2.2131808472e+02
1.6721652222e+02
5.5527740479e+02
-6.0969274902e+02
-2.2023207092e+02
1.6831903076e+02
5.5639569092e+02
-6.0840979004e+02
-2.1893099976e+02
1.6963998413e+02
5.5774066162e+02
-6.0691357422e+02
-2.1740774536e+02
1.7118681335e+02
5.5931036377e+02
-6.0519891357e+02
-2.1567671204e+02
1.7293972778e+02
5.6110137939e+02
-6.0326165771e+02
-2.1371812439e+02
1.7491813660e+02
5.6310620117e+02
-6.0109637451e+02
-2.1157238770e+02
1.7705921936e+02
5.6529229736e+02
-5.9865112305e+02
-2.0920066833e+02
1.7935412598e+02
5.6759948730e+02
-5.8882171631e+02
-2.0650422668e+02
1.7558052063e+02
5.5712713623e+02
-5.9112719727e+02
-2.0869441223e+02
1.7346618652e+02
5.5495568848e+02
-5.9322869873e+02
-2.1075755310e+02
1.7140547180e+02
5.5283526611e+02
-5.9509100342e+02
-2.1261763000e+02
1.6952763367e+02
5.5091131592e+02
-5.9674780273e+02
-2.1429614258e+02
1.6782324219e+02
5.4917669678e+02
-5.9819470215e+02
-2.1575888062e+02
1.6633673096e+02
5.4765948486e+02
-5.9943359375e+02
-2.1701870728e+02
1.6505558777e+02
5.4635888672e+02
-6.0046661377e+02
-2.1806602478e+02
1.6399095154e+02
5.4527575684e+02
-6.0129217529e+02
-2.1890499878e+02
1.6313850403e+02
5.4441125488e+02
-6.0191192627e+02
-2.1953340149e+02
1.6250016785e+02
5.4376300049e+02
-6.0232470703e+02
-2.1995254517e+02
1.6207460022e+02
5.4333166504e+02
-6.0253125000e+02
-2.2016197205e+02
1.6186198425e+02
5.4311590576e+02
-6.0253125000e+02
-2.2016197205e+02
1.6186198425e+02
5.4311590576e+02
-6.0232470703e+02
-2.1995254517e+02
1.6207460022e+02
5.4333166504e+02
-6.0191192627e+02
-2.1953340149e+02
1.6250016785e+02
5.4376300049e+02
-6.0129217529e+02
-2.1890499878e+02
1.6313850403e+02
5.4441125488e+02
-6.0046661377e+02
-2.1806602478e+02
1.6399095154e+02
5.4527575684e+02
-5.9943359375e+02
-2.1701870728e+02
1.6505558777e+02
5.4635888672e+02
-5.9819470215e+02
-2.1575888062e+02
1.6633673096e+02
5.4765948486e+02
-5.9674780273e+02
-2.1429614258e+02
1.6782324219e+02
5.4917669678e+02
-5.9509100342e+02
-2.1261763000e+02
1.6952763367e+02
5.5091131592e+02
-5.9322869873e+02
-2.1075755310e+02
1.7140547180e+02
5.5283526611e+02
-5.9112719727e+02
-2.0869441223e+02
1.7346618652e+02
5.5495568848e+02
-5.8882171631e+02
-2.0650422668e+02
1.7558052063e+02
5.5712713623e+02
-5.7694348145e+02
-2.0272688293e+02
1.7074287415e+02
5.4430047607e+02
-5.7912841797e+02
-2.0475732422e+02
1.6878425598e+02
5.4224902344e+02
-5.8110314941e+02
-2.0665991211e+02
1.6688562012e+02
5.4025360107e+02
-5.8288250732e+02
-2.0845004272e+02
1.6507479858e+02
5.3840551758e+02
-5.8446490479e+02
-2.1003787231e+02
1.6346621704e+02
5.3674816895e+02
-5.8584655762e+02
-2.1144615173e+02
1.6203465271e+02
5.3529278564e+02
-5.8703344727e+02
-2.1264897156e+02
1.6081231689e+02
5.3404394531e+02
-5.8802062988e+02
-2.1365516663e+02
1.5978985596e+02
5.3300573730e+02
-5.8881176758e+02
-2.1445846558e+02
1.5897373962e+02
5.3217480469e+02
-5.8940429688e+02
-2.1506164551e+02
1.5836125183e+02
5.3155334473e+02
-5.8979986572e+02
-2.1546330261e+02
1.5795343018e+02
5.3113873291e+02
-5.8999737549e+02
-2.1566424561e+02
1.5774946594e+02
5.3093188477e+02
-5.8999737549e+02
-2.1566424561e+02
1.5774946594e+02
5.3093188477e+02
-5.8979986572e+02
-2.1546330261e+02
1.5795343018e+02
5.3113873291e+02
-5.8940429688e+02
-2.1506164551e+02
1.5836125183e+02
5.3155334473e+02
-5.8881176758e+02
-2.1445846558e+02
1.5897373962e+02
5.3217480469e+02
-5.8802062988e+02
-2.1365516663e+02
1.5978985596e+02
5.3300573730e+02
-5.8703344727e+02
-2.1264897156e+02
1.6081231689e+02
5.3404394531e+02
-5.8584655762e+02
-2.1144615173e+02
1.6203465271e+02
5.3529278564e+02
-5.8446490479e+02
-2.1003787231e+02
1.6346621704e+02
5.3674816895e+02
-5.8288250732e+02
-2.0845004272e+02
1.6507479858e+02
5.3840551758e+02
-5.8110314941e+02
-2.0665991211e+02
1.6688562012e+02
5.4025360107e+02
-5.7912841797e+02
-2.0475732422e+02
1.6878425598e+02
5.4224902344e+02
-5.7694348145e+02
-2.0272688293e+02
1.7074287415e+02
5.4430047607e+02
-5.6248431396e+02
-1.9876731873e+02
1.6524449158e+02
5.2894653320e+02
-5.6447015381e+02
-2.0053616333e+02
1.6354898071e+02
5.2708764648e+02
-5.6635467529e+02
-2.0232891846e+02
1.6175915527e+02
5.2518328857e+02
-5.6803045654e+02
-2.0397758484e+02
1.6009445190e+02
5.2344915771e+02
-5.6953021240e+02
-2.0549188232e+02
1.5855378723e+02
5.2187219238e+02
-5.7084313965e+02
-2.0681457520e+02
1.5720745850e+02
5.2049035645e+02
-5.7196765137e+02
-2.0795899963e+02
1.5604154968e+02
5.1930474854e+02
-5.7290643311e+02
-2.0891053772e+02
1.5507244873e+02
5.1831604004e+02
-5.7365631104e+02
-2.0967381287e+02
1.5429550171e+02
5.1752716064e+02
-5.7421966553e+02
-2.1024542236e+02
1.5371372986e+02
5.1693511963e+02
-5.7459472656e+02
-2.1062690735e+02
1.5332571411e+02
5.1654138184e+02
-5.7478247070e+02
-2.1081745911e+02
1.5313186646e+02
5.1634429932e+02
-5.7478247070e+02
-2.1081745911e+02
1.5313186646e+02
5.1634429932e+02
-5.7459472656e+02
-2.1062690735e+02
1.5332571411e+02
5.1654138184e+02
-5.7421966553e+02
-2.1024542236e+02
1.5371372986e+02
5.1693511963e+02
-5.7365631104e+02
-2.0967381287e+02
1.5429550171e+02
5.1752716064e+02
-5.7290643311e+02
-2.0891053772e+02
1.5507244873e+02
5.1831604004e+02
-5.7196765137e+02
-2.0795899963e+02
1.5604154968e+02
5.1930474854e+02
-5.7084313965e+02
-2.0681457520e+02
1.5720745850e+02
5.2049035645e+02
-5.6953021240e+02
-2.0549188232e+02
1.5855378723e+02
5.2187219238e+02
-5.6803045654e+02
-2.0397758484e+02
1.6009445190e+02
5.2344915771e+02
-5.6635467529e+02
-2.0232891846e+02
1.6175915527e+02
5.2518328857e+02
-5.6447015381e+02
-2.0053616333e+02
1.6354898071e+02
5.2708764648e+02
-5.6248431396e+02
-1.9876731873e+02
1.6524449158e+02
5.2894653320e+02
-5.4628405762e+02
-1.9354618835e+02
1.5866836548e+02
5.1149401855e+02
-5.4811468506e+02
-1.9511454773e+02
1.5716362000e+02
5.0979006958e+02
-5.4983502197e+02
-1.9668824768e+02
1.5559161377e+02
5.0805096436e+02
-5.5139947510e+02
-1.9824888611e+02
1.5400862122e+02
5.0641641235e+02
-5.5280407715e+02
-1.9964443970e+02
1.5259335327e+02
5.0493902588e+02
-5.5403125000e+02
-2.0089640808e+02
1.5131864929e+02
5.0363885498e+02
-5.5508837891e+02
-2.0196693420e+02
1.5022906494e+02
5.0251995850e+02
-5.5596716309e+02
-2.0286502075e+02
1.4931509399e+02
5.0159017944e+02
-5.5667248535e+02
-2.0358201599e+02
1.4858543396e+02
5.0084490967e+02
-5.5720025635e+02
-2.0412088013e+02
1.4803739929e+02
5.0028784180e+02
-5.5755297852e+02
-2.0447962952e+02
1.4767248535e+02
4.9991589355e+02
-5.5772900391e+02
-2.0465919495e+02
1.4748992920e+02
4.9973037720e+02
-5.5772900391e+02
-2.0465919495e+02
1.4748992920e+02
4.9973037720e+02
-5.5755297852e+02
-2.0447962952e+02
1.4767248535e+02
4.9991589355e+02
-5.5720025635e+02
-2.0412088013e+02
1.4803739929e+02
5.0028784180e+02
-5.5667248535e+02
-2.0358201599e+02
1.4858543396e+02
5.0084490967e+02
-5.5596716309e+02
-2.0286502075e+02
1.4931509399e+02
5.0159017944e+02
-5.5508837891e+02
-2.0196693420e+02
1.5022906494e+02
5.0251995850e+02
-5.5403125000e+02
-2.0089640808e+02
1.5131864929e+02
5.0363885498e+02
-5.5280407715e+02
-1.9964443970e+02
1.5259335327e+02
5.0493902588e+02
-5.5139947510e+02
-1.9824888611e+02
1.5400862122e+02
5.0641641235e+02
-5.4983502197e+02
-1.9668824768e+02
1.5559161377e+02
5.0805096436e+02
-5.4811468506e+02
-1.9511454773e+02
1.5716362000e+02
5.0979006958e+02
-5.4628405762e+02
-1.9354618835e+02
1.5866836548e+02
5.1149401855e+02
-5.2751428223e+02
-1.8841926575e+02
1.5162658691e+02
4.9165170288e+02
-5.2909906006e+02
-1.8965611267e+02
1.5046166992e+02
4.9018487549e+02
-5.3070715332e+02
-1.9110935974e+02
1.4901361084e+02
4.8855401611e+02
-5.3215008545e+02
-1.9249336243e+02
1.4761677551e+02
4.8705780029e+02
-5.3345178223e+02
-1.9379980469e+02
1.4628417969e+02
4.8568051147e+02
-5.3459613037e+02
-1.9494702148e+02
1.4511367798e+02
4.8446905518e+02
-5.3557690430e+02
-1.9594581604e+02
1.4409356689e+02
4.8342868042e+02
-5.3639715576e+02
-1.9677697754e+02
1.4324472046e+02
4.8255914307e+02
-5.3705194092e+02
-1.9744487000e+02
1.4256306458e+02
4.8186581421e+02
-5.3754443359e+02
-1.9794506836e+02
1.4205255127e+02
4.8134466553e+02
-5.3787200928e+02
-1.9827909851e+02
1.4171186829e+02
4.8099841309e+02
-5.3803619385e+02
-1.9844592285e+02
1.4154168701e+02
4.8082489014e+02
-5.3803619385e+02
-1.9844592285e+02
1.4154168701e+02
4.8082489014e+02
-5.3787200928e+02
-1.9827909851e+02
1.4171186829e+02
4.8099841309e+02
-5.3754443359e+02
-1.9794506836e+02
1.4205255127e+02
4.8134466553e+02
-5.3705194092e+02
-1.9744487000e+02
1.4256306458e+02
4.8186581421e+02
-5.3639715576e+02
-1.9677697754e+02
1.4324472046e+02
4.8255914307e+02
-5.3557690430e+02
-1.9594581604e+02
1.4409356689e+02
4.8342868042e+02
-5.3459613037e+02
-1.9494702148e+02
1.4511367798e+02
4.8446905518e+02
-5.3345178223e+02
-1.9379980469e+02
1.4628417969e+02
4.8568051147e+02
-5.3215008545e+02
-1.9249336243e+02
1.4761677551e+02
4.8705780029e+02
-5.3070715332e+02
-1.9110935974e+02
1.4901361084e+02
4.8855401611e+02
-5.2909906006e+02
-1.8965611267e+02
1.5046166992e+02
4.9018487549e+02
-5.2751428223e+02
-1.8841926575e+02
1.5162658691e+02
4.9165170288e+02
-5.0738244629e+02
-1.8181822205e+02
1.4348744202e+02
4.7003723145e+02
-5.0878778076e+02
-1.8283726501e+02
1.4251968384e+02
4.6874929810e+02
-5.1020874023e+02
-1.8401644897e+02
1.4133753967e+02
4.6731466675e+02
-5.1151531982e+02
-1.8530191040e+02
1.4002684021e+02
4.6593658447e+02
-5.1270867920e+02
-1.8646929932e+02
1.3884045410e+02
4.6467330933e+02
-5.1375201416e+02
-1.8753424072e+02
1.3775367737e+02
4.6355895996e+02
-5.1465484619e+02
-1.8844749451e+02
1.3682199097e+02
4.6259524536e+02
-5.1540490723e+02
-1.8921659851e+02
1.3603762817e+02
4.6179498291e+02
-5.1600805664e+02
-1.8983085632e+02
1.3541104126e+02
4.6115209961e+02
-5.1645898438e+02
-1.9029306030e+02
1.3493994141e+02
4.6067202759e+02
-5.1676068115e+02
-1.9060073853e+02
1.3462622070e+02
4.6035101318e+02
-5.1691107178e+02
-1.9075482178e+02
1.3446922302e+02
4.6019110107e+02
-5.1691107178e+02
-1.9075482178e+02
1.3446922302e+02
4.6019110107e+02
-5.1676068115e+02
-1.9060073853e+02
1.3462622070e+02
4.6035101318e+02
-5.1645898438e+02
-1.9029306030e+02
1.3493994141e+02
4.6067202759e+02
-5.1600805664e+02
-1.8983085632e+02
1.3541104126e+02
4.6115209961e+02
-5.1540490723e+02
-1.8921659851e+02
1.3603762817e+02
4.6179498291e+02
-5.1465484619e+02
-1.8844749451e+02
1.3682199097e+02
4.6259524536e+02
-5.1375201416e+02
-1.8753424072e+02
1.3775367737e+02
4.6355895996e+02
-5.1270867920e+02
-1.8646929932e+02
1.3884045410e+02
4.6467330933e+02
-5.1151531982e+02
-1.8530191040e+02
1.4002684021e+02
4.6593658447e+02
-5.1020874023e+02
-1.8401644897e+02
1.4133753967e+02
4.6731466675e+02
-5.0878778076e+02
-1.8283726501e+02
1.4251968384e+02
4.6874929810e+02
-5.0738244629e+02
-1.8181822205e+02
1.4348744202e+02
4.7003723145e+02
-4.8469390869e+02
-1.7563757324e+02
1.3512571716e+02
4.4617584229e+02
-4.8582467651e+02
-1.7626416016e+02
1.3457226562e+02
4.4515350342e+02
-4.8711318970e+02
-1.7733367920e+02
1.3351296997e+02
4.4383566284e+02
-4.8829367065e+02
-1.7841822815e+02
1.3242080688e+02
4.4260891724e+02
-4.8936996460e+02
-1.7948716736e+02
1.3132722473e+02
4.4146047974e+02
-4.9032290649e+02
-1.8043547058e+02
1.3035630798e+02
4.4044302368e+02
-4.9114038086e+02
-1.8126824951e+02
1.2950288391e+02
4.3956866455e+02
-4.9182604980e+02
-1.8196264648e+02
1.2879095459e+02
4.3883523560e+02
-4.9237286377e+02
-1.8252194214e+02
1.2821801758e+02
4.3825100708e+02
-4.9278482056e+02
-1.8294090271e+02
1.2778872681e+02
4.3781097412e+02
-4.9305853271e+02
-1.8322093201e+02
1.2750204468e+02
4.3751892090e+02
-4.9319589233e+02
-1.8336076355e+02
1.2735883331e+02
4.3737237549e+02
-4.9319589233e+02
-1.8336076355e+02
1.2735883331e+02
4.3737237549e+02
-4.9305853271e+02
-1.8322093201e+02
1.2750204468e+02
4.3751892090e+02
-4.9278482056e+02
-1.8294090271e+02
1.2778872681e+02
4.3781097412e+02
-4.9237286377e+02
-1.8252194214e+02
1.2821801758e+02
4.3825100708e+02
-4.9182604980e+02
-1.8196264648e+02
1.2879095459e+02
4.3883523560e+02
-4.9114038086e+02
-1.8126824951e+02
1.2950288391e+02
4.3956866455e+02
-4.9032290649e+02
-1.8043547058e+02
1.3035630798e+02
4.4044302368e+02
-4.8936996460e+02
-1.7948716736e+02
1.3132722473e+02
4.4146047974e+02
-4.8829367065e+02
-1.7841822815e+02
1.3242080688e+02
4.4260891724e+02
-4.8711318970e+02
-1.7733367920e+02
1.3351296997e+02
4.4383566284e+02
-4.8582467651e+02
-1.7626416016e+02
1.3457226562e+02
4.4515350342e+02
-4.8469390869e+02
-1.7563757324e+02
1.3512571716e+02
4.4617584229e+02
-4.6108096313e+02
-1.6773965454e+02
1.2561933136e+02
4.2095242310e+02
-4.6201498413e+02
-1.6816226196e+02
1.2523051453e+02
4.2012176514e+02
-4.6311459351e+02
-1.6890557861e+02
1.2447643280e+02
4.1901904297e+02
-4.6413690186e+02
-1.6988746643e+02
1.2346485901e+02
4.1792437744e+02
-4.6509963989e+02
-1.7080615234e+02
1.2252715302e+02
4.1689492798e+02
-4.6594232178e+02
-1.7166569519e+02
1.2164714050e+02
4.1598510742e+02
-4.6667684937e+02
-1.7240718079e+02
1.2088802338e+02
4.1519155884e+02
-4.6728640747e+02
-1.7303506470e+02
1.2024588013e+02
4.1453350830e+02
-4.6777807617e+02
-1.7353704834e+02
1.1973218536e+02
4.1400305176e+02
-4.6814520264e+02
-1.7391539001e+02
1.1934544373e+02
4.1360751343e+02
-4.6839126587e+02
-1.7416723633e+02
1.1908785248e+02
4.1334249878e+02
-4.6851379395e+02
-1.7429342651e+02
1.1895887756e+02
4.1321066284e+02
-4.6851379395e+02
-1.7429342651e+02
1.1895887756e+02
4.1321066284e+02
-4.6839126587e+02
-1.7416723633e+02
1.1908785248e+02
4.1334249878e+02
-4.6814520264e+02
-1.7391539001e+02
1.1934544373e+02
4.1360751343e+02
-4.6777807617e+02
-1.7353704834e+02
1.1973218536e+02
4.1400305176e+02
-4.6728640747e+02
-1.7303506470e+02
1.2024588013e+02
4.1453350830e+02
-4.6667684937e+02
-1.7240718079e+02
1.2088802338e+02
4.1519155884e+02
-4.6594232178e+02
-1.7166569519e+02
1.2164714050e+02
4.1598510742e+02
-4.6509963989e+02
-1.7080615234e+02
1.2252715302e+02
4.1689492798e+02
-4.6413690186e+02
-1.6988746643e+02
1.2346485901e+02
4.1792437744e+02
-4.6311459351e+02
-1.6890557861e+02
1.2447643280e+02
4.1901904297e+02
-4.6201498413e+02
-1.6816226196e+02
1.2523051453e+02
4.2012176514e+02
-4.6108096313e+02
-1.6773965454e+02
1.2561933136e+02
4.2095242310e+02
-4.3491897583e+02
-1.6062203979e+02
1.1619756317e+02
3.9357296753e+02
-4.3557739258e+02
-1.6059532166e+02
1.1630290222e+02
3.9301745605e+02
-4.3652059937e+02
-1.6126344299e+02
1.1565337372e+02
3.9203265381e+02
-4.3742657471e+02
-1.6203488159e+02
1.1488185120e+02
3.9108859253e+02
-4.3826583862e+02
-1.6285214233e+02
1.1404335022e+02
3.9018377686e+02
-4.3901739502e+02
-1.6359150696e+02
1.1328262329e+02
3.8937139893e+02
-4.3966302490e+02
-1.6424894714e+02
1.1260582733e+02
3.8867318726e+02
-4.4020709229e+02
-1.6479922485e+02
1.1203854370e+02
3.8808419800e+02
-4.4064031982e+02
-1.6524391174e+02
1.1158068848e+02
3.8761572266e+02
-4.4096755981e+02
-1.6557720947e+02
1.1123724365e+02
3.8726177979e+02
-4.4118463135e+02
-1.6580024719e+02
1.1100768280e+02
3.8702725220e+02
-4.4129376221e+02
-1.6591160583e+02
1.1089299774e+02
3.8690933228e+02
-4.4129376221e+02
-1.6591160583e+02
1.1089299774e+02
3.8690933228e+02
-4.4118463135e+02
-1.6580024719e+02
1.1100768280e+02
3.8702725220e+02
-4.4096755981e+02
-1.6557720947e+02
1.1123724365e+02
3.8726177979e+02
-4.4064031982e+02
-1.6524391174e+02
1.1158068848e+02
3.8761572266e+02
-4.4020709229e+02
-1.6479922485e+02
1.1203854370e+02
3.8808419800e+02
-4.3966302490e+02
-1.6424894714e+02
1.1260582733e+02
3.8867318726e+02
-4.3901739502e+02
-1.6359150696e+02
1.1328262329e+02
3.8937139893e+02
-4.3826583862e+02
-1.6285214233e+02
1.1404335022e+02
3.9018377686e+02
-4.3742657471e+02
-1.6203488159e+02
1.1488185120e+02
3.9108859253e+02
-4.3652059937e+02
-1.6126344299e+02
1.1565337372e+02
3.9203265381e+02
-4.3557739258e+02
-1.6059532166e+02
1.1630290222e+02
3.9301745605e+02
-4.3491897583e+02
-1.6062203979e+02
1.1619756317e+02
3.9357296753e+02
-4.0830844116e+02
-1.5153550720e+02
1.0551765442e+02
3.6536984253e+02
-4.0874694824e+02
-1.5135812378e+02
1.0570516205e+02
3.6500903320e+02
-4.0952841187e+02
-1.5165196228e+02
1.0538967133e+02
3.6424301147e+02
-4.1025927734e+02
-1.5231982422e+02
1.0468652344e+02
3.6344140625e+02
-4.1098654175e+02
-1.5298577881e+02
1.0400050354e+02
3.6265017700e+02
-4.1162475586e+02
-1.5363459778e+02
1.0333296967e+02
3.6195053101e+02
-4.1218795776e+02
-1.5420088196e+02
1.0275018311e+02
3.6133148193e+02
-4.1265454102e+02
-1.5468443298e+02
1.0225378418e+02
3.6081924438e+02
-4.1303286743e+02
-1.5507185364e+02
1.0185559082e+02
3.6040402222e+02
-4.1331475830e+02
-1.5536460876e+02
1.0155525208e+02
3.6009515381e+02
-4.1350427246e+02
-1.5555947876e+02
1.0135509491e+02
3.5988757324e+02
-4.1359844971e+02
-1.5565724182e+02
1.0125482178e+02
3.5978451538e+02
-4.1359844971e+02
-1.5565724182e+02
1.0125482178e+02
3.5978451538e+02
-4.1350427246e+02
-1.5555947876e+02
1.0135509491e+02
3.5988757324e+02
-4.1331475830e+02
-1.5536460876e+02
1.0155525208e+02
3.6009515381e+02
-4.1303286743e+02
-1.5507185364e+02
1.0185559082e+02
3.6040402222e+02
-4.1265454102e+02
-1.5468443298e+02
1.0225378418e+02
3.6081924438e+02
-4.1218795776e+02
-1.5420088196e+02
1.0275018311e+02
3.6133148193e+02
-4.1162475586e+02
-1.5363459778e+02
1.0333296967e+02
3.6195053101e+02
-4.1098654175e+02
-1.5298577881e+02
1.0400050354e+02
3.6265017700e+02
-4.1025927734e+02
-1.5231982422e+02
1.0468652344e+02
3.6344140625e+02
-4.0952841187e+02
-1.5165196228e+02
1.0538967133e+02
3.6424301147e+02
-4.0874694824e+02
-1.5135812378e+02
1.0570516205e+02
3.6500903320e+02
-4.0830844116e+02
-1.5153550720e+02
1.0551765442e+02
3.6536984253e+02
-3.7914208984e+02
-1.4358755493e+02
9.5325309753e+01
3.3495422363e+02
-3.7935284424e+02
-1.4290063477e+02
9.6101890564e+01
3.3485662842e+02
-3.7994299316e+02
-1.4317391968e+02
9.5857925415e+01
3.3420516968e+02
-3.8057852173e+02
-1.4364047241e+02
9.5399864197e+01
3.3353848267e+02
-3.8118493652e+02
-1.4420744324e+02
9.4817062378e+01
3.3287734985e+02
-3.8173837280e+02
-1.4474145508e+02
9.4263664246e+01
3.3226852417e+02
-3.8221490479e+02
-1.4522570801e+02
9.3762039185e+01
3.3174554443e+02
-3.8261978149e+02
-1.4563394165e+02
9.3337844849e+01
3.3130029297e+02
-3.8294128418e+02
-1.4596549988e+02
9.2994033813e+01
3.3094714355e+02
-3.8318521118e+02
-1.4621421814e+02
9.2735641479e+01
3.3067901611e+02
-3.8334652710e+02
-1.4638099670e+02
9.2562713623e+01
3.3050183105e+02
-3.8342788696e+02
-1.4646421814e+02
9.2476295471e+01
3.3041241455e+02
-3.8342788696e+02
-1.4646421814e+02
9.2476295471e+01
3.3041241455e+02
-3.8334652710e+02
-1.4638099670e+02
9.2562713623e+01
3.3050183105e+02
-3.8318521118e+02
-1.4621421814e+02
9.2735641479e+01
3.3067901611e+02
-3.8294128418e+02
-1.4596549988e+02
9.2994033813e+01
3.3094714355e+02
-3.8261978149e+02
-1.4563394165e+02
9.3337844849e+01
3.3130029297e+02
-3.8221490479e+02
-1.4522570801e+02
9.3762039185e+01
3.3174554443e+02
-3.8173837280e+02
-1.4474145508e+02
9.4263664246e+01
3.3226852417e+02
-3.8118493652e+02
-1.4420744324e+02
9.4817062378e+01
3.3287734985e+02
-3.8057852173e+02
-1.4364047241e+02
9.5399864197e+01
3.3353848267e+02
-3.7994299316e+02
-1.4317391968e+02
9.5857925415e+01
3.3420516968e+02
-3.7935284424e+02
-1.4290063477e+02
9.6101890564e+01
3.3485662842e+02
-3.7914208984e+02
-1.4358755493e+02
9.5325309753e+01
3.3495422363e+02
-3.5004992676e+02
-1.3343754578e+02
8.3653533936e+01
3.0446343994e+02
-3.4997998047e+02
-1.3269935608e+02
8.4371704102e+01
3.0455557251e+02
-3.5046865845e+02
-1.3256251526e+02
8.4475639343e+01
3.0410861206e+02
-3.5092254639e+02
-1.3292407227e+02
8.4074867249e+01
3.0359222412e+02
-3.5142440796e+02
-1.3335026550e+02
8.3627243042e+01
3.0302816772e+02
-3.5186761475e+02
-1.3379661560e+02
8.3164497375e+01
3.0253103638e+02
-3.5226754761e+02
-1.3419523621e+02
8.2751060486e+01
3.0208004761e+02
-3.5259759521e+02
-1.3454031372e+02
8.2395011902e+01
3.0170828247e+02
-3.5286773682e+02
-1.3481796265e+02
8.2107879639e+01
3.0140402222e+02
-3.5306826782e+02
-1.3502871704e+02
8.1890647888e+01
3.0117852783e+02
-3.5320388794e+02
-1.3516905212e+02
8.1745689392e+01
3.0102624512e+02
-3.5327102661e+02
-1.3523959351e+02
8.1672996521e+01
3.0095086670e+02
-3.5327102661e+02
-1.3523959351e+02
8.1672996521e+01
3.0095086670e+02
-3.5320388794e+02
-1.3516905212e+02
8.1745689392e+01
3.0102624512e+02
-3.5306826782e+02
-1.3502871704e+02
8.1890647888e+01
3.0117852783e+02
-3.5286773682e+02
-1.3481796265e+02
8.2107879639e+01
3.0140402222e+02
-3.5259759521e+02
-1.3454031372e+02
8.2395011902e+01
3.0170828247e+02
-3.5226754761e+02
-1.3419523621e+02
8.2751060486e+01
3.0208004761e+02
-3.5186761475e+02
-1.3379661560e+02
8.3164497375e+01
3.0253103638e+02
-3.5142440796e+02
-1.3335026550e+02
8.3627243042e+01
3.0302816772e+02
-3.5092254639e+02
-1.3292407227e+02
8.4074867249e+01
3.0359222412e+02
-3.5046865845e+02
-1.3256251526e+02
8.4475639343e+01
3.0410861206e+02
-3.4997998047e+02
-1.3269935608e+02
8.4371704102e+01
3.0455557251e+02
-3.5004992676e+02
-1.3343754578e+02
8.3653533936e+01
3.0446343994e+02
-3.1829293823e+02
-1.2478791046e+02
7.2971443176e+01
2.7144918823e+02
-3.1813592529e+02
-1.2347044373e+02
7.4395118713e+01
2.7177429199e+02
-3.1839025879e+02
-1.2337201691e+02
7.4531188965e+01
2.7143646240e+02
-3.1877246094e+02
-1.2356205750e+02
7.4354484558e+01
2.7102410889e+02
-3.1916448975e+02
-1.2389391327e+02
7.4012413025e+01
2.7059280396e+02
-3.1953497314e+02
-1.2423786163e+02
7.3651367188e+01
2.7017434692e+02
-3.1985549927e+02
-1.2456146240e+02
7.3312637329e+01
2.6981524658e+02
-3.2013256836e+02
-1.2483847046e+02
7.3021125793e+01
2.6950433350e+02
-3.2035165405e+02
-1.2506556702e+02
7.2783203125e+01
2.6925921631e+02
-3.2051928711e+02
-1.2523623657e+02
7.2603782654e+01
2.6907156372e+02
-3.2062954712e+02
-1.2535105133e+02
7.2483489990e+01
2.6894818115e+02
-3.2068545532e+02
-1.2540828705e+02
7.2423347473e+01
2.6888558960e+02
-3.2068545532e+02
-1.2540828705e+02
7.2423347473e+01
2.6888558960e+02
-3.2062954712e+02
-1.2535105133e+02
7.2483489990e+01
2.6894818115e+02
-3.2051928711e+02
-1.2523623657e+02
7.2603782654e+01
2.6907156372e+02
-3.2035165405e+02
-1.2506556702e+02
7.2783203125e+01
2.6925921631e+02
-3.2013256836e+02
-1.2483847046e+02
7.3021125793e+01
2.6950433350e+02
-3.1985549927e+02
-1.2456146240e+02
7.3312637329e+01
2.6981524658e+02
-3.1953497314e+02
-1.2423786163e+02
7.3651367188e+01
2.7017434692e+02
-3.1916448975e+02
-1.2389391327e+02
7.4012413025e+01
2.7059280396e+02
-3.1877246094e+02
-1.2356205750e+02
7.4354484558e+01
2.7102410889e+02
-3.1839025879e+02
-1.2337201691e+02
7.4531188965e+01
2.7143646240e+02
-3.1813592529e+02
-1.2347044373e+02
7.4395118713e+01
2.7177429199e+02
-3.1829293823e+02
-1.2478791046e+02
7.2971443176e+01
2.7144918823e+02
-2.8736981201e+02
-1.1361146545e+02
6.0530906677e+01
2.3934692383e+02
-2.8677264404e+02
-1.1238978577e+02
6.1697650909e+01
2.3983793640e+02
-2.8699890137e+02
-1.1188082886e+02
6.2169536591e+01
2.3967358398e+02
-2.8720977783e+02
-1.1196178436e+02
6.2054660797e+01
2.3941900635e+02
-2.8751068115e+02
-1.1217819977e+02
6.1819011688e+01
2.3905780029e+02
-2.8778146362e+02
-1.1244464111e+02
6.1540462494e+01
2.3874322510e+02
-2.8803704834e+02
-1.1269443512e+02
6.1279460907e+01
2.3844445801e+02
-2.8824548340e+02
-1.1291565704e+02
6.1050327301e+01
2.3820054626e+02
-2.8841876221e+02
-1.1309469604e+02
6.0863815308e+01
2.3799725342e+02
-2.8854605103e+02
-1.1323154449e+02
6.0721961975e+01
2.3784761047e+02
-2.8863299561e+02
-1.1332263947e+02
6.0627090454e+01
2.3774554443e+02
-2.8867572021e+02
-1.1336858368e+02
6.0579425812e+01
2.3769532776e+02
-2.8867572021e+02
-1.1336858368e+02
6.0579425812e+01
2.3769532776e+02
-2.8863299561e+02
-1.1332263947e+02
6.0627090454e+01
2.3774554443e+02
-2.8854605103e+02
-1.1323154449e+02
6.0721961975e+01
2.3784761047e+02
-2.8841876221e+02
-1.1309469604e+02
6.0863815308e+01
2.3799725342e+02
-2.8824548340e+02
-1.1291565704e+02
6.1050327301e+01
2.3820054626e+02
-2.8803704834e+02
-1.1269443512e+02
6.1279460907e+01
2.3844445801e+02
-2.8778146362e+02
-1.1244464111e+02
6.1540462494e+01
2.3874322510e+02
-2.8751068115e+02
-1.1217819977e+02
6.1819011688e+01
2.3905780029e+02
-2.8720977783e+02
-1.1196178436e+02
6.2054660797e+01
2.3941900635e+02
-2.8699890137e+02
-1.1188082886e+02
6.2169536591e+01
2.3967358398e+02
-2.8677264404e+02
-1.1238978577e+02
6.1697650909e+01
2.3983793640e+02
-2.8736981201e+02
-1.1361146545e+02
6.0530906677e+01
2.3934692383e+02
-2.5315028381e+02
-1.0464714813e+02
4.9473884583e+01
2.0425418091e+02
-2.5276914978e+02
-1.0276087189e+02
5.1483013153e+01
2.0496347046e+02
-2.5275299072e+02
-1.0231340790e+02
5.1964183807e+01
2.0490333557e+02
-2.5291658020e+02
-1.0227016449e+02
5.2012012482e+01
2.0470767212e+02
-2.5312567139e+02
-1.0239171600e+02
5.1880332947e+01
2.0448008728e+02
-2.5333659363e+02
-1.0256681824e+02
5.1688392639e+01
2.0423056030e+02
-2.5352014160e+02
-1.0274710083e+02
5.1493152618e+01
2.0401617432e+02
-2.5368565369e+02
-1.0290817261e+02
5.1318244934e+01
2.0382322693e+02
-2.5381628418e+02
-1.0304370880e+02
5.1172901154e+01
2.0367277527e+02
-2.5391882324e+02
-1.0314653015e+02
5.1062358856e+01
2.0355567932e+02
-2.5398583984e+02
-1.0321644592e+02
5.0987854004e+01
2.0347946167e+02
-2.5402035522e+02
-1.0325130463e+02
5.0950553894e+01
2.0344039917e+02
-2.5402035522e+02
-1.0325130463e+02
5.0950553894e+01
2.0344039917e+02
-2.5398583984e+02
-1.0321644592e+02
5.0987854004e+01
2.0347946167e+02
-2.5391882324e+02
-1.0314653015e+02
5.1062358856e+01
2.0355567932e+02
-2.5381628418e+02
-1.0304370880e+02
5.1172901154e+01
2.0367277527e+02
-2.5368565369e+02
-1.0290817261e+02
5.1318244934e+01
2.0382322693e+02
-2.5352014160e+02
-1.0274710083e+02
5.1493152618e+01
2.0401617432e+02
-2.5333659363e+02
-1.0256681824e+02
5.1688392639e+01
2.0423056030e+02
-2.5312567139e+02
-1.0239171600e+02
5.1880332947e+01
2.0448008728e+02
-2.5291658020e+02
-1.0227016449e+02
5.2012012482e+01
2.0470767212e+02
-2.5275299072e+02
-1.0231340790e+02
5.1964183807e+01
2.0490333557e+02
-2.5276914978e+02
-1.0276087189e+02
5.1483013153e+01
2.0496347046e+02
-2.5315028381e+02
-1.0464714813e+02
4.9473884583e+01
2.0425418091e+02
-2.2155981445e+02
-9.1932647705e+01
3.6798122406e+01
1.7085891724e+02
-2.2040203857e+02
-9.0341476440e+01
3.8308891296e+01
1.7163198853e+02
-2.2035522461e+02
-8.9571228027e+01
3.9056682587e+01
1.7169447327e+02
-2.2034930420e+02
-8.9412124634e+01
3.9208175659e+01
1.7166804504e+02
-2.2047425842e+02
-8.9459663391e+01
3.9154922485e+01
1.7148017883e+02
-2.2060316467e+02
-8.9582489014e+01
3.9030555725e+01
1.7132031250e+02
-2.2074456787e+02
-8.9716300964e+01
3.8895866394e+01
1.7115147400e+02
-2.2085850525e+02
-8.9840515137e+01
3.8771392822e+01
1.7101785278e+02
-2.2095617676e+02
-8.9941886902e+01
3.8668502808e+01
1.7090213013e+02
-2.2102571106e+02
-9.0019744873e+01
3.8589473724e+01
1.7081863403e+02
-2.2107379150e+02
-9.0071174622e+01
3.8536640167e+01
1.7076045227e+02
-2.2109681702e+02
-9.0097167969e+01
3.8510021210e+01
1.7073225403e+02
-2.2109681702e+02
-9.0097167969e+01
3.8510021210e+01
1.7073225403e+02
-2.2107379150e+02
-9.0071174622e+01
3.8536640167e+01
1.7076045227e+02
-2.2102571106e+02
-9.0019744873e+01
3.8589473724e+01
1.7081863403e+02
-2.2095617676e+02
-8.9941886902e+01
3.8668502808e+01
1.7090213013e+02
-2.2085850525e+02
-8.9840515137e+01
3.8771392822e+01
1.7101785278e+02
-2.2074456787e+02
-8.9716300964e+01
3.8895866394e+01
1.7115147400e+02
-2.2060316467e+02
-8.9582489014e+01
3.9030555725e+01
1.7132031250e+02
-2.2047425842e+02
-8.9459663391e+01
3.9154922485e+01
1.7148017883e+02
-2.2034930420e+02
-8.9412124634e+01
3.9208175659e+01
1.7166804504e+02
-2.2035522461e+02
-8.9571228027e+01
3.9056682587e+01
1.7169447327e+02
-2.2040203857e+02
-9.0341476440e+01
3.8308891296e+01
1.7163198853e+02
-2.2155981445e+02
-9.1932647705e+01
3.6798122406e+01
1.7085891724e+02
-1.8405770874e+02
-8.4102478027e+01
2.4849374771e+01
1.3490283203e+02
-1.8361599731e+02
-8.1705734253e+01
2.7346279144e+01
1.3601179504e+02
-1.8348602295e+02
-8.0895233154e+01
2.8162731171e+01
1.3620895386e+02
-1.8353109741e+02
-8.0672897339e+01
2.8359031677e+01
1.3618585205e+02
-1.8363655090e+02
-8.0632560730e+01
2.8380107880e+01
1.3611648560e+02
-1.8374377441e+02
-8.0676513672e+01
2.8315639496e+01
1.3599874878e+02
-1.8382888794e+02
-8.0740898132e+01
2.8230379105e+01
1.3589497375e+02
-1.8390811157e+02
-8.0807472229e+01
2.8146024704e+01
1.3578958130e+02
-1.8396871948e+02
-8.0867942810e+01
2.8071523666e+01
1.3570796204e+02
-1.8401918030e+02
-8.0915954590e+01
2.8013416290e+01
1.3564062500e+02
-1.8405198669e+02
-8.0949905396e+01
2.7973096848e+01
1.3559727478e+02
-1.8406959534e+02
-8.0967102051e+01
2.7952781677e+01
1.3557435608e+02
-1.8406959534e+02
-8.0967102051e+01
2.7952781677e+01
1.3557435608e+02
-1.8405198669e+02
-8.0949905396e+01
2.7973096848e+01
1.3559727478e+02
-1.8401918030e+02
-8.0915954590e+01
2.8013416290e+01
1.3564062500e+02
-1.8396871948e+02
-8.0867942810e+01
2.8071523666e+01
1.3570796204e+02
-1.8390811157e+02
-8.0807472229e+01
2.8146024704e+01
1.3578958130e+02
-1.8382888794e+02
-8.0740898132e+01
2.8230379105e+01
1.3589497375e+02
-1.8374377441e+02
-8.0676513672e+01
2.8315639496e+01
1.3599874878e+02
-1.8363655090e+02
-8.0632560730e+01
2.8380107880e+01
1.3611648560e+02
-1.8353109741e+02
-8.0672897339e+01
2.8359031677e+01
1.3618585205e+02
-1.8348602295e+02
-8.0895233154e+01
2.8162731171e+01
1.3620895386e+02
-1.8361599731e+02
-8.1705734253e+01
2.7346279144e+01
1.3601179504e+02
-1.8405770874e+02
-8.4102478027e+01
2.4849374771e+01
1.3490283203e+02
-1.5418453979e+02
-6.7184112549e+01
1.3752330780e+01
9.9335929871e+01
-1.5255004883e+02
-6.5459053040e+01
1.5475363731e+01
1.0014155579e+02
-1.5219038391e+02
-6.4688179016e+01
1.6274213791e+01
1.0025886536e+02
-1.5195779419e+02
-6.4405982971e+01
1.6601150513e+01
1.0035317230e+02
-1.5191860962e+02
-6.4361160278e+01
1.6661224365e+01
1.0026405334e+02
-1.5194062805e+02
-6.4416358948e+01
1.6620134354e+01
1.0018529510e+02
-1.5202478027e+02
-6.4514137268e+01
1.6540613174e+01
1.0007925415e+02
-1.5211622620e+02
-6.4620872498e+01
1.6450731277e+01
9.9994979858e+01
-1.5221054077e+02
-6.4718307495e+01
1.6369737625e+01
9.9914886475e+01
-1.5228584290e+02
-6.4797523499e+01
1.6302801132e+01
9.9857292175e+01
-1.5234101868e+02
-6.4852386475e+01
1.6256885529e+01
9.9815139771e+01
-1.5236865234e+02
-6.4880538940e+01
1.6233053207e+01
9.9794952393e+01
-1.5236865234e+02
-6.4880538940e+01
1.6233053207e+01
9.9794952393e+01
-1.5234101868e+02
-6.4852386475e+01
1.6256885529e+01
9.9815139771e+01
-1.5228584290e+02
-6.4797523499e+01
1.6302801132e+01
9.9857292175e+01
-1.5221054077e+02
-6.4718307495e+01
1.6369737625e+01
9.9914886475e+01
-1.5211622620e+02
-6.4620872498e+01
1.6450731277e+01
9.9994979858e+01
-1.5202478027e+02
-6.4514137268e+01
1.6540613174e+01
1.0007925415e+02
-1.5194062805e+02
-6.4416358948e+01
1.6620134354e+01
1.0018529510e+02
-1.5191860962e+02
-6.4361160278e+01
1.6661224365e+01
1.0026405334e+02
-1.5195779419e+02
-6.4405982971e+01
1.6601150513e+01
1.0035317230e+02
-1.5219038391e+02
-6.4688179016e+01
1.6274213791e+01
1.0025886536e+02
-1.5255004883e+02
-6.5459053040e+01
1.5475363731e+01
1.0014155579e+02
-1.5418453979e+02
-6.7184112549e+01
1.3752330780e+01
9.9335929871e+01
-1.1004090118e+02
-6.4817153931e+01
-9.6606349945e-01
6.6419937134e+01
-1.0956807709e+02
-6.1973194122e+01
1.6666650772e+00
6.7834625244e+01
-1.0960270691e+02
-6.0739994049e+01
2.8111946583e+00
6.8289245605e+01
-1.0988493347e+02
-6.0446182251e+01
3.0321464539e+00
6.8345146179e+01
-1.1022901917e+02
-6.0456989288e+01
3.0250475407e+00
6.8286193848e+01
-1.1056819916e+02
-6.0588329315e+01
2.9010894299e+00
6.8151573181e+01
-1.1083918762e+02
-6.0739151001e+01
2.7556040287e+00
6.8019020081e+01
-1.1105574799e+02
-6.0877193451e+01
2.6198906898e+00
6.7883300781e+01
-1.1121140289e+02
-6.0989116669e+01
2.5046122074e+00
6.7775756836e+01
-1.1132239532e+02
-6.1072170258e+01
2.4186942577e+00
6.7687408447e+01
-1.1139073944e+02
-6.1126487732e+01
2.3602888584e+00
6.7630561829e+01
-1.1142434692e+02
-6.1153335571e+01
2.3316833973e+00
6.7600547791e+01
-1.1142434692e+02
-6.1153335571e+01
2.3316833973e+00
6.7600547791e+01
-1.1139073944e+02
-6.1126487732e+01
2.3602888584e+00
6.7630561829e+01
-1.1132239532e+02
-6.1072170258e+01
2.4186942577e+00
6.7687408447e+01
-1.1121140289e+02
-6.0989116669e+01
2.5046122074e+00
6.7775756836e+01
-1.1105574799e+02
-6.0877193451e+01
2.6198906898e+00
6.7883300781e+01
-1.1083918762e+02
-6.0739151001e+01
2.7556040287e+00
6.8019020081e+01
-1.1056819916e+02
-6.0588329315e+01
2.9010894299e+00
6.8151573181e+01
-1.1022901917e+02
-6.0456989288e+01
3.0250475407e+00
6.8286193848e+01
-1.0988493347e+02
-6.0446182251e+01
3.0321464539e+00
6.8345146179e+01
-1.0960270691e+02
-6.0739994049e+01
2.8111946583e+00
6.8289245605e+01
-1.0956807709e+02
-6.1973194122e+01
1.6666650772e+00
6.7834625244e+01
-1.1004090118e+02
-6.4817153931e+01
-9.6606349945e-01
6.6419937134e+01
-8.5993843079e+01
-3.4992366791e+01
-5.5141949654e+00
2.4535169601e+01
-8.5061004639e+01
-3.4051971436e+01
-3.7745451927e+00
2.5023021698e+01
-8.5127113342e+01
-3.4322673798e+01
-3.7409172058e+00
2.4448074341e+01
-8.5038757324e+01
-3.4682929993e+01
-3.9127690792e+00
2.4070701599e+01
-8.5073501587e+01
-3.4952224731e+01
-4.1941542625e+00
2.3640722275e+01
-8.4992332458e+01
-3.5167579651e+01
-4.4365916252e+00
2.3319868088e+01
-8.4927391052e+01
-3.5303138733e+01
-4.6345777512e+00
2.3044254303e+01
-8.4840301514e+01
-3.5396148682e+01
-4.7833266258e+00
2.2842941284e+01
-8.4770919800e+01
-3.5451671600e+01
-4.8894915581e+00
2.2685955048e+01
-8.4710395813e+01
-3.5486148834e+01
-4.9631595612e+00
2.2579547882e+01
-8.4670860291e+01
-3.5504886627e+01
-5.0080599785e+00
2.2508914948e+01
-8.4649719238e+01
-3.5513339996e+01
-5.0299921036e+00
2.2475835800e+01
-8.4649719238e+01
-3.5513339996e+01
-5.0299921036e+00
2.2475835800e+01
-8.4670860291e+01
-3.5504886627e+01
-5.0080599785e+00
2.2508914948e+01
-8.4710395813e+01
-3.5486148834e+01
-4.9631595612e+00
2.2579547882e+01
-8.4770919800e+01
-3.5451671600e+01
-4.8894915581e+00
2.2685955048e+01
-8.4840301514e+01
-3.5396148682e+01
-4.7833266258e+00
2.2842941284e+01
-8.4927391052e+01
-3.5303138733e+01
-4.6345777512e+00
2.3044254303e+01
-8.4992332458e+01
-3.5167579651e+01
-4.4365916252e+00
2.3319868088e+01
-8.5073501587e+01
-3.4952224731e+01
-4.1941542625e+00
2.3640722275e+01
-8.5038757324e+01
-3.4682929993e+01
-3.9127690792e+00
2.4070701599e+01
-8.5127113342e+01
-3.4322673798e+01
-3.7409172058e+00
2.4448074341e+01
-8.5061004639e+01
-3.4051971436e+01
-3.7745451927e+00
2.5023021698e+01
-8.5993843079e+01
-3.4992366791e+01
-5.5141949654e+00
2.4535169601e+01
-3.4971584320e+01
-5.2766792297e+01
-2.7492080688e+01
7.2430734634e+00
-3.4025238037e+01
-5.0411617279e+01
-2.7625783920e+01
5.9928927422e+00
-3.3352237701e+01
-4.8515033722e+01
-2.6922773361e+01
5.6154885292e+00
-3.3109580994e+01
-4.7372066498e+01
-2.6680681229e+01
5.1005749702e+00
-3.2603420258e+01
-4.6783042908e+01
-2.6513660431e+01
4.7535333633e+00
-3.2366661072e+01
-4.6327796936e+01
-2.6448091507e+01
4.4508724213e+00
-3.2091270447e+01
-4.6065124512e+01
-2.6384408951e+01
4.2602009773e+00
-3.1937490463e+01
-4.5848815918e+01
-2.6345462799e+01
4.1170153618e+00
-3.1795557022e+01
-4.5713935852e+01
-2.6307655334e+01
4.0224509239e+00
-3.1713043213e+01
-4.5610664368e+01
-2.6284463882e+01
3.9592926502e+00
-3.1652347565e+01
-4.5551593781e+01
-2.6266183853e+01
3.9205255508e+00
-3.1626506805e+01
-4.5520610809e+01
-2.6258481979e+01
3.9025337696e+00
-3.1626506805e+01
-4.5520610809e+01
-2.6258481979e+01
3.9025337696e+00
-3.1652347565e+01
-4.5551593781e+01
-2.6266183853e+01
3.9205255508e+00
-3.1713043213e+01
-4.5610664368e+01
-2.6284463882e+01
3.9592926502e+00
-3.1795557022e+01
-4.5713935852e+01
-2.6307655334e+01
4.0224509239e+00
-3.1937490463e+01
-4.5848815918e+01
-2.6345462799e+01
4.1170153618e+00
-3.2091270447e+01
-4.6065124512e+01
-2.6384408951e+01
4.2602009773e+00
-3.2366661072e+01
-4.6327796936e+01
-2.6448091507e+01
4.4508724213e+00
-3.2603420258e+01
-4.6783042908e+01
-2.6513660431e+01
4.7535333633e+00
-3.3109580994e+01
-4.7372066498e+01
-2.6680681229e+01
5.1005749702e+00
-3.3352237701e+01
-4.8515033722e+01
-2.6922773361e+01
5.6154885292e+00
-3.4025238037e+01
-5.0411617279e+01
-2.7625783920e+01
5.9928927422e+00
-3.4971584320e+01
-5.2766792297e+01
-2.7492080688e+01
7.2430734634e+00
