-3.5550537109e+01
-5.3271564484e+01
-2.7388183594e+01
7.6362004280e+00
-3.4529567719e+01
-5.0781581879e+01
-2.7454515457e+01
6.4096474648e+00
-3.3823329926e+01
-4.8819103241e+01
-2.6716682434e+01
6.0384993553e+00
-3.3561515808e+01
-4.7642631531e+01
-2.6464178085e+01
5.5260853767e+00
-3.3041126251e+01
-4.7038810730e+01
-2.6292600632e+01
5.1729803085e+00
-3.2796421051e+01
-4.6574714661e+01
-2.6227872849e+01
4.8661227226e+00
-3.2514820099e+01
-4.6307960510e+01
-2.6164739609e+01
4.6707544327e+00
-3.2357368469e+01
-4.6088756561e+01
-2.6127182007e+01
4.5245428085e+00
-3.2212566376e+01
-4.5952430725e+01
-2.6090145111e+01
4.4273471832e+00
-3.2128372192e+01
-4.5848079681e+01
-2.6067766190e+01
4.3625826836e+00
-3.2066524506e+01
-4.5788490295e+01
-2.6049892426e+01
4.3226671219e+00
-3.2040187836e+01
-4.5757221222e+01
-2.6042448044e+01
4.3041782379e+00
-3.2040187836e+01
-4.5757221222e+01
-2.6042448044e+01
4.3041782379e+00
-3.2066524506e+01
-4.5788490295e+01
-2.6049892426e+01
4.3226671219e+00
-3.2128372192e+01
-4.5848079681e+01
-2.6067766190e+01
4.3625826836e+00
-3.2212566376e+01
-4.5952430725e+01
-2.6090145111e+01
4.4273471832e+00
-3.2357368469e+01
-4.6088756561e+01
-2.6127182007e+01
4.5245428085e+00
-3.2514820099e+01
-4.6307960510e+01
-2.6164739609e+01
4.6707544327e+00
-3.2796421051e+01
-4.6574714661e+01
-2.6227872849e+01
4.8661227226e+00
-3.3041126251e+01
-4.7038810730e+01
-2.6292600632e+01
5.1729803085e+00
-3.3561515808e+01
-4.7642631531e+01
-2.6464178085e+01
5.5260853767e+00
-3.3823329926e+01
-4.8819103241e+01
-2.6716682434e+01
6.0384993553e+00
-3.4529567719e+01
-5.0781581879e+01
-2.7454515457e+01
6.4096474648e+00
-3.5550537109e+01
-5.3271564484e+01
-2.7388183594e+01
7.6362004280e+00
-8.7307273865e+01
-3.5551723480e+01
-5.4111452103e+00
2.5756111145e+01
-8.6308311462e+01
-3.4510051727e+01
-3.5450866222e+00
2.6300695419e+01
-8.6354934692e+01
-3.4740959167e+01
-3.4617958069e+00
2.5735269547e+01
-8.6253601074e+01
-3.5088882446e+01
-3.6154234409e+00
2.5360164642e+01
-8.6282554626e+01
-3.5352764130e+01
-3.8910715580e+00
2.4927223206e+01
-8.6196685791e+01
-3.5566787720e+01
-4.1324095726e+00
2.4601890564e+01
-8.6128562927e+01
-3.5701984406e+01
-4.3312902451e+00
2.4321727753e+01
-8.6038986206e+01
-3.5795116425e+01
-4.4813542366e+00
2.4116312027e+01
-8.5967765808e+01
-3.5850830078e+01
-4.5888228416e+00
2.3955997467e+01
-8.5905937195e+01
-3.5885471344e+01
-4.6635360718e+00
2.3847084045e+01
-8.5865547180e+01
-3.5904327393e+01
-4.7091469765e+00
2.3774784088e+01
-8.5843994141e+01
-3.5912837982e+01
-4.7314405441e+00
2.3740877151e+01
-8.5843994141e+01
-3.5912837982e+01
-4.7314405441e+00
2.3740877151e+01
-8.5865547180e+01
-3.5904327393e+01
-4.7091469765e+00
2.3774784088e+01
-8.5905937195e+01
-3.5885471344e+01
-4.6635360718e+00
2.3847084045e+01
-8.5967765808e+01
-3.5850830078e+01
-4.5888228416e+00
2.3955997467e+01
-8.6038986206e+01
-3.5795116425e+01
-4.4813542366e+00
2.4116312027e+01
-8.6128562927e+01
-3.5701984406e+01
-4.3312902451e+00
2.4321727753e+01
-8.6196685791e+01
-3.5566787720e+01
-4.1324095726e+00
2.4601890564e+01
-8.6282554626e+01
-3.5352764130e+01
-3.8910715580e+00
2.4927223206e+01
-8.6253601074e+01
-3.5088882446e+01
-3.6154234409e+00
2.5360164642e+01
-8.6354934692e+01
-3.4740959167e+01
-3.4617958069e+00
2.5735269547e+01
-8.6308311462e+01
-3.4510051727e+01
-3.5450866222e+00
2.6300695419e+01
-8.7307273865e+01
-3.5551723480e+01
-5.4111452103e+00
2.5756111145e+01
-1.1213546753e+02
-6.5788681030e+01
-4.6009117365e-01
6.8384323120e+01
-1.1161848450e+02
-6.2822650909e+01
2.2854175568e+00
6.9864601135e+01
-1.1164221954e+02
-6.1534290314e+01
3.4811413288e+00
7.0340759277e+01
-1.1192058563e+02
-6.1218872070e+01
3.7210679054e+00
7.0408340454e+01
-1.1226660156e+02
-6.1222042084e+01
3.7212629318e+00
7.0354042053e+01
-1.1260828400e+02
-6.1351497650e+01
3.5991857052e+00
7.0221672058e+01
-1.1288197327e+02
-6.1502490997e+01
3.4535388947e+00
7.0089675903e+01
-1.1310062408e+02
-6.1641510010e+01
3.3168892860e+00
6.9953765869e+01
-1.1325795746e+02
-6.1754463196e+01
3.2004847527e+00
6.9845703125e+01
-1.1337010193e+02
-6.1838436127e+01
3.1135911942e+00
6.9756759644e+01
-1.1343920135e+02
-6.1893383026e+01
3.0544624329e+00
6.9699440002e+01
-1.1347316742e+02
-6.1920566559e+01
3.0254878998e+00
6.9669166565e+01
-1.1347316742e+02
-6.1920566559e+01
3.0254878998e+00
6.9669166565e+01
-1.1343920135e+02
-6.1893383026e+01
3.0544624329e+00
6.9699440002e+01
-1.1337010193e+02
-6.1838436127e+01
3.1135911942e+00
6.9756759644e+01
-1.1325795746e+02
-6.1754463196e+01
3.2004847527e+00
6.9845703125e+01
-1.1310062408e+02
-6.1641510010e+01
3.3168892860e+00
6.9953765869e+01
-1.1288197327e+02
-6.1502490997e+01
3.4535388947e+00
7.0089675903e+01
-1.1260828400e+02
-6.1351497650e+01
3.5991857052e+00
7.0221672058e+01
-1.1226660156e+02
-6.1222042084e+01
3.7212629318e+00
7.0354042053e+01
-1.1192058563e+02
-6.1218872070e+01
3.7210679054e+00
7.0408340454e+01
-1.1164221954e+02
-6.1534290314e+01
3.4811413288e+00
7.0340759277e+01
-1.1161848450e+02
-6.2822650909e+01
2.2854175568e+00
6.9864601135e+01
-1.1213546753e+02
-6.5788681030e+01
-4.6009117365e-01
6.8384323120e+01
-1.5714595032e+02
-6.8307701111e+01
1.4487703323e+01
1.0221387482e+02
-1.5545027161e+02
-6.6481170654e+01
1.6315032959e+01
1.0306225586e+02
-1.5507679749e+02
-6.5669960022e+01
1.7156328201e+01
1.0318849945e+02
-1.5483807373e+02
-6.5374923706e+01
1.7497869492e+01
1.0328610229e+02
-1.5479867554e+02
-6.5326530457e+01
1.7562250137e+01
1.0319441986e+02
-1.5482235718e+02
-6.5382438660e+01
1.7520946503e+01
1.0311286163e+02
-1.5490901184e+02
-6.5482322693e+01
1.7439870834e+01
1.0300392914e+02
-1.5500309753e+02
-6.5591415405e+01
1.7348068237e+01
1.0291731262e+02
-1.5509971619e+02
-6.5691017151e+01
1.7265340805e+01
1.0283531189e+02
-1.5517689514e+02
-6.5771934509e+01
1.7197006226e+01
1.0277632904e+02
-1.5523333740e+02
-6.5827980042e+01
1.7150135040e+01
1.0273325348e+02
-1.5526162720e+02
-6.5856719971e+01
1.7125814438e+01
1.0271260834e+02
-1.5526162720e+02
-6.5856719971e+01
1.7125814438e+01
1.0271260834e+02
-1.5523333740e+02
-6.5827980042e+01
1.7150135040e+01
1.0273325348e+02
-1.5517689514e+02
-6.5771934509e+01
1.7197006226e+01
1.0277632904e+02
-1.5509971619e+02
-6.5691017151e+01
1.7265340805e+01
1.0283531189e+02
-1.5500309753e+02
-6.5591415405e+01
1.7348068237e+01
1.0291731262e+02
-1.5490901184e+02
-6.5482322693e+01
1.7439870834e+01
1.0300392914e+02
-1.5482235718e+02
-6.5382438660e+01
1.7520946503e+01
1.0311286163e+02
-1.5479867554e+02
-6.5326530457e+01
1.7562250137e+01
1.0319441986e+02
-1.5483807373e+02
-6.5374923706e+01
1.7497869492e+01
1.0328610229e+02
-1.5507679749e+02
-6.5669960022e+01
1.7156328201e+01
1.0318849945e+02
-1.5545027161e+02
-6.6481170654e+01
1.6315032959e+01
1.0306225586e+02
-1.5714595032e+02
-6.8307701111e+01
1.4487703323e+01
1.0221387482e+02
-1.8776945496e+02
-8.5557281494e+01
2.5915699005e+01
1.3856224060e+02
-1.8728921509e+02
-8.3055610657e+01
2.8518062592e+01
1.3972549438e+02
-1.8715252686e+02
-8.2202484131e+01
2.9376499176e+01
1.3993107605e+02
-1.8719711304e+02
-8.1967651367e+01
2.9584356308e+01
1.3990913391e+02
-1.8730746460e+02
-8.1925704956e+01
2.9606454849e+01
1.3983593750e+02
-1.8741954041e+02
-8.1972328186e+01
2.9538833618e+01
1.3971325684e+02
-1.8750950623e+02
-8.2040458679e+01
2.9449337006e+01
1.3960435486e+02
-1.8759281921e+02
-8.2110801697e+01
2.9360830307e+01
1.3949438477e+02
-1.8765682983e+02
-8.2174522400e+01
2.9282777786e+01
1.3940898132e+02
-1.8770983887e+02
-8.2225074768e+01
2.9221927643e+01
1.3933879089e+02
-1.8774436951e+02
-8.2260749817e+01
2.9179758072e+01
1.3929350281e+02
-1.8776284790e+02
-8.2278816223e+01
2.9158510208e+01
1.3926962280e+02
-1.8776284790e+02
-8.2278816223e+01
2.9158510208e+01
1.3926962280e+02
-1.8774436951e+02
-8.2260749817e+01
2.9179758072e+01
1.3929350281e+02
-1.8770983887e+02
-8.2225074768e+01
2.9221927643e+01
1.3933879089e+02
-1.8765682983e+02
-8.2174522400e+01
2.9282777786e+01
1.3940898132e+02
-1.8759281921e+02
-8.2110801697e+01
2.9360830307e+01
1.3949438477e+02
-1.8750950623e+02
-8.2040458679e+01
2.9449337006e+01
1.3960435486e+02
-1.8741954041e+02
-8.1972328186e+01
2.9538833618e+01
1.3971325684e+02
-1.8730746460e+02
-8.1925704956e+01
2.9606454849e+01
1.3983593750e+02
-1.8719711304e+02
-8.1967651367e+01
2.9584356308e+01
1.3990913391e+02
-1.8715252686e+02
-8.2202484131e+01
2.9376499176e+01
1.3993107605e+02
-1.8728921509e+02
-8.3055610657e+01
2.8518062592e+01
1.3972549438e+02
-1.8776945496e+02
-8.5557281494e+01
2.5915699005e+01
1.3856224060e+02
-2.2612040710e+02
-9.3574592590e+01
3.8139263153e+01
1.7539552307e+02
-2.2491778564e+02
-9.1892982483e+01
3.9739757538e+01
1.7620515442e+02
-2.2486740112e+02
-9.1089843750e+01
4.0520675659e+01
1.7627217102e+02
-2.2486343384e+02
-9.0924018860e+01
4.0679107666e+01
1.7624349976e+02
-2.2499493408e+02
-9.0973907471e+01
4.0623603821e+01
1.7604792786e+02
-2.2513110352e+02
-9.1102676392e+01
4.0493385315e+01
1.7588037109e+02
-2.2527951050e+02
-9.1243026733e+01
4.0352249146e+01
1.7570411682e+02
-2.2539961243e+02
-9.1373306274e+01
4.0221782684e+01
1.7556410217e+02
-2.2550228882e+02
-9.1479736328e+01
4.0113842010e+01
1.7544309998e+02
-2.2557562256e+02
-9.1561485291e+01
4.0030937195e+01
1.7535560608e+02
-2.2562623596e+02
-9.1615531921e+01
3.9975482941e+01
1.7529473877e+02
-2.2565054321e+02
-9.1642837524e+01
3.9947547913e+01
1.7526519775e+02
-2.2565054321e+02
-9.1642837524e+01
3.9947547913e+01
1.7526519775e+02
-2.2562623596e+02
-9.1615531921e+01
3.9975482941e+01
1.7529473877e+02
-2.2557562256e+02
-9.1561485291e+01
4.0030937195e+01
1.7535560608e+02
-2.2550228882e+02
-9.1479736328e+01
4.0113842010e+01
1.7544309998e+02
-2.2539961243e+02
-9.1373306274e+01
4.0221782684e+01
1.7556410217e+02
-2.2527951050e+02
-9.1243026733e+01
4.0352249146e+01
1.7570411682e+02
-2.2513110352e+02
-9.1102676392e+01
4.0493385315e+01
1.7588037109e+02
-2.2499493408e+02
-9.0973907471e+01
4.0623603821e+01
1.7604792786e+02
-2.2486343384e+02
-9.0924018860e+01
4.0679107666e+01
1.7624349976e+02
-2.2486740112e+02
-9.1089843750e+01
4.0520675659e+01
1.7627217102e+02
-2.2491778564e+02
-9.1892982483e+01
3.9739757538e+01
1.7620515442e+02
-2.2612040710e+02
-9.3574592590e+01
3.8139263153e+01
1.7539552307e+02
-2.5845706177e+02
-1.0657405853e+02
5.1135723114e+01
2.0959632874e+02
-2.5804809570e+02
-1.0460422516e+02
5.3230667114e+01
2.1034176636e+02
-2.5803417969e+02
-1.0412860107e+02
5.3740592957e+01
2.1027812195e+02
-2.5820532227e+02
-1.0408312988e+02
5.3790744781e+01
2.1007456970e+02
-2.5842590332e+02
-1.0421083832e+02
5.3652713776e+01
2.0983544922e+02
-2.5864752197e+02
-1.0439495850e+02
5.3451446533e+01
2.0957460022e+02
-2.5884106445e+02
-1.0458434296e+02
5.3246833801e+01
2.0934979248e+02
-2.5901501465e+02
-1.0475358582e+02
5.3063514709e+01
2.0914799500e+02
-2.5915258789e+02
-1.0489590454e+02
5.2911231995e+01
2.0899037170e+02
-2.5926031494e+02
-1.0500389099e+02
5.2795391083e+01
2.0886785889e+02
-2.5933084106e+02
-1.0507729340e+02
5.2717334747e+01
2.0878802490e+02
-2.5936712646e+02
-1.0511390686e+02
5.2678249359e+01
2.0874716187e+02
-2.5936712646e+02
-1.0511390686e+02
5.2678249359e+01
2.0874716187e+02
-2.5933084106e+02
-1.0507729340e+02
5.2717334747e+01
2.0878802490e+02
-2.5926031494e+02
-1.0500389099e+02
5.2795391083e+01
2.0886785889e+02
-2.5915258789e+02
-1.0489590454e+02
5.2911231995e+01
2.0899037170e+02
-2.5901501465e+02
-1.0475358582e+02
5.3063514709e+01
2.0914799500e+02
-2.5884106445e+02
-1.0458434296e+02
5.3246833801e+01
2.0934979248e+02
-2.5864752197e+02
-1.0439495850e+02
5.3451446533e+01
2.0957460022e+02
-2.5842590332e+02
-1.0421083832e+02
5.3652713776e+01
2.0983544922e+02
-2.5820532227e+02
-1.0408312988e+02
5.3790744781e+01
2.1007456970e+02
-2.5803417969e+02
-1.0412860107e+02
5.3740592957e+01
2.1027812195e+02
-2.5804809570e+02
-1.0460422516e+02
5.3230667114e+01
2.1034176636e+02
-2.5845706177e+02
-1.0657405853e+02
5.1135723114e+01
2.0959632874e+02
-2.9349096680e+02
-1.1573506165e+02
6.2479667664e+01
2.4554124451e+02
-2.9286843872e+02
-1.1444293213e+02
6.3716041565e+01
2.4605587769e+02
-2.9310339355e+02
-1.1391470337e+02
6.4206787109e+01
2.4588500977e+02
-2.9332623291e+02
-1.1399929810e+02
6.4087745667e+01
2.4561801147e+02
-2.9364221191e+02
-1.1422676849e+02
6.3840808868e+01
2.4524079895e+02
-2.9392739868e+02
-1.1450640106e+02
6.3548938751e+01
2.4491123962e+02
-2.9419595337e+02
-1.1476876068e+02
6.3275245667e+01
2.4459887695e+02
-2.9441546631e+02
-1.1500100708e+02
6.3034999847e+01
2.4434341431e+02
-2.9459765625e+02
-1.1518904877e+02
6.2839397430e+01
2.4413078308e+02
-2.9473168945e+02
-1.1533273315e+02
6.2690654755e+01
2.4397409058e+02
-2.9482312012e+02
-1.1542839813e+02
6.2591163635e+01
2.4386730957e+02
-2.9486810303e+02
-1.1547664642e+02
6.2541183472e+01
2.4381474304e+02
-2.9486810303e+02
-1.1547664642e+02
6.2541183472e+01
2.4381474304e+02
-2.9482312012e+02
-1.1542839813e+02
6.2591163635e+01
2.4386730957e+02
-2.9473168945e+02
-1.1533273315e+02
6.2690654755e+01
2.4397409058e+02
-2.9459765625e+02
-1.1518904877e+02
6.2839397430e+01
2.4413078308e+02
-2.9441546631e+02
-1.1500100708e+02
6.3034999847e+01
2.4434341431e+02
-2.9419595337e+02
-1.1476876068e+02
6.3275245667e+01
2.4459887695e+02
-2.9392739868e+02
-1.1450640106e+02
6.3548938751e+01
2.4491123962e+02
-2.9364221191e+02
-1.1422676849e+02
6.3840808868e+01
2.4524079895e+02
-2.9332623291e+02
-1.1399929810e+02
6.4087745667e+01
2.4561801147e+02
-2.9310339355e+02
-1.1391470337e+02
6.4206787109e+01
2.4588500977e+02
-2.9286843872e+02
-1.1444293213e+02
6.3716041565e+01
2.4605587769e+02
-2.9349096680e+02
-1.1573506165e+02
6.2479667664e+01
2.4554124451e+02
-3.2515109253e+02
-1.2716607666e+02
7.5240135193e+01
2.7844998169e+02
-3.2498291016e+02
-1.2579040527e+02
7.6724426270e+01
2.7879110718e+02
-3.2525234985e+02
-1.2568092346e+02
7.6872543335e+01
2.7843698120e+02
-3.2565310669e+02
-1.2588117981e+02
7.6686111450e+01
2.7800595093e+02
-3.2606570435e+02
-1.2622910309e+02
7.6327888489e+01
2.7755377197e+02
-3.2645486450e+02
-1.2659032440e+02
7.5949340820e+01
2.7711602783e+02
-3.2679211426e+02
-1.2692996216e+02
7.5594383240e+01
2.7673974609e+02
-3.2708325195e+02
-1.2722084045e+02
7.5288803101e+01
2.7641439819e+02
-3.2731369019e+02
-1.2745923615e+02
7.5039443970e+01
2.7615759277e+02
-3.2748989868e+02
-1.2763844299e+02
7.4851364136e+01
2.7596118164e+02
-3.2760586548e+02
-1.2775898743e+02
7.4725280762e+01
2.7583193970e+02
-3.2766464233e+02
-1.2781909180e+02
7.4662231445e+01
2.7576641846e+02
-3.2766464233e+02
-1.2781909180e+02
7.4662231445e+01
2.7576641846e+02
-3.2760586548e+02
-1.2775898743e+02
7.4725280762e+01
2.7583193970e+02
-3.2748989868e+02
-1.2763844299e+02
7.4851364136e+01
2.7596118164e+02
-3.2731369019e+02
-1.2745923615e+02
7.5039443970e+01
2.7615759277e+02
-3.2708325195e+02
-1.2722084045e+02
7.5288803101e+01
2.7641439819e+02
-3.2679211426e+02
-1.2692996216e+02
7.5594383240e+01
2.7673974609e+02
-3.2645486450e+02
-1.2659032440e+02
7.5949340820e+01
2.7711602783e+02
-3.2606570435e+02
-1.2622910309e+02
7.6327888489e+01
2.7755377197e+02
-3.2565310669e+02
-1.2588117981e+02
7.6686111450e+01
2.7800595093e+02
-3.2525234985e+02
-1.2568092346e+02
7.6872543335e+01
2.7843698120e+02
-3.2498291016e+02
-1.2579040527e+02
7.6724426270e+01
2.7879110718e+02
-3.2515109253e+02
-1.2716607666e+02
7.5240135193e+01
2.7844998169e+02
-3.5768215942e+02
-1.3600964355e+02
8.6210418701e+01
3.1229067993e+02
-3.5760870361e+02
-1.3522705078e+02
8.6972747803e+01
3.1238778687e+02
-3.5812045288e+02
-1.3508865356e+02
8.7077827454e+01
3.1191964722e+02
-3.5859851074e+02
-1.3546707153e+02
8.6659553528e+01
3.1137838745e+02
-3.5912579346e+02
-1.3591508484e+02
8.6189842224e+01
3.1078817749e+02
-3.5959216309e+02
-1.3638352966e+02
8.5704811096e+01
3.1026724243e+02
-3.6001251221e+02
-1.3680216980e+02
8.5271186829e+01
3.0979519653e+02
-3.6035974121e+02
-1.3716442871e+02
8.4897872925e+01
3.0940579224e+02
-3.6064373779e+02
-1.3745597839e+02
8.4596748352e+01
3.0908731079e+02
-3.6085470581e+02
-1.3767723083e+02
8.4368965149e+01
3.0885113525e+02
-3.6099725342e+02
-1.3782458496e+02
8.4216957092e+01
3.0869171143e+02
-3.6106790161e+02
-1.3789863586e+02
8.4140731812e+01
3.0861279297e+02
-3.6106790161e+02
-1.3789863586e+02
8.4140731812e+01
3.0861279297e+02
-3.6099725342e+02
-1.3782458496e+02
8.4216957092e+01
3.0869171143e+02
-3.6085470581e+02
-1.3767723083e+02
8.4368965149e+01
3.0885113525e+02
-3.6064373779e+02
-1.3745597839e+02
8.4596748352e+01
3.0908731079e+02
-3.6035974121e+02
-1.3716442871e+02
8.4897872925e+01
3.0940579224e+02
-3.6001251221e+02
-1.3680216980e+02
8.5271186829e+01
3.0979519653e+02
-3.5959216309e+02
-1.3638352966e+02
8.5704811096e+01
3.1026724243e+02
-3.5912579346e+02
-1.3591508484e+02
8.6189842224e+01
3.1078817749e+02
-3.5859851074e+02
-1.3546707153e+02
8.6659553528e+01
3.1137838745e+02
-3.5812045288e+02
-1.3508865356e+02
8.7077827454e+01
3.1191964722e+02
-3.5760870361e+02
-1.3522705078e+02
8.6972747803e+01
3.1238778687e+02
-3.5768215942e+02
-1.3600964355e+02
8.6210418701e+01
3.1229067993e+02
-3.8748825073e+02
-1.4638960266e+02
9.8196945190e+01
3.4356884766e+02
-3.8770864868e+02
-1.4567323303e+02
9.9005233765e+01
3.4346539307e+02
-3.8832931519e+02
-1.4595497131e+02
9.8753807068e+01
3.4278295898e+02
-3.8899639893e+02
-1.4644606018e+02
9.8271690369e+01
3.4208480835e+02
-3.8963418579e+02
-1.4704071045e+02
9.7661109924e+01
3.4139190674e+02
-3.9021566772e+02
-1.4760166931e+02
9.7080566406e+01
3.4075442505e+02
-3.9071688843e+02
-1.4811003113e+02
9.6554649353e+01
3.4020635986e+02
-3.9114242554e+02
-1.4853878784e+02
9.6109764099e+01
3.3974011230e+02
-3.9148056030e+02
-1.4888693237e+02
9.5749259949e+01
3.3937008667e+02
-3.9173696899e+02
-1.4914814758e+02
9.5478279114e+01
3.3908932495e+02
-3.9190661621e+02
-1.4932327271e+02
9.5296951294e+01
3.3890365601e+02
-3.9199212646e+02
-1.4941065979e+02
9.5206321716e+01
3.3881002808e+02
-3.9199212646e+02
-1.4941065979e+02
9.5206321716e+01
3.3881002808e+02
-3.9190661621e+02
-1.4932327271e+02
9.5296951294e+01
3.3890365601e+02
-3.9173696899e+02
-1.4914814758e+02
9.5478279114e+01
3.3908932495e+02
-3.9148056030e+02
-1.4888693237e+02
9.5749259949e+01
3.3937008667e+02
-3.9114242554e+02
-1.4853878784e+02
9.6109764099e+01
3.3974011230e+02
-3.9071688843e+02
-1.4811003113e+02
9.6554649353e+01
3.4020635986e+02
-3.9021566772e+02
-1.4760166931e+02
9.7080566406e+01
3.4075442505e+02
-3.8963418579e+02
-1.4704071045e+02
9.7661109924e+01
3.4139190674e+02
-3.8899639893e+02
-1.4644606018e+02
9.8271690369e+01
3.4208480835e+02
-3.8832931519e+02
-1.4595497131e+02
9.8753807068e+01
3.4278295898e+02
-3.8770864868e+02
-1.4567323303e+02
9.9005233765e+01
3.4346539307e+02
-3.8748825073e+02
-1.4638960266e+02
9.8196945190e+01
3.4356884766e+02
-4.1738101196e+02
-1.5452175903e+02
1.0867185211e+02
3.7477450562e+02
-4.1783956909e+02
-1.5432983398e+02
1.0887437439e+02
3.7439660645e+02
-4.1866021729e+02
-1.5464239502e+02
1.0854003143e+02
3.7359286499e+02
-4.1942907715e+02
-1.5534214783e+02
1.0780448151e+02
3.7275262451e+02
-4.2019335938e+02
-1.5604209900e+02
1.0708428955e+02
3.7192379761e+02
-4.2086468506e+02
-1.5672312927e+02
1.0638439178e+02
3.7119049072e+02
-4.2145672607e+02
-1.5731791687e+02
1.0577298737e+02
3.7054211426e+02
-4.2194750977e+02
-1.5782559204e+02
1.0525237274e+02
3.7000534058e+02
-4.2234524536e+02
-1.5823246765e+02
1.0483467865e+02
3.6957046509e+02
-4.2264172363e+02
-1.5853985596e+02
1.0451966858e+02
3.6924682617e+02
-4.2284100342e+02
-1.5874450684e+02
1.0430971527e+02
3.6902941895e+02
-4.2294003296e+02
-1.5884716797e+02
1.0420454407e+02
3.6892144775e+02
-4.2294003296e+02
-1.5884716797e+02
1.0420454407e+02
3.6892144775e+02
-4.2284100342e+02
-1.5874450684e+02
1.0430971527e+02
3.6902941895e+02
-4.2264172363e+02
-1.5853985596e+02
1.0451966858e+02
3.6924682617e+02
-4.2234524536e+02
-1.5823246765e+02
1.0483467865e+02
3.6957046509e+02
-4.2194750977e+02
-1.5782559204e+02
1.0525237274e+02
3.7000534058e+02
-4.2145672607e+02
-1.5731791687e+02
1.0577298737e+02
3.7054211426e+02
-4.2086468506e+02
-1.5672312927e+02
1.0638439178e+02
3.7119049072e+02
-4.2019335938e+02
-1.5604209900e+02
1.0708428955e+02
3.7192379761e+02
-4.1942907715e+02
-1.5534214783e+02
1.0780448151e+02
3.7275262451e+02
-4.1866021729e+02
-1.5464239502e+02
1.0854003143e+02
3.7359286499e+02
-4.1783956909e+02
-1.5432983398e+02
1.0887437439e+02
3.7439660645e+02
-4.1738101196e+02
-1.5452175903e+02
1.0867185211e+02
3.7477450562e+02
-4.4466546631e+02
-1.6381457520e+02
1.1965316010e+02
4.0372625732e+02
-4.4535675049e+02
-1.6378939819e+02
1.1975912476e+02
4.0314157104e+02
-4.4634729004e+02
-1.6448698425e+02
1.1908095551e+02
4.0210964966e+02
-4.4729901123e+02
-1.6529850769e+02
1.1826972961e+02
4.0112011719e+02
-4.4818148804e+02
-1.6615606689e+02
1.1739080048e+02
4.0017160034e+02
-4.4897140503e+02
-1.6693292236e+02
1.1659244537e+02
3.9932049561e+02
-4.4965039062e+02
-1.6762326050e+02
1.1588259888e+02
3.9858862305e+02
-4.5022235107e+02
-1.6820130920e+02
1.1528743744e+02
3.9797152710e+02
-4.5067794800e+02
-1.6866833496e+02
1.1480718231e+02
3.9748052979e+02
-4.5102200317e+02
-1.6901841736e+02
1.1444688416e+02
3.9710971069e+02
-4.5125027466e+02
-1.6925268555e+02
1.1420609283e+02
3.9686392212e+02
-4.5136502075e+02
-1.6936962891e+02
1.1408578491e+02
3.9674035645e+02
-4.5136502075e+02
-1.6936962891e+02
1.1408578491e+02
3.9674035645e+02
-4.5125027466e+02
-1.6925268555e+02
1.1420609283e+02
3.9686392212e+02
-4.5102200317e+02
-1.6901841736e+02
1.1444688416e+02
3.9710971069e+02
-4.5067794800e+02
-1.6866833496e+02
1.1480718231e+02
3.9748052979e+02
-4.5022235107e+02
-1.6820130920e+02
1.1528743744e+02
3.9797152710e+02
-4.4965039062e+02
-1.6762326050e+02
1.1588259888e+02
3.9858862305e+02
-4.4897140503e+02
-1.6693292236e+02
1.1659244537e+02
3.9932049561e+02
-4.4818148804e+02
-1.6615606689e+02
1.1739080048e+02
4.0017160034e+02
-4.4729901123e+02
-1.6529850769e+02
1.1826972961e+02
4.0112011719e+02
-4.4634729004e+02
-1.6448698425e+02
1.1908095551e+02
4.0210964966e+02
-4.4535675049e+02
-1.6378939819e+02
1.1975912476e+02
4.0314157104e+02
-4.4466546631e+02
-1.6381457520e+02
1.1965316010e+02
4.0372625732e+02
-4.7149462891e+02
-1.7110163879e+02
1.2934400940e+02
4.3184216309e+02
-4.7247311401e+02
-1.7154124451e+02
1.2893930054e+02
4.3097082520e+02
-4.7362887573e+02
-1.7232467651e+02
1.2814526367e+02
4.2981323242e+02
-4.7470373535e+02
-1.7335435486e+02
1.2708560944e+02
4.2866555786e+02
-4.7571575928e+02
-1.7431990051e+02
1.2610099030e+02
4.2758648682e+02
-4.7660205078e+02
-1.7522232056e+02
1.2517800140e+02
4.2663265991e+02
-4.7737432861e+02
-1.7600126648e+02
1.2438137817e+02
4.2580108643e+02
-4.7801547241e+02
-1.7666065979e+02
1.2370770264e+02
4.2511126709e+02
-4.7853247070e+02
-1.7718794250e+02
1.2316870117e+02
4.2455538940e+02
-4.7891860962e+02
-1.7758531189e+02
1.2276294708e+02
4.2414080811e+02
-4.7917733765e+02
-1.7784983826e+02
1.2249267578e+02
4.2386312866e+02
-4.7930621338e+02
-1.7798237610e+02
1.2235736084e+02
4.2372491455e+02
-4.7930621338e+02
-1.7798237610e+02
1.2235736084e+02
4.2372491455e+02
-4.7917733765e+02
-1.7784983826e+02
1.2249267578e+02
4.2386312866e+02
-4.7891860962e+02
-1.7758531189e+02
1.2276294708e+02
4.2414080811e+02
-4.7853247070e+02
-1.7718794250e+02
1.2316870117e+02
4.2455538940e+02
-4.7801547241e+02
-1.7666065979e+02
1.2370770264e+02
4.2511126709e+02
-4.7737432861e+02
-1.7600126648e+02
1.2438137817e+02
4.2580108643e+02
-4.7660205078e+02
-1.7522232056e+02
1.2517800140e+02
4.2663265991e+02
-4.7571575928e+02
-1.7431990051e+02
1.2610099030e+02
4.2758648682e+02
-4.7470373535e+02
-1.7335435486e+02
1.2708560944e+02
4.2866555786e+02
-4.7362887573e+02
-1.7232467651e+02
1.2814526367e+02
4.2981323242e+02
-4.7247311401e+02
-1.7154124451e+02
1.2893930054e+02
4.3097082520e+02
-4.7149462891e+02
-1.7110163879e+02
1.2934400940e+02
4.3184216309e+02
-4.9572317505e+02
-1.7918083191e+02
1.3912908936e+02
4.5775424194e+02
-4.9691073608e+02
-1.7984043884e+02
1.3854476929e+02
4.5667913818e+02
-4.9826376343e+02
-1.8096083069e+02
1.3743528748e+02
4.5529751587e+02
-4.9950442505e+02
-1.8210131836e+02
1.3628749084e+02
4.5401089478e+02
-5.0063613892e+02
-1.8322344971e+02
1.3514060974e+02
4.5280673218e+02
-5.0163800049e+02
-1.8421997070e+02
1.3412139893e+02
4.5174017334e+02
-5.0249774170e+02
-1.8509463501e+02
1.3322599792e+02
4.5082345581e+02
-5.0321871948e+02
-1.8582418823e+02
1.3247886658e+02
4.5005471802e+02
-5.0379382324e+02
-1.8641169739e+02
1.3187770081e+02
4.4944219971e+02
-5.0422702026e+02
-1.8685185242e+02
1.3142721558e+02
4.4898101807e+02
-5.0451492310e+02
-1.8714602661e+02
1.3112640381e+02
4.4867483521e+02
-5.0465936279e+02
-1.8729292297e+02
1.3097613525e+02
4.4852124023e+02
-5.0465936279e+02
-1.8729292297e+02
1.3097613525e+02
4.4852124023e+02
-5.0451492310e+02
-1.8714602661e+02
1.3112640381e+02
4.4867483521e+02
-5.0422702026e+02
-1.8685185242e+02
1.3142721558e+02
4.4898101807e+02
-5.0379382324e+02
-1.8641169739e+02
1.3187770081e+02
4.4944219971e+02
-5.0321871948e+02
-1.8582418823e+02
1.3247886658e+02
4.5005471802e+02
-5.0249774170e+02
-1.8509463501e+02
1.3322599792e+02
4.5082345581e+02
-5.0163800049e+02
-1.8421997070e+02
1.3412139893e+02
4.5174017334e+02
-5.0063613892e+02
-1.8322344971e+02
1.3514060974e+02
4.5280673218e+02
-4.9950442505e+02
-1.8210131836e+02
1.3628749084e+02
4.5401089478e+02
-4.9826376343e+02
-1.8096083069e+02
1.3743528748e+02
4.5529751587e+02
-4.9691073608e+02
-1.7984043884e+02
1.3854476929e+02
4.5667913818e+02
-4.9572317505e+02
-1.7918083191e+02
1.3912908936e+02
4.5775424194e+02
-5.1900457764e+02
-1.8551161194e+02
1.4773701477e+02
4.8227761841e+02
-5.2047827148e+02
-1.8657878113e+02
1.4672276306e+02
4.8092562866e+02
-5.2197216797e+02
-1.8781925964e+02
1.4547975159e+02
4.7941925049e+02
-5.2334570312e+02
-1.8916824341e+02
1.4410543823e+02
4.7797402954e+02
-5.2460052490e+02
-1.9039520264e+02
1.4285952759e+02
4.7664923096e+02
-5.2569787598e+02
-1.9151361084e+02
1.4171926880e+02
4.7548071289e+02
-5.2664727783e+02
-1.9247315979e+02
1.4074128723e+02
4.7447033691e+02
-5.2743627930e+02
-1.9328106689e+02
1.3991818237e+02
4.7363125610e+02
-5.2807055664e+02
-1.9392642212e+02
1.3926054382e+02
4.7295730591e+02
-5.2854492188e+02
-1.9441197205e+02
1.3876614380e+02
4.7245394897e+02
-5.2886218262e+02
-1.9473522949e+02
1.3843690491e+02
4.7211746216e+02
-5.2902044678e+02
-1.9489709473e+02
1.3827214050e+02
4.7194976807e+02
-5.2902044678e+02
-1.9489709473e+02
1.3827214050e+02
4.7194976807e+02
-5.2886218262e+02
-1.9473522949e+02
1.3843690491e+02
4.7211746216e+02
-5.2854492188e+02
-1.9441197205e+02
1.3876614380e+02
4.7245394897e+02
-5.2807055664e+02
-1.9392642212e+02
1.3926054382e+02
4.7295730591e+02
-5.2743627930e+02
-1.9328106689e+02
1.3991818237e+02
4.7363125610e+02
-5.2664727783e+02
-1.9247315979e+02
1.4074128723e+02
4.7447033691e+02
-5.2569787598e+02
-1.9151361084e+02
1.4171926880e+02
4.7548071289e+02
-5.2460052490e+02
-1.9039520264e+02
1.4285952759e+02
4.7664923096e+02
-5.2334570312e+02
-1.8916824341e+02
1.4410543823e+02
4.7797402954e+02
-5.2197216797e+02
-1.8781925964e+02
1.4547975159e+02
4.7941925049e+02
-5.2047827148e+02
-1.8657878113e+02
1.4672276306e+02
4.8092562866e+02
-5.1900457764e+02
-1.8551161194e+02
1.4773701477e+02
4.8227761841e+02
-5.3967480469e+02
-1.9226651001e+02
1.5612229919e+02
5.0449816895e+02
-5.4133929443e+02
-1.9356640625e+02
1.5489656067e+02
5.0295599365e+02
-5.4302825928e+02
-1.9509097290e+02
1.5337783813e+02
5.0124533081e+02
-5.4454528809e+02
-1.9654606628e+02
1.5191015625e+02
4.9967550659e+02
-5.4591406250e+02
-1.9791804504e+02
1.5051199341e+02
4.9823095703e+02
-5.4711743164e+02
-1.9912373352e+02
1.4928298950e+02
4.9696054077e+02
-5.4814904785e+02
-2.0017301941e+02
1.4821240234e+02
4.9586950684e+02
-5.4901171875e+02
-2.0104643250e+02
1.4732135010e+02
4.9495776367e+02
-5.4970043945e+02
-2.0174816895e+02
1.4660591125e+02
4.9423071289e+02
-5.5021844482e+02
-2.0227375793e+02
1.4607006836e+02
4.9368432617e+02
-5.5056298828e+02
-2.0262472534e+02
1.4571250916e+02
4.9332122803e+02
-5.5073565674e+02
-2.0280001831e+02
1.4553388977e+02
4.9313931274e+02
-5.5073565674e+02
-2.0280001831e+02
1.4553388977e+02
4.9313931274e+02
-5.5056298828e+02
-2.0262472534e+02
1.4571250916e+02
4.9332122803e+02
-5.5021844482e+02
-2.0227375793e+02
1.4607006836e+02
4.9368432617e+02
-5.4970043945e+02
-2.0174816895e+02
1.4660591125e+02
4.9423071289e+02
-5.4901171875e+02
-2.0104643250e+02
1.4732135010e+02
4.9495776367e+02
-5.4814904785e+02
-2.0017301941e+02
1.4821240234e+02
4.9586950684e+02
-5.4711743164e+02
-1.9912373352e+02
1.4928298950e+02
4.9696054077e+02
-5.4591406250e+02
-1.9791804504e+02
1.5051199341e+02
4.9823095703e+02
-5.4454528809e+02
-1.9654606628e+02
1.5191015625e+02
4.9967550659e+02
-5.4302825928e+02
-1.9509097290e+02
1.5337783813e+02
5.0124533081e+02
-5.4133929443e+02
-1.9356640625e+02
1.5489656067e+02
5.0295599365e+02
-5.3967480469e+02
-1.9226651001e+02
1.5612229919e+02
5.0449816895e+02
-5.5894635010e+02
-1.9751998901e+02
1.6337724304e+02
5.2490551758e+02
-5.6086718750e+02
-1.9916513062e+02
1.6179777527e+02
5.2311596680e+02
-5.6267596436e+02
-2.0081958008e+02
1.6014559937e+02
5.2128973389e+02
-5.6432080078e+02
-2.0245822144e+02
1.5848466492e+02
5.1957495117e+02
-5.6579791260e+02
-2.0392507935e+02
1.5699822998e+02
5.1802514648e+02
-5.6708868408e+02
-2.0524026489e+02
1.5566035461e+02
5.1666137695e+02
-5.6820062256e+02
-2.0636526489e+02
1.5451640320e+02
5.1548797607e+02
-5.6912512207e+02
-2.0730888367e+02
1.5355700684e+02
5.1451281738e+02
-5.6986694336e+02
-2.0806231689e+02
1.5279103088e+02
5.1373132324e+02
-5.7042224121e+02
-2.0862854004e+02
1.5221574402e+02
5.1314709473e+02
-5.7079327393e+02
-2.0900552368e+02
1.5183268738e+02
5.1275708008e+02
-5.7097839355e+02
-2.0919421387e+02
1.5164106750e+02
5.1256256104e+02
-5.7097839355e+02
-2.0919421387e+02
1.5164106750e+02
5.1256256104e+02
-5.7079327393e+02
-2.0900552368e+02
1.5183268738e+02
5.1275708008e+02
-5.7042224121e+02
-2.0862854004e+02
1.5221574402e+02
5.1314709473e+02
-5.6986694336e+02
-2.0806231689e+02
1.5279103088e+02
5.1373132324e+02
-5.6912512207e+02
-2.0730888367e+02
1.5355700684e+02
5.1451281738e+02
-5.6820062256e+02
-2.0636526489e+02
1.5451640320e+02
5.1548797607e+02
-5.6708868408e+02
-2.0524026489e+02
1.5566035461e+02
5.1666137695e+02
-5.6579791260e+02
-2.0392507935e+02
1.5699822998e+02
5.1802514648e+02
-5.6432080078e+02
-2.0245822144e+02
1.5848466492e+02
5.1957495117e+02
-5.6267596436e+02
-2.0081958008e+02
1.6014559937e+02
5.2128973389e+02
-5.6086718750e+02
-1.9916513062e+02
1.6179777527e+02
5.2311596680e+02
-5.5894635010e+02
-1.9751998901e+02
1.6337724304e+02
5.2490551758e+02
-5.7558911133e+02
-2.0286471558e+02
1.7015727234e+02
5.4285888672e+02
-5.7767492676e+02
-2.0472315979e+02
1.6837452698e+02
5.4090472412e+02
-5.7965484619e+02
-2.0660534668e+02
1.6649591064e+02
5.3890631104e+02
-5.8141705322e+02
-2.0833854675e+02
1.6474696350e+02
5.3708636475e+02
-5.8299432373e+02
-2.0992929077e+02
1.6312986755e+02
5.3543200684e+02
-5.8437518311e+02
-2.1131954956e+02
1.6171603394e+02
5.3398248291e+02
-5.8555816650e+02
-2.1252209473e+02
1.6049211121e+02
5.3273883057e+02
-5.8654565430e+02
-2.1352214050e+02
1.5947462463e+02
5.3170184326e+02
-5.8733453369e+02
-2.1432423401e+02
1.5865898132e+02
5.3087445068e+02
-5.8792718506e+02
-2.1492498779e+02
1.5804820251e+02
5.3025347900e+02
-5.8832171631e+02
-2.1532588196e+02
1.5764085388e+02
5.2984057617e+02
-5.8851928711e+02
-2.1552613831e+02
1.5743734741e+02
5.2963385010e+02
-5.8851928711e+02
-2.1552613831e+02
1.5743734741e+02
5.2963385010e+02
-5.8832171631e+02
-2.1532588196e+02
1.5764085388e+02
5.2984057617e+02
-5.8792718506e+02
-2.1492498779e+02
1.5804820251e+02
5.3025347900e+02
-5.8733453369e+02
-2.1432423401e+02
1.5865898132e+02
5.3087445068e+02
-5.8654565430e+02
-2.1352214050e+02
1.5947462463e+02
5.3170184326e+02
-5.8555816650e+02
-2.1252209473e+02
1.6049211121e+02
5.3273883057e+02
-5.8437518311e+02
-2.1131954956e+02
1.6171603394e+02
5.3398248291e+02
-5.8299432373e+02
-2.0992929077e+02
1.6312986755e+02
5.3543200684e+02
-5.8141705322e+02
-2.0833854675e+02
1.6474696350e+02
5.3708636475e+02
-5.7965484619e+02
-2.0660534668e+02
1.6649591064e+02
5.3890631104e+02
-5.7767492676e+02
-2.0472315979e+02
1.6837452698e+02
5.4090472412e+02
-5.7558911133e+02
-2.0286471558e+02
1.7015727234e+02
5.4285888672e+02
-5.9044232178e+02
-2.0692326355e+02
1.7582595825e+02
5.5865942383e+02
-5.9273596191e+02
-2.0905465698e+02
1.7376875305e+02
5.5650408936e+02
-5.9481225586e+02
-2.1105447388e+02
1.7177359009e+02
5.5440856934e+02
-5.9668316650e+02
-2.1293481445e+02
1.6987271118e+02
5.5246929932e+02
-5.9834765625e+02
-2.1460386658e+02
1.6818310547e+02
5.5073028564e+02
-5.9980108643e+02
-2.1608361816e+02
1.6668019104e+02
5.4920343018e+02
-6.0104962158e+02
-2.1734783936e+02
1.6539663696e+02
5.4789331055e+02
-6.0208819580e+02
-2.1840524292e+02
1.6432315063e+02
5.4680426025e+02
-6.0292053223e+02
-2.1924951172e+02
1.6346623230e+02
5.4593273926e+02
-6.0354394531e+02
-2.1988343811e+02
1.6282318115e+02
5.4528082275e+02
-6.0396014404e+02
-2.2030557251e+02
1.6239498901e+02
5.4484600830e+02
-6.0416796875e+02
-2.2051676941e+02
1.6218084717e+02
5.4462896729e+02
-6.0416796875e+02
-2.2051676941e+02
1.6218084717e+02
5.4462896729e+02
-6.0396014404e+02
-2.2030557251e+02
1.6239498901e+02
5.4484600830e+02
-6.0354394531e+02
-2.1988343811e+02
1.6282318115e+02
5.4528082275e+02
-6.0292053223e+02
-2.1924951172e+02
1.6346623230e+02
5.4593273926e+02
-6.0208819580e+02
-2.1840524292e+02
1.6432315063e+02
5.4680426025e+02
-6.0104962158e+02
-2.1734783936e+02
1.6539663696e+02
5.4789331055e+02
-5.9980108643e+02
-2.1608361816e+02
1.6668019104e+02
5.4920343018e+02
-5.9834765625e+02
-2.1460386658e+02
1.6818310547e+02
5.5073028564e+02
-5.9668316650e+02
-2.1293481445e+02
1.6987271118e+02
5.5246929932e+02
-5.9481225586e+02
-2.1105447388e+02
1.7177359009e+02
5.5440856934e+02
-5.9273596191e+02
-2.0905465698e+02
1.7376875305e+02
5.5650408936e+02
-5.9044232178e+02
-2.0692326355e+02
1.7582595825e+02
5.5865942383e+02
-6.0265039062e+02
-2.1079122925e+02
1.8081646729e+02
5.7186096191e+02
-6.0507214355e+02
-2.1309223938e+02
1.7859382629e+02
5.6957824707e+02
-6.0728057861e+02
-2.1525929260e+02
1.7642990112e+02
5.6735235596e+02
-6.0923913574e+02
-2.1721459961e+02
1.7445709229e+02
5.6533288574e+02
-6.1098175049e+02
-2.1897833252e+02
1.7266760254e+02
5.6351269531e+02
-6.1250384521e+02
-2.2051591492e+02
1.7110639954e+02
5.6192083740e+02
-6.1380725098e+02
-2.2183993530e+02
1.6976121521e+02
5.6055633545e+02
-6.1489404297e+02
-2.2294079590e+02
1.6864323425e+02
5.5942010498e+02
-6.1576263428e+02
-2.2382257080e+02
1.6774816895e+02
5.5851318359e+02
-6.1641467285e+02
-2.2448309326e+02
1.6707791138e+02
5.5783319092e+02
-6.1684899902e+02
-2.2492364502e+02
1.6663107300e+02
5.5738073730e+02
-6.1706634521e+02
-2.2514376831e+02
1.6640782166e+02
5.5715435791e+02
-6.1706634521e+02
-2.2514376831e+02
1.6640782166e+02
5.5715435791e+02
-6.1684899902e+02
-2.2492364502e+02
1.6663107300e+02
5.5738073730e+02
-6.1641467285e+02
-2.2448309326e+02
1.6707791138e+02
5.5783319092e+02
-6.1576263428e+02
-2.2382257080e+02
1.6774816895e+02
5.5851318359e+02
-6.1489404297e+02
-2.2294079590e+02
1.6864323425e+02
5.5942010498e+02
-6.1380725098e+02
-2.2183993530e+02
1.6976121521e+02
5.6055633545e+02
-6.1250384521e+02
-2.2051591492e+02
1.7110639954e+02
5.6192083740e+02
-6.1098175049e+02
-2.1897833252e+02
1.7266760254e+02
5.6351269531e+02
-6.0923913574e+02
-2.1721459961e+02
1.7445709229e+02
5.6533288574e+02
-6.0728057861e+02
-2.1525929260e+02
1.7642990112e+02
5.6735235596e+02
-6.0507214355e+02
-2.1309223938e+02
1.7859382629e+02
5.6957824707e+02
-6.0265039062e+02
-2.1079122925e+02
1.8081646729e+02
5.7186096191e+02
-6.1275152588e+02
-2.1355570984e+02
1.8470893860e+02
5.8264257812e+02
-6.1531933594e+02
-2.1604634094e+02
1.8229768372e+02
5.8021807861e+02
-6.1759588623e+02
-2.1830154419e+02
1.8004789734e+02
5.7792211914e+02
-6.1963317871e+02
-2.2035945129e+02
1.7797039795e+02
5.7581793213e+02
-6.2143682861e+02
-2.2217907715e+02
1.7612913513e+02
5.7393841553e+02
-6.2301092529e+02
-2.2377996826e+02
1.7450485229e+02
5.7229132080e+02
-6.2436071777e+02
-2.2514758301e+02
1.7311758423e+02
5.7088018799e+02
-6.2548394775e+02
-2.2628904724e+02
1.7195986938e+02
5.6970697021e+02
-6.2638336182e+02
-2.2720065308e+02
1.7103561401e+02
5.6876892090e+02
-6.2705731201e+02
-2.2788464355e+02
1.7034246826e+02
5.6806701660e+02
-6.2750695801e+02
-2.2834022522e+02
1.6988085938e+02
5.6759906006e+02
-6.2773162842e+02
-2.2856808472e+02
1.6965007019e+02
5.6736547852e+02
-6.2773162842e+02
-2.2856808472e+02
1.6965007019e+02
5.6736547852e+02
-6.2750695801e+02
-2.2834022522e+02
1.6988085938e+02
5.6759906006e+02
-6.2705731201e+02
-2.2788464355e+02
1.7034246826e+02
5.6806701660e+02
-6.2638336182e+02
-2.2720065308e+02
1.7103561401e+02
5.6876892090e+02
-6.2548394775e+02
-2.2628904724e+02
1.7195986938e+02
5.6970697021e+02
-6.2436071777e+02
-2.2514758301e+02
1.7311758423e+02
5.7088018799e+02
-6.2301092529e+02
-2.2377996826e+02
1.7450485229e+02
5.7229132080e+02
-6.2143682861e+02
-2.2217907715e+02
1.7612913513e+02
5.7393841553e+02
-6.1963317871e+02
-2.2035945129e+02
1.7797039795e+02
5.7581793213e+02
-6.1759588623e+02
-2.1830154419e+02
1.8004789734e+02
5.7792211914e+02
-6.1531933594e+02
-2.1604634094e+02
1.8229768372e+02
5.8021807861e+02
-6.1275152588e+02
-2.1355570984e+02
1.8470893860e+02
5.8264257812e+02
-6.2020935059e+02
-2.1589747620e+02
1.8776467896e+02
5.9072033691e+02
-6.2285845947e+02
-2.1849684143e+02
1.8524612427e+02
5.8821514893e+02
-6.2521820068e+02
-2.2085452271e+02
1.8289207458e+02
5.8583795166e+02
-6.2730975342e+02
-2.2296067810e+02
1.8076759338e+02
5.8368341064e+02
-6.2916320801e+02
-2.2483964539e+02
1.7886376953e+02
5.8175250244e+02
-6.3078021240e+02
-2.2647703552e+02
1.7720278931e+02
5.8006481934e+02
-6.3216467285e+02
-2.2788237000e+02
1.7577668762e+02
5.7861932373e+02
-6.3331817627e+02
-2.2905122375e+02
1.7459103394e+02
5.7741650391e+02
-6.3424041748e+02
-2.2998649597e+02
1.7364274597e+02
5.7645617676e+02
-6.3493237305e+02
-2.3068725586e+02
1.7293249512e+02
5.7573657227e+02
-6.3539349365e+02
-2.3115444946e+02
1.7245916748e+02
5.7525756836e+02
-6.3562414551e+02
-2.3138792419e+02
1.7222265625e+02
5.7501806641e+02
-6.3562414551e+02
-2.3138792419e+02
1.7222265625e+02
5.7501806641e+02
-6.3539349365e+02
-2.3115444946e+02
1.7245916748e+02
5.7525756836e+02
-6.3493237305e+02
-2.3068725586e+02
1.7293249512e+02
5.7573657227e+02
-6.3424041748e+02
-2.2998649597e+02
1.7364274597e+02
5.7645617676e+02
-6.3331817627e+02
-2.2905122375e+02
1.7459103394e+02
5.7741650391e+02
-6.3216467285e+02
-2.2788237000e+02
1.7577668762e+02
5.7861932373e+02
-6.3078021240e+02
-2.2647703552e+02
1.7720278931e+02
5.8006481934e+02
-6.2916320801e+02
-2.2483964539e+02
1.7886376953e+02
5.8175250244e+02
-6.2730975342e+02
-2.2296067810e+02
1.8076759338e+02
5.8368341064e+02
-6.2521820068e+02
-2.2085452271e+02
1.8289207458e+02
5.8583795166e+02
-6.2285845947e+02
-2.1849684143e+02
1.8524612427e+02
5.8821514893e+02
-6.2020935059e+02
-2.1589747620e+02
1.8776467896e+02
5.9072033691e+02
-6.2532196045e+02
-2.1729782104e+02
1.8974652100e+02
5.9618853760e+02
-6.2804632568e+02
-2.1999446106e+02
1.8713177490e+02
5.9361010742e+02
-6.3044146729e+02
-2.2239913940e+02
1.8473229980e+02
5.9119622803e+02
-6.3257421875e+02
-2.2455792236e+02
1.8255441284e+02
5.8899774170e+02
-6.3445910645e+02
-2.2646601868e+02
1.8062359619e+02
5.8703625488e+02
-6.3610321045e+02
-2.2813616943e+02
1.7892994690e+02
5.8531982422e+02
-6.3751171875e+02
-2.2956407166e+02
1.7748207092e+02
5.8385028076e+02
-6.3868414307e+02
-2.3075398254e+02
1.7627578735e+02
5.8262829590e+02
-6.3962237549e+02
-2.3170468140e+02
1.7531237793e+02
5.8165185547e+02
-6.4032574463e+02
-2.3241760254e+02
1.7459027100e+02
5.8092089844e+02
-6.4079479980e+02
-2.3289257812e+02
1.7410929871e+02
5.8043389893e+02
-6.4102923584e+02
-2.3313006592e+02
1.7386888123e+02
5.8019067383e+02
-6.4102923584e+02
-2.3313006592e+02
1.7386888123e+02
5.8019067383e+02
-6.4079479980e+02
-2.3289257812e+02
1.7410929871e+02
5.8043389893e+02
-6.4032574463e+02
-2.3241760254e+02
1.7459027100e+02
5.8092089844e+02
-6.3962237549e+02
-2.3170468140e+02
1.7531237793e+02
5.8165185547e+02
-6.3868414307e+02
-2.3075398254e+02
1.7627578735e+02
5.8262829590e+02
-6.3751171875e+02
-2.2956407166e+02
1.7748207092e+02
5.8385028076e+02
-6.3610321045e+02
-2.2813616943e+02
1.7892994690e+02
5.8531982422e+02
-6.3445910645e+02
-2.2646601868e+02
1.8062359619e+02
5.8703625488e+02
-6.3257421875e+02
-2.2455792236e+02
1.8255441284e+02
5.8899774170e+02
-6.3044146729e+02
-2.2239913940e+02
1.8473229980e+02
5.9119622803e+02
-6.2804632568e+02
-2.1999446106e+02
1.8713177490e+02
5.9361010742e+02
-6.2532196045e+02
-2.1729782104e+02
1.8974652100e+02
5.9618853760e+02
-6.2783081055e+02
-2.1808195496e+02
1.9077583313e+02
5.9890820312e+02
-6.3058300781e+02
-2.2081599426e+02
1.8812400818e+02
5.9630212402e+02
-6.3300653076e+02
-2.2325521851e+02
1.8568925476e+02
5.9386065674e+02
-6.3515771484e+02
-2.2543064880e+02
1.8349505615e+02
5.9164501953e+02
-6.3705963135e+02
-2.2735894775e+02
1.8154295349e+02
5.8966595459e+02
-6.3871832275e+02
-2.2904156494e+02
1.7983679199e+02
5.8793572998e+02
-6.4013867188e+02
-2.3048236084e+02
1.7837562561e+02
5.8645440674e+02
-6.4132147217e+02
-2.3168161011e+02
1.7715983582e+02
5.8522229004e+02
-6.4226751709e+02
-2.3264041138e+02
1.7618823242e+02
5.8423828125e+02
-6.4297698975e+02
-2.3335905457e+02
1.7546028137e+02
5.8350128174e+02
-6.4344995117e+02
-2.3383799744e+02
1.7497531128e+02
5.8301049805e+02
-6.4368646240e+02
-2.3407740784e+02
1.7473292542e+02
5.8276525879e+02
-6.4368646240e+02
-2.3407740784e+02
1.7473292542e+02
5.8276525879e+02
-6.4344995117e+02
-2.3383799744e+02
1.7497531128e+02
5.8301049805e+02
-6.4297698975e+02
-2.3335905457e+02
1.7546028137e+02
5.8350128174e+02
-6.4226751709e+02
-2.3264041138e+02
1.7618823242e+02
5.8423828125e+02
-6.4132147217e+02
-2.3168161011e+02
1.7715983582e+02
5.8522229004e+02
-6.4013867188e+02
-2.3048236084e+02
1.7837562561e+02
5.8645440674e+02
-6.3871832275e+02
-2.2904156494e+02
1.7983679199e+02
5.8793572998e+02
-6.3705963135e+02
-2.2735894775e+02
1.8154295349e+02
5.8966595459e+02
-6.3515771484e+02
-2.2543064880e+02
1.8349505615e+02
5.9164501953e+02
-6.3300653076e+02
-2.2325521851e+02
1.8568925476e+02
5.9386065674e+02
-6.3058300781e+02
-2.2081599426e+02
1.8812400818e+02
5.9630212402e+02
-6.2783081055e+02
-2.1808195496e+02
1.9077583313e+02
5.9890820312e+02
-6.2783081055e+02
-2.1808195496e+02
1.9077583313e+02
5.9890820312e+02
-6.3058300781e+02
-2.2081599426e+02
1.8812400818e+02
5.9630212402e+02
-6.3300653076e+02
-2.2325521851e+02
1.8568925476e+02
5.9386065674e+02
-6.3515771484e+02
-2.2543064880e+02
1.8349505615e+02
5.9164501953e+02
-6.3705963135e+02
-2.2735894775e+02
1.8154295349e+02
5.8966595459e+02
-6.3871832275e+02
-2.2904156494e+02
1.7983679199e+02
5.8793572998e+02
-6.4013867188e+02
-2.3048236084e+02
1.7837562561e+02
5.8645440674e+02
-6.4132147217e+02
-2.3168161011e+02
1.7715983582e+02
5.8522229004e+02
-6.4226751709e+02
-2.3264041138e+02
1.7618823242e+02
5.8423828125e+02
-6.4297698975e+02
-2.3335905457e+02
1.7546028137e+02
5.8350128174e+02
-6.4344995117e+02
-2.3383799744e+02
1.7497531128e+02
5.8301049805e+02
-6.4368646240e+02
-2.3407740784e+02
1.7473292542e+02
5.8276525879e+02
-6.4368646240e+02
-2.3407740784e+02
1.7473292542e+02
5.8276525879e+02
-6.4344995117e+02
-2.3383799744e+02
1.7497531128e+02
5.8301049805e+02
-6.4297698975e+02
-2.3335905457e+02
1.7546028137e+02
5.8350128174e+02
-6.4226751709e+02
-2.3264041138e+02
1.7618823242e+02
5.8423828125e+02
-6.4132147217e+02
-2.3168161011e+02
1.7715983582e+02
5.8522229004e+02
-6.4013867188e+02
-2.3048236084e+02
1.7837562561e+02
5.8645440674e+02
-6.3871832275e+02
-2.2904156494e+02
1.7983679199e+02
5.8793572998e+02
-6.3705963135e+02
-2.2735894775e+02
1.8154295349e+02
5.8966595459e+02
-6.3515771484e+02
-2.2543064880e+02
1.8349505615e+02
5.9164501953e+02
-6.3300653076e+02
-2.2325521851e+02
1.8568925476e+02
5.9386065674e+02
-6.3058300781e+02
-2.2081599426e+02
1.8812400818e+02
5.9630212402e+02
-6.2783081055e+02
-2.1808195496e+02
1.9077583313e+02
5.9890820312e+02
-6.2532196045e+02
-2.1729782104e+02
1.8974652100e+02
5.9618853760e+02
-6.2804632568e+02
-2.1999446106e+02
1.8713177490e+02
5.9361010742e+02
-6.3044146729e+02
-2.2239913940e+02
1.8473229980e+02
5.9119622803e+02
-6.3257421875e+02
-2.2455792236e+02
1.8255441284e+02
5.8899774170e+02
-6.3445910645e+02
-2.2646600342e+02
1.8062359619e+02
5.8703625488e+02
-6.3610321045e+02
-2.2813616943e+02
1.7892994690e+02
5.8531982422e+02
-6.3751171875e+02
-2.2956407166e+02
1.7748207092e+02
5.8385028076e+02
-6.3868414307e+02
-2.3075398254e+02
1.7627578735e+02
5.8262829590e+02
-6.3962237549e+02
-2.3170468140e+02
1.7531237793e+02
5.8165185547e+02
-6.4032574463e+02
-2.3241760254e+02
1.7459027100e+02
5.8092089844e+02
-6.4079479980e+02
-2.3289257812e+02
1.7410929871e+02
5.8043389893e+02
-6.4102923584e+02
-2.3313006592e+02
1.7386888123e+02
5.8019067383e+02
-6.4102923584e+02
-2.3313006592e+02
1.7386888123e+02
5.8019067383e+02
-6.4079479980e+02
-2.3289257812e+02
1.7410929871e+02
5.8043389893e+02
-6.4032574463e+02
-2.3241760254e+02
1.7459027100e+02
5.8092089844e+02
-6.3962237549e+02
-2.3170468140e+02
1.7531237793e+02
5.8165185547e+02
-6.3868414307e+02
-2.3075398254e+02
1.7627578735e+02
5.8262829590e+02
-6.3751171875e+02
-2.2956407166e+02
1.7748207092e+02
5.8385028076e+02
-6.3610321045e+02
-2.2813616943e+02
1.7892994690e+02
5.8531982422e+02
-6.3445910645e+02
-2.2646600342e+02
1.8062359619e+02
5.8703625488e+02
-6.3257421875e+02
-2.2455792236e+02
1.8255441284e+02
5.8899774170e+02
-6.3044146729e+02
-2.2239913940e+02
1.8473229980e+02
5.9119622803e+02
-6.2804632568e+02
-2.1999446106e+02
1.8713177490e+02
5.9361010742e+02
-6.2532196045e+02
-2.1729782104e+02
1.8974652100e+02
5.9618853760e+02
-6.2020935059e+02
-2.1589747620e+02
1.8776467896e+02
5.9072033691e+02
-6.2285845947e+02
-2.1849684143e+02
1.8524612427e+02
5.8821514893e+02
-6.2521820068e+02
-2.2085452271e+02
1.8289207458e+02
5.8583795166e+02
-6.2730975342e+02
-2.2296067810e+02
1.8076759338e+02
5.8368341064e+02
-6.2916320801e+02
-2.2483964539e+02
1.7886376953e+02
5.8175250244e+02
-6.3078021240e+02
-2.2647703552e+02
1.7720278931e+02
5.8006481934e+02
-6.3216467285e+02
-2.2788237000e+02
1.7577668762e+02
5.7861932373e+02
-6.3331817627e+02
-2.2905122375e+02
1.7459103394e+02
5.7741650391e+02
-6.3424041748e+02
-2.2998649597e+02
1.7364274597e+02
5.7645617676e+02
-6.3493237305e+02
-2.3068725586e+02
1.7293249512e+02
5.7573657227e+02
-6.3539349365e+02
-2.3115444946e+02
1.7245916748e+02
5.7525756836e+02
-6.3562414551e+02
-2.3138792419e+02
1.7222265625e+02
5.7501806641e+02
-6.3562414551e+02
-2.3138792419e+02
1.7222265625e+02
5.7501806641e+02
-6.3539349365e+02
-2.3115444946e+02
1.7245916748e+02
5.7525756836e+02
-6.3493237305e+02
-2.3068725586e+02
1.7293249512e+02
5.7573657227e+02
-6.3424041748e+02
-2.2998649597e+02
1.7364274597e+02
5.7645617676e+02
-6.3331817627e+02
-2.2905122375e+02
1.7459103394e+02
5.7741650391e+02
-6.3216467285e+02
-2.2788237000e+02
1.7577668762e+02
5.7861932373e+02
-6.3078021240e+02
-2.2647703552e+02
1.7720278931e+02
5.8006481934e+02
-6.2916320801e+02
-2.2483964539e+02
1.7886376953e+02
5.8175250244e+02
-6.2730975342e+02
-2.2296067810e+02
1.8076759338e+02
5.8368341064e+02
-6.2521820068e+02
-2.2085452271e+02
1.8289207458e+02
5.8583795166e+02
-6.2285845947e+02
-2.1849684143e+02
1.8524612427e+02
5.8821514893e+02
-6.2020935059e+02
-2.1589747620e+02
1.8776467896e+02
5.9072033691e+02
-6.1275152588e+02
-2.1355570984e+02
1.8470893860e+02
5.8264257812e+02
-6.1531933594e+02
-2.1604634094e+02
1.8229768372e+02
5.8021807861e+02
-6.1759588623e+02
-2.1830154419e+02
1.8004789734e+02
5.7792211914e+02
-6.1963317871e+02
-2.2035945129e+02
1.7797039795e+02
5.7581793213e+02
-6.2143682861e+02
-2.2217907715e+02
1.7612913513e+02
5.7393841553e+02
-6.2301092529e+02
-2.2377996826e+02
1.7450485229e+02
5.7229132080e+02
-6.2436071777e+02
-2.2514758301e+02
1.7311758423e+02
5.7088018799e+02
-6.2548394775e+02
-2.2628904724e+02
1.7195986938e+02
5.6970697021e+02
-6.2638336182e+02
-2.2720065308e+02
1.7103561401e+02
5.6876892090e+02
-6.2705731201e+02
-2.2788464355e+02
1.7034246826e+02
5.6806701660e+02
-6.2750695801e+02
-2.2834022522e+02
1.6988085938e+02
5.6759906006e+02
-6.2773162842e+02
-2.2856808472e+02
1.6965007019e+02
5.6736547852e+02
-6.2773162842e+02
-2.2856808472e+02
1.6965007019e+02
5.6736547852e+02
-6.2750695801e+02
-2.2834022522e+02
1.6988085938e+02
5.6759906006e+02
-6.2705731201e+02
-2.2788464355e+02
1.7034246826e+02
5.6806701660e+02
-6.2638336182e+02
-2.2720065308e+02
1.7103561401e+02
5.6876892090e+02
-6.2548394775e+02
-2.2628904724e+02
1.7195986938e+02
5.6970697021e+02
-6.2436071777e+02
-2.2514758301e+02
1.7311758423e+02
5.7088018799e+02
-6.2301092529e+02
-2.2377996826e+02
1.7450485229e+02
5.7229132080e+02
-6.2143682861e+02
-2.2217907715e+02
1.7612913513e+02
5.7393841553e+02
-6.1963317871e+02
-2.2035945129e+02
1.7797039795e+02
5.7581793213e+02
-6.1759588623e+02
-2.1830154419e+02
1.8004789734e+02
5.7792211914e+02
-6.1531933594e+02
-2.1604634094e+02
1.8229768372e+02
5.8021807861e+02
-6.1275152588e+02
-2.1355570984e+02
1.8470893860e+02
5.8264257812e+02
-6.0265039062e+02
-2.1079122925e+02
1.8081646729e+02
5.7186096191e+02
-6.0507214355e+02
-2.1309223938e+02
1.7859382629e+02
5.6957824707e+02
-6.0728057861e+02
-2.1525927734e+02
1.7642990112e+02
5.6735235596e+02
-6.0923913574e+02
-2.1721459961e+02
1.7445709229e+02
5.6533288574e+02
-6.1098175049e+02
-2.1897833252e+02
1.7266760254e+02
5.6351269531e+02
-6.1250384521e+02
-2.2051591492e+02
1.7110639954e+02
5.6192083740e+02
-6.1380725098e+02
-2.2183993530e+02
1.6976121521e+02
5.6055633545e+02
-6.1489404297e+02
-2.2294079590e+02
1.6864323425e+02
5.5942010498e+02
-6.1576263428e+02
-2.2382257080e+02
1.6774816895e+02
5.5851318359e+02
-6.1641467285e+02
-2.2448309326e+02
1.6707791138e+02
5.5783319092e+02
-6.1684899902e+02
-2.2492364502e+02
1.6663107300e+02
5.5738073730e+02
-6.1706634521e+02
-2.2514376831e+02
1.6640782166e+02
5.5715435791e+02
-6.1706634521e+02
-2.2514376831e+02
1.6640782166e+02
5.5715435791e+02
-6.1684899902e+02
-2.2492364502e+02
1.6663107300e+02
5.5738073730e+02
-6.1641467285e+02
-2.2448309326e+02
1.6707791138e+02
5.5783319092e+02
-6.1576263428e+02
-2.2382257080e+02
1.6774816895e+02
5.5851318359e+02
-6.1489404297e+02
-2.2294079590e+02
1.6864323425e+02
5.5942010498e+02
-6.1380725098e+02
-2.2183993530e+02
1.6976121521e+02
5.6055633545e+02
-6.1250384521e+02
-2.2051591492e+02
1.7110639954e+02
5.6192083740e+02
-6.1098175049e+02
-2.1897833252e+02
1.7266760254e+02
5.6351269531e+02
-6.0923913574e+02
-2.1721459961e+02
1.7445709229e+02
5.6533288574e+02
-6.0728057861e+02
-2.1525927734e+02
1.7642990112e+02
5.6735235596e+02
-6.0507214355e+02
-2.1309223938e+02
1.7859382629e+02
5.6957824707e+02
-6.0265039062e+02
-2.1079122925e+02
1.8081646729e+02
5.7186096191e+02
-5.9044232178e+02
-2.0692326355e+02
1.7582594299e+02
5.5865942383e+02
-5.9273596191e+02
-2.0905465698e+02
1.7376875305e+02
5.5650408936e+02
-5.9481225586e+02
-2.1105447388e+02
1.7177359009e+02
5.5440856934e+02
-5.9668316650e+02
-2.1293481445e+02
1.6987271118e+02
5.5246929932e+02
-5.9834765625e+02
-2.1460386658e+02
1.6818310547e+02
5.5073028564e+02
-5.9980108643e+02
-2.1608361816e+02
1.6668019104e+02
5.4920336914e+02
-6.0104962158e+02
-2.1734783936e+02
1.6539663696e+02
5.4789331055e+02
-6.0208819580e+02
-2.1840524292e+02
1.6432315063e+02
5.4680426025e+02
-6.0292053223e+02
-2.1924951172e+02
1.6346623230e+02
5.4593273926e+02
-6.0354394531e+02
-2.1988343811e+02
1.6282318115e+02
5.4528082275e+02
-6.0396008301e+02
-2.2030557251e+02
1.6239498901e+02
5.4484600830e+02
-6.0416796875e+02
-2.2051676941e+02
1.6218084717e+02
5.4462896729e+02
-6.0416796875e+02
-2.2051676941e+02
1.6218084717e+02
5.4462896729e+02
-6.0396008301e+02
-2.2030557251e+02
1.6239498901e+02
5.4484600830e+02
-6.0354394531e+02
-2.1988343811e+02
1.6282318115e+02
5.4528082275e+02
-6.0292053223e+02
-2.1924951172e+02
1.6346623230e+02
5.4593273926e+02
-6.0208819580e+02
-2.1840524292e+02
1.6432315063e+02
5.4680426025e+02
-6.0104962158e+02
-2.1734783936e+02
1.6539663696e+02
5.4789331055e+02
-5.9980108643e+02
-2.1608361816e+02
1.6668019104e+02
5.4920336914e+02
-5.9834765625e+02
-2.1460386658e+02
1.6818310547e+02
5.5073028564e+02
-5.9668316650e+02
-2.1293481445e+02
1.6987271118e+02
5.5246929932e+02
-5.9481225586e+02
-2.1105447388e+02
1.7177359009e+02
5.5440856934e+02
-5.9273596191e+02
-2.0905465698e+02
1.7376875305e+02
5.5650408936e+02
-5.9044232178e+02
-2.0692326355e+02
1.7582594299e+02
5.5865942383e+02
-5.7558911133e+02
-2.0286471558e+02
1.7015727234e+02
5.4285888672e+02
-5.7767492676e+02
-2.0472315979e+02
1.6837452698e+02
5.4090472412e+02
-5.7965484619e+02
-2.0660534668e+02
1.6649591064e+02
5.3890631104e+02
-5.8141705322e+02
-2.0833854675e+02
1.6474696350e+02
5.3708636475e+02
-5.8299432373e+02
-2.0992929077e+02
1.6312986755e+02
5.3543200684e+02
-5.8437518311e+02
-2.1131954956e+02
1.6171603394e+02
5.3398248291e+02
-5.8555816650e+02
-2.1252209473e+02
1.6049211121e+02
5.3273883057e+02
-5.8654565430e+02
-2.1352214050e+02
1.5947462463e+02
5.3170184326e+02
-5.8733453369e+02
-2.1432423401e+02
1.5865898132e+02
5.3087445068e+02
-5.8792718506e+02
-2.1492498779e+02
1.5804820251e+02
5.3025347900e+02
-5.8832171631e+02
-2.1532588196e+02
1.5764085388e+02
5.2984057617e+02
-5.8851928711e+02
-2.1552613831e+02
1.5743734741e+02
5.2963385010e+02
-5.8851928711e+02
-2.1552613831e+02
1.5743734741e+02
5.2963385010e+02
-5.8832171631e+02
-2.1532588196e+02
1.5764085388e+02
5.2984057617e+02
-5.8792718506e+02
-2.1492498779e+02
1.5804820251e+02
5.3025347900e+02
-5.8733453369e+02
-2.1432423401e+02
1.5865898132e+02
5.3087445068e+02
-5.8654565430e+02
-2.1352214050e+02
1.5947462463e+02
5.3170184326e+02
-5.8555816650e+02
-2.1252209473e+02
1.6049211121e+02
5.3273883057e+02
-5.8437518311e+02
-2.1131954956e+02
1.6171603394e+02
5.3398248291e+02
-5.8299432373e+02
-2.0992929077e+02
1.6312986755e+02
5.3543200684e+02
-5.8141705322e+02
-2.0833854675e+02
1.6474696350e+02
5.3708636475e+02
-5.7965484619e+02
-2.0660534668e+02
1.6649591064e+02
5.3890631104e+02
-5.7767492676e+02
-2.0472315979e+02
1.6837452698e+02
5.4090472412e+02
-5.7558911133e+02
-2.0286471558e+02
1.7015727234e+02
5.4285888672e+02
-5.5894635010e+02
-1.9751998901e+02
1.6337724304e+02
5.2490551758e+02
-5.6086718750e+02
-1.9916513062e+02
1.6179777527e+02
5.2311596680e+02
-5.6267596436e+02
-2.0081958008e+02
1.6014559937e+02
5.2128973389e+02
-5.6432080078e+02
-2.0245822144e+02
1.5848466492e+02
5.1957495117e+02
-5.6579791260e+02
-2.0392507935e+02
1.5699822998e+02
5.1802514648e+02
-5.6708868408e+02
-2.0524026489e+02
1.5566035461e+02
5.1666137695e+02
-5.6820062256e+02
-2.0636526489e+02
1.5451640320e+02
5.1548797607e+02
-5.6912512207e+02
-2.0730888367e+02
1.5355700684e+02
5.1451281738e+02
-5.6986694336e+02
-2.0806231689e+02
1.5279103088e+02
5.1373132324e+02
-5.7042224121e+02
-2.0862854004e+02
1.5221574402e+02
5.1314709473e+02
-5.7079327393e+02
-2.0900552368e+02
1.5183268738e+02
5.1275708008e+02
-5.7097839355e+02
-2.0919421387e+02
1.5164105225e+02
5.1256256104e+02
-5.7097839355e+02
-2.0919421387e+02
1.5164105225e+02
5.1256256104e+02
-5.7079327393e+02
-2.0900552368e+02
1.5183268738e+02
5.1275708008e+02
-5.7042224121e+02
-2.0862854004e+02
1.5221574402e+02
5.1314709473e+02
-5.6986694336e+02
-2.0806231689e+02
1.5279103088e+02
5.1373132324e+02
-5.6912512207e+02
-2.0730888367e+02
1.5355700684e+02
5.1451281738e+02
-5.6820062256e+02
-2.0636526489e+02
1.5451640320e+02
5.1548797607e+02
-5.6708868408e+02
-2.0524026489e+02
1.5566035461e+02
5.1666137695e+02
-5.6579791260e+02
-2.0392507935e+02
1.5699822998e+02
5.1802514648e+02
-5.6432080078e+02
-2.0245822144e+02
1.5848466492e+02
5.1957495117e+02
-5.6267596436e+02
-2.0081958008e+02
1.6014559937e+02
5.2128973389e+02
-5.6086718750e+02
-1.9916513062e+02
1.6179777527e+02
5.2311596680e+02
-5.5894635010e+02
-1.9751998901e+02
1.6337724304e+02
5.2490551758e+02
-5.3967480469e+02
-1.9226651001e+02
1.5612229919e+02
5.0449816895e+02
-5.4133929443e+02
-1.9356640625e+02
1.5489656067e+02
5.0295599365e+02
-5.4302825928e+02
-1.9509097290e+02
1.5337783813e+02
5.0124533081e+02
-5.4454528809e+02
-1.9654606628e+02
1.5191015625e+02
4.9967547607e+02
-5.4591406250e+02
-1.9791804504e+02
1.5051197815e+02
4.9823095703e+02
-5.4711743164e+02
-1.9912373352e+02
1.4928298950e+02
4.9696054077e+02
-5.4814904785e+02
-2.0017301941e+02
1.4821240234e+02
4.9586950684e+02
-5.4901171875e+02
-2.0104643250e+02
1.4732135010e+02
4.9495776367e+02
-5.4970043945e+02
-2.0174816895e+02
1.4660591125e+02
4.9423068237e+02
-5.5021844482e+02
-2.0227375793e+02
1.4607006836e+02
4.9368432617e+02
-5.5056298828e+02
-2.0262472534e+02
1.4571250916e+02
4.9332122803e+02
-5.5073565674e+02
-2.0280001831e+02
1.4553388977e+02
4.9313931274e+02
-5.5073565674e+02
-2.0280001831e+02
1.4553388977e+02
4.9313931274e+02
-5.5056298828e+02
-2.0262472534e+02
1.4571250916e+02
4.9332122803e+02
-5.5021844482e+02
-2.0227375793e+02
1.4607006836e+02
4.9368432617e+02
-5.4970043945e+02
-2.0174816895e+02
1.4660591125e+02
4.9423068237e+02
-5.4901171875e+02
-2.0104643250e+02
1.4732135010e+02
4.9495776367e+02
-5.4814904785e+02
-2.0017301941e+02
1.4821240234e+02
4.9586950684e+02
-5.4711743164e+02
-1.9912373352e+02
1.4928298950e+02
4.9696054077e+02
-5.4591406250e+02
-1.9791804504e+02
1.5051197815e+02
4.9823095703e+02
-5.4454528809e+02
-1.9654606628e+02
1.5191015625e+02
4.9967547607e+02
-5.4302825928e+02
-1.9509097290e+02
1.5337783813e+02
5.0124533081e+02
-5.4133929443e+02
-1.9356640625e+02
1.5489656067e+02
5.0295599365e+02
-5.3967480469e+02
-1.9226651001e+02
1.5612229919e+02
5.0449816895e+02
-5.1900457764e+02
-1.8551161194e+02
1.4773701477e+02
4.8227761841e+02
-5.2047827148e+02
-1.8657878113e+02
1.4672276306e+02
4.8092562866e+02
-5.2197216797e+02
-1.8781925964e+02
1.4547975159e+02
4.7941925049e+02
-5.2334570312e+02
-1.8916824341e+02
1.4410543823e+02
4.7797402954e+02
-5.2460052490e+02
-1.9039520264e+02
1.4285952759e+02
4.7664923096e+02
-5.2569787598e+02
-1.9151361084e+02
1.4171926880e+02
4.7548071289e+02
-5.2664727783e+02
-1.9247315979e+02
1.4074128723e+02
4.7447033691e+02
-5.2743627930e+02
-1.9328106689e+02
1.3991816711e+02
4.7363125610e+02
-5.2807055664e+02
-1.9392642212e+02
1.3926054382e+02
4.7295730591e+02
-5.2854492188e+02
-1.9441197205e+02
1.3876614380e+02
4.7245394897e+02
-5.2886218262e+02
-1.9473522949e+02
1.3843690491e+02
4.7211746216e+02
-5.2902044678e+02
-1.9489709473e+02
1.3827214050e+02
4.7194976807e+02
-5.2902044678e+02
-1.9489709473e+02
1.3827214050e+02
4.7194976807e+02
-5.2886218262e+02
-1.9473522949e+02
1.3843690491e+02
4.7211746216e+02
-5.2854492188e+02
-1.9441197205e+02
1.3876614380e+02
4.7245394897e+02
-5.2807055664e+02
-1.9392642212e+02
1.3926054382e+02
4.7295730591e+02
-5.2743627930e+02
-1.9328106689e+02
1.3991816711e+02
4.7363125610e+02
-5.2664727783e+02
-1.9247315979e+02
1.4074128723e+02
4.7447033691e+02
-5.2569787598e+02
-1.9151361084e+02
1.4171926880e+02
4.7548071289e+02
-5.2460052490e+02
-1.9039520264e+02
1.4285952759e+02
4.7664923096e+02
-5.2334570312e+02
-1.8916824341e+02
1.4410543823e+02
4.7797402954e+02
-5.2197216797e+02
-1.8781925964e+02
1.4547975159e+02
4.7941925049e+02
-5.2047827148e+02
-1.8657878113e+02
1.4672276306e+02
4.8092562866e+02
-5.1900457764e+02
-1.8551161194e+02
1.4773701477e+02
4.8227761841e+02
-4.9572317505e+02
-1.7918083191e+02
1.3912908936e+02
4.5775424194e+02
-4.9691073608e+02
-1.7984043884e+02
1.3854476929e+02
4.5667913818e+02
-4.9826376343e+02
-1.8096083069e+02
1.3743528748e+02
4.5529751587e+02
-4.9950442505e+02
-1.8210131836e+02
1.3628749084e+02
4.5401089478e+02
-5.0063613892e+02
-1.8322344971e+02
1.3514060974e+02
4.5280670166e+02
-5.0163800049e+02
-1.8421997070e+02
1.3412139893e+02
4.5174017334e+02
-5.0249774170e+02
-1.8509463501e+02
1.3322599792e+02
4.5082345581e+02
-5.0321871948e+02
-1.8582418823e+02
1.3247886658e+02
4.5005471802e+02
-5.0379382324e+02
-1.8641169739e+02
1.3187770081e+02
4.4944219971e+02
-5.0422702026e+02
-1.8685185242e+02
1.3142721558e+02
4.4898101807e+02
-5.0451492310e+02
-1.8714602661e+02
1.3112640381e+02
4.4867483521e+02
-5.0465936279e+02
-1.8729292297e+02
1.3097613525e+02
4.4852124023e+02
-5.0465936279e+02
-1.8729292297e+02
1.3097613525e+02
4.4852124023e+02
-5.0451492310e+02
-1.8714602661e+02
1.3112640381e+02
4.4867483521e+02
-5.0422702026e+02
-1.8685185242e+02
1.3142721558e+02
4.4898101807e+02
-5.0379382324e+02
-1.8641169739e+02
1.3187770081e+02
4.4944219971e+02
-5.0321871948e+02
-1.8582418823e+02
1.3247886658e+02
4.5005471802e+02
-5.0249774170e+02
-1.8509463501e+02
1.3322599792e+02
4.5082345581e+02
-5.0163800049e+02
-1.8421997070e+02
1.3412139893e+02
4.5174017334e+02
-5.0063613892e+02
-1.8322344971e+02
1.3514060974e+02
4.5280670166e+02
-4.9950442505e+02
-1.8210131836e+02
1.3628749084e+02
4.5401089478e+02
-4.9826376343e+02
-1.8096083069e+02
1.3743528748e+02
4.5529751587e+02
-4.9691073608e+02
-1.7984043884e+02
1.3854476929e+02
4.5667913818e+02
-4.9572317505e+02
-1.7918083191e+02
1.3912908936e+02
4.5775424194e+02
-4.7149462891e+02
-1.7110163879e+02
1.2934400940e+02
4.3184216309e+02
-4.7247311401e+02
-1.7154124451e+02
1.2893930054e+02
4.3097082520e+02
-4.7362887573e+02
-1.7232467651e+02
1.2814526367e+02
4.2981323242e+02
-4.7470373535e+02
-1.7335435486e+02
1.2708560944e+02
4.2866555786e+02
-4.7571575928e+02
-1.7431990051e+02
1.2610099030e+02
4.2758648682e+02
-4.7660205078e+02
-1.7522232056e+02
1.2517800140e+02
4.2663265991e+02
-4.7737432861e+02
-1.7600126648e+02
1.2438137817e+02
4.2580108643e+02
-4.7801547241e+02
-1.7666065979e+02
1.2370770264e+02
4.2511126709e+02
-4.7853247070e+02
-1.7718794250e+02
1.2316870117e+02
4.2455538940e+02
-4.7891860962e+02
-1.7758531189e+02
1.2276294708e+02
4.2414080811e+02
-4.7917733765e+02
-1.7784983826e+02
1.2249267578e+02
4.2386312866e+02
-4.7930621338e+02
-1.7798237610e+02
1.2235736084e+02
4.2372491455e+02
-4.7930621338e+02
-1.7798237610e+02
1.2235736084e+02
4.2372491455e+02
-4.7917733765e+02
-1.7784983826e+02
1.2249267578e+02
4.2386312866e+02
-4.7891860962e+02
-1.7758531189e+02
1.2276294708e+02
4.2414080811e+02
-4.7853247070e+02
-1.7718794250e+02
1.2316870117e+02
4.2455538940e+02
-4.7801547241e+02
-1.7666065979e+02
1.2370770264e+02
4.2511126709e+02
-4.7737432861e+02
-1.7600126648e+02
1.2438137817e+02
4.2580108643e+02
-4.7660205078e+02
-1.7522232056e+02
1.2517800140e+02
4.2663265991e+02
-4.7571575928e+02
-1.7431990051e+02
1.2610099030e+02
4.2758648682e+02
-4.7470373535e+02
-1.7335435486e+02
1.2708560944e+02
4.2866555786e+02
-4.7362887573e+02
-1.7232467651e+02
1.2814526367e+02
4.2981323242e+02
-4.7247311401e+02
-1.7154124451e+02
1.2893930054e+02
4.3097082520e+02
-4.7149462891e+02
-1.7110163879e+02
1.2934400940e+02
4.3184216309e+02
-4.4466546631e+02
-1.6381457520e+02
1.1965316010e+02
4.0372625732e+02
-4.4535675049e+02
-1.6378939819e+02
1.1975912476e+02
4.0314157104e+02
-4.4634729004e+02
-1.6448698425e+02
1.1908095551e+02
4.0210964966e+02
-4.4729901123e+02
-1.6529850769e+02
1.1826972961e+02
4.0112011719e+02
-4.4818148804e+02
-1.6615606689e+02
1.1739080048e+02
4.0017160034e+02
-4.4897140503e+02
-1.6693292236e+02
1.1659244537e+02
3.9932049561e+02
-4.4965039062e+02
-1.6762326050e+02
1.1588259888e+02
3.9858862305e+02
-4.5022235107e+02
-1.6820130920e+02
1.1528743744e+02
3.9797152710e+02
-4.5067794800e+02
-1.6866833496e+02
1.1480718231e+02
3.9748052979e+02
-4.5102200317e+02
-1.6901841736e+02
1.1444688416e+02
3.9710971069e+02
-4.5125027466e+02
-1.6925267029e+02
1.1420609283e+02
3.9686392212e+02
-4.5136502075e+02
-1.6936962891e+02
1.1408578491e+02
3.9674035645e+02
-4.5136502075e+02
-1.6936962891e+02
1.1408578491e+02
3.9674035645e+02
-4.5125027466e+02
-1.6925267029e+02
1.1420609283e+02
3.9686392212e+02
-4.5102200317e+02
-1.6901841736e+02
1.1444688416e+02
3.9710971069e+02
-4.5067794800e+02
-1.6866833496e+02
1.1480718231e+02
3.9748052979e+02
-4.5022235107e+02
-1.6820130920e+02
1.1528743744e+02
3.9797152710e+02
-4.4965039062e+02
-1.6762326050e+02
1.1588259888e+02
3.9858862305e+02
-4.4897140503e+02
-1.6693292236e+02
1.1659244537e+02
3.9932049561e+02
-4.4818148804e+02
-1.6615606689e+02
1.1739080048e+02
4.0017160034e+02
-4.4729901123e+02
-1.6529850769e+02
1.1826972961e+02
4.0112011719e+02
-4.4634729004e+02
-1.6448698425e+02
1.1908095551e+02
4.0210964966e+02
-4.4535675049e+02
-1.6378939819e+02
1.1975912476e+02
4.0314157104e+02
-4.4466546631e+02
-1.6381457520e+02
1.1965316010e+02
4.0372625732e+02
-4.1738101196e+02
-1.5452175903e+02
1.0867185211e+02
3.7477450562e+02
-4.1783956909e+02
-1.5432983398e+02
1.0887437439e+02
3.7439660645e+02
-4.1866021729e+02
-1.5464239502e+02
1.0854003143e+02
3.7359286499e+02
-4.1942907715e+02
-1.5534214783e+02
1.0780448151e+02
3.7275262451e+02
-4.2019335938e+02
-1.5604209900e+02
1.0708428955e+02
3.7192379761e+02
-4.2086468506e+02
-1.5672312927e+02
1.0638439178e+02
3.7119049072e+02
-4.2145672607e+02
-1.5731791687e+02
1.0577298737e+02
3.7054211426e+02
-4.2194750977e+02
-1.5782559204e+02
1.0525237274e+02
3.7000534058e+02
-4.2234524536e+02
-1.5823246765e+02
1.0483467865e+02
3.6957046509e+02
-4.2264172363e+02
-1.5853985596e+02
1.0451966858e+02
3.6924682617e+02
-4.2284100342e+02
-1.5874450684e+02
1.0430971527e+02
3.6902941895e+02
-4.2294003296e+02
-1.5884715271e+02
1.0420454407e+02
3.6892144775e+02
-4.2294003296e+02
-1.5884715271e+02
1.0420454407e+02
3.6892144775e+02
-4.2284100342e+02
-1.5874450684e+02
1.0430971527e+02
3.6902941895e+02
-4.2264172363e+02
-1.5853985596e+02
1.0451966858e+02
3.6924682617e+02
-4.2234524536e+02
-1.5823246765e+02
1.0483467865e+02
3.6957046509e+02
-4.2194750977e+02
-1.5782559204e+02
1.0525237274e+02
3.7000534058e+02
-4.2145672607e+02
-1.5731791687e+02
1.0577298737e+02
3.7054211426e+02
-4.2086468506e+02
-1.5672312927e+02
1.0638439178e+02
3.7119049072e+02
-4.2019335938e+02
-1.5604209900e+02
1.0708428955e+02
3.7192379761e+02
-4.1942907715e+02
-1.5534214783e+02
1.0780448151e+02
3.7275262451e+02
-4.1866021729e+02
-1.5464239502e+02
1.0854003143e+02
3.7359286499e+02
-4.1783956909e+02
-1.5432983398e+02
1.0887437439e+02
3.7439660645e+02
-4.1738101196e+02
-1.5452175903e+02
1.0867185211e+02
3.7477450562e+02
-3.8748825073e+02
-1.4638960266e+02
9.8196945190e+01
3.4356884766e+02
-3.8770864868e+02
-1.4567323303e+02
9.9005233765e+01
3.4346539307e+02
-3.8832931519e+02
-1.4595497131e+02
9.8753807068e+01
3.4278295898e+02
-3.8899639893e+02
-1.4644606018e+02
9.8271690369e+01
3.4208480835e+02
-3.8963415527e+02
-1.4704071045e+02
9.7661109924e+01
3.4139190674e+02
-3.9021566772e+02
-1.4760166931e+02
9.7080566406e+01
3.4075442505e+02
-3.9071688843e+02
-1.4811003113e+02
9.6554649353e+01
3.4020635986e+02
-3.9114242554e+02
-1.4853878784e+02
9.6109764099e+01
3.3974011230e+02
-3.9148056030e+02
-1.4888693237e+02
9.5749259949e+01
3.3937008667e+02
-3.9173696899e+02
-1.4914814758e+02
9.5478279114e+01
3.3908932495e+02
-3.9190661621e+02
-1.4932325745e+02
9.5296951294e+01
3.3890365601e+02
-3.9199212646e+02
-1.4941065979e+02
9.5206321716e+01
3.3881002808e+02
-3.9199212646e+02
-1.4941065979e+02
9.5206321716e+01
3.3881002808e+02
-3.9190661621e+02
-1.4932325745e+02
9.5296951294e+01
3.3890365601e+02
-3.9173696899e+02
-1.4914814758e+02
9.5478279114e+01
3.3908932495e+02
-3.9148056030e+02
-1.4888693237e+02
9.5749259949e+01
3.3937008667e+02
-3.9114242554e+02
-1.4853878784e+02
9.6109764099e+01
3.3974011230e+02
-3.9071688843e+02
-1.4811003113e+02
9.6554649353e+01
3.4020635986e+02
-3.9021566772e+02
-1.4760166931e+02
9.7080566406e+01
3.4075442505e+02
-3.8963415527e+02
-1.4704071045e+02
9.7661109924e+01
3.4139190674e+02
-3.8899639893e+02
-1.4644606018e+02
9.8271690369e+01
3.4208480835e+02
-3.8832931519e+02
-1.4595497131e+02
9.8753807068e+01
3.4278295898e+02
-3.8770864868e+02
-1.4567323303e+02
9.9005233765e+01
3.4346539307e+02
-3.8748825073e+02
-1.4638960266e+02
9.8196945190e+01
3.4356884766e+02
-3.5768215942e+02
-1.3600964355e+02
8.6210411072e+01
3.1229067993e+02
-3.5760867310e+02
-1.3522705078e+02
8.6972747803e+01
3.1238778687e+02
-3.5812045288e+02
-1.3508865356e+02
8.7077827454e+01
3.1191964722e+02
-3.5859851074e+02
-1.3546707153e+02
8.6659553528e+01
3.1137838745e+02
-3.5912579346e+02
-1.3591508484e+02
8.6189842224e+01
3.1078817749e+02
-3.5959216309e+02
-1.3638352966e+02
8.5704811096e+01
3.1026724243e+02
-3.6001251221e+02
-1.3680216980e+02
8.5271186829e+01
3.0979519653e+02
-3.6035974121e+02
-1.3716442871e+02
8.4897872925e+01
3.0940579224e+02
-3.6064373779e+02
-1.3745597839e+02
8.4596748352e+01
3.0908731079e+02
-3.6085470581e+02
-1.3767723083e+02
8.4368965149e+01
3.0885113525e+02
-3.6099725342e+02
-1.3782458496e+02
8.4216957092e+01
3.0869171143e+02
-3.6106790161e+02
-1.3789863586e+02
8.4140731812e+01
3.0861279297e+02
-3.6106790161e+02
-1.3789863586e+02
8.4140731812e+01
3.0861279297e+02
-3.6099725342e+02
-1.3782458496e+02
8.4216957092e+01
3.0869171143e+02
-3.6085470581e+02
-1.3767723083e+02
8.4368965149e+01
3.0885113525e+02
-3.6064373779e+02
-1.3745597839e+02
8.4596748352e+01
3.0908731079e+02
-3.6035974121e+02
-1.3716442871e+02
8.4897872925e+01
3.0940579224e+02
-3.6001251221e+02
-1.3680216980e+02
8.5271186829e+01
3.0979519653e+02
-3.5959216309e+02
-1.3638352966e+02
8.5704811096e+01
3.1026724243e+02
-3.5912579346e+02
-1.3591508484e+02
8.6189842224e+01
3.1078817749e+02
-3.5859851074e+02
-1.3546707153e+02
8.6659553528e+01
3.1137838745e+02
-3.5812045288e+02
-1.3508865356e+02
8.7077827454e+01
3.1191964722e+02
-3.5760867310e+02
-1.3522705078e+02
8.6972747803e+01
3.1238778687e+02
-3.5768215942e+02
-1.3600964355e+02
8.6210411072e+01
3.1229067993e+02
-3.2515109253e+02
-1.2716607666e+02
7.5240135193e+01
2.7844998169e+02
-3.2498287964e+02
-1.2579040527e+02
7.6724426270e+01
2.7879110718e+02
-3.2525234985e+02
-1.2568092346e+02
7.6872535706e+01
2.7843698120e+02
-3.2565310669e+02
-1.2588117218e+02
7.6686111450e+01
2.7800595093e+02
-3.2606570435e+02
-1.2622910309e+02
7.6327888489e+01
2.7755377197e+02
-3.2645486450e+02
-1.2659032440e+02
7.5949340820e+01
2.7711602783e+02
-3.2679211426e+02
-1.2692996216e+02
7.5594383240e+01
2.7673971558e+02
-3.2708322144e+02
-1.2722084045e+02
7.5288803101e+01
2.7641439819e+02
-3.2731369019e+02
-1.2745923615e+02
7.5039443970e+01
2.7615759277e+02
-3.2748989868e+02
-1.2763844299e+02
7.4851364136e+01
2.7596118164e+02
-3.2760586548e+02
-1.2775898743e+02
7.4725280762e+01
2.7583193970e+02
-3.2766464233e+02
-1.2781909180e+02
7.4662231445e+01
2.7576641846e+02
-3.2766464233e+02
-1.2781909180e+02
7.4662231445e+01
2.7576641846e+02
-3.2760586548e+02
-1.2775898743e+02
7.4725280762e+01
2.7583193970e+02
-3.2748989868e+02
-1.2763844299e+02
7.4851364136e+01
2.7596118164e+02
-3.2731369019e+02
-1.2745923615e+02
7.5039443970e+01
2.7615759277e+02
-3.2708322144e+02
-1.2722084045e+02
7.5288803101e+01
2.7641439819e+02
-3.2679211426e+02
-1.2692996216e+02
7.5594383240e+01
2.7673971558e+02
-3.2645486450e+02
-1.2659032440e+02
7.5949340820e+01
2.7711602783e+02
-3.2606570435e+02
-1.2622910309e+02
7.6327888489e+01
2.7755377197e+02
-3.2565310669e+02
-1.2588117218e+02
7.6686111450e+01
2.7800595093e+02
-3.2525234985e+02
-1.2568092346e+02
7.6872535706e+01
2.7843698120e+02
-3.2498287964e+02
-1.2579040527e+02
7.6724426270e+01
2.7879110718e+02
-3.2515109253e+02
-1.2716607666e+02
7.5240135193e+01
2.7844998169e+02
-2.9349096680e+02
-1.1573506165e+02
6.2479667664e+01
2.4554124451e+02
-2.9286843872e+02
-1.1444293213e+02
6.3716041565e+01
2.4605587769e+02
-2.9310339355e+02
-1.1391470337e+02
6.4206787109e+01
2.4588500977e+02
-2.9332623291e+02
-1.1399929810e+02
6.4087745667e+01
2.4561801147e+02
-2.9364221191e+02
-1.1422676849e+02
6.3840808868e+01
2.4524079895e+02
-2.9392739868e+02
-1.1450640106e+02
6.3548938751e+01
2.4491123962e+02
-2.9419595337e+02
-1.1476875305e+02
6.3275245667e+01
2.4459887695e+02
-2.9441546631e+02
-1.1500100708e+02
6.3034999847e+01
2.4434341431e+02
-2.9459765625e+02
-1.1518904877e+02
6.2839397430e+01
2.4413078308e+02
-2.9473168945e+02
-1.1533273315e+02
6.2690654755e+01
2.4397409058e+02
-2.9482312012e+02
-1.1542839813e+02
6.2591163635e+01
2.4386730957e+02
-2.9486810303e+02
-1.1547664642e+02
6.2541183472e+01
2.4381474304e+02
-2.9486810303e+02
-1.1547664642e+02
6.2541183472e+01
2.4381474304e+02
-2.9482312012e+02
-1.1542839813e+02
6.2591163635e+01
2.4386730957e+02
-2.9473168945e+02
-1.1533273315e+02
6.2690654755e+01
2.4397409058e+02
-2.9459765625e+02
-1.1518904877e+02
6.2839397430e+01
2.4413078308e+02
-2.9441546631e+02
-1.1500100708e+02
6.3034999847e+01
2.4434341431e+02
-2.9419595337e+02
-1.1476875305e+02
6.3275245667e+01
2.4459887695e+02
-2.9392739868e+02
-1.1450640106e+02
6.3548938751e+01
2.4491123962e+02
-2.9364221191e+02
-1.1422676849e+02
6.3840808868e+01
2.4524079895e+02
-2.9332623291e+02
-1.1399929810e+02
6.4087745667e+01
2.4561801147e+02
-2.9310339355e+02
-1.1391470337e+02
6.4206787109e+01
2.4588500977e+02
-2.9286843872e+02
-1.1444293213e+02
6.3716041565e+01
2.4605587769e+02
-2.9349096680e+02
-1.1573506165e+02
6.2479667664e+01
2.4554124451e+02
-2.5845706177e+02
-1.0657405853e+02
5.1135723114e+01
2.0959632874e+02
-2.5804809570e+02
-1.0460422516e+02
5.3230667114e+01
2.1034176636e+02
-2.5803417969e+02
-1.0412860107e+02
5.3740592957e+01
2.1027812195e+02
-2.5820532227e+02
-1.0408312988e+02
5.3790744781e+01
2.1007456970e+02
-2.5842590332e+02
-1.0421083832e+02
5.3652709961e+01
2.0983544922e+02
-2.5864752197e+02
-1.0439495850e+02
5.3451446533e+01
2.0957460022e+02
-2.5884106445e+02
-1.0458433533e+02
5.3246833801e+01
2.0934979248e+02
-2.5901501465e+02
-1.0475358582e+02
5.3063514709e+01
2.0914799500e+02
-2.5915258789e+02
-1.0489590454e+02
5.2911228180e+01
2.0899037170e+02
-2.5926031494e+02
-1.0500389099e+02
5.2795391083e+01
2.0886785889e+02
-2.5933084106e+02
-1.0507729340e+02
5.2717334747e+01
2.0878802490e+02
-2.5936709595e+02
-1.0511389923e+02
5.2678249359e+01
2.0874716187e+02
-2.5936709595e+02
-1.0511389923e+02
5.2678249359e+01
2.0874716187e+02
-2.5933084106e+02
-1.0507729340e+02
5.2717334747e+01
2.0878802490e+02
-2.5926031494e+02
-1.0500389099e+02
5.2795391083e+01
2.0886785889e+02
-2.5915258789e+02
-1.0489590454e+02
5.2911228180e+01
2.0899037170e+02
-2.5901501465e+02
-1.0475358582e+02
5.3063514709e+01
2.0914799500e+02
-2.5884106445e+02
-1.0458433533e+02
5.3246833801e+01
2.0934979248e+02
-2.5864752197e+02
-1.0439495850e+02
5.3451446533e+01
2.0957460022e+02
-2.5842590332e+02
-1.0421083832e+02
5.3652709961e+01
2.0983544922e+02
-2.5820532227e+02
-1.0408312988e+02
5.3790744781e+01
2.1007456970e+02
-2.5803417969e+02
-1.0412860107e+02
5.3740592957e+01
2.1027812195e+02
-2.5804809570e+02
-1.0460422516e+02
5.3230667114e+01
2.1034176636e+02
-2.5845706177e+02
-1.0657405853e+02
5.1135723114e+01
2.0959632874e+02
-2.2612039185e+02
-9.3574592590e+01
3.8139263153e+01
1.7539552307e+02
-2.2491777039e+02
-9.1892982483e+01
3.9739757538e+01
1.7620515442e+02
-2.2486740112e+02
-9.1089843750e+01
4.0520675659e+01
1.7627217102e+02
-2.2486343384e+02
-9.0924018860e+01
4.0679103851e+01
1.7624349976e+02
-2.2499493408e+02
-9.0973907471e+01
4.0623603821e+01
1.7604792786e+02
-2.2513110352e+02
-9.1102676392e+01
4.0493385315e+01
1.7588037109e+02
-2.2527951050e+02
-9.1243026733e+01
4.0352249146e+01
1.7570411682e+02
-2.2539959717e+02
-9.1373306274e+01
4.0221778870e+01
1.7556408691e+02
-2.2550228882e+02
-9.1479736328e+01
4.0113842010e+01
1.7544309998e+02
-2.2557562256e+02
-9.1561485291e+01
4.0030937195e+01
1.7535560608e+02
-2.2562623596e+02
-9.1615531921e+01
3.9975482941e+01
1.7529473877e+02
-2.2565054321e+02
-9.1642829895e+01
3.9947547913e+01
1.7526518250e+02
-2.2565054321e+02
-9.1642829895e+01
3.9947547913e+01
1.7526518250e+02
-2.2562623596e+02
-9.1615531921e+01
3.9975482941e+01
1.7529473877e+02
-2.2557562256e+02
-9.1561485291e+01
4.0030937195e+01
1.7535560608e+02
-2.2550228882e+02
-9.1479736328e+01
4.0113842010e+01
1.7544309998e+02
-2.2539959717e+02
-9.1373306274e+01
4.0221778870e+01
1.7556408691e+02
-2.2527951050e+02
-9.1243026733e+01
4.0352249146e+01
1.7570411682e+02
-2.2513110352e+02
-9.1102676392e+01
4.0493385315e+01
1.7588037109e+02
-2.2499493408e+02
-9.0973907471e+01
4.0623603821e+01
1.7604792786e+02
-2.2486343384e+02
-9.0924018860e+01
4.0679103851e+01
1.7624349976e+02
-2.2486740112e+02
-9.1089843750e+01
4.0520675659e+01
1.7627217102e+02
-2.2491777039e+02
-9.1892982483e+01
3.9739757538e+01
1.7620515442e+02
-2.2612039185e+02
-9.3574592590e+01
3.8139263153e+01
1.7539552307e+02
-1.8776945496e+02
-8.5557281494e+01
2.5915697098e+01
1.3856224060e+02
-1.8728921509e+02
-8.3055610657e+01
2.8518062592e+01
1.3972549438e+02
-1.8715252686e+02
-8.2202484131e+01
2.9376499176e+01
1.3993107605e+02
-1.8719711304e+02
-8.1967651367e+01
2.9584356308e+01
1.3990913391e+02
-1.8730746460e+02
-8.1925704956e+01
2.9606454849e+01
1.3983593750e+02
-1.8741954041e+02
-8.1972328186e+01
2.9538833618e+01
1.3971325684e+02
-1.8750950623e+02
-8.2040451050e+01
2.9449337006e+01
1.3960435486e+02
-1.8759281921e+02
-8.2110801697e+01
2.9360828400e+01
1.3949438477e+02
-1.8765682983e+02
-8.2174522400e+01
2.9282777786e+01
1.3940898132e+02
-1.8770983887e+02
-8.2225074768e+01
2.9221927643e+01
1.3933877563e+02
-1.8774436951e+02
-8.2260749817e+01
2.9179758072e+01
1.3929350281e+02
-1.8776284790e+02
-8.2278816223e+01
2.9158510208e+01
1.3926962280e+02
-1.8776284790e+02
-8.2278816223e+01
2.9158510208e+01
1.3926962280e+02
-1.8774436951e+02
-8.2260749817e+01
2.9179758072e+01
1.3929350281e+02
-1.8770983887e+02
-8.2225074768e+01
2.9221927643e+01
1.3933877563e+02
-1.8765682983e+02
-8.2174522400e+01
2.9282777786e+01
1.3940898132e+02
-1.8759281921e+02
-8.2110801697e+01
2.9360828400e+01
1.3949438477e+02
-1.8750950623e+02
-8.2040451050e+01
2.9449337006e+01
1.3960435486e+02
-1.8741954041e+02
-8.1972328186e+01
2.9538833618e+01
1.3971325684e+02
-1.8730746460e+02
-8.1925704956e+01
2.9606454849e+01
1.3983593750e+02
-1.8719711304e+02
-8.1967651367e+01
2.9584356308e+01
1.3990913391e+02
-1.8715252686e+02
-8.2202484131e+01
2.9376499176e+01
1.3993107605e+02
-1.8728921509e+02
-8.3055610657e+01
2.8518062592e+01
1.3972549438e+02
-1.8776945496e+02
-8.5557281494e+01
2.5915697098e+01
1.3856224060e+02
-1.5714595032e+02
-6.8307701111e+01
1.4487703323e+01
1.0221387482e+02
-1.5545027161e+02
-6.6481170654e+01
1.6315031052e+01
1.0306225586e+02
-1.5507679749e+02
-6.5669960022e+01
1.7156328201e+01
1.0318849945e+02
-1.5483807373e+02
-6.5374923706e+01
1.7497869492e+01
1.0328610229e+02
-1.5479867554e+02
-6.5326530457e+01
1.7562250137e+01
1.0319441986e+02
-1.5482235718e+02
-6.5382438660e+01
1.7520946503e+01
1.0311286163e+02
-1.5490899658e+02
-6.5482322693e+01
1.7439870834e+01
1.0300392914e+02
-1.5500309753e+02
-6.5591415405e+01
1.7348066330e+01
1.0291731262e+02
-1.5509971619e+02
-6.5691017151e+01
1.7265340805e+01
1.0283531189e+02
-1.5517689514e+02
-6.5771934509e+01
1.7197006226e+01
1.0277632904e+02
-1.5523333740e+02
-6.5827980042e+01
1.7150135040e+01
1.0273324585e+02
-1.5526162720e+02
-6.5856719971e+01
1.7125814438e+01
1.0271260834e+02
-1.5526162720e+02
-6.5856719971e+01
1.7125814438e+01
1.0271260834e+02
-1.5523333740e+02
-6.5827980042e+01
1.7150135040e+01
1.0273324585e+02
-1.5517689514e+02
-6.5771934509e+01
1.7197006226e+01
1.0277632904e+02
-1.5509971619e+02
-6.5691017151e+01
1.7265340805e+01
1.0283531189e+02
-1.5500309753e+02
-6.5591415405e+01
1.7348066330e+01
1.0291731262e+02
-1.5490899658e+02
-6.5482322693e+01
1.7439870834e+01
1.0300392914e+02
-1.5482235718e+02
-6.5382438660e+01
1.7520946503e+01
1.0311286163e+02
-1.5479867554e+02
-6.5326530457e+01
1.7562250137e+01
1.0319441986e+02
-1.5483807373e+02
-6.5374923706e+01
1.7497869492e+01
1.0328610229e+02
-1.5507679749e+02
-6.5669960022e+01
1.7156328201e+01
1.0318849945e+02
-1.5545027161e+02
-6.6481170654e+01
1.6315031052e+01
1.0306225586e+02
-1.5714595032e+02
-6.8307701111e+01
1.4487703323e+01
1.0221387482e+02
-1.1213545990e+02
-6.5788681030e+01
-4.6009141207e-01
6.8384323120e+01
-1.1161848450e+02
-6.2822650909e+01
2.2854173183e+00
6.9864601135e+01
-1.1164221954e+02
-6.1534290314e+01
3.4811410904e+00
7.0340759277e+01
-1.1192058563e+02
-6.1218872070e+01
3.7210676670e+00
7.0408340454e+01
-1.1226660156e+02
-6.1222042084e+01
3.7212629318e+00
7.0354042053e+01
-1.1260828400e+02
-6.1351497650e+01
3.5991854668e+00
7.0221672058e+01
-1.1288197327e+02
-6.1502490997e+01
3.4535388947e+00
7.0089675903e+01
-1.1310062408e+02
-6.1641510010e+01
3.3168892860e+00
6.9953765869e+01
-1.1325795746e+02
-6.1754463196e+01
3.2004847527e+00
6.9845703125e+01
-1.1337010193e+02
-6.1838436127e+01
3.1135911942e+00
6.9756752014e+01
-1.1343920135e+02
-6.1893383026e+01
3.0544621944e+00
6.9699440002e+01
-1.1347316742e+02
-6.1920566559e+01
3.0254878998e+00
6.9669166565e+01
-1.1347316742e+02
-6.1920566559e+01
3.0254878998e+00
6.9669166565e+01
-1.1343920135e+02
-6.1893383026e+01
3.0544621944e+00
6.9699440002e+01
-1.1337010193e+02
-6.1838436127e+01
3.1135911942e+00
6.9756752014e+01
-1.1325795746e+02
-6.1754463196e+01
3.2004847527e+00
6.9845703125e+01
-1.1310062408e+02
-6.1641510010e+01
3.3168892860e+00
6.9953765869e+01
-1.1288197327e+02
-6.1502490997e+01
3.4535388947e+00
7.0089675903e+01
-1.1260828400e+02
-6.1351497650e+01
3.5991854668e+00
7.0221672058e+01
-1.1226660156e+02
-6.1222042084e+01
3.7212629318e+00
7.0354042053e+01
-1.1192058563e+02
-6.1218872070e+01
3.7210676670e+00
7.0408340454e+01
-1.1164221954e+02
-6.1534290314e+01
3.4811410904e+00
7.0340759277e+01
-1.1161848450e+02
-6.2822650909e+01
2.2854173183e+00
6.9864601135e+01
-1.1213545990e+02
-6.5788681030e+01
-4.6009141207e-01
6.8384323120e+01
-8.7307273865e+01
-3.5551719666e+01
-5.4111456871e+00
2.5756109238e+01
-8.6308311462e+01
-3.4510051727e+01
-3.5450870991e+00
2.6300693512e+01
-8.6354934692e+01
-3.4740959167e+01
-3.4617960453e+00
2.5735269547e+01
-8.6253601074e+01
-3.5088882446e+01
-3.6154239178e+00
2.5360164642e+01
-8.6282554626e+01
-3.5352764130e+01
-3.8910717964e+00
2.4927223206e+01
-8.6196685791e+01
-3.5566787720e+01
-4.1324095726e+00
2.4601890564e+01
-8.6128562927e+01
-3.5701984406e+01
-4.3312907219e+00
2.4321727753e+01
-8.6038986206e+01
-3.5795116425e+01
-4.4813542366e+00
2.4116312027e+01
-8.5967765808e+01
-3.5850830078e+01
-4.5888233185e+00
2.3955997467e+01
-8.5905937195e+01
-3.5885471344e+01
-4.6635360718e+00
2.3847084045e+01
-8.5865547180e+01
-3.5904327393e+01
-4.7091469765e+00
2.3774784088e+01
-8.5843994141e+01
-3.5912834167e+01
-4.7314410210e+00
2.3740877151e+01
-8.5843994141e+01
-3.5912834167e+01
-4.7314410210e+00
2.3740877151e+01
-8.5865547180e+01
-3.5904327393e+01
-4.7091469765e+00
2.3774784088e+01
-8.5905937195e+01
-3.5885471344e+01
-4.6635360718e+00
2.3847084045e+01
-8.5967765808e+01
-3.5850830078e+01
-4.5888233185e+00
2.3955997467e+01
-8.6038986206e+01
-3.5795116425e+01
-4.4813542366e+00
2.4116312027e+01
-8.6128562927e+01
-3.5701984406e+01
-4.3312907219e+00
2.4321727753e+01
-8.6196685791e+01
-3.5566787720e+01
-4.1324095726e+00
2.4601890564e+01
-8.6282554626e+01
-3.5352764130e+01
-3.8910717964e+00
2.4927223206e+01
-8.6253601074e+01
-3.5088882446e+01
-3.6154239178e+00
2.5360164642e+01
-8.6354934692e+01
-3.4740959167e+01
-3.4617960453e+00
2.5735269547e+01
-8.6308311462e+01
-3.4510051727e+01
-3.5450870991e+00
2.6300693512e+01
-8.7307273865e+01
-3.5551719666e+01
-5.4111456871e+00
2.5756109238e+01
-3.5550537109e+01
-5.3265407562e+01
-2.7389043808e+01
7.6362004280e+00
-3.4529567719e+01
-5.0775428772e+01
-2.7455373764e+01
6.4096474648e+00
-3.3823329926e+01
-4.8812950134e+01
-2.6717540741e+01
6.0384988785e+00
-3.3561511993e+01
-4.7636478424e+01
-2.6465034485e+01
5.5260848999e+00
-3.3041126251e+01
-4.7032657623e+01
-2.6293457031e+01
5.1729798317e+00
-3.2796421051e+01
-4.6568565369e+01
-2.6228729248e+01
4.8661222458e+00
-3.2514820099e+01
-4.6301807404e+01
-2.6165594101e+01
4.6707544327e+00
-3.2357368469e+01
-4.6082603455e+01
-2.6128036499e+01
4.5245423317e+00
-3.2212566376e+01
-4.5946277618e+01
-2.6090999603e+01
4.4273471832e+00
-3.2128372192e+01
-4.5841930389e+01
-2.6068620682e+01
4.3625826836e+00
-3.2066524506e+01
-4.5782341003e+01
-2.6050745010e+01
4.3226671219e+00
-3.2040187836e+01
-4.5751071930e+01
-2.6043300629e+01
4.3041782379e+00
-3.2040187836e+01
-4.5751071930e+01
-2.6043300629e+01
4.3041782379e+00
-3.2066524506e+01
-4.5782341003e+01
-2.6050745010e+01
4.3226671219e+00
-3.2128372192e+01
-4.5841930389e+01
-2.6068620682e+01
4.3625826836e+00
-3.2212566376e+01
-4.5946277618e+01
-2.6090999603e+01
4.4273471832e+00
-3.2357368469e+01
-4.6082603455e+01
-2.6128036499e+01
4.5245423317e+00
-3.2514820099e+01
-4.6301807404e+01
-2.6165594101e+01
4.6707544327e+00
-3.2796421051e+01
-4.6568565369e+01
-2.6228729248e+01
4.8661222458e+00
-3.3041126251e+01
-4.7032657623e+01
-2.6293457031e+01
5.1729798317e+00
-3.3561511993e+01
-4.7636478424e+01
-2.6465034485e+01
5.5260848999e+00
-3.3823329926e+01
-4.8812950134e+01
-2.6717540741e+01
6.0384988785e+00
-3.4529567719e+01
-5.0775428772e+01
-2.7455373764e+01
6.4096474648e+00
-3.5550537109e+01
-5.3265407562e+01
-2.7389043808e+01
7.6362004280e+00
