-3.9236907959e+01
-5.6545425415e+01
-2.6863540649e+01
1.0028207779e+01
-3.7716094971e+01
-5.3134860992e+01
-2.6450815201e+01
8.9817905426e+00
-3.6786060333e+01
-5.0722976685e+01
-2.5464942932e+01
8.6602478027e+00
-3.6397960663e+01
-4.9319850922e+01
-2.5134866714e+01
8.1714735031e+00
-3.5785205841e+01
-4.8616477966e+01
-2.4928779602e+01
7.7825765610e+00
-3.5489849091e+01
-4.8093597412e+01
-2.4867286682e+01
7.4510207176e+00
-3.5168678284e+01
-4.7800018311e+01
-2.4806413651e+01
7.2266349792e+00
-3.4988189697e+01
-4.7561969757e+01
-2.4777198792e+01
7.0618715286e+00
-3.4825325012e+01
-4.7416393280e+01
-2.4744707108e+01
6.9482684135e+00
-3.4730640411e+01
-4.7305110931e+01
-2.4727357864e+01
6.8735599518e+00
-3.4661560059e+01
-4.7242279053e+01
-2.4711946487e+01
6.8264603615e+00
-3.4632160187e+01
-4.7209182739e+01
-2.4706104279e+01
6.8048839569e+00
-3.4632160187e+01
-4.7209182739e+01
-2.4706104279e+01
6.8048839569e+00
-3.4661560059e+01
-4.7242279053e+01
-2.4711946487e+01
6.8264603615e+00
-3.4730640411e+01
-4.7305110931e+01
-2.4727357864e+01
6.8735599518e+00
-3.4825325012e+01
-4.7416393280e+01
-2.4744707108e+01
6.9482684135e+00
-3.4988189697e+01
-4.7561969757e+01
-2.4777198792e+01
7.0618715286e+00
-3.5168678284e+01
-4.7800018311e+01
-2.4806413651e+01
7.2266349792e+00
-3.5489849091e+01
-4.8093597412e+01
-2.4867286682e+01
7.4510207176e+00
-3.5785205841e+01
-4.8616477966e+01
-2.4928779602e+01
7.7825765610e+00
-3.6397960663e+01
-4.9319850922e+01
-2.5134866714e+01
8.1714735031e+00
-3.6786060333e+01
-5.0722976685e+01
-2.5464942932e+01
8.6602478027e+00
-3.7716094971e+01
-5.3134860992e+01
-2.6450815201e+01
8.9817905426e+00
-3.9236907959e+01
-5.6545425415e+01
-2.6863540649e+01
1.0028207779e+01
-9.5547027588e+01
-3.9190017700e+01
-4.9416551590e+00
3.3342445374e+01
-9.4094085693e+01
-3.7445327759e+01
-2.2021961212e+00
3.4283802032e+01
-9.4010887146e+01
-3.7400260925e+01
-1.7755793333e+00
3.3789367676e+01
-9.3823257446e+01
-3.7662364960e+01
-1.8034708500e+00
3.3433589935e+01
-9.3815475464e+01
-3.7889274597e+01
-2.0388917923e+00
3.2983451843e+01
-9.3700126648e+01
-3.8094535828e+01
-2.2721288204e+00
3.2630313873e+01
-9.3612655640e+01
-3.8227783203e+01
-2.4765775204e+00
3.2321388245e+01
-9.3508094788e+01
-3.8322238922e+01
-2.6352305412e+00
3.2089862823e+01
-9.3425888062e+01
-3.8379676819e+01
-2.7512724400e+00
3.1908311844e+01
-9.3356307983e+01
-3.8415733337e+01
-2.8328883648e+00
3.1783384323e+01
-9.3310859680e+01
-3.8435642242e+01
-2.8831903934e+00
3.1700424194e+01
-9.3286880493e+01
-3.8444622040e+01
-2.9078781605e+00
3.1661224365e+01
-9.3286880493e+01
-3.8444622040e+01
-2.9078781605e+00
3.1661224365e+01
-9.3310859680e+01
-3.8435642242e+01
-2.8831903934e+00
3.1700424194e+01
-9.3356307983e+01
-3.8415733337e+01
-2.8328883648e+00
3.1783384323e+01
-9.3425888062e+01
-3.8379676819e+01
-2.7512724400e+00
3.1908311844e+01
-9.3508094788e+01
-3.8322238922e+01
-2.6352305412e+00
3.2089862823e+01
-9.3612655640e+01
-3.8227783203e+01
-2.4765775204e+00
3.2321388245e+01
-9.3700126648e+01
-3.8094535828e+01
-2.2721288204e+00
3.2630313873e+01
-9.3815475464e+01
-3.7889274597e+01
-2.0388917923e+00
3.2983451843e+01
-9.3823257446e+01
-3.7662364960e+01
-1.8034708500e+00
3.3433589935e+01
-9.4010887146e+01
-3.7400260925e+01
-1.7755793333e+00
3.3789367676e+01
-9.4094085693e+01
-3.7445327759e+01
-2.2021961212e+00
3.4283802032e+01
-9.5547027588e+01
-3.9190017700e+01
-4.9416551590e+00
3.3342445374e+01
-1.2527692413e+02
-7.2034461975e+01
2.5479657650e+00
8.0613212585e+01
-1.2444657898e+02
-6.8221557617e+01
6.0735325813e+00
8.2540473938e+01
-1.2439055634e+02
-6.6550453186e+01
7.6233801842e+00
8.3161682129e+01
-1.2463951874e+02
-6.6085250854e+01
7.9947547913e+00
8.3307716370e+01
-1.2499662018e+02
-6.6035140991e+01
8.0452432632e+00
8.3283554077e+01
-1.2535404205e+02
-6.6151290894e+01
7.9360928535e+00
8.3165252686e+01
-1.2564536285e+02
-6.6303298950e+01
7.7892765999e+00
8.3036155701e+01
-1.2587783813e+02
-6.6448997498e+01
7.6461701393e+00
8.2898399353e+01
-1.2604643250e+02
-6.6569038391e+01
7.5220227242e+00
8.2786445618e+01
-1.2616630554e+02
-6.6659385681e+01
7.4284362793e+00
8.2693244934e+01
-1.2624056244e+02
-6.6718704224e+01
7.3643507957e+00
8.2632644653e+01
-1.2627696228e+02
-6.6748207092e+01
7.3328518867e+00
8.2600532532e+01
-1.2627696228e+02
-6.6748207092e+01
7.3328518867e+00
8.2600532532e+01
-1.2624056244e+02
-6.6718704224e+01
7.3643507957e+00
8.2632644653e+01
-1.2616630554e+02
-6.6659385681e+01
7.4284362793e+00
8.2693244934e+01
-1.2604643250e+02
-6.6569038391e+01
7.5220227242e+00
8.2786445618e+01
-1.2587783813e+02
-6.6448997498e+01
7.6461701393e+00
8.2898399353e+01
-1.2564536285e+02
-6.6303298950e+01
7.7892765999e+00
8.3036155701e+01
-1.2535404205e+02
-6.6151290894e+01
7.9360928535e+00
8.3165252686e+01
-1.2499662018e+02
-6.6035140991e+01
8.0452432632e+00
8.3283554077e+01
-1.2463951874e+02
-6.6085250854e+01
7.9947547913e+00
8.3307716370e+01
-1.2439055634e+02
-6.6550453186e+01
7.6233801842e+00
8.3161682129e+01
-1.2444657898e+02
-6.8221557617e+01
6.0735325813e+00
8.2540473938e+01
-1.2527692413e+02
-7.2034461975e+01
2.5479657650e+00
8.0613212585e+01
-1.7569987488e+02
-7.5465789795e+01
1.8943164825e+01
1.2017607117e+02
-1.7358671570e+02
-7.2937927246e+01
2.1495143890e+01
1.2132775116e+02
-1.7311982727e+02
-7.1847801208e+01
2.2631479263e+01
1.2151846313e+02
-1.7283956909e+02
-7.1463676453e+01
2.3074554443e+01
1.2164044189e+02
-1.7279962158e+02
-7.1390495300e+01
2.3169099808e+01
1.2153234100e+02
-1.7283526611e+02
-7.1451141357e+01
2.3126493454e+01
1.2143212128e+02
-1.7293933105e+02
-7.1565460205e+01
2.3034727097e+01
1.2130355835e+02
-1.7305160522e+02
-7.1690704346e+01
2.2929645538e+01
1.2120076752e+02
-1.7316406250e+02
-7.1805091858e+01
2.2834913254e+01
1.2110563660e+02
-1.7325401306e+02
-7.1897651672e+01
2.2756870270e+01
1.2103701019e+02
-1.7331913757e+02
-7.1961761475e+01
2.2703372955e+01
1.2098748779e+02
-1.7335186768e+02
-7.1994560242e+01
2.2675662994e+01
1.2096365356e+02
-1.7335186768e+02
-7.1994560242e+01
2.2675662994e+01
1.2096365356e+02
-1.7331913757e+02
-7.1961761475e+01
2.2703372955e+01
1.2098748779e+02
-1.7325401306e+02
-7.1897651672e+01
2.2756870270e+01
1.2103701019e+02
-1.7316406250e+02
-7.1805091858e+01
2.2834913254e+01
1.2110563660e+02
-1.7305160522e+02
-7.1690704346e+01
2.2929645538e+01
1.2120076752e+02
-1.7293933105e+02
-7.1565460205e+01
2.3034727097e+01
1.2130355835e+02
-1.7283526611e+02
-7.1451141357e+01
2.3126493454e+01
1.2143212128e+02
-1.7279962158e+02
-7.1390495300e+01
2.3169099808e+01
1.2153234100e+02
-1.7283956909e+02
-7.1463676453e+01
2.3074554443e+01
1.2164044189e+02
-1.7311982727e+02
-7.1847801208e+01
2.2631479263e+01
1.2151846313e+02
-1.7358671570e+02
-7.2937927246e+01
2.1495143890e+01
1.2132775116e+02
-1.7569987488e+02
-7.5465789795e+01
1.8943164825e+01
1.2017607117e+02
-2.1102882385e+02
-9.4805572510e+01
3.2456466675e+01
1.6144508362e+02
-2.1027633667e+02
-9.1574356079e+01
3.5788246155e+01
1.6297999573e+02
-2.1009228516e+02
-9.0424865723e+01
3.6937442780e+01
1.6324400330e+02
-2.1013314819e+02
-9.0103134155e+01
3.7225704193e+01
1.6323028564e+02
-2.1027696228e+02
-9.0049758911e+01
3.7255218506e+01
1.6313075256e+02
-2.1042256165e+02
-9.0114761353e+01
3.7166152954e+01
1.6297431946e+02
-2.1054624939e+02
-9.0208801270e+01
3.7047679901e+01
1.6283032227e+02
-2.1065798950e+02
-9.0305305481e+01
3.6930721283e+01
1.6268914795e+02
-2.1074565125e+02
-9.0391532898e+01
3.6828334808e+01
1.6257791138e+02
-2.1081643677e+02
-9.0459663391e+01
3.6748676300e+01
1.6248811340e+02
-2.1086300659e+02
-9.0507255554e+01
3.6693813324e+01
1.6242970276e+02
-2.1088751221e+02
-9.0531341553e+01
3.6666179657e+01
1.6239924622e+02
-2.1088751221e+02
-9.0531341553e+01
3.6666179657e+01
1.6239924622e+02
-2.1086300659e+02
-9.0507255554e+01
3.6693813324e+01
1.6242970276e+02
-2.1081643677e+02
-9.0459663391e+01
3.6748676300e+01
1.6248811340e+02
-2.1074565125e+02
-9.0391532898e+01
3.6828334808e+01
1.6257791138e+02
-2.1065798950e+02
-9.0305305481e+01
3.6930721283e+01
1.6268914795e+02
-2.1054624939e+02
-9.0208801270e+01
3.7047679901e+01
1.6283032227e+02
-2.1042256165e+02
-9.0114761353e+01
3.7166152954e+01
1.6297431946e+02
-2.1027696228e+02
-9.0049758911e+01
3.7255218506e+01
1.6313075256e+02
-2.1013314819e+02
-9.0103134155e+01
3.7225704193e+01
1.6323028564e+02
-2.1009228516e+02
-9.0424865723e+01
3.6937442780e+01
1.6324400330e+02
-2.1027633667e+02
-9.1574356079e+01
3.5788246155e+01
1.6297999573e+02
-2.1102882385e+02
-9.4805572510e+01
3.2456466675e+01
1.6144508362e+02
-2.5471345520e+02
-1.0397053528e+02
4.6432849884e+01
2.0380717468e+02
-2.5320256042e+02
-1.0166261292e+02
4.8657421112e+01
2.0487426758e+02
-2.5312730408e+02
-1.0063153839e+02
4.9669242859e+01
2.0497344971e+02
-2.5313700867e+02
-1.0041893768e+02
4.9876560211e+01
2.0493016052e+02
-2.5331411743e+02
-1.0048497772e+02
4.9806072235e+01
2.0468229675e+02
-2.5350073242e+02
-1.0065472412e+02
4.9635753632e+01
2.0446215820e+02
-2.5369781494e+02
-1.0084015656e+02
4.9450298309e+01
2.0423516846e+02
-2.5386054993e+02
-1.0101227570e+02
4.9278537750e+01
2.0405134583e+02
-2.5399801636e+02
-1.0115367126e+02
4.9135875702e+01
2.0389431763e+02
-2.5409776306e+02
-1.0126226807e+02
4.9026275635e+01
2.0377940369e+02
-2.5416603088e+02
-1.0133436584e+02
4.8952770233e+01
2.0370013428e+02
-2.5419920349e+02
-1.0137075043e+02
4.8915763855e+01
2.0366131592e+02
-2.5419920349e+02
-1.0137075043e+02
4.8915763855e+01
2.0366131592e+02
-2.5416603088e+02
-1.0133436584e+02
4.8952770233e+01
2.0370013428e+02
-2.5409776306e+02
-1.0126226807e+02
4.9026275635e+01
2.0377940369e+02
-2.5399801636e+02
-1.0115367126e+02
4.9135875702e+01
2.0389431763e+02
-2.5386054993e+02
-1.0101227570e+02
4.9278537750e+01
2.0405134583e+02
-2.5369781494e+02
-1.0084015656e+02
4.9450298309e+01
2.0423516846e+02
-2.5350073242e+02
-1.0065472412e+02
4.9635753632e+01
2.0446215820e+02
-2.5331411743e+02
-1.0048497772e+02
4.9806072235e+01
2.0468229675e+02
-2.5313700867e+02
-1.0041893768e+02
4.9876560211e+01
2.0493016052e+02
-2.5312730408e+02
-1.0063153839e+02
4.9669242859e+01
2.0497344971e+02
-2.5320256042e+02
-1.0166261292e+02
4.8657421112e+01
2.0487426758e+02
-2.5471345520e+02
-1.0397053528e+02
4.6432849884e+01
2.0380717468e+02
-2.9175097656e+02
-1.1876235199e+02
6.1466789246e+01
2.4311901855e+02
-2.9114611816e+02
-1.1621069336e+02
6.4156532288e+01
2.4411396790e+02
-2.9114791870e+02
-1.1553865051e+02
6.4866203308e+01
2.4402760315e+02
-2.9137124634e+02
-1.1547705078e+02
6.4933052063e+01
2.4377027893e+02
-2.9167135620e+02
-1.1564704132e+02
6.4751564026e+01
2.4345211792e+02
-2.9196752930e+02
-1.1589346313e+02
6.4486259460e+01
2.4311366272e+02
-2.9223031616e+02
-1.1614579010e+02
6.4217178345e+01
2.4281747437e+02
-2.9246295166e+02
-1.1637158966e+02
6.3975963593e+01
2.4255494690e+02
-2.9264849854e+02
-1.1656079865e+02
6.3775920868e+01
2.4234806824e+02
-2.9279241943e+02
-1.1670457458e+02
6.3623626709e+01
2.4218850708e+02
-2.9288723755e+02
-1.1680207825e+02
6.3521114349e+01
2.4208386230e+02
-2.9293566895e+02
-1.1685077667e+02
6.3469738007e+01
2.4203060913e+02
-2.9293566895e+02
-1.1685077667e+02
6.3469738007e+01
2.4203060913e+02
-2.9288723755e+02
-1.1680207825e+02
6.3521114349e+01
2.4208386230e+02
-2.9279241943e+02
-1.1670457458e+02
6.3623626709e+01
2.4218850708e+02
-2.9264849854e+02
-1.1656079865e+02
6.3775920868e+01
2.4234806824e+02
-2.9246295166e+02
-1.1637158966e+02
6.3975963593e+01
2.4255494690e+02
-2.9223031616e+02
-1.1614579010e+02
6.4217178345e+01
2.4281747437e+02
-2.9196752930e+02
-1.1589346313e+02
6.4486259460e+01
2.4311366272e+02
-2.9167135620e+02
-1.1564704132e+02
6.4751564026e+01
2.4345211792e+02
-2.9137124634e+02
-1.1547705078e+02
6.4933052063e+01
2.4377027893e+02
-2.9114791870e+02
-1.1553865051e+02
6.4866203308e+01
2.4402760315e+02
-2.9114611816e+02
-1.1621069336e+02
6.4156532288e+01
2.4411396790e+02
-2.9175097656e+02
-1.1876235199e+02
6.1466789246e+01
2.4311901855e+02
-3.3193502808e+02
-1.2914573669e+02
7.4656532288e+01
2.8447579956e+02
-3.3113696289e+02
-1.2736428070e+02
7.6377914429e+01
2.8515652466e+02
-3.3143142700e+02
-1.2670205688e+02
7.7001029968e+01
2.8494122314e+02
-3.3173739624e+02
-1.2681161499e+02
7.6854293823e+01
2.8458953857e+02
-3.3215811157e+02
-1.2711541748e+02
7.6529891968e+01
2.8410263062e+02
-3.3254333496e+02
-1.2748622894e+02
7.6146331787e+01
2.8367025757e+02
-3.3290213013e+02
-1.2783547974e+02
7.5785163879e+01
2.8326449585e+02
-3.3319836426e+02
-1.2814401245e+02
7.5468353271e+01
2.8292984009e+02
-3.3344256592e+02
-1.2839434814e+02
7.5210052490e+01
2.8265307617e+02
-3.3362341309e+02
-1.2858534241e+02
7.5013809204e+01
2.8244802856e+02
-3.3374612427e+02
-1.2871267700e+02
7.4882446289e+01
2.8230895996e+02
-3.3380676270e+02
-1.2877680969e+02
7.4816513062e+01
2.8224020386e+02
-3.3380676270e+02
-1.2877680969e+02
7.4816513062e+01
2.8224020386e+02
-3.3374612427e+02
-1.2871267700e+02
7.4882446289e+01
2.8230895996e+02
-3.3362341309e+02
-1.2858534241e+02
7.5013809204e+01
2.8244802856e+02
-3.3344256592e+02
-1.2839434814e+02
7.5210052490e+01
2.8265307617e+02
-3.3319836426e+02
-1.2814401245e+02
7.5468353271e+01
2.8292984009e+02
-3.3290213013e+02
-1.2783547974e+02
7.5785163879e+01
2.8326449585e+02
-3.3254333496e+02
-1.2748622894e+02
7.6146331787e+01
2.8367025757e+02
-3.3215811157e+02
-1.2711541748e+02
7.6529891968e+01
2.8410263062e+02
-3.3173739624e+02
-1.2681161499e+02
7.6854293823e+01
2.8458953857e+02
-3.3143142700e+02
-1.2670205688e+02
7.7001029968e+01
2.8494122314e+02
-3.3113696289e+02
-1.2736428070e+02
7.6377914429e+01
2.8515652466e+02
-3.3193502808e+02
-1.2914573669e+02
7.4656532288e+01
2.8447579956e+02
-3.6827178955e+02
-1.4217803955e+02
8.9470085144e+01
3.2254263306e+02
-3.6802401733e+02
-1.4039599609e+02
9.1375671387e+01
3.2299566650e+02
-3.6839862061e+02
-1.4020851135e+02
9.1608222961e+01
3.2253021240e+02
-3.6892819214e+02
-1.4047883606e+02
9.1355102539e+01
3.2197103882e+02
-3.6948342896e+02
-1.4093785095e+02
9.0885650635e+01
3.2137521362e+02
-3.7000244141e+02
-1.4141867065e+02
9.0386390686e+01
3.2080474854e+02
-3.7045584106e+02
-1.4186930847e+02
8.9919494629e+01
3.2031042480e+02
-3.7084469604e+02
-1.4225624084e+02
8.9516876221e+01
3.1988568115e+02
-3.7115420532e+02
-1.4257292175e+02
8.9188606262e+01
3.1954870605e+02
-3.7138980103e+02
-1.4281134033e+02
8.8940780640e+01
3.1929208374e+02
-3.7154553223e+02
-1.4297154236e+02
8.8774726868e+01
3.1912255859e+02
-3.7162417603e+02
-1.4305151367e+02
8.8691650391e+01
3.1903692627e+02
-3.7162417603e+02
-1.4305151367e+02
8.8691650391e+01
3.1903692627e+02
-3.7154553223e+02
-1.4297154236e+02
8.8774726868e+01
3.1912255859e+02
-3.7138980103e+02
-1.4281134033e+02
8.8940780640e+01
3.1929208374e+02
-3.7115420532e+02
-1.4257292175e+02
8.9188606262e+01
3.1954870605e+02
-3.7084469604e+02
-1.4225624084e+02
8.9516876221e+01
3.1988568115e+02
-3.7045584106e+02
-1.4186930847e+02
8.9919494629e+01
3.2031042480e+02
-3.7000244141e+02
-1.4141867065e+02
9.0386390686e+01
3.2080474854e+02
-3.6948342896e+02
-1.4093785095e+02
9.0885650635e+01
3.2137521362e+02
-3.6892819214e+02
-1.4047883606e+02
9.1355102539e+01
3.2197103882e+02
-3.6839862061e+02
-1.4020851135e+02
9.1608222961e+01
3.2253021240e+02
-3.6802401733e+02
-1.4039599609e+02
9.1375671387e+01
3.2299566650e+02
-3.6827178955e+02
-1.4217803955e+02
8.9470085144e+01
3.2254263306e+02
-4.0573446655e+02
-1.5223892212e+02
1.0231091309e+02
3.6167874146e+02
-4.0563565063e+02
-1.5114674377e+02
1.0338181305e+02
3.6181216431e+02
-4.0630700684e+02
-1.5099694824e+02
1.0349650574e+02
3.6119812012e+02
-4.0695309448e+02
-1.5149197388e+02
1.0295803070e+02
3.6048596191e+02
-4.0765713501e+02
-1.5209111023e+02
1.0233599091e+02
3.5971551514e+02
-4.0828463745e+02
-1.5271272278e+02
1.0169709015e+02
3.5903076172e+02
-4.0884701538e+02
-1.5327018738e+02
1.0112397766e+02
3.5841400146e+02
-4.0931387329e+02
-1.5375149536e+02
1.0063132477e+02
3.5790295410e+02
-4.0969418335e+02
-1.5413938904e+02
1.0023355103e+02
3.5748663330e+02
-4.0997766113e+02
-1.5443339539e+02
9.9932891846e+01
3.5717697144e+02
-4.1016860962e+02
-1.5462937927e+02
9.9732139587e+01
3.5696850586e+02
-4.1026348877e+02
-1.5472779846e+02
9.9631523132e+01
3.5686505127e+02
-4.1026348877e+02
-1.5472779846e+02
9.9631523132e+01
3.5686505127e+02
-4.1016860962e+02
-1.5462937927e+02
9.9732139587e+01
3.5696850586e+02
-4.0997766113e+02
-1.5443339539e+02
9.9932891846e+01
3.5717697144e+02
-4.0969418335e+02
-1.5413938904e+02
1.0023355103e+02
3.5748663330e+02
-4.0931387329e+02
-1.5375149536e+02
1.0063132477e+02
3.5790295410e+02
-4.0884701538e+02
-1.5327018738e+02
1.0112397766e+02
3.5841400146e+02
-4.0828463745e+02
-1.5271272278e+02
1.0169709015e+02
3.5903076172e+02
-4.0765713501e+02
-1.5209111023e+02
1.0233599091e+02
3.5971551514e+02
-4.0695309448e+02
-1.5149197388e+02
1.0295803070e+02
3.6048596191e+02
-4.0630700684e+02
-1.5099694824e+02
1.0349650574e+02
3.6119812012e+02
-4.0563565063e+02
-1.5114674377e+02
1.0338181305e+02
3.6181216431e+02
-4.0573446655e+02
-1.5223892212e+02
1.0231091309e+02
3.6167874146e+02
-4.4010839844e+02
-1.6407031250e+02
1.1633754730e+02
3.9803598022e+02
-4.4039422607e+02
-1.6314710999e+02
1.1736724854e+02
3.9789291382e+02
-4.4122714233e+02
-1.6348619080e+02
1.1706507874e+02
3.9699713135e+02
-4.4211349487e+02
-1.6414710999e+02
1.1641681671e+02
3.9608224487e+02
-4.4296932983e+02
-1.6493359375e+02
1.1561425018e+02
3.9516992188e+02
-4.4374627686e+02
-1.6568151855e+02
1.1484598541e+02
3.9433496094e+02
-4.4441909790e+02
-1.6635722351e+02
1.1415209198e+02
3.9361404419e+02
-4.4498846436e+02
-1.6692840576e+02
1.1356413269e+02
3.9300296021e+02
-4.4544238281e+02
-1.6739163208e+02
1.1308815765e+02
3.9251663208e+02
-4.4578570557e+02
-1.6773954773e+02
1.1273014832e+02
3.9214855957e+02
-4.4601342773e+02
-1.6797264099e+02
1.1249069214e+02
3.9190466309e+02
-4.4612799072e+02
-1.6808905029e+02
1.1237097168e+02
3.9178192139e+02
-4.4612799072e+02
-1.6808905029e+02
1.1237097168e+02
3.9178192139e+02
-4.4601342773e+02
-1.6797264099e+02
1.1249069214e+02
3.9190466309e+02
-4.4578570557e+02
-1.6773954773e+02
1.1273014832e+02
3.9214855957e+02
-4.4544238281e+02
-1.6739163208e+02
1.1308815765e+02
3.9251663208e+02
-4.4498846436e+02
-1.6692840576e+02
1.1356413269e+02
3.9300296021e+02
-4.4441909790e+02
-1.6635722351e+02
1.1415209198e+02
3.9361404419e+02
-4.4374627686e+02
-1.6568151855e+02
1.1484598541e+02
3.9433496094e+02
-4.4296932983e+02
-1.6493359375e+02
1.1561425018e+02
3.9516992188e+02
-4.4211349487e+02
-1.6414710999e+02
1.1641681671e+02
3.9608224487e+02
-4.4122714233e+02
-1.6348619080e+02
1.1706507874e+02
3.9699713135e+02
-4.4039422607e+02
-1.6314710999e+02
1.1736724854e+02
3.9789291382e+02
-4.4010839844e+02
-1.6407031250e+02
1.1633754730e+02
3.9803598022e+02
-4.7466592407e+02
-1.7336874390e+02
1.2866300964e+02
4.3435006714e+02
-4.7526281738e+02
-1.7307411194e+02
1.2897160339e+02
4.3385479736e+02
-4.7635549927e+02
-1.7351605225e+02
1.2850778198e+02
4.3279049683e+02
-4.7738879395e+02
-1.7443714905e+02
1.2754830170e+02
4.3168359375e+02
-4.7841116333e+02
-1.7537318420e+02
1.2659161377e+02
4.3059506226e+02
-4.7931307983e+02
-1.7627787781e+02
1.2566765594e+02
4.2962942505e+02
-4.8010610962e+02
-1.7707058716e+02
1.2485803223e+02
4.2877859497e+02
-4.8076541138e+02
-1.7774598694e+02
1.2416971588e+02
4.2807247925e+02
-4.8129849243e+02
-1.7828791809e+02
1.2361695099e+02
4.2750180054e+02
-4.8169674683e+02
-1.7869703674e+02
1.2320034790e+02
4.2707629395e+02
-4.8196389771e+02
-1.7896957397e+02
1.2292256165e+02
4.2679095459e+02
-4.8209692383e+02
-1.7910623169e+02
1.2278345490e+02
4.2664904785e+02
-4.8209692383e+02
-1.7910623169e+02
1.2278345490e+02
4.2664904785e+02
-4.8196389771e+02
-1.7896957397e+02
1.2292256165e+02
4.2679095459e+02
-4.8169674683e+02
-1.7869703674e+02
1.2320034790e+02
4.2707629395e+02
-4.8129849243e+02
-1.7828791809e+02
1.2361695099e+02
4.2750180054e+02
-4.8076541138e+02
-1.7774598694e+02
1.2416971588e+02
4.2807247925e+02
-4.8010610962e+02
-1.7707058716e+02
1.2485803223e+02
4.2877859497e+02
-4.7931307983e+02
-1.7627787781e+02
1.2566765594e+02
4.2962942505e+02
-4.7841116333e+02
-1.7537318420e+02
1.2659161377e+02
4.3059506226e+02
-4.7738879395e+02
-1.7443714905e+02
1.2754830170e+02
4.3168359375e+02
-4.7635549927e+02
-1.7351605225e+02
1.2850778198e+02
4.3279049683e+02
-4.7526281738e+02
-1.7307411194e+02
1.2897160339e+02
4.3385479736e+02
-4.7466592407e+02
-1.7336874390e+02
1.2866300964e+02
4.3435006714e+02
-5.0629870605e+02
-1.8397056580e+02
1.4161651611e+02
4.6817224121e+02
-5.0721743774e+02
-1.8395407104e+02
1.4172796631e+02
4.6738586426e+02
-5.0853759766e+02
-1.8485569763e+02
1.4085166931e+02
4.6602795410e+02
-5.0980773926e+02
-1.8594560242e+02
1.3976527405e+02
4.6472372437e+02
-5.1099139404e+02
-1.8708325195e+02
1.3860609436e+02
4.6347323608e+02
-5.1204888916e+02
-1.8812063599e+02
1.3754690552e+02
4.6235397339e+02
-5.1296044922e+02
-1.8903987122e+02
1.3660794067e+02
4.6138952637e+02
-5.1372686768e+02
-1.8981100464e+02
1.3581951904e+02
4.6057818604e+02
-5.1433868408e+02
-1.9043338013e+02
1.3518391418e+02
4.5993157959e+02
-5.1479998779e+02
-1.9090026855e+02
1.3470683289e+02
4.5944409180e+02
-5.1510650635e+02
-1.9121253967e+02
1.3438812256e+02
4.5912054443e+02
-5.1526043701e+02
-1.9136849976e+02
1.3422885132e+02
4.5895812988e+02
-5.1526043701e+02
-1.9136849976e+02
1.3422885132e+02
4.5895812988e+02
-5.1510650635e+02
-1.9121253967e+02
1.3438812256e+02
4.5912054443e+02
-5.1479998779e+02
-1.9090026855e+02
1.3470683289e+02
4.5944409180e+02
-5.1433868408e+02
-1.9043338013e+02
1.3518391418e+02
4.5993157959e+02
-5.1372686768e+02
-1.8981100464e+02
1.3581951904e+02
4.6057818604e+02
-5.1296044922e+02
-1.8903987122e+02
1.3660794067e+02
4.6138952637e+02
-5.1204888916e+02
-1.8812063599e+02
1.3754690552e+02
4.6235397339e+02
-5.1099139404e+02
-1.8708325195e+02
1.3860609436e+02
4.6347323608e+02
-5.0980773926e+02
-1.8594560242e+02
1.3976527405e+02
4.6472372437e+02
-5.0853759766e+02
-1.8485569763e+02
1.4085166931e+02
4.6602795410e+02
-5.0721743774e+02
-1.8395407104e+02
1.4172796631e+02
4.6738586426e+02
-5.0629870605e+02
-1.8397056580e+02
1.4161651611e+02
4.6817224121e+02
-5.3744659424e+02
-1.9233863831e+02
1.5308460999e+02
5.0109201050e+02
-5.3873352051e+02
-1.9289509583e+02
1.5257063293e+02
4.9993862915e+02
-5.4028033447e+02
-1.9395735168e+02
1.5149971008e+02
4.9840045166e+02
-5.4172192383e+02
-1.9531950378e+02
1.5010647583e+02
4.9688577271e+02
-5.4307794189e+02
-1.9661116028e+02
1.4879623413e+02
4.9546298218e+02
-5.4426855469e+02
-1.9781207275e+02
1.4757485962e+02
4.9420458984e+02
-5.4530444336e+02
-1.9885169983e+02
1.4651785278e+02
4.9310971069e+02
-5.4616607666e+02
-1.9973043823e+02
1.4562533569e+02
4.9220028687e+02
-5.4685986328e+02
-2.0043385315e+02
1.4491064453e+02
4.9146859741e+02
-5.4737884521e+02
-2.0096363831e+02
1.4437294006e+02
4.9092224121e+02
-5.4772619629e+02
-2.0131648254e+02
1.4401466370e+02
4.9055676270e+02
-5.4789935303e+02
-2.0149324036e+02
1.4383532715e+02
4.9037469482e+02
-5.4789935303e+02
-2.0149324036e+02
1.4383532715e+02
4.9037469482e+02
-5.4772619629e+02
-2.0131648254e+02
1.4401466370e+02
4.9055676270e+02
-5.4737884521e+02
-2.0096363831e+02
1.4437294006e+02
4.9092224121e+02
-5.4685986328e+02
-2.0043385315e+02
1.4491064453e+02
4.9146859741e+02
-5.4616607666e+02
-1.9973043823e+02
1.4562533569e+02
4.9220028687e+02
-5.4530444336e+02
-1.9885169983e+02
1.4651785278e+02
4.9310971069e+02
-5.4426855469e+02
-1.9781207275e+02
1.4757485962e+02
4.9420458984e+02
-5.4307794189e+02
-1.9661116028e+02
1.4879623413e+02
4.9546298218e+02
-5.4172192383e+02
-1.9531950378e+02
1.5010647583e+02
4.9688577271e+02
-5.4028033447e+02
-1.9395735168e+02
1.5149971008e+02
4.9840045166e+02
-5.3873352051e+02
-1.9289509583e+02
1.5257063293e+02
4.9993862915e+02
-5.3744659424e+02
-1.9233863831e+02
1.5308460999e+02
5.0109201050e+02
-5.6567901611e+02
-2.0157518005e+02
1.6470904541e+02
5.3152050781e+02
-5.6726135254e+02
-2.0246333313e+02
1.6391055298e+02
5.3007861328e+02
-5.6906433105e+02
-2.0393763733e+02
1.6245248413e+02
5.2825433350e+02
-5.7072515869e+02
-2.0546765137e+02
1.6091796875e+02
5.2655224609e+02
-5.7224389648e+02
-2.0696037292e+02
1.5940061951e+02
5.2496173096e+02
-5.7358746338e+02
-2.0829281616e+02
1.5804579163e+02
5.2355474854e+02
-5.7474261475e+02
-2.0945948792e+02
1.5685873413e+02
5.2234442139e+02
-5.7571026611e+02
-2.1043411255e+02
1.5586697388e+02
5.2133105469e+02
-5.7648321533e+02
-2.1121829224e+02
1.5506970215e+02
5.2052276611e+02
-5.7706488037e+02
-2.1180613708e+02
1.5447196960e+02
5.1991497803e+02
-5.7745184326e+02
-2.1219885254e+02
1.5407299805e+02
5.1951110840e+02
-5.7764581299e+02
-2.1239503479e+02
1.5387364197e+02
5.1930865479e+02
-5.7764581299e+02
-2.1239503479e+02
1.5387364197e+02
5.1930865479e+02
-5.7745184326e+02
-2.1219885254e+02
1.5407299805e+02
5.1951110840e+02
-5.7706488037e+02
-2.1180613708e+02
1.5447196960e+02
5.1991497803e+02
-5.7648321533e+02
-2.1121829224e+02
1.5506970215e+02
5.2052276611e+02
-5.7571026611e+02
-2.1043411255e+02
1.5586697388e+02
5.2133105469e+02
-5.7474261475e+02
-2.0945948792e+02
1.5685873413e+02
5.2234442139e+02
-5.7358746338e+02
-2.0829281616e+02
1.5804579163e+02
5.2355474854e+02
-5.7224389648e+02
-2.0696037292e+02
1.5940061951e+02
5.2496173096e+02
-5.7072515869e+02
-2.0546765137e+02
1.6091796875e+02
5.2655224609e+02
-5.6906433105e+02
-2.0393763733e+02
1.6245248413e+02
5.2825433350e+02
-5.6726135254e+02
-2.0246333313e+02
1.6391055298e+02
5.3007861328e+02
-5.6567901611e+02
-2.0157518005e+02
1.6470904541e+02
5.3152050781e+02
-5.9282702637e+02
-2.0887049866e+02
1.7495542908e+02
5.6039599609e+02
-5.9477655029e+02
-2.1027221680e+02
1.7361781311e+02
5.5859814453e+02
-5.9677966309e+02
-2.1193975830e+02
1.7195135498e+02
5.5659320068e+02
-5.9862152100e+02
-2.1373153687e+02
1.7013453674e+02
5.5468170166e+02
-6.0030554199e+02
-2.1537402344e+02
1.6847444153e+02
5.5292993164e+02
-6.0178070068e+02
-2.1686531067e+02
1.6696203613e+02
5.5138537598e+02
-6.0305603027e+02
-2.1814791870e+02
1.6566198730e+02
5.5005151367e+02
-6.0411718750e+02
-2.1922648621e+02
1.6456930542e+02
5.4894299316e+02
-6.0496960449e+02
-2.2008879089e+02
1.6369570923e+02
5.4805371094e+02
-6.0560772705e+02
-2.2073727417e+02
1.6303927612e+02
5.4738903809e+02
-6.0603424072e+02
-2.2116915894e+02
1.6260202026e+02
5.4694506836e+02
-6.0624713135e+02
-2.2138536072e+02
1.6238325500e+02
5.4672369385e+02
-6.0624713135e+02
-2.2138536072e+02
1.6238325500e+02
5.4672369385e+02
-6.0603424072e+02
-2.2116915894e+02
1.6260202026e+02
5.4694506836e+02
-6.0560772705e+02
-2.2073727417e+02
1.6303927612e+02
5.4738903809e+02
-6.0496960449e+02
-2.2008879089e+02
1.6369570923e+02
5.4805371094e+02
-6.0411718750e+02
-2.1922648621e+02
1.6456930542e+02
5.4894299316e+02
-6.0305603027e+02
-2.1814791870e+02
1.6566198730e+02
5.5005151367e+02
-6.0178070068e+02
-2.1686531067e+02
1.6696203613e+02
5.5138537598e+02
-6.0030554199e+02
-2.1537402344e+02
1.6847444153e+02
5.5292993164e+02
-5.9862152100e+02
-2.1373153687e+02
1.7013453674e+02
5.5468170166e+02
-5.9677966309e+02
-2.1193975830e+02
1.7195135498e+02
5.5659320068e+02
-5.9477655029e+02
-2.1027221680e+02
1.7361781311e+02
5.5859814453e+02
-5.9282702637e+02
-2.0887049866e+02
1.7495542908e+02
5.6039599609e+02
-6.1702355957e+02
-2.1661358643e+02
1.8497752380e+02
5.8661999512e+02
-6.1924377441e+02
-2.1835249329e+02
1.8332791138e+02
5.8455273438e+02
-6.2149798584e+02
-2.2037460327e+02
1.8131675720e+02
5.8228674316e+02
-6.2353314209e+02
-2.2232586670e+02
1.7935562134e+02
5.8020477295e+02
-6.2537158203e+02
-2.2415533447e+02
1.7750065613e+02
5.7829315186e+02
-6.2698809814e+02
-2.2576933289e+02
1.7586437988e+02
5.7661309814e+02
-6.2837554932e+02
-2.2717123413e+02
1.7444219971e+02
5.7516998291e+02
-6.2953515625e+02
-2.2833961487e+02
1.7325730896e+02
5.7396533203e+02
-6.3046185303e+02
-2.2927770996e+02
1.7230665588e+02
5.7300415039e+02
-6.3115838623e+02
-2.2998066711e+02
1.7159439087e+02
5.7228247070e+02
-6.3162207031e+02
-2.3044992065e+02
1.7111926270e+02
5.7180261230e+02
-6.3185437012e+02
-2.3068435669e+02
1.7088186646e+02
5.7156231689e+02
-6.3185437012e+02
-2.3068435669e+02
1.7088186646e+02
5.7156231689e+02
-6.3162207031e+02
-2.3044992065e+02
1.7111926270e+02
5.7180261230e+02
-6.3115838623e+02
-2.2998066711e+02
1.7159439087e+02
5.7228247070e+02
-6.3046185303e+02
-2.2927770996e+02
1.7230665588e+02
5.7300415039e+02
-6.2953515625e+02
-2.2833961487e+02
1.7325730896e+02
5.7396533203e+02
-6.2837554932e+02
-2.2717123413e+02
1.7444219971e+02
5.7516998291e+02
-6.2698809814e+02
-2.2576933289e+02
1.7586437988e+02
5.7661309814e+02
-6.2537158203e+02
-2.2415533447e+02
1.7750065613e+02
5.7829315186e+02
-6.2353314209e+02
-2.2232586670e+02
1.7935562134e+02
5.8020477295e+02
-6.2149798584e+02
-2.2037460327e+02
1.8131675720e+02
5.8228674316e+02
-6.1924377441e+02
-2.1835249329e+02
1.8332791138e+02
5.8455273438e+02
-6.1702355957e+02
-2.1661358643e+02
1.8497752380e+02
5.8661999512e+02
-6.3958886719e+02
-2.2268489075e+02
1.9366029358e+02
6.1076770020e+02
-6.4213977051e+02
-2.2486557007e+02
1.9155932617e+02
6.0838073730e+02
-6.4456719971e+02
-2.2708409119e+02
1.8934793091e+02
6.0594720459e+02
-6.4677435303e+02
-2.2926760864e+02
1.8714358521e+02
6.0367456055e+02
-6.4875976562e+02
-2.3123272705e+02
1.8516090393e+02
6.0162072754e+02
-6.5049645996e+02
-2.3298973083e+02
1.8338264465e+02
5.9981500244e+02
-6.5199206543e+02
-2.3449554443e+02
1.8185957336e+02
5.9826251221e+02
-6.5323675537e+02
-2.3575735474e+02
1.8058369446e+02
5.9697204590e+02
-6.5423510742e+02
-2.3676556396e+02
1.7956451416e+02
5.9593859863e+02
-6.5498284912e+02
-2.3752294922e+02
1.7879939270e+02
5.9516583252e+02
-6.5548223877e+02
-2.3802738953e+02
1.7828982544e+02
5.9465020752e+02
-6.5573162842e+02
-2.3827980042e+02
1.7803495789e+02
5.9439294434e+02
-6.5573162842e+02
-2.3827980042e+02
1.7803495789e+02
5.9439294434e+02
-6.5548223877e+02
-2.3802738953e+02
1.7828982544e+02
5.9465020752e+02
-6.5498284912e+02
-2.3752294922e+02
1.7879939270e+02
5.9516583252e+02
-6.5423510742e+02
-2.3676556396e+02
1.7956451416e+02
5.9593859863e+02
-6.5323675537e+02
-2.3575735474e+02
1.8058369446e+02
5.9697204590e+02
-6.5199206543e+02
-2.3449554443e+02
1.8185957336e+02
5.9826251221e+02
-6.5049645996e+02
-2.3298973083e+02
1.8338264465e+02
5.9981500244e+02
-6.4875976562e+02
-2.3123272705e+02
1.8516090393e+02
6.0162072754e+02
-6.4677435303e+02
-2.2926760864e+02
1.8714358521e+02
6.0367456055e+02
-6.4456719971e+02
-2.2708409119e+02
1.8934793091e+02
6.0594720459e+02
-6.4213977051e+02
-2.2486557007e+02
1.9155932617e+02
6.0838073730e+02
-6.3958886719e+02
-2.2268489075e+02
1.9366029358e+02
6.1076770020e+02
-6.5914739990e+02
-2.2882780457e+02
2.0180465698e+02
6.3204913330e+02
-6.6193212891e+02
-2.3131198120e+02
1.9941238403e+02
6.2942926025e+02
-6.6457977295e+02
-2.3381927490e+02
1.9691392517e+02
6.2677502441e+02
-6.6694720459e+02
-2.3614343262e+02
1.9457684326e+02
6.2435711670e+02
-6.6906787109e+02
-2.3826898193e+02
1.9242637634e+02
6.2216394043e+02
-6.7092541504e+02
-2.4013189697e+02
1.9054162598e+02
6.2024334717e+02
-6.7251812744e+02
-2.4174095154e+02
1.8891291809e+02
6.1859582520e+02
-6.7384741211e+02
-2.4308038330e+02
1.8755787659e+02
6.1722308350e+02
-6.7490997314e+02
-2.4415411377e+02
1.8647232056e+02
6.1612762451e+02
-6.7570800781e+02
-2.4495863342e+02
1.8565922546e+02
6.1530590820e+02
-6.7623950195e+02
-2.4549537659e+02
1.8511708069e+02
6.1475933838e+02
-6.7650555420e+02
-2.4576354980e+02
1.8484619141e+02
6.1448583984e+02
-6.7650555420e+02
-2.4576354980e+02
1.8484619141e+02
6.1448583984e+02
-6.7623950195e+02
-2.4549537659e+02
1.8511708069e+02
6.1475933838e+02
-6.7570800781e+02
-2.4495863342e+02
1.8565922546e+02
6.1530590820e+02
-6.7490997314e+02
-2.4415411377e+02
1.8647232056e+02
6.1612762451e+02
-6.7384741211e+02
-2.4308038330e+02
1.8755787659e+02
6.1722308350e+02
-6.7251812744e+02
-2.4174095154e+02
1.8891291809e+02
6.1859582520e+02
-6.7092541504e+02
-2.4013189697e+02
1.9054162598e+02
6.2024334717e+02
-6.6906787109e+02
-2.3826898193e+02
1.9242637634e+02
6.2216394043e+02
-6.6694720459e+02
-2.3614343262e+02
1.9457684326e+02
6.2435711670e+02
-6.6457977295e+02
-2.3381927490e+02
1.9691392517e+02
6.2677502441e+02
-6.6193212891e+02
-2.3131198120e+02
1.9941238403e+02
6.2942926025e+02
-6.5914739990e+02
-2.2882780457e+02
2.0180465698e+02
6.3204913330e+02
-6.7660107422e+02
-2.3352911377e+02
2.0861982727e+02
6.5082159424e+02
-6.7965515137e+02
-2.3636614990e+02
2.0587319946e+02
6.4794049072e+02
-6.8244305420e+02
-2.3904606628e+02
2.0320355225e+02
6.4514581299e+02
-6.8495611572e+02
-2.4155783081e+02
2.0067361450e+02
6.4257098389e+02
-6.8719586182e+02
-2.4379533386e+02
1.9841813660e+02
6.4026263428e+02
-6.8915313721e+02
-2.4577539062e+02
1.9641697693e+02
6.3823797607e+02
-6.9083453369e+02
-2.4746943665e+02
1.9470593262e+02
6.3650177002e+02
-6.9223406982e+02
-2.4888539124e+02
1.9327618408e+02
6.3505853271e+02
-6.9335546875e+02
-2.5001652527e+02
1.9213450623e+02
6.3390417480e+02
-6.9419580078e+02
-2.5086560059e+02
1.9127804565e+02
6.3304064941e+02
-6.9475659180e+02
-2.5143113708e+02
1.9070767212e+02
6.3246484375e+02
-6.9503680420e+02
-2.5171403503e+02
1.9042248535e+02
6.3217742920e+02
-6.9503680420e+02
-2.5171403503e+02
1.9042248535e+02
6.3217742920e+02
-6.9475659180e+02
-2.5143113708e+02
1.9070767212e+02
6.3246484375e+02
-6.9419580078e+02
-2.5086560059e+02
1.9127804565e+02
6.3304064941e+02
-6.9335546875e+02
-2.5001652527e+02
1.9213450623e+02
6.3390417480e+02
-6.9223406982e+02
-2.4888539124e+02
1.9327618408e+02
6.3505853271e+02
-6.9083453369e+02
-2.4746943665e+02
1.9470593262e+02
6.3650177002e+02
-6.8915313721e+02
-2.4577539062e+02
1.9641697693e+02
6.3823797607e+02
-6.8719586182e+02
-2.4379533386e+02
1.9841813660e+02
6.4026263428e+02
-6.8495611572e+02
-2.4155783081e+02
2.0067361450e+02
6.4257098389e+02
-6.8244305420e+02
-2.3904606628e+02
2.0320355225e+02
6.4514581299e+02
-6.7965515137e+02
-2.3636614990e+02
2.0587319946e+02
6.4794049072e+02
-6.7660107422e+02
-2.3352911377e+02
2.0861982727e+02
6.5082159424e+02
-6.9099261475e+02
-2.3798478699e+02
2.1463812256e+02
6.6652563477e+02
-6.9422802734e+02
-2.4106106567e+02
2.1165751648e+02
6.6346447754e+02
-6.9718621826e+02
-2.4395542908e+02
2.0877183533e+02
6.6050207520e+02
-6.9982000732e+02
-2.4657777405e+02
2.0613513184e+02
6.5781579590e+02
-7.0216522217e+02
-2.4893830872e+02
2.0375093079e+02
6.5539947510e+02
-7.0421502686e+02
-2.5100012207e+02
2.0166781616e+02
6.5328723145e+02
-7.0597149658e+02
-2.5277392578e+02
1.9987524414e+02
6.5147741699e+02
-7.0743597412e+02
-2.5424977112e+02
1.9838470459e+02
6.4997119141e+02
-7.0860699463e+02
-2.5543151855e+02
1.9719192505e+02
6.4876892090e+02
-7.0948596191e+02
-2.5631695557e+02
1.9629858398e+02
6.4786785889e+02
-7.1007165527e+02
-2.5690744019e+02
1.9570314026e+02
6.4726818848e+02
-7.1036468506e+02
-2.5720251465e+02
1.9540562439e+02
6.4696838379e+02
-7.1036468506e+02
-2.5720251465e+02
1.9540562439e+02
6.4696838379e+02
-7.1007165527e+02
-2.5690744019e+02
1.9570314026e+02
6.4726818848e+02
-7.0948596191e+02
-2.5631695557e+02
1.9629858398e+02
6.4786785889e+02
-7.0860699463e+02
-2.5543151855e+02
1.9719192505e+02
6.4876892090e+02
-7.0743597412e+02
-2.5424977112e+02
1.9838470459e+02
6.4997119141e+02
-7.0597149658e+02
-2.5277392578e+02
1.9987524414e+02
6.5147741699e+02
-7.0421502686e+02
-2.5100012207e+02
2.0166781616e+02
6.5328723145e+02
-7.0216522217e+02
-2.4893830872e+02
2.0375093079e+02
6.5539947510e+02
-6.9982000732e+02
-2.4657777405e+02
2.0613513184e+02
6.5781579590e+02
-6.9718621826e+02
-2.4395542908e+02
2.0877183533e+02
6.6050207520e+02
-6.9422802734e+02
-2.4106106567e+02
2.1165751648e+02
6.6346447754e+02
-6.9099261475e+02
-2.3798478699e+02
2.1463812256e+02
6.6652563477e+02
-7.0289434814e+02
-2.4119271851e+02
2.1933374023e+02
6.7937408447e+02
-7.0631970215e+02
-2.4451570129e+02
2.1610780334e+02
6.7612805176e+02
-7.0937738037e+02
-2.4753752136e+02
2.1309747314e+02
6.7306451416e+02
-7.1211633301e+02
-2.5029138184e+02
2.1032698059e+02
6.7026678467e+02
-7.1454534912e+02
-2.5273182678e+02
2.0786784363e+02
6.6776934814e+02
-7.1666650391e+02
-2.5487670898e+02
2.0570216370e+02
6.6558282471e+02
-7.1848596191e+02
-2.5671072388e+02
2.0385130310e+02
6.6371051025e+02
-7.2000061035e+02
-2.5824087524e+02
2.0230766296e+02
6.6215411377e+02
-7.2121343994e+02
-2.5946328735e+02
2.0107508850e+02
6.6091033936e+02
-7.2212255859e+02
-2.6038034058e+02
2.0015095520e+02
6.5997949219e+02
-7.2272906494e+02
-2.6099127197e+02
1.9953550720e+02
6.5935925293e+02
-7.2303216553e+02
-2.6129675293e+02
1.9922782898e+02
6.5904956055e+02
-7.2303216553e+02
-2.6129675293e+02
1.9922782898e+02
6.5904956055e+02
-7.2272906494e+02
-2.6099127197e+02
1.9953550720e+02
6.5935925293e+02
-7.2212255859e+02
-2.6038034058e+02
2.0015095520e+02
6.5997949219e+02
-7.2121343994e+02
-2.5946328735e+02
2.0107508850e+02
6.6091033936e+02
-7.2000061035e+02
-2.5824087524e+02
2.0230766296e+02
6.6215411377e+02
-7.1848596191e+02
-2.5671072388e+02
2.0385130310e+02
6.6371051025e+02
-7.1666650391e+02
-2.5487670898e+02
2.0570216370e+02
6.6558282471e+02
-7.1454534912e+02
-2.5273182678e+02
2.0786784363e+02
6.6776934814e+02
-7.1211633301e+02
-2.5029138184e+02
2.1032698059e+02
6.7026678467e+02
-7.0937738037e+02
-2.4753752136e+02
2.1309747314e+02
6.7306451416e+02
-7.0631970215e+02
-2.4451570129e+02
2.1610780334e+02
6.7612805176e+02
-7.0289434814e+02
-2.4119271851e+02
2.1933374023e+02
6.7937408447e+02
-7.1170507812e+02
-2.4389466858e+02
2.2302874756e+02
6.8900665283e+02
-7.1524536133e+02
-2.4737039185e+02
2.1965202332e+02
6.8564666748e+02
-7.1841040039e+02
-2.5052456665e+02
2.1650740051e+02
6.8247833252e+02
-7.2122454834e+02
-2.5334916687e+02
2.1366778564e+02
6.7961041260e+02
-7.2372064209e+02
-2.5586694336e+02
2.1112783813e+02
6.7704467773e+02
-7.2589996338e+02
-2.5806347656e+02
2.0891047668e+02
6.7480328369e+02
-7.2776678467e+02
-2.5994787598e+02
2.0700816345e+02
6.7288439941e+02
-7.2932238770e+02
-2.6151580811e+02
2.0542626953e+02
6.7128845215e+02
-7.3056652832e+02
-2.6277020264e+02
2.0416146851e+02
6.7001434326e+02
-7.3150000000e+02
-2.6371023560e+02
2.0321411133e+02
6.6905993652e+02
-7.3212213135e+02
-2.6433688354e+02
2.0258287048e+02
6.6842462158e+02
-7.3243334961e+02
-2.6465008545e+02
2.0226742554e+02
6.6810711670e+02
-7.3243334961e+02
-2.6465008545e+02
2.0226742554e+02
6.6810711670e+02
-7.3212213135e+02
-2.6433688354e+02
2.0258287048e+02
6.6842462158e+02
-7.3150000000e+02
-2.6371023560e+02
2.0321411133e+02
6.6905993652e+02
-7.3056652832e+02
-2.6277020264e+02
2.0416146851e+02
6.7001434326e+02
-7.2932238770e+02
-2.6151580811e+02
2.0542626953e+02
6.7128845215e+02
-7.2776678467e+02
-2.5994787598e+02
2.0700816345e+02
6.7288439941e+02
-7.2589996338e+02
-2.5806347656e+02
2.0891047668e+02
6.7480328369e+02
-7.2372064209e+02
-2.5586694336e+02
2.1112783813e+02
6.7704467773e+02
-7.2122454834e+02
-2.5334916687e+02
2.1366778564e+02
6.7961041260e+02
-7.1841040039e+02
-2.5052456665e+02
2.1650740051e+02
6.8247833252e+02
-7.1524536133e+02
-2.4737039185e+02
2.1965202332e+02
6.8564666748e+02
-7.1170507812e+02
-2.4389466858e+02
2.2302874756e+02
6.8900665283e+02
-7.1773919678e+02
-2.4552143860e+02
2.2542449951e+02
6.9553527832e+02
-7.2137762451e+02
-2.4912416077e+02
2.2192213440e+02
6.9207965088e+02
-7.2459429932e+02
-2.5234577942e+02
2.1871192932e+02
6.8885839844e+02
-7.2746350098e+02
-2.5523812866e+02
2.1580381775e+02
6.8593267822e+02
-7.3000292969e+02
-2.5779748535e+02
2.1322479248e+02
6.8332495117e+02
-7.3221936035e+02
-2.6003707886e+02
2.1096461487e+02
6.8104492188e+02
-7.3411889648e+02
-2.6195272827e+02
2.0903207397e+02
6.7909368896e+02
-7.3570062256e+02
-2.6354885864e+02
2.0742262268e+02
6.7747167969e+02
-7.3696649170e+02
-2.6482434082e+02
2.0613719177e+02
6.7617614746e+02
-7.3791564941e+02
-2.6578073120e+02
2.0517384338e+02
6.7520629883e+02
-7.3854858398e+02
-2.6641799927e+02
2.0453221130e+02
6.7456030273e+02
-7.3886505127e+02
-2.6673660278e+02
2.0421150208e+02
6.7423767090e+02
-7.3886505127e+02
-2.6673660278e+02
2.0421150208e+02
6.7423767090e+02
-7.3854858398e+02
-2.6641799927e+02
2.0453221130e+02
6.7456030273e+02
-7.3791564941e+02
-2.6578073120e+02
2.0517384338e+02
6.7520629883e+02
-7.3696649170e+02
-2.6482434082e+02
2.0613719177e+02
6.7617614746e+02
-7.3570062256e+02
-2.6354885864e+02
2.0742262268e+02
6.7747167969e+02
-7.3411889648e+02
-2.6195272827e+02
2.0903207397e+02
6.7909368896e+02
-7.3221936035e+02
-2.6003707886e+02
2.1096461487e+02
6.8104492188e+02
-7.3000292969e+02
-2.5779748535e+02
2.1322479248e+02
6.8332495117e+02
-7.2746350098e+02
-2.5523812866e+02
2.1580381775e+02
6.8593267822e+02
-7.2459429932e+02
-2.5234577942e+02
2.1871192932e+02
6.8885839844e+02
-7.2137762451e+02
-2.4912416077e+02
2.2192213440e+02
6.9207965088e+02
-7.1773919678e+02
-2.4552143860e+02
2.2542449951e+02
6.9553527832e+02
-7.2070642090e+02
-2.4642694092e+02
2.2667085266e+02
6.9878253174e+02
-7.2438421631e+02
-2.5008212280e+02
2.2311650085e+02
6.9528784180e+02
-7.2763757324e+02
-2.5334851074e+02
2.1986073303e+02
6.9203094482e+02
-7.3053234863e+02
-2.5626516724e+02
2.1692871094e+02
6.8908123779e+02
-7.3309472656e+02
-2.5885092163e+02
2.1432215881e+02
6.8645013428e+02
-7.3533099365e+02
-2.6110818481e+02
2.1204431152e+02
6.8415142822e+02
-7.3724676514e+02
-2.6304104614e+02
2.1009420776e+02
6.8218426514e+02
-7.3884240723e+02
-2.6465008545e+02
2.0847167969e+02
6.8054876709e+02
-7.4011901855e+02
-2.6593649292e+02
2.0717524719e+02
6.7924285889e+02
-7.4107647705e+02
-2.6690075684e+02
2.0620397949e+02
6.7826501465e+02
-7.4171484375e+02
-2.6754339600e+02
2.0555694580e+02
6.7761389160e+02
-7.4203399658e+02
-2.6786465454e+02
2.0523358154e+02
6.7728851318e+02
-7.4203399658e+02
-2.6786465454e+02
2.0523358154e+02
6.7728851318e+02
-7.4171484375e+02
-2.6754339600e+02
2.0555694580e+02
6.7761389160e+02
-7.4107647705e+02
-2.6690075684e+02
2.0620397949e+02
6.7826501465e+02
-7.4011901855e+02
-2.6593649292e+02
2.0717524719e+02
6.7924285889e+02
-7.3884240723e+02
-2.6465008545e+02
2.0847167969e+02
6.8054876709e+02
-7.3724676514e+02
-2.6304104614e+02
2.1009420776e+02
6.8218426514e+02
-7.3533099365e+02
-2.6110818481e+02
2.1204431152e+02
6.8415142822e+02
-7.3309472656e+02
-2.5885092163e+02
2.1432215881e+02
6.8645013428e+02
-7.3053234863e+02
-2.5626516724e+02
2.1692871094e+02
6.8908123779e+02
-7.2763757324e+02
-2.5334851074e+02
2.1986073303e+02
6.9203094482e+02
-7.2438421631e+02
-2.5008212280e+02
2.2311650085e+02
6.9528784180e+02
-7.2070642090e+02
-2.4642694092e+02
2.2667085266e+02
6.9878253174e+02
-7.2070642090e+02
-2.4642694092e+02
2.2667085266e+02
6.9878253174e+02
-7.2438421631e+02
-2.5008212280e+02
2.2311650085e+02
6.9528784180e+02
-7.2763757324e+02
-2.5334851074e+02
2.1986073303e+02
6.9203094482e+02
-7.3053234863e+02
-2.5626516724e+02
2.1692871094e+02
6.8908123779e+02
-7.3309472656e+02
-2.5885092163e+02
2.1432215881e+02
6.8645013428e+02
-7.3533099365e+02
-2.6110818481e+02
2.1204431152e+02
6.8415142822e+02
-7.3724676514e+02
-2.6304104614e+02
2.1009420776e+02
6.8218426514e+02
-7.3884240723e+02
-2.6465008545e+02
2.0847167969e+02
6.8054876709e+02
-7.4011901855e+02
-2.6593649292e+02
2.0717524719e+02
6.7924285889e+02
-7.4107647705e+02
-2.6690075684e+02
2.0620397949e+02
6.7826501465e+02
-7.4171484375e+02
-2.6754339600e+02
2.0555694580e+02
6.7761389160e+02
-7.4203399658e+02
-2.6786465454e+02
2.0523358154e+02
6.7728851318e+02
-7.4203399658e+02
-2.6786465454e+02
2.0523358154e+02
6.7728851318e+02
-7.4171484375e+02
-2.6754339600e+02
2.0555694580e+02
6.7761389160e+02
-7.4107647705e+02
-2.6690075684e+02
2.0620397949e+02
6.7826501465e+02
-7.4011901855e+02
-2.6593649292e+02
2.0717524719e+02
6.7924285889e+02
-7.3884240723e+02
-2.6465008545e+02
2.0847167969e+02
6.8054876709e+02
-7.3724676514e+02
-2.6304104614e+02
2.1009420776e+02
6.8218426514e+02
-7.3533099365e+02
-2.6110818481e+02
2.1204431152e+02
6.8415142822e+02
-7.3309472656e+02
-2.5885092163e+02
2.1432215881e+02
6.8645013428e+02
-7.3053234863e+02
-2.5626516724e+02
2.1692871094e+02
6.8908123779e+02
-7.2763757324e+02
-2.5334851074e+02
2.1986073303e+02
6.9203094482e+02
-7.2438421631e+02
-2.5008212280e+02
2.2311650085e+02
6.9528784180e+02
-7.2070642090e+02
-2.4642694092e+02
2.2667085266e+02
6.9878253174e+02
-7.1773919678e+02
-2.4552143860e+02
2.2542449951e+02
6.9553527832e+02
-7.2137762451e+02
-2.4912416077e+02
2.2192213440e+02
6.9207965088e+02
-7.2459429932e+02
-2.5234577942e+02
2.1871192932e+02
6.8885839844e+02
-7.2746350098e+02
-2.5523812866e+02
2.1580381775e+02
6.8593267822e+02
-7.3000292969e+02
-2.5779748535e+02
2.1322479248e+02
6.8332495117e+02
-7.3221936035e+02
-2.6003707886e+02
2.1096461487e+02
6.8104492188e+02
-7.3411889648e+02
-2.6195272827e+02
2.0903207397e+02
6.7909368896e+02
-7.3570062256e+02
-2.6354885864e+02
2.0742262268e+02
6.7747167969e+02
-7.3696649170e+02
-2.6482434082e+02
2.0613719177e+02
6.7617614746e+02
-7.3791564941e+02
-2.6578073120e+02
2.0517384338e+02
6.7520629883e+02
-7.3854858398e+02
-2.6641799927e+02
2.0453221130e+02
6.7456030273e+02
-7.3886505127e+02
-2.6673660278e+02
2.0421150208e+02
6.7423767090e+02
-7.3886505127e+02
-2.6673660278e+02
2.0421150208e+02
6.7423767090e+02
-7.3854858398e+02
-2.6641799927e+02
2.0453221130e+02
6.7456030273e+02
-7.3791564941e+02
-2.6578073120e+02
2.0517384338e+02
6.7520629883e+02
-7.3696649170e+02
-2.6482434082e+02
2.0613719177e+02
6.7617614746e+02
-7.3570062256e+02
-2.6354885864e+02
2.0742262268e+02
6.7747167969e+02
-7.3411889648e+02
-2.6195272827e+02
2.0903207397e+02
6.7909368896e+02
-7.3221936035e+02
-2.6003707886e+02
2.1096461487e+02
6.8104492188e+02
-7.3000292969e+02
-2.5779748535e+02
2.1322479248e+02
6.8332495117e+02
-7.2746350098e+02
-2.5523812866e+02
2.1580381775e+02
6.8593267822e+02
-7.2459429932e+02
-2.5234577942e+02
2.1871192932e+02
6.8885839844e+02
-7.2137762451e+02
-2.4912416077e+02
2.2192213440e+02
6.9207965088e+02
-7.1773919678e+02
-2.4552143860e+02
2.2542449951e+02
6.9553527832e+02
-7.1170507812e+02
-2.4389466858e+02
2.2302874756e+02
6.8900665283e+02
-7.1524536133e+02
-2.4737039185e+02
2.1965202332e+02
6.8564666748e+02
-7.1841040039e+02
-2.5052456665e+02
2.1650740051e+02
6.8247833252e+02
-7.2122454834e+02
-2.5334916687e+02
2.1366778564e+02
6.7961041260e+02
-7.2372064209e+02
-2.5586692810e+02
2.1112783813e+02
6.7704467773e+02
-7.2589996338e+02
-2.5806347656e+02
2.0891047668e+02
6.7480328369e+02
-7.2776678467e+02
-2.5994787598e+02
2.0700816345e+02
6.7288439941e+02
-7.2932238770e+02
-2.6151580811e+02
2.0542626953e+02
6.7128845215e+02
-7.3056652832e+02
-2.6277020264e+02
2.0416146851e+02
6.7001434326e+02
-7.3150000000e+02
-2.6371023560e+02
2.0321411133e+02
6.6905993652e+02
-7.3212213135e+02
-2.6433688354e+02
2.0258287048e+02
6.6842462158e+02
-7.3243334961e+02
-2.6465008545e+02
2.0226742554e+02
6.6810711670e+02
-7.3243334961e+02
-2.6465008545e+02
2.0226742554e+02
6.6810711670e+02
-7.3212213135e+02
-2.6433688354e+02
2.0258287048e+02
6.6842462158e+02
-7.3150000000e+02
-2.6371023560e+02
2.0321411133e+02
6.6905993652e+02
-7.3056652832e+02
-2.6277020264e+02
2.0416146851e+02
6.7001434326e+02
-7.2932238770e+02
-2.6151580811e+02
2.0542626953e+02
6.7128845215e+02
-7.2776678467e+02
-2.5994787598e+02
2.0700816345e+02
6.7288439941e+02
-7.2589996338e+02
-2.5806347656e+02
2.0891047668e+02
6.7480328369e+02
-7.2372064209e+02
-2.5586692810e+02
2.1112783813e+02
6.7704467773e+02
-7.2122454834e+02
-2.5334916687e+02
2.1366778564e+02
6.7961041260e+02
-7.1841040039e+02
-2.5052456665e+02
2.1650740051e+02
6.8247833252e+02
-7.1524536133e+02
-2.4737039185e+02
2.1965202332e+02
6.8564666748e+02
-7.1170507812e+02
-2.4389466858e+02
2.2302874756e+02
6.8900665283e+02
-7.0289434814e+02
-2.4119271851e+02
2.1933374023e+02
6.7937408447e+02
-7.0631970215e+02
-2.4451570129e+02
2.1610780334e+02
6.7612805176e+02
-7.0937738037e+02
-2.4753752136e+02
2.1309747314e+02
6.7306451416e+02
-7.1211633301e+02
-2.5029138184e+02
2.1032698059e+02
6.7026678467e+02
-7.1454534912e+02
-2.5273182678e+02
2.0786784363e+02
6.6776934814e+02
-7.1666650391e+02
-2.5487670898e+02
2.0570216370e+02
6.6558282471e+02
-7.1848596191e+02
-2.5671072388e+02
2.0385130310e+02
6.6371051025e+02
-7.2000061035e+02
-2.5824087524e+02
2.0230766296e+02
6.6215411377e+02
-7.2121343994e+02
-2.5946328735e+02
2.0107508850e+02
6.6091033936e+02
-7.2212255859e+02
-2.6038034058e+02
2.0015095520e+02
6.5997949219e+02
-7.2272906494e+02
-2.6099127197e+02
1.9953550720e+02
6.5935925293e+02
-7.2303216553e+02
-2.6129675293e+02
1.9922782898e+02
6.5904956055e+02
-7.2303216553e+02
-2.6129675293e+02
1.9922782898e+02
6.5904956055e+02
-7.2272906494e+02
-2.6099127197e+02
1.9953550720e+02
6.5935925293e+02
-7.2212255859e+02
-2.6038034058e+02
2.0015095520e+02
6.5997949219e+02
-7.2121343994e+02
-2.5946328735e+02
2.0107508850e+02
6.6091033936e+02
-7.2000061035e+02
-2.5824087524e+02
2.0230766296e+02
6.6215411377e+02
-7.1848596191e+02
-2.5671072388e+02
2.0385130310e+02
6.6371051025e+02
-7.1666650391e+02
-2.5487670898e+02
2.0570216370e+02
6.6558282471e+02
-7.1454534912e+02
-2.5273182678e+02
2.0786784363e+02
6.6776934814e+02
-7.1211633301e+02
-2.5029138184e+02
2.1032698059e+02
6.7026678467e+02
-7.0937738037e+02
-2.4753752136e+02
2.1309747314e+02
6.7306451416e+02
-7.0631970215e+02
-2.4451570129e+02
2.1610780334e+02
6.7612805176e+02
-7.0289434814e+02
-2.4119271851e+02
2.1933374023e+02
6.7937408447e+02
-6.9099261475e+02
-2.3798478699e+02
2.1463812256e+02
6.6652563477e+02
-6.9422802734e+02
-2.4106106567e+02
2.1165751648e+02
6.6346447754e+02
-6.9718621826e+02
-2.4395542908e+02
2.0877183533e+02
6.6050207520e+02
-6.9982000732e+02
-2.4657777405e+02
2.0613513184e+02
6.5781579590e+02
-7.0216522217e+02
-2.4893830872e+02
2.0375093079e+02
6.5539947510e+02
-7.0421502686e+02
-2.5100012207e+02
2.0166781616e+02
6.5328723145e+02
-7.0597149658e+02
-2.5277392578e+02
1.9987524414e+02
6.5147741699e+02
-7.0743597412e+02
-2.5424977112e+02
1.9838470459e+02
6.4997119141e+02
-7.0860699463e+02
-2.5543151855e+02
1.9719192505e+02
6.4876892090e+02
-7.0948596191e+02
-2.5631695557e+02
1.9629858398e+02
6.4786785889e+02
-7.1007165527e+02
-2.5690744019e+02
1.9570314026e+02
6.4726818848e+02
-7.1036468506e+02
-2.5720251465e+02
1.9540562439e+02
6.4696838379e+02
-7.1036468506e+02
-2.5720251465e+02
1.9540562439e+02
6.4696838379e+02
-7.1007165527e+02
-2.5690744019e+02
1.9570314026e+02
6.4726818848e+02
-7.0948596191e+02
-2.5631695557e+02
1.9629858398e+02
6.4786785889e+02
-7.0860699463e+02
-2.5543151855e+02
1.9719192505e+02
6.4876892090e+02
-7.0743597412e+02
-2.5424977112e+02
1.9838470459e+02
6.4997119141e+02
-7.0597149658e+02
-2.5277392578e+02
1.9987524414e+02
6.5147741699e+02
-7.0421502686e+02
-2.5100012207e+02
2.0166781616e+02
6.5328723145e+02
-7.0216522217e+02
-2.4893830872e+02
2.0375093079e+02
6.5539947510e+02
-6.9982000732e+02
-2.4657777405e+02
2.0613513184e+02
6.5781579590e+02
-6.9718621826e+02
-2.4395542908e+02
2.0877183533e+02
6.6050207520e+02
-6.9422802734e+02
-2.4106106567e+02
2.1165751648e+02
6.6346447754e+02
-6.9099261475e+02
-2.3798478699e+02
2.1463812256e+02
6.6652563477e+02
-6.7660107422e+02
-2.3352911377e+02
2.0861982727e+02
6.5082159424e+02
-6.7965515137e+02
-2.3636614990e+02
2.0587319946e+02
6.4794049072e+02
-6.8244305420e+02
-2.3904606628e+02
2.0320355225e+02
6.4514581299e+02
-6.8495611572e+02
-2.4155783081e+02
2.0067361450e+02
6.4257098389e+02
-6.8719586182e+02
-2.4379533386e+02
1.9841813660e+02
6.4026263428e+02
-6.8915313721e+02
-2.4577539062e+02
1.9641697693e+02
6.3823797607e+02
-6.9083453369e+02
-2.4746943665e+02
1.9470593262e+02
6.3650177002e+02
-6.9223406982e+02
-2.4888539124e+02
1.9327618408e+02
6.3505853271e+02
-6.9335546875e+02
-2.5001652527e+02
1.9213450623e+02
6.3390417480e+02
-6.9419580078e+02
-2.5086560059e+02
1.9127804565e+02
6.3304064941e+02
-6.9475659180e+02
-2.5143113708e+02
1.9070767212e+02
6.3246484375e+02
-6.9503680420e+02
-2.5171403503e+02
1.9042248535e+02
6.3217742920e+02
-6.9503680420e+02
-2.5171403503e+02
1.9042248535e+02
6.3217742920e+02
-6.9475659180e+02
-2.5143113708e+02
1.9070767212e+02
6.3246484375e+02
-6.9419580078e+02
-2.5086560059e+02
1.9127804565e+02
6.3304064941e+02
-6.9335546875e+02
-2.5001652527e+02
1.9213450623e+02
6.3390417480e+02
-6.9223406982e+02
-2.4888539124e+02
1.9327618408e+02
6.3505853271e+02
-6.9083453369e+02
-2.4746943665e+02
1.9470593262e+02
6.3650177002e+02
-6.8915313721e+02
-2.4577539062e+02
1.9641697693e+02
6.3823797607e+02
-6.8719586182e+02
-2.4379533386e+02
1.9841813660e+02
6.4026263428e+02
-6.8495611572e+02
-2.4155783081e+02
2.0067361450e+02
6.4257098389e+02
-6.8244305420e+02
-2.3904606628e+02
2.0320355225e+02
6.4514581299e+02
-6.7965515137e+02
-2.3636614990e+02
2.0587319946e+02
6.4794049072e+02
-6.7660107422e+02
-2.3352911377e+02
2.0861982727e+02
6.5082159424e+02
-6.5914739990e+02
-2.2882780457e+02
2.0180465698e+02
6.3204913330e+02
-6.6193212891e+02
-2.3131198120e+02
1.9941238403e+02
6.2942926025e+02
-6.6457977295e+02
-2.3381927490e+02
1.9691392517e+02
6.2677502441e+02
-6.6694720459e+02
-2.3614343262e+02
1.9457684326e+02
6.2435711670e+02
-6.6906787109e+02
-2.3826898193e+02
1.9242637634e+02
6.2216394043e+02
-6.7092541504e+02
-2.4013189697e+02
1.9054162598e+02
6.2024334717e+02
-6.7251812744e+02
-2.4174095154e+02
1.8891291809e+02
6.1859582520e+02
-6.7384741211e+02
-2.4308038330e+02
1.8755787659e+02
6.1722308350e+02
-6.7490997314e+02
-2.4415411377e+02
1.8647232056e+02
6.1612762451e+02
-6.7570800781e+02
-2.4495863342e+02
1.8565922546e+02
6.1530590820e+02
-6.7623950195e+02
-2.4549537659e+02
1.8511708069e+02
6.1475933838e+02
-6.7650555420e+02
-2.4576354980e+02
1.8484619141e+02
6.1448583984e+02
-6.7650555420e+02
-2.4576354980e+02
1.8484619141e+02
6.1448583984e+02
-6.7623950195e+02
-2.4549537659e+02
1.8511708069e+02
6.1475933838e+02
-6.7570800781e+02
-2.4495863342e+02
1.8565922546e+02
6.1530590820e+02
-6.7490997314e+02
-2.4415411377e+02
1.8647232056e+02
6.1612762451e+02
-6.7384741211e+02
-2.4308038330e+02
1.8755787659e+02
6.1722308350e+02
-6.7251812744e+02
-2.4174095154e+02
1.8891291809e+02
6.1859582520e+02
-6.7092541504e+02
-2.4013189697e+02
1.9054162598e+02
6.2024334717e+02
-6.6906787109e+02
-2.3826898193e+02
1.9242637634e+02
6.2216394043e+02
-6.6694720459e+02
-2.3614343262e+02
1.9457684326e+02
6.2435711670e+02
-6.6457977295e+02
-2.3381927490e+02
1.9691392517e+02
6.2677502441e+02
-6.6193212891e+02
-2.3131198120e+02
1.9941238403e+02
6.2942926025e+02
-6.5914739990e+02
-2.2882780457e+02
2.0180465698e+02
6.3204913330e+02
-6.3958886719e+02
-2.2268489075e+02
1.9366029358e+02
6.1076770020e+02
-6.4213977051e+02
-2.2486557007e+02
1.9155932617e+02
6.0838073730e+02
-6.4456719971e+02
-2.2708409119e+02
1.8934793091e+02
6.0594720459e+02
-6.4677435303e+02
-2.2926760864e+02
1.8714358521e+02
6.0367456055e+02
-6.4875976562e+02
-2.3123272705e+02
1.8516090393e+02
6.0162072754e+02
-6.5049645996e+02
-2.3298973083e+02
1.8338264465e+02
5.9981500244e+02
-6.5199206543e+02
-2.3449554443e+02
1.8185957336e+02
5.9826251221e+02
-6.5323675537e+02
-2.3575735474e+02
1.8058369446e+02
5.9697204590e+02
-6.5423510742e+02
-2.3676556396e+02
1.7956451416e+02
5.9593859863e+02
-6.5498284912e+02
-2.3752294922e+02
1.7879939270e+02
5.9516583252e+02
-6.5548223877e+02
-2.3802738953e+02
1.7828982544e+02
5.9465020752e+02
-6.5573162842e+02
-2.3827980042e+02
1.7803495789e+02
5.9439294434e+02
-6.5573162842e+02
-2.3827980042e+02
1.7803495789e+02
5.9439294434e+02
-6.5548223877e+02
-2.3802738953e+02
1.7828982544e+02
5.9465020752e+02
-6.5498284912e+02
-2.3752294922e+02
1.7879939270e+02
5.9516583252e+02
-6.5423510742e+02
-2.3676556396e+02
1.7956451416e+02
5.9593859863e+02
-6.5323675537e+02
-2.3575735474e+02
1.8058369446e+02
5.9697204590e+02
-6.5199206543e+02
-2.3449554443e+02
1.8185957336e+02
5.9826251221e+02
-6.5049645996e+02
-2.3298973083e+02
1.8338264465e+02
5.9981500244e+02
-6.4875976562e+02
-2.3123272705e+02
1.8516090393e+02
6.0162072754e+02
-6.4677435303e+02
-2.2926760864e+02
1.8714358521e+02
6.0367456055e+02
-6.4456719971e+02
-2.2708409119e+02
1.8934793091e+02
6.0594720459e+02
-6.4213977051e+02
-2.2486557007e+02
1.9155932617e+02
6.0838073730e+02
-6.3958886719e+02
-2.2268489075e+02
1.9366029358e+02
6.1076770020e+02
-6.1702355957e+02
-2.1661358643e+02
1.8497752380e+02
5.8661999512e+02
-6.1924377441e+02
-2.1835249329e+02
1.8332791138e+02
5.8455273438e+02
-6.2149798584e+02
-2.2037460327e+02
1.8131675720e+02
5.8228674316e+02
-6.2353314209e+02
-2.2232586670e+02
1.7935562134e+02
5.8020477295e+02
-6.2537158203e+02
-2.2415533447e+02
1.7750065613e+02
5.7829315186e+02
-6.2698809814e+02
-2.2576933289e+02
1.7586437988e+02
5.7661309814e+02
-6.2837554932e+02
-2.2717123413e+02
1.7444219971e+02
5.7516998291e+02
-6.2953515625e+02
-2.2833961487e+02
1.7325730896e+02
5.7396533203e+02
-6.3046185303e+02
-2.2927770996e+02
1.7230665588e+02
5.7300415039e+02
-6.3115838623e+02
-2.2998066711e+02
1.7159439087e+02
5.7228247070e+02
-6.3162207031e+02
-2.3044992065e+02
1.7111926270e+02
5.7180261230e+02
-6.3185437012e+02
-2.3068435669e+02
1.7088186646e+02
5.7156231689e+02
-6.3185437012e+02
-2.3068435669e+02
1.7088186646e+02
5.7156231689e+02
-6.3162207031e+02
-2.3044992065e+02
1.7111926270e+02
5.7180261230e+02
-6.3115838623e+02
-2.2998066711e+02
1.7159439087e+02
5.7228247070e+02
-6.3046185303e+02
-2.2927770996e+02
1.7230665588e+02
5.7300415039e+02
-6.2953515625e+02
-2.2833961487e+02
1.7325730896e+02
5.7396533203e+02
-6.2837554932e+02
-2.2717123413e+02
1.7444219971e+02
5.7516998291e+02
-6.2698809814e+02
-2.2576933289e+02
1.7586437988e+02
5.7661309814e+02
-6.2537158203e+02
-2.2415533447e+02
1.7750065613e+02
5.7829315186e+02
-6.2353314209e+02
-2.2232586670e+02
1.7935562134e+02
5.8020477295e+02
-6.2149798584e+02
-2.2037460327e+02
1.8131675720e+02
5.8228674316e+02
-6.1924377441e+02
-2.1835249329e+02
1.8332791138e+02
5.8455273438e+02
-6.1702355957e+02
-2.1661358643e+02
1.8497752380e+02
5.8661999512e+02
-5.9282702637e+02
-2.0887049866e+02
1.7495542908e+02
5.6039599609e+02
-5.9477655029e+02
-2.1027221680e+02
1.7361781311e+02
5.5859814453e+02
-5.9677966309e+02
-2.1193975830e+02
1.7195135498e+02
5.5659320068e+02
-5.9862152100e+02
-2.1373153687e+02
1.7013453674e+02
5.5468170166e+02
-6.0030554199e+02
-2.1537402344e+02
1.6847444153e+02
5.5292993164e+02
-6.0178070068e+02
-2.1686531067e+02
1.6696203613e+02
5.5138537598e+02
-6.0305603027e+02
-2.1814791870e+02
1.6566198730e+02
5.5005151367e+02
-6.0411718750e+02
-2.1922648621e+02
1.6456930542e+02
5.4894299316e+02
-6.0496960449e+02
-2.2008879089e+02
1.6369570923e+02
5.4805371094e+02
-6.0560772705e+02
-2.2073727417e+02
1.6303927612e+02
5.4738903809e+02
-6.0603424072e+02
-2.2116915894e+02
1.6260202026e+02
5.4694506836e+02
-6.0624713135e+02
-2.2138536072e+02
1.6238325500e+02
5.4672369385e+02
-6.0624713135e+02
-2.2138536072e+02
1.6238325500e+02
5.4672369385e+02
-6.0603424072e+02
-2.2116915894e+02
1.6260202026e+02
5.4694506836e+02
-6.0560772705e+02
-2.2073727417e+02
1.6303927612e+02
5.4738903809e+02
-6.0496960449e+02
-2.2008879089e+02
1.6369570923e+02
5.4805371094e+02
-6.0411718750e+02
-2.1922648621e+02
1.6456930542e+02
5.4894299316e+02
-6.0305603027e+02
-2.1814791870e+02
1.6566198730e+02
5.5005151367e+02
-6.0178070068e+02
-2.1686531067e+02
1.6696203613e+02
5.5138537598e+02
-6.0030554199e+02
-2.1537402344e+02
1.6847444153e+02
5.5292993164e+02
-5.9862152100e+02
-2.1373153687e+02
1.7013453674e+02
5.5468170166e+02
-5.9677966309e+02
-2.1193975830e+02
1.7195135498e+02
5.5659320068e+02
-5.9477655029e+02
-2.1027221680e+02
1.7361781311e+02
5.5859814453e+02
-5.9282702637e+02
-2.0887049866e+02
1.7495542908e+02
5.6039599609e+02
-5.6567901611e+02
-2.0157518005e+02
1.6470904541e+02
5.3152050781e+02
-5.6726135254e+02
-2.0246333313e+02
1.6391055298e+02
5.3007861328e+02
-5.6906433105e+02
-2.0393763733e+02
1.6245248413e+02
5.2825433350e+02
-5.7072515869e+02
-2.0546765137e+02
1.6091796875e+02
5.2655224609e+02
-5.7224389648e+02
-2.0696037292e+02
1.5940061951e+02
5.2496173096e+02
-5.7358746338e+02
-2.0829281616e+02
1.5804579163e+02
5.2355474854e+02
-5.7474261475e+02
-2.0945948792e+02
1.5685873413e+02
5.2234442139e+02
-5.7571026611e+02
-2.1043411255e+02
1.5586697388e+02
5.2133105469e+02
-5.7648321533e+02
-2.1121829224e+02
1.5506970215e+02
5.2052276611e+02
-5.7706488037e+02
-2.1180613708e+02
1.5447196960e+02
5.1991497803e+02
-5.7745184326e+02
-2.1219885254e+02
1.5407299805e+02
5.1951110840e+02
-5.7764581299e+02
-2.1239503479e+02
1.5387364197e+02
5.1930865479e+02
-5.7764581299e+02
-2.1239503479e+02
1.5387364197e+02
5.1930865479e+02
-5.7745184326e+02
-2.1219885254e+02
1.5407299805e+02
5.1951110840e+02
-5.7706488037e+02
-2.1180613708e+02
1.5447196960e+02
5.1991497803e+02
-5.7648321533e+02
-2.1121829224e+02
1.5506970215e+02
5.2052276611e+02
-5.7571026611e+02
-2.1043411255e+02
1.5586697388e+02
5.2133105469e+02
-5.7474261475e+02
-2.0945948792e+02
1.5685873413e+02
5.2234442139e+02
-5.7358746338e+02
-2.0829281616e+02
1.5804579163e+02
5.2355474854e+02
-5.7224389648e+02
-2.0696037292e+02
1.5940061951e+02
5.2496173096e+02
-5.7072515869e+02
-2.0546765137e+02
1.6091796875e+02
5.2655224609e+02
-5.6906433105e+02
-2.0393763733e+02
1.6245248413e+02
5.2825433350e+02
-5.6726135254e+02
-2.0246333313e+02
1.6391055298e+02
5.3007861328e+02
-5.6567901611e+02
-2.0157518005e+02
1.6470904541e+02
5.3152050781e+02
-5.3744659424e+02
-1.9233863831e+02
1.5308460999e+02
5.0109201050e+02
-5.3873352051e+02
-1.9289509583e+02
1.5257061768e+02
4.9993862915e+02
-5.4028033447e+02
-1.9395735168e+02
1.5149971008e+02
4.9840045166e+02
-5.4172186279e+02
-1.9531950378e+02
1.5010647583e+02
4.9688577271e+02
-5.4307794189e+02
-1.9661116028e+02
1.4879623413e+02
4.9546298218e+02
-5.4426855469e+02
-1.9781207275e+02
1.4757485962e+02
4.9420458984e+02
-5.4530444336e+02
-1.9885169983e+02
1.4651785278e+02
4.9310971069e+02
-5.4616607666e+02
-1.9973043823e+02
1.4562533569e+02
4.9220028687e+02
-5.4685986328e+02
-2.0043385315e+02
1.4491064453e+02
4.9146859741e+02
-5.4737884521e+02
-2.0096363831e+02
1.4437294006e+02
4.9092224121e+02
-5.4772619629e+02
-2.0131648254e+02
1.4401466370e+02
4.9055676270e+02
-5.4789935303e+02
-2.0149324036e+02
1.4383532715e+02
4.9037469482e+02
-5.4789935303e+02
-2.0149324036e+02
1.4383532715e+02
4.9037469482e+02
-5.4772619629e+02
-2.0131648254e+02
1.4401466370e+02
4.9055676270e+02
-5.4737884521e+02
-2.0096363831e+02
1.4437294006e+02
4.9092224121e+02
-5.4685986328e+02
-2.0043385315e+02
1.4491064453e+02
4.9146859741e+02
-5.4616607666e+02
-1.9973043823e+02
1.4562533569e+02
4.9220028687e+02
-5.4530444336e+02
-1.9885169983e+02
1.4651785278e+02
4.9310971069e+02
-5.4426855469e+02
-1.9781207275e+02
1.4757485962e+02
4.9420458984e+02
-5.4307794189e+02
-1.9661116028e+02
1.4879623413e+02
4.9546298218e+02
-5.4172186279e+02
-1.9531950378e+02
1.5010647583e+02
4.9688577271e+02
-5.4028033447e+02
-1.9395735168e+02
1.5149971008e+02
4.9840045166e+02
-5.3873352051e+02
-1.9289509583e+02
1.5257061768e+02
4.9993862915e+02
-5.3744659424e+02
-1.9233863831e+02
1.5308460999e+02
5.0109201050e+02
-5.0629870605e+02
-1.8397056580e+02
1.4161650085e+02
4.6817224121e+02
-5.0721743774e+02
-1.8395407104e+02
1.4172796631e+02
4.6738586426e+02
-5.0853759766e+02
-1.8485569763e+02
1.4085166931e+02
4.6602795410e+02
-5.0980770874e+02
-1.8594560242e+02
1.3976527405e+02
4.6472372437e+02
-5.1099139404e+02
-1.8708325195e+02
1.3860609436e+02
4.6347323608e+02
-5.1204888916e+02
-1.8812063599e+02
1.3754690552e+02
4.6235397339e+02
-5.1296044922e+02
-1.8903987122e+02
1.3660794067e+02
4.6138952637e+02
-5.1372686768e+02
-1.8981100464e+02
1.3581951904e+02
4.6057818604e+02
-5.1433868408e+02
-1.9043338013e+02
1.3518391418e+02
4.5993157959e+02
-5.1479998779e+02
-1.9090026855e+02
1.3470683289e+02
4.5944409180e+02
-5.1510650635e+02
-1.9121252441e+02
1.3438812256e+02
4.5912054443e+02
-5.1526043701e+02
-1.9136849976e+02
1.3422885132e+02
4.5895812988e+02
-5.1526043701e+02
-1.9136849976e+02
1.3422885132e+02
4.5895812988e+02
-5.1510650635e+02
-1.9121252441e+02
1.3438812256e+02
4.5912054443e+02
-5.1479998779e+02
-1.9090026855e+02
1.3470683289e+02
4.5944409180e+02
-5.1433868408e+02
-1.9043338013e+02
1.3518391418e+02
4.5993157959e+02
-5.1372686768e+02
-1.8981100464e+02
1.3581951904e+02
4.6057818604e+02
-5.1296044922e+02
-1.8903987122e+02
1.3660794067e+02
4.6138952637e+02
-5.1204888916e+02
-1.8812063599e+02
1.3754690552e+02
4.6235397339e+02
-5.1099139404e+02
-1.8708325195e+02
1.3860609436e+02
4.6347323608e+02
-5.0980770874e+02
-1.8594560242e+02
1.3976527405e+02
4.6472372437e+02
-5.0853759766e+02
-1.8485569763e+02
1.4085166931e+02
4.6602795410e+02
-5.0721743774e+02
-1.8395407104e+02
1.4172796631e+02
4.6738586426e+02
-5.0629870605e+02
-1.8397056580e+02
1.4161650085e+02
4.6817224121e+02
-4.7466592407e+02
-1.7336874390e+02
1.2866300964e+02
4.3435006714e+02
-4.7526281738e+02
-1.7307409668e+02
1.2897160339e+02
4.3385479736e+02
-4.7635549927e+02
-1.7351605225e+02
1.2850778198e+02
4.3279049683e+02
-4.7738879395e+02
-1.7443714905e+02
1.2754830170e+02
4.3168359375e+02
-4.7841116333e+02
-1.7537318420e+02
1.2659161377e+02
4.3059503174e+02
-4.7931307983e+02
-1.7627787781e+02
1.2566765594e+02
4.2962942505e+02
-4.8010610962e+02
-1.7707058716e+02
1.2485803223e+02
4.2877859497e+02
-4.8076541138e+02
-1.7774598694e+02
1.2416971588e+02
4.2807247925e+02
-4.8129849243e+02
-1.7828791809e+02
1.2361695099e+02
4.2750180054e+02
-4.8169674683e+02
-1.7869703674e+02
1.2320034790e+02
4.2707629395e+02
-4.8196389771e+02
-1.7896957397e+02
1.2292256165e+02
4.2679095459e+02
-4.8209692383e+02
-1.7910623169e+02
1.2278345490e+02
4.2664904785e+02
-4.8209692383e+02
-1.7910623169e+02
1.2278345490e+02
4.2664904785e+02
-4.8196389771e+02
-1.7896957397e+02
1.2292256165e+02
4.2679095459e+02
-4.8169674683e+02
-1.7869703674e+02
1.2320034790e+02
4.2707629395e+02
-4.8129849243e+02
-1.7828791809e+02
1.2361695099e+02
4.2750180054e+02
-4.8076541138e+02
-1.7774598694e+02
1.2416971588e+02
4.2807247925e+02
-4.8010610962e+02
-1.7707058716e+02
1.2485803223e+02
4.2877859497e+02
-4.7931307983e+02
-1.7627787781e+02
1.2566765594e+02
4.2962942505e+02
-4.7841116333e+02
-1.7537318420e+02
1.2659161377e+02
4.3059503174e+02
-4.7738879395e+02
-1.7443714905e+02
1.2754830170e+02
4.3168359375e+02
-4.7635549927e+02
-1.7351605225e+02
1.2850778198e+02
4.3279049683e+02
-4.7526281738e+02
-1.7307409668e+02
1.2897160339e+02
4.3385479736e+02
-4.7466592407e+02
-1.7336874390e+02
1.2866300964e+02
4.3435006714e+02
-4.4010839844e+02
-1.6407031250e+02
1.1633754730e+02
3.9803598022e+02
-4.4039422607e+02
-1.6314710999e+02
1.1736724854e+02
3.9789291382e+02
-4.4122714233e+02
-1.6348619080e+02
1.1706507111e+02
3.9699713135e+02
-4.4211349487e+02
-1.6414710999e+02
1.1641680908e+02
3.9608224487e+02
-4.4296932983e+02
-1.6493359375e+02
1.1561425018e+02
3.9516992188e+02
-4.4374627686e+02
-1.6568151855e+02
1.1484598541e+02
3.9433496094e+02
-4.4441909790e+02
-1.6635722351e+02
1.1415209198e+02
3.9361404419e+02
-4.4498846436e+02
-1.6692840576e+02
1.1356413269e+02
3.9300296021e+02
-4.4544238281e+02
-1.6739163208e+02
1.1308815765e+02
3.9251663208e+02
-4.4578570557e+02
-1.6773954773e+02
1.1273014832e+02
3.9214855957e+02
-4.4601342773e+02
-1.6797264099e+02
1.1249069214e+02
3.9190466309e+02
-4.4612799072e+02
-1.6808905029e+02
1.1237097168e+02
3.9178192139e+02
-4.4612799072e+02
-1.6808905029e+02
1.1237097168e+02
3.9178192139e+02
-4.4601342773e+02
-1.6797264099e+02
1.1249069214e+02
3.9190466309e+02
-4.4578570557e+02
-1.6773954773e+02
1.1273014832e+02
3.9214855957e+02
-4.4544238281e+02
-1.6739163208e+02
1.1308815765e+02
3.9251663208e+02
-4.4498846436e+02
-1.6692840576e+02
1.1356413269e+02
3.9300296021e+02
-4.4441909790e+02
-1.6635722351e+02
1.1415209198e+02
3.9361404419e+02
-4.4374627686e+02
-1.6568151855e+02
1.1484598541e+02
3.9433496094e+02
-4.4296932983e+02
-1.6493359375e+02
1.1561425018e+02
3.9516992188e+02
-4.4211349487e+02
-1.6414710999e+02
1.1641680908e+02
3.9608224487e+02
-4.4122714233e+02
-1.6348619080e+02
1.1706507111e+02
3.9699713135e+02
-4.4039422607e+02
-1.6314710999e+02
1.1736724854e+02
3.9789291382e+02
-4.4010839844e+02
-1.6407031250e+02
1.1633754730e+02
3.9803598022e+02
-4.0573446655e+02
-1.5223892212e+02
1.0231091309e+02
3.6167874146e+02
-4.0563565063e+02
-1.5114674377e+02
1.0338181305e+02
3.6181216431e+02
-4.0630697632e+02
-1.5099694824e+02
1.0349650574e+02
3.6119812012e+02
-4.0695306396e+02
-1.5149197388e+02
1.0295803070e+02
3.6048596191e+02
-4.0765713501e+02
-1.5209111023e+02
1.0233599091e+02
3.5971548462e+02
-4.0828463745e+02
-1.5271272278e+02
1.0169709015e+02
3.5903076172e+02
-4.0884701538e+02
-1.5327018738e+02
1.0112397766e+02
3.5841400146e+02
-4.0931387329e+02
-1.5375149536e+02
1.0063132477e+02
3.5790295410e+02
-4.0969418335e+02
-1.5413938904e+02
1.0023355103e+02
3.5748663330e+02
-4.0997763062e+02
-1.5443339539e+02
9.9932884216e+01
3.5717697144e+02
-4.1016860962e+02
-1.5462937927e+02
9.9732139587e+01
3.5696850586e+02
-4.1026348877e+02
-1.5472779846e+02
9.9631523132e+01
3.5686505127e+02
-4.1026348877e+02
-1.5472779846e+02
9.9631523132e+01
3.5686505127e+02
-4.1016860962e+02
-1.5462937927e+02
9.9732139587e+01
3.5696850586e+02
-4.0997763062e+02
-1.5443339539e+02
9.9932884216e+01
3.5717697144e+02
-4.0969418335e+02
-1.5413938904e+02
1.0023355103e+02
3.5748663330e+02
-4.0931387329e+02
-1.5375149536e+02
1.0063132477e+02
3.5790295410e+02
-4.0884701538e+02
-1.5327018738e+02
1.0112397766e+02
3.5841400146e+02
-4.0828463745e+02
-1.5271272278e+02
1.0169709015e+02
3.5903076172e+02
-4.0765713501e+02
-1.5209111023e+02
1.0233599091e+02
3.5971548462e+02
-4.0695306396e+02
-1.5149197388e+02
1.0295803070e+02
3.6048596191e+02
-4.0630697632e+02
-1.5099694824e+02
1.0349650574e+02
3.6119812012e+02
-4.0563565063e+02
-1.5114674377e+02
1.0338181305e+02
3.6181216431e+02
-4.0573446655e+02
-1.5223892212e+02
1.0231091309e+02
3.6167874146e+02
-3.6827178955e+02
-1.4217803955e+02
8.9470077515e+01
3.2254263306e+02
-3.6802401733e+02
-1.4039599609e+02
9.1375671387e+01
3.2299566650e+02
-3.6839862061e+02
-1.4020851135e+02
9.1608222961e+01
3.2253021240e+02
-3.6892819214e+02
-1.4047883606e+02
9.1355102539e+01
3.2197103882e+02
-3.6948342896e+02
-1.4093785095e+02
9.0885650635e+01
3.2137521362e+02
-3.7000244141e+02
-1.4141867065e+02
9.0386390686e+01
3.2080474854e+02
-3.7045581055e+02
-1.4186930847e+02
8.9919494629e+01
3.2031042480e+02
-3.7084469604e+02
-1.4225624084e+02
8.9516876221e+01
3.1988568115e+02
-3.7115420532e+02
-1.4257292175e+02
8.9188606262e+01
3.1954870605e+02
-3.7138980103e+02
-1.4281132507e+02
8.8940780640e+01
3.1929205322e+02
-3.7154550171e+02
-1.4297154236e+02
8.8774726868e+01
3.1912255859e+02
-3.7162417603e+02
-1.4305151367e+02
8.8691650391e+01
3.1903692627e+02
-3.7162417603e+02
-1.4305151367e+02
8.8691650391e+01
3.1903692627e+02
-3.7154550171e+02
-1.4297154236e+02
8.8774726868e+01
3.1912255859e+02
-3.7138980103e+02
-1.4281132507e+02
8.8940780640e+01
3.1929205322e+02
-3.7115420532e+02
-1.4257292175e+02
8.9188606262e+01
3.1954870605e+02
-3.7084469604e+02
-1.4225624084e+02
8.9516876221e+01
3.1988568115e+02
-3.7045581055e+02
-1.4186930847e+02
8.9919494629e+01
3.2031042480e+02
-3.7000244141e+02
-1.4141867065e+02
9.0386390686e+01
3.2080474854e+02
-3.6948342896e+02
-1.4093785095e+02
9.0885650635e+01
3.2137521362e+02
-3.6892819214e+02
-1.4047883606e+02
9.1355102539e+01
3.2197103882e+02
-3.6839862061e+02
-1.4020851135e+02
9.1608222961e+01
3.2253021240e+02
-3.6802401733e+02
-1.4039599609e+02
9.1375671387e+01
3.2299566650e+02
-3.6827178955e+02
-1.4217803955e+02
8.9470077515e+01
3.2254263306e+02
-3.3193502808e+02
-1.2914573669e+02
7.4656532288e+01
2.8447579956e+02
-3.3113696289e+02
-1.2736428070e+02
7.6377914429e+01
2.8515652466e+02
-3.3143139648e+02
-1.2670205688e+02
7.7001029968e+01
2.8494122314e+02
-3.3173739624e+02
-1.2681161499e+02
7.6854293823e+01
2.8458953857e+02
-3.3215811157e+02
-1.2711541748e+02
7.6529891968e+01
2.8410263062e+02
-3.3254333496e+02
-1.2748622894e+02
7.6146331787e+01
2.8367025757e+02
-3.3290213013e+02
-1.2783547974e+02
7.5785163879e+01
2.8326449585e+02
-3.3319836426e+02
-1.2814401245e+02
7.5468353271e+01
2.8292984009e+02
-3.3344256592e+02
-1.2839434814e+02
7.5210052490e+01
2.8265307617e+02
-3.3362341309e+02
-1.2858534241e+02
7.5013809204e+01
2.8244802856e+02
-3.3374612427e+02
-1.2871267700e+02
7.4882446289e+01
2.8230895996e+02
-3.3380676270e+02
-1.2877680969e+02
7.4816513062e+01
2.8224020386e+02
-3.3380676270e+02
-1.2877680969e+02
7.4816513062e+01
2.8224020386e+02
-3.3374612427e+02
-1.2871267700e+02
7.4882446289e+01
2.8230895996e+02
-3.3362341309e+02
-1.2858534241e+02
7.5013809204e+01
2.8244802856e+02
-3.3344256592e+02
-1.2839434814e+02
7.5210052490e+01
2.8265307617e+02
-3.3319836426e+02
-1.2814401245e+02
7.5468353271e+01
2.8292984009e+02
-3.3290213013e+02
-1.2783547974e+02
7.5785163879e+01
2.8326449585e+02
-3.3254333496e+02
-1.2748622894e+02
7.6146331787e+01
2.8367025757e+02
-3.3215811157e+02
-1.2711541748e+02
7.6529891968e+01
2.8410263062e+02
-3.3173739624e+02
-1.2681161499e+02
7.6854293823e+01
2.8458953857e+02
-3.3143139648e+02
-1.2670205688e+02
7.7001029968e+01
2.8494122314e+02
-3.3113696289e+02
-1.2736428070e+02
7.6377914429e+01
2.8515652466e+02
-3.3193502808e+02
-1.2914573669e+02
7.4656532288e+01
2.8447579956e+02
-2.9175097656e+02
-1.1876235199e+02
6.1466789246e+01
2.4311901855e+02
-2.9114611816e+02
-1.1621069336e+02
6.4156532288e+01
2.4411396790e+02
-2.9114791870e+02
-1.1553865051e+02
6.4866203308e+01
2.4402758789e+02
-2.9137124634e+02
-1.1547705078e+02
6.4933052063e+01
2.4377027893e+02
-2.9167135620e+02
-1.1564704132e+02
6.4751564026e+01
2.4345211792e+02
-2.9196752930e+02
-1.1589346313e+02
6.4486259460e+01
2.4311366272e+02
-2.9223031616e+02
-1.1614579010e+02
6.4217178345e+01
2.4281747437e+02
-2.9246295166e+02
-1.1637158966e+02
6.3975963593e+01
2.4255494690e+02
-2.9264849854e+02
-1.1656079865e+02
6.3775920868e+01
2.4234806824e+02
-2.9279241943e+02
-1.1670457458e+02
6.3623626709e+01
2.4218850708e+02
-2.9288723755e+02
-1.1680207825e+02
6.3521110535e+01
2.4208386230e+02
-2.9293566895e+02
-1.1685077667e+02
6.3469738007e+01
2.4203060913e+02
-2.9293566895e+02
-1.1685077667e+02
6.3469738007e+01
2.4203060913e+02
-2.9288723755e+02
-1.1680207825e+02
6.3521110535e+01
2.4208386230e+02
-2.9279241943e+02
-1.1670457458e+02
6.3623626709e+01
2.4218850708e+02
-2.9264849854e+02
-1.1656079865e+02
6.3775920868e+01
2.4234806824e+02
-2.9246295166e+02
-1.1637158966e+02
6.3975963593e+01
2.4255494690e+02
-2.9223031616e+02
-1.1614579010e+02
6.4217178345e+01
2.4281747437e+02
-2.9196752930e+02
-1.1589346313e+02
6.4486259460e+01
2.4311366272e+02
-2.9167135620e+02
-1.1564704132e+02
6.4751564026e+01
2.4345211792e+02
-2.9137124634e+02
-1.1547705078e+02
6.4933052063e+01
2.4377027893e+02
-2.9114791870e+02
-1.1553865051e+02
6.4866203308e+01
2.4402758789e+02
-2.9114611816e+02
-1.1621069336e+02
6.4156532288e+01
2.4411396790e+02
-2.9175097656e+02
-1.1876235199e+02
6.1466789246e+01
2.4311901855e+02
-2.5471345520e+02
-1.0397053528e+02
4.6432846069e+01
2.0380717468e+02
-2.5320256042e+02
-1.0166261292e+02
4.8657421112e+01
2.0487426758e+02
-2.5312730408e+02
-1.0063153839e+02
4.9669242859e+01
2.0497344971e+02
-2.5313700867e+02
-1.0041893768e+02
4.9876560211e+01
2.0493014526e+02
-2.5331411743e+02
-1.0048497772e+02
4.9806072235e+01
2.0468229675e+02
-2.5350073242e+02
-1.0065472412e+02
4.9635753632e+01
2.0446215820e+02
-2.5369781494e+02
-1.0084015656e+02
4.9450298309e+01
2.0423516846e+02
-2.5386054993e+02
-1.0101227570e+02
4.9278537750e+01
2.0405134583e+02
-2.5399801636e+02
-1.0115367126e+02
4.9135875702e+01
2.0389430237e+02
-2.5409776306e+02
-1.0126226044e+02
4.9026275635e+01
2.0377940369e+02
-2.5416603088e+02
-1.0133435822e+02
4.8952770233e+01
2.0370013428e+02
-2.5419920349e+02
-1.0137075043e+02
4.8915763855e+01
2.0366131592e+02
-2.5419920349e+02
-1.0137075043e+02
4.8915763855e+01
2.0366131592e+02
-2.5416603088e+02
-1.0133435822e+02
4.8952770233e+01
2.0370013428e+02
-2.5409776306e+02
-1.0126226044e+02
4.9026275635e+01
2.0377940369e+02
-2.5399801636e+02
-1.0115367126e+02
4.9135875702e+01
2.0389430237e+02
-2.5386054993e+02
-1.0101227570e+02
4.9278537750e+01
2.0405134583e+02
-2.5369781494e+02
-1.0084015656e+02
4.9450298309e+01
2.0423516846e+02
-2.5350073242e+02
-1.0065472412e+02
4.9635753632e+01
2.0446215820e+02
-2.5331411743e+02
-1.0048497772e+02
4.9806072235e+01
2.0468229675e+02
-2.5313700867e+02
-1.0041893768e+02
4.9876560211e+01
2.0493014526e+02
-2.5312730408e+02
-1.0063153839e+02
4.9669242859e+01
2.0497344971e+02
-2.5320256042e+02
-1.0166261292e+02
4.8657421112e+01
2.0487426758e+02
-2.5471345520e+02
-1.0397053528e+02
4.6432846069e+01
2.0380717468e+02
-2.1102882385e+02
-9.4805572510e+01
3.2456466675e+01
1.6144508362e+02
-2.1027633667e+02
-9.1574356079e+01
3.5788246155e+01
1.6297999573e+02
-2.1009228516e+02
-9.0424865723e+01
3.6937442780e+01
1.6324400330e+02
-2.1013314819e+02
-9.0103134155e+01
3.7225700378e+01
1.6323028564e+02
-2.1027696228e+02
-9.0049758911e+01
3.7255218506e+01
1.6313075256e+02
-2.1042256165e+02
-9.0114761353e+01
3.7166152954e+01
1.6297431946e+02
-2.1054624939e+02
-9.0208801270e+01
3.7047679901e+01
1.6283032227e+02
-2.1065797424e+02
-9.0305297852e+01
3.6930721283e+01
1.6268913269e+02
-2.1074565125e+02
-9.0391532898e+01
3.6828334808e+01
1.6257791138e+02
-2.1081643677e+02
-9.0459663391e+01
3.6748676300e+01
1.6248811340e+02
-2.1086300659e+02
-9.0507255554e+01
3.6693813324e+01
1.6242970276e+02
-2.1088749695e+02
-9.0531341553e+01
3.6666179657e+01
1.6239924622e+02
-2.1088749695e+02
-9.0531341553e+01
3.6666179657e+01
1.6239924622e+02
-2.1086300659e+02
-9.0507255554e+01
3.6693813324e+01
1.6242970276e+02
-2.1081643677e+02
-9.0459663391e+01
3.6748676300e+01
1.6248811340e+02
-2.1074565125e+02
-9.0391532898e+01
3.6828334808e+01
1.6257791138e+02
-2.1065797424e+02
-9.0305297852e+01
3.6930721283e+01
1.6268913269e+02
-2.1054624939e+02
-9.0208801270e+01
3.7047679901e+01
1.6283032227e+02
-2.1042256165e+02
-9.0114761353e+01
3.7166152954e+01
1.6297431946e+02
-2.1027696228e+02
-9.0049758911e+01
3.7255218506e+01
1.6313075256e+02
-2.1013314819e+02
-9.0103134155e+01
3.7225700378e+01
1.6323028564e+02
-2.1009228516e+02
-9.0424865723e+01
3.6937442780e+01
1.6324400330e+02
-2.1027633667e+02
-9.1574356079e+01
3.5788246155e+01
1.6297999573e+02
-2.1102882385e+02
-9.4805572510e+01
3.2456466675e+01
1.6144508362e+02
-1.7569987488e+02
-7.5465789795e+01
1.8943164825e+01
1.2017607117e+02
-1.7358671570e+02
-7.2937927246e+01
2.1495143890e+01
1.2132775116e+02
-1.7311982727e+02
-7.1847801208e+01
2.2631479263e+01
1.2151846313e+02
-1.7283956909e+02
-7.1463676453e+01
2.3074552536e+01
1.2164044189e+02
-1.7279962158e+02
-7.1390495300e+01
2.3169097900e+01
1.2153234100e+02
-1.7283526611e+02
-7.1451141357e+01
2.3126493454e+01
1.2143212128e+02
-1.7293933105e+02
-7.1565460205e+01
2.3034727097e+01
1.2130355835e+02
-1.7305160522e+02
-7.1690704346e+01
2.2929645538e+01
1.2120076752e+02
-1.7316406250e+02
-7.1805091858e+01
2.2834913254e+01
1.2110563660e+02
-1.7325401306e+02
-7.1897651672e+01
2.2756870270e+01
1.2103700256e+02
-1.7331913757e+02
-7.1961761475e+01
2.2703371048e+01
1.2098748779e+02
-1.7335186768e+02
-7.1994560242e+01
2.2675661087e+01
1.2096365356e+02
-1.7335186768e+02
-7.1994560242e+01
2.2675661087e+01
1.2096365356e+02
-1.7331913757e+02
-7.1961761475e+01
2.2703371048e+01
1.2098748779e+02
-1.7325401306e+02
-7.1897651672e+01
2.2756870270e+01
1.2103700256e+02
-1.7316406250e+02
-7.1805091858e+01
2.2834913254e+01
1.2110563660e+02
-1.7305160522e+02
-7.1690704346e+01
2.2929645538e+01
1.2120076752e+02
-1.7293933105e+02
-7.1565460205e+01
2.3034727097e+01
1.2130355835e+02
-1.7283526611e+02
-7.1451141357e+01
2.3126493454e+01
1.2143212128e+02
-1.7279962158e+02
-7.1390495300e+01
2.3169097900e+01
1.2153234100e+02
-1.7283956909e+02
-7.1463676453e+01
2.3074552536e+01
1.2164044189e+02
-1.7311982727e+02
-7.1847801208e+01
2.2631479263e+01
1.2151846313e+02
-1.7358671570e+02
-7.2937927246e+01
2.1495143890e+01
1.2132775116e+02
-1.7569987488e+02
-7.5465789795e+01
1.8943164825e+01
1.2017607117e+02
-1.2527692413e+02
-7.2034461975e+01
2.5479655266e+00
8.0613212585e+01
-1.2444657898e+02
-6.8221557617e+01
6.0735325813e+00
8.2540473938e+01
-1.2439055634e+02
-6.6550453186e+01
7.6233797073e+00
8.3161682129e+01
-1.2463951874e+02
-6.6085250854e+01
7.9947547913e+00
8.3307716370e+01
-1.2499662018e+02
-6.6035140991e+01
8.0452423096e+00
8.3283546448e+01
-1.2535404205e+02
-6.6151290894e+01
7.9360928535e+00
8.3165252686e+01
-1.2564536285e+02
-6.6303298950e+01
7.7892765999e+00
8.3036155701e+01
-1.2587783813e+02
-6.6448997498e+01
7.6461701393e+00
8.2898391724e+01
-1.2604643250e+02
-6.6569038391e+01
7.5220227242e+00
8.2786445618e+01
-1.2616630554e+02
-6.6659385681e+01
7.4284362793e+00
8.2693244934e+01
-1.2624056244e+02
-6.6718704224e+01
7.3643507957e+00
8.2632644653e+01
-1.2627696228e+02
-6.6748207092e+01
7.3328514099e+00
8.2600532532e+01
-1.2627696228e+02
-6.6748207092e+01
7.3328514099e+00
8.2600532532e+01
-1.2624056244e+02
-6.6718704224e+01
7.3643507957e+00
8.2632644653e+01
-1.2616630554e+02
-6.6659385681e+01
7.4284362793e+00
8.2693244934e+01
-1.2604643250e+02
-6.6569038391e+01
7.5220227242e+00
8.2786445618e+01
-1.2587783813e+02
-6.6448997498e+01
7.6461701393e+00
8.2898391724e+01
-1.2564536285e+02
-6.6303298950e+01
7.7892765999e+00
8.3036155701e+01
-1.2535404205e+02
-6.6151290894e+01
7.9360928535e+00
8.3165252686e+01
-1.2499662018e+02
-6.6035140991e+01
8.0452423096e+00
8.3283546448e+01
-1.2463951874e+02
-6.6085250854e+01
7.9947547913e+00
8.3307716370e+01
-1.2439055634e+02
-6.6550453186e+01
7.6233797073e+00
8.3161682129e+01
-1.2444657898e+02
-6.8221557617e+01
6.0735325813e+00
8.2540473938e+01
-1.2527692413e+02
-7.2034461975e+01
2.5479655266e+00
8.0613212585e+01
-9.5547027588e+01
-3.9190017700e+01
-4.9416556358e+00
3.3342445374e+01
-9.4094085693e+01
-3.7445327759e+01
-2.2021963596e+00
3.4283802032e+01
-9.4010887146e+01
-3.7400260925e+01
-1.7755796909e+00
3.3789367676e+01
-9.3823257446e+01
-3.7662364960e+01
-1.8034712076e+00
3.3433589935e+01
-9.3815475464e+01
-3.7889274597e+01
-2.0388920307e+00
3.2983451843e+01
-9.3700126648e+01
-3.8094535828e+01
-2.2721290588e+00
3.2630313873e+01
-9.3612655640e+01
-3.8227783203e+01
-2.4765777588e+00
3.2321388245e+01
-9.3508094788e+01
-3.8322238922e+01
-2.6352307796e+00
3.2089862823e+01
-9.3425888062e+01
-3.8379676819e+01
-2.7512726784e+00
3.1908311844e+01
-9.3356307983e+01
-3.8415733337e+01
-2.8328886032e+00
3.1783384323e+01
-9.3310852051e+01
-3.8435642242e+01
-2.8831908703e+00
3.1700424194e+01
-9.3286880493e+01
-3.8444622040e+01
-2.9078783989e+00
3.1661224365e+01
-9.3286880493e+01
-3.8444622040e+01
-2.9078783989e+00
3.1661224365e+01
-9.3310852051e+01
-3.8435642242e+01
-2.8831908703e+00
3.1700424194e+01
-9.3356307983e+01
-3.8415733337e+01
-2.8328886032e+00
3.1783384323e+01
-9.3425888062e+01
-3.8379676819e+01
-2.7512726784e+00
3.1908311844e+01
-9.3508094788e+01
-3.8322238922e+01
-2.6352307796e+00
3.2089862823e+01
-9.3612655640e+01
-3.8227783203e+01
-2.4765777588e+00
3.2321388245e+01
-9.3700126648e+01
-3.8094535828e+01
-2.2721290588e+00
3.2630313873e+01
-9.3815475464e+01
-3.7889274597e+01
-2.0388920307e+00
3.2983451843e+01
-9.3823257446e+01
-3.7662364960e+01
-1.8034712076e+00
3.3433589935e+01
-9.4010887146e+01
-3.7400260925e+01
-1.7755796909e+00
3.3789367676e+01
-9.4094085693e+01
-3.7445327759e+01
-2.2021963596e+00
3.4283802032e+01
-9.5547027588e+01
-3.9190017700e+01
-4.9416556358e+00
3.3342445374e+01
-3.9236907959e+01
-5.6541797638e+01
-2.6864311218e+01
1.0028206825e+01
-3.7716094971e+01
-5.3131237030e+01
-2.6451585770e+01
8.9817905426e+00
-3.6786060333e+01
-5.0719352722e+01
-2.5465713501e+01
8.6602468491e+00
-3.6397960663e+01
-4.9316226959e+01
-2.5135635376e+01
8.1714735031e+00
-3.5785205841e+01
-4.8612854004e+01
-2.4929548264e+01
7.7825765610e+00
-3.5489849091e+01
-4.8089973450e+01
-2.4868055344e+01
7.4510202408e+00
-3.5168678284e+01
-4.7796394348e+01
-2.4807180405e+01
7.2266349792e+00
-3.4988189697e+01
-4.7558345795e+01
-2.4777967453e+01
7.0618710518e+00
-3.4825325012e+01
-4.7412769318e+01
-2.4745473862e+01
6.9482679367e+00
-3.4730640411e+01
-4.7301490784e+01
-2.4728124619e+01
6.8735594749e+00
-3.4661560059e+01
-4.7238655090e+01
-2.4712713242e+01
6.8264603615e+00
-3.4632160187e+01
-4.7205558777e+01
-2.4706871033e+01
6.8048834801e+00
-3.4632160187e+01
-4.7205558777e+01
-2.4706871033e+01
6.8048834801e+00
-3.4661560059e+01
-4.7238655090e+01
-2.4712713242e+01
6.8264603615e+00
-3.4730640411e+01
-4.7301490784e+01
-2.4728124619e+01
6.8735594749e+00
-3.4825325012e+01
-4.7412769318e+01
-2.4745473862e+01
6.9482679367e+00
-3.4988189697e+01
-4.7558345795e+01
-2.4777967453e+01
7.0618710518e+00
-3.5168678284e+01
-4.7796394348e+01
-2.4807180405e+01
7.2266349792e+00
-3.5489849091e+01
-4.8089973450e+01
-2.4868055344e+01
7.4510202408e+00
-3.5785205841e+01
-4.8612854004e+01
-2.4929548264e+01
7.7825765610e+00
-3.6397960663e+01
-4.9316226959e+01
-2.5135635376e+01
8.1714735031e+00
-3.6786060333e+01
-5.0719352722e+01
-2.5465713501e+01
8.6602468491e+00
-3.7716094971e+01
-5.3131237030e+01
-2.6451585770e+01
8.9817905426e+00
-3.9236907959e+01
-5.6541797638e+01
-2.6864311218e+01
1.0028206825e+01
