-5.2434803009e+01
-1.1434617043e+01
3.2534423828e+01
7.5034873962e+01
-5.8357120514e+01
-4.7177066803e+01
6.6220989227e+00
6.3145179749e+01
-8.6685989380e+01
-4.6035995483e+00
2.7563032150e+01
5.6924022675e+01
-6.4601524353e+01
-1.0960500336e+02
-3.6287773132e+01
4.3681198120e+01
-1.3039349365e+02
3.8632724762e+01
4.5274719238e+01
4.7215595245e+01
-4.6319824219e+01
-2.3163644409e+02
-1.0847856140e+02
2.8808872223e+01
-2.3610597229e+02
1.6664259338e+02
1.0321715546e+02
3.0788736343e+01
2.5718729019e+01
-5.5567443848e+02
-2.9948803711e+02
-4.8252055049e-01
-5.5747729492e+02
5.4084631348e+02
2.8380926514e+02
-5.1982852936e+01
2.5929873657e+02
-1.6265859375e+03
-9.6985565186e+02
-1.3826805353e-01
-1.5188111572e+03
2.0316917725e+03
9.6699511719e+02
-4.8647183228e+02
5.4033587646e+02
-9.5753320312e+03
-6.1190249023e+03
7.8709796143e+02
5.4027911377e+02
-9.5727568359e+03
-6.1169291992e+03
7.8684393311e+02
-1.5183577881e+03
2.0324588623e+03
9.6748181152e+02
-4.8629330444e+02
2.5955123901e+02
-1.6262550049e+03
-9.6952459717e+02
1.3408462517e-02
-5.5716711426e+02
5.4097930908e+02
2.8390533447e+02
-5.1752937317e+01
2.5819520950e+01
-5.5550115967e+02
-2.9932922363e+02
-4.6659877896e-01
-2.3592742920e+02
1.6673094177e+02
1.0327194977e+02
3.0880331039e+01
-4.6220222473e+01
-2.3152250671e+02
-1.0839105988e+02
2.8812715530e+01
-1.3026062012e+02
3.8715621948e+01
4.5322296143e+01
4.7248874664e+01
-6.4488021851e+01
-1.0951110077e+02
-3.6229427338e+01
4.3683437347e+01
-8.6561195374e+01
-4.5217442513e+00
2.7605375290e+01
5.6928184509e+01
-5.8239994049e+01
-4.7099842072e+01
6.6590027809e+00
6.3134166718e+01
-5.2335540771e+01
-1.1378155708e+01
3.2548812866e+01
7.5013450623e+01
-2.1854679871e+02
-7.2138801575e+01
9.7613510132e+01
2.7566049194e+02
-2.6681021118e+02
-9.4504684448e+01
7.1295822144e+01
2.2948976135e+02
-2.9492285156e+02
-1.7824882507e+02
-4.3217563629e+00
2.0368264771e+02
-3.5053808594e+02
-1.2907026672e+02
3.6469055176e+01
1.6900846863e+02
-3.5703314209e+02
-3.0500537109e+02
-1.1158644104e+02
1.5900117493e+02
-4.7092834473e+02
-1.2909086609e+02
2.9024227142e+01
1.0210524750e+02
-4.3538159180e+02
-5.6327288818e+02
-3.1817837524e+02
9.7433242798e+01
-7.5017449951e+02
-6.6158020020e+01
4.6867408752e+01
-5.4471973419e+01
-5.7204681396e+02
-1.2561994629e+03
-8.5538867188e+02
-4.9827766418e+01
-1.5408364258e+03
2.5250727844e+02
1.6475364685e+02
-5.2422613525e+02
-9.4157727051e+02
-3.8067946777e+03
-2.6765488281e+03
-3.4488739014e+02
-3.1530830078e+03
1.7350926514e+03
6.1004962158e+02
-1.5290288086e+03
-3.1526225586e+03
1.7345164795e+03
6.0951855469e+02
-1.5286019287e+03
-9.4110040283e+02
-3.8059848633e+03
-2.6757553711e+03
-3.4457070923e+02
-1.5402045898e+03
2.5296260071e+02
1.6510733032e+02
-5.2378521729e+02
-5.7154797363e+02
-1.2557373047e+03
-8.5497839355e+02
-4.9523574829e+01
-7.4972406006e+02
-6.5821174622e+01
4.7126270294e+01
-5.4244800568e+01
-4.3498516846e+02
-5.6293884277e+02
-3.1792376709e+02
9.7581176758e+01
-4.7054598999e+02
-1.2880639648e+02
2.9214128494e+01
1.0220829773e+02
-3.5665472412e+02
-3.0471929932e+02
-1.1140335846e+02
1.5906677246e+02
-3.5015380859e+02
-1.2880062866e+02
3.6622722626e+01
1.6904682922e+02
-2.9453054810e+02
-1.7798193359e+02
-4.1798739433e+00
2.0368957520e+02
-2.6642453003e+02
-9.4262428284e+01
7.1406311035e+01
2.2947044373e+02
-2.1819952393e+02
-7.1945594788e+01
9.7670570374e+01
2.7559716797e+02
-4.9996109009e+02
-1.8539131165e+02
1.3872682190e+02
4.6706478882e+02
-5.5425061035e+02
-2.6336682129e+02
5.8085643768e+01
4.0739926147e+02
-6.1968243408e+02
-2.7147503662e+02
5.0472419739e+01
3.5347875977e+02
-6.6411950684e+02
-4.0630017090e+02
-7.4031188965e+01
3.2284362793e+02
-7.5951818848e+02
-3.3599279785e+02
-7.2656855583e+00
2.5487384033e+02
-7.9125195312e+02
-6.2017944336e+02
-2.6260861206e+02
2.3485057068e+02
-9.8114550781e+02
-3.7168939209e+02
-4.6111785889e+01
1.0370119476e+02
-9.5303460693e+02
-1.0403400879e+03
-6.2086993408e+02
1.0737598419e+02
-1.3963872070e+03
-2.5625875854e+02
2.7328579426e+00
-1.8211010742e+02
-1.0763968506e+03
-1.9669304199e+03
-1.3380145264e+03
-5.8688255310e+01
-1.9226805420e+03
8.2069299316e+02
6.2357214355e+02
-5.7262170410e+02
-5.4477056885e+02
-2.1209235840e+03
-9.0111462402e+02
-5.2890068054e+01
-5.4488269043e+02
-2.1205861816e+03
-9.0078558350e+02
-5.3036140442e+01
-1.9224456787e+03
8.2037994385e+02
6.2323968506e+02
-5.7242492676e+02
-1.0760855713e+03
-1.9665501709e+03
-1.3376641846e+03
-5.8528854370e+01
-1.3958924561e+03
-2.5590896606e+02
2.9944105148e+00
-1.8187370300e+02
-9.5248553467e+02
-1.0398698730e+03
-6.2050256348e+02
1.0761590576e+02
-9.8055645752e+02
-3.7124560547e+02
-4.5792354584e+01
1.0391267395e+02
-7.9063366699e+02
-6.1969689941e+02
-2.6227017212e+02
2.3503369141e+02
-7.5887139893e+02
-3.3551855469e+02
-6.9549217224e+00
2.5502575684e+02
-6.6344287109e+02
-4.0580593872e+02
-7.3720863342e+01
3.2296414185e+02
-6.1898114014e+02
-2.7098556519e+02
5.0762561798e+01
3.5357077026e+02
-5.5353851318e+02
-2.6288531494e+02
5.8355224609e+01
4.0746322632e+02
-4.9926318359e+02
-1.8495007324e+02
1.3894459534e+02
4.6709045410e+02
-8.3027093506e+02
-3.8164605713e+02
9.1704910278e+01
5.8232910156e+02
-8.7498645020e+02
-4.0022683716e+02
7.0552871704e+01
5.3507812500e+02
-9.2004339600e+02
-4.9127951050e+02
-1.7685314178e+01
4.9851232910e+02
-9.9067083740e+02
-4.6693048096e+02
9.1109390259e+00
4.4053833008e+02
-1.0303254395e+03
-6.4870062256e+02
-1.6336633301e+02
4.1715856934e+02
-1.1389560547e+03
-5.1235223389e+02
-3.0436239243e+01
3.2730557251e+02
-1.1377540283e+03
-8.8932104492e+02
-3.8149389648e+02
3.3953799438e+02
-1.3256634521e+03
-4.4866091919e+02
1.9548776627e+01
1.8410487366e+02
-1.1518774414e+03
-1.2932880859e+03
-7.2042810059e+02
3.2094552612e+02
-1.4848278809e+03
1.6573204041e+01
3.5829800415e+02
9.3260902405e+01
-8.7171166992e+02
-1.9328500977e+03
-1.0841555176e+03
4.9024063110e+02
-1.7659370117e+03
-2.8119326782e+02
-2.8238961792e+02
2.2901020813e+02
-1.7657866211e+03
-2.8120385742e+02
-2.8245303345e+02
2.2912094116e+02
-8.7158990479e+02
-1.9323226318e+03
-1.0836895752e+03
4.9018588257e+02
-1.4845083008e+03
1.6675823212e+01
3.5831967163e+02
9.3349525452e+01
-1.1514659424e+03
-1.2929083252e+03
-7.2014599609e+02
3.2106842041e+02
-1.3251135254e+03
-4.4826879883e+02
1.9813320160e+01
1.8426582336e+02
-1.1370925293e+03
-8.8879785156e+02
-3.8112643433e+02
3.3973449707e+02
-1.1382033691e+03
-5.1179400635e+02
-3.0059381485e+01
3.2751162720e+02
-1.0294908447e+03
-6.4806890869e+02
-1.6294250488e+02
4.1736758423e+02
-9.8976568604e+02
-4.6626580811e+02
9.5439186096e+00
4.4074703979e+02
-9.1907427979e+02
-4.9057144165e+02
-1.7229787827e+01
4.9871435547e+02
-8.7396899414e+02
-3.9950308228e+02
7.1008842468e+01
5.3528363037e+02
-8.2922601318e+02
-3.8092291260e+02
9.2146522522e+01
5.8253161621e+02
-1.1469840088e+03
-5.4823950195e+02
6.2305053711e+01
6.8345196533e+02
-1.1645852051e+03
-5.8307513428e+02
2.6710800171e+01
6.6553057861e+02
-1.2040440674e+03
-5.6901123047e+02
4.1798088074e+01
6.3077410889e+02
-1.2308060303e+03
-6.7733343506e+02
-6.2954925537e+01
6.1330963135e+02
-1.2925914307e+03
-5.9691448975e+02
1.8085922241e+01
5.5866662598e+02
-1.2975643311e+03
-8.1831085205e+02
-1.9507740784e+02
5.6582824707e+02
-1.3931831055e+03
-5.6520471191e+02
4.9369441986e+01
4.7646478271e+02
-1.3231757812e+03
-1.0365461426e+03
-3.9279733276e+02
5.5398205566e+02
-1.5092928467e+03
-3.7377325439e+02
2.1010563660e+02
3.8943341064e+02
-1.3013536377e+03
-1.4477103271e+03
-7.1199035645e+02
5.6238995361e+02
-1.7927056885e+03
-1.9946733093e+02
2.3817233276e+02
2.4442047119e+02
-1.2065633545e+03
-1.1628669434e+03
-1.8408285522e+02
3.8380981445e+02
-1.2065252686e+03
-1.1628106689e+03
-1.8400347900e+02
3.8378173828e+02
-1.7924122314e+03
-1.9954499817e+02
2.3805249023e+02
2.4458103943e+02
-1.3010007324e+03
-1.4472904053e+03
-7.1165545654e+02
5.6250140381e+02
-1.5087821045e+03
-3.7345443726e+02
2.1030786133e+02
3.8958215332e+02
-1.3225550537e+03
-1.0360397949e+03
-3.9244149780e+02
5.5415789795e+02
-1.3924322510e+03
-5.6465661621e+02
4.9736854553e+01
4.7666918945e+02
-1.2966879883e+03
-8.1763623047e+02
-1.9461654663e+02
5.6606329346e+02
-1.2915972900e+03
-5.9617352295e+02
1.8584663391e+01
5.5893170166e+02
-1.2296979980e+03
-6.7649810791e+02
-6.2392200470e+01
6.1359753418e+02
-1.2028345947e+03
-5.6811437988e+02
4.2399845123e+01
6.3108868408e+02
-1.1632873535e+03
-5.8212066650e+02
2.7350967407e+01
6.6587536621e+02
-1.1456298828e+03
-5.4726837158e+02
6.2949096680e+01
6.8382171631e+02
-1.4044375000e+03
-6.8537780762e+02
5.2257091522e+01
8.0875213623e+02
-1.4165035400e+03
-6.7177117920e+02
6.5552154541e+01
7.9693322754e+02
-1.4287921143e+03
-7.2643475342e+02
1.2102947235e+01
7.8826770020e+02
-1.4617271729e+03
-6.7725329590e+02
6.1844844818e+01
7.5780108643e+02
-1.4676246338e+03
-8.0919042969e+02
-6.7069122314e+01
7.5943548584e+02
-1.5226175537e+03
-6.6273388672e+02
7.8056259155e+01
7.0501867676e+02
-1.4973022461e+03
-9.4179278564e+02
-1.9285119629e+02
7.4222467041e+02
-1.6011636963e+03
-5.7877819824e+02
1.5698434448e+02
6.3565405273e+02
-1.5083408203e+03
-1.1691479492e+03
-3.9633804321e+02
7.3758135986e+02
-1.7096905518e+03
-4.0113021851e+02
2.8799737549e+02
5.5443566895e+02
-1.3950570068e+03
-1.2162154541e+03
-3.6396096802e+02
7.5596466064e+02
-1.7666468506e+03
-6.3471411133e+02
-1.1244969177e+02
6.7724035645e+02
-1.7665603027e+03
-6.3462506104e+02
-1.1241809845e+02
6.7728997803e+02
-1.3948743896e+03
-1.2158780518e+03
-3.6368453979e+02
7.5597363281e+02
-1.7092714844e+03
-4.0094561768e+02
2.8809140015e+02
5.5455700684e+02
-1.5077874756e+03
-1.1686568604e+03
-3.9598165894e+02
7.3774334717e+02
-1.6004383545e+03
-5.7826226807e+02
1.5733126831e+02
6.3586462402e+02
-1.4964291992e+03
-9.4110687256e+02
-1.9237294006e+02
7.4247601318e+02
-1.5215968018e+03
-6.6196966553e+02
7.8579330444e+01
7.0531439209e+02
-1.4664556885e+03
-8.0829418945e+02
-6.6450126648e+01
7.5977032471e+02
-1.4604196777e+03
-6.7626568604e+02
6.2524532318e+01
7.5818334961e+02
-1.4273496094e+03
-7.2534228516e+02
1.2859206200e+01
7.8869128418e+02
-1.4149478760e+03
-6.7060968018e+02
6.6358093262e+01
7.9741149902e+02
-1.4028021240e+03
-6.8417803955e+02
5.3086650848e+01
8.0927233887e+02
-1.6092045898e+03
-7.6196954346e+02
8.9047431946e+01
9.4722161865e+02
-1.6144116211e+03
-7.8228295898e+02
6.9815795898e+01
9.4433355713e+02
-1.6321468506e+03
-7.5424505615e+02
9.7914428711e+01
9.2717028809e+02
-1.6366947021e+03
-8.3156811523e+02
2.1824455261e+01
9.2540686035e+02
-1.6688305664e+03
-7.4563781738e+02
1.0700627899e+02
8.9238177490e+02
-1.6587556152e+03
-9.1372076416e+02
-5.8173908234e+01
9.0886077881e+02
-1.7164368896e+03
-7.0297570801e+02
1.4907008362e+02
8.4626922607e+02
-1.6677384033e+03
-1.0443504639e+03
-1.8293193054e+02
9.0649810791e+02
-1.7665906982e+03
-5.9760766602e+02
2.4469851685e+02
7.9954949951e+02
-1.6326109619e+03
-1.1721160889e+03
-2.8520144653e+02
9.2946929932e+02
-1.8528842773e+03
-6.6388122559e+02
1.3997328186e+02
7.8763812256e+02
-1.6034676514e+03
-1.0263597412e+03
-2.1983106613e+01
8.4656793213e+02
-1.6033726807e+03
-1.0263177490e+03
-2.1929517746e+01
8.4657775879e+02
-1.8525637207e+03
-6.6375994873e+02
1.4003158569e+02
7.8775518799e+02
-1.6321723633e+03
-1.1716685791e+03
-2.8486590576e+02
9.2959967041e+02
-1.7659414062e+03
-5.9717388916e+02
2.4498500061e+02
7.9974420166e+02
-1.6669217529e+03
-1.0436885986e+03
-1.8246183777e+02
9.0674371338e+02
-1.7154373779e+03
-7.0222967529e+02
1.4958590698e+02
8.4657672119e+02
-1.6575781250e+03
-9.1280548096e+02
-5.7530872345e+01
9.0921960449e+02
-1.6674852295e+03
-7.4461267090e+02
1.0772381592e+02
8.9280303955e+02
-1.6351782227e+03
-8.3040124512e+02
2.2645246506e+01
9.2588201904e+02
-1.6304765625e+03
-7.5297113037e+02
9.8814506531e+01
9.2770886230e+02
-1.6126008301e+03
-7.8090966797e+02
7.0791419983e+01
9.4493865967e+02
-1.6072995605e+03
-7.6055090332e+02
9.0056327820e+01
9.4788793945e+02
-1.7689268799e+03
-8.2596343994e+02
1.2471765900e+02
1.0881467285e+03
-1.7812683105e+03
-8.1628619385e+02
1.3575051880e+02
1.0786822510e+03
-1.7875036621e+03
-8.6043170166e+02
9.2305511475e+01
1.0732210693e+03
-1.8076723633e+03
-8.1280120850e+02
1.3909602356e+02
1.0513776855e+03
-1.8049482422e+03
-9.1524804688e+02
3.7639812469e+01
1.0558237305e+03
-1.8388278809e+03
-7.9133862305e+02
1.5978153992e+02
1.0177995605e+03
-1.8146760254e+03
-9.9670123291e+02
-4.3010509491e+01
1.0481450195e+03
-1.8733341064e+03
-7.3342822266e+02
2.1580558777e+02
9.8062677002e+02
-1.8132978516e+03
-1.0982503662e+03
-1.4008012390e+02
1.0511497803e+03
-1.9255408936e+03
-7.0389733887e+02
2.3630458069e+02
9.4003326416e+02
-1.7938704834e+03
-1.0336264648e+03
-5.7418052673e+01
1.0259393311e+03
-1.9518746338e+03
-8.0704022217e+02
5.7103088379e+01
9.8176684570e+02
-1.9517769775e+03
-8.0693310547e+02
5.7158954620e+01
9.8180920410e+02
-1.7935915527e+03
-1.0333332520e+03
-5.7197395325e+01
1.0260222168e+03
-1.9250001221e+03
-7.0356677246e+02
2.3652049255e+02
9.4020422363e+02
-1.8125798340e+03
-1.0976427002e+03
-1.3963854980e+02
1.0513773193e+03
-1.8724014893e+03
-7.3274127197e+02
2.1628256226e+02
9.8092718506e+02
-1.8135417480e+03
-9.9580761719e+02
-4.2374069214e+01
1.0485043945e+03
-1.8374978027e+03
-7.9032189941e+02
1.6050007629e+02
1.0182357178e+03
-1.8034147949e+03
-9.1405670166e+02
3.8488025665e+01
1.0563229980e+03
-1.8059533691e+03
-8.1147637939e+02
1.4004107666e+02
1.0519555664e+03
-1.7855992432e+03
-8.5896081543e+02
9.3361755371e+01
1.0738687744e+03
-1.7792075195e+03
-8.1470941162e+02
1.3689028931e+02
1.0794176025e+03
-1.7667519531e+03
-8.2432000732e+02
1.2591117859e+02
1.0889580078e+03
-1.8963085938e+03
-8.5633959961e+02
1.7820979309e+02
1.2139418945e+03
-1.9079632568e+03
-8.8161779785e+02
1.5523461914e+02
1.2063802490e+03
-1.9245833740e+03
-8.6128179932e+02
1.7530836487e+02
1.1888090820e+03
-1.9278543701e+03
-9.2540844727e+02
1.1135157013e+02
1.1847854004e+03
-1.9504996338e+03
-8.5529028320e+02
1.7993141174e+02
1.1584715576e+03
-1.9405950928e+03
-9.8285333252e+02
5.3079227448e+01
1.1696926270e+03
-1.9775328369e+03
-8.2653479004e+02
2.0736158752e+02
1.1266143799e+03
-1.9458660889e+03
-1.0561103516e+03
-2.0534822464e+01
1.1642705078e+03
-2.0060587158e+03
-7.9021191406e+02
2.4240357971e+02
1.0955401611e+03
-1.9353516846e+03
-1.0753314209e+03
-3.8646045685e+01
1.1662541504e+03
-2.0229727783e+03
-8.7039410400e+02
1.5548802185e+02
1.1039298096e+03
-1.9187283936e+03
-1.0146715698e+03
6.6986648560e+01
1.1422458496e+03
-1.9186093750e+03
-1.0146024170e+03
6.7050361633e+01
1.1422790527e+03
-2.0225980225e+03
-8.7015478516e+02
1.5565040588e+02
1.1040463867e+03
-1.9347907715e+03
-1.0748342285e+03
-3.8280548096e+01
1.1664396973e+03
-2.0052409668e+03
-7.8962207031e+02
2.4281234741e+02
1.0958111572e+03
-1.9448250732e+03
-1.0552768555e+03
-1.9933483124e+01
1.1646104736e+03
-1.9762681885e+03
-8.2556829834e+02
2.0804869080e+02
1.1270450439e+03
-1.9390969238e+03
-9.8168103027e+02
5.3921104431e+01
1.1701928711e+03
-1.9487901611e+03
-8.5396563721e+02
1.8088372803e+02
1.1590643311e+03
-1.9259213867e+03
-9.2390167236e+02
1.1243959808e+02
1.1854562988e+03
-1.9224531250e+03
-8.5962792969e+02
1.7651092529e+02
1.1895740967e+03
-1.9056480713e+03
-8.7982666016e+02
1.5654719543e+02
1.2072419434e+03
-1.8938652344e+03
-8.5446948242e+02
1.7959204102e+02
1.2149024658e+03
-1.9917236328e+03
-8.8808721924e+02
2.1354965210e+02
1.3208455811e+03
-2.0108104248e+03
-8.8987969971e+02
2.1412944031e+02
1.3061655273e+03
-2.0207523193e+03
-9.3187561035e+02
1.7250726318e+02
1.2956403809e+03
-2.0391351318e+03
-8.9729504395e+02
2.0582511902e+02
1.2740115967e+03
-2.0387414551e+03
-9.7907409668e+02
1.2386944580e+02
1.2728747559e+03
-2.0638635254e+03
-8.8814758301e+02
2.1310734558e+02
1.2429412842e+03
-2.0485285645e+03
-1.0342233887e+03
6.7068405151e+01
1.2594720459e+03
-2.0863864746e+03
-8.6457299805e+02
2.3576271057e+02
1.2149949951e+03
-2.0496481934e+03
-1.0747802734e+03
2.4323837280e+01
1.2555894775e+03
-2.1057663574e+03
-8.8411816406e+02
2.1729106140e+02
1.1972634277e+03
-2.0571906738e+03
-1.0206182251e+03
7.8093482971e+01
1.2335762939e+03
-2.1226525879e+03
-9.3146875000e+02
1.4775205994e+02
1.1998413086e+03
-2.1225209961e+03
-9.3135424805e+02
1.4782609558e+02
1.1998826904e+03
-2.0568276367e+03
-1.0203013306e+03
7.8324913025e+01
1.2337120361e+03
-2.1051076660e+03
-8.8365008545e+02
2.1761747742e+02
1.1974838867e+03
-2.0487543945e+03
-1.0740527344e+03
2.4855993271e+01
1.2558907471e+03
-2.0852387695e+03
-8.6369818115e+02
2.3638653564e+02
1.2153985596e+03
-2.0471185303e+03
-1.0331130371e+03
6.7872390747e+01
1.2599510498e+03
-2.0622187500e+03
-8.8686865234e+02
2.1403193665e+02
1.2435286865e+03
-2.0368383789e+03
-9.7758294678e+02
1.2495278168e+02
1.2735447998e+03
-2.0370047607e+03
-8.9562915039e+02
2.0704086304e+02
1.2747902832e+03
-2.0183879395e+03
-9.3002398682e+02
1.7386781311e+02
1.2965152588e+03
-2.0082492676e+03
-8.8788146973e+02
2.1561221313e+02
1.3071614990e+03
-1.9890106201e+03
-8.8598065186e+02
2.1513073730e+02
1.3219583740e+03
-2.0608618164e+03
-8.9816210938e+02
2.5244213867e+02
1.3993906250e+03
-2.0795517578e+03
-9.2867437744e+02
2.2484857178e+02
1.3857795410e+03
-2.0983339844e+03
-9.1926507568e+02
2.3403585815e+02
1.3654952393e+03
-2.1053032227e+03
-9.7407220459e+02
1.7868763733e+02
1.3560936279e+03
-2.1249838867e+03
-9.2508709717e+02
2.2617401123e+02
1.3320004883e+03
-2.1207827148e+03
-1.0202745361e+03
1.3033468628e+02
1.3345085449e+03
-2.1472290039e+03
-9.1639562988e+02
2.3316217041e+02
1.3030722656e+03
-2.1285917969e+03
-1.0622357178e+03
8.5937683105e+01
1.3223756104e+03
-2.1658935547e+03
-9.1611193848e+02
2.3374700928e+02
1.2802727051e+03
-2.1344157715e+03
-1.0558176270e+03
8.8507987976e+01
1.3116921387e+03
-2.1671586914e+03
-9.7164562988e+02
1.8058424377e+02
1.2815291748e+03
-2.1263266602e+03
-1.0281535645e+03
1.2088390350e+02
1.3101242676e+03
-2.1261982422e+03
-1.0280502930e+03
1.2095777893e+02
1.3101831055e+03
-2.1667145996e+03
-9.7132415771e+02
1.8081263733e+02
1.2816662598e+03
-2.1337255859e+03
-1.0552495117e+03
8.8928016663e+01
1.3119382324e+03
-2.1649118652e+03
-9.1536431885e+02
2.3428074646e+02
1.2806273193e+03
-2.1273232422e+03
-1.0612314453e+03
8.6671798706e+01
1.3228133545e+03
-2.1457043457e+03
-9.1520581055e+02
2.3402668762e+02
1.3036348877e+03
-2.1189645996e+03
-1.0188452148e+03
1.3137895203e+02
1.3351563721e+03
-2.1229165039e+03
-9.2346246338e+02
2.2736575317e+02
1.3327729492e+03
-2.1029609375e+03
-9.7222711182e+02
1.8004646301e+02
1.3569665527e+03
-2.0957534180e+03
-9.1723095703e+02
2.3554678345e+02
1.3664941406e+03
-2.0767421875e+03
-9.2645922852e+02
2.2651097107e+02
1.3869072266e+03
-2.0578842773e+03
-8.9581622314e+02
2.5422956848e+02
1.4006646729e+03
-2.1013625488e+03
-9.1259143066e+02
2.6810263062e+02
1.4496730957e+03
-2.1248488770e+03
-9.2308813477e+02
2.6053051758e+02
1.4313173828e+03
-2.1385859375e+03
-9.6235943604e+02
2.2136474609e+02
1.4164465332e+03
-2.1567800293e+03
-9.4143310547e+02
2.4112496948e+02
1.3944757080e+03
-2.1605595703e+03
-1.0056565552e+03
1.7587361145e+02
1.3876044922e+03
-2.1808366699e+03
-9.4572930908e+02
2.3460377502e+02
1.3627353516e+03
-2.1736933594e+03
-1.0453413086e+03
1.3361206055e+02
1.3681304932e+03
-2.1999453125e+03
-9.4536865234e+02
2.3388607788e+02
1.3377530518e+03
-2.1808959961e+03
-1.0629298096e+03
1.1294078827e+02
1.3562413330e+03
-2.2080729980e+03
-9.7271337891e+02
2.0798373413e+02
1.3263839111e+03
-2.1931181641e+03
-1.0326600342e+03
1.3776933289e+02
1.3414771729e+03
-2.2187978516e+03
-1.0004794922e+03
1.8573356628e+02
1.3142713623e+03
-2.2186213379e+03
-1.0003621826e+03
1.8583227539e+02
1.3143070068e+03
-2.1926833496e+03
-1.0322994385e+03
1.3803939819e+02
1.3416575928e+03
-2.2073041992e+03
-9.7212475586e+02
2.0840385437e+02
1.3266623535e+03
-2.1798249512e+03
-1.0620795898e+03
1.1357049561e+02
1.3566193848e+03
-2.1985957031e+03
-9.4430834961e+02
2.3466017151e+02
1.3382718506e+03
-2.1720144043e+03
-1.0440190430e+03
1.3458520508e+02
1.3687349854e+03
-2.1788925781e+03
-9.4419274902e+02
2.3573745728e+02
1.3634844971e+03
-2.1583020020e+03
-1.0038721924e+03
1.7719429016e+02
1.3884548340e+03
-2.1542570801e+03
-9.3943206787e+02
2.4261523438e+02
1.3954667969e+03
-2.1357814941e+03
-9.6013171387e+02
2.2303607178e+02
1.4175614014e+03
-2.1218073730e+03
-9.2066467285e+02
2.6237213135e+02
1.4325900879e+03
-2.0981230469e+03
-9.0999670410e+02
2.7010891724e+02
1.4511149902e+03
-2.1161154785e+03
-9.1051208496e+02
2.8076788330e+02
1.4668723145e+03
-2.1380288086e+03
-9.4171539307e+02
2.5267744446e+02
1.4504395752e+03
-2.1574033203e+03
-9.4049523926e+02
2.5381993103e+02
1.4293499756e+03
-2.1672231445e+03
-9.8586645508e+02
2.0741168213e+02
1.4164173584e+03
-2.1846574707e+03
-9.5534063721e+02
2.3677604675e+02
1.3944101562e+03
-2.1854982910e+03
-1.0240111084e+03
1.6656275940e+02
1.3905167236e+03
-2.2053615723e+03
-9.6102264404e+02
2.2916539001e+02
1.3665393066e+03
-2.1964218750e+03
-1.0505266113e+03
1.3734124756e+02
1.3734899902e+03
-2.2192170410e+03
-9.7440722656e+02
2.1529130554e+02
1.3479357910e+03
-2.2075764160e+03
-1.0448645020e+03
1.3967477417e+02
1.3589683838e+03
-2.2195561523e+03
-1.0095203247e+03
1.8433905029e+02
1.3425175781e+03
-2.2054846191e+03
-1.0297347412e+03
1.4125532532e+02
1.3639927979e+03
-2.2053605957e+03
-1.0295919189e+03
1.4133094788e+02
1.3640872803e+03
-2.2190424805e+03
-1.0091279907e+03
1.8461576843e+02
1.3426856689e+03
-2.2067607422e+03
-1.0442174072e+03
1.4016604614e+02
1.3592735596e+03
-2.2180930176e+03
-9.7351275635e+02
2.1594624329e+02
1.3483885498e+03
-2.1949348145e+03
-1.0493568115e+03
1.3821089172e+02
1.3740300293e+03
-2.2036008301e+03
-9.5961767578e+02
2.3020968628e+02
1.3672492676e+03
-2.1833818359e+03
-1.0223352051e+03
1.6781159973e+02
1.3913244629e+03
-2.1822602539e+03
-9.5342700195e+02
2.3821006775e+02
1.3953781738e+03
-2.1645014648e+03
-9.8369512939e+02
2.0904524231e+02
1.4175090332e+03
-2.1544047852e+03
-9.3809020996e+02
2.5564698792e+02
1.4306026611e+03
-2.1347568359e+03
-9.3907678223e+02
2.5470767212e+02
1.4518569336e+03
-2.1126254883e+03
-9.0766656494e+02
2.8300292969e+02
1.4684959717e+03
-2.1029074707e+03
-9.1157946777e+02
2.7062881470e+02
1.4529310303e+03
-2.1264921875e+03
-9.2515734863e+02
2.6014886475e+02
1.4346141357e+03
-2.1414387207e+03
-9.5907971191e+02
2.2613143921e+02
1.4183729248e+03
-2.1581748047e+03
-9.4837054443e+02
2.3589640808e+02
1.3976981201e+03
-2.1646027832e+03
-9.9693151855e+02
1.8577120972e+02
1.3876523438e+03
-2.1808669434e+03
-9.6088769531e+02
2.2107650757e+02
1.3669200439e+03
-2.1793916016e+03
-1.0264459229e+03
1.5346946716e+02
1.3655937500e+03
-2.1974460449e+03
-9.7146435547e+02
2.0896247864e+02
1.3443120117e+03
-2.1896853027e+03
-1.0370360107e+03
1.4045715332e+02
1.3500391846e+03
-2.2032434082e+03
-9.9456848145e+02
1.8598056030e+02
1.3338787842e+03
-2.2006127930e+03
-1.0230339355e+03
1.4857173157e+02
1.3395560303e+03
-2.2100124512e+03
-1.0142037354e+03
1.8231713867e+02
1.3181262207e+03
-2.2097797852e+03
-1.0140927124e+03
1.8245201111e+02
1.3181446533e+03
-2.2001154785e+03
-1.0226312866e+03
1.4889588928e+02
1.3397800293e+03
-2.2023859863e+03
-9.9387249756e+02
1.8648370361e+02
1.3342343750e+03
-2.1884428711e+03
-1.0360651855e+03
1.4119139099e+02
1.3504948730e+03
-2.1959262695e+03
-9.7023101807e+02
2.0988734436e+02
1.3449667969e+03
-2.1774682617e+03
-1.0249239502e+03
1.5461480713e+02
1.3663364258e+03
-2.1786591797e+03
-9.5910784912e+02
2.2242175293e+02
1.3678515625e+03
-2.1620283203e+03
-9.9487091064e+02
1.8733279419e+02
1.3887037354e+03
-2.1553022461e+03
-9.4605108643e+02
2.3766613770e+02
1.3989256592e+03
-2.1382392578e+03
-9.5649114990e+02
2.2812255859e+02
1.4197551270e+03
-2.1230156250e+03
-9.2231378174e+02
2.6236929321e+02
1.4361954346e+03
-2.0991757812e+03
-9.0847619629e+02
2.7310583496e+02
1.4547464600e+03
-2.0639719238e+03
-8.9881048584e+02
2.5489736938e+02
1.4060456543e+03
-2.0846296387e+03
-9.2544354248e+02
2.3127024841e+02
1.3908173828e+03
-2.1020939941e+03
-9.2807775879e+02
2.2866921997e+02
1.3715488281e+03
-2.1124645996e+03
-9.6348449707e+02
1.9195918274e+02
1.3579636230e+03
-2.1269135742e+03
-9.4619256592e+02
2.0839097595e+02
1.3388984375e+03
-2.1305625000e+03
-9.9385949707e+02
1.5874612427e+02
1.3319660645e+03
-2.1450371094e+03
-9.5844104004e+02
1.9408651733e+02
1.3134685059e+03
-2.1424431152e+03
-1.0123552246e+03
1.3779629517e+02
1.3136743164e+03
-2.1560380859e+03
-9.7420550537e+02
1.7700006104e+02
1.2974934082e+03
-2.1532563477e+03
-1.0113107910e+03
1.3652687073e+02
1.2995451660e+03
-2.1577597656e+03
-9.9647058105e+02
1.5833628845e+02
1.2895356445e+03
-2.1540136719e+03
-1.0021204224e+03
1.2740456390e+02
1.3052309570e+03
-2.1539143066e+03
-1.0019296875e+03
1.2746955109e+02
1.3053806152e+03
-2.1571894531e+03
-9.9600781250e+02
1.5864897156e+02
1.2897486572e+03
-2.1523168945e+03
-1.0105876465e+03
1.3710023499e+02
1.2999033203e+03
-2.1548115234e+03
-9.7317974854e+02
1.7777430725e+02
1.2980728760e+03
-2.1407583008e+03
-1.0110308838e+03
1.3880653381e+02
1.3143261719e+03
-2.1430810547e+03
-9.5683734131e+02
1.9531250000e+02
1.3143508301e+03
-2.1281899414e+03
-9.9195642090e+02
1.6020405579e+02
1.3329571533e+03
-2.1242363281e+03
-9.4401086426e+02
2.1007127380e+02
1.3400906982e+03
-2.1094187012e+03
-9.6100958252e+02
1.9387388611e+02
1.3593052979e+03
-2.0987355957e+03
-9.2532226562e+02
2.3082260132e+02
1.3730904541e+03
-2.0809543457e+03
-9.2239276123e+02
2.3368963623e+02
1.3925643311e+03
-2.0600170898e+03
-8.9545037842e+02
2.5762673950e+02
1.4080709229e+03
-1.9983828125e+03
-8.8699987793e+02
2.1934388733e+02
1.3292388916e+03
-2.0179859619e+03
-8.9795996094e+02
2.1133161926e+02
1.3145817871e+03
-2.0313652344e+03
-9.2413281250e+02
1.8494909668e+02
1.2999709473e+03
-2.0450190430e+03
-9.1932537842e+02
1.8899949646e+02
1.2823881836e+03
-2.0519626465e+03
-9.5420312500e+02
1.5234907532e+02
1.2719783936e+03
-2.0641213379e+03
-9.3407098389e+02
1.7201290894e+02
1.2552617188e+03
-2.0658034668e+03
-9.7593951416e+02
1.2792856598e+02
1.2510493164e+03
-2.0774284668e+03
-9.4730609131e+02
1.5698197937e+02
1.2358049316e+03
-2.0758674316e+03
-9.8419238281e+02
1.1780185699e+02
1.2358535156e+03
-2.0827287598e+03
-9.6445312500e+02
1.3922196960e+02
1.2260322266e+03
-2.0840573730e+03
-9.7863433838e+02
1.1829644775e+02
1.2277542725e+03
-2.0873408203e+03
-9.7862670898e+02
1.4157379150e+02
1.2115578613e+03
-2.0870363770e+03
-9.7853387451e+02
1.4175814819e+02
1.2115388184e+03
-2.0834997559e+03
-9.7820343018e+02
1.1868979645e+02
1.2280172119e+03
-2.0818291016e+03
-9.6366070557e+02
1.3980384827e+02
1.2265023193e+03
-2.0744611816e+03
-9.8310900879e+02
1.1864688873e+02
1.2363850098e+03
-2.0757861328e+03
-9.4591735840e+02
1.5805842590e+02
1.2366270752e+03
-2.0636777344e+03
-9.7423773193e+02
1.2925270081e+02
1.2519544678e+03
-2.0617036133e+03
-9.3207037354e+02
1.7357347107e+02
1.2564075928e+03
-2.0491315918e+03
-9.5189257812e+02
1.5415820312e+02
1.2732661133e+03
-2.0418635254e+03
-9.1671478271e+02
1.9105593872e+02
1.2838911133e+03
-2.0278422852e+03
-9.2120996094e+02
1.8727183533e+02
1.3016640625e+03
-2.0141468506e+03
-8.9471392822e+02
2.1395278931e+02
1.3165196533e+03
-1.9942197266e+03
-8.8338085938e+02
2.2233734131e+02
1.3314869385e+03
-1.9084476318e+03
-8.6314056396e+02
1.7803814697e+02
1.2229418945e+03
-1.9240828857e+03
-8.8088366699e+02
1.6296090698e+02
1.2122990723e+03
-1.9375446777e+03
-8.8330267334e+02
1.6062174988e+02
1.1970314941e+03
-1.9463491211e+03
-9.0872888184e+02
1.3384878540e+02
1.1853270264e+03
-1.9570517578e+03
-8.9941650391e+02
1.4250398254e+02
1.1700516357e+03
-1.9614715576e+03
-9.3107525635e+02
1.0880313873e+02
1.1628869629e+03
-1.9710611572e+03
-9.1225585938e+02
1.2766799927e+02
1.1488632812e+03
-1.9720167236e+03
-9.4425866699e+02
9.3438873291e+01
1.1465656738e+03
-1.9794129639e+03
-9.2572747803e+02
1.1267156982e+02
1.1354929199e+03
-1.9804082031e+03
-9.4570440674e+02
9.0059677124e+01
1.1347208252e+03
-1.9818664551e+03
-9.4031427002e+02
1.0093140411e+02
1.1279733887e+03
-1.9814691162e+03
-9.4032348633e+02
7.9395019531e+01
1.1390932617e+03
-1.9814219971e+03
-9.4008001709e+02
7.9440933228e+01
1.1393298340e+03
-1.9812773438e+03
-9.3977502441e+02
1.0126788330e+02
1.1282628174e+03
-1.9793288574e+03
-9.4491448975e+02
9.0722106934e+01
1.1351101074e+03
-1.9781458740e+03
-9.2458837891e+02
1.1356642151e+02
1.1362452393e+03
-1.9701689453e+03
-9.4279864502e+02
9.4599090576e+01
1.1473487549e+03
-1.9689649658e+03
-9.1047515869e+02
1.2907862854e+02
1.1499528809e+03
-1.9589057617e+03
-9.2897259521e+02
1.1047886658e+02
1.1641000977e+03
-1.9541654053e+03
-8.9699664307e+02
1.4443756104e+02
1.1715113525e+03
-1.9430588379e+03
-9.0598333740e+02
1.3605487061e+02
1.1869672852e+03
-1.9339106445e+03
-8.8022894287e+02
1.6311447144e+02
1.1989150391e+03
-1.9200910645e+03
-8.7744604492e+02
1.6579173279e+02
1.2144334717e+03
-1.9041041260e+03
-8.5926910400e+02
1.8130432129e+02
1.2254349365e+03
-1.7946110840e+03
-8.3814801025e+02
1.2128227997e+02
1.0909396973e+03
-1.8073046875e+03
-8.4216284180e+02
1.1980300903e+02
1.0824873047e+03
-1.8170893555e+03
-8.5920300293e+02
1.0251757050e+02
1.0717102051e+03
-1.8265748291e+03
-8.5657678223e+02
1.0454115295e+02
1.0584942627e+03
-1.8324063721e+03
-8.7995544434e+02
7.9453094482e+01
1.0498624268e+03
-1.8404027100e+03
-8.6910290527e+02
9.0010971069e+01
1.0371986084e+03
-1.8433483887e+03
-8.9492199707e+02
6.2056758881e+01
1.0328433838e+03
-1.8497435303e+03
-8.8058343506e+02
7.6867301941e+01
1.0217695312e+03
-1.8514080811e+03
-9.0131372070e+02
5.3972187042e+01
1.0205607910e+03
-1.8540885010e+03
-8.9261077881e+02
6.4406700134e+01
1.0134489136e+03
-1.8568184814e+03
-8.9874743652e+02
5.2010704041e+01
1.0140427246e+03
-1.8578073730e+03
-9.0207452393e+02
6.7707580566e+01
1.0024102173e+03
-1.8574130859e+03
-9.0199835205e+02
6.7939727783e+01
1.0023250732e+03
-1.8561740723e+03
-8.9831042480e+02
5.2488296509e+01
1.0143169556e+03
-1.8532373047e+03
-8.9173559570e+02
6.5070884705e+01
1.0141092529e+03
-1.8498465576e+03
-9.0013311768e+02
5.4938167572e+01
1.0211674805e+03
-1.8480357666e+03
-8.7905773926e+02
7.8096298218e+01
1.0227984009e+03
-1.8410843506e+03
-8.9306878662e+02
6.3572395325e+01
1.0339530029e+03
-1.8378474121e+03
-8.6691143799e+02
9.1794906616e+01
1.0386064453e+03
-1.8294047852e+03
-8.7743054199e+02
8.1522361755e+01
1.0514425049e+03
-1.8232292480e+03
-8.5371319580e+02
1.0689683533e+02
1.0603327637e+03
-1.8133441162e+03
-8.5598529053e+02
1.0518823242e+02
1.0737808838e+03
-1.8032066650e+03
-8.3854864502e+02
1.2284748840e+02
1.0848519287e+03
-1.7901120605e+03
-8.3403063965e+02
1.2482982635e+02
1.0936959229e+03
-1.6593608398e+03
-8.0248699951e+02
6.0291572571e+01
9.3520404053e+02
-1.6676878662e+03
-8.0895257568e+02
5.5966442108e+01
9.3108776855e+02
-1.6760355225e+03
-8.0834906006e+02
5.6659549713e+01
9.2105389404e+02
-1.6820078125e+03
-8.2451464844e+02
3.9287811279e+01
9.1286584473e+02
-1.6887186279e+03
-8.1909967041e+02
4.4234199524e+01
9.0184265137e+02
-1.6926125488e+03
-8.3892724609e+02
2.2533840179e+01
8.9630065918e+02
-1.6978795166e+03
-8.2916632080e+02
3.2520137787e+01
8.8610284424e+02
-1.7005812988e+03
-8.4761315918e+02
1.1881298065e+01
8.8401452637e+02
-1.7032030029e+03
-8.3887744141e+02
2.1685224533e+01
8.7569958496e+02
-1.7063129883e+03
-8.4928649902e+02
8.0609207153e+00
8.7555920410e+02
-1.7052645264e+03
-8.4947137451e+02
1.4165516853e+01
8.7048370361e+02
-1.7062913818e+03
-8.4603259277e+02
-4.7154411674e-01
8.7793017578e+02
-1.7063227539e+03
-8.4576739502e+02
-4.1436395049e-01
8.7828961182e+02
-1.7047568359e+03
-8.4884771729e+02
1.4523746490e+01
8.7093267822e+02
-1.7050378418e+03
-8.4843890381e+02
8.8160114288e+00
8.7592309570e+02
-1.7019732666e+03
-8.3764019775e+02
2.2700246811e+01
8.7668530273e+02
-1.6986346436e+03
-8.4604907227e+02
1.3212481499e+01
8.8497509766e+02
-1.6957144775e+03
-8.2723583984e+02
3.4124542236e+01
8.8745135498e+02
-1.6899448242e+03
-8.3666125488e+02
2.4444868088e+01
8.9780090332e+02
-1.6857221680e+03
-8.1648193359e+02
4.6437065125e+01
9.0363964844e+02
-1.6785872803e+03
-8.2154382324e+02
4.1804817200e+01
9.1488513184e+02
-1.6722478027e+03
-8.0500506592e+02
5.9512668610e+01
9.2336480713e+02
-1.6635075684e+03
-8.0517462158e+02
5.9233840942e+01
9.3369982910e+02
-1.6547498779e+03
-7.9814013672e+02
6.4126823425e+01
9.3825561523e+02
-1.5042023926e+03
-7.6406817627e+02
-1.1176313400e+01
7.5990710449e+02
-1.5087766113e+03
-7.5911328125e+02
-4.2949228287e+00
7.5853985596e+02
-1.5141269531e+03
-7.6703186035e+02
-1.2435000420e+01
7.5260321045e+02
-1.5192531738e+03
-7.6417919922e+02
-9.9990501404e+00
7.4422485352e+02
-1.5232283936e+03
-7.7838067627e+02
-2.5652715683e+01
7.3855938721e+02
-1.5274416504e+03
-7.7227050781e+02
-1.9600181580e+01
7.2980834961e+02
-1.5305794678e+03
-7.8734460449e+02
-3.6665679932e+01
7.2694012451e+02
-1.5327645264e+03
-7.8036712646e+02
-2.8771749496e+01
7.1887249756e+02
-1.5364998779e+03
-7.9153027344e+02
-4.2571842194e+01
7.1882049561e+02
-1.5353088379e+03
-7.8815570068e+02
-3.6132465363e+01
7.1222601318e+02
-1.5401358643e+03
-7.8810394287e+02
-4.4362041473e+01
7.1325805664e+02
-1.5384003906e+03
-7.9532659912e+02
-3.3641025543e+01
7.0608160400e+02
-1.5379207764e+03
-7.9519354248e+02
-3.3440311432e+01
7.0592022705e+02
-1.5392873535e+03
-7.8768353271e+02
-4.3804683685e+01
7.1344531250e+02
-1.5346707764e+03
-7.8722186279e+02
-3.5371578217e+01
7.1321844482e+02
-1.5348262939e+03
-7.9028863525e+02
-4.1450954437e+01
7.1953601074e+02
-1.5310538330e+03
-7.7872100830e+02
-2.7387018204e+01
7.2015673828e+02
-1.5282756348e+03
-7.8537756348e+02
-3.4934490204e+01
7.2832989502e+02
-1.5248541260e+03
-7.6992956543e+02
-1.7570983887e+01
7.3155969238e+02
-1.5201859131e+03
-7.7568994141e+02
-2.3295005798e+01
7.4053277588e+02
-1.5158587646e+03
-7.6111737061e+02
-7.3140058517e+00
7.4650836182e+02
-1.5103165283e+03
-7.6357916260e+02
-9.3842096329e+00
7.5517199707e+02
-1.5045831299e+03
-7.5519409180e+02
-7.9525798559e-01
7.6145520020e+02
-1.4995285645e+03
-7.5951397705e+02
-7.0458569527e+00
7.6329052734e+02
-1.3317435303e+03
-7.1621643066e+02
-8.4433082581e+01
5.6783898926e+02
-1.3323692627e+03
-7.1149584961e+02
-7.8244750977e+01
5.7032501221e+02
-1.3357110596e+03
-7.0682226562e+02
-7.3470535278e+01
5.6558972168e+02
-1.3386665039e+03
-7.1522662354e+02
-8.2794197083e+01
5.6145330811e+02
-1.3418491211e+03
-7.1123168945e+02
-7.8996025085e+01
5.5459045410e+02
-1.3447656250e+03
-7.2263885498e+02
-9.1979850769e+01
5.5154071045e+02
-1.3465556641e+03
-7.1745086670e+02
-8.6161911011e+01
5.4459051514e+02
-1.3501297607e+03
-7.2730426025e+02
-9.8436470032e+01
5.4414227295e+02
-1.3486590576e+03
-7.2364227295e+02
-9.2500236511e+01
5.3735131836e+02
-1.3545218506e+03
-7.2852777100e+02
-1.0217383575e+02
5.3994580078e+02
-1.3488004150e+03
-7.3323132324e+02
-9.6999740601e+01
5.3546453857e+02
-1.3545297852e+03
-7.2230242920e+02
-1.0701172638e+02
5.3839129639e+02
-1.3546141357e+03
-7.2218420410e+02
-1.0676596832e+02
5.3885632324e+02
-1.3486551514e+03
-7.3253118896e+02
-9.6571342468e+01
5.3629974365e+02
-1.3529578857e+03
-7.2763299561e+02
-1.0131338501e+02
5.4019897461e+02
-1.3475224609e+03
-7.2230181885e+02
-9.1388999939e+01
5.3860943604e+02
-1.3482064209e+03
-7.2568859863e+02
-9.6893852234e+01
5.4537731934e+02
-1.3444411621e+03
-7.1541461182e+02
-8.4332977295e+01
5.4629650879e+02
-1.3421530762e+03
-7.2026306152e+02
-8.9791015625e+01
5.5346130371e+02
-1.3389114990e+03
-7.0847796631e+02
-7.6476982117e+01
5.5686926270e+02
-1.3353111572e+03
-7.1209912109e+02
-7.9915138245e+01
5.6401922607e+02
-1.3319798584e+03
-7.0328613281e+02
-7.0203788757e+01
5.6850671387e+02
-1.3282249756e+03
-7.0746411133e+02
-7.4492416382e+01
5.7360125732e+02
-1.3270898438e+03
-7.1149127197e+02
-7.9997642517e+01
5.7162109375e+02
-1.1442572021e+03
-6.6471612549e+02
-1.6335256958e+02
3.6312722778e+02
-1.1414049072e+03
-6.5142083740e+02
-1.4888150024e+02
3.6788290405e+02
-1.1427542725e+03
-6.5168719482e+02
-1.4929525757e+02
3.6651214600e+02
-1.1442680664e+03
-6.4770025635e+02
-1.4546003723e+02
3.6260046387e+02
-1.1465368652e+03
-6.5514685059e+02
-1.5395019531e+02
3.6013119507e+02
-1.1478670654e+03
-6.5126373291e+02
-1.4972331238e+02
3.5485879517e+02
-1.1508978271e+03
-6.5932244873e+02
-1.5965107727e+02
3.5410540771e+02
-1.1499208984e+03
-6.5619842529e+02
-1.5465980530e+02
3.4822918701e+02
-1.1555031738e+03
-6.6094689941e+02
-1.6333279419e+02
3.5029385376e+02
-1.1490068359e+03
-6.6028491211e+02
-1.5713766479e+02
3.4308755493e+02
-1.1601036377e+03
-6.5525042725e+02
-1.6511776733e+02
3.4590084839e+02
-1.1478599854e+03
-6.7499334717e+02
-1.5753334045e+02
3.4655718994e+02
-1.1474400635e+03
-6.7449255371e+02
-1.5769113159e+02
3.4645794678e+02
-1.1586751709e+03
-6.5484655762e+02
-1.6456034851e+02
3.4569488525e+02
-1.1487896729e+03
-6.5931781006e+02
-1.5628726196e+02
3.4457116699e+02
-1.1539188232e+03
-6.5974908447e+02
-1.6195066833e+02
3.5128930664e+02
-1.1483416748e+03
-6.5446966553e+02
-1.5308525085e+02
3.4988528442e+02
-1.1487429199e+03
-6.5730303955e+02
-1.5764964294e+02
3.5593978882e+02
-1.1454498291e+03
-6.4884497070e+02
-1.4738783264e+02
3.5713009644e+02
-1.1437025146e+03
-6.5237164307e+02
-1.5123123169e+02
3.6272180176e+02
-1.1411014404e+03
-6.4453607178e+02
-1.4235853577e+02
3.6558364868e+02
-1.1391906738e+03
-6.4810620117e+02
-1.4577090454e+02
3.6986953735e+02
-1.1374478760e+03
-6.4732128906e+02
-1.4483892822e+02
3.7165447998e+02
-1.1397475586e+03
-6.5987371826e+02
-1.5858778381e+02
3.6742178345e+02
-9.4465155029e+02
-6.0530584717e+02
-2.4146362305e+02
1.4889463806e+02
-9.3899700928e+02
-5.9188507080e+02
-2.2734371948e+02
1.5628637695e+02
-9.3846881104e+02
-5.8378820801e+02
-2.1915644836e+02
1.5580563354e+02
-9.3908856201e+02
-5.8652703857e+02
-2.2245719910e+02
1.5516583252e+02
-9.3971844482e+02
-5.8291296387e+02
-2.1870895386e+02
1.5182591248e+02
-9.4185009766e+02
-5.8867218018e+02
-2.2570190430e+02
1.5127310181e+02
-9.4127838135e+02
-5.8580541992e+02
-2.2151176453e+02
1.4699183655e+02
-9.4573419189e+02
-5.9019451904e+02
-2.2884606934e+02
1.4855253601e+02
-9.4101159668e+02
-5.9027203369e+02
-2.2424949646e+02
1.4265380859e+02
-9.5264941406e+02
-5.9052136230e+02
-2.3238735962e+02
1.4744262695e+02
-9.3560174561e+02
-5.9750921631e+02
-2.2326516724e+02
1.4188888550e+02
-9.6181304932e+02
-5.6443609619e+02
-2.2986361694e+02
1.3244102478e+02
-9.6163006592e+02
-5.6503582764e+02
-2.2885366821e+02
1.3267431641e+02
-9.3657501221e+02
-5.9680957031e+02
-2.2259403992e+02
1.4371954346e+02
-9.5093389893e+02
-5.8968182373e+02
-2.3127447510e+02
1.4774438477e+02
-9.3996276855e+02
-5.8878283691e+02
-2.2310676575e+02
1.4416598511e+02
-9.4400531006e+02
-5.8859735107e+02
-2.2705752563e+02
1.5018458557e+02
-9.3944604492e+02
-5.8374957275e+02
-2.1940260315e+02
1.4923233032e+02
-9.3962097168e+02
-5.8629724121e+02
-2.2314012146e+02
1.5389721680e+02
-9.3722967529e+02
-5.8015490723e+02
-2.1574255371e+02
1.5494302368e+02
-9.3625598145e+02
-5.8338818359e+02
-2.1906044006e+02
1.5871990967e+02
-9.3529656982e+02
-5.8022467041e+02
-2.1530134583e+02
1.5982762146e+02
-9.3542425537e+02
-5.8778625488e+02
-2.2293952942e+02
1.6076478577e+02
-9.4049774170e+02
-6.0042926025e+02
-2.3631660461e+02
1.5391612244e+02
-7.3637609863e+02
-5.4259149170e+02
-3.2090829468e+02
-7.0350898743e+01
-7.2828131104e+02
-5.2377923584e+02
-3.0175137329e+02
-6.1898796082e+01
-7.2682415771e+02
-5.1892437744e+02
-2.9707916260e+02
-6.0301338196e+01
-7.2580242920e+02
-5.1408190918e+02
-2.9229095459e+02
-6.1226325989e+01
-7.2676171875e+02
-5.1707843018e+02
-2.9613159180e+02
-6.1552223206e+01
-7.2590869141e+02
-5.1427697754e+02
-2.9272250366e+02
-6.4491081238e+01
-7.2857354736e+02
-5.1763806152e+02
-2.9827664185e+02
-6.3539566040e+01
-7.2458654785e+02
-5.1653442383e+02
-2.9399816895e+02
-6.7550903320e+01
-7.3237561035e+02
-5.1576367188e+02
-2.9955685425e+02
-6.3377704620e+01
-7.1715820312e+02
-5.2114526367e+02
-2.9370544434e+02
-6.7616539001e+01
-7.4636883545e+02
-5.1511413574e+02
-3.0778793335e+02
-6.2162025452e+01
-6.9430328369e+02
-5.6883282471e+02
-3.0196569824e+02
-3.8214122772e+01
-6.9481146240e+02
-5.6703881836e+02
-3.0336602783e+02
-3.7363128662e+01
-7.4343780518e+02
-5.1466851807e+02
-3.0739755249e+02
-6.3532005310e+01
-7.1699902344e+02
-5.1996258545e+02
-2.9309121704e+02
-6.6149032593e+01
-7.3123083496e+02
-5.1479351807e+02
-2.9780200195e+02
-6.1885334015e+01
-7.2360711670e+02
-5.1487951660e+02
-2.9207257080e+02
-6.5149978638e+01
-7.2716625977e+02
-5.1576184082e+02
-2.9577175903e+02
-6.0722232819e+01
-7.2434313965e+02
-5.1198812866e+02
-2.8982711792e+02
-6.1058147430e+01
-7.2488140869e+02
-5.1444812012e+02
-2.9278054810e+02
-5.7616920471e+01
-7.2364782715e+02
-5.1105960083e+02
-2.8849444580e+02
-5.6761451721e+01
-7.2431488037e+02
-5.1547253418e+02
-2.9280154419e+02
-5.5333126068e+01
-7.2537200928e+02
-5.1977984619e+02
-2.9690475464e+02
-5.6429172516e+01
-7.3284094238e+02
-5.3779028320e+02
-3.1532028198e+02
-6.4336631775e+01
-5.2348089600e+02
-4.7432873535e+02
-3.9644323730e+02
-2.9005245972e+02
-5.1418389893e+02
-4.5626037598e+02
-3.7849505615e+02
-2.8063717651e+02
-5.1139108276e+02
-4.4664434814e+02
-3.6897448730e+02
-2.7923721313e+02
-5.1060104370e+02
-4.4614105225e+02
-3.6914340210e+02
-2.7846875000e+02
-5.0939886475e+02
-4.4307559204e+02
-3.6594808960e+02
-2.8069650269e+02
-5.1070043945e+02
-4.4541830444e+02
-3.7011917114e+02
-2.8075158691e+02
-5.0733740234e+02
-4.4432321167e+02
-3.6737411499e+02
-2.8472460938e+02
-5.1225976562e+02
-4.4438330078e+02
-3.7277569580e+02
-2.8378601074e+02
-4.9923300171e+02
-4.4736828613e+02
-3.6891455078e+02
-2.8823370361e+02
-5.1954913330e+02
-4.3370581055e+02
-3.7273254395e+02
-2.8931271362e+02
-4.7040634155e+02
-4.4336080933e+02
-3.5586294556e+02
-2.8938320923e+02
-5.7099743652e+02
-3.6577203369e+02
-3.6618804932e+02
-3.3682107544e+02
-5.6852874756e+02
-3.6850698853e+02
-3.6319818115e+02
-3.3889001465e+02
-4.7381683350e+02
-4.4273434448e+02
-3.5483773804e+02
-2.8555798340e+02
-5.1998931885e+02
-4.3373809814e+02
-3.7012316895e+02
-2.8657937622e+02
-4.9989099121e+02
-4.4610906982e+02
-3.6683590698e+02
-2.8476693726e+02
-5.1218554688e+02
-4.4316574097e+02
-3.6999987793e+02
-2.8019427490e+02
-5.0717172241e+02
-4.4257601929e+02
-3.6441925049e+02
-2.8048062134e+02
-5.1010848999e+02
-4.4341766357e+02
-3.6669207764e+02
-2.7613040161e+02
-5.0853582764e+02
-4.4066262817e+02
-3.6215551758e+02
-2.7555294800e+02
-5.0935415649e+02
-4.4335327148e+02
-3.6489703369e+02
-2.7287619019e+02
-5.0976617432e+02
-4.4339846802e+02
-3.6426278687e+02
-2.7314694214e+02
-5.1210021973e+02
-4.5245758057e+02
-3.7321453857e+02
-2.7406158447e+02
-5.2073034668e+02
-4.6971530151e+02
-3.9044177246e+02
-2.8294235229e+02
-3.1031759644e+02
-4.0420910645e+02
-4.6863812256e+02
-5.0464385986e+02
-3.0026062012e+02
-3.8410131836e+02
-4.4881546021e+02
-4.9596560669e+02
-2.9796041870e+02
-3.7733566284e+02
-4.4271588135e+02
-4.9343554688e+02
-2.9626159668e+02
-3.7318572998e+02
-4.3816848755e+02
-4.9440194702e+02
-2.9699542236e+02
-3.7402960205e+02
-4.4075732422e+02
-4.9403762817e+02
-2.9463253784e+02
-3.7324673462e+02
-4.3853942871e+02
-4.9803710938e+02
-2.9891333008e+02
-3.7375659180e+02
-4.4347064209e+02
-4.9863119507e+02
-2.8903231812e+02
-3.7776065063e+02
-4.4263421631e+02
-5.0319689941e+02
-3.0947592163e+02
-3.7091073608e+02
-4.4847579956e+02
-5.1231768799e+02
-2.7074707031e+02
-3.8909405518e+02
-4.4857861328e+02
-5.0979629517e+02
-3.4131143188e+02
-3.4301089478e+02
-4.5144592285e+02
-5.4145513916e+02
-1.4320973206e+02
-4.2293112183e+02
-4.1301748657e+02
-4.5845001221e+02
-1.5189546204e+02
-4.1858724976e+02
-4.1556948853e+02
-4.4924057007e+02
-3.4263916016e+02
-3.4448333740e+02
-4.4713009644e+02
-5.3739367676e+02
-2.7296554565e+02
-3.8778100586e+02
-4.4680712891e+02
-5.0554141235e+02
-3.1094842529e+02
-3.7048675537e+02
-4.4555664062e+02
-5.0761868286e+02
-2.9053936768e+02
-3.7661349487e+02
-4.3976602173e+02
-4.9786987305e+02
-2.9968395996e+02
-3.7253430176e+02
-4.4000415039e+02
-4.9335031128e+02
-2.9514535522e+02
-3.7146600342e+02
-4.3491058350e+02
-4.9220632935e+02
-2.9694641113e+02
-3.7197021484e+02
-4.3661175537e+02
-4.8800048828e+02
-2.9584091187e+02
-3.7061929321e+02
-4.3369094849e+02
-4.8788613892e+02
-2.9703240967e+02
-3.7434924316e+02
-4.3772265625e+02
-4.8654553223e+02
-2.9886111450e+02
-3.8051715088e+02
-4.4330487061e+02
-4.8858337402e+02
-3.0821099854e+02
-3.9984973145e+02
-4.6243176270e+02
-4.9677239990e+02
-1.0015418243e+02
-3.3107241821e+02
-5.3385467529e+02
-7.1048937988e+02
-9.0953491211e+01
-3.1343612671e+02
-5.1688714600e+02
-7.0262982178e+02
-8.8801193237e+01
-3.0502343750e+02
-5.0885546875e+02
-7.0106378174e+02
-8.9023300171e+01
-3.0443206787e+02
-5.0800103760e+02
-7.0071020508e+02
-8.8915061951e+01
-3.0252355957e+02
-5.0655435181e+02
-7.0194958496e+02
-9.0470260620e+01
-3.0513189697e+02
-5.0905548096e+02
-7.0241375732e+02
-9.0758270264e+01
-3.0393890381e+02
-5.0832064819e+02
-7.0697271729e+02
-9.0587471008e+01
-3.0816180420e+02
-5.1373284912e+02
-7.0313812256e+02
-9.8278007507e+01
-3.0598379517e+02
-5.0946316528e+02
-7.2235528564e+02
-8.8389991760e+01
-3.1332086182e+02
-5.2239929199e+02
-6.9600866699e+02
-1.2269209290e+02
-2.9982116699e+02
-4.8853701782e+02
-7.5582348633e+02
-2.7382025719e+00
-2.7288952637e+02
-5.4933544922e+02
-6.0452075195e+02
-1.3714883804e+01
-2.6970346069e+02
-5.5273962402e+02
-5.9719799805e+02
-1.2580741119e+02
-3.0331539917e+02
-4.8594241333e+02
-7.5320349121e+02
-9.0580436707e+01
-3.1309698486e+02
-5.2173052979e+02
-6.9170507812e+02
-1.0021369934e+02
-3.0606362915e+02
-5.0701989746e+02
-7.1800695801e+02
-9.2263648987e+01
-3.0742953491e+02
-5.1123684692e+02
-6.9785931396e+02
-9.1734474182e+01
-3.0298361206e+02
-5.0507351685e+02
-7.0173864746e+02
-9.1145553589e+01
-3.0356460571e+02
-5.0557867432e+02
-6.9656817627e+02
-8.9032218933e+01
-3.0063345337e+02
-5.0251296997e+02
-6.9587591553e+02
-8.8763816833e+01
-3.0201806641e+02
-5.0360192871e+02
-6.9413458252e+02
-8.8042221069e+01
-3.0218414307e+02
-5.0393142700e+02
-6.9410437012e+02
-8.9732269287e+01
-3.1002056885e+02
-5.1146423340e+02
-6.9517834473e+02
-9.8256515503e+01
-3.2694421387e+02
-5.2780065918e+02
-7.0258319092e+02
1.0455971527e+02
-2.5785675049e+02
-5.9356982422e+02
-9.0555511475e+02
1.1256951141e+02
-2.4121206665e+02
-5.7799017334e+02
-8.9980480957e+02
1.1264289856e+02
-2.3631050110e+02
-5.7312469482e+02
-8.9856646729e+02
1.1202740479e+02
-2.3430555725e+02
-5.7059948730e+02
-8.9891961670e+02
1.0916859436e+02
-2.3606820679e+02
-5.7222094727e+02
-8.9856597900e+02
1.0832779694e+02
-2.3632478333e+02
-5.7133618164e+02
-9.0057000732e+02
1.0451442719e+02
-2.3839671326e+02
-5.7434405518e+02
-8.9862713623e+02
1.0518379974e+02
-2.3930923462e+02
-5.7205688477e+02
-9.0312377930e+02
1.0115731049e+02
-2.3956896973e+02
-5.7655755615e+02
-8.9344482422e+02
9.9594726562e+01
-2.3827917480e+02
-5.6425396729e+02
-9.0916668701e+02
1.0318740845e+02
-2.2657238770e+02
-5.6976544189e+02
-8.7217883301e+02
3.1598779678e+01
-2.2149153137e+02
-5.0935916138e+02
-9.4783386230e+02
3.4585605621e+01
-2.2447410583e+02
-5.0670336914e+02
-9.4941900635e+02
9.9741325378e+01
-2.2676521301e+02
-5.6956573486e+02
-8.6832604980e+02
9.8427726746e+01
-2.3936614990e+02
-5.6260156250e+02
-9.0691925049e+02
1.0004402161e+02
-2.3916047668e+02
-5.7524438477e+02
-8.9014294434e+02
1.0478034973e+02
-2.3875878906e+02
-5.6982330322e+02
-8.9964031982e+02
1.0424712372e+02
-2.3719635010e+02
-5.7179003906e+02
-8.9436407471e+02
1.0848254395e+02
-2.3478053284e+02
-5.6819140625e+02
-8.9586621094e+02
1.0959375000e+02
-2.3405926514e+02
-5.6863885498e+02
-8.9327075195e+02
1.1282121277e+02
-2.3189572144e+02
-5.6651629639e+02
-8.9313226318e+02
1.1379067230e+02
-2.3345062256e+02
-5.6856970215e+02
-8.9225512695e+02
1.1414276886e+02
-2.3786401367e+02
-5.7292724609e+02
-8.9301330566e+02
1.0671111298e+02
-2.5388388062e+02
-5.8797845459e+02
-8.9832965088e+02
3.0221047974e+02
-1.8422756958e+02
-6.4696716309e+02
-1.0897188721e+03
3.0774697876e+02
-1.7168388367e+02
-6.3581152344e+02
-1.0863311768e+03
3.0664123535e+02
-1.6739285278e+02
-6.3130004883e+02
-1.0870126953e+03
3.0335717773e+02
-1.6869946289e+02
-6.3212915039e+02
-1.0869458008e+03
3.0068426514e+02
-1.6977357483e+02
-6.3194732666e+02
-1.0887111816e+03
2.9591537476e+02
-1.7260026550e+02
-6.3472241211e+02
-1.0879432373e+03
2.9495916748e+02
-1.7443273926e+02
-6.3408209229e+02
-1.0905561523e+03
2.8910546875e+02
-1.7562457275e+02
-6.3737310791e+02
-1.0868756104e+03
2.9176165771e+02
-1.7829939270e+02
-6.3397076416e+02
-1.0925820312e+03
2.8537966919e+02
-1.7647085571e+02
-6.4106219482e+02
-1.0803659668e+03
2.8629745483e+02
-1.8939273071e+02
-6.3627026367e+02
-1.1000716553e+03
3.2435180664e+02
-2.0013009644e+02
-6.7624743652e+02
-1.0603508301e+03
3.2371264648e+02
-1.9822874451e+02
-6.7749786377e+02
-1.0595885010e+03
2.8910382080e+02
-1.8870666504e+02
-6.3559423828e+02
-1.1013769531e+03
2.8537918091e+02
-1.7530764771e+02
-6.4037628174e+02
-1.0787335205e+03
2.9254635620e+02
-1.7766636658e+02
-6.3238739014e+02
-1.0909877930e+03
2.8962310791e+02
-1.7437593079e+02
-6.3566149902e+02
-1.0843400879e+03
2.9583798218e+02
-1.7299980164e+02
-6.3178051758e+02
-1.0875572510e+03
2.9690051270e+02
-1.7076226807e+02
-6.3200445557e+02
-1.0842586670e+03
3.0193493652e+02
-1.6759802246e+02
-6.2873864746e+02
-1.0844675293e+03
3.0483703613e+02
-1.6614672852e+02
-6.2845977783e+02
-1.0821175537e+03
3.0842178345e+02
-1.6445478821e+02
-6.2716735840e+02
-1.0816560059e+03
3.0986889648e+02
-1.6832185364e+02
-6.3122235107e+02
-1.0804843750e+03
3.0482037354e+02
-1.8035617065e+02
-6.4193902588e+02
-1.0834851074e+03
4.9059411621e+02
-1.1288428497e+02
-6.9558929443e+02
-1.2621490479e+03
4.9377883911e+02
-1.0340614319e+02
-6.8772253418e+02
-1.2621773682e+03
4.9004611206e+02
-1.0280966187e+02
-6.8705023193e+02
-1.2640332031e+03
4.8608413696e+02
-1.0456533051e+02
-6.8783386230e+02
-1.2664105225e+03
4.8027148438e+02
-1.0841360474e+02
-6.9109197998e+02
-1.2674829102e+03
4.7701870728e+02
-1.1136890411e+02
-6.9232086182e+02
-1.2703927002e+03
4.7082800293e+02
-1.1450337982e+02
-6.9599322510e+02
-1.2697905273e+03
4.7059124756e+02
-1.1777243042e+02
-6.9585174561e+02
-1.2741190186e+03
4.6297726440e+02
-1.1839295959e+02
-7.0063037109e+02
-1.2704282227e+03
4.6724713135e+02
-1.2445290375e+02
-6.9806231689e+02
-1.2793282471e+03
4.6332089233e+02
-1.1730893707e+02
-7.0557891846e+02
-1.2682686768e+03
4.4353356934e+02
-1.0902517700e+02
-6.8316400146e+02
-1.2879545898e+03
4.4354660034e+02
-1.0974312592e+02
-6.8223999023e+02
-1.2877476807e+03
4.6209729004e+02
-1.1691766357e+02
-7.0509570312e+02
-1.2663944092e+03
4.6869485474e+02
-1.2384396362e+02
-6.9702178955e+02
-1.2788541260e+03
4.6362500000e+02
-1.1707460022e+02
-6.9946215820e+02
-1.2686951904e+03
4.7183450317e+02
-1.1645474243e+02
-6.9407751465e+02
-1.2721907959e+03
4.7205810547e+02
-1.1278701019e+02
-6.9391088867e+02
-1.2671995850e+03
4.7855606079e+02
-1.0939131927e+02
-6.8978826904e+02
-1.2673560791e+03
4.8198303223e+02
-1.0609851074e+02
-6.8815441895e+02
-1.2638902588e+03
4.8806362915e+02
-1.0192089844e+02
-6.8447332764e+02
-1.2623270264e+03
4.9228396606e+02
-9.9817840576e+01
-6.8327551270e+02
-1.2594545898e+03
4.9633639526e+02
-1.0004485321e+02
-6.8354821777e+02
-1.2571608887e+03
4.9356246948e+02
-1.0910835266e+02
-6.9104998779e+02
-1.2567854004e+03
6.6707952881e+02
-4.4123073578e+01
-7.3853546143e+02
-1.4213786621e+03
6.6702294922e+02
-3.9455085754e+01
-7.3577697754e+02
-1.4245812988e+03
6.6178875732e+02
-4.0722484589e+01
-7.3685534668e+02
-1.4290671387e+03
6.5495037842e+02
-4.5516582489e+01
-7.4092181396e+02
-1.4321142578e+03
6.4933294678e+02
-4.9866638184e+01
-7.4396142578e+02
-1.4360445557e+03
6.4223236084e+02
-5.4824565887e+01
-7.4850256348e+02
-1.4376392822e+03
6.3907745361e+02
-5.8892620087e+01
-7.5048339844e+02
-1.4417280273e+03
6.3193273926e+02
-6.1797237396e+01
-7.5481311035e+02
-1.4409781494e+03
6.3288739014e+02
-6.6024375916e+01
-7.5448315430e+02
-1.4463062744e+03
6.2450561523e+02
-6.3800231934e+01
-7.5864068604e+02
-1.4419443359e+03
6.2519116211e+02
-6.9846519470e+01
-7.5257385254e+02
-1.4494294434e+03
6.3329357910e+02
-7.6473434448e+01
-7.6450317383e+02
-1.4406635742e+03
6.3379376221e+02
-7.5982589722e+01
-7.6463958740e+02
-1.4406236572e+03
6.2648388672e+02
-6.9459815979e+01
-7.5194604492e+02
-1.4494654541e+03
6.2433270264e+02
-6.2995681763e+01
-7.5777850342e+02
-1.4402999268e+03
6.3402124023e+02
-6.5107170105e+01
-7.5312561035e+02
-1.4450137939e+03
6.3291351318e+02
-6.0362369537e+01
-7.5321765137e+02
-1.4389580078e+03
6.4053466797e+02
-5.7226562500e+01
-7.4844927979e+02
-1.4394357910e+03
6.4383575439e+02
-5.2808414459e+01
-7.4612347412e+02
-1.4348331299e+03
6.5125201416e+02
-4.7549907684e+01
-7.4119482422e+02
-1.4328450928e+03
6.5710400391e+02
-4.2874221802e+01
-7.3778472900e+02
-1.4284593506e+03
6.6423980713e+02
-3.7756664276e+01
-7.3334698486e+02
-1.4250074463e+03
6.6977124023e+02
-3.6154926300e+01
-7.3191558838e+02
-1.4201265869e+03
6.7019799805e+02
-4.0470287323e+01
-7.3435894775e+02
-1.4166141357e+03
8.2845544434e+02
1.9494827271e+01
-7.7618133545e+02
-1.5648630371e+03
8.2557312012e+02
2.0260757446e+01
-7.7755206299e+02
-1.5718015137e+03
8.1749896240e+02
1.5369642258e+01
-7.8235449219e+02
-1.5779567871e+03
8.0980023193e+02
9.4047775269e+00
-7.8732012939e+02
-1.5835155029e+03
8.0103210449e+02
2.6352763176e+00
-7.9321624756e+02
-1.5874031982e+03
7.9506542969e+02
-2.9611041546e+00
-7.9725622559e+02
-1.5921694336e+03
7.8719396973e+02
-8.0995693207e+00
-8.0234020996e+02
-1.5938411865e+03
7.8462054443e+02
-1.2753912926e+01
-8.0440130615e+02
-1.5985994873e+03
7.7692535400e+02
-1.4778087616e+01
-8.0888012695e+02
-1.5974958496e+03
7.7870507812e+02
-2.0535997391e+01
-8.0850122070e+02
-1.6024628906e+03
7.7474572754e+02
-1.9436248779e+01
-8.1575140381e+02
-1.5991549072e+03
7.7024975586e+02
-1.6173130035e+01
-8.1101702881e+02
-1.6030300293e+03
7.6995520020e+02
-1.6086912155e+01
-8.1076043701e+02
-1.6026101074e+03
7.7461334229e+02
-1.8874919891e+01
-8.1532653809e+02
-1.5982088623e+03
7.7994470215e+02
-1.9819412231e+01
-8.0760943604e+02
-1.6019206543e+03
7.7752209473e+02
-1.3661290169e+01
-8.0770904541e+02
-1.5959057617e+03
7.8589074707e+02
-1.1457298279e+01
-8.0280902100e+02
-1.5969169922e+03
7.8850640869e+02
-6.4359097481e+00
-8.0044281006e+02
-1.5916032715e+03
7.9675671387e+02
-1.0198347569e+00
-7.9498706055e+02
-1.5896209717e+03
8.0292529297e+02
4.8972449303e+00
-7.9060772705e+02
-1.5844143066e+03
8.1200073242e+02
1.1970234871e+01
-7.8436157227e+02
-1.5801669922e+03
8.1996142578e+02
1.8246805191e+01
-7.7905792236e+02
-1.5742199707e+03
8.2834417725e+02
2.3447851181e+01
-7.7393255615e+02
-1.5677210693e+03
8.3155731201e+02
2.2995672226e+01
-7.7227783203e+02
-1.5604884033e+03
9.7156170654e+02
7.7311477661e+01
-8.0784112549e+02
-1.6905122070e+03
9.6534301758e+02
7.3369636536e+01
-8.1415155029e+02
-1.7007044678e+03
9.5566912842e+02
6.6246353149e+01
-8.2112768555e+02
-1.7093825684e+03
9.4514440918e+02
5.7560733795e+01
-8.2889239502e+02
-1.7158706055e+03
9.3638092041e+02
4.9972820282e+01
-8.3516021729e+02
-1.7221787109e+03
9.2693310547e+02
4.2592079163e+01
-8.4172338867e+02
-1.7262054443e+03
9.2125927734e+02
3.6567607880e+01
-8.4598876953e+02
-1.7314877930e+03
9.1318841553e+02
3.1825666428e+01
-8.5121051025e+02
-1.7329832764e+03
9.1148254395e+02
2.6767068863e+01
-8.5307397461e+02
-1.7378775635e+03
9.0441296387e+02
2.6117683411e+01
-8.5762506104e+02
-1.7373577881e+03
9.0393572998e+02
2.2670343399e+01
-8.5453375244e+02
-1.7410423584e+03
9.0396075439e+02
1.9236181259e+01
-8.5725579834e+02
-1.7405734863e+03
9.0445996094e+02
1.9315355301e+01
-8.5706018066e+02
-1.7406060791e+03
9.0456958008e+02
2.2983079910e+01
-8.5394921875e+02
-1.7406624756e+03
9.0460040283e+02
2.6863912582e+01
-8.5682562256e+02
-1.7361199951e+03
9.1260260010e+02
2.7738178253e+01
-8.5190313721e+02
-1.7367640381e+03
9.1416583252e+02
3.3149097443e+01
-8.4974578857e+02
-1.7312122803e+03
9.2269348145e+02
3.8136337280e+01
-8.4416705322e+02
-1.7294989014e+03
9.2850268555e+02
4.4472675323e+01
-8.3958703613e+02
-1.7237603760e+03
9.3827459717e+02
5.2135402679e+01
-8.3268829346e+02
-1.7194183350e+03
9.4726397705e+02
6.0022106171e+01
-8.2609948730e+02
-1.7127227783e+03
9.5808270264e+02
6.8999404907e+01
-8.1801531982e+02
-1.7059049072e+03
9.6803002930e+02
7.6414794922e+01
-8.1073931885e+02
-1.6968898926e+03
9.7456512451e+02
8.0643722534e+01
-8.0416583252e+02
-1.6864268799e+03
1.0934483643e+03
1.2685549927e+02
-8.3376098633e+02
-1.7961661377e+03
1.0846157227e+03
1.1924314880e+02
-8.4394555664e+02
-1.8096976318e+03
1.0723483887e+03
1.0899703979e+02
-8.5408898926e+02
-1.8199741211e+03
1.0610759277e+03
9.9118270874e+01
-8.6291711426e+02
-1.8285773926e+03
1.0495096436e+03
8.9454185486e+01
-8.7147210693e+02
-1.8351361084e+03
1.0409422607e+03
8.1484802246e+01
-8.7796984863e+02
-1.8416124268e+03
1.0315021973e+03
7.4363761902e+01
-8.8455444336e+02
-1.8454641113e+03
1.0266065674e+03
6.8399574280e+01
-8.8854980469e+02
-1.8507774658e+03
1.0189548950e+03
6.4648345947e+01
-8.9350616455e+02
-1.8521374512e+03
1.0177041016e+03
5.9824226379e+01
-8.9437677002e+02
-1.8559744873e+03
1.0136187744e+03
5.8566612244e+01
-8.9950982666e+02
-1.8559047852e+03
1.0124498901e+03
5.9160976410e+01
-8.9978863525e+02
-1.8563765869e+03
1.0122579956e+03
5.9404556274e+01
-8.9970989990e+02
-1.8560081787e+03
1.0138412476e+03
5.9074161530e+01
-8.9912158203e+02
-1.8552938232e+03
1.0185667725e+03
6.0473571777e+01
-8.9357360840e+02
-1.8552945557e+03
1.0195608521e+03
6.5617767334e+01
-8.9242211914e+02
-1.8507503662e+03
1.0277845459e+03
6.9611221313e+01
-8.8713800049e+02
-1.8492867432e+03
1.0327282715e+03
7.5877830505e+01
-8.8284570312e+02
-1.8434826660e+03
1.0425242920e+03
8.3260910034e+01
-8.7594189453e+02
-1.8393701172e+03
1.0512729492e+03
9.1515274048e+01
-8.6913995361e+02
-1.8325028076e+03
1.0631301270e+03
1.0145453644e+02
-8.6027752686e+02
-1.8256378174e+03
1.0746402588e+03
1.1161230469e+02
-8.5115118408e+02
-1.8166931152e+03
1.0871900635e+03
1.2213229370e+02
-8.4072491455e+02
-1.8061171875e+03
1.0963090820e+03
1.3001228333e+02
-8.3029418945e+02
-1.7923221436e+03
1.1913377686e+03
1.6755102539e+02
-8.5376611328e+02
-1.8803101807e+03
1.1798155518e+03
1.5625479126e+02
-8.6778887939e+02
-1.8964064941e+03
1.1663863525e+03
1.4420883179e+02
-8.7970495605e+02
-1.9086390381e+03
1.1527371826e+03
1.3215415955e+02
-8.9070318604e+02
-1.9180982666e+03
1.1413673096e+03
1.2192880249e+02
-8.9958703613e+02
-1.9264050293e+03
1.1299675293e+03
1.1243427277e+02
-9.0800195312e+02
-1.9325751953e+03
1.1222049561e+03
1.0480704498e+02
-9.1408831787e+02
-1.9388536377e+03
1.1133909912e+03
9.8513862610e+01
-9.2023883057e+02
-1.9422921143e+03
1.1094707031e+03
9.2954154968e+01
-9.2352929688e+02
-1.9469725342e+03
1.1032808838e+03
9.0149467468e+01
-9.2827612305e+02
-1.9484173584e+03
1.1017844238e+03
8.7197914124e+01
-9.2797509766e+02
-1.9508902588e+03
1.0999555664e+03
8.5097778320e+01
-9.2884014893e+02
-1.9521292725e+03
1.1003054199e+03
8.5116256714e+01
-9.2860650635e+02
-1.9521223145e+03
1.1021646729e+03
8.7507171631e+01
-9.2746929932e+02
-1.9504234619e+03
1.1036579590e+03
9.0822525024e+01
-9.2756317139e+02
-1.9474626465e+03
1.1104069824e+03
9.3847076416e+01
-9.2249627686e+02
-1.9459318848e+03
1.1142835693e+03
9.9682243347e+01
-9.1891882324e+02
-1.9407239990e+03
1.1234947510e+03
1.0622074890e+02
-9.1246923828e+02
-1.9370854492e+03
1.1313837891e+03
1.1411801910e+02
-9.0609460449e+02
-1.9304046631e+03
1.1430803223e+03
1.2387022400e+02
-8.9738684082e+02
-1.9239609375e+03
1.1546522217e+03
1.3436054993e+02
-8.8821649170e+02
-1.9153110352e+03
1.1685690918e+03
1.4667668152e+02
-8.7693640137e+02
-1.9055634766e+03
1.1822415771e+03
1.5898162842e+02
-8.6475390625e+02
-1.8930313721e+03
1.1940433350e+03
1.7053068542e+02
-8.5049798584e+02
-1.8766929932e+03
1.2631463623e+03
1.9727146912e+02
-8.6797833252e+02
-1.9414154053e+03
1.2499672852e+03
1.8357118225e+02
-8.8454528809e+02
-1.9596990967e+03
1.2346276855e+03
1.6939483643e+02
-8.9861590576e+02
-1.9730080566e+03
1.2208337402e+03
1.5676200867e+02
-9.1016864014e+02
-1.9837755127e+03
1.2072233887e+03
1.4492857361e+02
-9.2075372314e+02
-1.9923739014e+03
1.1968125000e+03
1.3532360840e+02
-9.2893347168e+02
-2.0000098877e+03
1.1862668457e+03
1.2674356079e+02
-9.3668286133e+02
-2.0055328369e+03
1.1796846924e+03
1.1987844849e+02
-9.4195837402e+02
-2.0111647949e+03
1.1720871582e+03
1.1479695892e+02
-9.4740948486e+02
-2.0141856689e+03
1.1689466553e+03
1.1031230164e+02
-9.4949340820e+02
-2.0177175293e+03
1.1649301758e+03
1.0803113556e+02
-9.5326989746e+02
-2.0190441895e+03
1.1641464844e+03
1.0733059692e+02
-9.5452832031e+02
-2.0193032227e+03
1.1640686035e+03
1.0754607391e+02
-9.5446868896e+02
-2.0190203857e+03
1.1652310791e+03
1.0844779205e+02
-9.5290454102e+02
-2.0185718994e+03
1.1695683594e+03
1.1088986206e+02
-9.4878265381e+02
-2.0170140381e+03
1.1726964111e+03
1.1564861298e+02
-9.4644586182e+02
-2.0130100098e+03
1.1807092285e+03
1.2096347809e+02
-9.4071606445e+02
-2.0098322754e+03
1.1873605957e+03
1.2807952881e+02
-9.3516662598e+02
-2.0037857666e+03
1.1982147217e+03
1.3690013123e+02
-9.2714245605e+02
-1.9980281982e+03
1.2087883301e+03
1.4675331116e+02
-9.1869018555e+02
-1.9900485840e+03
1.2226584473e+03
1.5883325195e+02
-9.0783557129e+02
-1.9811812744e+03
1.2366629639e+03
1.7171272278e+02
-8.9601757812e+02
-1.9701121826e+03
1.2522543945e+03
1.8613404846e+02
-8.8169525146e+02
-1.9565389404e+03
1.2656867676e+03
2.0007507324e+02
-8.6490399170e+02
-1.9380174561e+03
1.3069541016e+03
2.1598085022e+02
-8.7645050049e+02
-1.9786300049e+03
1.2923237305e+03
2.0039395142e+02
-8.9495526123e+02
-1.9981446533e+03
1.2767958984e+03
1.8555009460e+02
-9.0967645264e+02
-2.0123676758e+03
1.2612750244e+03
1.7146141052e+02
-9.2263018799e+02
-2.0236475830e+03
1.2484831543e+03
1.5982420349e+02
-9.3291717529e+02
-2.0329744873e+03
1.2359548340e+03
1.4903981018e+02
-9.4248138428e+02
-2.0405288086e+03
1.2269645996e+03
1.4054917908e+02
-9.4956103516e+02
-2.0472443848e+03
1.2178103027e+03
1.3330998230e+02
-9.5629327393e+02
-2.0519458008e+03
1.2125284424e+03
1.2753760529e+02
-9.6041735840e+02
-2.0565078125e+03
1.2067681885e+03
1.2364781189e+02
-9.6499243164e+02
-2.0589875488e+03
1.2044937744e+03
1.2079172516e+02
-9.6623205566e+02
-2.0611418457e+03
1.2023496094e+03
1.1927055359e+02
-9.6709924316e+02
-2.0624880371e+03
1.2025800781e+03
1.1930846405e+02
-9.6690643311e+02
-2.0624409180e+03
1.2047724609e+03
1.2109243011e+02
-9.6581018066e+02
-2.0606975098e+03
1.2071926270e+03
1.2423241425e+02
-9.6436572266e+02
-2.0582182617e+03
1.2132882080e+03
1.2832226562e+02
-9.5951306152e+02
-2.0555527344e+03
1.2186175537e+03
1.3432847595e+02
-9.5513421631e+02
-2.0505913086e+03
1.2280880127e+03
1.4179263306e+02
-9.4814666748e+02
-2.0456918945e+03
1.2372014160e+03
1.5051371765e+02
-9.4080999756e+02
-2.0386333008e+03
1.2499865723e+03
1.6152778625e+02
-9.3099243164e+02
-2.0308374023e+03
1.2629572754e+03
1.7339595032e+02
-9.2045251465e+02
-2.0212119141e+03
1.2787138672e+03
1.8771675110e+02
-9.0725103760e+02
-2.0096790771e+03
1.2944559326e+03
2.0279190063e+02
-8.9229071045e+02
-1.9951920166e+03
1.3093353271e+03
2.1861225891e+02
-8.7356903076e+02
-1.9754576416e+03
1.3219685059e+03
2.2214450073e+02
-8.7916375732e+02
-1.9911256104e+03
1.3072039795e+03
2.0615603638e+02
-8.9813684082e+02
-2.0111439209e+03
1.2906208496e+03
1.9042803955e+02
-9.1374987793e+02
-2.0256612549e+03
1.2760391846e+03
1.7691914368e+02
-9.2617840576e+02
-2.0370539551e+03
1.2615773926e+03
1.6414016724e+02
-9.3764636230e+02
-2.0466140137e+03
1.2505047607e+03
1.5403657532e+02
-9.4635522461e+02
-2.0544621582e+03
1.2396217041e+03
1.4483625793e+02
-9.5457257080e+02
-2.0608247070e+03
1.2322536621e+03
1.3771572876e+02
-9.6033868408e+02
-2.0663627930e+03
1.2248887939e+03
1.3201754761e+02
-9.6587805176e+02
-2.0701721191e+03
1.2208693848e+03
1.2770731354e+02
-9.6871691895e+02
-2.0734777832e+03
1.2170987549e+03
1.2499897003e+02
-9.7179125977e+02
-2.0753029785e+03
1.2161857910e+03
1.2371952820e+02
-9.7303521729e+02
-2.0758493652e+03
1.2161777344e+03
1.2387950897e+02
-9.7296447754e+02
-2.0756401367e+03
1.2173878174e+03
1.2533704376e+02
-9.7145745850e+02
-2.0749135742e+03
1.2213513184e+03
1.2821476746e+02
-9.6810601807e+02
-2.0728300781e+03
1.2254677734e+03
1.3275595093e+02
-9.6504608154e+02
-2.0691936035e+03
1.2331219482e+03
1.3865921021e+02
-9.5926623535e+02
-2.0651977539e+03
1.2405847168e+03
1.4599240112e+02
-9.5326080322e+02
-2.0593271484e+03
1.2517221680e+03
1.5540557861e+02
-9.4480889893e+02
-2.0527526855e+03
1.2629427490e+03
1.6572224426e+02
-9.3586230469e+02
-2.0446132812e+03
1.2776284180e+03
1.7871754456e+02
-9.2416137695e+02
-2.0348190918e+03
1.2923953857e+03
1.9244229126e+02
-9.1150012207e+02
-2.0231665039e+03
1.3091986084e+03
2.0839068604e+02
-8.9566107178e+02
-2.0084174805e+03
1.3241895752e+03
2.2460520935e+02
-8.7647363281e+02
-1.9881821289e+03
1.3075644531e+03
2.1654219055e+02
-8.7612683105e+02
-1.9788992920e+03
1.2927803955e+03
2.0077345276e+02
-8.9479296875e+02
-1.9985332031e+03
1.2774377441e+03
1.8601849365e+02
-9.0944110107e+02
-2.0125924072e+03
1.2616447754e+03
1.7165113831e+02
-9.2265301514e+02
-2.0241700439e+03
1.2489929199e+03
1.6022399902e+02
-9.3275225830e+02
-2.0331513672e+03
1.2364138184e+03
1.4925508118e+02
-9.4246765137e+02
-2.0410628662e+03
1.2272576904e+03
1.4085823059e+02
-9.4954992676e+02
-2.0474460449e+03
1.2183520508e+03
1.3346078491e+02
-9.5624694824e+02
-2.0525393066e+03
1.2126180420e+03
1.2787657928e+02
-9.6058648682e+02
-2.0567595215e+03
1.2072774658e+03
1.2369556427e+02
-9.6476538086e+02
-2.0595849609e+03
1.2046385498e+03
1.2099384308e+02
-9.6660809326e+02
-2.0615659180e+03
1.2025922852e+03
1.1976552582e+02
-9.6767089844e+02
-2.0627121582e+03
1.2027470703e+03
1.1982287598e+02
-9.6752618408e+02
-2.0626452637e+03
1.2048684082e+03
1.2126875305e+02
-9.6626330566e+02
-2.0611823730e+03
1.2076821289e+03
1.2419084930e+02
-9.6422869873e+02
-2.0589602051e+03
1.2132406006e+03
1.2854968262e+02
-9.5981665039e+02
-2.0559279785e+03
1.2190728760e+03
1.3433355713e+02
-9.5526153564e+02
-2.0514104004e+03
1.2282198486e+03
1.4192590332e+02
-9.4834796143e+02
-2.0461274414e+03
1.2374976807e+03
1.5051806641e+02
-9.4104571533e+02
-2.0394652100e+03
1.2502912598e+03
1.6168579102e+02
-9.3111541748e+02
-2.0313441162e+03
1.2631016846e+03
1.7331130981e+02
-9.2079907227e+02
-2.0221131592e+03
1.2790966797e+03
1.8788174438e+02
-9.0737225342e+02
-2.0103172607e+03
1.2946265869e+03
2.0284465027e+02
-8.9250927734e+02
-1.9960313721e+03
1.3096329346e+03
2.1883740234e+02
-8.7363153076e+02
-1.9761947021e+03
1.2643538818e+03
1.9846876526e+02
-8.6742199707e+02
-1.9417371826e+03
1.2512631836e+03
1.8460272217e+02
-8.8422070312e+02
-1.9600189209e+03
1.2354063721e+03
1.6993957520e+02
-8.9871862793e+02
-1.9737318115e+03
1.2220773926e+03
1.5774922180e+02
-9.0983740234e+02
-1.9839125977e+03
1.2080646973e+03
1.4536265564e+02
-9.2090124512e+02
-1.9932642822e+03
1.1976140137e+03
1.3599635315e+02
-9.2888348389e+02
-2.0002575684e+03
1.1872658691e+03
1.2710260010e+02
-9.3672027588e+02
-2.0065333252e+03
1.1800262451e+03
1.2041831207e+02
-9.4219567871e+02
-2.0114736328e+03
1.1732253418e+03
1.1481140900e+02
-9.4733361816e+02
-2.0153245850e+03
1.1690657959e+03
1.1083902740e+02
-9.5032617188e+02
-2.0182457275e+03
1.1656740723e+03
1.0811794281e+02
-9.5291442871e+02
-2.0200921631e+03
1.1646689453e+03
1.0669627380e+02
-9.5395452881e+02
-2.0207977295e+03
1.1646949463e+03
1.0681159210e+02
-9.5387915039e+02
-2.0206455078e+03
1.1659266357e+03
1.0839241028e+02
-9.5262554932e+02
-2.0197741699e+03
1.1694587402e+03
1.1127344513e+02
-9.4981951904e+02
-2.0176965332e+03
1.1737486572e+03
1.1543566132e+02
-9.4663946533e+02
-2.0145346680e+03
1.1807554932e+03
1.2121614075e+02
-9.4129962158e+02
-2.0105008545e+03
1.1881041260e+03
1.2807960510e+02
-9.3562493896e+02
-2.0053050537e+03
1.1986553955e+03
1.3715428162e+02
-9.2759234619e+02
-1.9988442383e+03
1.2092408447e+03
1.4670024109e+02
-9.1941082764e+02
-1.9916159668e+03
1.2234399414e+03
1.5927142334e+02
-9.0815026855e+02
-1.9820661621e+03
1.2369318848e+03
1.7164836121e+02
-8.9683245850e+02
-1.9716708984e+03
1.2529763184e+03
1.8650968933e+02
-8.8213079834e+02
-1.9577584229e+03
1.2662700195e+03
2.0059524536e+02
-8.6511975098e+02
-1.9392773438e+03
1.1934086914e+03
1.6942373657e+02
-8.5233282471e+02
-1.8807164307e+03
1.1812736816e+03
1.5747946167e+02
-8.6691809082e+02
-1.8972463379e+03
1.1685352783e+03
1.4584971619e+02
-8.7851971436e+02
-1.9089036865e+03
1.1538717041e+03
1.3278163147e+02
-8.9051574707e+02
-1.9194554443e+03
1.1428619385e+03
1.2315942383e+02
-8.9889282227e+02
-1.9267315674e+03
1.1312569580e+03
1.1307565308e+02
-9.0781439209e+02
-1.9340373535e+03
1.1228782959e+03
1.0564528656e+02
-9.1405688477e+02
-1.9394006348e+03
1.1147894287e+03
9.8821250916e+01
-9.2012713623e+02
-1.9441313477e+03
1.1093247070e+03
9.3836944580e+01
-9.2414318848e+02
-1.9477111816e+03
1.1045649414e+03
8.9903816223e+01
-9.2776391602e+02
-1.9503797607e+03
1.1019449463e+03
8.7496047974e+01
-9.2965936279e+02
-1.9520968018e+03
1.1001417236e+03
8.6463020325e+01
-9.3075921631e+02
-1.9530115967e+03
1.1002503662e+03
8.6525917053e+01
-9.3065368652e+02
-1.9529434814e+03
1.1021420898e+03
8.7732940674e+01
-9.2938525391e+02
-1.9517888184e+03
1.1049234619e+03
9.0313064575e+01
-9.2732373047e+02
-1.9498879395e+03
1.1098394775e+03
9.4398864746e+01
-9.2351562500e+02
-1.9470334473e+03
1.1154185791e+03
9.9549278259e+01
-9.1932495117e+02
-1.9432355957e+03
1.1236899414e+03
1.0653541565e+02
-9.1307727051e+02
-1.9383381348e+03
1.1321855469e+03
1.1412825775e+02
-9.0665588379e+02
-1.9327600098e+03
1.1439638672e+03
1.2437803650e+02
-8.9755798340e+02
-1.9252800293e+03
1.1551135254e+03
1.3416711426e+02
-8.8900231934e+02
-1.9178071289e+03
1.1699438477e+03
1.4740863037e+02
-8.7682360840e+02
-1.9070715332e+03
1.1828448486e+03
1.5922532654e+02
-8.6503100586e+02
-1.8952277832e+03
1.1951757812e+03
1.7138851929e+02
-8.5023260498e+02
-1.8785090332e+03
1.0962706299e+03
1.3002751160e+02
-8.3213110352e+02
-1.7956763916e+03
1.0878511963e+03
1.2224862671e+02
-8.4267419434e+02
-1.8091614990e+03
1.0740311279e+03
1.1048435211e+02
-8.5410314941e+02
-1.8206796875e+03
1.0637839355e+03
1.0155155182e+02
-8.6189221191e+02
-1.8279901123e+03
1.0512276611e+03
9.0532554626e+01
-8.7158593750e+02
-1.8363520508e+03
1.0423438721e+03
8.2765090942e+01
-8.7792535400e+02
-1.8417668457e+03
1.0332060547e+03
7.4857597351e+01
-8.8471051025e+02
-1.8472834473e+03
1.0267467041e+03
6.9068916321e+01
-8.8935455322e+02
-1.8512957764e+03
1.0207894287e+03
6.4014404297e+01
-8.9375433350e+02
-1.8547216797e+03
1.0169453735e+03
6.0540332794e+01
-8.9647180176e+02
-1.8571379395e+03
1.0140113525e+03
5.8054626465e+01
-8.9861285400e+02
-1.8587775879e+03
1.0130203247e+03
5.6725658417e+01
-8.9944396973e+02
-1.8594786377e+03
1.0130593262e+03
5.6809261322e+01
-8.9937512207e+02
-1.8593710938e+03
1.0142235718e+03
5.8274085999e+01
-8.9837878418e+02
-1.8585321045e+03
1.0172721558e+03
6.0897701263e+01
-8.9607128906e+02
-1.8567092285e+03
1.0212449341e+03
6.4523117065e+01
-8.9320269775e+02
-1.8541197510e+03
1.0273544922e+03
6.9719245911e+01
-8.8864184570e+02
-1.8505389404e+03
1.0339234619e+03
7.5654090881e+01
-8.8384045410e+02
-1.8463403320e+03
1.0432198486e+03
8.3708473206e+01
-8.7689874268e+02
-1.8406732178e+03
1.0522243652e+03
9.1622703552e+01
-8.7040081787e+02
-1.8350812988e+03
1.0649296875e+03
1.0279303741e+02
-8.6054681396e+02
-1.8265593262e+03
1.0753198242e+03
1.1188370514e+02
-8.5259454346e+02
-1.8190845947e+03
1.0892923584e+03
1.2382371521e+02
-8.4098278809e+02
-1.8073973389e+03
1.0978922119e+03
1.3181895447e+02
-8.3022851562e+02
-1.7937304688e+03
9.7650177002e+02
8.1518402100e+01
-8.0321160889e+02
-1.6892684326e+03
9.6844317627e+02
7.5865074158e+01
-8.1102374268e+02
-1.7006979980e+03
9.6030584717e+02
6.9965118408e+01
-8.1715856934e+02
-1.7081451416e+03
9.4734594727e+02
5.8935424805e+01
-8.2747094727e+02
-1.7172941895e+03
9.3877972412e+02
5.2078666687e+01
-8.3330413818e+02
-1.7221008301e+03
9.2873730469e+02
4.3559780121e+01
-8.4094061279e+02
-1.7282695312e+03
9.2158544922e+02
3.7532859802e+01
-8.4603021240e+02
-1.7323793945e+03
9.1456817627e+02
3.1677797318e+01
-8.5124401855e+02
-1.7364073486e+03
9.0970343018e+02
2.7484390259e+01
-8.5472662354e+02
-1.7392761230e+03
9.0557983398e+02
2.4052650452e+01
-8.5778790283e+02
-1.7415794678e+03
9.0317388916e+02
2.1999216080e+01
-8.5952124023e+02
-1.7430001221e+03
9.0163989258e+02
2.1118860245e+01
-8.6054345703e+02
-1.7437259521e+03
9.0171954346e+02
2.1176774979e+01
-8.6046905518e+02
-1.7436695557e+03
9.0334295654e+02
2.2192733765e+01
-8.5931530762e+02
-1.7427745361e+03
9.0588537598e+02
2.4380155563e+01
-8.5745135498e+02
-1.7412213135e+03
9.1012939453e+02
2.7937160492e+01
-8.5424914551e+02
-1.7387741699e+03
9.1510461426e+02
3.2263511658e+01
-8.5063397217e+02
-1.7357539062e+03
9.2226037598e+02
3.8248069763e+01
-8.4528430176e+02
-1.7315957031e+03
9.2951892090e+02
4.4405555725e+01
-8.4005895996e+02
-1.7273328857e+03
9.3969732666e+02
5.3057136536e+01
-8.3228631592e+02
-1.7210302734e+03
9.4838476562e+02
6.0049736023e+01
-8.2631530762e+02
-1.7160823975e+03
9.6147344971e+02
7.1221946716e+01
-8.1585290527e+02
-1.7067834473e+03
9.6975213623e+02
7.7287811279e+01
-8.0955352783e+02
-1.6991964111e+03
9.7797729492e+02
8.3151336670e+01
-8.0152410889e+02
-1.6875899658e+03
8.3439056396e+02
2.7583692551e+01
-7.7154943848e+02
-1.5603856201e+03
8.3274816895e+02
2.8503545761e+01
-7.7316699219e+02
-1.5672261963e+03
8.2063861084e+02
1.9336738586e+01
-7.8157348633e+02
-1.5769398193e+03
8.1436114502e+02
1.4517957687e+01
-7.8483966064e+02
-1.5804681396e+03
8.0365466309e+02
5.0591053963e+00
-7.9286199951e+02
-1.5878181152e+03
7.9648004150e+02
-1.1660826206e+00
-7.9749035645e+02
-1.5918267822e+03
7.8869348145e+02
-8.0410890579e+00
-8.0308813477e+02
-1.5965405273e+03
7.8315472412e+02
-1.2997879982e+01
-8.0684387207e+02
-1.5997644043e+03
7.7804907227e+02
-1.7467477798e+01
-8.1049188232e+02
-1.6027269287e+03
7.7464074707e+02
-2.0515470505e+01
-8.1282861328e+02
-1.6047419434e+03
7.7212268066e+02
-2.2744472504e+01
-8.1460180664e+02
-1.6061770020e+03
7.7118774414e+02
-2.3931503296e+01
-8.1528448486e+02
-1.6068302002e+03
7.7122979736e+02
-2.3871175766e+01
-8.1523016357e+02
-1.6067611084e+03
7.7230035400e+02
-2.2575523376e+01
-8.1442864990e+02
-1.6060112305e+03
7.7491723633e+02
-2.0236785889e+01
-8.1253607178e+02
-1.6044509277e+03
7.7844061279e+02
-1.7073404312e+01
-8.1008734131e+02
-1.6023228760e+03
7.8366430664e+02
-1.2494160652e+01
-8.0632110596e+02
-1.5992501221e+03
7.8930468750e+02
-7.4245228767e+00
-8.0245062256e+02
-1.5959045410e+03
7.9721441650e+02
-4.3705600500e-01
-7.9673693848e+02
-1.5910839844e+03
8.0449420166e+02
5.9017114639e+00
-7.9199188232e+02
-1.5869567871e+03
8.1531542969e+02
1.5477797508e+01
-7.8384710693e+02
-1.5794888916e+03
8.2171936035e+02
2.0425458908e+01
-7.8045611572e+02
-1.5758520508e+03
8.3393963623e+02
2.9742677689e+01
-7.7188830566e+02
-1.5659953613e+03
8.3573980713e+02
2.9036153793e+01
-7.7006933594e+02
-1.5589968262e+03
6.7981103516e+02
-3.5039371490e+01
-7.2553991699e+02
-1.4131951904e+03
6.7411120605e+02
-3.5420761108e+01
-7.2750640869e+02
-1.4204337158e+03
6.7146801758e+02
-3.3822456360e+01
-7.2675103760e+02
-1.4225941162e+03
6.5957806396e+02
-4.3229286194e+01
-7.3646929932e+02
-1.4315913086e+03
6.5278558350e+02
-4.7711742401e+01
-7.4053186035e+02
-1.4346529541e+03
6.4411090088e+02
-5.4643592834e+01
-7.4716998291e+02
-1.4398790283e+03
6.3795202637e+02
-5.9410354614e+01
-7.5151385498e+02
-1.4431451416e+03
6.3182373047e+02
-6.4315116882e+01
-7.5614166260e+02
-1.4466502686e+03
6.2746722412e+02
-6.7819526672e+01
-7.5930700684e+02
-1.4490904541e+03
6.2384106445e+02
-7.0751289368e+01
-7.6202917480e+02
-1.4511331787e+03
6.2164593506e+02
-7.2496963501e+01
-7.6364703369e+02
-1.4523735352e+03
6.2032904053e+02
-7.3260650635e+01
-7.6459436035e+02
-1.4529995117e+03
6.2039154053e+02
-7.3212112427e+01
-7.6454718018e+02
-1.4529653320e+03
6.2179577637e+02
-7.2344421387e+01
-7.6351116943e+02
-1.4522407227e+03
6.2410607910e+02
-7.0495689392e+01
-7.6180529785e+02
-1.4509239502e+03
6.2783245850e+02
-6.7464958191e+01
-7.5899029541e+02
-1.4487935791e+03
6.3228942871e+02
-6.3857761383e+01
-7.5573718262e+02
-1.4462664795e+03
6.3852667236e+02
-5.8853179932e+01
-7.5101861572e+02
-1.4426805420e+03
6.4478045654e+02
-5.3985656738e+01
-7.4658471680e+02
-1.4393247070e+03
6.5356085205e+02
-4.6952468872e+01
-7.3985388184e+02
-1.4340133057e+03
6.6045623779e+02
-4.2364543915e+01
-7.3569610596e+02
-1.4308674316e+03
6.7243670654e+02
-3.2846614838e+01
-7.2586285400e+02
-1.4217559814e+03
6.7521002197e+02
-3.4301666260e+01
-7.2648632812e+02
-1.4195151367e+03
6.8103686523e+02
-3.3733791351e+01
-7.2429711914e+02
-1.4121064453e+03
5.0043511963e+02
-9.2424705505e+01
-6.8255902100e+02
-1.2481281738e+03
5.0654232788e+02
-8.1865051270e+01
-6.7405529785e+02
-1.2479223633e+03
4.9344567871e+02
-9.2296302795e+01
-6.8304736328e+02
-1.2597943115e+03
4.9007690430e+02
-9.4550979614e+01
-6.8261926270e+02
-1.2603845215e+03
4.8125790405e+02
-1.0295809174e+02
-6.8910845947e+02
-1.2671727295e+03
4.7540820312e+02
-1.0854152679e+02
-6.9278594971e+02
-1.2709074707e+03
4.6883090210e+02
-1.1487554932e+02
-6.9759497070e+02
-1.2754946289e+03
4.6415890503e+02
-1.1940462494e+02
-7.0077758789e+02
-1.2785438232e+03
4.5995788574e+02
-1.2340233612e+02
-7.0377838135e+02
-1.2812755127e+03
4.5715316772e+02
-1.2607394409e+02
-7.0568572998e+02
-1.2830494385e+03
4.5515316772e+02
-1.2799550629e+02
-7.0706958008e+02
-1.2842965088e+03
4.5438986206e+02
-1.2900082397e+02
-7.0759277344e+02
-1.2848771973e+03
4.5443643188e+02
-1.2895727539e+02
-7.0755822754e+02
-1.2848477783e+03
4.5531961060e+02
-1.2786888885e+02
-7.0696301270e+02
-1.2842299805e+03
4.5741754150e+02
-1.2586438751e+02
-7.0550683594e+02
-1.2829289551e+03
4.6033096313e+02
-1.2310823059e+02
-7.0353076172e+02
-1.2811101074e+03
4.6463623047e+02
-1.1903000641e+02
-7.0045770264e+02
-1.2783309326e+03
4.6940567017e+02
-1.1441924286e+02
-6.9720526123e+02
-1.2752301025e+03
4.7608593750e+02
-1.0800494385e+02
-6.9232427979e+02
-1.2705942383e+03
4.8203070068e+02
-1.0234004211e+02
-6.8857427979e+02
-1.2668063965e+03
4.9094122314e+02
-9.3848411560e+01
-6.8200469971e+02
-1.2599553223e+03
4.9442337036e+02
-9.1495193481e+01
-6.8234918213e+02
-1.2593187256e+03
5.0757720947e+02
-8.0943313599e+01
-6.7321948242e+02
-1.2473210449e+03
5.0161288452e+02
-9.1289611816e+01
-6.8155310059e+02
-1.2474135742e+03
3.3265005493e+02
-1.6923190308e+02
-6.1849676514e+02
-1.0612801514e+03
3.2184442139e+02
-1.7201980591e+02
-6.2302618408e+02
-1.0716442871e+03
3.2377514648e+02
-1.6248774719e+02
-6.1533593750e+02
-1.0678017578e+03
3.1271749878e+02
-1.7024723816e+02
-6.2584277344e+02
-1.0787150879e+03
3.0616998291e+02
-1.7381799316e+02
-6.3093615723e+02
-1.0833852539e+03
2.9864135742e+02
-1.7932963562e+02
-6.3767327881e+02
-1.0891713867e+03
2.9385302734e+02
-1.8253878784e+02
-6.4174224854e+02
-1.0924345703e+03
2.8957327271e+02
-1.8559246826e+02
-6.4553839111e+02
-1.0954410400e+03
2.8684542847e+02
-1.8744531250e+02
-6.4792962646e+02
-1.0973140869e+03
2.8472665405e+02
-1.8894143677e+02
-6.4983898926e+02
-1.0988021240e+03
2.8353530884e+02
-1.8970664978e+02
-6.5093255615e+02
-1.0996572266e+03
2.8281738281e+02
-1.8998097229e+02
-6.5157684326e+02
-1.1000870361e+03
2.8288006592e+02
-1.8993791199e+02
-6.5155621338e+02
-1.1000886230e+03
2.8370370483e+02
-1.8957577515e+02
-6.5087225342e+02
-1.0996467285e+03
2.8501458740e+02
-1.8872406006e+02
-6.4974023438e+02
-1.0987918701e+03
2.8724090576e+02
-1.8714477539e+02
-6.4779113770e+02
-1.0972965088e+03
2.9007586670e+02
-1.8520895386e+02
-6.4536401367e+02
-1.0954187012e+03
2.9446041870e+02
-1.8207644653e+02
-6.4153070068e+02
-1.0924072266e+03
2.9934405518e+02
-1.7879006958e+02
-6.3742547607e+02
-1.0891347656e+03
3.0696514893e+02
-1.7320301819e+02
-6.3064801025e+02
-1.0833331299e+03
3.1360403442e+02
-1.6955442810e+02
-6.2550854492e+02
-1.0786464844e+03
3.2473065186e+02
-1.6171211243e+02
-6.1493267822e+02
-1.0676748047e+03
3.2293698120e+02
-1.7112954712e+02
-6.2253588867e+02
-1.0715192871e+03
3.3379669189e+02
-1.6821539307e+02
-6.1777404785e+02
-1.0609661865e+03
1.0138413239e+02
-2.2002534485e+02
-5.6603979492e+02
-8.7715173340e+02
1.1525816345e+02
-1.9942912292e+02
-5.4427209473e+02
-8.6689208984e+02
9.7732482910e+01
-2.1740953064e+02
-5.6091540527e+02
-8.9110266113e+02
9.3674003601e+01
-2.2281474304e+02
-5.6296380615e+02
-8.9620623779e+02
8.9076553345e+01
-2.2965356445e+02
-5.6770330811e+02
-9.0335931396e+02
8.8801979065e+01
-2.3224467468e+02
-5.6907055664e+02
-9.0687316895e+02
8.8746398926e+01
-2.3453948975e+02
-5.7094982910e+02
-9.1079547119e+02
8.9985206604e+01
-2.3534561157e+02
-5.7177130127e+02
-9.1359613037e+02
9.1063812256e+01
-2.3598422241e+02
-5.7270776367e+02
-9.1622595215e+02
9.2291275024e+01
-2.3610408020e+02
-5.7320910645e+02
-9.1813812256e+02
9.3138710022e+01
-2.3624502563e+02
-5.7363031006e+02
-9.1954595947e+02
9.3783927917e+01
-2.3634898376e+02
-5.7373345947e+02
-9.2026605225e+02
9.3856582642e+01
-2.3630949402e+02
-5.7372253418e+02
-9.2028912354e+02
9.3368881226e+01
-2.3612823486e+02
-5.7359735107e+02
-9.1962591553e+02
9.2665565491e+01
-2.3591184998e+02
-5.7315472412e+02
-9.1826666260e+02
9.1584800720e+01
-2.3571873474e+02
-5.7263525391e+02
-9.1640948486e+02
9.0644432068e+01
-2.3501260376e+02
-5.7168103027e+02
-9.1383331299e+02
8.9535583496e+01
-2.3414305115e+02
-5.7084606934e+02
-9.1108715820e+02
8.9714691162e+01
-2.3179090881e+02
-5.6895465088e+02
-9.0722076416e+02
9.0101593018e+01
-2.2914669800e+02
-5.6757696533e+02
-9.0376177979e+02
9.4792411804e+01
-2.2225617981e+02
-5.6281933594e+02
-8.9664715576e+02
9.8948684692e+01
-2.1678703308e+02
-5.6074053955e+02
-8.9157818604e+02
1.1648768616e+02
-1.9871247864e+02
-5.4400146484e+02
-8.6728320312e+02
1.0278569031e+02
-2.1908175659e+02
-5.6567620850e+02
-8.7754791260e+02
-8.0340393066e+01
-3.2987158203e+02
-4.8117172241e+02
-6.3052935791e+02
-1.1455426788e+02
-3.5840838623e+02
-5.1968341064e+02
-6.7700494385e+02
-1.0975833130e+02
-3.4541104126e+02
-5.1240429688e+02
-6.7169299316e+02
-1.0336079407e+02
-3.3836083984e+02
-5.1455731201e+02
-6.7758514404e+02
-9.1728874207e+01
-3.2811502075e+02
-5.1438031006e+02
-6.8274749756e+02
-8.0979164124e+01
-3.2057690430e+02
-5.1661779785e+02
-6.9088531494e+02
-7.0095108032e+01
-3.1342810059e+02
-5.1832696533e+02
-6.9856219482e+02
-6.0869621277e+01
-3.0799209595e+02
-5.2054632568e+02
-7.0624530029e+02
-5.2942317963e+01
-3.0349465942e+02
-5.2230694580e+02
-7.1274346924e+02
-4.6940124512e+01
-3.0031344604e+02
-5.2388244629e+02
-7.1803356934e+02
-4.2790687561e+01
-2.9808587646e+02
-5.2492877197e+02
-7.2166467285e+02
-4.0805454254e+01
-2.9687609863e+02
-5.2555603027e+02
-7.2356622314e+02
-4.0703662872e+01
-2.9682238770e+02
-5.2556323242e+02
-7.2362951660e+02
-4.2494812012e+01
-2.9792483521e+02
-5.2495104980e+02
-7.2184765625e+02
-4.6446399689e+01
-3.0004721069e+02
-5.2392181396e+02
-7.1834240723e+02
-5.2260265350e+01
-3.0312747192e+02
-5.2236511230e+02
-7.1317541504e+02
-6.0005229950e+01
-3.0752825928e+02
-5.2062860107e+02
-7.0680322266e+02
-6.9056907654e+01
-3.1287536621e+02
-5.1843774414e+02
-6.9924865723e+02
-7.9780395508e+01
-3.1994393921e+02
-5.1676446533e+02
-6.9170324707e+02
-9.0381874084e+01
-3.2741348267e+02
-5.1456976318e+02
-6.8370050049e+02
-1.0187584686e+02
-3.3760281372e+02
-5.1479705811e+02
-6.7868530273e+02
-1.0816444397e+02
-3.4461462402e+02
-5.1268627930e+02
-6.7292047119e+02
-1.1283820343e+02
-3.5757055664e+02
-5.1997607422e+02
-6.7838574219e+02
-7.8671691895e+01
-3.2900018311e+02
-4.8126495361e+02
-6.3172814941e+02
-5.1075985718e+02
-4.9158590698e+02
-5.2337011719e+02
-4.7168585205e+02
-4.6360809326e+02
-4.3781649780e+02
-4.4857492065e+02
-4.0032809448e+02
-4.1764984131e+02
-4.1010058594e+02
-4.3023114014e+02
-4.0939242554e+02
-3.6960910034e+02
-3.8498196411e+02
-4.2326635742e+02
-4.3067257690e+02
-3.2834616089e+02
-3.6706576538e+02
-4.2444937134e+02
-4.5879974365e+02
-2.9221057129e+02
-3.5207369995e+02
-4.2752395630e+02
-4.8535580444e+02
-2.6249893188e+02
-3.4067462158e+02
-4.3198645020e+02
-5.0972296143e+02
-2.3818522644e+02
-3.3154440308e+02
-4.3620468140e+02
-5.3024127197e+02
-2.1934675598e+02
-3.2474960327e+02
-4.4009341431e+02
-5.4692980957e+02
-2.0542536926e+02
-3.1974450684e+02
-4.4312170410e+02
-5.5943646240e+02
-1.9622474670e+02
-3.1655892944e+02
-4.4524600220e+02
-5.6781048584e+02
-1.9139274597e+02
-3.1503616333e+02
-4.4625988770e+02
-5.7200433350e+02
-1.9123539734e+02
-3.1496411133e+02
-4.4626791382e+02
-5.7209991455e+02
-1.9574818420e+02
-3.1634417725e+02
-4.4527017212e+02
-5.6810223389e+02
-2.0463555908e+02
-3.1938873291e+02
-4.4316333008e+02
-5.5992266846e+02
-2.1824543762e+02
-3.2425598145e+02
-4.4015542603e+02
-5.4761499023e+02
-2.3677882385e+02
-3.3091830444e+02
-4.3629016113e+02
-5.3112792969e+02
-2.6079855347e+02
-3.3992382812e+02
-4.3210006714e+02
-5.1081356812e+02
-2.9023049927e+02
-3.5120895386e+02
-4.2767184448e+02
-4.8665310669e+02
-3.2611203003e+02
-3.6610372925e+02
-4.2463873291e+02
-4.6030310059e+02
-3.6716302490e+02
-3.8394540405e+02
-4.2350805664e+02
-4.3237292480e+02
-4.1505032349e+02
-4.0903152466e+02
-4.3053424072e+02
-4.1128164673e+02
-4.6101498413e+02
-4.3677624512e+02
-4.4895669556e+02
-4.0232141113e+02
-5.0826571655e+02
-4.9063702393e+02
-5.2391717529e+02
-4.7385079956e+02
