5.2763845772e-02
-7.0612385869e-02
-4.1090555489e-02
-4.1091352701e-02
-1.9915956073e-03
-4.4509910047e-02
6.1230396386e-04
-3.2406866550e-02
-4.6433423995e-04
-2.0697912201e-02
-4.1998398956e-04
-1.1426944286e-02
1.1350808199e-03
-4.3457052670e-03
3.5117941443e-03
1.0966067202e-03
6.1026057228e-03
5.2751190960e-03
8.5065569729e-03
8.4007270634e-03
1.0475124232e-02
1.0583522730e-02
1.1857766658e-02
1.1877615005e-02
1.2568601407e-02
1.2306766585e-02
1.2568601407e-02
1.1877615005e-02
1.1857766658e-02
1.0583522730e-02
1.0475124232e-02
8.4007270634e-03
8.5065569729e-03
5.2751190960e-03
6.1026057228e-03
1.0966067202e-03
3.5117941443e-03
-4.3457052670e-03
1.1350808199e-03
-1.1426944286e-02
-4.1998398956e-04
-2.0697912201e-02
-4.6433423995e-04
-3.2406866550e-02
6.1230396386e-04
-4.4509910047e-02
-1.9915956073e-03
-4.1091352701e-02
-4.1090555489e-02
-7.0612385869e-02
5.2763845772e-02
