8.2572784424e+00
4.0417510986e+01
7.2424095154e+01
1.0424968719e+02
1.3550660706e+02
1.6629939270e+02
1.9643679810e+02
2.2580516052e+02
2.5433557129e+02
2.8186761475e+02
3.0835278320e+02
3.3364028931e+02
3.5767572021e+02
3.8033041382e+02
4.0154364014e+02
4.2120846558e+02
4.3926336670e+02
4.5562106323e+02
4.7022479248e+02
4.8300570679e+02
4.9391632080e+02
5.0290573120e+02
5.0993930054e+02
5.1498394775e+02
5.1802032471e+02
5.1903326416e+02
5.1802032471e+02
5.1498394775e+02
5.0993930054e+02
5.0290573120e+02
4.9391632080e+02
4.8300570679e+02
4.7022479248e+02
4.5562106323e+02
4.3926336670e+02
4.2120846558e+02
4.0154364014e+02
3.8033041382e+02
3.5767572021e+02
3.3364028931e+02
3.0835278320e+02
2.8186761475e+02
2.5433557129e+02
2.2580516052e+02
1.9643679810e+02
1.6629939270e+02
1.3550660706e+02
1.0424968719e+02
7.2424095154e+01
4.0417510986e+01
8.2572784424e+00
