-1.9478656054e+00
-4.5898101807e+01
-8.9109207153e+01
-1.3093878174e+02
-1.7071495056e+02
-2.0784741211e+02
-2.4169548035e+02
-2.7178665161e+02
-2.9756219482e+02
-3.1868481445e+02
-3.3473074341e+02
-3.4551254272e+02
-3.5079421997e+02
-3.5053350830e+02
-3.4473660278e+02
-3.3346420288e+02
-3.1703213501e+02
-2.9549807739e+02
-2.6960494995e+02
-2.3918328857e+02
-2.0566564941e+02
-1.6817523193e+02
-1.2947966003e+02
-8.6887275696e+01
-4.6144641876e+01
0.0000000000e+00
4.0114685059e+01
8.4810836792e+01
1.2525491333e+02
1.6590722656e+02
2.0280957031e+02
2.3752096558e+02
2.6800338745e+02
2.9469650269e+02
3.1650659180e+02
3.3340927124e+02
3.4494329834e+02
3.5085449219e+02
3.5125619507e+02
3.4570553589e+02
3.3493795776e+02
3.1825012207e+02
2.9709014893e+02
2.7035528564e+02
2.4029748535e+02
2.0526469421e+02
1.6834693909e+02
1.2726630402e+02
8.5839462280e+01
4.1227714539e+01
-2.4927480221e+00
