-2.2711884975e+00
-4.9652606964e+01
-9.6240310669e+01
-1.4134680176e+02
-1.8424465942e+02
-2.2430116272e+02
-2.6081927490e+02
-2.9329220581e+02
-3.2110855103e+02
-3.4390640259e+02
-3.6122024536e+02
-3.7284857178e+02
-3.7853366089e+02
-3.7822720337e+02
-3.7194479370e+02
-3.5973886108e+02
-3.4198083496e+02
-3.1869549561e+02
-2.9075268555e+02
-2.5788214111e+02
-2.2176510620e+02
-1.8127319336e+02
-1.3965289307e+02
-9.3638969421e+01
-4.9933689117e+01
0.0000000000e+00
4.2914989471e+01
9.1255157471e+01
1.3474215698e+02
1.7870211792e+02
2.1849461365e+02
2.5606680298e+02
2.8901138306e+02
3.1794754028e+02
3.4156878662e+02
3.5993142700e+02
3.7245617676e+02
3.7892227173e+02
3.7939495850e+02
3.7344116211e+02
3.6180895996e+02
3.4378729248e+02
3.2089559937e+02
2.9199884033e+02
2.5948110962e+02
2.2161798096e+02
1.8169754028e+02
1.3731079102e+02
9.2543121338e+01
4.4351119995e+01
-2.8756000996e+00
