0.0000000000e+00
3.3104887009e+00
1.1572856903e+01
2.5886022568e+01
4.5399883270e+01
7.0126113892e+01
9.9413955688e+01
1.3288259888e+02
1.6988943481e+02
2.0986437988e+02
2.5212718201e+02
2.9602062988e+02
3.4084161377e+02
3.8590356445e+02
4.3050866699e+02
4.7398068237e+02
5.1565576172e+02
5.5490075684e+02
5.9111523438e+02
6.2374133301e+02
6.5227374268e+02
6.7626367188e+02
6.9533398438e+02
7.0917791748e+02
7.1757586670e+02
7.2038934326e+02
7.1757586670e+02
7.0917791748e+02
6.9533398438e+02
6.7626367188e+02
6.5227374268e+02
6.2374133301e+02
5.9111523438e+02
5.5490075684e+02
5.1565576172e+02
4.7398068237e+02
4.3050866699e+02
3.8590356445e+02
3.4084161377e+02
2.9602062988e+02
2.5212718201e+02
2.0986437988e+02
1.6988943481e+02
1.3288259888e+02
9.9413955688e+01
7.0126113892e+01
4.5399883270e+01
2.5886022568e+01
1.1572856903e+01
3.3104887009e+00
0.0000000000e+00
