0.0000000000e+00
1.4668099880e+00
5.0116801262e+00
1.0948352814e+01
1.8879659653e+01
2.8863811493e+01
4.0666603088e+01
5.4158882141e+01
6.9103958130e+01
8.5277267456e+01
1.0241356659e+02
1.2024446106e+02
1.3848484802e+02
1.5685031128e+02
1.7505181885e+02
1.9280780029e+02
2.0984114075e+02
2.2588876343e+02
2.4070030212e+02
2.5404582214e+02
2.6571582031e+02
2.7552743530e+02
2.8332516479e+02
2.8898565674e+02
2.9241842651e+02
2.9356890869e+02
2.9241842651e+02
2.8898565674e+02
2.8332516479e+02
2.7552743530e+02
2.6571582031e+02
2.5404582214e+02
2.4070030212e+02
2.2588876343e+02
2.0984114075e+02
1.9280780029e+02
1.7505181885e+02
1.5685031128e+02
1.3848484802e+02
1.2024446106e+02
1.0241356659e+02
8.5277267456e+01
6.9103958130e+01
5.4158882141e+01
4.0666603088e+01
2.8863811493e+01
1.8879659653e+01
1.0948352814e+01
5.0116801262e+00
1.4668099880e+00
0.0000000000e+00
