-5.0734384766e+03
-4.9843876953e+03
-4.9955385742e+03
-4.9971127930e+03
-4.9971127930e+03
-4.9955385742e+03
-4.9843876953e+03
-5.0734384766e+03
-4.1746430664e+03
-4.0966313477e+03
-4.0979843750e+03
-4.0943605957e+03
-4.0943605957e+03
-4.0979843750e+03
-4.0966313477e+03
-4.1746430664e+03
-3.3325927734e+03
-3.2747495117e+03
-3.2780280762e+03
-3.2749873047e+03
-3.2749873047e+03
-3.2780280762e+03
-3.2747495117e+03
-3.3325927734e+03
-2.4947092285e+03
-2.4519907227e+03
-2.4559714355e+03
-2.4541950684e+03
-2.4541950684e+03
-2.4559714355e+03
-2.4519907227e+03
-2.4947092285e+03
-1.6714216309e+03
-1.6435587158e+03
-1.6473194580e+03
-1.6466602783e+03
-1.6466602783e+03
-1.6473194580e+03
-1.6435587158e+03
-1.6714216309e+03
-8.5347631836e+02
-8.3978308105e+02
-8.4274145508e+02
-8.4282397461e+02
-8.4282397461e+02
-8.4274145508e+02
-8.3978308105e+02
-8.5347631836e+02
-4.2047504425e+01
-4.2355014801e+01
-4.4317348480e+01
-4.5062778473e+01
-4.5062778473e+01
-4.4317348480e+01
-4.2355014801e+01
-4.2047504425e+01
7.6759930420e+02
7.5354913330e+02
7.5252142334e+02
7.5114062500e+02
7.5114062500e+02
7.5252142334e+02
7.5354913330e+02
7.6759930420e+02
1.5747946777e+03
1.5469456787e+03
1.5464675293e+03
1.5442551270e+03
1.5442551270e+03
1.5464675293e+03
1.5469456787e+03
1.5747946777e+03
2.3859912109e+03
2.3446782227e+03
2.3442805176e+03
2.3412421875e+03
2.3412421875e+03
2.3442805176e+03
2.3446782227e+03
2.3859912109e+03
3.1943415527e+03
3.1363483887e+03
3.1353952637e+03
3.1327211914e+03
3.1327211914e+03
3.1353952637e+03
3.1363483887e+03
3.1943415527e+03
4.0331665039e+03
3.9669226074e+03
3.9783808594e+03
3.9820073242e+03
3.9820073242e+03
3.9783808594e+03
3.9669226074e+03
4.0331665039e+03
-4.5143779297e+03
-4.7398681641e+03
-4.7512954102e+03
-4.7639677734e+03
-4.7639677734e+03
-4.7512954102e+03
-4.7398681641e+03
-4.5143779297e+03
-3.8581647949e+03
-4.0796584473e+03
-4.1120380859e+03
-4.1327861328e+03
-4.1327861328e+03
-4.1120380859e+03
-4.0796584473e+03
-3.8581647949e+03
-3.1019365234e+03
-3.2831293945e+03
-3.3131828613e+03
-3.3327910156e+03
-3.3327910156e+03
-3.3131828613e+03
-3.2831293945e+03
-3.1019365234e+03
-2.3466137695e+03
-2.4876499023e+03
-2.5121203613e+03
-2.5283474121e+03
-2.5283474121e+03
-2.5121203613e+03
-2.4876499023e+03
-2.3466137695e+03
-1.5795876465e+03
-1.6770439453e+03
-1.6948769531e+03
-1.7064791260e+03
-1.7064791260e+03
-1.6948769531e+03
-1.6770439453e+03
-1.5795876465e+03
-8.1408398438e+02
-8.6776855469e+02
-8.7847540283e+02
-8.8538031006e+02
-8.8538031006e+02
-8.7847540283e+02
-8.6776855469e+02
-8.1408398438e+02
-4.6854816437e+01
-5.6638038635e+01
-6.0173088074e+01
-6.2207576752e+01
-6.2207576752e+01
-6.0173088074e+01
-5.6638038635e+01
-4.6854816437e+01
7.1660882568e+02
7.4965545654e+02
7.5325781250e+02
7.5591265869e+02
7.5591265869e+02
7.5325781250e+02
7.4965545654e+02
7.1660882568e+02
1.4796688232e+03
1.5543874512e+03
1.5648305664e+03
1.5720695801e+03
1.5720695801e+03
1.5648305664e+03
1.5543874512e+03
1.4796688232e+03
2.2315737305e+03
2.3443186035e+03
2.3605583496e+03
2.3714509277e+03
2.3714509277e+03
2.3605583496e+03
2.3443186035e+03
2.2315737305e+03
2.9853530273e+03
3.1351523438e+03
3.1552832031e+03
3.1678535156e+03
3.1678535156e+03
3.1552832031e+03
3.1351523438e+03
2.9853530273e+03
3.6607773438e+03
3.8181418457e+03
3.8202302246e+03
3.8257619629e+03
3.8257619629e+03
3.8202302246e+03
3.8181418457e+03
3.6607773438e+03
-4.8605996094e+03
-4.6767734375e+03
-4.7118935547e+03
-4.7139184570e+03
-4.7139184570e+03
-4.7118935547e+03
-4.6767734375e+03
-4.8605996094e+03
-3.9587724609e+03
-3.7744658203e+03
-3.7886064453e+03
-3.7844672852e+03
-3.7844672852e+03
-3.7886064453e+03
-3.7744658203e+03
-3.9587724609e+03
-3.1847607422e+03
-3.0361071777e+03
-3.0476818848e+03
-3.0442126465e+03
-3.0442126465e+03
-3.0476818848e+03
-3.0361071777e+03
-3.1847607422e+03
-2.4016169434e+03
-2.2861970215e+03
-2.2951916504e+03
-2.2924291992e+03
-2.2924291992e+03
-2.2951916504e+03
-2.2861970215e+03
-2.4016169434e+03
-1.6294909668e+03
-1.5508243408e+03
-1.5571998291e+03
-1.5556311035e+03
-1.5556311035e+03
-1.5571998291e+03
-1.5508243408e+03
-1.6294909668e+03
-8.5403314209e+02
-8.1226580811e+02
-8.1608502197e+02
-8.1542095947e+02
-8.1542095947e+02
-8.1608502197e+02
-8.1226580811e+02
-8.5403314209e+02
-8.2953063965e+01
-7.8434326172e+01
-7.9734481812e+01
-8.0090927124e+01
-8.0090927124e+01
-7.9734481812e+01
-7.8434326172e+01
-8.2953063965e+01
6.8836413574e+02
6.5651336670e+02
6.5759228516e+02
6.5631713867e+02
6.5631713867e+02
6.5759228516e+02
6.5651336670e+02
6.8836413574e+02
1.4518048096e+03
1.3844090576e+03
1.3875493164e+03
1.3851551514e+03
1.3851551514e+03
1.3875493164e+03
1.3844090576e+03
1.4518048096e+03
2.2197944336e+03
2.1202192383e+03
2.1255744629e+03
2.1222687988e+03
2.1222687988e+03
2.1255744629e+03
2.1202192383e+03
2.2197944336e+03
2.9699787598e+03
2.8372050781e+03
2.8430739746e+03
2.8387399902e+03
2.8387399902e+03
2.8430739746e+03
2.8372050781e+03
2.9699787598e+03
3.8173737793e+03
3.6788671875e+03
3.7024086914e+03
3.7034060059e+03
3.7034060059e+03
3.7024086914e+03
3.6788671875e+03
3.8173737793e+03
-4.2953261719e+03
-4.4291201172e+03
-4.3743085938e+03
-4.3718823242e+03
-4.3718823242e+03
-4.3743085938e+03
-4.4291201172e+03
-4.2953261719e+03
-3.6725395508e+03
-3.8072954102e+03
-3.7687290039e+03
-3.7695041504e+03
-3.7695041504e+03
-3.7687290039e+03
-3.8072954102e+03
-3.6725395508e+03
-2.9313298340e+03
-3.0382883301e+03
-3.0044799805e+03
-3.0037927246e+03
-3.0037927246e+03
-3.0044799805e+03
-3.0382883301e+03
-2.9313298340e+03
-2.2200856934e+03
-2.3041201172e+03
-2.2780976562e+03
-2.2775180664e+03
-2.2775180664e+03
-2.2780976562e+03
-2.3041201172e+03
-2.2200856934e+03
-1.5056390381e+03
-1.5638352051e+03
-1.5462084961e+03
-1.5457001953e+03
-1.5457001953e+03
-1.5462084961e+03
-1.5638352051e+03
-1.5056390381e+03
-8.0217761230e+02
-8.3469866943e+02
-8.2577703857e+02
-8.2577484131e+02
-8.2577484131e+02
-8.2577703857e+02
-8.3469866943e+02
-8.0217761230e+02
-9.8172943115e+01
-1.0467839813e+02
-1.0443712616e+02
-1.0487843323e+02
-1.0487843323e+02
-1.0443712616e+02
-1.0467839813e+02
-9.8172943115e+01
6.0133959961e+02
6.2023370361e+02
6.1195568848e+02
6.1096331787e+02
6.1096331787e+02
6.1195568848e+02
6.2023370361e+02
6.0133959961e+02
1.3080704346e+03
1.3520687256e+03
1.3358895264e+03
1.3346005859e+03
1.3346005859e+03
1.3358895264e+03
1.3520687256e+03
1.3080704346e+03
2.0087519531e+03
2.0752026367e+03
2.0513007812e+03
2.0497280273e+03
2.0497280273e+03
2.0513007812e+03
2.0752026367e+03
2.0087519531e+03
2.7379423828e+03
2.8299326172e+03
2.8023793945e+03
2.8018952637e+03
2.8018952637e+03
2.8023793945e+03
2.8299326172e+03
2.7379423828e+03
3.3707868652e+03
3.4675944824e+03
3.4251884766e+03
3.4217868652e+03
3.4217868652e+03
3.4251884766e+03
3.4675944824e+03
3.3707868652e+03
-4.2629619141e+03
-4.1763906250e+03
-4.2374023438e+03
-4.2364057617e+03
-4.2364057617e+03
-4.2374023438e+03
-4.1763906250e+03
-4.2629619141e+03
-3.5057053223e+03
-3.4182331543e+03
-3.4671254883e+03
-3.4650432129e+03
-3.4650432129e+03
-3.4671254883e+03
-3.4182331543e+03
-3.5057053223e+03
-2.8571098633e+03
-2.7901875000e+03
-2.8336711426e+03
-2.8338273926e+03
-2.8338273926e+03
-2.8336711426e+03
-2.7901875000e+03
-2.8571098633e+03
-2.1732463379e+03
-2.1207656250e+03
-2.1546496582e+03
-2.1549851074e+03
-2.1549851074e+03
-2.1546496582e+03
-2.1207656250e+03
-2.1732463379e+03
-1.4977387695e+03
-1.4623387451e+03
-1.4861270752e+03
-1.4867615967e+03
-1.4867615967e+03
-1.4861270752e+03
-1.4623387451e+03
-1.4977387695e+03
-8.1417388916e+02
-7.9543066406e+02
-8.0875494385e+02
-8.0929998779e+02
-8.0929998779e+02
-8.0875494385e+02
-7.9543066406e+02
-8.1417388916e+02
-1.3501315308e+02
-1.3323782349e+02
-1.3612991333e+02
-1.3666081238e+02
-1.3666081238e+02
-1.3612991333e+02
-1.3323782349e+02
-1.3501315308e+02
5.4768371582e+02
5.3294219971e+02
5.4039172363e+02
5.4002081299e+02
5.4002081299e+02
5.4039172363e+02
5.3294219971e+02
5.4768371582e+02
1.2214645996e+03
1.1901937256e+03
1.2073433838e+03
1.2069774170e+03
1.2069774170e+03
1.2073433838e+03
1.1901937256e+03
1.2214645996e+03
1.9026593018e+03
1.8570007324e+03
1.8839329834e+03
1.8836728516e+03
1.8836728516e+03
1.8839329834e+03
1.8570007324e+03
1.9026593018e+03
2.5480766602e+03
2.4841340332e+03
2.5159294434e+03
2.5140131836e+03
2.5140131836e+03
2.5159294434e+03
2.4841340332e+03
2.5480766602e+03
3.2777204590e+03
3.2089814453e+03
3.2519326172e+03
3.2508068848e+03
3.2508068848e+03
3.2519326172e+03
3.2089814453e+03
3.2777204590e+03
-3.8599921875e+03
-3.9223769531e+03
-3.8716157227e+03
-3.8798454590e+03
-3.8798454590e+03
-3.8716157227e+03
-3.9223769531e+03
-3.8599921875e+03
-3.2939384766e+03
-3.3552414551e+03
-3.3122133789e+03
-3.3200527344e+03
-3.3200527344e+03
-3.3122133789e+03
-3.3552414551e+03
-3.2939384766e+03
-2.6383564453e+03
-2.6842268066e+03
-2.6456936035e+03
-2.6504702148e+03
-2.6504702148e+03
-2.6456936035e+03
-2.6842268066e+03
-2.6383564453e+03
-2.0243663330e+03
-2.0609863281e+03
-2.0314193115e+03
-2.0351832275e+03
-2.0351832275e+03
-2.0314193115e+03
-2.0609863281e+03
-2.0243663330e+03
-1.4006317139e+03
-1.4255848389e+03
-1.4050720215e+03
-1.4075336914e+03
-1.4075336914e+03
-1.4050720215e+03
-1.4255848389e+03
-1.4006317139e+03
-7.8584277344e+02
-7.9966772461e+02
-7.8857647705e+02
-7.9002215576e+02
-7.9002215576e+02
-7.8857647705e+02
-7.9966772461e+02
-7.8584277344e+02
-1.6623670959e+02
-1.6866006470e+02
-1.6692842102e+02
-1.6726135254e+02
-1.6726135254e+02
-1.6692842102e+02
-1.6866006470e+02
-1.6623670959e+02
4.4835382080e+02
4.5698907471e+02
4.4938592529e+02
4.4998791504e+02
4.4998791504e+02
4.4938592529e+02
4.5698907471e+02
4.4835382080e+02
1.0715476074e+03
1.0914377441e+03
1.0750275879e+03
1.0766214600e+03
1.0766214600e+03
1.0750275879e+03
1.0914377441e+03
1.0715476074e+03
1.6846400146e+03
1.7138986816e+03
1.6882010498e+03
1.6903690186e+03
1.6903690186e+03
1.6882010498e+03
1.7138986816e+03
1.6846400146e+03
2.3364318848e+03
2.3788447266e+03
2.3481118164e+03
2.3523325195e+03
2.3523325195e+03
2.3481118164e+03
2.3788447266e+03
2.3364318848e+03
2.9227763672e+03
2.9690773926e+03
2.9295847168e+03
2.9342155762e+03
2.9342155762e+03
2.9295847168e+03
2.9690773926e+03
2.9227763672e+03
-3.6383496094e+03
-3.5974978027e+03
-3.6404978027e+03
-3.6296840820e+03
-3.6296840820e+03
-3.6404978027e+03
-3.5974978027e+03
-3.6383496094e+03
-3.0288488770e+03
-2.9882700195e+03
-3.0251809082e+03
-3.0149802246e+03
-3.0149802246e+03
-3.0251809082e+03
-2.9882700195e+03
-3.0288488770e+03
-2.4922412109e+03
-2.4626311035e+03
-2.4953044434e+03
-2.4880385742e+03
-2.4880385742e+03
-2.4953044434e+03
-2.4626311035e+03
-2.4922412109e+03
-1.9141467285e+03
-1.8899938965e+03
-1.9147689209e+03
-1.9088095703e+03
-1.9088095703e+03
-1.9147689209e+03
-1.8899938965e+03
-1.9141467285e+03
-1.3488704834e+03
-1.3325863037e+03
-1.3498327637e+03
-1.3457745361e+03
-1.3457745361e+03
-1.3498327637e+03
-1.3325863037e+03
-1.3488704834e+03
-7.7456561279e+02
-7.6556970215e+02
-7.7501837158e+02
-7.7266845703e+02
-7.7266845703e+02
-7.7501837158e+02
-7.6556970215e+02
-7.7456561279e+02
-2.0535884094e+02
-2.0391780090e+02
-2.0565788269e+02
-2.0515440369e+02
-2.0515440369e+02
-2.0565788269e+02
-2.0391780090e+02
-2.0535884094e+02
3.7077111816e+02
3.6492132568e+02
3.7089904785e+02
3.6972653198e+02
3.6972653198e+02
3.7089904785e+02
3.6492132568e+02
3.7077111816e+02
9.3995751953e+02
9.2657812500e+02
9.3979589844e+02
9.3691381836e+02
9.3691381836e+02
9.3979589844e+02
9.2657812500e+02
9.3995751953e+02
1.5240848389e+03
1.5047437744e+03
1.5258817139e+03
1.5217908936e+03
1.5217908936e+03
1.5258817139e+03
1.5047437744e+03
1.5240848389e+03
2.0739855957e+03
2.0454392090e+03
2.0708188477e+03
2.0642871094e+03
2.0642871094e+03
2.0708188477e+03
2.0454392090e+03
2.0739855957e+03
2.6779069824e+03
2.6447792969e+03
2.6759956055e+03
2.6680895996e+03
2.6680895996e+03
2.6759956055e+03
2.6447792969e+03
2.6779069824e+03
-3.2618039551e+03
-3.2919980469e+03
-3.2603833008e+03
-3.2731901855e+03
-3.2731901855e+03
-3.2603833008e+03
-3.2919980469e+03
-3.2618039551e+03
-2.7914870605e+03
-2.8194284668e+03
-2.7910878906e+03
-2.8028142090e+03
-2.8028142090e+03
-2.7910878906e+03
-2.8194284668e+03
-2.7914870605e+03
-2.2603005371e+03
-2.2800107422e+03
-2.2544826660e+03
-2.2631374512e+03
-2.2631374512e+03
-2.2544826660e+03
-2.2800107422e+03
-2.2603005371e+03
-1.7667000732e+03
-1.7828845215e+03
-1.7634993896e+03
-1.7705015869e+03
-1.7705015869e+03
-1.7634993896e+03
-1.7828845215e+03
-1.7667000732e+03
-1.2561286621e+03
-1.2666751709e+03
-1.2528784180e+03
-1.2576165771e+03
-1.2576165771e+03
-1.2528784180e+03
-1.2666751709e+03
-1.2561286621e+03
-7.5265466309e+02
-7.5814880371e+02
-7.5025225830e+02
-7.5290789795e+02
-7.5290789795e+02
-7.5025225830e+02
-7.5814880371e+02
-7.5265466309e+02
-2.4099636841e+02
-2.4121966553e+02
-2.3914668274e+02
-2.3958761597e+02
-2.3958761597e+02
-2.3914668274e+02
-2.4121966553e+02
-2.4099636841e+02
2.6596215820e+02
2.7080511475e+02
2.6700961304e+02
2.6860388184e+02
2.6860388184e+02
2.6700961304e+02
2.7080511475e+02
2.6596215820e+02
7.8321826172e+02
7.9334771729e+02
7.8403186035e+02
7.8768005371e+02
7.8768005371e+02
7.8403186035e+02
7.9334771729e+02
7.8321826172e+02
1.2874096680e+03
1.3014591064e+03
1.2858293457e+03
1.2908682861e+03
1.2908682861e+03
1.2858293457e+03
1.3014591064e+03
1.2874096680e+03
1.8262205811e+03
1.8465723877e+03
1.8269656982e+03
1.8341378174e+03
1.8341378174e+03
1.8269656982e+03
1.8465723877e+03
1.8262205811e+03
2.3293239746e+03
2.3524436035e+03
2.3277595215e+03
2.3362343750e+03
2.3362343750e+03
2.3277595215e+03
2.3524436035e+03
2.3293239746e+03
-2.9550400391e+03
-2.9349343262e+03
-2.9596579590e+03
-2.9482138672e+03
-2.9482138672e+03
-2.9596579590e+03
-2.9349343262e+03
-2.9550400391e+03
-2.4936149902e+03
-2.4736889648e+03
-2.4950300293e+03
-2.4840510254e+03
-2.4840510254e+03
-2.4950300293e+03
-2.4736889648e+03
-2.4936149902e+03
-2.0766940918e+03
-2.0621608887e+03
-2.0806787109e+03
-2.0719655762e+03
-2.0719655762e+03
-2.0806787109e+03
-2.0621608887e+03
-2.0766940918e+03
-1.6220826416e+03
-1.6093397217e+03
-1.6228789062e+03
-1.6154666748e+03
-1.6154666748e+03
-1.6228789062e+03
-1.6093397217e+03
-1.6220826416e+03
-1.1820867920e+03
-1.1731230469e+03
-1.1824285889e+03
-1.1770959473e+03
-1.1770959473e+03
-1.1824285889e+03
-1.1731230469e+03
-1.1820867920e+03
-7.3077087402e+02
-7.2507037354e+02
-7.2991772461e+02
-7.2651721191e+02
-7.2651721191e+02
-7.2991772461e+02
-7.2507037354e+02
-7.3077087402e+02
-2.8400326538e+02
-2.8177178955e+02
-2.8225494385e+02
-2.8094808960e+02
-2.8094808960e+02
-2.8225494385e+02
-2.8177178955e+02
-2.8400326538e+02
1.7214244080e+02
1.7101983643e+02
1.7492840576e+02
1.7428640747e+02
1.7428640747e+02
1.7492840576e+02
1.7101983643e+02
1.7214244080e+02
6.2222546387e+02
6.1758551025e+02
6.2554394531e+02
6.2288171387e+02
6.2288171387e+02
6.2554394531e+02
6.1758551025e+02
6.2222546387e+02
1.0910681152e+03
1.0838238525e+03
1.0964256592e+03
1.0922416992e+03
1.0922416992e+03
1.0964256592e+03
1.0838238525e+03
1.0910681152e+03
1.5352124023e+03
1.5236682129e+03
1.5389903564e+03
1.5326679688e+03
1.5326679688e+03
1.5389903564e+03
1.5236682129e+03
1.5352124023e+03
2.0121384277e+03
1.9966916504e+03
2.0147370605e+03
2.0067235107e+03
2.0067235107e+03
2.0147370605e+03
1.9966916504e+03
2.0121384277e+03
-2.5724785156e+03
-2.5861892090e+03
-2.5690043945e+03
-2.5788996582e+03
-2.5788996582e+03
-2.5690043945e+03
-2.5861892090e+03
-2.5724785156e+03
-2.2225563965e+03
-2.2339228516e+03
-2.2177780762e+03
-2.2268835449e+03
-2.2268835449e+03
-2.2177780762e+03
-2.2339228516e+03
-2.2225563965e+03
-1.8312667236e+03
-1.8385560303e+03
-1.8236923828e+03
-1.8306051025e+03
-1.8306051025e+03
-1.8236923828e+03
-1.8385560303e+03
-1.8312667236e+03
-1.4683641357e+03
-1.4744333496e+03
-1.4629193115e+03
-1.4685644531e+03
-1.4685644531e+03
-1.4629193115e+03
-1.4744333496e+03
-1.4683641357e+03
-1.0850609131e+03
-1.0884328613e+03
-1.0796791992e+03
-1.0834633789e+03
-1.0834633789e+03
-1.0796791992e+03
-1.0884328613e+03
-1.0850609131e+03
-7.0816009521e+02
-7.0930139160e+02
-7.0361218262e+02
-7.0573138428e+02
-7.0573138428e+02
-7.0361218262e+02
-7.0930139160e+02
-7.0816009521e+02
-3.2088018799e+02
-3.1966622925e+02
-3.1699041748e+02
-3.1731353760e+02
-3.1731353760e+02
-3.1699041748e+02
-3.1966622925e+02
-3.2088018799e+02
6.2587677002e+01
6.6097732544e+01
6.5706848145e+01
6.7018280029e+01
6.7018280029e+01
6.5706848145e+01
6.6097732544e+01
6.2587677002e+01
4.5856124878e+02
4.6440490723e+02
4.6112643433e+02
4.6413018799e+02
4.6413018799e+02
4.6112643433e+02
4.6440490723e+02
4.5856124878e+02
8.4236932373e+02
8.4989532471e+02
8.4324243164e+02
8.4738269043e+02
8.4738269043e+02
8.4324243164e+02
8.4989532471e+02
8.4236932373e+02
1.2536558838e+03
1.2636307373e+03
1.2542592773e+03
1.2597436523e+03
1.2597436523e+03
1.2542592773e+03
1.2636307373e+03
1.2536558838e+03
1.6481343994e+03
1.6594539795e+03
1.6470363770e+03
1.6535147705e+03
1.6535147705e+03
1.6470363770e+03
1.6594539795e+03
1.6481343994e+03
-2.2200065918e+03
-2.2106020508e+03
-2.2224492188e+03
-2.2151616211e+03
-2.2151616211e+03
-2.2224492188e+03
-2.2106020508e+03
-2.2200065918e+03
-1.9077829590e+03
-1.8978712158e+03
-1.9077220459e+03
-1.9003221436e+03
-1.9003221436e+03
-1.9077220459e+03
-1.8978712158e+03
-1.9077829590e+03
-1.6210837402e+03
-1.6132849121e+03
-1.6215562744e+03
-1.6152974854e+03
-1.6152974854e+03
-1.6215562744e+03
-1.6132849121e+03
-1.6210837402e+03
-1.3029389648e+03
-1.2954526367e+03
-1.3012243652e+03
-1.2955688477e+03
-1.2955688477e+03
-1.3012243652e+03
-1.2954526367e+03
-1.3029389648e+03
-9.9817297363e+02
-9.9225891113e+02
-9.9613116455e+02
-9.9177203369e+02
-9.9177203369e+02
-9.9613116455e+02
-9.9225891113e+02
-9.9817297363e+02
-6.7978436279e+02
-6.7513372803e+02
-6.7693280029e+02
-6.7371008301e+02
-6.7371008301e+02
-6.7693280029e+02
-6.7513372803e+02
-6.7978436279e+02
-3.6495947266e+02
-3.6167095947e+02
-3.6147296143e+02
-3.5954989624e+02
-3.5954989624e+02
-3.6147296143e+02
-3.6167095947e+02
-3.6495947266e+02
-3.9049644470e+01
-3.7172798157e+01
-3.4970924377e+01
-3.4226951599e+01
-3.4226951599e+01
-3.4970924377e+01
-3.7172798157e+01
-3.9049644470e+01
2.8147650146e+02
2.8200506592e+02
2.8603152466e+02
2.8548333740e+02
2.8548333740e+02
2.8603152466e+02
2.8200506592e+02
2.8147650146e+02
6.2124353027e+02
6.2049951172e+02
6.2644165039e+02
6.2487780762e+02
6.2487780762e+02
6.2644165039e+02
6.2049951172e+02
6.2124353027e+02
9.4534149170e+02
9.4308319092e+02
9.5032025146e+02
9.4749670410e+02
9.4749670410e+02
9.5032025146e+02
9.4308319092e+02
9.4534149170e+02
1.2906767578e+03
1.2853280029e+03
1.2933015137e+03
1.2891816406e+03
1.2891816406e+03
1.2933015137e+03
1.2853280029e+03
1.2906767578e+03
-1.8295439453e+03
-1.8337187500e+03
-1.8266441650e+03
-1.8311961670e+03
-1.8311961670e+03
-1.8266441650e+03
-1.8337187500e+03
-1.8295439453e+03
-1.6134488525e+03
-1.6156365967e+03
-1.6081776123e+03
-1.6124353027e+03
-1.6124353027e+03
-1.6081776123e+03
-1.6156365967e+03
-1.6134488525e+03
-1.3680273438e+03
-1.3686425781e+03
-1.3611293945e+03
-1.3642811279e+03
-1.3642811279e+03
-1.3611293945e+03
-1.3686425781e+03
-1.3680273438e+03
-1.1421282959e+03
-1.1424571533e+03
-1.1360115967e+03
-1.1386884766e+03
-1.1386884766e+03
-1.1360115967e+03
-1.1424571533e+03
-1.1421282959e+03
-8.9531707764e+02
-8.9472729492e+02
-8.8908648682e+02
-8.9087493896e+02
-8.9087493896e+02
-8.8908648682e+02
-8.9472729492e+02
-8.9531707764e+02
-6.5426550293e+02
-6.5297265625e+02
-6.4837658691e+02
-6.4949285889e+02
-6.4949285889e+02
-6.4837658691e+02
-6.5297265625e+02
-6.5426550293e+02
-4.0143048096e+02
-3.9944451904e+02
-3.9587411499e+02
-3.9619546509e+02
-3.9619546509e+02
-3.9587411499e+02
-3.9944451904e+02
-4.0143048096e+02
-1.5145889282e+02
-1.4868394470e+02
-1.4617427063e+02
-1.4585189819e+02
-1.4585189819e+02
-1.4617427063e+02
-1.4868394470e+02
-1.5145889282e+02
1.1240303802e+02
1.1571407318e+02
1.1714257812e+02
1.1817449951e+02
1.1817449951e+02
1.1714257812e+02
1.1571407318e+02
1.1240303802e+02
3.6664288330e+02
3.7068374634e+02
3.7107748413e+02
3.7247869873e+02
3.7247869873e+02
3.7107748413e+02
3.7068374634e+02
3.6664288330e+02
6.4294342041e+02
6.4703167725e+02
6.4583496094e+02
6.4748077393e+02
6.4748077393e+02
6.4583496094e+02
6.4703167725e+02
6.4294342041e+02
9.1265039062e+02
9.1680780029e+02
9.1395257568e+02
9.1593103027e+02
9.1593103027e+02
9.1395257568e+02
9.1680780029e+02
9.1265039062e+02
-1.4519654541e+03
-1.4490875244e+03
-1.4513696289e+03
-1.4492851562e+03
-1.4492851562e+03
-1.4513696289e+03
-1.4490875244e+03
-1.4519654541e+03
-1.2889946289e+03
-1.2848033447e+03
-1.2861478271e+03
-1.2833205566e+03
-1.2833205566e+03
-1.2861478271e+03
-1.2848033447e+03
-1.2889946289e+03
-1.1397174072e+03
-1.1354975586e+03
-1.1364226074e+03
-1.1335825195e+03
-1.1335825195e+03
-1.1364226074e+03
-1.1354975586e+03
-1.1397174072e+03
-9.6454693604e+02
-9.5998828125e+02
-9.6049237061e+02
-9.5737261963e+02
-9.5737261963e+02
-9.6049237061e+02
-9.5998828125e+02
-9.6454693604e+02
-8.0026263428e+02
-7.9575982666e+02
-7.9605877686e+02
-7.9317431641e+02
-7.9317431641e+02
-7.9605877686e+02
-7.9575982666e+02
-8.0026263428e+02
-6.2111901855e+02
-6.1667431641e+02
-6.1670794678e+02
-6.1390020752e+02
-6.1390020752e+02
-6.1670794678e+02
-6.1667431641e+02
-6.2111901855e+02
-4.4464337158e+02
-4.4021475220e+02
-4.4003842163e+02
-4.3746771240e+02
-4.3746771240e+02
-4.4003842163e+02
-4.4021475220e+02
-4.4464337158e+02
-2.5612857056e+02
-2.5192625427e+02
-2.5156762695e+02
-2.4912797546e+02
-2.4912797546e+02
-2.5156762695e+02
-2.5192625427e+02
-2.5612857056e+02
-7.2006576538e+01
-6.7671363831e+01
-6.7133682251e+01
-6.4938919067e+01
-6.4938919067e+01
-6.7133682251e+01
-6.7671363831e+01
-7.2006576538e+01
1.3049780273e+02
1.3414379883e+02
1.3437896729e+02
1.3636390686e+02
1.3636390686e+02
1.3437896729e+02
1.3414379883e+02
1.3049780273e+02
3.2314746094e+02
3.2722918701e+02
3.2750875854e+02
3.2928695679e+02
3.2928695679e+02
3.2750875854e+02
3.2722918701e+02
3.2314746094e+02
5.3188836670e+02
5.3356079102e+02
5.3300238037e+02
5.3407574463e+02
5.3407574463e+02
5.3300238037e+02
5.3356079102e+02
5.3188836670e+02
-1.0580230713e+03
-1.0554320068e+03
-1.0565838623e+03
-1.0557233887e+03
-1.0557233887e+03
-1.0565838623e+03
-1.0554320068e+03
-1.0580230713e+03
-9.8176580811e+02
-9.7778149414e+02
-9.7730096436e+02
-9.7671673584e+02
-9.7671673584e+02
-9.7730096436e+02
-9.7778149414e+02
-9.8176580811e+02
-8.8331933594e+02
-8.7966308594e+02
-8.7788684082e+02
-8.7726922607e+02
-8.7726922607e+02
-8.7788684082e+02
-8.7966308594e+02
-8.8331933594e+02
-7.9791235352e+02
-7.9450476074e+02
-7.9178125000e+02
-7.9155413818e+02
-7.9155413818e+02
-7.9178125000e+02
-7.9450476074e+02
-7.9791235352e+02
-6.9256396484e+02
-6.8967462158e+02
-6.8619403076e+02
-6.8614923096e+02
-6.8614923096e+02
-6.8619403076e+02
-6.8967462158e+02
-6.9256396484e+02
-5.9206890869e+02
-5.8958532715e+02
-5.8546624756e+02
-5.8581811523e+02
-5.8581811523e+02
-5.8546624756e+02
-5.8958532715e+02
-5.9206890869e+02
-4.7915420532e+02
-4.7723803711e+02
-4.7248843384e+02
-4.7312506104e+02
-4.7312506104e+02
-4.7248843384e+02
-4.7723803711e+02
-4.7915420532e+02
-3.6828677368e+02
-3.6669955444e+02
-3.6132577515e+02
-3.6239080811e+02
-3.6239080811e+02
-3.6132577515e+02
-3.6669955444e+02
-3.6828677368e+02
-2.4332228088e+02
-2.4262480164e+02
-2.3681437683e+02
-2.3826026917e+02
-2.3826026917e+02
-2.3681437683e+02
-2.4262480164e+02
-2.4332228088e+02
-1.2563774872e+02
-1.2477583313e+02
-1.1797068024e+02
-1.1994119263e+02
-1.1994119263e+02
-1.1797068024e+02
-1.2477583313e+02
-1.2563774872e+02
1.1306438446e+01
1.0179619789e+01
1.6456359863e+01
1.3581800461e+01
1.3581800461e+01
1.6456359863e+01
1.0179619789e+01
1.1306438446e+01
1.4585665894e+02
1.4385981750e+02
1.4980223083e+02
1.4654634094e+02
1.4654634094e+02
1.4980223083e+02
1.4385981750e+02
1.4585665894e+02
-6.6794775391e+02
-6.7091925049e+02
-6.6471160889e+02
-6.6753247070e+02
-6.6753247070e+02
-6.6471160889e+02
-6.7091925049e+02
-6.6794775391e+02
-6.5242376709e+02
-6.5326348877e+02
-6.4735394287e+02
-6.4879626465e+02
-6.4879626465e+02
-6.4735394287e+02
-6.5326348877e+02
-6.5242376709e+02
-6.4402392578e+02
-6.4288928223e+02
-6.3777258301e+02
-6.3815112305e+02
-6.3815112305e+02
-6.3777258301e+02
-6.4288928223e+02
-6.4402392578e+02
-6.1365222168e+02
-6.1162152100e+02
-6.0809985352e+02
-6.0735833740e+02
-6.0735833740e+02
-6.0809985352e+02
-6.1162152100e+02
-6.1365222168e+02
-5.9179980469e+02
-5.8837292480e+02
-5.8621020508e+02
-5.8467834473e+02
-5.8467834473e+02
-5.8621020508e+02
-5.8837292480e+02
-5.9179980469e+02
-5.5512347412e+02
-5.5064202881e+02
-5.4990893555e+02
-5.4743695068e+02
-5.4743695068e+02
-5.4990893555e+02
-5.5064202881e+02
-5.5512347412e+02
-5.2044177246e+02
-5.1471588135e+02
-5.1544989014e+02
-5.1218615723e+02
-5.1218615723e+02
-5.1544989014e+02
-5.1471588135e+02
-5.2044177246e+02
-4.7358856201e+02
-4.6696252441e+02
-4.6922619629e+02
-4.6507876587e+02
-4.6507876587e+02
-4.6922619629e+02
-4.6696252441e+02
-4.7358856201e+02
-4.2999566650e+02
-4.2183789062e+02
-4.2552774048e+02
-4.2059609985e+02
-4.2059609985e+02
-4.2552774048e+02
-4.2183789062e+02
-4.2999566650e+02
-3.6923562622e+02
-3.6121716309e+02
-3.6727325439e+02
-3.6170373535e+02
-3.6170373535e+02
-3.6727325439e+02
-3.6121716309e+02
-3.6923562622e+02
-3.1604617310e+02
-3.0547595215e+02
-3.1267172241e+02
-3.0622817993e+02
-3.0622817993e+02
-3.1267172241e+02
-3.0547595215e+02
-3.1604617310e+02
-2.4782171631e+02
-2.3914961243e+02
-2.4879652405e+02
-2.4241134644e+02
-2.4241134644e+02
-2.4879652405e+02
-2.3914961243e+02
-2.4782171631e+02
-2.7683758545e+02
-2.6725839233e+02
-2.7688366699e+02
-2.7146572876e+02
-2.7146572876e+02
-2.7688366699e+02
-2.6725839233e+02
-2.7683758545e+02
-3.4161770630e+02
-3.3149212646e+02
-3.3799911499e+02
-3.3346395874e+02
-3.3346395874e+02
-3.3799911499e+02
-3.3149212646e+02
-3.4161770630e+02
-3.8793463135e+02
-3.8035275269e+02
-3.8427874756e+02
-3.8066372681e+02
-3.8066372681e+02
-3.8427874756e+02
-3.8035275269e+02
-3.8793463135e+02
-4.4376770020e+02
-4.3719403076e+02
-4.3806686401e+02
-4.3559387207e+02
-4.3559387207e+02
-4.3806686401e+02
-4.3719403076e+02
-4.4376770020e+02
-4.8124618530e+02
-4.7683264160e+02
-4.7528198242e+02
-4.7391754150e+02
-4.7391754150e+02
-4.7528198242e+02
-4.7683264160e+02
-4.8124618530e+02
-5.2255383301e+02
-5.1986816406e+02
-5.1590216064e+02
-5.1585949707e+02
-5.1585949707e+02
-5.1590216064e+02
-5.1986816406e+02
-5.2255383301e+02
-5.5165393066e+02
-5.5099884033e+02
-5.4464019775e+02
-5.4582781982e+02
-5.4582781982e+02
-5.4464019775e+02
-5.5099884033e+02
-5.5165393066e+02
-5.8224932861e+02
-5.8327703857e+02
-5.7450115967e+02
-5.7704638672e+02
-5.7704638672e+02
-5.7450115967e+02
-5.8327703857e+02
-5.8224932861e+02
-5.9962268066e+02
-6.0312701416e+02
-5.9217254639e+02
-5.9604327393e+02
-5.9604327393e+02
-5.9217254639e+02
-6.0312701416e+02
-5.9962268066e+02
-6.2273767090e+02
-6.2690435791e+02
-6.1287695312e+02
-6.1808935547e+02
-6.1808935547e+02
-6.1287695312e+02
-6.2690435791e+02
-6.2273767090e+02
-6.2711004639e+02
-6.3587902832e+02
-6.2122149658e+02
-6.2841430664e+02
-6.2841430664e+02
-6.2122149658e+02
-6.3587902832e+02
-6.2711004639e+02
-6.3438653564e+02
-6.4458416748e+02
-6.2852777100e+02
-6.3678240967e+02
-6.3678240967e+02
-6.2852777100e+02
-6.4458416748e+02
-6.3438653564e+02
1.1782941437e+02
1.0675038147e+02
1.2235735321e+02
1.1588654327e+02
1.1588654327e+02
1.2235735321e+02
1.0675038147e+02
1.1782941437e+02
-1.0221712112e+01
-1.8292495728e+01
-4.8240051270e+00
-9.3859205246e+00
-9.3859205246e+00
-4.8240051270e+00
-1.8292495728e+01
-1.0221712112e+01
-1.4325872803e+02
-1.4667526245e+02
-1.3541065979e+02
-1.3812518311e+02
-1.3812518311e+02
-1.3541065979e+02
-1.4667526245e+02
-1.4325872803e+02
-2.5639010620e+02
-2.5784356689e+02
-2.5048182678e+02
-2.5150910950e+02
-2.5150910950e+02
-2.5048182678e+02
-2.5784356689e+02
-2.5639010620e+02
-3.7637060547e+02
-3.7451101685e+02
-3.7043460083e+02
-3.6995700073e+02
-3.6995700073e+02
-3.7043460083e+02
-3.7451101685e+02
-3.7637060547e+02
-4.8270977783e+02
-4.7815600586e+02
-4.7750967407e+02
-4.7536816406e+02
-4.7536816406e+02
-4.7750967407e+02
-4.7815600586e+02
-4.8270977783e+02
-5.9063385010e+02
-5.8306701660e+02
-5.8588208008e+02
-5.8219519043e+02
-5.8219519043e+02
-5.8588208008e+02
-5.8306701660e+02
-5.9063385010e+02
-6.8704138184e+02
-6.7689050293e+02
-6.8325793457e+02
-6.7795733643e+02
-6.7795733643e+02
-6.8325793457e+02
-6.7689050293e+02
-6.8704138184e+02
-7.8570452881e+02
-7.7216485596e+02
-7.8200329590e+02
-7.7517382812e+02
-7.7517382812e+02
-7.8200329590e+02
-7.7216485596e+02
-7.8570452881e+02
-8.6883172607e+02
-8.5421636963e+02
-8.6863916016e+02
-8.6049945068e+02
-8.6049945068e+02
-8.6863916016e+02
-8.5421636963e+02
-8.6883172607e+02
-9.6038598633e+02
-9.3997912598e+02
-9.5683636475e+02
-9.4686657715e+02
-9.4686657715e+02
-9.5683636475e+02
-9.3997912598e+02
-9.6038598633e+02
-1.0345999756e+03
-1.0157663574e+03
-1.0372335205e+03
-1.0267015381e+03
-1.0267015381e+03
-1.0372335205e+03
-1.0157663574e+03
-1.0345999756e+03
4.9792208862e+02
5.1779241943e+02
4.9756442261e+02
5.0523272705e+02
5.0523272705e+02
4.9756442261e+02
5.1779241943e+02
4.9792208862e+02
2.9407177734e+02
3.1332571411e+02
2.9840676880e+02
3.0478973389e+02
3.0478973389e+02
2.9840676880e+02
3.1332571411e+02
2.9407177734e+02
1.0817453003e+02
1.2133430481e+02
1.1045002747e+02
1.1536161804e+02
1.1536161804e+02
1.1045002747e+02
1.2133430481e+02
1.0817453003e+02
-8.6756858826e+01
-7.6288101196e+01
-8.1629684448e+01
-7.8155273438e+01
-7.8155273438e+01
-8.1629684448e+01
-7.6288101196e+01
-8.6756858826e+01
-2.6539947510e+02
-2.5952960205e+02
-2.6020620728e+02
-2.5822470093e+02
-2.5822470093e+02
-2.6020620728e+02
-2.5952960205e+02
-2.6539947510e+02
-4.4693707275e+02
-4.4500622559e+02
-4.4098617554e+02
-4.4072308350e+02
-4.4072308350e+02
-4.4098617554e+02
-4.4500622559e+02
-4.4693707275e+02
-6.1731286621e+02
-6.1973144531e+02
-6.1102807617e+02
-6.1242913818e+02
-6.1242913818e+02
-6.1102807617e+02
-6.1973144531e+02
-6.1731286621e+02
-7.8899920654e+02
-7.9537048340e+02
-7.8193511963e+02
-7.8509716797e+02
-7.8509716797e+02
-7.8193511963e+02
-7.9537048340e+02
-7.8899920654e+02
-9.4918499756e+02
-9.6041662598e+02
-9.4240740967e+02
-9.4732226562e+02
-9.4732226562e+02
-9.4240740967e+02
-9.6041662598e+02
-9.4918499756e+02
-1.1139625244e+03
-1.1278061523e+03
-1.1043787842e+03
-1.1110651855e+03
-1.1110651855e+03
-1.1043787842e+03
-1.1278061523e+03
-1.1139625244e+03
-1.2589168701e+03
-1.2815582275e+03
-1.2560479736e+03
-1.2654467773e+03
-1.2654467773e+03
-1.2560479736e+03
-1.2815582275e+03
-1.2589168701e+03
-1.4121804199e+03
-1.4363438721e+03
-1.4066510010e+03
-1.4175893555e+03
-1.4175893555e+03
-1.4066510010e+03
-1.4363438721e+03
-1.4121804199e+03
8.9243737793e+02
8.6734149170e+02
8.9479327393e+02
8.8817919922e+02
8.8817919922e+02
8.9479327393e+02
8.6734149170e+02
8.9243737793e+02
6.2717181396e+02
6.0608569336e+02
6.2843389893e+02
6.2372039795e+02
6.2372039795e+02
6.2843389893e+02
6.0608569336e+02
6.2717181396e+02
3.5415899658e+02
3.4232159424e+02
3.6080755615e+02
3.5800561523e+02
3.5800561523e+02
3.6080755615e+02
3.4232159424e+02
3.5415899658e+02
1.0079650116e+02
9.3428413391e+01
1.0527983093e+02
1.0395975494e+02
1.0395975494e+02
1.0527983093e+02
9.3428413391e+01
1.0079650116e+02
-1.5810296631e+02
-1.5902192688e+02
-1.5312593079e+02
-1.5311921692e+02
-1.5311921692e+02
-1.5312593079e+02
-1.5902192688e+02
-1.5810296631e+02
-4.0538571167e+02
-4.0062823486e+02
-4.0082824707e+02
-3.9932568359e+02
-3.9932568359e+02
-4.0082824707e+02
-4.0062823486e+02
-4.0538571167e+02
-6.5413867188e+02
-6.4329309082e+02
-6.4964178467e+02
-6.4671173096e+02
-6.4671173096e+02
-6.4964178467e+02
-6.4329309082e+02
-6.5413867188e+02
-8.9278350830e+02
-8.7627587891e+02
-8.8886328125e+02
-8.8446514893e+02
-8.8446514893e+02
-8.8886328125e+02
-8.7627587891e+02
-8.9278350830e+02
-1.1332032471e+03
-1.1101430664e+03
-1.1289853516e+03
-1.1231376953e+03
-1.1231376953e+03
-1.1289853516e+03
-1.1101430664e+03
-1.1332032471e+03
-1.3609793701e+03
-1.3338051758e+03
-1.3596435547e+03
-1.3524501953e+03
-1.3524501953e+03
-1.3596435547e+03
-1.3338051758e+03
-1.3609793701e+03
-1.6002238770e+03
-1.5618100586e+03
-1.5916756592e+03
-1.5822852783e+03
-1.5822852783e+03
-1.5916756592e+03
-1.5618100586e+03
-1.6002238770e+03
-1.8155179443e+03
-1.7786933594e+03
-1.8166898193e+03
-1.8064990234e+03
-1.8064990234e+03
-1.8166898193e+03
-1.7786933594e+03
-1.8155179443e+03
1.2485003662e+03
1.2868947754e+03
1.2535715332e+03
1.2581744385e+03
1.2581744385e+03
1.2535715332e+03
1.2868947754e+03
1.2485003662e+03
9.0955493164e+02
9.4581109619e+02
9.2121966553e+02
9.2501153564e+02
9.2501153564e+02
9.2121966553e+02
9.4581109619e+02
9.0955493164e+02
5.9279919434e+02
6.1663183594e+02
5.9752947998e+02
6.0030975342e+02
6.0030975342e+02
5.9752947998e+02
6.1663183594e+02
5.9279919434e+02
2.6501177979e+02
2.8215460205e+02
2.7118270874e+02
2.7329736328e+02
2.7329736328e+02
2.7118270874e+02
2.8215460205e+02
2.6501177979e+02
-4.9708408356e+01
-4.1538864136e+01
-4.4990207672e+01
-4.3493095398e+01
-4.3493095398e+01
-4.4990207672e+01
-4.1538864136e+01
-4.9708408356e+01
-3.6686215210e+02
-3.6689477539e+02
-3.6278549194e+02
-3.6209341431e+02
-3.6209341431e+02
-3.6278549194e+02
-3.6689477539e+02
-3.6686215210e+02
-6.7463085938e+02
-6.8334027100e+02
-6.7162860107e+02
-6.7173382568e+02
-6.7173382568e+02
-6.7162860107e+02
-6.8334027100e+02
-6.7463085938e+02
-9.8372558594e+02
-1.0007880249e+03
-9.8145458984e+02
-9.8243273926e+02
-9.8243273926e+02
-9.8145458984e+02
-1.0007880249e+03
-9.8372558594e+02
-1.2832044678e+03
-1.3096041260e+03
-1.2827327881e+03
-1.2847003174e+03
-1.2847003174e+03
-1.2827327881e+03
-1.3096041260e+03
-1.2832044678e+03
-1.5854022217e+03
-1.6191539307e+03
-1.5845924072e+03
-1.5877697754e+03
-1.5877697754e+03
-1.5845924072e+03
-1.6191539307e+03
-1.5854022217e+03
-1.8667801514e+03
-1.9162790527e+03
-1.8777838135e+03
-1.8833515625e+03
-1.8833515625e+03
-1.8777838135e+03
-1.9162790527e+03
-1.8667801514e+03
-2.1686618652e+03
-2.2190739746e+03
-2.1715361328e+03
-2.1782360840e+03
-2.1782360840e+03
-2.1715361328e+03
-2.2190739746e+03
-2.1686618652e+03
1.6449273682e+03
1.5926652832e+03
1.6315555420e+03
1.6311635742e+03
1.6311635742e+03
1.6315555420e+03
1.5926652832e+03
1.6449273682e+03
1.2527938232e+03
1.2057872314e+03
1.2352404785e+03
1.2353724365e+03
1.2353724365e+03
1.2352404785e+03
1.2057872314e+03
1.2527938232e+03
8.4273522949e+02
8.1331250000e+02
8.3775585938e+02
8.3857360840e+02
8.3857360840e+02
8.3775585938e+02
8.1331250000e+02
8.4273522949e+02
4.5244631958e+02
4.3365563965e+02
4.4958117676e+02
4.5045925903e+02
4.5045925903e+02
4.4958117676e+02
4.3365563965e+02
4.5244631958e+02
5.8570701599e+01
5.2509002686e+01
6.0006504059e+01
6.0601261139e+01
6.0601261139e+01
6.0006504059e+01
5.2509002686e+01
5.8570701599e+01
-3.2590136719e+02
-3.2005072021e+02
-3.2114471436e+02
-3.2076702881e+02
-3.2076702881e+02
-3.2114471436e+02
-3.2005072021e+02
-3.2590136719e+02
-7.1204449463e+02
-6.9381311035e+02
-7.0362805176e+02
-7.0349053955e+02
-7.0349053955e+02
-7.0362805176e+02
-6.9381311035e+02
-7.1204449463e+02
-1.0905394287e+03
-1.0601754150e+03
-1.0787010498e+03
-1.0787561035e+03
-1.0787561035e+03
-1.0787010498e+03
-1.0601754150e+03
-1.0905394287e+03
-1.4716947021e+03
-1.4281761475e+03
-1.4554073486e+03
-1.4554555664e+03
-1.4554555664e+03
-1.4554073486e+03
-1.4281761475e+03
-1.4716947021e+03
-1.8451799316e+03
-1.7902421875e+03
-1.8259165039e+03
-1.8257841797e+03
-1.8257841797e+03
-1.8259165039e+03
-1.7902421875e+03
-1.8451799316e+03
-2.2320622559e+03
-2.1570380859e+03
-2.1984394531e+03
-2.1972355957e+03
-2.1972355957e+03
-2.1984394531e+03
-2.1570380859e+03
-2.2320622559e+03
-2.5811281738e+03
-2.5083112793e+03
-2.5638410645e+03
-2.5631110840e+03
-2.5631110840e+03
-2.5638410645e+03
-2.5083112793e+03
-2.5811281738e+03
1.9461545410e+03
2.0219373779e+03
1.9833046875e+03
1.9795241699e+03
1.9795241699e+03
1.9833046875e+03
2.0219373779e+03
1.9461545410e+03
1.4763807373e+03
1.5480446777e+03
1.5221699219e+03
1.5196101074e+03
1.5196101074e+03
1.5221699219e+03
1.5480446777e+03
1.4763807373e+03
1.0415727539e+03
1.0896447754e+03
1.0687467041e+03
1.0666817627e+03
1.0666817627e+03
1.0687467041e+03
1.0896447754e+03
1.0415727539e+03
5.9505950928e+02
6.2680310059e+02
6.1346990967e+02
6.1218280029e+02
6.1218280029e+02
6.1346990967e+02
6.2680310059e+02
5.9505950928e+02
1.5706365967e+02
1.7035098267e+02
1.6485379028e+02
1.6463470459e+02
1.6463470459e+02
1.6485379028e+02
1.7035098267e+02
1.5706365967e+02
-2.8366271973e+02
-2.8807849121e+02
-2.8562396240e+02
-2.8475985718e+02
-2.8475985718e+02
-2.8562396240e+02
-2.8807849121e+02
-2.8366271973e+02
-7.1718048096e+02
-7.3982678223e+02
-7.2926226807e+02
-7.2732330322e+02
-7.2732330322e+02
-7.2926226807e+02
-7.3982678223e+02
-7.1718048096e+02
-1.1516282959e+03
-1.1924777832e+03
-1.1739271240e+03
-1.1710061035e+03
-1.1710061035e+03
-1.1739271240e+03
-1.1924777832e+03
-1.1516282959e+03
-1.5777250977e+03
-1.6378811035e+03
-1.6114901123e+03
-1.6079342041e+03
-1.6079342041e+03
-1.6114901123e+03
-1.6378811035e+03
-1.5777250977e+03
-2.0043073730e+03
-2.0827324219e+03
-2.0492578125e+03
-2.0454036865e+03
-2.0454036865e+03
-2.0492578125e+03
-2.0827324219e+03
-2.0043073730e+03
-2.4151323242e+03
-2.5198898926e+03
-2.4812883301e+03
-2.4777277832e+03
-2.4777277832e+03
-2.4812883301e+03
-2.5198898926e+03
-2.4151323242e+03
-2.8684787598e+03
-2.9729826660e+03
-2.9179086914e+03
-2.9127412109e+03
-2.9127412109e+03
-2.9179086914e+03
-2.9729826660e+03
-2.8684787598e+03
2.3728115234e+03
2.2696398926e+03
2.2967668457e+03
2.3014589844e+03
2.3014589844e+03
2.2967668457e+03
2.2696398926e+03
2.3728115234e+03
1.8701981201e+03
1.7735587158e+03
1.7882343750e+03
1.7909465332e+03
1.7909465332e+03
1.7882343750e+03
1.7735587158e+03
1.8701981201e+03
1.3295745850e+03
1.2635205078e+03
1.2764097900e+03
1.2786726074e+03
1.2786726074e+03
1.2764097900e+03
1.2635205078e+03
1.3295745850e+03
8.0240118408e+02
7.6028997803e+02
7.6986389160e+02
7.7184478760e+02
7.7184478760e+02
7.6986389160e+02
7.6028997803e+02
8.0240118408e+02
2.7261230469e+02
2.5645004272e+02
2.6211004639e+02
2.6350344849e+02
2.6350344849e+02
2.6211004639e+02
2.5645004272e+02
2.7261230469e+02
-2.5055860901e+02
-2.4134162903e+02
-2.3971424866e+02
-2.3903771973e+02
-2.3903771973e+02
-2.3971424866e+02
-2.4134162903e+02
-2.5055860901e+02
-7.7618395996e+02
-7.4101196289e+02
-7.4363385010e+02
-7.4368756104e+02
-7.4368756104e+02
-7.4363385010e+02
-7.4101196289e+02
-7.7618395996e+02
-1.2975422363e+03
-1.2362597656e+03
-1.2429689941e+03
-1.2437019043e+03
-1.2437019043e+03
-1.2429689941e+03
-1.2362597656e+03
-1.2975422363e+03
-1.8227500000e+03
-1.7343673096e+03
-1.7452023926e+03
-1.7463248291e+03
-1.7463248291e+03
-1.7452023926e+03
-1.7343673096e+03
-1.8227500000e+03
-2.3435314941e+03
-2.2289753418e+03
-2.2434479980e+03
-2.2451044922e+03
-2.2451044922e+03
-2.2434479980e+03
-2.2289753418e+03
-2.3435314941e+03
-2.8687248535e+03
-2.7227326660e+03
-2.7419572754e+03
-2.7447849121e+03
-2.7447849121e+03
-2.7419572754e+03
-2.7227326660e+03
-2.8687248535e+03
-3.3354023438e+03
-3.1915356445e+03
-3.2312666016e+03
-3.2382670898e+03
-3.2382670898e+03
-3.2312666016e+03
-3.1915356445e+03
-3.3354023438e+03
2.5556984863e+03
2.6771755371e+03
2.6738374023e+03
2.6744267578e+03
2.6744267578e+03
2.6738374023e+03
2.6771755371e+03
2.5556984863e+03
1.9635179443e+03
2.0810429688e+03
2.0893005371e+03
2.0925563965e+03
2.0925563965e+03
2.0893005371e+03
2.0810429688e+03
1.9635179443e+03
1.4217327881e+03
1.5055704346e+03
1.5118533936e+03
1.5149468994e+03
1.5149468994e+03
1.5118533936e+03
1.5055704346e+03
1.4217327881e+03
8.7772473145e+02
9.3237896729e+02
9.3506536865e+02
9.3667718506e+02
9.3667718506e+02
9.3506536865e+02
9.3237896729e+02
8.7772473145e+02
3.4091598511e+02
3.6406689453e+02
3.6342639160e+02
3.6323956299e+02
3.6323956299e+02
3.6342639160e+02
3.6406689453e+02
3.4091598511e+02
-1.9772486877e+02
-2.0587522888e+02
-2.1008670044e+02
-2.1201722717e+02
-2.1201722717e+02
-2.1008670044e+02
-2.0587522888e+02
-1.9772486877e+02
-7.3152685547e+02
-7.7162475586e+02
-7.7923681641e+02
-7.8293377686e+02
-7.8293377686e+02
-7.7923681641e+02
-7.7162475586e+02
-7.3152685547e+02
-1.2672219238e+03
-1.3396007080e+03
-1.3507363281e+03
-1.3561967773e+03
-1.3561967773e+03
-1.3507363281e+03
-1.3396007080e+03
-1.2672219238e+03
-1.7993928223e+03
-1.9045697021e+03
-1.9189160156e+03
-1.9261540527e+03
-1.9261540527e+03
-1.9189160156e+03
-1.9045697021e+03
-1.7993928223e+03
-2.3368393555e+03
-2.4739414062e+03
-2.4910664062e+03
-2.4993652344e+03
-2.4993652344e+03
-2.4910664062e+03
-2.4739414062e+03
-2.3368393555e+03
-2.8788110352e+03
-3.0486669922e+03
-3.0648579102e+03
-3.0723562012e+03
-3.0723562012e+03
-3.0648579102e+03
-3.0486669922e+03
-2.8788110352e+03
-3.4779294434e+03
-3.6494291992e+03
-3.6479953613e+03
-3.6508073730e+03
-3.6508073730e+03
-3.6479953613e+03
-3.6494291992e+03
-3.4779294434e+03
2.9849868164e+03
2.9159157715e+03
2.9085471191e+03
2.9051535645e+03
2.9051535645e+03
2.9085471191e+03
2.9159157715e+03
2.9849868164e+03
2.3779926758e+03
2.3059729004e+03
2.2919421387e+03
2.2868996582e+03
2.2868996582e+03
2.2919421387e+03
2.3059729004e+03
2.3779926758e+03
1.7395219727e+03
1.6861976318e+03
1.6739254150e+03
1.6691025391e+03
1.6691025391e+03
1.6739254150e+03
1.6861976318e+03
1.7395219727e+03
1.1043767090e+03
1.0658741455e+03
1.0578547363e+03
1.0543338623e+03
1.0543338623e+03
1.0578547363e+03
1.0658741455e+03
1.1043767090e+03
4.6566226196e+02
4.4368734741e+02
4.3937277222e+02
4.3768508911e+02
4.3768508911e+02
4.3937277222e+02
4.4368734741e+02
4.6566226196e+02
-1.6983039856e+02
-1.7553625488e+02
-1.7574430847e+02
-1.7570390320e+02
-1.7570390320e+02
-1.7574430847e+02
-1.7553625488e+02
-1.6983039856e+02
-8.0771722412e+02
-7.9672705078e+02
-7.9306518555e+02
-7.9126037598e+02
-7.9126037598e+02
-7.9306518555e+02
-7.9672705078e+02
-8.0771722412e+02
-1.4424538574e+03
-1.4145275879e+03
-1.4068651123e+03
-1.4033371582e+03
-1.4033371582e+03
-1.4068651123e+03
-1.4145275879e+03
-1.4424538574e+03
-2.0786237793e+03
-2.0336931152e+03
-2.0224152832e+03
-2.0172744141e+03
-2.0172744141e+03
-2.0224152832e+03
-2.0336931152e+03
-2.0786237793e+03
-2.7100285645e+03
-2.6482644043e+03
-2.6339055176e+03
-2.6278967285e+03
-2.6278967285e+03
-2.6339055176e+03
-2.6482644043e+03
-2.7100285645e+03
-3.3362915039e+03
-3.2590720215e+03
-3.2447797852e+03
-3.2390898438e+03
-3.2390898438e+03
-3.2447797852e+03
-3.2590720215e+03
-3.3362915039e+03
-3.9388664551e+03
-3.8588190918e+03
-3.8518728027e+03
-3.8481611328e+03
-3.8481611328e+03
-3.8518728027e+03
-3.8588190918e+03
-3.9388664551e+03
3.2394589844e+03
3.1852949219e+03
3.1812092285e+03
3.1786062012e+03
3.1786062012e+03
3.1812092285e+03
3.1852949219e+03
3.2394589844e+03
2.5807160645e+03
2.5301733398e+03
2.5208430176e+03
2.5169772949e+03
2.5169772949e+03
2.5208430176e+03
2.5301733398e+03
2.5807160645e+03
1.9046484375e+03
1.8688966064e+03
1.8600039062e+03
1.8562878418e+03
1.8562878418e+03
1.8600039062e+03
1.8688966064e+03
1.9046484375e+03
1.2223096924e+03
1.2020479736e+03
1.1962500000e+03
1.1934687500e+03
1.1934687500e+03
1.1962500000e+03
1.2020479736e+03
1.2223096924e+03
5.3940899658e+02
5.3531445312e+02
5.3298651123e+02
5.3187689209e+02
5.3187689209e+02
5.3298651123e+02
5.3531445312e+02
5.3940899658e+02
-1.4704350281e+02
-1.3490110779e+02
-1.3342042542e+02
-1.3289329529e+02
-1.3289329529e+02
-1.3342042542e+02
-1.3490110779e+02
-1.4704350281e+02
-8.3270178223e+02
-8.0391406250e+02
-7.9848504639e+02
-7.9610015869e+02
-7.9610015869e+02
-7.9848504639e+02
-8.0391406250e+02
-8.3270178223e+02
-1.5215572510e+03
-1.4763498535e+03
-1.4667664795e+03
-1.4626407471e+03
-1.4626407471e+03
-1.4667664795e+03
-1.4763498535e+03
-1.5215572510e+03
-2.2096491699e+03
-2.1471262207e+03
-2.1335471191e+03
-2.1273808594e+03
-2.1273808594e+03
-2.1335471191e+03
-2.1471262207e+03
-2.2096491699e+03
-2.8986416016e+03
-2.8202861328e+03
-2.8020861816e+03
-2.7945993652e+03
-2.7945993652e+03
-2.8020861816e+03
-2.8202861328e+03
-2.8986416016e+03
-3.5866440430e+03
-3.4878737793e+03
-3.4681601562e+03
-3.4604792480e+03
-3.4604792480e+03
-3.4681601562e+03
-3.4878737793e+03
-3.5866440430e+03
-4.2357436523e+03
-4.1425244141e+03
-4.1312788086e+03
-4.1260854492e+03
-4.1260854492e+03
-4.1312788086e+03
-4.1425244141e+03
-4.2357436523e+03
3.3756943359e+03
3.4912395020e+03
3.4864426270e+03
3.4869409180e+03
3.4869409180e+03
3.4864426270e+03
3.4912395020e+03
3.3756943359e+03
2.6430734863e+03
2.7553027344e+03
2.7645791016e+03
2.7685600586e+03
2.7685600586e+03
2.7645791016e+03
2.7553027344e+03
2.6430734863e+03
1.9531394043e+03
2.0352509766e+03
2.0448161621e+03
2.0492949219e+03
2.0492949219e+03
2.0448161621e+03
2.0352509766e+03
1.9531394043e+03
1.2679460449e+03
1.3204622803e+03
1.3274333496e+03
1.3308583984e+03
1.3308583984e+03
1.3274333496e+03
1.3204622803e+03
1.2679460449e+03
5.8357293701e+02
6.0487908936e+02
6.0876080322e+02
6.1044696045e+02
6.1044696045e+02
6.0876080322e+02
6.0487908936e+02
5.8357293701e+02
-9.9540206909e+01
-1.0954704285e+02
-1.0897454834e+02
-1.0896134949e+02
-1.0896134949e+02
-1.0897454834e+02
-1.0954704285e+02
-9.9540206909e+01
-7.8486230469e+02
-8.2690307617e+02
-8.2980432129e+02
-8.3165679932e+02
-8.3165679932e+02
-8.2980432129e+02
-8.2690307617e+02
-7.8486230469e+02
-1.4696072998e+03
-1.5436287842e+03
-1.5501365967e+03
-1.5537608643e+03
-1.5537608643e+03
-1.5501365967e+03
-1.5436287842e+03
-1.4696072998e+03
-2.1570402832e+03
-2.2643640137e+03
-2.2744489746e+03
-2.2801669922e+03
-2.2801669922e+03
-2.2744489746e+03
-2.2643640137e+03
-2.1570402832e+03
-2.8475529785e+03
-2.9863366699e+03
-3.0004929199e+03
-3.0078154297e+03
-3.0078154297e+03
-3.0004929199e+03
-2.9863366699e+03
-2.8475529785e+03
-3.5411779785e+03
-3.7175739746e+03
-3.7335617676e+03
-3.7412075195e+03
-3.7412075195e+03
-3.7335617676e+03
-3.7175739746e+03
-3.5411779785e+03
-4.2982939453e+03
-4.4772651367e+03
-4.4789116211e+03
-4.4826884766e+03
-4.4826884766e+03
-4.4789116211e+03
-4.4772651367e+03
-4.2982939453e+03
3.7135373535e+03
3.6093698730e+03
3.6364365234e+03
3.6405007324e+03
3.6405007324e+03
3.6364365234e+03
3.6093698730e+03
3.7135373535e+03
2.9868842773e+03
2.8862590332e+03
2.8975363770e+03
2.8988171387e+03
2.8988171387e+03
2.8975363770e+03
2.8862590332e+03
2.9868842773e+03
2.2193818359e+03
2.1472932129e+03
2.1551750488e+03
2.1555539551e+03
2.1555539551e+03
2.1551750488e+03
2.1472932129e+03
2.2193818359e+03
1.4542358398e+03
1.4066497803e+03
1.4107427979e+03
1.4106877441e+03
1.4106877441e+03
1.4107427979e+03
1.4066497803e+03
1.4542358398e+03
6.8813073730e+02
6.6634594727e+02
6.6641241455e+02
6.6587542725e+02
6.6587542725e+02
6.6641241455e+02
6.6634594727e+02
6.8813073730e+02
-7.9763977051e+01
-7.6159553528e+01
-8.0416404724e+01
-8.1718208313e+01
-8.1718208313e+01
-8.0416404724e+01
-7.6159553528e+01
-7.9763977051e+01
-8.4858758545e+02
-8.1893701172e+02
-8.2751129150e+02
-8.2948950195e+02
-8.2948950195e+02
-8.2751129150e+02
-8.1893701172e+02
-8.4858758545e+02
-1.6214750977e+03
-1.5660332031e+03
-1.5789155273e+03
-1.5816850586e+03
-1.5816850586e+03
-1.5789155273e+03
-1.5660332031e+03
-1.6214750977e+03
-2.3977136230e+03
-2.3148718262e+03
-2.3319741211e+03
-2.3351220703e+03
-2.3351220703e+03
-2.3319741211e+03
-2.3148718262e+03
-2.3977136230e+03
-3.1778610840e+03
-3.0696013184e+03
-3.0900971680e+03
-3.0936660156e+03
-3.0936660156e+03
-3.0900971680e+03
-3.0696013184e+03
-3.1778610840e+03
-3.9694580078e+03
-3.8268662109e+03
-3.8503645020e+03
-3.8543583984e+03
-3.8543583984e+03
-3.8503645020e+03
-3.8268662109e+03
-3.9694580078e+03
-4.7115302734e+03
-4.5670512695e+03
-4.6070581055e+03
-4.6144389648e+03
-4.6144389648e+03
-4.6070581055e+03
-4.5670512695e+03
-4.7115302734e+03
3.8030781250e+03
3.8769936523e+03
3.8356181641e+03
3.8312719727e+03
3.8312719727e+03
3.8356181641e+03
3.8769936523e+03
3.8030781250e+03
3.0154572754e+03
3.0858566895e+03
3.0587902832e+03
3.0555905762e+03
3.0555905762e+03
3.0587902832e+03
3.0858566895e+03
3.0154572754e+03
2.2582395020e+03
2.3051369629e+03
2.2829833984e+03
2.2800043945e+03
2.2800043945e+03
2.2829833984e+03
2.3051369629e+03
2.2582395020e+03
1.4905811768e+03
1.5201569824e+03
1.5054088135e+03
1.5029106445e+03
1.5029106445e+03
1.5054088135e+03
1.5201569824e+03
1.4905811768e+03
7.2079974365e+02
7.3171588135e+02
7.2465814209e+02
7.2291687012e+02
7.2291687012e+02
7.2465814209e+02
7.3171588135e+02
7.2079974365e+02
-5.1895580292e+01
-5.8870140076e+01
-5.7777423859e+01
-5.8490673065e+01
-5.8490673065e+01
-5.7777423859e+01
-5.8870140076e+01
-5.1895580292e+01
-8.2790173340e+02
-8.5338287354e+02
-8.4413751221e+02
-8.4389575195e+02
-8.4389575195e+02
-8.4413751221e+02
-8.5338287354e+02
-8.2790173340e+02
-1.6057443848e+03
-1.6492587891e+03
-1.6317215576e+03
-1.6304028320e+03
-1.6304028320e+03
-1.6317215576e+03
-1.6492587891e+03
-1.6057443848e+03
-2.3859738770e+03
-2.4490844727e+03
-2.4233654785e+03
-2.4213134766e+03
-2.4213134766e+03
-2.4233654785e+03
-2.4490844727e+03
-2.3859738770e+03
-3.1691423340e+03
-3.2495559082e+03
-3.2162021484e+03
-3.2135402832e+03
-3.2135402832e+03
-3.2162021484e+03
-3.2495559082e+03
-3.1691423340e+03
-3.9431645508e+03
-4.0507416992e+03
-4.0120708008e+03
-4.0096777344e+03
-4.0096777344e+03
-4.0120708008e+03
-4.0507416992e+03
-3.9431645508e+03
-4.7609086914e+03
-4.8698286133e+03
-4.8165205078e+03
-4.8124428711e+03
-4.8124428711e+03
-4.8165205078e+03
-4.8698286133e+03
-4.7609086914e+03
3.9899477539e+03
3.9338964844e+03
3.9729130859e+03
3.9714614258e+03
3.9714614258e+03
3.9729130859e+03
3.9338964844e+03
3.9899477539e+03
3.1997749023e+03
3.1469414062e+03
3.1740288086e+03
3.1728002930e+03
3.1728002930e+03
3.1740288086e+03
3.1469414062e+03
3.1997749023e+03
2.3858205566e+03
2.3503635254e+03
2.3721110840e+03
2.3715231934e+03
2.3715231934e+03
2.3721110840e+03
2.3503635254e+03
2.3858205566e+03
1.5808049316e+03
1.5563559570e+03
1.5692681885e+03
1.5688001709e+03
1.5688001709e+03
1.5692681885e+03
1.5563559570e+03
1.5808049316e+03
7.7246844482e+02
7.6065393066e+02
7.6496600342e+02
7.6438525391e+02
7.6438525391e+02
7.6496600342e+02
7.6065393066e+02
7.7246844482e+02
-3.7642570496e+01
-3.7630073547e+01
-4.2356975555e+01
-4.3170650482e+01
-4.3170650482e+01
-4.2356975555e+01
-3.7630073547e+01
-3.7642570496e+01
-8.5044940186e+02
-8.3794097900e+02
-8.5158319092e+02
-8.5252185059e+02
-8.5252185059e+02
-8.5158319092e+02
-8.3794097900e+02
-8.5044940186e+02
-1.6669565430e+03
-1.6425800781e+03
-1.6653353271e+03
-1.6665080566e+03
-1.6665080566e+03
-1.6653353271e+03
-1.6425800781e+03
-1.6669565430e+03
-2.4877060547e+03
-2.4499033203e+03
-2.4816794434e+03
-2.4828122559e+03
-2.4828122559e+03
-2.4816794434e+03
-2.4499033203e+03
-2.4877060547e+03
-3.3116047363e+03
-3.2631171875e+03
-3.3037985840e+03
-3.3048627930e+03
-3.3048627930e+03
-3.3037985840e+03
-3.2631171875e+03
-3.3116047363e+03
-4.1540957031e+03
-4.0851166992e+03
-4.1316826172e+03
-4.1313940430e+03
-4.1313940430e+03
-4.1316826172e+03
-4.0851166992e+03
-4.1540957031e+03
-4.9731118164e+03
-4.9036005859e+03
-4.9617651367e+03
-4.9615488281e+03
-4.9615488281e+03
-4.9617651367e+03
-4.9036005859e+03
-4.9731118164e+03
4.0538937988e+03
4.0898811035e+03
4.0528244629e+03
4.0571123047e+03
4.0571123047e+03
4.0528244629e+03
4.0898811035e+03
4.0538937988e+03
3.2358823242e+03
3.2685097656e+03
3.2406101074e+03
3.2435493164e+03
3.2435493164e+03
3.2406101074e+03
3.2685097656e+03
3.2358823242e+03
2.4317209473e+03
2.4510661621e+03
2.4277719727e+03
2.4291401367e+03
2.4291401367e+03
2.4277719727e+03
2.4510661621e+03
2.4317209473e+03
1.6148140869e+03
1.6268034668e+03
1.6116358643e+03
1.6119539795e+03
1.6119539795e+03
1.6116358643e+03
1.6268034668e+03
1.6148140869e+03
7.9795092773e+02
8.0071044922e+02
7.9298815918e+02
7.9232897949e+02
7.9232897949e+02
7.9298815918e+02
8.0071044922e+02
7.9795092773e+02
-2.2742412567e+01
-2.8303346634e+01
-2.8153457642e+01
-2.9754749298e+01
-2.9754749298e+01
-2.8153457642e+01
-2.8303346634e+01
-2.2742412567e+01
-8.4644256592e+02
-8.6101892090e+02
-8.5319628906e+02
-8.5585198975e+02
-8.5585198975e+02
-8.5319628906e+02
-8.6101892090e+02
-8.4644256592e+02
-1.6738043213e+03
-1.6966618652e+03
-1.6808841553e+03
-1.6844908447e+03
-1.6844908447e+03
-1.6808841553e+03
-1.6966618652e+03
-1.6738043213e+03
-2.5047473145e+03
-2.5373427734e+03
-2.5137312012e+03
-2.5184565430e+03
-2.5184565430e+03
-2.5137312012e+03
-2.5373427734e+03
-2.5047473145e+03
-3.3423825684e+03
-3.3817119141e+03
-3.3497890625e+03
-3.3555026855e+03
-3.3555026855e+03
-3.3497890625e+03
-3.3817119141e+03
-3.3423825684e+03
-4.1719443359e+03
-4.2265991211e+03
-4.1894008789e+03
-4.1973535156e+03
-4.1973535156e+03
-4.1894008789e+03
-4.2265991211e+03
-4.1719443359e+03
-5.0267656250e+03
-5.0816826172e+03
-5.0357612305e+03
-5.0445283203e+03
-5.0445283203e+03
-5.0357612305e+03
-5.0816826172e+03
-5.0267656250e+03
4.1254926758e+03
4.0957858887e+03
4.1232441406e+03
4.1146362305e+03
4.1146362305e+03
4.1232441406e+03
4.0957858887e+03
4.1254926758e+03
3.3052500000e+03
3.2782133789e+03
3.2984265137e+03
3.2915280762e+03
3.2915280762e+03
3.2984265137e+03
3.2782133789e+03
3.3052500000e+03
2.4727197266e+03
2.4547702637e+03
2.4708266602e+03
2.4658088379e+03
2.4658088379e+03
2.4708266602e+03
2.4547702637e+03
2.4727197266e+03
1.6473011475e+03
1.6336983643e+03
1.6423774414e+03
1.6388436279e+03
1.6388436279e+03
1.6423774414e+03
1.6336983643e+03
1.6473011475e+03
8.1567877197e+02
8.0841967773e+02
8.1083435059e+02
8.0883129883e+02
8.0883129883e+02
8.1083435059e+02
8.0841967773e+02
8.1567877197e+02
-1.7713380814e+01
-1.9498821259e+01
-2.3782016754e+01
-2.4217735291e+01
-2.4217735291e+01
-2.3782016754e+01
-1.9498821259e+01
-1.7713380814e+01
-8.5505999756e+02
-8.5062628174e+02
-8.6130847168e+02
-8.6005847168e+02
-8.6005847168e+02
-8.6130847168e+02
-8.5062628174e+02
-8.5505999756e+02
-1.6957929688e+03
-1.6859298096e+03
-1.7032968750e+03
-1.7004451904e+03
-1.7004451904e+03
-1.7032968750e+03
-1.6859298096e+03
-1.6957929688e+03
-2.5412028809e+03
-2.5244121094e+03
-2.5482629395e+03
-2.5436523438e+03
-2.5436523438e+03
-2.5482629395e+03
-2.5244121094e+03
-2.5412028809e+03
-3.3879538574e+03
-3.3673542480e+03
-3.3984372559e+03
-3.3923188477e+03
-3.3923188477e+03
-3.3984372559e+03
-3.3673542480e+03
-3.3879538574e+03
-4.2507265625e+03
-4.2187578125e+03
-4.2543037109e+03
-4.2454853516e+03
-4.2454853516e+03
-4.2543037109e+03
-4.2187578125e+03
-4.2507265625e+03
-5.1045351562e+03
-5.0724765625e+03
-5.1142167969e+03
-5.1040913086e+03
-5.1040913086e+03
-5.1142167969e+03
-5.0724765625e+03
-5.1045351562e+03
4.1209536133e+03
4.1381762695e+03
4.1136376953e+03
4.1217416992e+03
4.1217416992e+03
4.1136376953e+03
4.1381762695e+03
4.1209536133e+03
3.2952756348e+03
3.3097993164e+03
3.2905122070e+03
3.2966154785e+03
3.2966154785e+03
3.2905122070e+03
3.3097993164e+03
3.2952756348e+03
2.4752578125e+03
2.4828276367e+03
2.4667036133e+03
2.4706525879e+03
2.4706525879e+03
2.4667036133e+03
2.4828276367e+03
2.4752578125e+03
1.6450810547e+03
1.6495616455e+03
1.6392823486e+03
1.6413651123e+03
1.6413651123e+03
1.6392823486e+03
1.6495616455e+03
1.6450810547e+03
8.1656427002e+02
8.1603314209e+02
8.1038623047e+02
8.1047845459e+02
8.1047845459e+02
8.1038623047e+02
8.1603314209e+02
8.1656427002e+02
-1.6476942062e+01
-2.1057371140e+01
-2.1578536987e+01
-2.3491230011e+01
-2.3491230011e+01
-2.1578536987e+01
-2.1057371140e+01
-1.6476942062e+01
-8.5192852783e+02
-8.6128985596e+02
-8.5700048828e+02
-8.6100964355e+02
-8.6100964355e+02
-8.5700048828e+02
-8.6128985596e+02
-8.5192852783e+02
-1.6915837402e+03
-1.7048905029e+03
-1.6954495850e+03
-1.7014710693e+03
-1.7014710693e+03
-1.6954495850e+03
-1.7048905029e+03
-1.6915837402e+03
-2.5345261230e+03
-2.5532001953e+03
-2.5389023438e+03
-2.5470505371e+03
-2.5470505371e+03
-2.5389023438e+03
-2.5532001953e+03
-2.5345261230e+03
-3.3854091797e+03
-3.4064191895e+03
-3.3862182617e+03
-3.3961545410e+03
-3.3961545410e+03
-3.3862182617e+03
-3.4064191895e+03
-3.3854091797e+03
-4.2321870117e+03
-4.2616230469e+03
-4.2378676758e+03
-4.2505600586e+03
-4.2505600586e+03
-4.2378676758e+03
-4.2616230469e+03
-4.2321870117e+03
-5.0944482422e+03
-5.1238369141e+03
-5.0955952148e+03
-5.1095258789e+03
-5.1095258789e+03
-5.0955952148e+03
-5.1238369141e+03
-5.0944482422e+03
4.0951523438e+03
4.0789270020e+03
4.0950747070e+03
4.0855744629e+03
4.0855744629e+03
4.0950747070e+03
4.0789270020e+03
4.0951523438e+03
3.2769223633e+03
3.2626857910e+03
3.2747211914e+03
3.2670073242e+03
3.2670073242e+03
3.2747211914e+03
3.2626857910e+03
3.2769223633e+03
2.4520957031e+03
2.4422231445e+03
2.4514965820e+03
2.4457114258e+03
2.4457114258e+03
2.4514965820e+03
2.4422231445e+03
2.4520957031e+03
1.6320500488e+03
1.6238096924e+03
1.6280900879e+03
1.6240589600e+03
1.6240589600e+03
1.6280900879e+03
1.6238096924e+03
1.6320500488e+03
8.0525219727e+02
8.0040789795e+02
8.0099023438e+02
7.9885070801e+02
7.9885070801e+02
8.0099023438e+02
8.0040789795e+02
8.0525219727e+02
-2.2249155045e+01
-2.4591573715e+01
-2.8236700058e+01
-2.8467365265e+01
-2.8467365265e+01
-2.8236700058e+01
-2.4591573715e+01
-2.2249155045e+01
-8.5386676025e+02
-8.5295941162e+02
-8.6046307373e+02
-8.5869958496e+02
-8.5869958496e+02
-8.6046307373e+02
-8.5295941162e+02
-8.5386676025e+02
-1.6881885986e+03
-1.6848743896e+03
-1.6965642090e+03
-1.6928791504e+03
-1.6928791504e+03
-1.6965642090e+03
-1.6848743896e+03
-1.6881885986e+03
-2.5273134766e+03
-2.5201342773e+03
-2.5356208496e+03
-2.5298691406e+03
-2.5298691406e+03
-2.5356208496e+03
-2.5201342773e+03
-2.5273134766e+03
-3.3671489258e+03
-3.3589716797e+03
-3.3792888184e+03
-3.3718403320e+03
-3.3718403320e+03
-3.3792888184e+03
-3.3589716797e+03
-3.3671489258e+03
-4.2188100586e+03
-4.2044599609e+03
-4.2276430664e+03
-4.2176298828e+03
-4.2176298828e+03
-4.2276430664e+03
-4.2044599609e+03
-4.2188100586e+03
-5.0680644531e+03
-5.0539379883e+03
-5.0802031250e+03
-5.0690478516e+03
-5.0690478516e+03
-5.0802031250e+03
-5.0539379883e+03
-5.0680644531e+03
4.0117460938e+03
4.0194953613e+03
4.0045786133e+03
4.0116547852e+03
4.0116547852e+03
4.0045786133e+03
4.0194953613e+03
4.0117460938e+03
3.2046118164e+03
3.2105842285e+03
3.1986225586e+03
3.2040310059e+03
3.2040310059e+03
3.1986225586e+03
3.2105842285e+03
3.2046118164e+03
2.4004780273e+03
2.4030205078e+03
2.3930842285e+03
2.3966901855e+03
2.3966901855e+03
2.3930842285e+03
2.4030205078e+03
2.4004780273e+03
1.5889106445e+03
1.5901093750e+03
1.5838715820e+03
1.5857633057e+03
1.5857633057e+03
1.5838715820e+03
1.5901093750e+03
1.5889106445e+03
7.7992932129e+02
7.7826324463e+02
7.7457244873e+02
7.7459552002e+02
7.7459552002e+02
7.7457244873e+02
7.7826324463e+02
7.7992932129e+02
-3.3651298523e+01
-3.7250267029e+01
-3.7833068848e+01
-3.9652618408e+01
-3.9652618408e+01
-3.7833068848e+01
-3.7250267029e+01
-3.3651298523e+01
-8.4863256836e+02
-8.5487426758e+02
-8.5270965576e+02
-8.5643609619e+02
-8.5643609619e+02
-8.5270965576e+02
-8.5487426758e+02
-8.4863256836e+02
-1.6674217529e+03
-1.6754584961e+03
-1.6701796875e+03
-1.6757364502e+03
-1.6757364502e+03
-1.6701796875e+03
-1.6754584961e+03
-1.6674217529e+03
-2.4883945312e+03
-2.4995827637e+03
-2.4916594238e+03
-2.4991733398e+03
-2.4991733398e+03
-2.4916594238e+03
-2.4995827637e+03
-2.4883945312e+03
-3.3162331543e+03
-3.3279909668e+03
-3.3163276367e+03
-3.3254323730e+03
-3.3254323730e+03
-3.3163276367e+03
-3.3279909668e+03
-3.3162331543e+03
-4.1425761719e+03
-4.1589194336e+03
-4.1451679688e+03
-4.1565551758e+03
-4.1565551758e+03
-4.1451679688e+03
-4.1589194336e+03
-4.1425761719e+03
-4.9784545898e+03
-4.9947421875e+03
-4.9789316406e+03
-4.9911909180e+03
-4.9911909180e+03
-4.9789316406e+03
-4.9947421875e+03
-4.9784545898e+03
3.8979050293e+03
3.8891706543e+03
3.8977844238e+03
3.8905734863e+03
3.8905734863e+03
3.8977844238e+03
3.8891706543e+03
3.8979050293e+03
3.1110097656e+03
3.1037207031e+03
3.1102033691e+03
3.1043652344e+03
3.1043652344e+03
3.1102033691e+03
3.1037207031e+03
3.1110097656e+03
2.3202517090e+03
2.3148566895e+03
2.3196613770e+03
2.3152866211e+03
2.3152866211e+03
2.3196613770e+03
2.3148566895e+03
2.3202517090e+03
1.5337404785e+03
1.5289327393e+03
1.5306434326e+03
1.5276843262e+03
1.5276843262e+03
1.5306434326e+03
1.5289327393e+03
1.5337404785e+03
7.4132684326e+02
7.3836389160e+02
7.3803234863e+02
7.3659161377e+02
7.3659161377e+02
7.3803234863e+02
7.3836389160e+02
7.4132684326e+02
-5.0308773041e+01
-5.2242324829e+01
-5.5181118011e+01
-5.5132564545e+01
-5.5132564545e+01
-5.5181118011e+01
-5.2242324829e+01
-5.0308773041e+01
-8.4536065674e+02
-8.4556353760e+02
-8.5072222900e+02
-8.4912249756e+02
-8.4912249756e+02
-8.5072222900e+02
-8.4556353760e+02
-8.4536065674e+02
-1.6418808594e+03
-1.6411807861e+03
-1.6489101562e+03
-1.6458355713e+03
-1.6458355713e+03
-1.6489101562e+03
-1.6411807861e+03
-1.6418808594e+03
-2.4423894043e+03
-2.4394453125e+03
-2.4492412109e+03
-2.4445405273e+03
-2.4445405273e+03
-2.4492412109e+03
-2.4394453125e+03
-2.4423894043e+03
-3.2431696777e+03
-3.2403286133e+03
-3.2531589355e+03
-3.2472106934e+03
-3.2472106934e+03
-3.2531589355e+03
-3.2403286133e+03
-3.2431696777e+03
-4.0516418457e+03
-4.0455368652e+03
-4.0601311035e+03
-4.0523415527e+03
-4.0523415527e+03
-4.0601311035e+03
-4.0455368652e+03
-4.0516418457e+03
-4.8600195312e+03
-4.8544750977e+03
-4.8706088867e+03
-4.8622202148e+03
-4.8622202148e+03
-4.8706088867e+03
-4.8544750977e+03
-4.8600195312e+03
3.7392089844e+03
3.7422497559e+03
3.7338442383e+03
3.7384116211e+03
3.7384116211e+03
3.7338442383e+03
3.7422497559e+03
3.7392089844e+03
2.9765053711e+03
2.9787177734e+03
2.9720051270e+03
2.9754973145e+03
2.9754973145e+03
2.9720051270e+03
2.9787177734e+03
2.9765053711e+03
2.2174570312e+03
2.2181276855e+03
2.2127094727e+03
2.2150205078e+03
2.2150205078e+03
2.2127094727e+03
2.2181276855e+03
2.2174570312e+03
1.4528613281e+03
1.4528937988e+03
1.4496668701e+03
1.4507559814e+03
1.4507559814e+03
1.4496668701e+03
1.4528937988e+03
1.4528613281e+03
6.9203051758e+02
6.9039636230e+02
6.8850384521e+02
6.8823968506e+02
6.8823968506e+02
6.8850384521e+02
6.9039636230e+02
6.9203051758e+02
-7.2531181335e+01
-7.5040931702e+01
-7.5068359375e+01
-7.6637268066e+01
-7.6637268066e+01
-7.5068359375e+01
-7.5040931702e+01
-7.2531181335e+01
-8.3703576660e+02
-8.4107354736e+02
-8.3960656738e+02
-8.4253698730e+02
-8.4253698730e+02
-8.3960656738e+02
-8.4107354736e+02
-8.3703576660e+02
-1.6041909180e+03
-1.6089580078e+03
-1.6056269531e+03
-1.6098416748e+03
-1.6098416748e+03
-1.6056269531e+03
-1.6089580078e+03
-1.6041909180e+03
-2.3720573730e+03
-2.3787675781e+03
-2.3741271973e+03
-2.3797644043e+03
-2.3797644043e+03
-2.3741271973e+03
-2.3787675781e+03
-2.3720573730e+03
-3.1444777832e+03
-3.1511320801e+03
-3.1442719727e+03
-3.1510187988e+03
-3.1510187988e+03
-3.1442719727e+03
-3.1511320801e+03
-3.1444777832e+03
-3.9163469238e+03
-3.9255224609e+03
-3.9176379395e+03
-3.9259973145e+03
-3.9259973145e+03
-3.9176379395e+03
-3.9255224609e+03
-3.9163469238e+03
-4.6932363281e+03
-4.7025722656e+03
-4.6940434570e+03
-4.7028906250e+03
-4.7028906250e+03
-4.6940434570e+03
-4.7025722656e+03
-4.6932363281e+03
3.5490546875e+03
3.5448637695e+03
3.5487607422e+03
3.5443981934e+03
3.5443981934e+03
3.5487607422e+03
3.5448637695e+03
3.5490546875e+03
2.8197065430e+03
2.8166645508e+03
2.8197563477e+03
2.8163437500e+03
2.8163437500e+03
2.8197563477e+03
2.8166645508e+03
2.8197065430e+03
2.0875871582e+03
2.0852346191e+03
2.0874514160e+03
2.0850151367e+03
2.0850151367e+03
2.0874514160e+03
2.0852346191e+03
2.0875871582e+03
1.3610808105e+03
1.3589741211e+03
1.3594106445e+03
1.3579570312e+03
1.3579570312e+03
1.3594106445e+03
1.3589741211e+03
1.3610808105e+03
6.3005743408e+02
6.2895678711e+02
6.2830358887e+02
6.2787261963e+02
6.2787261963e+02
6.2830358887e+02
6.2895678711e+02
6.3005743408e+02
-9.8568229675e+01
-9.9318656921e+01
-1.0157958221e+02
-1.0103685760e+02
-1.0103685760e+02
-1.0157958221e+02
-9.9318656921e+01
-9.8568229675e+01
-8.2920922852e+02
-8.2898950195e+02
-8.3248944092e+02
-8.3092132568e+02
-8.3092132568e+02
-8.3248944092e+02
-8.2898950195e+02
-8.2920922852e+02
-1.5596492920e+03
-1.5592242432e+03
-1.5643182373e+03
-1.5618125000e+03
-1.5618125000e+03
-1.5643182373e+03
-1.5592242432e+03
-1.5596492920e+03
-2.2923916016e+03
-2.2906142578e+03
-2.2967834473e+03
-2.2932021484e+03
-2.2932021484e+03
-2.2967834473e+03
-2.2906142578e+03
-2.2923916016e+03
-3.0246003418e+03
-3.0232885742e+03
-3.0313217773e+03
-3.0270239258e+03
-3.0270239258e+03
-3.0313217773e+03
-3.0232885742e+03
-3.0246003418e+03
-3.7605097656e+03
-3.7575576172e+03
-3.7666943359e+03
-3.7613020020e+03
-3.7613020020e+03
-3.7666943359e+03
-3.7575576172e+03
-3.7605097656e+03
-4.4963554688e+03
-4.4943403320e+03
-4.5043471680e+03
-4.4988398438e+03
-4.4988398438e+03
-4.5043471680e+03
-4.4943403320e+03
-4.4963554688e+03
3.3257429199e+03
3.3264821777e+03
3.3225844727e+03
3.3248403320e+03
3.3248403320e+03
3.3225844727e+03
3.3264821777e+03
3.3257429199e+03
2.6304978027e+03
2.6312958984e+03
2.6284389648e+03
2.6301687012e+03
2.6301687012e+03
2.6284389648e+03
2.6312958984e+03
2.6304978027e+03
1.9418421631e+03
1.9421433105e+03
1.9401679688e+03
1.9412812500e+03
1.9412812500e+03
1.9401679688e+03
1.9421433105e+03
1.9418421631e+03
1.2486146240e+03
1.2485690918e+03
1.2478395996e+03
1.2482071533e+03
1.2482071533e+03
1.2478395996e+03
1.2485690918e+03
1.2486146240e+03
5.6082781982e+02
5.5980651855e+02
5.5977636719e+02
5.5928344727e+02
5.5928344727e+02
5.5977636719e+02
5.5980651855e+02
5.6082781982e+02
-1.2903698730e+02
-1.3044129944e+02
-1.2933831787e+02
-1.3065153503e+02
-1.3065153503e+02
-1.2933831787e+02
-1.3044129944e+02
-1.2903698730e+02
-8.1712152100e+02
-8.1947827148e+02
-8.1759197998e+02
-8.1978466797e+02
-8.1978466797e+02
-8.1759197998e+02
-8.1947827148e+02
-8.1712152100e+02
-1.5061225586e+03
-1.5087244873e+03
-1.5057087402e+03
-1.5087033691e+03
-1.5087033691e+03
-1.5057087402e+03
-1.5087244873e+03
-1.5061225586e+03
-2.1941293945e+03
-2.1979956055e+03
-2.1944125977e+03
-2.1983427734e+03
-2.1983427734e+03
-2.1944125977e+03
-2.1979956055e+03
-2.1941293945e+03
-2.8838327637e+03
-2.8875012207e+03
-2.8826877441e+03
-2.8873120117e+03
-2.8873120117e+03
-2.8826877441e+03
-2.8875012207e+03
-2.8838327637e+03
-3.5727788086e+03
-3.5778845215e+03
-3.5727949219e+03
-3.5784975586e+03
-3.5784975586e+03
-3.5727949219e+03
-3.5778845215e+03
-3.5727788086e+03
-4.2626552734e+03
-4.2682670898e+03
-4.2634365234e+03
-4.2694106445e+03
-4.2694106445e+03
-4.2634365234e+03
-4.2682670898e+03
-4.2626552734e+03
3.0736242676e+03
3.0726877441e+03
3.0735549316e+03
3.0715930176e+03
3.0715930176e+03
3.0735549316e+03
3.0726877441e+03
3.0736242676e+03
2.4242065430e+03
2.4243444824e+03
2.4253588867e+03
2.4240649414e+03
2.4240649414e+03
2.4253588867e+03
2.4243444824e+03
2.4242065430e+03
1.7717141113e+03
1.7719526367e+03
1.7726776123e+03
1.7720256348e+03
1.7720256348e+03
1.7726776123e+03
1.7719526367e+03
1.7717141113e+03
1.1277052002e+03
1.1281258545e+03
1.1279266357e+03
1.1279338379e+03
1.1279338379e+03
1.1279266357e+03
1.1281258545e+03
1.1277052002e+03
4.8080783081e+02
4.8179531860e+02
4.8102703857e+02
4.8167736816e+02
4.8167736816e+02
4.8102703857e+02
4.8179531860e+02
4.8080783081e+02
-1.6210069275e+02
-1.6101998901e+02
-1.6279669189e+02
-1.6155270386e+02
-1.6155270386e+02
-1.6279669189e+02
-1.6101998901e+02
-1.6210069275e+02
-8.0514343262e+02
-8.0345330811e+02
-8.0592126465e+02
-8.0404107666e+02
-8.0404107666e+02
-8.0592126465e+02
-8.0345330811e+02
-8.0514343262e+02
-1.4461149902e+03
-1.4444869385e+03
-1.4479816895e+03
-1.4455633545e+03
-1.4455633545e+03
-1.4479816895e+03
-1.4444869385e+03
-1.4461149902e+03
-2.0871914062e+03
-2.0847114258e+03
-2.0887631836e+03
-2.0857001953e+03
-2.0857001953e+03
-2.0887631836e+03
-2.0847114258e+03
-2.0871914062e+03
-2.7265031738e+03
-2.7245573730e+03
-2.7297690430e+03
-2.7264050293e+03
-2.7264050293e+03
-2.7297690430e+03
-2.7245573730e+03
-2.7265031738e+03
-3.3656140137e+03
-3.3629724121e+03
-3.3689362793e+03
-3.3650632324e+03
-3.3650632324e+03
-3.3689362793e+03
-3.3629724121e+03
-3.3656140137e+03
-4.0036955566e+03
-4.0024245605e+03
-4.0090295410e+03
-4.0053901367e+03
-4.0053901367e+03
-4.0090295410e+03
-4.0024245605e+03
-4.0036955566e+03
2.8003024902e+03
2.7996743164e+03
2.7991706543e+03
2.7998054199e+03
2.7998054199e+03
2.7991706543e+03
2.7996743164e+03
2.8003024902e+03
2.1911918945e+03
2.1914162598e+03
2.1916555176e+03
2.1921828613e+03
2.1921828613e+03
2.1916555176e+03
2.1914162598e+03
2.1911918945e+03
1.5936043701e+03
1.5940144043e+03
1.5949571533e+03
1.5952823486e+03
1.5952823486e+03
1.5949571533e+03
1.5940144043e+03
1.5936043701e+03
9.9159539795e+02
9.9180737305e+02
9.9345764160e+02
9.9338702393e+02
9.9338702393e+02
9.9345764160e+02
9.9180737305e+02
9.9159539795e+02
3.9684133911e+02
3.9647381592e+02
3.9852890015e+02
3.9794802856e+02
3.9794802856e+02
3.9852890015e+02
3.9647381592e+02
3.9684133911e+02
-1.9780006409e+02
-1.9835977173e+02
-1.9557531738e+02
-1.9664810181e+02
-1.9664810181e+02
-1.9557531738e+02
-1.9835977173e+02
-1.9780006409e+02
-7.8885711670e+02
-7.9008441162e+02
-7.8687377930e+02
-7.8849853516e+02
-7.8849853516e+02
-7.8687377930e+02
-7.9008441162e+02
-7.8885711670e+02
-1.3787534180e+03
-1.3800570068e+03
-1.3761243896e+03
-1.3782282715e+03
-1.3782282715e+03
-1.3761243896e+03
-1.3800570068e+03
-1.3787534180e+03
-1.9658496094e+03
-1.9680358887e+03
-1.9639130859e+03
-1.9666145020e+03
-1.9666145020e+03
-1.9639130859e+03
-1.9680358887e+03
-1.9658496094e+03
-2.5517395020e+03
-2.5537702637e+03
-2.5490332031e+03
-2.5521604004e+03
-2.5521604004e+03
-2.5490332031e+03
-2.5537702637e+03
-2.5517395020e+03
-3.1361250000e+03
-3.1390114746e+03
-3.1345339355e+03
-3.1384060059e+03
-3.1384060059e+03
-3.1345339355e+03
-3.1390114746e+03
-3.1361250000e+03
-3.7173425293e+03
-3.7210908203e+03
-3.7175363770e+03
-3.7216188965e+03
-3.7216188965e+03
-3.7175363770e+03
-3.7210908203e+03
-3.7173425293e+03
2.5008510742e+03
2.5028713379e+03
2.5015214844e+03
2.5011989746e+03
2.5011989746e+03
2.5015214844e+03
2.5028713379e+03
2.5008510742e+03
1.9497351074e+03
1.9529306641e+03
1.9524511719e+03
1.9526711426e+03
1.9526711426e+03
1.9524511719e+03
1.9529306641e+03
1.9497351074e+03
1.3933723145e+03
1.3963122559e+03
1.3959445801e+03
1.3966372070e+03
1.3966372070e+03
1.3959445801e+03
1.3963122559e+03
1.3933723145e+03
8.4926257324e+02
8.5240026855e+02
8.5163208008e+02
8.5279876709e+02
8.5279876709e+02
8.5163208008e+02
8.5240026855e+02
8.4926257324e+02
3.0427761841e+02
3.0778005981e+02
3.0671035767e+02
3.0828958130e+02
3.0828958130e+02
3.0671035767e+02
3.0778005981e+02
3.0427761841e+02
-2.3536172485e+02
-2.3179309082e+02
-2.3353263855e+02
-2.3158679199e+02
-2.3158679199e+02
-2.3353263855e+02
-2.3179309082e+02
-2.3536172485e+02
-7.7310272217e+02
-7.6905841064e+02
-7.7122454834e+02
-7.6888494873e+02
-7.6888494873e+02
-7.7122454834e+02
-7.6905841064e+02
-7.7310272217e+02
-1.3069709473e+03
-1.3030142822e+03
-1.3059000244e+03
-1.3032703857e+03
-1.3032703857e+03
-1.3059000244e+03
-1.3030142822e+03
-1.3069709473e+03
-1.8386051025e+03
-1.8340644531e+03
-1.8372718506e+03
-1.8342838135e+03
-1.8342838135e+03
-1.8372718506e+03
-1.8340644531e+03
-1.8386051025e+03
-2.3669123535e+03
-2.3628750000e+03
-2.3668452148e+03
-2.3638322754e+03
-2.3638322754e+03
-2.3668452148e+03
-2.3628750000e+03
-2.3669123535e+03
-2.8912624512e+03
-2.8871437988e+03
-2.8916892090e+03
-2.8885632324e+03
-2.8885632324e+03
-2.8916892090e+03
-2.8871437988e+03
-2.8912624512e+03
-3.4136291504e+03
-3.4113959961e+03
-3.4165332031e+03
-3.4138615723e+03
-3.4138615723e+03
-3.4165332031e+03
-3.4113959961e+03
-3.4136291504e+03
2.1935559082e+03
2.1914516602e+03
2.1938540039e+03
2.1937456055e+03
2.1937456055e+03
2.1938540039e+03
2.1914516602e+03
2.1935559082e+03
1.6841533203e+03
1.6835291748e+03
1.6865657959e+03
1.6866210938e+03
1.6866210938e+03
1.6865657959e+03
1.6835291748e+03
1.6841533203e+03
1.1935059814e+03
1.1936361084e+03
1.1973852539e+03
1.1975115967e+03
1.1975115967e+03
1.1973852539e+03
1.1936361084e+03
1.1935059814e+03
6.9812609863e+02
6.9819555664e+02
7.0241107178e+02
7.0237475586e+02
7.0237475586e+02
7.0241107178e+02
6.9819555664e+02
6.9812609863e+02
2.1118583679e+02
2.1088819885e+02
2.1541607666e+02
2.1509207153e+02
2.1509207153e+02
2.1541607666e+02
2.1088819885e+02
2.1118583679e+02
-2.7320834351e+02
-2.7368734741e+02
-2.6862237549e+02
-2.6923876953e+02
-2.6923876953e+02
-2.6862237549e+02
-2.7368734741e+02
-2.7320834351e+02
-7.5225872803e+02
-7.5331158447e+02
-7.4795373535e+02
-7.4891741943e+02
-7.4891741943e+02
-7.4795373535e+02
-7.5331158447e+02
-7.5225872803e+02
-1.2279556885e+03
-1.2291156006e+03
-1.2232413330e+03
-1.2244906006e+03
-1.2244906006e+03
-1.2232413330e+03
-1.2291156006e+03
-1.2279556885e+03
-1.6991441650e+03
-1.7010010986e+03
-1.6951043701e+03
-1.6967415771e+03
-1.6967415771e+03
-1.6951043701e+03
-1.7010010986e+03
-1.6991441650e+03
-2.1666350098e+03
-2.1684289551e+03
-2.1622954102e+03
-2.1642185059e+03
-2.1642185059e+03
-2.1622954102e+03
-2.1684289551e+03
-2.1666350098e+03
-2.6317761230e+03
-2.6340527344e+03
-2.6285903320e+03
-2.6311064453e+03
-2.6311064453e+03
-2.6285903320e+03
-2.6340527344e+03
-2.6317761230e+03
-3.0893764648e+03
-3.0927309570e+03
-3.0887324219e+03
-3.0915170898e+03
-3.0915170898e+03
-3.0887324219e+03
-3.0927309570e+03
-3.0893764648e+03
1.8587263184e+03
1.8641972656e+03
1.8608808594e+03
1.8611646729e+03
1.8611646729e+03
1.8608808594e+03
1.8641972656e+03
1.8587263184e+03
1.4209371338e+03
1.4278995361e+03
1.4260358887e+03
1.4268796387e+03
1.4268796387e+03
1.4260358887e+03
1.4278995361e+03
1.4209371338e+03
9.7288330078e+02
9.7929986572e+02
9.7775793457e+02
9.7901422119e+02
9.7901422119e+02
9.7775793457e+02
9.7929986572e+02
9.7288330078e+02
5.4061376953e+02
5.4720147705e+02
5.4550073242e+02
5.4712554932e+02
5.4712554932e+02
5.4550073242e+02
5.4720147705e+02
5.4061376953e+02
1.1033951569e+02
1.1722690582e+02
1.1531345367e+02
1.1720980072e+02
1.1720980072e+02
1.1531345367e+02
1.1722690582e+02
1.1033951569e+02
-3.1349645996e+02
-3.0642733765e+02
-3.0885031128e+02
-3.0672329712e+02
-3.0672329712e+02
-3.0885031128e+02
-3.0642733765e+02
-3.1349645996e+02
-7.3356079102e+02
-7.2598248291e+02
-7.2874468994e+02
-7.2637792969e+02
-7.2637792969e+02
-7.2874468994e+02
-7.2598248291e+02
-7.3356079102e+02
-1.1482669678e+03
-1.1406330566e+03
-1.1439641113e+03
-1.1414576416e+03
-1.1414576416e+03
-1.1439641113e+03
-1.1406330566e+03
-1.1482669678e+03
-1.5585338135e+03
-1.5504219971e+03
-1.5539909668e+03
-1.5513081055e+03
-1.5513081055e+03
-1.5539909668e+03
-1.5504219971e+03
-1.5585338135e+03
-1.9636932373e+03
-1.9560499268e+03
-1.9601667480e+03
-1.9576171875e+03
-1.9576171875e+03
-1.9601667480e+03
-1.9560499268e+03
-1.9636932373e+03
-2.3616049805e+03
-2.3543933105e+03
-2.3589790039e+03
-2.3565349121e+03
-2.3565349121e+03
-2.3589790039e+03
-2.3543933105e+03
-2.3616049805e+03
-2.7574785156e+03
-2.7528244629e+03
-2.7580322266e+03
-2.7561437988e+03
-2.7561437988e+03
-2.7580322266e+03
-2.7528244629e+03
-2.7574785156e+03
1.5341514893e+03
1.5292932129e+03
1.5341606445e+03
1.5343852539e+03
1.5343852539e+03
1.5341606445e+03
1.5292932129e+03
1.5341514893e+03
1.1326000977e+03
1.1294765625e+03
1.1349197998e+03
1.1354160156e+03
1.1354160156e+03
1.1349197998e+03
1.1294765625e+03
1.1326000977e+03
7.6007952881e+02
7.5815356445e+02
7.6448345947e+02
7.6524121094e+02
7.6524121094e+02
7.6448345947e+02
7.5815356445e+02
7.6007952881e+02
3.8338751221e+02
3.8159698486e+02
3.8842285156e+02
3.8921444702e+02
3.8921444702e+02
3.8842285156e+02
3.8159698486e+02
3.8338751221e+02
1.4774462700e+01
1.2717178345e+01
1.9935152054e+01
2.0620273590e+01
2.0620273590e+01
1.9935152054e+01
1.2717178345e+01
1.4774462700e+01
-3.4926422119e+02
-3.5162127686e+02
-3.4390765381e+02
-3.4336154175e+02
-3.4336154175e+02
-3.4390765381e+02
-3.5162127686e+02
-3.4926422119e+02
-7.0654772949e+02
-7.0954986572e+02
-7.0154461670e+02
-7.0119287109e+02
-7.0119287109e+02
-7.0154461670e+02
-7.0954986572e+02
-7.0654772949e+02
-1.0584780273e+03
-1.0617728271e+03
-1.0533448486e+03
-1.0531502686e+03
-1.0531502686e+03
-1.0533448486e+03
-1.0617728271e+03
-1.0584780273e+03
-1.4045471191e+03
-1.4084835205e+03
-1.4000935059e+03
-1.4001551514e+03
-1.4001551514e+03
-1.4000935059e+03
-1.4084835205e+03
-1.4045471191e+03
-1.7451396484e+03
-1.7490465088e+03
-1.7406466064e+03
-1.7409472656e+03
-1.7409472656e+03
-1.7406466064e+03
-1.7490465088e+03
-1.7451396484e+03
-2.0823513184e+03
-2.0863417969e+03
-2.0789296875e+03
-2.0798078613e+03
-2.0798078613e+03
-2.0789296875e+03
-2.0863417969e+03
-2.0823513184e+03
-2.4071687012e+03
-2.4121091309e+03
-2.4064892578e+03
-2.4077548828e+03
-2.4077548828e+03
-2.4064892578e+03
-2.4121091309e+03
-2.4071687012e+03
1.1687597656e+03
1.1795401611e+03
1.1752741699e+03
1.1751945801e+03
1.1751945801e+03
1.1752741699e+03
1.1795401611e+03
1.1687597656e+03
8.5779626465e+02
8.7079632568e+02
8.6847491455e+02
8.6910858154e+02
8.6910858154e+02
8.6847491455e+02
8.7079632568e+02
8.5779626465e+02
5.2729235840e+02
5.3978143311e+02
5.3782916260e+02
5.3883862305e+02
5.3883862305e+02
5.3782916260e+02
5.3978143311e+02
5.2729235840e+02
2.1305690002e+02
2.2569000244e+02
2.2356550598e+02
2.2481291199e+02
2.2481291199e+02
2.2356550598e+02
2.2569000244e+02
2.1305690002e+02
-9.5186164856e+01
-8.2194984436e+01
-8.4618949890e+01
-8.3258216858e+01
-8.3258216858e+01
-8.4618949890e+01
-8.2194984436e+01
-9.5186164856e+01
-3.9551812744e+02
-3.8209954834e+02
-3.8500308228e+02
-3.8355465698e+02
-3.8355465698e+02
-3.8500308228e+02
-3.8209954834e+02
-3.9551812744e+02
-6.9000109863e+02
-6.7588458252e+02
-6.7913562012e+02
-6.7758984375e+02
-6.7758984375e+02
-6.7913562012e+02
-6.7588458252e+02
-6.9000109863e+02
-9.7771276855e+02
-9.6328277588e+02
-9.6702990723e+02
-9.6546240234e+02
-9.6546240234e+02
-9.6702990723e+02
-9.6328277588e+02
-9.7771276855e+02
-1.2589154053e+03
-1.2440545654e+03
-1.2480336914e+03
-1.2464178467e+03
-1.2464178467e+03
-1.2480336914e+03
-1.2440545654e+03
-1.2589154053e+03
-1.5332899170e+03
-1.5190148926e+03
-1.5234545898e+03
-1.5220495605e+03
-1.5220495605e+03
-1.5234545898e+03
-1.5190148926e+03
-1.5332899170e+03
-1.7985323486e+03
-1.7853190918e+03
-1.7902126465e+03
-1.7890208740e+03
-1.7890208740e+03
-1.7902126465e+03
-1.7853190918e+03
-1.7985323486e+03
-2.0630273438e+03
-2.0533242188e+03
-2.0591652832e+03
-2.0586169434e+03
-2.0586169434e+03
-2.0591652832e+03
-2.0533242188e+03
-2.0630273438e+03
8.4958831787e+02
8.3898114014e+02
8.4337628174e+02
8.4398791504e+02
8.4398791504e+02
8.4337628174e+02
8.3898114014e+02
8.4958831787e+02
5.5676184082e+02
5.4750177002e+02
5.5250268555e+02
5.5337426758e+02
5.5337426758e+02
5.5250268555e+02
5.4750177002e+02
5.5676184082e+02
3.0758978271e+02
2.9906643677e+02
3.0509674072e+02
3.0638720703e+02
3.0638720703e+02
3.0509674072e+02
2.9906643677e+02
3.0758978271e+02
6.0096225739e+01
5.1550437927e+01
5.8158638000e+01
5.9687244415e+01
5.9687244415e+01
5.8158638000e+01
5.1550437927e+01
6.0096225739e+01
-1.8076640320e+02
-1.8980520630e+02
-1.8267590332e+02
-1.8106184387e+02
-1.8106184387e+02
-1.8267590332e+02
-1.8980520630e+02
-1.8076640320e+02
-4.1663555908e+02
-4.2633004761e+02
-4.1872122192e+02
-4.1707775879e+02
-4.1707775879e+02
-4.1872122192e+02
-4.2633004761e+02
-4.1663555908e+02
-6.4608135986e+02
-6.5667224121e+02
-6.4875872803e+02
-6.4715765381e+02
-6.4715765381e+02
-6.4875872803e+02
-6.5667224121e+02
-6.4608135986e+02
-8.6960028076e+02
-8.8072003174e+02
-8.7244238281e+02
-8.7088177490e+02
-8.7088177490e+02
-8.7244238281e+02
-8.8072003174e+02
-8.6960028076e+02
-1.0868933105e+03
-1.0985260010e+03
-1.0902622070e+03
-1.0888474121e+03
-1.0888474121e+03
-1.0902622070e+03
-1.0985260010e+03
-1.0868933105e+03
-1.2974914551e+03
-1.3088066406e+03
-1.3005744629e+03
-1.2993671875e+03
-1.2993671875e+03
-1.3005744629e+03
-1.3088066406e+03
-1.2974914551e+03
-1.5024844971e+03
-1.5132391357e+03
-1.5060311279e+03
-1.5053592529e+03
-1.5053592529e+03
-1.5060311279e+03
-1.5132391357e+03
-1.5024844971e+03
-1.6903713379e+03
-1.7015080566e+03
-1.6957265625e+03
-1.6953630371e+03
-1.6953630371e+03
-1.6957265625e+03
-1.7015080566e+03
-1.6903713379e+03
4.3220758057e+02
4.5015814209e+02
4.5003320312e+02
4.5101672363e+02
4.5101672363e+02
4.5003320312e+02
4.5015814209e+02
4.3220758057e+02
2.6692745972e+02
2.8824554443e+02
2.9009802246e+02
2.9185873413e+02
2.9185873413e+02
2.9009802246e+02
2.8824554443e+02
2.6692745972e+02
6.8650955200e+01
9.1178413391e+01
9.3723403931e+01
9.5871025085e+01
9.5871025085e+01
9.3723403931e+01
9.1178413391e+01
6.8650955200e+01
-1.2311313629e+02
-9.9471916199e+01
-9.6739295959e+01
-9.4379783630e+01
-9.4379783630e+01
-9.6739295959e+01
-9.9471916199e+01
-1.2311313629e+02
-3.0718597412e+02
-2.8242761230e+02
-2.7980288696e+02
-2.7737646484e+02
-2.7737646484e+02
-2.7980288696e+02
-2.8242761230e+02
-3.0718597412e+02
-4.8171792603e+02
-4.5589151001e+02
-4.5350875854e+02
-4.5106884766e+02
-4.5106884766e+02
-4.5350875854e+02
-4.5589151001e+02
-4.8171792603e+02
-6.4723730469e+02
-6.2036279297e+02
-6.1820611572e+02
-6.1576025391e+02
-6.1576025391e+02
-6.1820611572e+02
-6.2036279297e+02
-6.4723730469e+02
-8.0374652100e+02
-7.7639562988e+02
-7.7463183594e+02
-7.7225421143e+02
-7.7225421143e+02
-7.7463183594e+02
-7.7639562988e+02
-8.0374652100e+02
-9.5185711670e+02
-9.2436267090e+02
-9.2290344238e+02
-9.2059259033e+02
-9.2059259033e+02
-9.2290344238e+02
-9.2436267090e+02
-9.5185711670e+02
-1.0926904297e+03
-1.0662795410e+03
-1.0653890381e+03
-1.0633891602e+03
-1.0633891602e+03
-1.0653890381e+03
-1.0662795410e+03
-1.0926904297e+03
-1.2255747070e+03
-1.2008432617e+03
-1.2007028809e+03
-1.1991398926e+03
-1.1991398926e+03
-1.2007028809e+03
-1.2008432617e+03
-1.2255747070e+03
-1.3583620605e+03
-1.3377735596e+03
-1.3396475830e+03
-1.3391545410e+03
-1.3391545410e+03
-1.3396475830e+03
-1.3377735596e+03
-1.3583620605e+03
1.9130548096e+02
1.7838859558e+02
1.7680216980e+02
1.7515519714e+02
1.7515519714e+02
1.7680216980e+02
1.7838859558e+02
1.9130548096e+02
-3.4451632500e+00
-1.5553299904e+01
-1.5834408760e+01
-1.6932519913e+01
-1.6932519913e+01
-1.5834408760e+01
-1.5553299904e+01
-3.4451632500e+00
-1.4711462402e+02
-1.6091313171e+02
-1.6067108154e+02
-1.6139285278e+02
-1.6139285278e+02
-1.6067108154e+02
-1.6091313171e+02
-1.4711462402e+02
-2.7164611816e+02
-2.8705587769e+02
-2.8705364990e+02
-2.8769970703e+02
-2.8769970703e+02
-2.8705364990e+02
-2.8705587769e+02
-2.7164611816e+02
-3.8472235107e+02
-4.0168997192e+02
-4.0177917480e+02
-4.0251376343e+02
-4.0251376343e+02
-4.0177917480e+02
-4.0168997192e+02
-3.8472235107e+02
-4.8935519409e+02
-5.0765893555e+02
-5.0781033325e+02
-5.0862432861e+02
-5.0862432861e+02
-5.0781033325e+02
-5.0765893555e+02
-4.8935519409e+02
-5.8658752441e+02
-6.0603491211e+02
-6.0622619629e+02
-6.0713854980e+02
-6.0713854980e+02
-6.0622619629e+02
-6.0603491211e+02
-5.8658752441e+02
-6.7632055664e+02
-6.9635046387e+02
-6.9647082520e+02
-6.9746197510e+02
-6.9746197510e+02
-6.9647082520e+02
-6.9635046387e+02
-6.7632055664e+02
-7.5788616943e+02
-7.7828472900e+02
-7.7856713867e+02
-7.7972808838e+02
-7.7972808838e+02
-7.7856713867e+02
-7.7828472900e+02
-7.5788616943e+02
-8.2996551514e+02
-8.5013195801e+02
-8.5066253662e+02
-8.5207684326e+02
-8.5207684326e+02
-8.5066253662e+02
-8.5013195801e+02
-8.2996551514e+02
-8.9371704102e+02
-9.1415118408e+02
-9.1583581543e+02
-9.1770532227e+02
-9.1770532227e+02
-9.1583581543e+02
-9.1415118408e+02
-8.9371704102e+02
-9.4466046143e+02
-9.6707580566e+02
-9.6961297607e+02
-9.7143566895e+02
-9.7143566895e+02
-9.6961297607e+02
-9.6707580566e+02
-9.4466046143e+02
-3.4012197876e+02
-3.3930914307e+02
-3.4198806763e+02
-3.4245916748e+02
-3.4245916748e+02
-3.4198806763e+02
-3.3930914307e+02
-3.4012197876e+02
-3.5769808960e+02
-3.5438317871e+02
-3.5643646240e+02
-3.5682440186e+02
-3.5682440186e+02
-3.5643646240e+02
-3.5438317871e+02
-3.5769808960e+02
-3.8834881592e+02
-3.8263864136e+02
-3.8378713989e+02
-3.8382962036e+02
-3.8382962036e+02
-3.8378713989e+02
-3.8263864136e+02
-3.8834881592e+02
-4.3036004639e+02
-4.2244323730e+02
-4.2257629395e+02
-4.2215209961e+02
-4.2215209961e+02
-4.2257629395e+02
-4.2244323730e+02
-4.3036004639e+02
-4.7644064331e+02
-4.6665283203e+02
-4.6594433594e+02
-4.6504782104e+02
-4.6504782104e+02
-4.6594433594e+02
-4.6665283203e+02
-4.7644064331e+02
-5.2388171387e+02
-5.1244213867e+02
-5.1095126343e+02
-5.0958428955e+02
-5.0958428955e+02
-5.1095126343e+02
-5.1244213867e+02
-5.2388171387e+02
-5.6857354736e+02
-5.5556665039e+02
-5.5327947998e+02
-5.5141821289e+02
-5.5141821289e+02
-5.5327947998e+02
-5.5556665039e+02
-5.6857354736e+02
-6.0730322266e+02
-5.9289990234e+02
-5.8977526855e+02
-5.8740875244e+02
-5.8740875244e+02
-5.8977526855e+02
-5.9289990234e+02
-6.0730322266e+02
-6.3611132812e+02
-6.1992358398e+02
-6.1567468262e+02
-6.1268408203e+02
-6.1268408203e+02
-6.1567468262e+02
-6.1992358398e+02
-6.3611132812e+02
-6.5052526855e+02
-6.3246887207e+02
-6.2690972900e+02
-6.2344146729e+02
-6.2344146729e+02
-6.2690972900e+02
-6.3246887207e+02
-6.5052526855e+02
-6.4208209229e+02
-6.2090942383e+02
-6.1422497559e+02
-6.1039245605e+02
-6.1039245605e+02
-6.1422497559e+02
-6.2090942383e+02
-6.4208209229e+02
-6.0153369141e+02
-5.7945275879e+02
-5.7319439697e+02
-5.6973571777e+02
-5.6973571777e+02
-5.7319439697e+02
-5.7945275879e+02
-6.0153369141e+02
