-3.2115661621e+03
-3.1543703613e+03
-3.1601181641e+03
-3.1604260254e+03
-3.1604260254e+03
-3.1601181641e+03
-3.1543703613e+03
-3.2115661621e+03
-2.6745385742e+03
-2.6243747559e+03
-2.6244807129e+03
-2.6217485352e+03
-2.6217485352e+03
-2.6244807129e+03
-2.6243747559e+03
-2.6745385742e+03
-2.1768979492e+03
-2.1386462402e+03
-2.1401674805e+03
-2.1378703613e+03
-2.1378703613e+03
-2.1401674805e+03
-2.1386462402e+03
-2.1768979492e+03
-1.6813371582e+03
-1.6519167480e+03
-1.6539543457e+03
-1.6524726562e+03
-1.6524726562e+03
-1.6539543457e+03
-1.6519167480e+03
-1.6813371582e+03
-1.1944133301e+03
-1.1736766357e+03
-1.1756380615e+03
-1.1748460693e+03
-1.1748460693e+03
-1.1756380615e+03
-1.1736766357e+03
-1.1944133301e+03
-7.1003869629e+02
-6.9762847900e+02
-6.9912774658e+02
-6.9878674316e+02
-6.9878674316e+02
-6.9912774658e+02
-6.9762847900e+02
-7.1003869629e+02
-2.2900909424e+02
-2.2489971924e+02
-2.2580752563e+02
-2.2586248779e+02
-2.2586248779e+02
-2.2580752563e+02
-2.2489971924e+02
-2.2900909424e+02
2.5152870178e+02
2.4741856384e+02
2.4708505249e+02
2.4665853882e+02
2.4665853882e+02
2.4708505249e+02
2.4741856384e+02
2.5152870178e+02
7.3108636475e+02
7.1866876221e+02
7.1871160889e+02
7.1781292725e+02
7.1781292725e+02
7.1871160889e+02
7.1866876221e+02
7.3108636475e+02
1.2130626221e+03
1.1925328369e+03
1.1927293701e+03
1.1914001465e+03
1.1914001465e+03
1.1927293701e+03
1.1925328369e+03
1.2130626221e+03
1.6933576660e+03
1.6628646240e+03
1.6629843750e+03
1.6619565430e+03
1.6619565430e+03
1.6629843750e+03
1.6628646240e+03
1.6933576660e+03
2.1860427246e+03
2.1511728516e+03
2.1588850098e+03
2.1616420898e+03
2.1616420898e+03
2.1588850098e+03
2.1511728516e+03
2.1860427246e+03
-2.8513991699e+03
-2.9920444336e+03
-2.9997792969e+03
-3.0079970703e+03
-3.0079970703e+03
-2.9997792969e+03
-2.9920444336e+03
-2.8513991699e+03
-2.4810249023e+03
-2.6196301270e+03
-2.6397956543e+03
-2.6528901367e+03
-2.6528901367e+03
-2.6397956543e+03
-2.6196301270e+03
-2.4810249023e+03
-2.0364677734e+03
-2.1521689453e+03
-2.1708215332e+03
-2.1832153320e+03
-2.1832153320e+03
-2.1708215332e+03
-2.1521689453e+03
-2.0364677734e+03
-1.5914080811e+03
-1.6840697021e+03
-1.6995283203e+03
-1.7099270020e+03
-1.7099270020e+03
-1.6995283203e+03
-1.6840697021e+03
-1.5914080811e+03
-1.1374693604e+03
-1.2048298340e+03
-1.2164135742e+03
-1.2241079102e+03
-1.2241079102e+03
-1.2164135742e+03
-1.2048298340e+03
-1.1374693604e+03
-6.8386712646e+02
-7.2556054688e+02
-7.3297845459e+02
-7.3790875244e+02
-7.3790875244e+02
-7.3297845459e+02
-7.2556054688e+02
-6.8386712646e+02
-2.2850067139e+02
-2.4418637085e+02
-2.4737162781e+02
-2.4941581726e+02
-2.4941581726e+02
-2.4737162781e+02
-2.4418637085e+02
-2.2850067139e+02
2.2529290771e+02
2.3522865295e+02
2.3629238892e+02
2.3704447937e+02
2.3704447937e+02
2.3629238892e+02
2.3522865295e+02
2.2529290771e+02
6.7946887207e+02
7.1459826660e+02
7.1974682617e+02
7.2325213623e+02
7.2325213623e+02
7.1974682617e+02
7.1459826660e+02
6.7946887207e+02
1.1287762451e+03
1.1871289062e+03
1.1957917480e+03
1.2014748535e+03
1.2014748535e+03
1.1957917480e+03
1.1871289062e+03
1.1287762451e+03
1.5803574219e+03
1.6616203613e+03
1.6724810791e+03
1.6791513672e+03
1.6791513672e+03
1.6724810791e+03
1.6616203613e+03
1.5803574219e+03
2.0001046143e+03
2.0861242676e+03
2.0862792969e+03
2.0888688965e+03
2.0888688965e+03
2.0862792969e+03
2.0861242676e+03
2.0001046143e+03
-3.0944948730e+03
-2.9777653809e+03
-2.9984411621e+03
-2.9991977539e+03
-2.9991977539e+03
-2.9984411621e+03
-2.9777653809e+03
-3.0944948730e+03
-2.5505270996e+03
-2.4333273926e+03
-2.4415798340e+03
-2.4385756836e+03
-2.4385756836e+03
-2.4415798340e+03
-2.4333273926e+03
-2.5505270996e+03
-2.0960312500e+03
-1.9992103271e+03
-2.0062408447e+03
-2.0036893311e+03
-2.0036893311e+03
-2.0062408447e+03
-1.9992103271e+03
-2.0960312500e+03
-1.6332523193e+03
-1.5556339111e+03
-1.5611319580e+03
-1.5590294189e+03
-1.5590294189e+03
-1.5611319580e+03
-1.5556339111e+03
-1.6332523193e+03
-1.1768685303e+03
-1.1206925049e+03
-1.1247000732e+03
-1.1233022461e+03
-1.1233022461e+03
-1.1247000732e+03
-1.1206925049e+03
-1.1768685303e+03
-7.1693212891e+02
-6.8246533203e+02
-6.8495611572e+02
-6.8409997559e+02
-6.8409997559e+02
-6.8495611572e+02
-6.8246533203e+02
-7.1693212891e+02
-2.5854702759e+02
-2.4617340088e+02
-2.4716101074e+02
-2.4691642761e+02
-2.4691642761e+02
-2.4716101074e+02
-2.4617340088e+02
-2.5854702759e+02
2.0110014343e+02
1.9173966980e+02
1.9218786621e+02
1.9188105774e+02
1.9188105774e+02
1.9218786621e+02
1.9173966980e+02
2.0110014343e+02
6.5752764893e+02
6.2673461914e+02
6.2847717285e+02
6.2749127197e+02
6.2749127197e+02
6.2847717285e+02
6.2673461914e+02
6.5752764893e+02
1.1169219971e+03
1.0665850830e+03
1.0696649170e+03
1.0681503906e+03
1.0681503906e+03
1.0696649170e+03
1.0665850830e+03
1.1169219971e+03
1.5683978271e+03
1.4976079102e+03
1.5012322998e+03
1.4991336670e+03
1.4991336670e+03
1.5012322998e+03
1.4976079102e+03
1.5683978271e+03
2.0641152344e+03
1.9896876221e+03
2.0038129883e+03
2.0047761230e+03
2.0047761230e+03
2.0038129883e+03
1.9896876221e+03
2.0641152344e+03
-2.7503464355e+03
-2.8347770996e+03
-2.8002246094e+03
-2.7984912109e+03
-2.7984912109e+03
-2.8002246094e+03
-2.8347770996e+03
-2.7503464355e+03
-2.3869138184e+03
-2.4718774414e+03
-2.4470595703e+03
-2.4473259277e+03
-2.4473259277e+03
-2.4470595703e+03
-2.4718774414e+03
-2.3869138184e+03
-1.9416762695e+03
-2.0105085449e+03
-1.9882147217e+03
-1.9876094971e+03
-1.9876094971e+03
-1.9882147217e+03
-2.0105085449e+03
-1.9416762695e+03
-1.5181102295e+03
-1.5735356445e+03
-1.5558116455e+03
-1.5552647705e+03
-1.5552647705e+03
-1.5558116455e+03
-1.5735356445e+03
-1.5181102295e+03
-1.0918503418e+03
-1.1320765381e+03
-1.1192216797e+03
-1.1187174072e+03
-1.1187174072e+03
-1.1192216797e+03
-1.1320765381e+03
-1.0918503418e+03
-6.7267767334e+02
-6.9773706055e+02
-6.9002368164e+02
-6.8981384277e+02
-6.8981384277e+02
-6.9002368164e+02
-6.9773706055e+02
-6.7267767334e+02
-2.5292118835e+02
-2.6253527832e+02
-2.5998919678e+02
-2.6003610229e+02
-2.6003610229e+02
-2.5998919678e+02
-2.6253527832e+02
-2.5292118835e+02
1.6434423828e+02
1.6986511230e+02
1.6729360962e+02
1.6692304993e+02
1.6692304993e+02
1.6729360962e+02
1.6986511230e+02
1.6434423828e+02
5.8547058105e+02
6.0603820801e+02
5.9864117432e+02
5.9810681152e+02
5.9810681152e+02
5.9864117432e+02
6.0603820801e+02
5.8547058105e+02
1.0036676025e+03
1.0377150879e+03
1.0256417236e+03
1.0249427490e+03
1.0249427490e+03
1.0256417236e+03
1.0377150879e+03
1.0036676025e+03
1.4351749268e+03
1.4847818604e+03
1.4702768555e+03
1.4702318115e+03
1.4702318115e+03
1.4702768555e+03
1.4847818604e+03
1.4351749268e+03
1.8206839600e+03
1.8731424561e+03
1.8498294678e+03
1.8481354980e+03
1.8481354980e+03
1.8498294678e+03
1.8731424561e+03
1.8206839600e+03
-2.7450878906e+03
-2.6893242188e+03
-2.7275300293e+03
-2.7268598633e+03
-2.7268598633e+03
-2.7275300293e+03
-2.6893242188e+03
-2.7450878906e+03
-2.2892138672e+03
-2.2332817383e+03
-2.2642778320e+03
-2.2629309082e+03
-2.2629309082e+03
-2.2642778320e+03
-2.2332817383e+03
-2.2892138672e+03
-1.9061853027e+03
-1.8622883301e+03
-1.8903269043e+03
-1.8902908936e+03
-1.8902908936e+03
-1.8903269043e+03
-1.8622883301e+03
-1.9061853027e+03
-1.4972121582e+03
-1.4618526611e+03
-1.4842053223e+03
-1.4842547607e+03
-1.4842547607e+03
-1.4842053223e+03
-1.4618526611e+03
-1.4972121582e+03
-1.0939859619e+03
-1.0687325439e+03
-1.0851898193e+03
-1.0854003906e+03
-1.0854003906e+03
-1.0851898193e+03
-1.0687325439e+03
-1.0939859619e+03
-6.8515112305e+02
-6.6977343750e+02
-6.8002825928e+02
-6.8018524170e+02
-6.8018524170e+02
-6.8002825928e+02
-6.6977343750e+02
-6.8515112305e+02
-2.7904275513e+02
-2.7375726318e+02
-2.7779968262e+02
-2.7795657349e+02
-2.7795657349e+02
-2.7779968262e+02
-2.7375726318e+02
-2.7904275513e+02
1.2916487122e+02
1.2461479187e+02
1.2677051544e+02
1.2669503021e+02
1.2669503021e+02
1.2677051544e+02
1.2461479187e+02
1.2916487122e+02
5.3273901367e+02
5.1830242920e+02
5.2634680176e+02
5.2624340820e+02
5.2624340820e+02
5.2634680176e+02
5.1830242920e+02
5.3273901367e+02
9.4010192871e+02
9.1710949707e+02
9.3103704834e+02
9.3096417236e+02
9.3096417236e+02
9.3103704834e+02
9.1710949707e+02
9.4010192871e+02
1.3308310547e+03
1.2967708740e+03
1.3138087158e+03
1.3127189941e+03
1.3127189941e+03
1.3138087158e+03
1.2967708740e+03
1.3308310547e+03
1.7638780518e+03
1.7272780762e+03
1.7510261230e+03
1.7503787842e+03
1.7503787842e+03
1.7510261230e+03
1.7272780762e+03
1.7638780518e+03
-2.5097160645e+03
-2.5493168945e+03
-2.5166176758e+03
-2.5215905762e+03
-2.5215905762e+03
-2.5166176758e+03
-2.5493168945e+03
-2.5097160645e+03
-2.1716301270e+03
-2.2103791504e+03
-2.1824819336e+03
-2.1872517090e+03
-2.1872517090e+03
-2.1824819336e+03
-2.2103791504e+03
-2.1716301270e+03
-1.7745488281e+03
-1.8042375488e+03
-1.7789396973e+03
-1.7819780273e+03
-1.7819780273e+03
-1.7789396973e+03
-1.8042375488e+03
-1.7745488281e+03
-1.4069780273e+03
-1.4311752930e+03
-1.4112514648e+03
-1.4137521973e+03
-1.4137521973e+03
-1.4112514648e+03
-1.4311752930e+03
-1.4069780273e+03
-1.0323132324e+03
-1.0495830078e+03
-1.0349824219e+03
-1.0367368164e+03
-1.0367368164e+03
-1.0349824219e+03
-1.0495830078e+03
-1.0323132324e+03
-6.6358984375e+02
-6.7425280762e+02
-6.6525866699e+02
-6.6641638184e+02
-6.6641638184e+02
-6.6525866699e+02
-6.7425280762e+02
-6.6358984375e+02
-2.9167074585e+02
-2.9554089355e+02
-2.9212899780e+02
-2.9261483765e+02
-2.9261483765e+02
-2.9212899780e+02
-2.9554089355e+02
-2.9167074585e+02
7.7484542847e+01
8.0203285217e+01
7.8023284912e+01
7.8116165161e+01
7.8116165161e+01
7.8023284912e+01
8.0203285217e+01
7.7484542847e+01
4.5136242676e+02
4.6081655884e+02
4.5330902100e+02
4.5403726196e+02
4.5403726196e+02
4.5330902100e+02
4.6081655884e+02
4.5136242676e+02
8.2042169189e+02
8.3542431641e+02
8.2236901855e+02
8.2351098633e+02
8.2351098633e+02
8.2236901855e+02
8.3542431641e+02
8.2042169189e+02
1.2083685303e+03
1.2313480225e+03
1.2152325439e+03
1.2176939697e+03
1.2176939697e+03
1.2152325439e+03
1.2313480225e+03
1.2083685303e+03
1.5626739502e+03
1.5877552490e+03
1.5664877930e+03
1.5692282715e+03
1.5692282715e+03
1.5664877930e+03
1.5877552490e+03
1.5626739502e+03
-2.3859682617e+03
-2.3594501953e+03
-2.3868803711e+03
-2.3799050293e+03
-2.3799050293e+03
-2.3868803711e+03
-2.3594501953e+03
-2.3859682617e+03
-2.0160012207e+03
-1.9901871338e+03
-2.0139885254e+03
-2.0074656982e+03
-2.0074656982e+03
-2.0139885254e+03
-1.9901871338e+03
-2.0160012207e+03
-1.6940784912e+03
-1.6747243652e+03
-1.6960998535e+03
-1.6912877197e+03
-1.6912877197e+03
-1.6960998535e+03
-1.6747243652e+03
-1.6940784912e+03
-1.3436729736e+03
-1.3275903320e+03
-1.3442214355e+03
-1.3401517334e+03
-1.3401517334e+03
-1.3442214355e+03
-1.3275903320e+03
-1.3436729736e+03
-1.0028322144e+03
-9.9142590332e+02
-1.0036249390e+03
-1.0006688232e+03
-1.0006688232e+03
-1.0036249390e+03
-9.9142590332e+02
-1.0028322144e+03
-6.5628094482e+02
-6.4920178223e+02
-6.5674237061e+02
-6.5479888916e+02
-6.5479888916e+02
-6.5674237061e+02
-6.4920178223e+02
-6.5628094482e+02
-3.1334158325e+02
-3.1076693726e+02
-3.1370068359e+02
-3.1286724854e+02
-3.1286724854e+02
-3.1370068359e+02
-3.1076693726e+02
-3.1334158325e+02
3.3310848236e+01
3.1541872025e+01
3.3236549377e+01
3.3051486969e+01
3.3051486969e+01
3.3236549377e+01
3.1541872025e+01
3.3310848236e+01
3.7601416016e+02
3.6973104858e+02
3.7581686401e+02
3.7457601929e+02
3.7457601929e+02
3.7581686401e+02
3.6973104858e+02
3.7601416016e+02
7.2600805664e+02
7.1623242188e+02
7.2706433105e+02
7.2505664062e+02
7.2505664062e+02
7.2706433105e+02
7.1623242188e+02
7.2600805664e+02
1.0588624268e+03
1.0435117188e+03
1.0569497070e+03
1.0534306641e+03
1.0534306641e+03
1.0569497070e+03
1.0435117188e+03
1.0588624268e+03
1.4201257324e+03
1.4025494385e+03
1.4195651855e+03
1.4152802734e+03
1.4152802734e+03
1.4195651855e+03
1.4025494385e+03
1.4201257324e+03
-2.1666489258e+03
-2.1860629883e+03
-2.1654064941e+03
-2.1736015625e+03
-2.1736015625e+03
-2.1654064941e+03
-2.1860629883e+03
-2.1666489258e+03
-1.8798660889e+03
-1.8978209229e+03
-1.8793841553e+03
-1.8869096680e+03
-1.8869096680e+03
-1.8793841553e+03
-1.8978209229e+03
-1.8798660889e+03
-1.5546828613e+03
-1.5678458252e+03
-1.5511734619e+03
-1.5569685059e+03
-1.5569685059e+03
-1.5511734619e+03
-1.5678458252e+03
-1.5546828613e+03
-1.2558640137e+03
-1.2669204102e+03
-1.2539846191e+03
-1.2588540039e+03
-1.2588540039e+03
-1.2539846191e+03
-1.2669204102e+03
-1.2558640137e+03
-9.4569030762e+02
-9.5338934326e+02
-9.4376013184e+02
-9.4729620361e+02
-9.4729620361e+02
-9.4376013184e+02
-9.5338934326e+02
-9.4569030762e+02
-6.4084777832e+02
-6.4554388428e+02
-6.3945135498e+02
-6.4174951172e+02
-6.4174951172e+02
-6.3945135498e+02
-6.4554388428e+02
-6.4084777832e+02
-3.3126730347e+02
-3.3280944824e+02
-3.3019842529e+02
-3.3116223145e+02
-3.3116223145e+02
-3.3019842529e+02
-3.3280944824e+02
-3.3126730347e+02
-2.4782402039e+01
-2.3295581818e+01
-2.4199247360e+01
-2.3924280167e+01
-2.3924280167e+01
-2.4199247360e+01
-2.3295581818e+01
-2.4782402039e+01
2.8701431274e+02
2.9169070435e+02
2.8745446777e+02
2.8899642944e+02
2.8899642944e+02
2.8745446777e+02
2.9169070435e+02
2.8701431274e+02
5.9205218506e+02
5.9903997803e+02
5.9104956055e+02
5.9349188232e+02
5.9349188232e+02
5.9104956055e+02
5.9903997803e+02
5.9205218506e+02
9.1465429688e+02
9.2553894043e+02
9.1526489258e+02
9.1909729004e+02
9.1909729004e+02
9.1526489258e+02
9.2553894043e+02
9.1465429688e+02
1.2175413818e+03
1.2299378662e+03
1.2167679443e+03
1.2213870850e+03
1.2213870850e+03
1.2167679443e+03
1.2299378662e+03
1.2175413818e+03
-1.9878206787e+03
-1.9747286377e+03
-1.9908187256e+03
-1.9832659912e+03
-1.9832659912e+03
-1.9908187256e+03
-1.9747286377e+03
-1.9878206787e+03
-1.7036372070e+03
-1.6912072754e+03
-1.7053255615e+03
-1.6982049561e+03
-1.6982049561e+03
-1.7053255615e+03
-1.6912072754e+03
-1.7036372070e+03
-1.4488164062e+03
-1.4395551758e+03
-1.4520374756e+03
-1.4462686768e+03
-1.4462686768e+03
-1.4520374756e+03
-1.4395551758e+03
-1.4488164062e+03
-1.1695161133e+03
-1.1613675537e+03
-1.1708551025e+03
-1.1658626709e+03
-1.1658626709e+03
-1.1708551025e+03
-1.1613675537e+03
-1.1695161133e+03
-9.0131823730e+02
-8.9542462158e+02
-9.0242266846e+02
-8.9867468262e+02
-8.9867468262e+02
-9.0242266846e+02
-8.9542462158e+02
-9.0131823730e+02
-6.2633673096e+02
-6.2237939453e+02
-6.2669549561e+02
-6.2410290527e+02
-6.2410290527e+02
-6.2669549561e+02
-6.2237939453e+02
-6.2633673096e+02
-3.5496206665e+02
-3.5307675171e+02
-3.5477575684e+02
-3.5344400024e+02
-3.5344400024e+02
-3.5477575684e+02
-3.5307675171e+02
-3.5496206665e+02
-7.8666725159e+01
-7.8774803162e+01
-7.7831520081e+01
-7.7677078247e+01
-7.7677078247e+01
-7.7831520081e+01
-7.8774803162e+01
-7.8666725159e+01
1.9387431335e+02
1.9165185547e+02
1.9506840515e+02
1.9399755859e+02
1.9399755859e+02
1.9506840515e+02
1.9165185547e+02
1.9387431335e+02
4.7572506714e+02
4.7202053833e+02
4.7824948120e+02
4.7625833130e+02
4.7625833130e+02
4.7824948120e+02
4.7202053833e+02
4.7572506714e+02
7.4422064209e+02
7.3789025879e+02
7.4578033447e+02
7.4248443604e+02
7.4248443604e+02
7.4578033447e+02
7.3789025879e+02
7.4422064209e+02
1.0305010986e+03
1.0223608398e+03
1.0320064697e+03
1.0278048096e+03
1.0278048096e+03
1.0320064697e+03
1.0223608398e+03
1.0305010986e+03
-1.7616008301e+03
-1.7707626953e+03
-1.7593110352e+03
-1.7659174805e+03
-1.7659174805e+03
-1.7593110352e+03
-1.7707626953e+03
-1.7616008301e+03
-1.5433535156e+03
-1.5511560059e+03
-1.5406192627e+03
-1.5467304688e+03
-1.5467304688e+03
-1.5406192627e+03
-1.5511560059e+03
-1.5433535156e+03
-1.3003166504e+03
-1.3058160400e+03
-1.2961967773e+03
-1.3010877686e+03
-1.3010877686e+03
-1.2961967773e+03
-1.3058160400e+03
-1.3003166504e+03
-1.0772979736e+03
-1.0820589600e+03
-1.0745040283e+03
-1.0786773682e+03
-1.0786773682e+03
-1.0745040283e+03
-1.0820589600e+03
-1.0772979736e+03
-8.4141009521e+02
-8.4455969238e+02
-8.3864263916e+02
-8.4170812988e+02
-8.4170812988e+02
-8.3864263916e+02
-8.4455969238e+02
-8.4141009521e+02
-6.1085687256e+02
-6.1267907715e+02
-6.0861444092e+02
-6.1068579102e+02
-6.1068579102e+02
-6.0861444092e+02
-6.1267907715e+02
-6.1085687256e+02
-3.7463659668e+02
-3.7503967285e+02
-3.7277786255e+02
-3.7376260376e+02
-3.7376260376e+02
-3.7277786255e+02
-3.7503967285e+02
-3.7463659668e+02
-1.4141363525e+02
-1.4043937683e+02
-1.4001196289e+02
-1.3999961853e+02
-1.3999961853e+02
-1.4001196289e+02
-1.4043937683e+02
-1.4141363525e+02
9.8094543457e+01
1.0049478149e+02
9.9184890747e+01
1.0023897552e+02
1.0023897552e+02
9.9184890747e+01
1.0049478149e+02
9.8094543457e+01
3.3070761108e+02
3.3409664917e+02
3.3078485107e+02
3.3256814575e+02
3.3256814575e+02
3.3078485107e+02
3.3409664917e+02
3.3070761108e+02
5.7760925293e+02
5.8260852051e+02
5.7782299805e+02
5.8051965332e+02
5.8051965332e+02
5.7782299805e+02
5.8260852051e+02
5.7760925293e+02
8.1400103760e+02
8.1982238770e+02
8.1340240479e+02
8.1670336914e+02
8.1670336914e+02
8.1340240479e+02
8.1982238770e+02
8.1400103760e+02
-1.5509771729e+03
-1.5448721924e+03
-1.5529788818e+03
-1.5479589844e+03
-1.5479589844e+03
-1.5529788818e+03
-1.5448721924e+03
-1.5509771729e+03
-1.3544539795e+03
-1.3485722656e+03
-1.3556046143e+03
-1.3506868896e+03
-1.3506868896e+03
-1.3556046143e+03
-1.3485722656e+03
-1.3544539795e+03
-1.1752441406e+03
-1.1705943604e+03
-1.1767420654e+03
-1.1725373535e+03
-1.1725373535e+03
-1.1767420654e+03
-1.1705943604e+03
-1.1752441406e+03
-9.7666925049e+02
-9.7226708984e+02
-9.7692767334e+02
-9.7310998535e+02
-9.7310998535e+02
-9.7692767334e+02
-9.7226708984e+02
-9.7666925049e+02
-7.8846051025e+02
-7.8500720215e+02
-7.8856707764e+02
-7.8553881836e+02
-7.8553881836e+02
-7.8856707764e+02
-7.8500720215e+02
-7.8846051025e+02
-5.9240130615e+02
-5.8969665527e+02
-5.9199822998e+02
-5.8965283203e+02
-5.8965283203e+02
-5.9199822998e+02
-5.8969665527e+02
-5.9240130615e+02
-3.9966653442e+02
-3.9777752686e+02
-3.9887854004e+02
-3.9731838989e+02
-3.9731838989e+02
-3.9887854004e+02
-3.9777752686e+02
-3.9966653442e+02
-2.0125352478e+02
-2.0019497681e+02
-2.0008413696e+02
-1.9923458862e+02
-1.9923458862e+02
-2.0008413696e+02
-2.0019497681e+02
-2.0125352478e+02
-6.5674657822e+00
-6.3146882057e+00
-5.0714879036e+00
-4.9982476234e+00
-4.9982476234e+00
-5.0714879036e+00
-6.3146882057e+00
-6.5674657822e+00
1.9782194519e+02
1.9739115906e+02
1.9983363342e+02
1.9931948853e+02
1.9931948853e+02
1.9983363342e+02
1.9739115906e+02
1.9782194519e+02
3.9282629395e+02
3.9145727539e+02
3.9472341919e+02
3.9346160889e+02
3.9346160889e+02
3.9472341919e+02
3.9145727539e+02
3.9282629395e+02
5.9946209717e+02
5.9673498535e+02
6.0061761475e+02
5.9871343994e+02
5.9871343994e+02
6.0061761475e+02
5.9673498535e+02
5.9946209717e+02
-1.3157684326e+03
-1.3190891113e+03
-1.3140467529e+03
-1.3174447021e+03
-1.3174447021e+03
-1.3140467529e+03
-1.3190891113e+03
-1.3157684326e+03
-1.1765184326e+03
-1.1788232422e+03
-1.1738347168e+03
-1.1770639648e+03
-1.1770639648e+03
-1.1738347168e+03
-1.1788232422e+03
-1.1765184326e+03
-1.0206497803e+03
-1.0221603394e+03
-1.0173073730e+03
-1.0199631348e+03
-1.0199631348e+03
-1.0173073730e+03
-1.0221603394e+03
-1.0206497803e+03
-8.7889935303e+02
-8.8023291016e+02
-8.7607135010e+02
-8.7847882080e+02
-8.7847882080e+02
-8.7607135010e+02
-8.8023291016e+02
-8.7889935303e+02
-7.2461749268e+02
-7.2539965820e+02
-7.2171588135e+02
-7.2359631348e+02
-7.2359631348e+02
-7.2171588135e+02
-7.2539965820e+02
-7.2461749268e+02
-5.7549615479e+02
-5.7586230469e+02
-5.7282434082e+02
-5.7430718994e+02
-5.7430718994e+02
-5.7282434082e+02
-5.7586230469e+02
-5.7549615479e+02
-4.2013253784e+02
-4.2007235718e+02
-4.1764480591e+02
-4.1864355469e+02
-4.1864355469e+02
-4.1764480591e+02
-4.2007235718e+02
-4.2013253784e+02
-2.6750277710e+02
-2.6696520996e+02
-2.6516592407e+02
-2.6576605225e+02
-2.6576605225e+02
-2.6516592407e+02
-2.6696520996e+02
-2.6750277710e+02
-1.0792314148e+02
-1.0704223633e+02
-1.0588372803e+02
-1.0603708649e+02
-1.0603708649e+02
-1.0588372803e+02
-1.0704223633e+02
-1.0792314148e+02
4.5548370361e+01
4.6864215851e+01
4.7428504944e+01
4.7534111023e+01
4.7534111023e+01
4.7428504944e+01
4.6864215851e+01
4.5548370361e+01
2.1061454773e+02
2.1211227417e+02
2.1189521790e+02
2.1225112915e+02
2.1225112915e+02
2.1189521790e+02
2.1211227417e+02
2.1061454773e+02
3.7028051758e+02
3.7198562622e+02
3.7098757935e+02
3.7156130981e+02
3.7156130981e+02
3.7098757935e+02
3.7198562622e+02
3.7028051758e+02
-1.0861463623e+03
-1.0842176514e+03
-1.0864798584e+03
-1.0846669922e+03
-1.0846669922e+03
-1.0864798584e+03
-1.0842176514e+03
-1.0861463623e+03
-9.7907867432e+02
-9.7686279297e+02
-9.7875756836e+02
-9.7665600586e+02
-9.7665600586e+02
-9.7875756836e+02
-9.7686279297e+02
-9.7907867432e+02
-8.8201971436e+02
-8.7976757812e+02
-8.8150146484e+02
-8.7943511963e+02
-8.7943511963e+02
-8.8150146484e+02
-8.7976757812e+02
-8.8201971436e+02
-7.6979309082e+02
-7.6740417480e+02
-7.6891351318e+02
-7.6671173096e+02
-7.6671173096e+02
-7.6891351318e+02
-7.6740417480e+02
-7.6979309082e+02
-6.6623626709e+02
-6.6389941406e+02
-6.6532586670e+02
-6.6327856445e+02
-6.6327856445e+02
-6.6532586670e+02
-6.6389941406e+02
-6.6623626709e+02
-5.5438977051e+02
-5.5208422852e+02
-5.5333978271e+02
-5.5133782959e+02
-5.5133782959e+02
-5.5333978271e+02
-5.5208422852e+02
-5.5438977051e+02
-4.4553475952e+02
-4.4324212646e+02
-4.4437304688e+02
-4.4251544189e+02
-4.4251544189e+02
-4.4437304688e+02
-4.4324212646e+02
-4.4553475952e+02
-3.3061602783e+02
-3.2844738770e+02
-3.2946200562e+02
-3.2767984009e+02
-3.2767984009e+02
-3.2946200562e+02
-3.2844738770e+02
-3.3061602783e+02
-2.1919514465e+02
-2.1693354797e+02
-2.1780700684e+02
-2.1616470337e+02
-2.1616470337e+02
-2.1780700684e+02
-2.1693354797e+02
-2.1919514465e+02
-9.8385887146e+01
-9.6468208313e+01
-9.7473846436e+01
-9.5920478821e+01
-9.5920478821e+01
-9.7473846436e+01
-9.6468208313e+01
-9.8385887146e+01
1.5655914307e+01
1.7818174362e+01
1.6916717529e+01
1.8374305725e+01
1.8374305725e+01
1.6916717529e+01
1.7818174362e+01
1.5655914307e+01
1.3834109497e+02
1.3952099609e+02
1.3834262085e+02
1.3952998352e+02
1.3952998352e+02
1.3834262085e+02
1.3952099609e+02
1.3834109497e+02
-8.4531597900e+02
-8.4461865234e+02
-8.4463623047e+02
-8.4476647949e+02
-8.4476647949e+02
-8.4463623047e+02
-8.4461865234e+02
-8.4531597900e+02
-7.9071929932e+02
-7.8943890381e+02
-7.8872784424e+02
-7.8906622314e+02
-7.8906622314e+02
-7.8872784424e+02
-7.8943890381e+02
-7.9071929932e+02
-7.2415301514e+02
-7.2322979736e+02
-7.2189764404e+02
-7.2231237793e+02
-7.2231237793e+02
-7.2189764404e+02
-7.2322979736e+02
-7.2415301514e+02
-6.6742639160e+02
-6.6666021729e+02
-6.6481164551e+02
-6.6550646973e+02
-6.6550646973e+02
-6.6481164551e+02
-6.6666021729e+02
-6.6742639160e+02
-5.9927502441e+02
-5.9881506348e+02
-5.9650665283e+02
-5.9732366943e+02
-5.9732366943e+02
-5.9650665283e+02
-5.9881506348e+02
-5.9927502441e+02
-5.3575280762e+02
-5.3554400635e+02
-5.3286987305e+02
-5.3393707275e+02
-5.3393707275e+02
-5.3286987305e+02
-5.3554400635e+02
-5.3575280762e+02
-4.6577386475e+02
-4.6589489746e+02
-4.6283438110e+02
-4.6407135010e+02
-4.6407135010e+02
-4.6283438110e+02
-4.6589489746e+02
-4.6577386475e+02
-3.9822879028e+02
-3.9853964233e+02
-3.9509353638e+02
-3.9658218384e+02
-3.9658218384e+02
-3.9509353638e+02
-3.9853964233e+02
-3.9822879028e+02
-3.2362899780e+02
-3.2446231079e+02
-3.2074276733e+02
-3.2244384766e+02
-3.2244384766e+02
-3.2074276733e+02
-3.2446231079e+02
-3.2362899780e+02
-2.5430534363e+02
-2.5501908875e+02
-2.5065675354e+02
-2.5263645935e+02
-2.5263645935e+02
-2.5065675354e+02
-2.5501908875e+02
-2.5430534363e+02
-1.7482359314e+02
-1.7656733704e+02
-1.7235591125e+02
-1.7477488708e+02
-1.7477488708e+02
-1.7235591125e+02
-1.7656733704e+02
-1.7482359314e+02
-9.8609268188e+01
-1.0060602570e+02
-9.6376869202e+01
-9.9001487732e+01
-9.9001487732e+01
-9.6376869202e+01
-1.0060602570e+02
-9.8609268188e+01
-6.0581488037e+02
-6.0737750244e+02
-6.0459350586e+02
-6.0576135254e+02
-6.0576135254e+02
-6.0459350586e+02
-6.0737750244e+02
-6.0581488037e+02
-5.8867340088e+02
-5.8943206787e+02
-5.8708190918e+02
-5.8755554199e+02
-5.8755554199e+02
-5.8708190918e+02
-5.8943206787e+02
-5.8867340088e+02
-5.7752520752e+02
-5.7707958984e+02
-5.7533404541e+02
-5.7520935059e+02
-5.7520935059e+02
-5.7533404541e+02
-5.7707958984e+02
-5.7752520752e+02
-5.5402264404e+02
-5.5309545898e+02
-5.5233862305e+02
-5.5156457520e+02
-5.5156457520e+02
-5.5233862305e+02
-5.5309545898e+02
-5.5402264404e+02
-5.3747210693e+02
-5.3573901367e+02
-5.3585101318e+02
-5.3460974121e+02
-5.3460974121e+02
-5.3585101318e+02
-5.3573901367e+02
-5.3747210693e+02
-5.1288079834e+02
-5.1051388550e+02
-5.1148089600e+02
-5.0966964722e+02
-5.0966964722e+02
-5.1148089600e+02
-5.1051388550e+02
-5.1288079834e+02
-4.9093972778e+02
-4.8783453369e+02
-4.8969085693e+02
-4.8740127563e+02
-4.8740127563e+02
-4.8969085693e+02
-4.8783453369e+02
-4.9093972778e+02
-4.6292889404e+02
-4.5928002930e+02
-4.6205221558e+02
-4.5922235107e+02
-4.5922235107e+02
-4.6205221558e+02
-4.5928002930e+02
-4.6292889404e+02
-4.3799533081e+02
-4.3340539551e+02
-4.3699841309e+02
-4.3368627930e+02
-4.3368627930e+02
-4.3699841309e+02
-4.3340539551e+02
-4.3799533081e+02
-4.0418542480e+02
-3.9963815308e+02
-4.0462304688e+02
-4.0088940430e+02
-4.0088940430e+02
-4.0462304688e+02
-3.9963815308e+02
-4.0418542480e+02
-3.7622265625e+02
-3.7016299438e+02
-3.7571820068e+02
-3.7142282104e+02
-3.7142282104e+02
-3.7571820068e+02
-3.7016299438e+02
-3.7622265625e+02
-3.4039431763e+02
-3.3503430176e+02
-3.4179837036e+02
-3.3737255859e+02
-3.3737255859e+02
-3.4179837036e+02
-3.3503430176e+02
-3.4039431763e+02
-3.6492575073e+02
-3.6022769165e+02
-3.6521817017e+02
-3.6261077881e+02
-3.6261077881e+02
-3.6521817017e+02
-3.6022769165e+02
-3.6492575073e+02
-3.9706060791e+02
-3.9231735229e+02
-3.9563748169e+02
-3.9362905884e+02
-3.9362905884e+02
-3.9563748169e+02
-3.9231735229e+02
-3.9706060791e+02
-4.1949288940e+02
-4.1645181274e+02
-4.1833734131e+02
-4.1698681641e+02
-4.1698681641e+02
-4.1833734131e+02
-4.1645181274e+02
-4.1949288940e+02
-4.4931735229e+02
-4.4691751099e+02
-4.4703012085e+02
-4.4642800903e+02
-4.4642800903e+02
-4.4703012085e+02
-4.4691751099e+02
-4.4931735229e+02
-4.6901092529e+02
-4.6789553833e+02
-4.6653442383e+02
-4.6662149048e+02
-4.6662149048e+02
-4.6653442383e+02
-4.6789553833e+02
-4.6901092529e+02
-4.9257919312e+02
-4.9251342773e+02
-4.8971362305e+02
-4.9061367798e+02
-4.9061367798e+02
-4.8971362305e+02
-4.9251342773e+02
-4.9257919312e+02
-5.0987948608e+02
-5.1102188110e+02
-5.0677325439e+02
-5.0841781616e+02
-5.0841781616e+02
-5.0677325439e+02
-5.1102188110e+02
-5.0987948608e+02
-5.2934362793e+02
-5.3148394775e+02
-5.2577203369e+02
-5.2823339844e+02
-5.2823339844e+02
-5.2577203369e+02
-5.3148394775e+02
-5.2934362793e+02
-5.4219897461e+02
-5.4582489014e+02
-5.3879888916e+02
-5.4204193115e+02
-5.4204193115e+02
-5.3879888916e+02
-5.4582489014e+02
-5.4219897461e+02
-5.5976702881e+02
-5.6373016357e+02
-5.5478411865e+02
-5.5879016113e+02
-5.5879016113e+02
-5.5478411865e+02
-5.6373016357e+02
-5.5976702881e+02
-5.6733355713e+02
-5.7388385010e+02
-5.6442724609e+02
-5.6951794434e+02
-5.6951794434e+02
-5.6442724609e+02
-5.7388385010e+02
-5.6733355713e+02
-5.7850671387e+02
-5.8559539795e+02
-5.7508795166e+02
-5.8079425049e+02
-5.8079425049e+02
-5.7508795166e+02
-5.8559539795e+02
-5.7850671387e+02
-1.2257144165e+02
-1.2867082214e+02
-1.2047174835e+02
-1.2383702850e+02
-1.2383702850e+02
-1.2047174835e+02
-1.2867082214e+02
-1.2257144165e+02
-1.9392222595e+02
-1.9864950562e+02
-1.9202540588e+02
-1.9434968567e+02
-1.9434968567e+02
-1.9202540588e+02
-1.9864950562e+02
-1.9392222595e+02
-2.6985882568e+02
-2.7175711060e+02
-2.6663839722e+02
-2.6788302612e+02
-2.6788302612e+02
-2.6663839722e+02
-2.7175711060e+02
-2.6985882568e+02
-3.3488784790e+02
-3.3562707520e+02
-3.3287170410e+02
-3.3310671997e+02
-3.3310671997e+02
-3.3287170410e+02
-3.3562707520e+02
-3.3488784790e+02
-4.0549014282e+02
-4.0428527832e+02
-4.0357608032e+02
-4.0290368652e+02
-4.0290368652e+02
-4.0357608032e+02
-4.0428527832e+02
-4.0549014282e+02
-4.6885998535e+02
-4.6603753662e+02
-4.6739645386e+02
-4.6571438599e+02
-4.6571438599e+02
-4.6739645386e+02
-4.6603753662e+02
-4.6885998535e+02
-5.3455554199e+02
-5.2994055176e+02
-5.3339562988e+02
-5.3077856445e+02
-5.3077856445e+02
-5.3339562988e+02
-5.2994055176e+02
-5.3455554199e+02
-5.9453161621e+02
-5.8837481689e+02
-5.9396520996e+02
-5.9036590576e+02
-5.9036590576e+02
-5.9396520996e+02
-5.8837481689e+02
-5.9453161621e+02
-6.5707110596e+02
-6.4885913086e+02
-6.5649554443e+02
-6.5197064209e+02
-6.5197064209e+02
-6.5649554443e+02
-6.4885913086e+02
-6.5707110596e+02
-7.1145477295e+02
-7.0261480713e+02
-7.1301257324e+02
-7.0767407227e+02
-7.0767407227e+02
-7.1301257324e+02
-7.0261480713e+02
-7.1145477295e+02
-7.7240905762e+02
-7.6012860107e+02
-7.7182238770e+02
-7.6534960938e+02
-7.6534960938e+02
-7.7182238770e+02
-7.6012860107e+02
-7.7240905762e+02
-8.2424584961e+02
-8.1249395752e+02
-8.2668090820e+02
-8.1970538330e+02
-8.1970538330e+02
-8.2668090820e+02
-8.1249395752e+02
-8.2424584961e+02
1.1130317688e+02
1.2176525116e+02
1.1080090332e+02
1.1482392883e+02
1.1482392883e+02
1.1080090332e+02
1.2176525116e+02
1.1130317688e+02
-6.8477358818e+00
2.9502177238e+00
-4.9765911102e+00
-1.8115499020e+00
-1.8115499020e+00
-4.9765911102e+00
2.9502177238e+00
-6.8477358818e+00
-1.1547959137e+02
-1.0952531433e+02
-1.1506059265e+02
-1.1288588715e+02
-1.1288588715e+02
-1.1506059265e+02
-1.0952531433e+02
-1.1547959137e+02
-2.3079498291e+02
-2.2654808044e+02
-2.2882968140e+02
-2.2759849548e+02
-2.2759849548e+02
-2.2882968140e+02
-2.2654808044e+02
-2.3079498291e+02
-3.3738934326e+02
-3.3588577271e+02
-3.3532720947e+02
-3.3502877808e+02
-3.3502877808e+02
-3.3532720947e+02
-3.3588577271e+02
-3.3738934326e+02
-4.4705917358e+02
-4.4793838501e+02
-4.4456124878e+02
-4.4531890869e+02
-4.4531890869e+02
-4.4456124878e+02
-4.4793838501e+02
-4.4705917358e+02
-5.5104101562e+02
-5.5451654053e+02
-5.4830859375e+02
-5.5007519531e+02
-5.5007519531e+02
-5.4830859375e+02
-5.5451654053e+02
-5.5104101562e+02
-6.5700549316e+02
-6.6283093262e+02
-6.5376904297e+02
-6.5659716797e+02
-6.5659716797e+02
-6.5376904297e+02
-6.6283093262e+02
-6.5700549316e+02
-7.5725177002e+02
-7.6598950195e+02
-7.5418035889e+02
-7.5803912354e+02
-7.5803912354e+02
-7.5418035889e+02
-7.6598950195e+02
-7.5725177002e+02
-8.6167681885e+02
-8.7185101318e+02
-8.5667864990e+02
-8.6154473877e+02
-8.6154473877e+02
-8.5667864990e+02
-8.7185101318e+02
-8.6167681885e+02
-9.5518627930e+02
-9.7046044922e+02
-9.5398321533e+02
-9.6037408447e+02
-9.6037408447e+02
-9.5398321533e+02
-9.7046044922e+02
-9.5518627930e+02
-1.0553978271e+03
-1.0712586670e+03
-1.0520711670e+03
-1.0593554688e+03
-1.0593554688e+03
-1.0520711670e+03
-1.0712586670e+03
-1.0553978271e+03
3.5129467773e+02
3.3753723145e+02
3.5238433838e+02
3.4880429077e+02
3.4880429077e+02
3.5238433838e+02
3.3753723145e+02
3.5129467773e+02
1.9516947937e+02
1.8348132324e+02
1.9498109436e+02
1.9247360229e+02
1.9247360229e+02
1.9498109436e+02
1.8348132324e+02
1.9516947937e+02
3.3123252869e+01
2.7036003113e+01
3.5949420929e+01
3.4566642761e+01
3.4566642761e+01
3.5949420929e+01
2.7036003113e+01
3.3123252869e+01
-1.1829228973e+02
-1.2163597107e+02
-1.1670290375e+02
-1.1717875671e+02
-1.1717875671e+02
-1.1670290375e+02
-1.2163597107e+02
-1.1829228973e+02
-2.7404714966e+02
-2.7356295776e+02
-2.7229644775e+02
-2.7195718384e+02
-2.7195718384e+02
-2.7229644775e+02
-2.7356295776e+02
-2.7404714966e+02
-4.2371252441e+02
-4.1981707764e+02
-4.2223098755e+02
-4.2098077393e+02
-4.2098077393e+02
-4.2223098755e+02
-4.1981707764e+02
-4.2371252441e+02
-5.7540844727e+02
-5.6788757324e+02
-5.7402166748e+02
-5.7190820312e+02
-5.7190820312e+02
-5.7402166748e+02
-5.6788757324e+02
-5.7540844727e+02
-7.2205554199e+02
-7.1116961670e+02
-7.2105847168e+02
-7.1805517578e+02
-7.1805517578e+02
-7.2105847168e+02
-7.1116961670e+02
-7.2205554199e+02
-8.7086090088e+02
-8.5605102539e+02
-8.6966345215e+02
-8.6580114746e+02
-8.6580114746e+02
-8.6966345215e+02
-8.5605102539e+02
-8.7086090088e+02
-1.0129356079e+03
-9.9577838135e+02
-1.0136433716e+03
-1.0089682617e+03
-1.0089682617e+03
-1.0136433716e+03
-9.9577838135e+02
-1.0129356079e+03
-1.1635418701e+03
-1.1396870117e+03
-1.1597164307e+03
-1.1536948242e+03
-1.1536948242e+03
-1.1597164307e+03
-1.1396870117e+03
-1.1635418701e+03
-1.3009885254e+03
-1.2777203369e+03
-1.3023815918e+03
-1.2957563477e+03
-1.2957563477e+03
-1.3023815918e+03
-1.2777203369e+03
-1.3009885254e+03
5.6861920166e+02
5.8934899902e+02
5.7122192383e+02
5.7375201416e+02
5.7375201416e+02
5.7122192383e+02
5.8934899902e+02
5.6861920166e+02
3.6726336670e+02
3.8636358643e+02
3.7334375000e+02
3.7527932739e+02
3.7527932739e+02
3.7334375000e+02
3.8636358643e+02
3.6726336670e+02
1.7802072144e+02
1.8950788879e+02
1.7989401245e+02
1.8113619995e+02
1.8113619995e+02
1.7989401245e+02
1.8950788879e+02
1.7802072144e+02
-1.8462100983e+01
-1.1178496361e+01
-1.5994845390e+01
-1.5237140656e+01
-1.5237140656e+01
-1.5994845390e+01
-1.1178496361e+01
-1.8462100983e+01
-2.0814379883e+02
-2.0624270630e+02
-2.0649021912e+02
-2.0615092468e+02
-2.0615092468e+02
-2.0649021912e+02
-2.0624270630e+02
-2.0814379883e+02
-4.0033929443e+02
-4.0338897705e+02
-3.9908953857e+02
-3.9925750732e+02
-3.9925750732e+02
-3.9908953857e+02
-4.0338897705e+02
-4.0033929443e+02
-5.8779119873e+02
-5.9601983643e+02
-5.8712945557e+02
-5.8778247070e+02
-5.8778247070e+02
-5.8712945557e+02
-5.9601983643e+02
-5.8779119873e+02
-7.7707092285e+02
-7.9025842285e+02
-7.7677673340e+02
-7.7795013428e+02
-7.7795013428e+02
-7.7677673340e+02
-7.9025842285e+02
-7.7707092285e+02
-9.6157489014e+02
-9.8031445312e+02
-9.6230200195e+02
-9.6402734375e+02
-9.6402734375e+02
-9.6230200195e+02
-9.8031445312e+02
-9.6157489014e+02
-1.1490476074e+03
-1.1719517822e+03
-1.1491954346e+03
-1.1515808105e+03
-1.1515808105e+03
-1.1491954346e+03
-1.1719517822e+03
-1.1490476074e+03
-1.3244611816e+03
-1.3566690674e+03
-1.3316431885e+03
-1.3353710938e+03
-1.3353710938e+03
-1.3316431885e+03
-1.3566690674e+03
-1.3244611816e+03
-1.5137604980e+03
-1.5461865234e+03
-1.5155340576e+03
-1.5198540039e+03
-1.5198540039e+03
-1.5155340576e+03
-1.5461865234e+03
-1.5137604980e+03
8.0525189209e+02
7.7678405762e+02
7.9792529297e+02
7.9759948730e+02
7.9759948730e+02
7.9792529297e+02
7.7678405762e+02
8.0525189209e+02
5.7105310059e+02
5.4561944580e+02
5.6091680908e+02
5.6090087891e+02
5.6090087891e+02
5.6091680908e+02
5.4561944580e+02
5.7105310059e+02
3.2562103271e+02
3.1073678589e+02
3.2262722778e+02
3.2298266602e+02
3.2298266602e+02
3.2262722778e+02
3.1073678589e+02
3.2562103271e+02
9.0707519531e+01
8.2384422302e+01
8.9170570374e+01
8.9576698303e+01
8.9576698303e+01
8.9170570374e+01
8.2384422302e+01
9.0707519531e+01
-1.4695516968e+02
-1.4765034485e+02
-1.4601651001e+02
-1.4575244141e+02
-1.4575244141e+02
-1.4601651001e+02
-1.4765034485e+02
-1.4695516968e+02
-3.7961975098e+02
-3.7314926147e+02
-3.7669750977e+02
-3.7655303955e+02
-3.7655303955e+02
-3.7669750977e+02
-3.7314926147e+02
-3.7961975098e+02
-6.1405108643e+02
-6.0020391846e+02
-6.0902325439e+02
-6.0902337646e+02
-6.0902337646e+02
-6.0902325439e+02
-6.0020391846e+02
-6.1405108643e+02
-8.4458648682e+02
-8.2354455566e+02
-8.3760723877e+02
-8.3772692871e+02
-8.3772692871e+02
-8.3760723877e+02
-8.2354455566e+02
-8.4458648682e+02
-1.0775224609e+03
-1.0486783447e+03
-1.0679468994e+03
-1.0680960693e+03
-1.0680960693e+03
-1.0679468994e+03
-1.0486783447e+03
-1.0775224609e+03
-1.3064503174e+03
-1.2710194092e+03
-1.2954055176e+03
-1.2954438477e+03
-1.2954438477e+03
-1.2954055176e+03
-1.2710194092e+03
-1.3064503174e+03
-1.5452470703e+03
-1.4977564697e+03
-1.5251724854e+03
-1.5245299072e+03
-1.5245299072e+03
-1.5251724854e+03
-1.4977564697e+03
-1.5452470703e+03
-1.7619884033e+03
-1.7155787354e+03
-1.7512993164e+03
-1.7509334717e+03
-1.7509334717e+03
-1.7512993164e+03
-1.7155787354e+03
-1.7619884033e+03
9.8813842773e+02
1.0291790771e+03
1.0082289429e+03
1.0063760376e+03
1.0063760376e+03
1.0082289429e+03
1.0291790771e+03
9.8813842773e+02
7.0740673828e+02
7.4543762207e+02
7.3192205811e+02
7.3064904785e+02
7.3064904785e+02
7.3192205811e+02
7.4543762207e+02
7.0740673828e+02
4.4589297485e+02
4.6978976440e+02
4.5957098389e+02
4.5857455444e+02
4.5857455444e+02
4.5957098389e+02
4.6978976440e+02
4.4589297485e+02
1.7756457520e+02
1.9138201904e+02
1.8567543030e+02
1.8510711670e+02
1.8510711670e+02
1.8567543030e+02
1.9138201904e+02
1.7756457520e+02
-8.6395225525e+01
-8.3679031372e+01
-8.4618385315e+01
-8.4582206726e+01
-8.4582206726e+01
-8.4618385315e+01
-8.3679031372e+01
-8.6395225525e+01
-3.5267068481e+02
-3.6061492920e+02
-3.5676736450e+02
-3.5609667969e+02
-3.5609667969e+02
-3.5676736450e+02
-3.6061492920e+02
-3.5267068481e+02
-6.1528955078e+02
-6.3410821533e+02
-6.2536224365e+02
-6.2404663086e+02
-6.2404663086e+02
-6.2536224365e+02
-6.3410821533e+02
-6.1528955078e+02
-8.7921667480e+02
-9.0883294678e+02
-8.9528399658e+02
-8.9337005615e+02
-8.9337005615e+02
-8.9528399658e+02
-9.0883294678e+02
-8.7921667480e+02
-1.1387991943e+03
-1.1798494873e+03
-1.1615981445e+03
-1.1592652588e+03
-1.1592652588e+03
-1.1615981445e+03
-1.1798494873e+03
-1.1387991943e+03
-1.3995563965e+03
-1.4511959229e+03
-1.4286566162e+03
-1.4261265869e+03
-1.4261265869e+03
-1.4286566162e+03
-1.4511959229e+03
-1.3995563965e+03
-1.6505002441e+03
-1.7179674072e+03
-1.6926822510e+03
-1.6903057861e+03
-1.6903057861e+03
-1.6926822510e+03
-1.7179674072e+03
-1.6505002441e+03
-1.9289180908e+03
-1.9958145752e+03
-1.9604416504e+03
-1.9569128418e+03
-1.9569128418e+03
-1.9604416504e+03
-1.9958145752e+03
-1.9289180908e+03
1.2348697510e+03
1.1795329590e+03
1.1945921631e+03
1.1970799561e+03
1.1970799561e+03
1.1945921631e+03
1.1795329590e+03
1.2348697510e+03
9.3253253174e+02
8.8145770264e+02
8.8910815430e+02
8.9048400879e+02
8.9048400879e+02
8.8910815430e+02
8.8145770264e+02
9.3253253174e+02
6.0890722656e+02
5.7590930176e+02
5.8194635010e+02
5.8295001221e+02
5.8295001221e+02
5.8194635010e+02
5.7590930176e+02
6.0890722656e+02
2.9206314087e+02
2.7367526245e+02
2.7762438965e+02
2.7840377808e+02
2.7840377808e+02
2.7762438965e+02
2.7367526245e+02
2.9206314087e+02
-2.6636741638e+01
-2.9448461533e+01
-2.7953342438e+01
-2.7531805038e+01
-2.7531805038e+01
-2.7953342438e+01
-2.9448461533e+01
-2.6636741638e+01
-3.4176101685e+02
-3.2932955933e+02
-3.3028979492e+02
-3.3030105591e+02
-3.3030105591e+02
-3.3028979492e+02
-3.2932955933e+02
-3.4176101685e+02
-6.5874066162e+02
-6.3084295654e+02
-6.3439288330e+02
-6.3484722900e+02
-6.3484722900e+02
-6.3439288330e+02
-6.3084295654e+02
-6.5874066162e+02
-9.7353796387e+02
-9.3015270996e+02
-9.3615747070e+02
-9.3701873779e+02
-9.3701873779e+02
-9.3615747070e+02
-9.3015270996e+02
-9.7353796387e+02
-1.2911671143e+03
-1.2317308350e+03
-1.2401724854e+03
-1.2412644043e+03
-1.2412644043e+03
-1.2401724854e+03
-1.2317308350e+03
-1.2911671143e+03
-1.6065865479e+03
-1.5318284912e+03
-1.5423392334e+03
-1.5436646729e+03
-1.5436646729e+03
-1.5423392334e+03
-1.5318284912e+03
-1.6065865479e+03
-1.9263748779e+03
-1.8325079346e+03
-1.8452657471e+03
-1.8471629639e+03
-1.8471629639e+03
-1.8452657471e+03
-1.8325079346e+03
-1.9263748779e+03
-2.2098854980e+03
-2.1174296875e+03
-2.1423950195e+03
-2.1468891602e+03
-2.1468891602e+03
-2.1423950195e+03
-2.1174296875e+03
-2.2098854980e+03
1.3485625000e+03
1.4132342529e+03
1.4108637695e+03
1.4110804443e+03
1.4110804443e+03
1.4108637695e+03
1.4132342529e+03
1.3485625000e+03
9.9640246582e+02
1.0575622559e+03
1.0617161865e+03
1.0633681641e+03
1.0633681641e+03
1.0617161865e+03
1.0575622559e+03
9.9640246582e+02
6.7099505615e+02
7.1237695312e+02
7.1571826172e+02
7.1733081055e+02
7.1733081055e+02
7.1571826172e+02
7.1237695312e+02
6.7099505615e+02
3.4472994995e+02
3.6832696533e+02
3.6965875244e+02
3.7043554688e+02
3.7043554688e+02
3.6965875244e+02
3.6832696533e+02
3.4472994995e+02
2.2346029282e+01
2.7048877716e+01
2.6470132828e+01
2.6197933197e+01
2.6197933197e+01
2.6470132828e+01
2.7048877716e+01
2.2346029282e+01
-3.0139733887e+02
-3.1548593140e+02
-3.1816311646e+02
-3.1947344971e+02
-3.1947344971e+02
-3.1816311646e+02
-3.1548593140e+02
-3.0139733887e+02
-6.2257641602e+02
-6.5569512939e+02
-6.6036328125e+02
-6.6272497559e+02
-6.6272497559e+02
-6.6036328125e+02
-6.5569512939e+02
-6.2257641602e+02
-9.4524023438e+02
-9.9749432373e+02
-1.0042713013e+03
-1.0076887817e+03
-1.0076887817e+03
-1.0042713013e+03
-9.9749432373e+02
-9.4524023438e+02
-1.2660416260e+03
-1.3377200928e+03
-1.3464278564e+03
-1.3509420166e+03
-1.3509420166e+03
-1.3464278564e+03
-1.3377200928e+03
-1.2660416260e+03
-1.5904097900e+03
-1.6807764893e+03
-1.6913305664e+03
-1.6965631104e+03
-1.6965631104e+03
-1.6913305664e+03
-1.6807764893e+03
-1.5904097900e+03
-1.9168985596e+03
-2.0272736816e+03
-2.0376729736e+03
-2.0425251465e+03
-2.0425251465e+03
-2.0376729736e+03
-2.0272736816e+03
-1.9168985596e+03
-2.2811765137e+03
-2.3914458008e+03
-2.3910383301e+03
-2.3929145508e+03
-2.3929145508e+03
-2.3910383301e+03
-2.3914458008e+03
-2.2811765137e+03
1.5913027344e+03
1.5562366943e+03
1.5531363525e+03
1.5516497803e+03
1.5516497803e+03
1.5531363525e+03
1.5562366943e+03
1.5913027344e+03
1.2247532959e+03
1.1894907227e+03
1.1830430908e+03
1.1807490234e+03
1.1807490234e+03
1.1830430908e+03
1.1894907227e+03
1.2247532959e+03
8.4290380859e+02
8.1810577393e+02
8.1257550049e+02
8.1042181396e+02
8.1042181396e+02
8.1257550049e+02
8.1810577393e+02
8.4290380859e+02
4.6234497070e+02
4.4663674927e+02
4.4344168091e+02
4.4204156494e+02
4.4204156494e+02
4.4344168091e+02
4.4663674927e+02
4.6234497070e+02
7.9803245544e+01
7.3911605835e+01
7.2881393433e+01
7.2524047852e+01
7.2524047852e+01
7.2881393433e+01
7.3911605835e+01
7.9803245544e+01
-3.0092224121e+02
-2.9704376221e+02
-2.9566381836e+02
-2.9499182129e+02
-2.9499182129e+02
-2.9566381836e+02
-2.9704376221e+02
-3.0092224121e+02
-6.8309716797e+02
-6.6929864502e+02
-6.6564135742e+02
-6.6391833496e+02
-6.6391833496e+02
-6.6564135742e+02
-6.6929864502e+02
-6.8309716797e+02
-1.0634207764e+03
-1.0396098633e+03
-1.0335362549e+03
-1.0307849121e+03
-1.0307849121e+03
-1.0335362549e+03
-1.0396098633e+03
-1.0634207764e+03
-1.4447436523e+03
-1.4108215332e+03
-1.4026093750e+03
-1.3988360596e+03
-1.3988360596e+03
-1.4026093750e+03
-1.4108215332e+03
-1.4447436523e+03
-1.8231599121e+03
-1.7794799805e+03
-1.7691859131e+03
-1.7648651123e+03
-1.7648651123e+03
-1.7691859131e+03
-1.7794799805e+03
-1.8231599121e+03
-2.1992749023e+03
-2.1456738281e+03
-2.1353640137e+03
-2.1312148438e+03
-2.1312148438e+03
-2.1353640137e+03
-2.1456738281e+03
-2.1992749023e+03
-2.5575019531e+03
-2.5040683594e+03
-2.4986816406e+03
-2.4958872070e+03
-2.4958872070e+03
-2.4986816406e+03
-2.5040683594e+03
-2.5575019531e+03
1.7423811035e+03
1.7123023682e+03
1.7101550293e+03
1.7088847656e+03
1.7088847656e+03
1.7101550293e+03
1.7123023682e+03
1.7423811035e+03
1.3463510742e+03
1.3185406494e+03
1.3135039062e+03
1.3115489502e+03
1.3115489502e+03
1.3135039062e+03
1.3185406494e+03
1.3463510742e+03
9.4023950195e+02
9.2166900635e+02
9.1723150635e+02
9.1542083740e+02
9.1542083740e+02
9.1723150635e+02
9.2166900635e+02
9.4023950195e+02
5.3141815186e+02
5.2215997314e+02
5.1966430664e+02
5.1849707031e+02
5.1849707031e+02
5.1966430664e+02
5.2215997314e+02
5.3141815186e+02
1.2270457458e+02
1.2319427490e+02
1.2285431671e+02
1.2270152283e+02
1.2270152283e+02
1.2285431671e+02
1.2319427490e+02
1.2270457458e+02
-2.8766516113e+02
-2.7747476196e+02
-2.7552832031e+02
-2.7469500732e+02
-2.7469500732e+02
-2.7552832031e+02
-2.7747476196e+02
-2.8766516113e+02
-6.9720581055e+02
-6.7705828857e+02
-6.7274023438e+02
-6.7079919434e+02
-6.7079919434e+02
-6.7274023438e+02
-6.7705828857e+02
-6.9720581055e+02
-1.1082913818e+03
-1.0783741455e+03
-1.0716008301e+03
-1.0686361084e+03
-1.0686361084e+03
-1.0716008301e+03
-1.0783741455e+03
-1.1082913818e+03
-1.5185344238e+03
-1.4783237305e+03
-1.4692033691e+03
-1.4650355225e+03
-1.4650355225e+03
-1.4692033691e+03
-1.4783237305e+03
-1.5185344238e+03
-1.9288881836e+03
-1.8792954102e+03
-1.8675213623e+03
-1.8626236572e+03
-1.8626236572e+03
-1.8675213623e+03
-1.8792954102e+03
-1.9288881836e+03
-2.3378642578e+03
-2.2763898926e+03
-2.2638801270e+03
-2.2589438477e+03
-2.2589438477e+03
-2.2638801270e+03
-2.2763898926e+03
-2.3378642578e+03
-2.7236694336e+03
-2.6652077637e+03
-2.6580747070e+03
-2.6546950684e+03
-2.6546950684e+03
-2.6580747070e+03
-2.6652077637e+03
-2.7236694336e+03
1.8189726562e+03
1.8816394043e+03
1.8788740234e+03
1.8791085205e+03
1.8791085205e+03
1.8788740234e+03
1.8816394043e+03
1.8189726562e+03
1.3844350586e+03
1.4437744141e+03
1.4484423828e+03
1.4503894043e+03
1.4503894043e+03
1.4484423828e+03
1.4437744141e+03
1.3844350586e+03
9.7356903076e+02
1.0143053589e+03
1.0188812256e+03
1.0210070801e+03
1.0210070801e+03
1.0188812256e+03
1.0143053589e+03
9.7356903076e+02
5.6499731445e+02
5.8784600830e+02
5.9077697754e+02
5.9222192383e+02
5.9222192383e+02
5.9077697754e+02
5.8784600830e+02
5.6499731445e+02
1.5704147339e+02
1.6105563354e+02
1.6209860229e+02
1.6249301147e+02
1.6249301147e+02
1.6209860229e+02
1.6105563354e+02
1.5704147339e+02
-2.5005900574e+02
-2.6477288818e+02
-2.6571240234e+02
-2.6631802368e+02
-2.6631802368e+02
-2.6571240234e+02
-2.6477288818e+02
-2.5005900574e+02
-6.5823889160e+02
-6.9206127930e+02
-6.9508209229e+02
-6.9679754639e+02
-6.9679754639e+02
-6.9508209229e+02
-6.9206127930e+02
-6.5823889160e+02
-1.0658731689e+03
-1.1186535645e+03
-1.1237913818e+03
-1.1265520020e+03
-1.1265520020e+03
-1.1237913818e+03
-1.1186535645e+03
-1.0658731689e+03
-1.4749464111e+03
-1.5473824463e+03
-1.5546408691e+03
-1.5586325684e+03
-1.5586325684e+03
-1.5546408691e+03
-1.5473824463e+03
-1.4749464111e+03
-1.8858061523e+03
-1.9767098389e+03
-1.9862700195e+03
-1.9911696777e+03
-1.9911696777e+03
-1.9862700195e+03
-1.9767098389e+03
-1.8858061523e+03
-2.2989038086e+03
-2.4116613770e+03
-2.4221350098e+03
-2.4270678711e+03
-2.4270678711e+03
-2.4221350098e+03
-2.4116613770e+03
-2.2989038086e+03
-2.7517485352e+03
-2.8647536621e+03
-2.8655502930e+03
-2.8678059082e+03
-2.8678059082e+03
-2.8655502930e+03
-2.8647536621e+03
-2.7517485352e+03
2.0093067627e+03
1.9537614746e+03
1.9687452393e+03
1.9709666748e+03
1.9709666748e+03
1.9687452393e+03
1.9537614746e+03
2.0093067627e+03
1.5727005615e+03
1.5203631592e+03
1.5267706299e+03
1.5276315918e+03
1.5276315918e+03
1.5267706299e+03
1.5203631592e+03
1.5727005615e+03
1.1145054932e+03
1.0795166016e+03
1.0837767334e+03
1.0841180420e+03
1.0841180420e+03
1.0837767334e+03
1.0795166016e+03
1.1145054932e+03
6.5846319580e+02
6.3819476318e+02
6.4016320801e+02
6.4021069336e+02
6.4021069336e+02
6.4016320801e+02
6.3819476318e+02
6.5846319580e+02
2.0224374390e+02
1.9751437378e+02
1.9703399658e+02
1.9677842712e+02
1.9677842712e+02
1.9703399658e+02
1.9751437378e+02
2.0224374390e+02
-2.5450537109e+02
-2.4407928467e+02
-2.4715403748e+02
-2.4787643433e+02
-2.4787643433e+02
-2.4715403748e+02
-2.4407928467e+02
-2.5450537109e+02
-7.1138262939e+02
-6.8543066406e+02
-6.9106414795e+02
-6.9218951416e+02
-6.9218951416e+02
-6.9106414795e+02
-6.8543066406e+02
-7.1138262939e+02
-1.1701972656e+03
-1.1289664307e+03
-1.1371669922e+03
-1.1387567139e+03
-1.1387567139e+03
-1.1371669922e+03
-1.1289664307e+03
-1.1701972656e+03
-1.6305313721e+03
-1.5731225586e+03
-1.5837501221e+03
-1.5855495605e+03
-1.5855495605e+03
-1.5837501221e+03
-1.5731225586e+03
-1.6305313721e+03
-2.0926674805e+03
-2.0203079834e+03
-2.0329483643e+03
-2.0349581299e+03
-2.0349581299e+03
-2.0329483643e+03
-2.0203079834e+03
-2.0926674805e+03
-2.5610019531e+03
-2.4684860840e+03
-2.4827111816e+03
-2.4850146484e+03
-2.4850146484e+03
-2.4827111816e+03
-2.4684860840e+03
-2.5610019531e+03
-2.9968891602e+03
-2.9043666992e+03
-2.9293576660e+03
-2.9339433594e+03
-2.9339433594e+03
-2.9293576660e+03
-2.9043666992e+03
-2.9968891602e+03
2.0631230469e+03
2.1034416504e+03
2.0816425781e+03
2.0796916504e+03
2.0796916504e+03
2.0816425781e+03
2.1034416504e+03
2.0631230469e+03
1.5940689697e+03
1.6315699463e+03
1.6177044678e+03
1.6162613525e+03
1.6162613525e+03
1.6177044678e+03
1.6315699463e+03
1.5940689697e+03
1.1419697266e+03
1.1653806152e+03
1.1547609863e+03
1.1534738770e+03
1.1534738770e+03
1.1547609863e+03
1.1653806152e+03
1.1419697266e+03
6.8448809814e+02
6.9753430176e+02
6.9139685059e+02
6.9044030762e+02
6.9044030762e+02
6.9139685059e+02
6.9753430176e+02
6.8448809814e+02
2.2655834961e+02
2.2839309692e+02
2.2691232300e+02
2.2642007446e+02
2.2642007446e+02
2.2691232300e+02
2.2839309692e+02
2.2655834961e+02
-2.3250451660e+02
-2.4132366943e+02
-2.3792153931e+02
-2.3779269409e+02
-2.3779269409e+02
-2.3792153931e+02
-2.4132366943e+02
-2.3250451660e+02
-6.9282403564e+02
-7.1266339111e+02
-7.0441571045e+02
-7.0371734619e+02
-7.0371734619e+02
-7.0441571045e+02
-7.1266339111e+02
-6.9282403564e+02
-1.1535797119e+03
-1.1840786133e+03
-1.1708955078e+03
-1.1695581055e+03
-1.1695581055e+03
-1.1708955078e+03
-1.1840786133e+03
-1.1535797119e+03
-1.6150267334e+03
-1.6571037598e+03
-1.6391534424e+03
-1.6373905029e+03
-1.6373905029e+03
-1.6391534424e+03
-1.6571037598e+03
-1.6150267334e+03
-2.0774794922e+03
-2.1297185059e+03
-2.1072612305e+03
-2.1051791992e+03
-2.1051791992e+03
-2.1072612305e+03
-2.1297185059e+03
-2.0774794922e+03
-2.5333911133e+03
-2.6017514648e+03
-2.5765083008e+03
-2.5745920410e+03
-2.5745920410e+03
-2.5765083008e+03
-2.6017514648e+03
-2.5333911133e+03
-3.0165705566e+03
-3.0849311523e+03
-3.0503078613e+03
-3.0472541504e+03
-3.0472541504e+03
-3.0503078613e+03
-3.0849311523e+03
-3.0165705566e+03
2.1689785156e+03
2.1393281250e+03
2.1605085449e+03
2.1597209473e+03
2.1597209473e+03
2.1605085449e+03
2.1393281250e+03
2.1689785156e+03
1.6963776855e+03
1.6690170898e+03
1.6834993896e+03
1.6829472656e+03
1.6829472656e+03
1.6834993896e+03
1.6690170898e+03
1.6963776855e+03
1.2113803711e+03
1.1944566650e+03
1.2054102783e+03
1.2052343750e+03
1.2052343750e+03
1.2054102783e+03
1.1944566650e+03
1.2113803711e+03
7.3208752441e+02
7.2178240967e+02
7.2747570801e+02
7.2736199951e+02
7.2736199951e+02
7.2747570801e+02
7.2178240967e+02
7.3208752441e+02
2.5140068054e+02
2.4872520447e+02
2.4924978638e+02
2.4908720398e+02
2.4908720398e+02
2.4924978638e+02
2.4872520447e+02
2.5140068054e+02
-2.2948425293e+02
-2.2510559082e+02
-2.2996543884e+02
-2.3025918579e+02
-2.3025918579e+02
-2.2996543884e+02
-2.2510559082e+02
-2.2948425293e+02
-7.1124377441e+02
-6.9940325928e+02
-7.0954998779e+02
-7.0991235352e+02
-7.0991235352e+02
-7.0954998779e+02
-6.9940325928e+02
-7.1124377441e+02
-1.1943769531e+03
-1.1755203857e+03
-1.1910946045e+03
-1.1915979004e+03
-1.1915979004e+03
-1.1910946045e+03
-1.1755203857e+03
-1.1943769531e+03
-1.6792363281e+03
-1.6524415283e+03
-1.6732897949e+03
-1.6737790527e+03
-1.6737790527e+03
-1.6732897949e+03
-1.6524415283e+03
-1.6792363281e+03
-2.1651562500e+03
-2.1321237793e+03
-2.1582922363e+03
-2.1587226562e+03
-2.1587226562e+03
-2.1582922363e+03
-2.1321237793e+03
-2.1651562500e+03
-2.6618347168e+03
-2.6166293945e+03
-2.6458864746e+03
-2.6455158691e+03
-2.6455158691e+03
-2.6458864746e+03
-2.6166293945e+03
-2.6618347168e+03
-3.1424379883e+03
-3.0973583984e+03
-3.1339770508e+03
-3.1337080078e+03
-3.1337080078e+03
-3.1339770508e+03
-3.0973583984e+03
-3.1424379883e+03
2.2082504883e+03
2.2282014160e+03
2.2087875977e+03
2.2113757324e+03
2.2113757324e+03
2.2087875977e+03
2.2282014160e+03
2.2082504883e+03
1.7198087158e+03
1.7376712646e+03
1.7234843750e+03
1.7252553711e+03
1.7252553711e+03
1.7234843750e+03
1.7376712646e+03
1.7198087158e+03
1.2398186035e+03
1.2497500000e+03
1.2386506348e+03
1.2394897461e+03
1.2394897461e+03
1.2386506348e+03
1.2497500000e+03
1.2398186035e+03
7.5331518555e+02
7.5883758545e+02
7.5256762695e+02
7.5277697754e+02
7.5277697754e+02
7.5256762695e+02
7.5883758545e+02
7.5331518555e+02
2.6774139404e+02
2.6771264648e+02
2.6593148804e+02
2.6554171753e+02
2.6554171753e+02
2.6593148804e+02
2.6771264648e+02
2.6774139404e+02
-2.1945381165e+02
-2.2442445374e+02
-2.2150375366e+02
-2.2245935059e+02
-2.2245935059e+02
-2.2150375366e+02
-2.2442445374e+02
-2.1945381165e+02
-7.0757348633e+02
-7.1792187500e+02
-7.1044036865e+02
-7.1202453613e+02
-7.1202453613e+02
-7.1044036865e+02
-7.1792187500e+02
-7.0757348633e+02
-1.1970842285e+03
-1.2123116455e+03
-1.2000778809e+03
-1.2022189941e+03
-1.2022189941e+03
-1.2000778809e+03
-1.2123116455e+03
-1.1970842285e+03
-1.6878892822e+03
-1.7088918457e+03
-1.6920728760e+03
-1.6948631592e+03
-1.6948631592e+03
-1.6920728760e+03
-1.7088918457e+03
-1.6878892822e+03
-2.1818447266e+03
-2.2067492676e+03
-2.1849345703e+03
-2.1883098145e+03
-2.1883098145e+03
-2.1849345703e+03
-2.2067492676e+03
-2.1818447266e+03
-2.6695827637e+03
-2.7036535645e+03
-2.6790893555e+03
-2.6837885742e+03
-2.6837885742e+03
-2.6790893555e+03
-2.7036535645e+03
-2.6695827637e+03
-3.1722048340e+03
-3.2062758789e+03
-3.1762324219e+03
-3.1814387207e+03
-3.1814387207e+03
-3.1762324219e+03
-3.2062758789e+03
-3.1722048340e+03
2.2519528809e+03
2.2366113281e+03
2.2516586914e+03
2.2472001953e+03
2.2472001953e+03
2.2516586914e+03
2.2366113281e+03
2.2519528809e+03
1.7613333740e+03
1.7475695801e+03
1.7584915771e+03
1.7550592041e+03
1.7550592041e+03
1.7584915771e+03
1.7475695801e+03
1.7613333740e+03
1.2643195801e+03
1.2560927734e+03
1.2642882080e+03
1.2620118408e+03
1.2620118408e+03
1.2642882080e+03
1.2560927734e+03
1.2643195801e+03
7.7223284912e+02
7.6664739990e+02
7.7052117920e+02
7.6916064453e+02
7.6916064453e+02
7.7052117920e+02
7.6664739990e+02
7.7223284912e+02
2.7715155029e+02
2.7542077637e+02
2.7553274536e+02
2.7511743164e+02
2.7511743164e+02
2.7553274536e+02
2.7542077637e+02
2.7715155029e+02
-2.1796478271e+02
-2.1642852783e+02
-2.2030004883e+02
-2.1976757812e+02
-2.1976757812e+02
-2.2030004883e+02
-2.1642852783e+02
-2.1796478271e+02
-7.1465093994e+02
-7.0937744141e+02
-7.1704309082e+02
-7.1549920654e+02
-7.1549920654e+02
-7.1704309082e+02
-7.0937744141e+02
-7.1465093994e+02
-1.2124423828e+03
-1.2039608154e+03
-1.2156269531e+03
-1.2131347656e+03
-1.2131347656e+03
-1.2156269531e+03
-1.2039608154e+03
-1.2124423828e+03
-1.7120747070e+03
-1.6994676514e+03
-1.7149252930e+03
-1.7114071045e+03
-1.7114071045e+03
-1.7149252930e+03
-1.6994676514e+03
-1.7120747070e+03
-2.2115300293e+03
-2.1967485352e+03
-2.2166145020e+03
-2.2122192383e+03
-2.2122192383e+03
-2.2166145020e+03
-2.1967485352e+03
-2.2115300293e+03
-2.7199133301e+03
-2.6983937988e+03
-2.7206164551e+03
-2.7146538086e+03
-2.7146538086e+03
-2.7206164551e+03
-2.6983937988e+03
-2.7199133301e+03
-3.2216242676e+03
-3.2000952148e+03
-3.2262614746e+03
-3.2194904785e+03
-3.2194904785e+03
-3.2262614746e+03
-3.2000952148e+03
-3.2216242676e+03
2.2546933594e+03
2.2644731445e+03
2.2517707520e+03
2.2562753906e+03
2.2562753906e+03
2.2517707520e+03
2.2644731445e+03
2.2546933594e+03
1.7600102539e+03
1.7683309326e+03
1.7586666260e+03
1.7620238037e+03
1.7620238037e+03
1.7586666260e+03
1.7683309326e+03
1.7600102539e+03
1.2695899658e+03
1.2736943359e+03
1.2661348877e+03
1.2681831055e+03
1.2681831055e+03
1.2661348877e+03
1.2736943359e+03
1.2695899658e+03
7.7384100342e+02
7.7610498047e+02
7.7198712158e+02
7.7290130615e+02
7.7290130615e+02
7.7198712158e+02
7.7610498047e+02
7.7384100342e+02
2.8005252075e+02
2.7930392456e+02
2.7799731445e+02
2.7770938110e+02
2.7770938110e+02
2.7799731445e+02
2.7930392456e+02
2.8005252075e+02
-2.1581967163e+02
-2.1896180725e+02
-2.1719903564e+02
-2.1868698120e+02
-2.1868698120e+02
-2.1719903564e+02
-2.1896180725e+02
-2.1581967163e+02
-7.1220092773e+02
-7.1820788574e+02
-7.1357952881e+02
-7.1631903076e+02
-7.1631903076e+02
-7.1357952881e+02
-7.1820788574e+02
-7.1220092773e+02
-1.2102580566e+03
-1.2185820312e+03
-1.2108537598e+03
-1.2147854004e+03
-1.2147854004e+03
-1.2108537598e+03
-1.2185820312e+03
-1.2102580566e+03
-1.7094610596e+03
-1.7210029297e+03
-1.7104409180e+03
-1.7156275635e+03
-1.7156275635e+03
-1.7104409180e+03
-1.7210029297e+03
-1.7094610596e+03
-2.2125183105e+03
-2.2253842773e+03
-2.2112094727e+03
-2.2174433594e+03
-2.2174433594e+03
-2.2112094727e+03
-2.2253842773e+03
-2.2125183105e+03
-2.7120383301e+03
-2.7299340820e+03
-2.7138935547e+03
-2.7217385254e+03
-2.7217385254e+03
-2.7138935547e+03
-2.7299340820e+03
-2.7120383301e+03
-3.2199707031e+03
-3.2379357910e+03
-3.2190539551e+03
-3.2277172852e+03
-3.2277172852e+03
-3.2190539551e+03
-3.2379357910e+03
-3.2199707031e+03
2.2458815918e+03
2.2378403320e+03
2.2467753906e+03
2.2419440918e+03
2.2419440918e+03
2.2467753906e+03
2.2378403320e+03
2.2458815918e+03
1.7548675537e+03
1.7478536377e+03
1.7544324951e+03
1.7506361084e+03
1.7506361084e+03
1.7544324951e+03
1.7478536377e+03
1.7548675537e+03
1.2602653809e+03
1.2560169678e+03
1.2608123779e+03
1.2582135010e+03
1.2582135010e+03
1.2608123779e+03
1.2560169678e+03
1.2602653809e+03
7.6952569580e+02
7.6626446533e+02
7.6815368652e+02
7.6663214111e+02
7.6663214111e+02
7.6815368652e+02
7.6626446533e+02
7.6952569580e+02
2.7523565674e+02
2.7405316162e+02
2.7370651245e+02
2.7333737183e+02
2.7333737183e+02
2.7370651245e+02
2.7405316162e+02
2.7523565674e+02
-2.1847775269e+02
-2.1816769409e+02
-2.2103308105e+02
-2.2025123596e+02
-2.2025123596e+02
-2.2103308105e+02
-2.1816769409e+02
-2.1847775269e+02
-7.1399572754e+02
-7.1171203613e+02
-7.1686755371e+02
-7.1488720703e+02
-7.1488720703e+02
-7.1686755371e+02
-7.1171203613e+02
-7.1399572754e+02
-1.2103353271e+03
-1.2066307373e+03
-1.2143122559e+03
-1.2111862793e+03
-1.2111862793e+03
-1.2143122559e+03
-1.2066307373e+03
-1.2103353271e+03
-1.7086495361e+03
-1.7026124268e+03
-1.7125009766e+03
-1.7081501465e+03
-1.7081501465e+03
-1.7125009766e+03
-1.7026124268e+03
-1.7086495361e+03
-2.2066352539e+03
-2.2000532227e+03
-2.2129384766e+03
-2.2075927734e+03
-2.2075927734e+03
-2.2129384766e+03
-2.2000532227e+03
-2.2066352539e+03
-2.7107963867e+03
-2.7005988770e+03
-2.7150168457e+03
-2.7081848145e+03
-2.7081848145e+03
-2.7150168457e+03
-2.7005988770e+03
-2.7107963867e+03
-3.2128000488e+03
-3.2026137695e+03
-3.2190415039e+03
-3.2114562988e+03
-3.2114562988e+03
-3.2190415039e+03
-3.2026137695e+03
-3.2128000488e+03
2.2060666504e+03
2.2106323242e+03
2.2031442871e+03
2.2069824219e+03
2.2069824219e+03
2.2031442871e+03
2.2106323242e+03
2.2060666504e+03
1.7199760742e+03
1.7236561279e+03
1.7178699951e+03
1.7207650146e+03
1.7207650146e+03
1.7178699951e+03
1.7236561279e+03
1.7199760742e+03
1.2367770996e+03
1.2383045654e+03
1.2338295898e+03
1.2356124268e+03
1.2356124268e+03
1.2338295898e+03
1.2383045654e+03
1.2367770996e+03
7.4931115723e+02
7.5006878662e+02
7.4777093506e+02
7.4851177979e+02
7.4851177979e+02
7.4777093506e+02
7.5006878662e+02
7.4931115723e+02
2.6440951538e+02
2.6344174194e+02
2.6270806885e+02
2.6232528687e+02
2.6232528687e+02
2.6270806885e+02
2.6344174194e+02
2.6440951538e+02
-2.2286424255e+02
-2.2496504211e+02
-2.2382830811e+02
-2.2531640625e+02
-2.2531640625e+02
-2.2382830811e+02
-2.2496504211e+02
-2.2286424255e+02
-7.1017846680e+02
-7.1387646484e+02
-7.1109851074e+02
-7.1373016357e+02
-7.1373016357e+02
-7.1109851074e+02
-7.1387646484e+02
-7.1017846680e+02
-1.1990932617e+03
-1.2038386230e+03
-1.1991655273e+03
-1.2028886719e+03
-1.2028886719e+03
-1.1991655273e+03
-1.2038386230e+03
-1.1990932617e+03
-1.6887456055e+03
-1.6954091797e+03
-1.6892059326e+03
-1.6940994873e+03
-1.6940994873e+03
-1.6892059326e+03
-1.6954091797e+03
-1.6887456055e+03
-2.1816325684e+03
-2.1886081543e+03
-2.1800778809e+03
-2.1859099121e+03
-2.1859099121e+03
-2.1800778809e+03
-2.1886081543e+03
-2.1816325684e+03
-2.6731340332e+03
-2.6828215332e+03
-2.6731704102e+03
-2.6803308105e+03
-2.6803308105e+03
-2.6731704102e+03
-2.6828215332e+03
-2.6731340332e+03
-3.1693869629e+03
-3.1791701660e+03
-3.1681379395e+03
-3.1759082031e+03
-3.1759082031e+03
-3.1681379395e+03
-3.1791701660e+03
-3.1693869629e+03
2.1488222656e+03
2.1448029785e+03
2.1495295410e+03
2.1460119629e+03
2.1460119629e+03
2.1495295410e+03
2.1448029785e+03
2.1488222656e+03
1.6739208984e+03
1.6705397949e+03
1.6740227051e+03
1.6712774658e+03
1.6712774658e+03
1.6740227051e+03
1.6705397949e+03
1.6739208984e+03
1.1965009766e+03
1.1944078369e+03
1.1968187256e+03
1.1949826660e+03
1.1949826660e+03
1.1968187256e+03
1.1944078369e+03
1.1965009766e+03
7.2279174805e+02
7.2102545166e+02
7.2162817383e+02
7.2065356445e+02
7.2065356445e+02
7.2162817383e+02
7.2102545166e+02
7.2279174805e+02
2.4554916382e+02
2.4492636108e+02
2.4428092957e+02
2.4422750854e+02
2.4422750854e+02
2.4428092957e+02
2.4492636108e+02
2.4554916382e+02
-2.3038470459e+02
-2.3039845276e+02
-2.3260418701e+02
-2.3175727844e+02
-2.3175727844e+02
-2.3260418701e+02
-2.3039845276e+02
-2.3038470459e+02
-7.0799523926e+02
-7.0694262695e+02
-7.1046813965e+02
-7.0868408203e+02
-7.0868408203e+02
-7.1046813965e+02
-7.0694262695e+02
-7.0799523926e+02
-1.1859752197e+03
-1.1843951416e+03
-1.1894918213e+03
-1.1868225098e+03
-1.1868225098e+03
-1.1894918213e+03
-1.1843951416e+03
-1.1859752197e+03
-1.6656517334e+03
-1.6626977539e+03
-1.6689820557e+03
-1.6653354492e+03
-1.6653354492e+03
-1.6689820557e+03
-1.6626977539e+03
-1.6656517334e+03
-2.1452636719e+03
-2.1423837891e+03
-2.1505766602e+03
-2.1461835938e+03
-2.1461835938e+03
-2.1505766602e+03
-2.1423837891e+03
-2.1452636719e+03
-2.6285258789e+03
-2.6237675781e+03
-2.6329089355e+03
-2.6274377441e+03
-2.6274377441e+03
-2.6329089355e+03
-2.6237675781e+03
-2.6285258789e+03
-3.1116862793e+03
-3.1070544434e+03
-3.1172172852e+03
-3.1112951660e+03
-3.1112951660e+03
-3.1172172852e+03
-3.1070544434e+03
-3.1116862793e+03
2.0666752930e+03
2.0684953613e+03
2.0646088867e+03
2.0669465332e+03
2.0669465332e+03
2.0646088867e+03
2.0684953613e+03
2.0666752930e+03
1.6041124268e+03
1.6055484619e+03
1.6025977783e+03
1.6043256836e+03
1.6043256836e+03
1.6025977783e+03
1.6055484619e+03
1.6041124268e+03
1.1448192139e+03
1.1452203369e+03
1.1430552979e+03
1.1440345459e+03
1.1440345459e+03
1.1430552979e+03
1.1452203369e+03
1.1448192139e+03
6.8168450928e+02
6.8174743652e+02
6.8087640381e+02
6.8110729980e+02
6.8110729980e+02
6.8087640381e+02
6.8174743652e+02
6.8168450928e+02
2.2179208374e+02
2.2083915710e+02
2.2079368591e+02
2.2020867920e+02
2.2020867920e+02
2.2079368591e+02
2.2083915710e+02
2.2179208374e+02
-2.4037188721e+02
-2.4183081055e+02
-2.4074798584e+02
-2.4212084961e+02
-2.4212084961e+02
-2.4074798584e+02
-2.4183081055e+02
-2.4037188721e+02
-7.0200286865e+02
-7.0439874268e+02
-7.0242266846e+02
-7.0461798096e+02
-7.0461798096e+02
-7.0242266846e+02
-7.0439874268e+02
-7.0200286865e+02
-1.1648691406e+03
-1.1676843262e+03
-1.1645567627e+03
-1.1675225830e+03
-1.1675225830e+03
-1.1645567627e+03
-1.1676843262e+03
-1.1648691406e+03
-1.6280383301e+03
-1.6320541992e+03
-1.6281789551e+03
-1.6320051270e+03
-1.6320051270e+03
-1.6281789551e+03
-1.6320541992e+03
-1.6280383301e+03
-2.0931848145e+03
-2.0971618652e+03
-2.0918781738e+03
-2.0963610840e+03
-2.0963610840e+03
-2.0918781738e+03
-2.0971618652e+03
-2.0931848145e+03
-2.5583044434e+03
-2.5637463379e+03
-2.5578798828e+03
-2.5632919922e+03
-2.5632919922e+03
-2.5578798828e+03
-2.5637463379e+03
-2.5583044434e+03
-3.0256428223e+03
-3.0312409668e+03
-3.0248171387e+03
-3.0305859375e+03
-3.0305859375e+03
-3.0248171387e+03
-3.0312409668e+03
-3.0256428223e+03
1.9651583252e+03
1.9635979004e+03
1.9655034180e+03
1.9636284180e+03
1.9636284180e+03
1.9655034180e+03
1.9635979004e+03
1.9651583252e+03
1.5218370361e+03
1.5206782227e+03
1.5220632324e+03
1.5206961670e+03
1.5206961670e+03
1.5220632324e+03
1.5206782227e+03
1.5218370361e+03
1.0759454346e+03
1.0753138428e+03
1.0761286621e+03
1.0753585205e+03
1.0753585205e+03
1.0761286621e+03
1.0753138428e+03
1.0759454346e+03
6.3465155029e+02
6.3411999512e+02
6.3387664795e+02
6.3369543457e+02
6.3369543457e+02
6.3387664795e+02
6.3411999512e+02
6.3465155029e+02
1.9000608826e+02
1.9010975647e+02
1.8919070435e+02
1.8962838745e+02
1.8962838745e+02
1.8919070435e+02
1.9010975647e+02
1.9000608826e+02
-2.5262509155e+02
-2.5232536316e+02
-2.5421551514e+02
-2.5318736267e+02
-2.5318736267e+02
-2.5421551514e+02
-2.5232536316e+02
-2.5262509155e+02
-6.9650372314e+02
-6.9559759521e+02
-6.9822601318e+02
-6.9657452393e+02
-6.9657452393e+02
-6.9822601318e+02
-6.9559759521e+02
-6.9650372314e+02
-1.1401673584e+03
-1.1391511230e+03
-1.1427700195e+03
-1.1405518799e+03
-1.1405518799e+03
-1.1427700195e+03
-1.1391511230e+03
-1.1401673584e+03
-1.5848470459e+03
-1.5829936523e+03
-1.5872183838e+03
-1.5843441162e+03
-1.5843441162e+03
-1.5872183838e+03
-1.5829936523e+03
-1.5848470459e+03
-2.0296917725e+03
-2.0281082764e+03
-2.0335147705e+03
-2.0301958008e+03
-2.0301958008e+03
-2.0335147705e+03
-2.0281082764e+03
-2.0296917725e+03
-2.4758596191e+03
-2.4733447266e+03
-2.4793291016e+03
-2.4753500977e+03
-2.4753500977e+03
-2.4793291016e+03
-2.4733447266e+03
-2.4758596191e+03
-2.9228059082e+03
-2.9205646973e+03
-2.9270883789e+03
-2.9229387207e+03
-2.9229387207e+03
-2.9270883789e+03
-2.9205646973e+03
-2.9228059082e+03
1.8440765381e+03
1.8443022461e+03
1.8430375977e+03
1.8439233398e+03
1.8439233398e+03
1.8430375977e+03
1.8443022461e+03
1.8440765381e+03
1.4189877930e+03
1.4192669678e+03
1.4185135498e+03
1.4190852051e+03
1.4190852051e+03
1.4185135498e+03
1.4192669678e+03
1.4189877930e+03
9.9891406250e+02
9.9878997803e+02
9.9850781250e+02
9.9865869141e+02
9.9865869141e+02
9.9850781250e+02
9.9878997803e+02
9.9891406250e+02
5.7472174072e+02
5.7442297363e+02
5.7487292480e+02
5.7455267334e+02
5.7455267334e+02
5.7487292480e+02
5.7442297363e+02
5.7472174072e+02
1.5466519165e+02
1.5375401306e+02
1.5463069153e+02
1.5378489685e+02
1.5378489685e+02
1.5463069153e+02
1.5375401306e+02
1.5466519165e+02
-2.6718215942e+02
-2.6831018066e+02
-2.6674502563e+02
-2.6809197998e+02
-2.6809197998e+02
-2.6674502563e+02
-2.6831018066e+02
-2.6718215942e+02
-6.8786816406e+02
-6.8959277344e+02
-6.8756292725e+02
-6.8944659424e+02
-6.8944659424e+02
-6.8756292725e+02
-6.8959277344e+02
-6.8786816406e+02
-1.1091790771e+03
-1.1110401611e+03
-1.1083010254e+03
-1.1106680908e+03
-1.1106680908e+03
-1.1083010254e+03
-1.1110401611e+03
-1.1091790771e+03
-1.5303200684e+03
-1.5329713135e+03
-1.5299155273e+03
-1.5328521729e+03
-1.5328521729e+03
-1.5299155273e+03
-1.5329713135e+03
-1.5303200684e+03
-1.9519375000e+03
-1.9544687500e+03
-1.9506049805e+03
-1.9539444580e+03
-1.9539444580e+03
-1.9506049805e+03
-1.9544687500e+03
-1.9519375000e+03
-2.3743767090e+03
-2.3777199707e+03
-2.3736511230e+03
-2.3775922852e+03
-2.3775922852e+03
-2.3736511230e+03
-2.3777199707e+03
-2.3743767090e+03
-2.7967731934e+03
-2.8003762207e+03
-2.7962568359e+03
-2.8003815918e+03
-2.8003815918e+03
-2.7962568359e+03
-2.8003762207e+03
-2.7967731934e+03
1.7033087158e+03
1.7036354980e+03
1.7034677734e+03
1.7030275879e+03
1.7030275879e+03
1.7034677734e+03
1.7036354980e+03
1.7033087158e+03
1.3057650146e+03
1.3063737793e+03
1.3061818848e+03
1.3060693359e+03
1.3060693359e+03
1.3061818848e+03
1.3063737793e+03
1.3057650146e+03
9.0448986816e+02
9.0521057129e+02
9.0478985596e+02
9.0504992676e+02
9.0504992676e+02
9.0478985596e+02
9.0521057129e+02
9.0448986816e+02
5.0963714600e+02
5.1041006470e+02
5.0941802979e+02
5.1006372070e+02
5.1006372070e+02
5.0941802979e+02
5.1041006470e+02
5.0963714600e+02
1.1170377350e+02
1.1284056854e+02
1.1148635101e+02
1.1251959229e+02
1.1251959229e+02
1.1148635101e+02
1.1284056854e+02
1.1170377350e+02
-2.8361834717e+02
-2.8244641113e+02
-2.8442108154e+02
-2.8302804565e+02
-2.8302804565e+02
-2.8442108154e+02
-2.8244641113e+02
-2.8361834717e+02
-6.7952752686e+02
-6.7797241211e+02
-6.8036047363e+02
-6.7857861328e+02
-6.7857861328e+02
-6.8036047363e+02
-6.7797241211e+02
-6.7952752686e+02
-1.0745804443e+03
-1.0730766602e+03
-1.0761132812e+03
-1.0740045166e+03
-1.0740045166e+03
-1.0761132812e+03
-1.0730766602e+03
-1.0745804443e+03
-1.4697426758e+03
-1.4677084961e+03
-1.4710471191e+03
-1.4685384521e+03
-1.4685384521e+03
-1.4710471191e+03
-1.4677084961e+03
-1.4697426758e+03
-1.8651051025e+03
-1.8633737793e+03
-1.8674460449e+03
-1.8647341309e+03
-1.8647341309e+03
-1.8674460449e+03
-1.8633737793e+03
-1.8651051025e+03
-2.2594792480e+03
-2.2573405762e+03
-2.2617697754e+03
-2.2587229004e+03
-2.2587229004e+03
-2.2617697754e+03
-2.2573405762e+03
-2.2594792480e+03
-2.6551733398e+03
-2.6534792480e+03
-2.6582160645e+03
-2.6552033691e+03
-2.6552033691e+03
-2.6582160645e+03
-2.6534792480e+03
-2.6551733398e+03
1.5489210205e+03
1.5478334961e+03
1.5487607422e+03
1.5485472412e+03
1.5485472412e+03
1.5487607422e+03
1.5478334961e+03
1.5489210205e+03
1.1734842529e+03
1.1728261719e+03
1.1740440674e+03
1.1737302246e+03
1.1737302246e+03
1.1740440674e+03
1.1728261719e+03
1.1734842529e+03
8.0626214600e+02
8.0563000488e+02
8.0716583252e+02
8.0666668701e+02
8.0666668701e+02
8.0716583252e+02
8.0563000488e+02
8.0626214600e+02
4.3396679688e+02
4.3322546387e+02
4.3516217041e+02
4.3438772583e+02
4.3438772583e+02
4.3516217041e+02
4.3322546387e+02
4.3396679688e+02
6.6708702087e+01
6.5583015442e+01
6.7752540588e+01
6.6655311584e+01
6.6655311584e+01
6.7752540588e+01
6.5583015442e+01
6.6708702087e+01
-3.0152450562e+02
-3.0275955200e+02
-3.0014578247e+02
-3.0154992676e+02
-3.0154992676e+02
-3.0014578247e+02
-3.0275955200e+02
-3.0152450562e+02
-6.6795697021e+02
-6.6962036133e+02
-6.6675939941e+02
-6.6850500488e+02
-6.6850500488e+02
-6.6675939941e+02
-6.6962036133e+02
-6.6795697021e+02
-1.0342236328e+03
-1.0359274902e+03
-1.0326069336e+03
-1.0346412354e+03
-1.0346412354e+03
-1.0326069336e+03
-1.0359274902e+03
-1.0342236328e+03
-1.3997802734e+03
-1.4020377197e+03
-1.3986154785e+03
-1.4010109863e+03
-1.4010109863e+03
-1.3986154785e+03
-1.4020377197e+03
-1.3997802734e+03
-1.7643410645e+03
-1.7664934082e+03
-1.7626353760e+03
-1.7652579346e+03
-1.7652579346e+03
-1.7626353760e+03
-1.7664934082e+03
-1.7643410645e+03
-2.1303994141e+03
-2.1330207520e+03
-2.1292321777e+03
-2.1322421875e+03
-2.1322421875e+03
-2.1292321777e+03
-2.1330207520e+03
-2.1303994141e+03
-2.4938784180e+03
-2.4968620605e+03
-2.4933881836e+03
-2.4964953613e+03
-2.4964953613e+03
-2.4933881836e+03
-2.4968620605e+03
-2.4938784180e+03
1.3742808838e+03
1.3766124268e+03
1.3745870361e+03
1.3751313477e+03
1.3751313477e+03
1.3745870361e+03
1.3766124268e+03
1.3742808838e+03
1.0353455811e+03
1.0379427490e+03
1.0362493896e+03
1.0370332031e+03
1.0370332031e+03
1.0362493896e+03
1.0379427490e+03
1.0353455811e+03
6.8995257568e+02
6.9236755371e+02
6.9064965820e+02
6.9168029785e+02
6.9168029785e+02
6.9064965820e+02
6.9236755371e+02
6.8995257568e+02
3.5349649048e+02
3.5596960449e+02
3.5397613525e+02
3.5527529907e+02
3.5527529907e+02
3.5397613525e+02
3.5596960449e+02
3.5349649048e+02
1.4532850266e+01
1.7240171432e+01
1.5043571472e+01
1.6590261459e+01
1.6590261459e+01
1.5043571472e+01
1.7240171432e+01
1.4532850266e+01
-3.2143045044e+02
-3.1870770264e+02
-3.2132907104e+02
-3.1956167603e+02
-3.1956167603e+02
-3.2132907104e+02
-3.1870770264e+02
-3.2143045044e+02
-6.5722674561e+02
-6.5420715332e+02
-6.5708557129e+02
-6.5507684326e+02
-6.5507684326e+02
-6.5708557129e+02
-6.5420715332e+02
-6.5722674561e+02
-9.9156829834e+02
-9.8861566162e+02
-9.9195324707e+02
-9.8976788330e+02
-9.8976788330e+02
-9.9195324707e+02
-9.8861566162e+02
-9.9156829834e+02
-1.3250593262e+03
-1.3217440186e+03
-1.3252446289e+03
-1.3228332520e+03
-1.3228332520e+03
-1.3252446289e+03
-1.3217440186e+03
-1.3250593262e+03
-1.6584960938e+03
-1.6554619141e+03
-1.6594337158e+03
-1.6569825439e+03
-1.6569825439e+03
-1.6594337158e+03
-1.6554619141e+03
-1.6584960938e+03
-1.9885495605e+03
-1.9854197998e+03
-1.9896047363e+03
-1.9870338135e+03
-1.9870338135e+03
-1.9896047363e+03
-1.9854197998e+03
-1.9885495605e+03
-2.3208442383e+03
-2.3183862305e+03
-2.3227490234e+03
-2.3203400879e+03
-2.3203400879e+03
-2.3227490234e+03
-2.3183862305e+03
-2.3208442383e+03
1.1940201416e+03
1.1911793213e+03
1.1943072510e+03
1.1936027832e+03
1.1936027832e+03
1.1943072510e+03
1.1911793213e+03
1.1940201416e+03
8.7794915771e+02
8.7579852295e+02
8.7911077881e+02
8.7843371582e+02
8.7843371582e+02
8.7911077881e+02
8.7579852295e+02
8.7794915771e+02
5.7524957275e+02
5.7350415039e+02
5.7712420654e+02
5.7641540527e+02
5.7641540527e+02
5.7712420654e+02
5.7350415039e+02
5.7524957275e+02
2.6609930420e+02
2.6430541992e+02
2.6817279053e+02
2.6731448364e+02
2.6731448364e+02
2.6817279053e+02
2.6430541992e+02
2.6609930420e+02
-3.7612915039e+01
-3.9670753479e+01
-3.5637603760e+01
-3.6693267822e+01
-3.6693267822e+01
-3.5637603760e+01
-3.9670753479e+01
-3.7612915039e+01
-3.4124276733e+02
-3.4341186523e+02
-3.3905090332e+02
-3.4029614258e+02
-3.4029614258e+02
-3.3905090332e+02
-3.4341186523e+02
-3.4124276733e+02
-6.4242327881e+02
-6.4496563721e+02
-6.4043902588e+02
-6.4190264893e+02
-6.4190264893e+02
-6.4043902588e+02
-6.4496563721e+02
-6.4242327881e+02
-9.4252642822e+02
-9.4513116455e+02
-9.4027380371e+02
-9.4190722656e+02
-9.4190722656e+02
-9.4027380371e+02
-9.4513116455e+02
-9.4252642822e+02
-1.2413485107e+03
-1.2443846436e+03
-1.2395175781e+03
-1.2413775635e+03
-1.2413775635e+03
-1.2395175781e+03
-1.2443846436e+03
-1.2413485107e+03
-1.5380281982e+03
-1.5410010986e+03
-1.5359276123e+03
-1.5379144287e+03
-1.5379144287e+03
-1.5359276123e+03
-1.5410010986e+03
-1.5380281982e+03
-1.8368955078e+03
-1.8401308594e+03
-1.8353594971e+03
-1.8376297607e+03
-1.8376297607e+03
-1.8353594971e+03
-1.8401308594e+03
-1.8368955078e+03
-2.1298627930e+03
-2.1334658203e+03
-2.1293093262e+03
-2.1316679688e+03
-2.1316679688e+03
-2.1293093262e+03
-2.1334658203e+03
-2.1298627930e+03
9.9006646729e+02
9.9523596191e+02
9.9119891357e+02
9.9190441895e+02
9.9190441895e+02
9.9119891357e+02
9.9523596191e+02
9.9006646729e+02
7.2144348145e+02
7.2704260254e+02
7.2362042236e+02
7.2456518555e+02
7.2456518555e+02
7.2362042236e+02
7.2704260254e+02
7.2144348145e+02
4.4121621704e+02
4.4636529541e+02
4.4297457886e+02
4.4409979248e+02
4.4409979248e+02
4.4297457886e+02
4.4636529541e+02
4.4121621704e+02
1.7242881775e+02
1.7760885620e+02
1.7406080627e+02
1.7538050842e+02
1.7538050842e+02
1.7406080627e+02
1.7760885620e+02
1.7242881775e+02
-9.7520584106e+01
-9.2155067444e+01
-9.5861610413e+01
-9.4381546021e+01
-9.4381546021e+01
-9.5861610413e+01
-9.2155067444e+01
-9.7520584106e+01
-3.6426095581e+02
-3.5880953979e+02
-3.6285250854e+02
-3.6123602295e+02
-3.6123602295e+02
-3.6285250854e+02
-3.5880953979e+02
-3.6426095581e+02
-6.3013665771e+02
-6.2437115479e+02
-6.2862109375e+02
-6.2685766602e+02
-6.2685766602e+02
-6.2862109375e+02
-6.2437115479e+02
-6.3013665771e+02
-8.9410925293e+02
-8.8832110596e+02
-8.9293188477e+02
-8.9108276367e+02
-8.9108276367e+02
-8.9293188477e+02
-8.8832110596e+02
-8.9410925293e+02
-1.1563187256e+03
-1.1502352295e+03
-1.1549538574e+03
-1.1529891357e+03
-1.1529891357e+03
-1.1549538574e+03
-1.1502352295e+03
-1.1563187256e+03
-1.4178104248e+03
-1.4119783936e+03
-1.4170061035e+03
-1.4150899658e+03
-1.4150899658e+03
-1.4170061035e+03
-1.4119783936e+03
-1.4178104248e+03
-1.6736431885e+03
-1.6679576416e+03
-1.6730665283e+03
-1.6711341553e+03
-1.6711341553e+03
-1.6730665283e+03
-1.6679576416e+03
-1.6736431885e+03
-1.9337763672e+03
-1.9291462402e+03
-1.9343645020e+03
-1.9326491699e+03
-1.9326491699e+03
-1.9343645020e+03
-1.9291462402e+03
-1.9337763672e+03
7.9392761230e+02
7.8781231689e+02
7.9313427734e+02
7.9293841553e+02
7.9293841553e+02
7.9313427734e+02
7.8781231689e+02
7.9392761230e+02
5.4372381592e+02
5.3825231934e+02
5.4366076660e+02
5.4351666260e+02
5.4351666260e+02
5.4366076660e+02
5.3825231934e+02
5.4372381592e+02
3.1484570312e+02
3.1009088135e+02
3.1593963623e+02
3.1588323975e+02
3.1588323975e+02
3.1593963623e+02
3.1009088135e+02
3.1484570312e+02
7.8758155823e+01
7.4071273804e+01
8.0203834534e+01
8.0118988037e+01
8.0118988037e+01
8.0203834534e+01
7.4071273804e+01
7.8758155823e+01
-1.5267454529e+02
-1.5756204224e+02
-1.5120927429e+02
-1.5138163757e+02
-1.5138163757e+02
-1.5120927429e+02
-1.5756204224e+02
-1.5267454529e+02
-3.8311410522e+02
-3.8818972778e+02
-3.8152761841e+02
-3.8179550171e+02
-3.8179550171e+02
-3.8152761841e+02
-3.8818972778e+02
-3.8311410522e+02
-6.1058758545e+02
-6.1607885742e+02
-6.0924932861e+02
-6.0964196777e+02
-6.0964196777e+02
-6.0924932861e+02
-6.1607885742e+02
-6.1058758545e+02
-8.3609478760e+02
-8.4176373291e+02
-8.3466705322e+02
-8.3515130615e+02
-8.3515130615e+02
-8.3466705322e+02
-8.4176373291e+02
-8.3609478760e+02
-1.0598648682e+03
-1.0659232178e+03
-1.0588557129e+03
-1.0594846191e+03
-1.0594846191e+03
-1.0588557129e+03
-1.0659232178e+03
-1.0598648682e+03
-1.2809379883e+03
-1.2869487305e+03
-1.2798333740e+03
-1.2805603027e+03
-1.2805603027e+03
-1.2798333740e+03
-1.2869487305e+03
-1.2809379883e+03
-1.5045874023e+03
-1.5106374512e+03
-1.5040395508e+03
-1.5050444336e+03
-1.5050444336e+03
-1.5040395508e+03
-1.5106374512e+03
-1.5045874023e+03
-1.7177183838e+03
-1.7238568115e+03
-1.7180302734e+03
-1.7191551514e+03
-1.7191551514e+03
-1.7180302734e+03
-1.7238568115e+03
-1.7177183838e+03
5.6113336182e+02
5.7157019043e+02
5.6626367188e+02
5.6618334961e+02
5.6618334961e+02
5.6626367188e+02
5.7157019043e+02
5.6113336182e+02
3.7417797852e+02
3.8563153076e+02
3.8124621582e+02
3.8151318359e+02
3.8151318359e+02
3.8124621582e+02
3.8563153076e+02
3.7417797852e+02
1.6683663940e+02
1.7781518555e+02
1.7340095520e+02
1.7378523254e+02
1.7378523254e+02
1.7340095520e+02
1.7781518555e+02
1.6683663940e+02
-2.8661293030e+01
-1.7683645248e+01
-2.2319807053e+01
-2.1852567673e+01
-2.1852567673e+01
-2.2319807053e+01
-1.7683645248e+01
-2.8661293030e+01
-2.2281781006e+02
-2.1163131714e+02
-2.1650666809e+02
-2.1599134827e+02
-2.1599134827e+02
-2.1650666809e+02
-2.1163131714e+02
-2.2281781006e+02
-4.1316998291e+02
-4.0174740601e+02
-4.0695672607e+02
-4.0640020752e+02
-4.0640020752e+02
-4.0695672607e+02
-4.0174740601e+02
-4.1316998291e+02
-6.0166259766e+02
-5.8981365967e+02
-5.9523895264e+02
-5.9462396240e+02
-5.9462396240e+02
-5.9523895264e+02
-5.8981365967e+02
-6.0166259766e+02
-7.8767871094e+02
-7.7564624023e+02
-7.8137481689e+02
-7.8074047852e+02
-7.8074047852e+02
-7.8137481689e+02
-7.7564624023e+02
-7.8767871094e+02
-9.7092120361e+02
-9.5862377930e+02
-9.6443640137e+02
-9.6375231934e+02
-9.6375231934e+02
-9.6443640137e+02
-9.5862377930e+02
-9.7092120361e+02
-1.1523886719e+03
-1.1404036865e+03
-1.1464185791e+03
-1.1458035889e+03
-1.1458035889e+03
-1.1464185791e+03
-1.1404036865e+03
-1.1523886719e+03
-1.3269942627e+03
-1.3155130615e+03
-1.3215219727e+03
-1.3209183350e+03
-1.3209183350e+03
-1.3215219727e+03
-1.3155130615e+03
-1.3269942627e+03
-1.5096652832e+03
-1.4999763184e+03
-1.5062924805e+03
-1.5059743652e+03
-1.5059743652e+03
-1.5062924805e+03
-1.4999763184e+03
-1.5096652832e+03
3.6764868164e+02
3.5453359985e+02
3.5929965210e+02
3.5974038696e+02
3.5974038696e+02
3.5929965210e+02
3.5453359985e+02
3.6764868164e+02
1.8449179077e+02
1.7136541748e+02
1.7606733704e+02
1.7647528076e+02
1.7647528076e+02
1.7606733704e+02
1.7136541748e+02
1.8449179077e+02
3.4767230988e+01
2.1970136642e+01
2.7197248459e+01
2.7792528152e+01
2.7792528152e+01
2.7197248459e+01
2.1970136642e+01
3.4767230988e+01
-1.1874017334e+02
-1.3161897278e+02
-1.2603456879e+02
-1.2532300568e+02
-1.2532300568e+02
-1.2603456879e+02
-1.3161897278e+02
-1.1874017334e+02
-2.6934558105e+02
-2.8258346558e+02
-2.7668630981e+02
-2.7593084717e+02
-2.7593084717e+02
-2.7668630981e+02
-2.8258346558e+02
-2.6934558105e+02
-4.1917770386e+02
-4.3283142090e+02
-4.2662313843e+02
-4.2585150146e+02
-4.2585150146e+02
-4.2662313843e+02
-4.3283142090e+02
-4.1917770386e+02
-5.6677526855e+02
-5.8098840332e+02
-5.7459698486e+02
-5.7385339355e+02
-5.7385339355e+02
-5.7459698486e+02
-5.8098840332e+02
-5.6677526855e+02
-7.1252966309e+02
-7.2704705811e+02
-7.2042675781e+02
-7.1970574951e+02
-7.1970574951e+02
-7.2042675781e+02
-7.2704705811e+02
-7.1252966309e+02
-8.5675469971e+02
-8.7154132080e+02
-8.6493542480e+02
-8.6429779053e+02
-8.6429779053e+02
-8.6493542480e+02
-8.7154132080e+02
-8.5675469971e+02
-9.9817810059e+02
-1.0126843872e+03
-1.0060703735e+03
-1.0055244141e+03
-1.0055244141e+03
-1.0060703735e+03
-1.0126843872e+03
-9.9817810059e+02
-1.1408072510e+03
-1.1548464355e+03
-1.1487626953e+03
-1.1484703369e+03
-1.1484703369e+03
-1.1487626953e+03
-1.1548464355e+03
-1.1408072510e+03
-1.2669527588e+03
-1.2803267822e+03
-1.2746335449e+03
-1.2743382568e+03
-1.2743382568e+03
-1.2746335449e+03
-1.2803267822e+03
-1.2669527588e+03
8.4270782471e+01
1.0345051575e+02
1.0245691681e+02
1.0317005157e+02
1.0317005157e+02
1.0245691681e+02
1.0345051575e+02
8.4270782471e+01
-4.4951305389e+00
1.6787555695e+01
1.6888011932e+01
1.8057350159e+01
1.8057350159e+01
1.6888011932e+01
1.6787555695e+01
-4.4951305389e+00
-1.2646974945e+02
-1.0433918762e+02
-1.0399907684e+02
-1.0269054413e+02
-1.0269054413e+02
-1.0399907684e+02
-1.0433918762e+02
-1.2646974945e+02
-2.4425793457e+02
-2.2137240601e+02
-2.2099481201e+02
-2.1961965942e+02
-2.1961965942e+02
-2.2099481201e+02
-2.2137240601e+02
-2.4425793457e+02
-3.5954818726e+02
-3.3590432739e+02
-3.3562020874e+02
-3.3422427368e+02
-3.3422427368e+02
-3.3562020874e+02
-3.3590432739e+02
-3.5954818726e+02
-4.7008853149e+02
-4.4577661133e+02
-4.4567068481e+02
-4.4427978516e+02
-4.4427978516e+02
-4.4567068481e+02
-4.4577661133e+02
-4.7008853149e+02
-5.7669616699e+02
-5.5175213623e+02
-5.5179333496e+02
-5.5040295410e+02
-5.5040295410e+02
-5.5179333496e+02
-5.5175213623e+02
-5.7669616699e+02
-6.7939501953e+02
-6.5420880127e+02
-6.5450329590e+02
-6.5315313721e+02
-6.5315313721e+02
-6.5450329590e+02
-6.5420880127e+02
-6.7939501953e+02
-7.7828820801e+02
-7.5310192871e+02
-7.5356134033e+02
-7.5224017334e+02
-7.5224017334e+02
-7.5356134033e+02
-7.5310192871e+02
-7.7828820801e+02
-8.7523315430e+02
-8.5080303955e+02
-8.5157391357e+02
-8.5038879395e+02
-8.5038879395e+02
-8.5157391357e+02
-8.5080303955e+02
-8.7523315430e+02
-9.6763330078e+02
-9.4432641602e+02
-9.4534887695e+02
-9.4433459473e+02
-9.4433459473e+02
-9.4534887695e+02
-9.4432641602e+02
-9.6763330078e+02
-1.0725954590e+03
-1.0518565674e+03
-1.0540133057e+03
-1.0536271973e+03
-1.0536271973e+03
-1.0540133057e+03
-1.0518565674e+03
-1.0725954590e+03
-4.0067600250e+01
-5.8538021088e+01
-6.1112068176e+01
-6.3224388123e+01
-6.3224388123e+01
-6.1112068176e+01
-5.8538021088e+01
-4.0067600250e+01
-1.6674804688e+02
-1.8576916504e+02
-1.8811929321e+02
-1.9016035461e+02
-1.9016035461e+02
-1.8811929321e+02
-1.8576916504e+02
-1.6674804688e+02
-2.5238945007e+02
-2.7285809326e+02
-2.7517361450e+02
-2.7712936401e+02
-2.7712936401e+02
-2.7517361450e+02
-2.7285809326e+02
-2.5238945007e+02
-3.2839453125e+02
-3.5010028076e+02
-3.5267504883e+02
-3.5466635132e+02
-3.5466635132e+02
-3.5267504883e+02
-3.5010028076e+02
-3.2839453125e+02
-3.9812615967e+02
-4.2092797852e+02
-4.2364062500e+02
-4.2572579956e+02
-4.2572579956e+02
-4.2364062500e+02
-4.2092797852e+02
-3.9812615967e+02
-4.6441879272e+02
-4.8808929443e+02
-4.9085342407e+02
-4.9300204468e+02
-4.9300204468e+02
-4.9085342407e+02
-4.8808929443e+02
-4.6441879272e+02
-5.2754785156e+02
-5.5192321777e+02
-5.5471252441e+02
-5.5692065430e+02
-5.5692065430e+02
-5.5471252441e+02
-5.5192321777e+02
-5.2754785156e+02
-5.8741113281e+02
-6.1209680176e+02
-6.1481024170e+02
-6.1704754639e+02
-6.1704754639e+02
-6.1481024170e+02
-6.1209680176e+02
-5.8741113281e+02
-6.4381799316e+02
-6.6861755371e+02
-6.7136273193e+02
-6.7366339111e+02
-6.7366339111e+02
-6.7136273193e+02
-6.6861755371e+02
-6.4381799316e+02
-6.9499249268e+02
-7.1943609619e+02
-7.2220336914e+02
-7.2457727051e+02
-7.2457727051e+02
-7.2220336914e+02
-7.1943609619e+02
-6.9499249268e+02
-7.4320092773e+02
-7.6746160889e+02
-7.7069018555e+02
-7.7319586182e+02
-7.7319586182e+02
-7.7069018555e+02
-7.6746160889e+02
-7.4320092773e+02
-7.7489727783e+02
-7.9932781982e+02
-8.0245306396e+02
-8.0465368652e+02
-8.0465368652e+02
-8.0245306396e+02
-7.9932781982e+02
-7.7489727783e+02
-4.0997341919e+02
-4.0556048584e+02
-4.0686160278e+02
-4.0672674561e+02
-4.0672674561e+02
-4.0686160278e+02
-4.0556048584e+02
-4.0997341919e+02
-4.0220016479e+02
-3.9724407959e+02
-3.9880053711e+02
-3.9884152222e+02
-3.9884152222e+02
-3.9880053711e+02
-3.9724407959e+02
-4.0220016479e+02
-4.1404278564e+02
-4.0785540771e+02
-4.0920108032e+02
-4.0921524048e+02
-4.0921524048e+02
-4.0920108032e+02
-4.0785540771e+02
-4.1404278564e+02
-4.3551098633e+02
-4.2803164673e+02
-4.2889529419e+02
-4.2871917725e+02
-4.2871917725e+02
-4.2889529419e+02
-4.2803164673e+02
-4.3551098633e+02
-4.6227163696e+02
-4.5359378052e+02
-4.5396337891e+02
-4.5352407837e+02
-4.5352407837e+02
-4.5396337891e+02
-4.5359378052e+02
-4.6227163696e+02
-4.9149044800e+02
-4.8173474121e+02
-4.8162203979e+02
-4.8089956665e+02
-4.8089956665e+02
-4.8162203979e+02
-4.8173474121e+02
-4.9149044800e+02
-5.2058380127e+02
-5.0978842163e+02
-5.0914996338e+02
-5.0811166382e+02
-5.0811166382e+02
-5.0914996338e+02
-5.0978842163e+02
-5.2058380127e+02
-5.4745782471e+02
-5.3572332764e+02
-5.3451983643e+02
-5.3314489746e+02
-5.3314489746e+02
-5.3451983643e+02
-5.3572332764e+02
-5.4745782471e+02
-5.6947601318e+02
-5.5656585693e+02
-5.5458331299e+02
-5.5277526855e+02
-5.5277526855e+02
-5.5458331299e+02
-5.5656585693e+02
-5.6947601318e+02
-5.8477105713e+02
-5.7056842041e+02
-5.6761486816e+02
-5.6538958740e+02
-5.6538958740e+02
-5.6761486816e+02
-5.7056842041e+02
-5.8477105713e+02
-5.8745568848e+02
-5.7104766846e+02
-5.6697039795e+02
-5.6431890869e+02
-5.6431890869e+02
-5.6697039795e+02
-5.7104766846e+02
-5.8745568848e+02
-5.8066662598e+02
-5.6268835449e+02
-5.5825543213e+02
-5.5560498047e+02
-5.5560498047e+02
-5.5825543213e+02
-5.6268835449e+02
-5.8066662598e+02
