-8.8566489285e-04
-9.4246044755e-02
-3.7940499187e-01
-6.2950789928e-01
-8.9093697071e-01
-1.1222789288e+00
-1.3423699141e+00
-1.5315800905e+00
-1.6994426250e+00
-1.8347036839e+00
-1.9415894747e+00
-2.0140440464e+00
-2.0540754795e+00
-2.0590643883e+00
-2.0302650928e+00
-1.9675832987e+00
-1.8720864058e+00
-1.7458899021e+00
-1.5898861885e+00
-1.4083060026e+00
-1.2019702196e+00
-9.7639745474e-01
-7.3455744982e-01
-4.7569155693e-01
-2.0225313306e-01
7.4073038995e-02
3.3739447594e-01
5.9466999769e-01
8.4967559576e-01
1.0962789059e+00
1.3268082142e+00
1.5359029770e+00
1.7239648104e+00
1.8840734959e+00
2.0178060532e+00
2.1190197468e+00
2.1902270317e+00
2.2261419296e+00
2.2306251526e+00
2.1989896297e+00
2.1368455887e+00
2.0394823551e+00
1.9151600599e+00
1.7575058937e+00
1.5781323910e+00
1.3763540983e+00
1.1582921743e+00
9.5573127270e-01
7.6192790270e-01
3.7915867567e-01
-2.4099160731e-01
