-3.9184193611e+00
-2.1947212219e+01
-4.0116294861e+01
-5.8060680389e+01
-7.5781234741e+01
-9.3166168213e+01
-1.1016844177e+02
-1.2670654297e+02
-1.4272598267e+02
-1.5815679932e+02
-1.7294331360e+02
-1.8702507019e+02
-2.0034860229e+02
-2.1286286926e+02
-2.2451785278e+02
-2.3527316284e+02
-2.4508183289e+02
-2.5391685486e+02
-2.6173254395e+02
-2.6851821899e+02
-2.7422937012e+02
-2.7886767578e+02
-2.8240759277e+02
-2.8482620239e+02
-2.8612136841e+02
-2.8631619263e+02
-2.8547308350e+02
-2.8354269409e+02
-2.8050939941e+02
-2.7638458252e+02
-2.7120010376e+02
-2.6499139404e+02
-2.5776263428e+02
-2.4956695557e+02
-2.4041792297e+02
-2.3036872864e+02
-2.1944580078e+02
-2.0770231628e+02
-1.9517449951e+02
-1.8191751099e+02
-1.6797428894e+02
-1.5340362549e+02
-1.3825256348e+02
-1.2258470154e+02
-1.0645134735e+02
-8.9909828186e+01
-7.3024391174e+01
-5.5820777893e+01
-3.8336917877e+01
-2.0887338638e+01
-3.7031836510e+00
