-4.4475259781e+00
-2.3650436401e+01
-4.2984172821e+01
-6.2079879761e+01
-8.0934951782e+01
-9.9433959961e+01
-1.1752554321e+02
-1.3512472534e+02
-1.5217289734e+02
-1.6859664917e+02
-1.8433650208e+02
-1.9932867432e+02
-2.1351612854e+02
-2.2684475708e+02
-2.3926118469e+02
-2.5072242737e+02
-2.6117831421e+02
-2.7059988403e+02
-2.7893826294e+02
-2.8618182373e+02
-2.9228280640e+02
-2.9724279785e+02
-3.0103399658e+02
-3.0363211060e+02
-3.0503460693e+02
-3.0526525879e+02
-3.0438943481e+02
-3.0235504150e+02
-2.9914556885e+02
-2.9477273560e+02
-2.8926986694e+02
-2.8267462158e+02
-2.7499108887e+02
-2.6627572632e+02
-2.5654284668e+02
-2.4584872437e+02
-2.3422166443e+02
-2.2171783447e+02
-2.0837603760e+02
-1.9425459290e+02
-1.7939953613e+02
-1.6387297058e+02
-1.4772552490e+02
-1.3102421570e+02
-1.1382447052e+02
-9.6187095642e+01
-7.8180786133e+01
-5.9835414886e+01
-4.1190399170e+01
-2.2564067841e+01
-4.1994304657e+00
