2.8036777344e+03
1.9650170898e+03
1.1080119629e+03
2.3994076538e+02
-6.3180249023e+02
-1.5090476074e+03
-2.3831591797e+03
-3.2494270020e+03
2.7478862305e+03
1.9136921387e+03
1.0789781494e+03
2.3154180908e+02
-6.1779913330e+02
-1.4734388428e+03
-2.3227600098e+03
-3.1835046387e+03
2.7740590820e+03
1.9148673096e+03
1.0769470215e+03
2.2888778687e+02
-6.2010693359e+02
-1.4758892822e+03
-2.3275019531e+03
-3.2117277832e+03
2.7979963379e+03
1.9200452881e+03
1.0766871338e+03
2.2745375061e+02
-6.2126867676e+02
-1.4779340820e+03
-2.3342502441e+03
-3.2366018066e+03
2.8193833008e+03
1.9280545654e+03
1.0792324219e+03
2.2711357117e+02
-6.2328039551e+02
-1.4826694336e+03
-2.3440649414e+03
-3.2597375488e+03
2.8300778809e+03
1.9322469482e+03
1.0806575928e+03
2.2707987976e+02
-6.2424707031e+02
-1.4850065918e+03
-2.3490256348e+03
-3.2711684570e+03
2.8300778809e+03
1.9322469482e+03
1.0806575928e+03
2.2707987976e+02
-6.2424707031e+02
-1.4850065918e+03
-2.3490256348e+03
-3.2711684570e+03
2.8193833008e+03
1.9280545654e+03
1.0792324219e+03
2.2711357117e+02
-6.2328039551e+02
-1.4826694336e+03
-2.3440649414e+03
-3.2597375488e+03
2.7979963379e+03
1.9200452881e+03
1.0766871338e+03
2.2745375061e+02
-6.2126867676e+02
-1.4779340820e+03
-2.3342502441e+03
-3.2366018066e+03
2.7740590820e+03
1.9148673096e+03
1.0769470215e+03
2.2888778687e+02
-6.2010693359e+02
-1.4758892822e+03
-2.3275019531e+03
-3.2117277832e+03
2.7478862305e+03
1.9136921387e+03
1.0789781494e+03
2.3154180908e+02
-6.1779913330e+02
-1.4734388428e+03
-2.3227600098e+03
-3.1835046387e+03
2.8036777344e+03
1.9650170898e+03
1.1080119629e+03
2.3994076538e+02
-6.3180249023e+02
-1.5090476074e+03
-2.3831591797e+03
-3.2494270020e+03
2.5955800781e+03
1.8001309814e+03
1.0077794189e+03
2.2397496033e+02
-5.6306561279e+02
-1.3493435059e+03
-2.1466262207e+03
-2.9536596680e+03
2.7210693359e+03
1.9140972900e+03
1.0683259277e+03
2.2940985107e+02
-6.1684942627e+02
-1.4592031250e+03
-2.3123391113e+03
-3.1270700684e+03
2.7071696777e+03
1.9259020996e+03
1.0745761719e+03
2.2597418213e+02
-6.3128857422e+02
-1.4830107422e+03
-2.3395471191e+03
-3.1245981445e+03
2.6973781738e+03
1.9309207764e+03
1.0775855713e+03
2.2318698120e+02
-6.4154071045e+02
-1.4984672852e+03
-2.3555214844e+03
-3.1233854980e+03
2.6843222656e+03
1.9286011963e+03
1.0760434570e+03
2.2070472717e+02
-6.4586273193e+02
-1.5032633057e+03
-2.3586201172e+03
-3.1138095703e+03
2.6786330566e+03
1.9277008057e+03
1.0754140625e+03
2.1947244263e+02
-6.4805859375e+02
-1.5058808594e+03
-2.3604716797e+03
-3.1100317383e+03
2.6786330566e+03
1.9277008057e+03
1.0754140625e+03
2.1947244263e+02
-6.4805859375e+02
-1.5058808594e+03
-2.3604716797e+03
-3.1100317383e+03
2.6843222656e+03
1.9286011963e+03
1.0760434570e+03
2.2070472717e+02
-6.4586273193e+02
-1.5032633057e+03
-2.3586201172e+03
-3.1138095703e+03
2.6973781738e+03
1.9309207764e+03
1.0775855713e+03
2.2318698120e+02
-6.4154071045e+02
-1.4984672852e+03
-2.3555214844e+03
-3.1233854980e+03
2.7071696777e+03
1.9259020996e+03
1.0745761719e+03
2.2597418213e+02
-6.3128857422e+02
-1.4830107422e+03
-2.3395471191e+03
-3.1245981445e+03
2.7210693359e+03
1.9140972900e+03
1.0683259277e+03
2.2940985107e+02
-6.1684942627e+02
-1.4592031250e+03
-2.3123391113e+03
-3.1270700684e+03
2.5955800781e+03
1.8001309814e+03
1.0077794189e+03
2.2397496033e+02
-5.6306561279e+02
-1.3493435059e+03
-2.1466262207e+03
-2.9536596680e+03
2.6718210449e+03
1.8351430664e+03
1.0262052002e+03
2.0938850403e+02
-6.0563006592e+02
-1.4296693115e+03
-2.2550256348e+03
-3.1116420898e+03
2.5692163086e+03
1.7432202148e+03
9.7614709473e+02
1.9786766052e+02
-5.7517150879e+02
-1.3601597900e+03
-2.1415847168e+03
-2.9934594727e+03
2.5951127930e+03
1.7473575439e+03
9.7845013428e+02
1.9535195923e+02
-5.8228051758e+02
-1.3720441895e+03
-2.1572255859e+03
-3.0340976562e+03
2.5994443359e+03
1.7429228516e+03
9.7537127686e+02
1.9217570496e+02
-5.8495251465e+02
-1.3749134521e+03
-2.1593654785e+03
-3.0460485840e+03
2.6068435059e+03
1.7437319336e+03
9.7550329590e+02
1.9028535461e+02
-5.8864422607e+02
-1.3807014160e+03
-2.1660310059e+03
-3.0603569336e+03
2.6083164062e+03
1.7427531738e+03
9.7472943115e+02
1.8916365051e+02
-5.9002026367e+02
-1.3823856201e+03
-2.1676457520e+03
-3.0647116699e+03
2.6083164062e+03
1.7427531738e+03
9.7472943115e+02
1.8916365051e+02
-5.9002026367e+02
-1.3823856201e+03
-2.1676457520e+03
-3.0647116699e+03
2.6068435059e+03
1.7437319336e+03
9.7550329590e+02
1.9028535461e+02
-5.8864422607e+02
-1.3807014160e+03
-2.1660310059e+03
-3.0603569336e+03
2.5994443359e+03
1.7429228516e+03
9.7537127686e+02
1.9217570496e+02
-5.8495251465e+02
-1.3749134521e+03
-2.1593654785e+03
-3.0460485840e+03
2.5951127930e+03
1.7473575439e+03
9.7845013428e+02
1.9535195923e+02
-5.8228051758e+02
-1.3720441895e+03
-2.1572255859e+03
-3.0340976562e+03
2.5692163086e+03
1.7432202148e+03
9.7614709473e+02
1.9786766052e+02
-5.7517150879e+02
-1.3601597900e+03
-2.1415847168e+03
-2.9934594727e+03
2.6718210449e+03
1.8351430664e+03
1.0262052002e+03
2.0938850403e+02
-6.0563006592e+02
-1.4296693115e+03
-2.2550256348e+03
-3.1116420898e+03
2.3996599121e+03
1.6843494873e+03
9.2843896484e+02
1.8152931213e+02
-5.7190502930e+02
-1.3209549561e+03
-2.0777282715e+03
-2.7952656250e+03
2.4657463379e+03
1.7422615967e+03
9.5571813965e+02
1.8354821777e+02
-5.9841711426e+02
-1.3729659424e+03
-2.1622585449e+03
-2.8835576172e+03
2.4271130371e+03
1.7216376953e+03
9.4057080078e+02
1.7952609253e+02
-5.9183013916e+02
-1.3557283936e+03
-2.1390285645e+03
-2.8417094727e+03
2.4228496094e+03
1.7217330322e+03
9.3836804199e+02
1.7813505554e+02
-5.9308746338e+02
-1.3566318359e+03
-2.1428090820e+03
-2.8412958984e+03
2.4153117676e+03
1.7182473145e+03
9.3489727783e+02
1.7683815002e+02
-5.9253350830e+02
-1.3541849365e+03
-2.1407343750e+03
-2.8349145508e+03
2.4143676758e+03
1.7184068604e+03
9.3429162598e+02
1.7635807800e+02
-5.9305725098e+02
-1.3547652588e+03
-2.1422412109e+03
-2.8353613281e+03
2.4143676758e+03
1.7184068604e+03
9.3429162598e+02
1.7635807800e+02
-5.9305725098e+02
-1.3547652588e+03
-2.1422412109e+03
-2.8353613281e+03
2.4153117676e+03
1.7182473145e+03
9.3489727783e+02
1.7683815002e+02
-5.9253350830e+02
-1.3541849365e+03
-2.1407343750e+03
-2.8349145508e+03
2.4228496094e+03
1.7217330322e+03
9.3836804199e+02
1.7813505554e+02
-5.9308746338e+02
-1.3566318359e+03
-2.1428090820e+03
-2.8412958984e+03
2.4271130371e+03
1.7216376953e+03
9.4057080078e+02
1.7952609253e+02
-5.9183013916e+02
-1.3557283936e+03
-2.1390285645e+03
-2.8417094727e+03
2.4657463379e+03
1.7422615967e+03
9.5571813965e+02
1.8354821777e+02
-5.9841711426e+02
-1.3729659424e+03
-2.1622585449e+03
-2.8835576172e+03
2.3996599121e+03
1.6843494873e+03
9.2843896484e+02
1.8152931213e+02
-5.7190502930e+02
-1.3209549561e+03
-2.0777282715e+03
-2.7952656250e+03
2.3181354980e+03
1.5740115967e+03
8.7069158936e+02
1.5252430725e+02
-5.6018603516e+02
-1.2794759521e+03
-1.9885469971e+03
-2.7414045410e+03
2.2677026367e+03
1.5310222168e+03
8.4923181152e+02
1.4686865234e+02
-5.4680792236e+02
-1.2504237061e+03
-1.9363267822e+03
-2.6876057129e+03
2.2996005859e+03
1.5496871338e+03
8.6169610596e+02
1.4657615662e+02
-5.5884887695e+02
-1.2748278809e+03
-1.9675504150e+03
-2.7332756348e+03
2.2943261719e+03
1.5436652832e+03
8.5943963623e+02
1.4455426025e+02
-5.5983056641e+02
-1.2753114014e+03
-1.9639785156e+03
-2.7310153809e+03
2.2967546387e+03
1.5439350586e+03
8.6024291992e+02
1.4363664246e+02
-5.6207080078e+02
-1.2791834717e+03
-1.9672166748e+03
-2.7371899414e+03
2.2949458008e+03
1.5419284668e+03
8.5939227295e+02
1.4298455811e+02
-5.6230206299e+02
-1.2791358643e+03
-1.9660150146e+03
-2.7363767090e+03
2.2949458008e+03
1.5419284668e+03
8.5939227295e+02
1.4298455811e+02
-5.6230206299e+02
-1.2791358643e+03
-1.9660150146e+03
-2.7363767090e+03
2.2967546387e+03
1.5439350586e+03
8.6024291992e+02
1.4363664246e+02
-5.6207080078e+02
-1.2791834717e+03
-1.9672166748e+03
-2.7371899414e+03
2.2943261719e+03
1.5436652832e+03
8.5943963623e+02
1.4455426025e+02
-5.5983056641e+02
-1.2753114014e+03
-1.9639785156e+03
-2.7310153809e+03
2.2996005859e+03
1.5496871338e+03
8.6169610596e+02
1.4657615662e+02
-5.5884887695e+02
-1.2748278809e+03
-1.9675504150e+03
-2.7332756348e+03
2.2677026367e+03
1.5310222168e+03
8.4923181152e+02
1.4686865234e+02
-5.4680792236e+02
-1.2504237061e+03
-1.9363267822e+03
-2.6876057129e+03
2.3181354980e+03
1.5740115967e+03
8.7069158936e+02
1.5252430725e+02
-5.6018603516e+02
-1.2794759521e+03
-1.9885469971e+03
-2.7414045410e+03
2.0808935547e+03
1.4435893555e+03
7.7318115234e+02
1.2112909698e+02
-5.3744653320e+02
-1.1897218018e+03
-1.8572918701e+03
-2.4850417480e+03
2.1125483398e+03
1.4704786377e+03
7.8483673096e+02
1.2257196045e+02
-5.4960290527e+02
-1.2120150146e+03
-1.8968190918e+03
-2.5275363770e+03
2.0810007324e+03
1.4498948975e+03
7.7065100098e+02
1.2026850128e+02
-5.4177313232e+02
-1.1929748535e+03
-1.8724307861e+03
-2.4937595215e+03
2.0867790527e+03
1.4550231934e+03
7.7166345215e+02
1.1999660492e+02
-5.4465136719e+02
-1.1977611084e+03
-1.8825957031e+03
-2.5049013672e+03
2.0829365234e+03
1.4529058838e+03
7.6927514648e+02
1.1916464996e+02
-5.4464270020e+02
-1.1964981689e+03
-1.8821539307e+03
-2.5026611328e+03
2.0840769043e+03
1.4540231934e+03
7.6932531738e+02
1.1891345215e+02
-5.4556787109e+02
-1.1978852539e+03
-1.8848542480e+03
-2.5054541016e+03
2.0840769043e+03
1.4540231934e+03
7.6932531738e+02
1.1891345215e+02
-5.4556787109e+02
-1.1978852539e+03
-1.8848542480e+03
-2.5054541016e+03
2.0829365234e+03
1.4529058838e+03
7.6927514648e+02
1.1916464996e+02
-5.4464270020e+02
-1.1964981689e+03
-1.8821539307e+03
-2.5026611328e+03
2.0867790527e+03
1.4550231934e+03
7.7166345215e+02
1.1999660492e+02
-5.4465136719e+02
-1.1977611084e+03
-1.8825957031e+03
-2.5049013672e+03
2.0810007324e+03
1.4498948975e+03
7.7065100098e+02
1.2026850128e+02
-5.4177313232e+02
-1.1929748535e+03
-1.8724307861e+03
-2.4937595215e+03
2.1125483398e+03
1.4704786377e+03
7.8483673096e+02
1.2257196045e+02
-5.4960290527e+02
-1.2120150146e+03
-1.8968190918e+03
-2.5275363770e+03
2.0808935547e+03
1.4435893555e+03
7.7318115234e+02
1.2112909698e+02
-5.3744653320e+02
-1.1897218018e+03
-1.8572918701e+03
-2.4850417480e+03
1.9130920410e+03
1.2882340088e+03
6.9449468994e+02
8.4430862427e+01
-5.1621545410e+02
-1.1226646729e+03
-1.7107642822e+03
-2.3316711426e+03
1.8884422607e+03
1.2693298340e+03
6.8636322021e+02
8.2639427185e+01
-5.0851907349e+02
-1.1091975098e+03
-1.6854040527e+03
-2.3059765625e+03
1.9113017578e+03
1.2852596436e+03
6.9727142334e+02
8.3350997925e+01
-5.1616937256e+02
-1.1270179443e+03
-1.7086630859e+03
-2.3374360352e+03
1.9008627930e+03
1.2772376709e+03
6.9405566406e+02
8.2319587708e+01
-5.1382489014e+02
-1.1225970459e+03
-1.6994719238e+03
-2.3273354492e+03
1.9027534180e+03
1.2782304688e+03
6.9530267334e+02
8.2156402588e+01
-5.1479455566e+02
-1.1251606445e+03
-1.7019901123e+03
-2.3318449707e+03
1.9005722656e+03
1.2764416504e+03
6.9461822510e+02
8.1845123291e+01
-5.1440460205e+02
-1.1244556885e+03
-1.7002969971e+03
-2.3301416016e+03
1.9005722656e+03
1.2764416504e+03
6.9461822510e+02
8.1845123291e+01
-5.1440460205e+02
-1.1244556885e+03
-1.7002969971e+03
-2.3301416016e+03
1.9027534180e+03
1.2782304688e+03
6.9530267334e+02
8.2156402588e+01
-5.1479455566e+02
-1.1251606445e+03
-1.7019901123e+03
-2.3318449707e+03
1.9008627930e+03
1.2772376709e+03
6.9405566406e+02
8.2319587708e+01
-5.1382489014e+02
-1.1225970459e+03
-1.6994719238e+03
-2.3273354492e+03
1.9113017578e+03
1.2852596436e+03
6.9727142334e+02
8.3350997925e+01
-5.1616937256e+02
-1.1270179443e+03
-1.7086630859e+03
-2.3374360352e+03
1.8884422607e+03
1.2693298340e+03
6.8636322021e+02
8.2639427185e+01
-5.0851907349e+02
-1.1091975098e+03
-1.6854040527e+03
-2.3059765625e+03
1.9130920410e+03
1.2882340088e+03
6.9449468994e+02
8.4430862427e+01
-5.1621545410e+02
-1.1226646729e+03
-1.7107642822e+03
-2.3316711426e+03
1.6746508789e+03
1.1385269775e+03
5.8409930420e+02
4.9597568512e+01
-4.9134375000e+02
-1.0220733643e+03
-1.5682340088e+03
-2.0823635254e+03
1.6910753174e+03
1.1525906982e+03
5.9084411621e+02
5.2331180573e+01
-4.9585656738e+02
-1.0304213867e+03
-1.5858299561e+03
-2.1029775391e+03
1.6706462402e+03
1.1390393066e+03
5.8242883301e+02
5.2466468811e+01
-4.8949246216e+02
-1.0160235596e+03
-1.5681047363e+03
-2.0809882812e+03
1.6796068115e+03
1.1462165527e+03
5.8573004150e+02
5.3535739899e+01
-4.9229895020e+02
-1.0215734863e+03
-1.5789653320e+03
-2.0939965820e+03
1.6759069824e+03
1.1439766846e+03
5.8403234863e+02
5.3514133453e+01
-4.9153787231e+02
-1.0193834229e+03
-1.5768886719e+03
-2.0907460938e+03
1.6772403564e+03
1.1451490479e+03
5.8446032715e+02
5.3678829193e+01
-4.9209777832e+02
-1.0203435669e+03
-1.5789291992e+03
-2.0931291504e+03
1.6772403564e+03
1.1451490479e+03
5.8446032715e+02
5.3678829193e+01
-4.9209777832e+02
-1.0203435669e+03
-1.5789291992e+03
-2.0931291504e+03
1.6759069824e+03
1.1439766846e+03
5.8403234863e+02
5.3514133453e+01
-4.9153787231e+02
-1.0193834229e+03
-1.5768886719e+03
-2.0907460938e+03
1.6796068115e+03
1.1462165527e+03
5.8573004150e+02
5.3535739899e+01
-4.9229895020e+02
-1.0215734863e+03
-1.5789653320e+03
-2.0939965820e+03
1.6706462402e+03
1.1390393066e+03
5.8242883301e+02
5.2466468811e+01
-4.8949246216e+02
-1.0160235596e+03
-1.5681047363e+03
-2.0809882812e+03
1.6910753174e+03
1.1525906982e+03
5.9084411621e+02
5.2331180573e+01
-4.9585656738e+02
-1.0304213867e+03
-1.5858299561e+03
-2.1029775391e+03
1.6746508789e+03
1.1385269775e+03
5.8409930420e+02
4.9597568512e+01
-4.9134375000e+02
-1.0220733643e+03
-1.5682340088e+03
-2.0823635254e+03
1.4599616699e+03
9.6550085449e+02
4.9279956055e+02
8.3303956985e+00
-4.6350942993e+02
-9.4105938721e+02
-1.3984449463e+03
-1.8760981445e+03
1.4482420654e+03
9.5850085449e+02
4.9129516602e+02
9.3826799393e+00
-4.5719351196e+02
-9.3298944092e+02
-1.3844232178e+03
-1.8627120361e+03
1.4630692139e+03
9.7007769775e+02
4.9969488525e+02
1.1130188942e+01
-4.6019754028e+02
-9.4306365967e+02
-1.3984470215e+03
-1.8819683838e+03
1.4531944580e+03
9.6321142578e+02
4.9715887451e+02
1.1212979317e+01
-4.5633731079e+02
-9.3708703613e+02
-1.3886718750e+03
-1.8713317871e+03
1.4562205811e+03
9.6555908203e+02
4.9915374756e+02
1.1721184731e+01
-4.5674267578e+02
-9.3937469482e+02
-1.3917430420e+03
-1.8762370605e+03
1.4544687500e+03
9.6431817627e+02
4.9878854370e+02
1.1719829559e+01
-4.5606201172e+02
-9.3848040771e+02
-1.3901679688e+03
-1.8746181641e+03
1.4544687500e+03
9.6431817627e+02
4.9878854370e+02
1.1719829559e+01
-4.5606201172e+02
-9.3848040771e+02
-1.3901679688e+03
-1.8746181641e+03
1.4562205811e+03
9.6555908203e+02
4.9915374756e+02
1.1721184731e+01
-4.5674267578e+02
-9.3937469482e+02
-1.3917430420e+03
-1.8762370605e+03
1.4531944580e+03
9.6321142578e+02
4.9715887451e+02
1.1212979317e+01
-4.5633731079e+02
-9.3708703613e+02
-1.3886718750e+03
-1.8713317871e+03
1.4630692139e+03
9.7007769775e+02
4.9969488525e+02
1.1130188942e+01
-4.6019754028e+02
-9.4306365967e+02
-1.3984470215e+03
-1.8819683838e+03
1.4482420654e+03
9.5850085449e+02
4.9129516602e+02
9.3826799393e+00
-4.5719351196e+02
-9.3298944092e+02
-1.3844232178e+03
-1.8627120361e+03
1.4599616699e+03
9.6550085449e+02
4.9279956055e+02
8.3303956985e+00
-4.6350942993e+02
-9.4105938721e+02
-1.3984449463e+03
-1.8760981445e+03
1.2122593994e+03
7.9764715576e+02
3.7598822021e+02
-2.7753776550e+01
-4.3682192993e+02
-8.3242486572e+02
-1.2396610107e+03
-1.6215605469e+03
1.2218740234e+03
8.0675622559e+02
3.8174990845e+02
-2.3434659958e+01
-4.3673004150e+02
-8.3368981934e+02
-1.2460612793e+03
-1.6310501709e+03
1.2097349854e+03
7.9941894531e+02
3.7826013184e+02
-2.1335226059e+01
-4.3130734253e+02
-8.2310729980e+02
-1.2338131104e+03
-1.6172567139e+03
1.2180887451e+03
8.0633843994e+02
3.8236865234e+02
-1.9243375778e+01
-4.3283941650e+02
-8.2713836670e+02
-1.2422137451e+03
-1.6278061523e+03
1.2142617188e+03
8.0407312012e+02
3.8126583862e+02
-1.8546293259e+01
-4.3122393799e+02
-8.2400109863e+02
-1.2387358398e+03
-1.6235211182e+03
1.2156224365e+03
8.0530389404e+02
3.8200616455e+02
-1.8034292221e+01
-4.3139721680e+02
-8.2455761719e+02
-1.2402091064e+03
-1.6254459229e+03
1.2156224365e+03
8.0530389404e+02
3.8200616455e+02
-1.8034292221e+01
-4.3139721680e+02
-8.2455761719e+02
-1.2402091064e+03
-1.6254459229e+03
1.2142617188e+03
8.0407312012e+02
3.8126583862e+02
-1.8546293259e+01
-4.3122393799e+02
-8.2400109863e+02
-1.2387358398e+03
-1.6235211182e+03
1.2180887451e+03
8.0633843994e+02
3.8236865234e+02
-1.9243375778e+01
-4.3283941650e+02
-8.2713836670e+02
-1.2422137451e+03
-1.6278061523e+03
1.2097349854e+03
7.9941894531e+02
3.7826013184e+02
-2.1335226059e+01
-4.3130734253e+02
-8.2310729980e+02
-1.2338131104e+03
-1.6172567139e+03
1.2218740234e+03
8.0675622559e+02
3.8174990845e+02
-2.3434659958e+01
-4.3673004150e+02
-8.3368981934e+02
-1.2460612793e+03
-1.6310501709e+03
1.2122593994e+03
7.9764715576e+02
3.7598822021e+02
-2.7753776550e+01
-4.3682192993e+02
-8.3242486572e+02
-1.2396610107e+03
-1.6215605469e+03
9.7155590820e+02
6.1518695068e+02
2.7505490112e+02
-7.1307540894e+01
-4.0342327881e+02
-7.4037878418e+02
-1.0579854736e+03
-1.3861729736e+03
9.6669873047e+02
6.1440588379e+02
2.7727355957e+02
-6.8012100220e+01
-3.9696997070e+02
-7.3370996094e+02
-1.0484755859e+03
-1.3781322021e+03
9.7630883789e+02
6.2291296387e+02
2.8414706421e+02
-6.5150535583e+01
-3.9657028198e+02
-7.3801641846e+02
-1.0556706543e+03
-1.3891922607e+03
9.6888909912e+02
6.1828686523e+02
2.8301687622e+02
-6.3978736877e+01
-3.9220294189e+02
-7.3208972168e+02
-1.0472033691e+03
-1.3803862305e+03
9.7247869873e+02
6.2135961914e+02
2.8550598145e+02
-6.2880966187e+01
-3.9207104492e+02
-7.3385894775e+02
-1.0501466064e+03
-1.3850220947e+03
9.7102362061e+02
6.2047821045e+02
2.8539773560e+02
-6.2585369110e+01
-3.9112307739e+02
-7.3270996094e+02
-1.0485026855e+03
-1.3833502197e+03
9.7102362061e+02
6.2047821045e+02
2.8539773560e+02
-6.2585369110e+01
-3.9112307739e+02
-7.3270996094e+02
-1.0485026855e+03
-1.3833502197e+03
9.7247869873e+02
6.2135961914e+02
2.8550598145e+02
-6.2880966187e+01
-3.9207104492e+02
-7.3385894775e+02
-1.0501466064e+03
-1.3850220947e+03
9.6888909912e+02
6.1828686523e+02
2.8301687622e+02
-6.3978736877e+01
-3.9220294189e+02
-7.3208972168e+02
-1.0472033691e+03
-1.3803862305e+03
9.7630883789e+02
6.2291296387e+02
2.8414706421e+02
-6.5150535583e+01
-3.9657028198e+02
-7.3801641846e+02
-1.0556706543e+03
-1.3891922607e+03
9.6669873047e+02
6.1440588379e+02
2.7727355957e+02
-6.8012100220e+01
-3.9696997070e+02
-7.3370996094e+02
-1.0484755859e+03
-1.3781322021e+03
9.7155590820e+02
6.1518695068e+02
2.7505490112e+02
-7.1307540894e+01
-4.0342327881e+02
-7.4037878418e+02
-1.0579854736e+03
-1.3861729736e+03
7.1536126709e+02
4.3598373413e+02
1.5649353027e+02
-1.0737860870e+02
-3.7473782349e+02
-6.2704779053e+02
-8.8663598633e+02
-1.1253850098e+03
7.2188653564e+02
4.4334603882e+02
1.6247361755e+02
-1.0176520538e+02
-3.7172354126e+02
-6.2449243164e+02
-8.8711138916e+02
-1.1289714355e+03
7.1512677002e+02
4.4030828857e+02
1.6232623291e+02
-9.8301910400e+01
-3.6659552002e+02
-6.1621783447e+02
-8.7832128906e+02
-1.1201334229e+03
7.2186505127e+02
4.4626452637e+02
1.6654086304e+02
-9.5510002136e+01
-3.6664260864e+02
-6.1823431396e+02
-8.8374072266e+02
-1.1274877930e+03
7.1849523926e+02
4.4444839478e+02
1.6608816528e+02
-9.4267974854e+01
-3.6449481201e+02
-6.1474176025e+02
-8.7984088135e+02
-1.1231398926e+03
7.1993560791e+02
4.4579217529e+02
1.6707467651e+02
-9.3515350342e+01
-3.6438623047e+02
-6.1505169678e+02
-8.8098248291e+02
-1.1247906494e+03
7.1993560791e+02
4.4579217529e+02
1.6707467651e+02
-9.3515350342e+01
-3.6438623047e+02
-6.1505169678e+02
-8.8098248291e+02
-1.1247906494e+03
7.1849523926e+02
4.4444839478e+02
1.6608816528e+02
-9.4267974854e+01
-3.6449481201e+02
-6.1474176025e+02
-8.7984088135e+02
-1.1231398926e+03
7.2186505127e+02
4.4626452637e+02
1.6654086304e+02
-9.5510002136e+01
-3.6664260864e+02
-6.1823431396e+02
-8.8374072266e+02
-1.1274877930e+03
7.1512677002e+02
4.4030828857e+02
1.6232623291e+02
-9.8301910400e+01
-3.6659552002e+02
-6.1621783447e+02
-8.7832128906e+02
-1.1201334229e+03
7.2188653564e+02
4.4334603882e+02
1.6247361755e+02
-1.0176520538e+02
-3.7172354126e+02
-6.2449243164e+02
-8.8711138916e+02
-1.1289714355e+03
7.1536126709e+02
4.3598373413e+02
1.5649353027e+02
-1.0737860870e+02
-3.7473782349e+02
-6.2704779053e+02
-8.8663598633e+02
-1.1253850098e+03
4.6096145630e+02
2.4865760803e+02
4.9832519531e+01
-1.5099125671e+02
-3.3725653076e+02
-5.2685925293e+02
-6.9865649414e+02
-8.7455523682e+02
4.5977682495e+02
2.5114898682e+02
5.4173034668e+01
-1.4613267517e+02
-3.3041845703e+02
-5.2032672119e+02
-6.9090289307e+02
-8.6886999512e+02
4.6620315552e+02
2.5775152588e+02
6.0232578278e+01
-1.4239462280e+02
-3.2789886475e+02
-5.2093530273e+02
-6.9370642090e+02
-8.7485681152e+02
4.6123114014e+02
2.5519754028e+02
6.0423557281e+01
-1.4039772034e+02
-3.2350921631e+02
-5.1558355713e+02
-6.8686724854e+02
-8.6815234375e+02
4.6467352295e+02
2.5835205078e+02
6.3065929413e+01
-1.3888237000e+02
-3.2286129761e+02
-5.1662194824e+02
-6.8912847900e+02
-8.7191943359e+02
4.6342874146e+02
2.5771289062e+02
6.3152442932e+01
-1.3835688782e+02
-3.2173046875e+02
-5.1528204346e+02
-6.8742120361e+02
-8.7022131348e+02
4.6342874146e+02
2.5771289062e+02
6.3152442932e+01
-1.3835688782e+02
-3.2173046875e+02
-5.1528204346e+02
-6.8742120361e+02
-8.7022131348e+02
4.6467352295e+02
2.5835205078e+02
6.3065929413e+01
-1.3888237000e+02
-3.2286129761e+02
-5.1662194824e+02
-6.8912847900e+02
-8.7191943359e+02
4.6123114014e+02
2.5519754028e+02
6.0423557281e+01
-1.4039772034e+02
-3.2350921631e+02
-5.1558355713e+02
-6.8686724854e+02
-8.6815234375e+02
4.6620315552e+02
2.5775152588e+02
6.0232578278e+01
-1.4239462280e+02
-3.2789886475e+02
-5.2093530273e+02
-6.9370642090e+02
-8.7485681152e+02
4.5977682495e+02
2.5114898682e+02
5.4173034668e+01
-1.4613267517e+02
-3.3041845703e+02
-5.2032672119e+02
-6.9090289307e+02
-8.6886999512e+02
4.6096145630e+02
2.4865760803e+02
4.9832519531e+01
-1.5099125671e+02
-3.3725653076e+02
-5.2685925293e+02
-6.9865649414e+02
-8.7455523682e+02
1.9955131531e+02
6.3924411774e+01
-6.8124557495e+01
-1.8631062317e+02
-3.0619873047e+02
-4.1089337158e+02
-5.1938916016e+02
-6.0995794678e+02
2.0452635193e+02
7.0603866577e+01
-6.1863540649e+01
-1.7996221924e+02
-3.0147619629e+02
-4.0634826660e+02
-5.1677630615e+02
-6.1041210938e+02
2.0100068665e+02
7.0183929443e+01
-6.0039237976e+01
-1.7574183655e+02
-2.9644015503e+02
-3.9945989990e+02
-5.1009060669e+02
-6.0451287842e+02
2.0611671448e+02
7.5092948914e+01
-5.6044254303e+01
-1.7258966064e+02
-2.9532653809e+02
-3.9982431030e+02
-5.1307507324e+02
-6.0921667480e+02
2.0348995972e+02
7.3900054932e+01
-5.5931186676e+01
-1.7102577209e+02
-2.9298876953e+02
-3.9644839478e+02
-5.0941696167e+02
-6.0542004395e+02
2.0490818787e+02
7.5263496399e+01
-5.4832675934e+01
-1.7014889526e+02
-2.9268542480e+02
-3.9657641602e+02
-5.1029479980e+02
-6.0681445312e+02
2.0490818787e+02
7.5263496399e+01
-5.4832675934e+01
-1.7014889526e+02
-2.9268542480e+02
-3.9657641602e+02
-5.1029479980e+02
-6.0681445312e+02
2.0348995972e+02
7.3900054932e+01
-5.5931186676e+01
-1.7102577209e+02
-2.9298876953e+02
-3.9644839478e+02
-5.0941696167e+02
-6.0542004395e+02
2.0611671448e+02
7.5092948914e+01
-5.6044254303e+01
-1.7258966064e+02
-2.9532653809e+02
-3.9982431030e+02
-5.1307507324e+02
-6.0921667480e+02
2.0100068665e+02
7.0183929443e+01
-6.0039237976e+01
-1.7574183655e+02
-2.9644015503e+02
-3.9945989990e+02
-5.1009060669e+02
-6.0451287842e+02
2.0452635193e+02
7.0603866577e+01
-6.1863540649e+01
-1.7996221924e+02
-3.0147619629e+02
-4.0634826660e+02
-5.1677630615e+02
-6.1041210938e+02
1.9955131531e+02
6.3924411774e+01
-6.8124557495e+01
-1.8631062317e+02
-3.0619873047e+02
-4.1089337158e+02
-5.1938916016e+02
-6.0995794678e+02
-6.0894344330e+01
-1.2495087433e+02
-1.7694709778e+02
-2.2845599365e+02
-2.6593060303e+02
-3.0529632568e+02
-3.2853158569e+02
-3.5208383179e+02
-6.0270359039e+01
-1.2094423676e+02
-1.7163009644e+02
-2.2281945801e+02
-2.5902703857e+02
-2.9881579590e+02
-3.2166296387e+02
-3.4760470581e+02
-5.5862628937e+01
-1.1563009644e+02
-1.6617196655e+02
-2.1865625000e+02
-2.5544677734e+02
-2.9734747314e+02
-3.2193182373e+02
-3.5063552856e+02
-5.8996353149e+01
-1.1671468353e+02
-1.6509658813e+02
-2.1622277832e+02
-2.5132579041e+02
-2.9271969604e+02
-3.1657290649e+02
-3.4572976685e+02
-5.6090522766e+01
-1.1386974335e+02
-1.6257777405e+02
-2.1451799011e+02
-2.5031423950e+02
-2.9309054565e+02
-3.1805130005e+02
-3.4851501465e+02
-5.7128032684e+01
-1.1431740570e+02
-1.6235862732e+02
-2.1386987305e+02
-2.4914132690e+02
-2.9172454834e+02
-3.1643057251e+02
-3.4694937134e+02
-5.7128032684e+01
-1.1431740570e+02
-1.6235862732e+02
-2.1386987305e+02
-2.4914132690e+02
-2.9172454834e+02
-3.1643057251e+02
-3.4694937134e+02
-5.6090522766e+01
-1.1386974335e+02
-1.6257777405e+02
-2.1451799011e+02
-2.5031423950e+02
-2.9309054565e+02
-3.1805130005e+02
-3.4851501465e+02
-5.8996353149e+01
-1.1671468353e+02
-1.6509658813e+02
-2.1622277832e+02
-2.5132579041e+02
-2.9271969604e+02
-3.1657290649e+02
-3.4572976685e+02
-5.5862628937e+01
-1.1563009644e+02
-1.6617196655e+02
-2.1865625000e+02
-2.5544677734e+02
-2.9734747314e+02
-3.2193182373e+02
-3.5063552856e+02
-6.0270359039e+01
-1.2094423676e+02
-1.7163009644e+02
-2.2281945801e+02
-2.5902703857e+02
-2.9881579590e+02
-3.2166296387e+02
-3.4760470581e+02
-6.0894344330e+01
-1.2495087433e+02
-1.7694709778e+02
-2.2845599365e+02
-2.6593060303e+02
-3.0529632568e+02
-3.2853158569e+02
-3.5208383179e+02
-3.2385949707e+02
-3.1086325073e+02
-2.9286337280e+02
-2.6238281250e+02
-2.3244985962e+02
-1.8811465454e+02
-1.4541600037e+02
-8.6870086670e+01
-3.1994931030e+02
-3.0479205322e+02
-2.8674697876e+02
-2.5599395752e+02
-2.2706695557e+02
-1.8284144592e+02
-1.4145954895e+02
-8.5837402344e+01
-3.2172662354e+02
-3.0388638306e+02
-2.8403613281e+02
-2.5162825012e+02
-2.2229727173e+02
-1.7701321411e+02
-1.3622427368e+02
-8.1811233521e+01
-3.1802005005e+02
-2.9998434448e+02
-2.8048767090e+02
-2.4848463440e+02
-2.2054887390e+02
-1.7636273193e+02
-1.3759107971e+02
-8.4693237305e+01
-3.1995364380e+02
-3.0065887451e+02
-2.8002322388e+02
-2.4685055542e+02
-2.1831155396e+02
-1.7339523315e+02
-1.3450462341e+02
-8.1690063477e+01
-3.1870687866e+02
-2.9941729736e+02
-2.7896249390e+02
-2.4596919250e+02
-2.1790452576e+02
-1.7339025879e+02
-1.3514784241e+02
-8.2817543030e+01
-3.1870687866e+02
-2.9941729736e+02
-2.7896249390e+02
-2.4596919250e+02
-2.1790452576e+02
-1.7339025879e+02
-1.3514784241e+02
-8.2817543030e+01
-3.1995364380e+02
-3.0065887451e+02
-2.8002322388e+02
-2.4685055542e+02
-2.1831155396e+02
-1.7339523315e+02
-1.3450462341e+02
-8.1690063477e+01
-3.1802005005e+02
-2.9998434448e+02
-2.8048767090e+02
-2.4848463440e+02
-2.2054887390e+02
-1.7636273193e+02
-1.3759107971e+02
-8.4693237305e+01
-3.2172662354e+02
-3.0388638306e+02
-2.8403613281e+02
-2.5162825012e+02
-2.2229727173e+02
-1.7701321411e+02
-1.3622427368e+02
-8.1811233521e+01
-3.1994931030e+02
-3.0479205322e+02
-2.8674697876e+02
-2.5599395752e+02
-2.2706695557e+02
-1.8284144592e+02
-1.4145954895e+02
-8.5837402344e+01
-3.2385949707e+02
-3.1086325073e+02
-2.9286337280e+02
-2.6238281250e+02
-2.3244985962e+02
-1.8811465454e+02
-1.4541600037e+02
-8.6870086670e+01
-5.8494201660e+02
-4.9849060059e+02
-4.0103726196e+02
-3.0217926025e+02
-1.9034089661e+02
-7.9562767029e+01
4.5643856049e+01
1.7221154785e+02
-5.8373004150e+02
-4.9419332886e+02
-3.9571203613e+02
-2.9659780884e+02
-1.8393690491e+02
-7.3542610168e+01
5.1645381927e+01
1.7577290344e+02
-5.8078326416e+02
-4.8999218750e+02
-3.9099209595e+02
-2.9256042480e+02
-1.8015946960e+02
-7.1216415405e+01
5.2568248749e+01
1.7428883362e+02
-5.8277966309e+02
-4.9027825928e+02
-3.8956597900e+02
-2.9012463379e+02
-1.7656582642e+02
-6.7407226562e+01
5.6621547699e+01
1.7772438049e+02
-5.8057055664e+02
-4.8796029663e+02
-3.8739181519e+02
-2.8848312378e+02
-1.7543458557e+02
-6.7355918884e+01
5.5739791870e+01
1.7573310852e+02
-5.8142010498e+02
-4.8827755737e+02
-3.8712591553e+02
-2.8783843994e+02
-1.7436566162e+02
-6.6130874634e+01
5.7120540619e+01
1.7702105713e+02
-5.8142010498e+02
-4.8827755737e+02
-3.8712591553e+02
-2.8783843994e+02
-1.7436566162e+02
-6.6130874634e+01
5.7120540619e+01
1.7702105713e+02
-5.8057055664e+02
-4.8796029663e+02
-3.8739181519e+02
-2.8848312378e+02
-1.7543458557e+02
-6.7355918884e+01
5.5739791870e+01
1.7573310852e+02
-5.8277966309e+02
-4.9027825928e+02
-3.8956597900e+02
-2.9012463379e+02
-1.7656582642e+02
-6.7407226562e+01
5.6621547699e+01
1.7772438049e+02
-5.8078326416e+02
-4.8999218750e+02
-3.9099209595e+02
-2.9256042480e+02
-1.8015946960e+02
-7.1216415405e+01
5.2568248749e+01
1.7428883362e+02
-5.8373004150e+02
-4.9419332886e+02
-3.9571203613e+02
-2.9659780884e+02
-1.8393690491e+02
-7.3542610168e+01
5.1645381927e+01
1.7577290344e+02
-5.8494201660e+02
-4.9849060059e+02
-4.0103726196e+02
-3.0217926025e+02
-1.9034089661e+02
-7.9562767029e+01
4.5643856049e+01
1.7221154785e+02
-8.4559680176e+02
-6.8202117920e+02
-5.1363043213e+02
-3.3409799194e+02
-1.5485968018e+02
3.7442489624e+01
2.2893551636e+02
4.3449176025e+02
-8.4276275635e+02
-6.7691125488e+02
-5.0826977539e+02
-3.2840258789e+02
-1.4975935364e+02
4.2447685242e+01
2.3302143860e+02
4.3592251587e+02
-8.4382165527e+02
-6.7565783691e+02
-5.0553836060e+02
-3.2448794556e+02
-1.4563287354e+02
4.7170333862e+01
2.3699868774e+02
4.3855450439e+02
-8.4134649658e+02
-6.7276269531e+02
-5.0266305542e+02
-3.2173049927e+02
-1.4380053711e+02
4.8187389374e+01
2.3647164917e+02
4.3672473145e+02
-8.4280804443e+02
-6.7316210938e+02
-5.0212112427e+02
-3.2028372192e+02
-1.4190946960e+02
5.0561985016e+01
2.3883723450e+02
4.3887979126e+02
-8.4184790039e+02
-6.7216412354e+02
-5.0123068237e+02
-3.1951608276e+02
-1.4150733948e+02
5.0620197296e+01
2.3836238098e+02
4.3797879028e+02
-8.4184790039e+02
-6.7216412354e+02
-5.0123068237e+02
-3.1951608276e+02
-1.4150733948e+02
5.0620197296e+01
2.3836238098e+02
4.3797879028e+02
-8.4280804443e+02
-6.7316210938e+02
-5.0212112427e+02
-3.2028372192e+02
-1.4190946960e+02
5.0561985016e+01
2.3883723450e+02
4.3887979126e+02
-8.4134649658e+02
-6.7276269531e+02
-5.0266305542e+02
-3.2173049927e+02
-1.4380053711e+02
4.8187389374e+01
2.3647164917e+02
4.3672473145e+02
-8.4382165527e+02
-6.7565783691e+02
-5.0553836060e+02
-3.2448794556e+02
-1.4563287354e+02
4.7170333862e+01
2.3699868774e+02
4.3855450439e+02
-8.4276275635e+02
-6.7691125488e+02
-5.0826977539e+02
-3.2840258789e+02
-1.4975935364e+02
4.2447685242e+01
2.3302143860e+02
4.3592251587e+02
-8.4559680176e+02
-6.8202117920e+02
-5.1363043213e+02
-3.3409799194e+02
-1.5485968018e+02
3.7442489624e+01
2.2893551636e+02
4.3449176025e+02
-1.1023980713e+03
-8.6545886230e+02
-6.1876184082e+02
-3.7102291870e+02
-1.1172402954e+02
1.4646371460e+02
4.1733154297e+02
6.8963403320e+02
-1.1014708252e+03
-8.6181500244e+02
-6.1427734375e+02
-3.6629937744e+02
-1.0645463562e+02
1.5145117188e+02
4.2213504028e+02
6.9218280029e+02
-1.0997847900e+03
-8.5880609131e+02
-6.1060339355e+02
-3.6294674683e+02
-1.0319025421e+02
1.5371147156e+02
4.2327746582e+02
6.9129071045e+02
-1.1012624512e+03
-8.5889294434e+02
-6.0933581543e+02
-3.6093267822e+02
-1.0038768005e+02
1.5657521057e+02
4.2611328125e+02
6.9347430420e+02
-1.0998033447e+03
-8.5723223877e+02
-6.0769049072e+02
-3.5960198975e+02
-9.9408302307e+01
1.5673916626e+02
4.2553176880e+02
6.9197998047e+02
-1.1005286865e+03
-8.5750866699e+02
-6.0748297119e+02
-3.5908666992e+02
-9.8569107056e+01
1.5769444275e+02
4.2656738281e+02
6.9290454102e+02
-1.1005286865e+03
-8.5750866699e+02
-6.0748297119e+02
-3.5908666992e+02
-9.8569107056e+01
1.5769444275e+02
4.2656738281e+02
6.9290454102e+02
-1.0998033447e+03
-8.5723223877e+02
-6.0769049072e+02
-3.5960198975e+02
-9.9408302307e+01
1.5673916626e+02
4.2553176880e+02
6.9197998047e+02
-1.1012624512e+03
-8.5889294434e+02
-6.0933581543e+02
-3.6093267822e+02
-1.0038768005e+02
1.5657521057e+02
4.2611328125e+02
6.9347430420e+02
-1.0997847900e+03
-8.5880609131e+02
-6.1060339355e+02
-3.6294674683e+02
-1.0319025421e+02
1.5371147156e+02
4.2327746582e+02
6.9129071045e+02
-1.1014708252e+03
-8.6181500244e+02
-6.1427734375e+02
-3.6629937744e+02
-1.0645463562e+02
1.5145117188e+02
4.2213504028e+02
6.9218280029e+02
-1.1023980713e+03
-8.6545886230e+02
-6.1876184082e+02
-3.7102291870e+02
-1.1172402954e+02
1.4646371460e+02
4.1733154297e+02
6.8963403320e+02
-1.3560101318e+03
-1.0429521484e+03
-7.2644421387e+02
-4.0031021118e+02
-7.5154090881e+01
2.6141531372e+02
5.9681854248e+02
9.4449981689e+02
-1.3544652100e+03
-1.0392904053e+03
-7.2246759033e+02
-3.9599475098e+02
-7.1150466919e+01
2.6534335327e+02
6.0013525391e+02
9.4555816650e+02
-1.3555285645e+03
-1.0384282227e+03
-7.2040557861e+02
-3.9307119751e+02
-6.8098960876e+01
2.6874600220e+02
6.0280731201e+02
9.4695782471e+02
-1.3541868896e+03
-1.0365959473e+03
-7.1843328857e+02
-3.9105047607e+02
-6.6672393799e+01
2.6957308960e+02
6.0248022461e+02
9.4556201172e+02
-1.3554429932e+03
-1.0369954834e+03
-7.1808703613e+02
-3.9002960205e+02
-6.5334190369e+01
2.7122625732e+02
6.0405499268e+02
9.4688244629e+02
-1.3548355713e+03
-1.0363262939e+03
-7.1747210693e+02
-3.8948367310e+02
-6.5052490234e+01
2.7123306274e+02
6.0364605713e+02
9.4612084961e+02
-1.3548355713e+03
-1.0363262939e+03
-7.1747210693e+02
-3.8948367310e+02
-6.5052490234e+01
2.7123306274e+02
6.0364605713e+02
9.4612084961e+02
-1.3554429932e+03
-1.0369954834e+03
-7.1808703613e+02
-3.9002960205e+02
-6.5334190369e+01
2.7122625732e+02
6.0405499268e+02
9.4688244629e+02
-1.3541868896e+03
-1.0365959473e+03
-7.1843328857e+02
-3.9105047607e+02
-6.6672393799e+01
2.6957308960e+02
6.0248022461e+02
9.4556201172e+02
-1.3555285645e+03
-1.0384282227e+03
-7.2040557861e+02
-3.9307119751e+02
-6.8098960876e+01
2.6874600220e+02
6.0280731201e+02
9.4695782471e+02
-1.3544652100e+03
-1.0392904053e+03
-7.2246759033e+02
-3.9599475098e+02
-7.1150466919e+01
2.6534335327e+02
6.0013525391e+02
9.4555816650e+02
-1.3560101318e+03
-1.0429521484e+03
-7.2644421387e+02
-4.0031021118e+02
-7.5154090881e+01
2.6141531372e+02
5.9681854248e+02
9.4449981689e+02
-1.6027763672e+03
-1.2184636230e+03
-8.2605645752e+02
-4.3395822144e+02
-3.1983467102e+01
3.6793576050e+02
7.7872528076e+02
1.1898505859e+03
-1.6027729492e+03
-1.2162059326e+03
-8.2311535645e+02
-4.3078295898e+02
-2.8429895401e+01
3.7133786011e+02
7.8192053223e+02
1.1911623535e+03
-1.6023217773e+03
-1.2145670166e+03
-8.2082617188e+02
-4.2860589600e+02
-2.6240184784e+01
3.7284411621e+02
7.8258648682e+02
1.1902089844e+03
-1.6037685547e+03
-1.2149339600e+03
-8.2014282227e+02
-4.2738113403e+02
-2.4474403381e+01
3.7461865234e+02
7.8422137451e+02
1.1912586670e+03
-1.6030700684e+03
-1.2140150146e+03
-8.1917510986e+02
-4.2657543945e+02
-2.3894252777e+01
3.7460235596e+02
7.8364312744e+02
1.1899658203e+03
-1.6037609863e+03
-1.2143524170e+03
-8.1913159180e+02
-4.2629995728e+02
-2.3381570816e+01
3.7520166016e+02
7.8427661133e+02
1.1904924316e+03
-1.6037609863e+03
-1.2143524170e+03
-8.1913159180e+02
-4.2629995728e+02
-2.3381570816e+01
3.7520166016e+02
7.8427661133e+02
1.1904924316e+03
-1.6030700684e+03
-1.2140150146e+03
-8.1917510986e+02
-4.2657543945e+02
-2.3894252777e+01
3.7460235596e+02
7.8364312744e+02
1.1899658203e+03
-1.6037685547e+03
-1.2149339600e+03
-8.2014282227e+02
-4.2738113403e+02
-2.4474403381e+01
3.7461865234e+02
7.8422137451e+02
1.1912586670e+03
-1.6023217773e+03
-1.2145670166e+03
-8.2082617188e+02
-4.2860589600e+02
-2.6240184784e+01
3.7284411621e+02
7.8258648682e+02
1.1902089844e+03
-1.6027729492e+03
-1.2162059326e+03
-8.2311535645e+02
-4.3078295898e+02
-2.8429895401e+01
3.7133786011e+02
7.8192053223e+02
1.1911623535e+03
-1.6027763672e+03
-1.2184636230e+03
-8.2605645752e+02
-4.3395822144e+02
-3.1983467102e+01
3.6793576050e+02
7.7872528076e+02
1.1898505859e+03
-1.8429938965e+03
-1.3854472656e+03
-9.2663085938e+02
-4.5995419312e+02
4.2547545433e+00
4.7806619263e+02
9.4942224121e+02
1.4311619873e+03
-1.8429796143e+03
-1.3836782227e+03
-9.2456414795e+02
-4.5757089233e+02
6.5316767693e+00
4.8030633545e+02
9.5132580566e+02
1.4313084717e+03
-1.8445440674e+03
-1.3837404785e+03
-9.2368646240e+02
-4.5606896973e+02
8.1318664551e+00
4.8215533447e+02
9.5256976318e+02
1.4314997559e+03
-1.8442899170e+03
-1.3830439453e+03
-9.2281433105e+02
-4.5506585693e+02
8.7726726532e+00
4.8236868286e+02
9.5196563721e+02
1.4300820312e+03
-1.8455820312e+03
-1.3836860352e+03
-9.2289263916e+02
-4.5466418457e+02
9.3993663788e+00
4.8321395874e+02
9.5271948242e+02
1.4306029053e+03
-1.8453538818e+03
-1.3833958740e+03
-9.2262731934e+02
-4.5442596436e+02
9.4583683014e+00
4.8306539917e+02
9.5226660156e+02
1.4298786621e+03
-1.8453538818e+03
-1.3833958740e+03
-9.2262731934e+02
-4.5442596436e+02
9.4583683014e+00
4.8306539917e+02
9.5226660156e+02
1.4298786621e+03
-1.8455820312e+03
-1.3836860352e+03
-9.2289263916e+02
-4.5466418457e+02
9.3993663788e+00
4.8321395874e+02
9.5271948242e+02
1.4306029053e+03
-1.8442899170e+03
-1.3830439453e+03
-9.2281433105e+02
-4.5506585693e+02
8.7726726532e+00
4.8236868286e+02
9.5196563721e+02
1.4300820312e+03
-1.8445440674e+03
-1.3837404785e+03
-9.2368646240e+02
-4.5606896973e+02
8.1318664551e+00
4.8215533447e+02
9.5256976318e+02
1.4314997559e+03
-1.8429796143e+03
-1.3836782227e+03
-9.2456414795e+02
-4.5757089233e+02
6.5316767693e+00
4.8030633545e+02
9.5132580566e+02
1.4313084717e+03
-1.8429938965e+03
-1.3854472656e+03
-9.2663085938e+02
-4.5995419312e+02
4.2547545433e+00
4.7806619263e+02
9.4942224121e+02
1.4311619873e+03
-2.0723100586e+03
-1.5480563965e+03
-1.0178111572e+03
-4.8989471436e+02
4.6054969788e+01
5.7828399658e+02
1.1195455322e+03
1.6592823486e+03
-2.0736618652e+03
-1.5476927490e+03
-1.0169102173e+03
-4.8876428223e+02
4.7467433929e+01
5.7969049072e+02
1.1208054199e+03
1.6591517334e+03
-2.0744685059e+03
-1.5475827637e+03
-1.0162702637e+03
-4.8811703491e+02
4.8195545197e+01
5.7997698975e+02
1.1205333252e+03
1.6577087402e+03
-2.0762314453e+03
-1.5485690918e+03
-1.0164757080e+03
-4.8795001221e+02
4.8741737366e+01
5.8055078125e+02
1.1209661865e+03
1.6576933594e+03
-2.0762800293e+03
-1.5484367676e+03
-1.0162856445e+03
-4.8782235718e+02
4.8738418579e+01
5.8012713623e+02
1.1201527100e+03
1.6563621826e+03
-2.0770249023e+03
-1.5489252930e+03
-1.0164915771e+03
-4.8786813354e+02
4.8861881256e+01
5.8032385254e+02
1.1203651123e+03
1.6564910889e+03
-2.0770249023e+03
-1.5489252930e+03
-1.0164915771e+03
-4.8786813354e+02
4.8861881256e+01
5.8032385254e+02
1.1203651123e+03
1.6564910889e+03
-2.0762800293e+03
-1.5484367676e+03
-1.0162856445e+03
-4.8782235718e+02
4.8738418579e+01
5.8012713623e+02
1.1201527100e+03
1.6563621826e+03
-2.0762314453e+03
-1.5485690918e+03
-1.0164757080e+03
-4.8795001221e+02
4.8741737366e+01
5.8055078125e+02
1.1209661865e+03
1.6576933594e+03
-2.0744685059e+03
-1.5475827637e+03
-1.0162702637e+03
-4.8811703491e+02
4.8195545197e+01
5.7997698975e+02
1.1205333252e+03
1.6577087402e+03
-2.0736618652e+03
-1.5476927490e+03
-1.0169102173e+03
-4.8876428223e+02
4.7467433929e+01
5.7969049072e+02
1.1208054199e+03
1.6591517334e+03
-2.0723100586e+03
-1.5480563965e+03
-1.0178111572e+03
-4.8989471436e+02
4.6054969788e+01
5.7828399658e+02
1.1195455322e+03
1.6592823486e+03
-2.2907915039e+03
-1.6989040527e+03
-1.1083491211e+03
-5.1190841675e+02
8.0034164429e+01
6.7974298096e+02
1.2751013184e+03
1.8788688965e+03
-2.2924643555e+03
-1.6993070068e+03
-1.1085181885e+03
-5.1179055786e+02
8.0203201294e+01
6.7992828369e+02
1.2752088623e+03
1.8777769775e+03
-2.2948349609e+03
-1.7006206055e+03
-1.1091386719e+03
-5.1197488403e+02
8.0115089417e+01
6.8007885742e+02
1.2749417725e+03
1.8767640381e+03
-2.2956274414e+03
-1.7010971680e+03
-1.1094841309e+03
-5.1215698242e+02
7.9735252380e+01
6.7941070557e+02
1.2737524414e+03
1.8750242920e+03
-2.2971337891e+03
-1.7021530762e+03
-1.1101392822e+03
-5.1249633789e+02
7.9558403015e+01
6.7941320801e+02
1.2736928711e+03
1.8747966309e+03
-2.2972822266e+03
-1.7022587891e+03
-1.1102618408e+03
-5.1261706543e+02
7.9325218201e+01
6.7903094482e+02
1.2731068115e+03
1.8740216064e+03
-2.2972822266e+03
-1.7022587891e+03
-1.1102618408e+03
-5.1261706543e+02
7.9325218201e+01
6.7903094482e+02
1.2731068115e+03
1.8740216064e+03
-2.2971337891e+03
-1.7021530762e+03
-1.1101392822e+03
-5.1249633789e+02
7.9558403015e+01
6.7941320801e+02
1.2736928711e+03
1.8747966309e+03
-2.2956274414e+03
-1.7010971680e+03
-1.1094841309e+03
-5.1215698242e+02
7.9735252380e+01
6.7941070557e+02
1.2737524414e+03
1.8750242920e+03
-2.2948349609e+03
-1.7006206055e+03
-1.1091386719e+03
-5.1197488403e+02
8.0115089417e+01
6.8007885742e+02
1.2749417725e+03
1.8767640381e+03
-2.2924643555e+03
-1.6993070068e+03
-1.1085181885e+03
-5.1179055786e+02
8.0203201294e+01
6.7992828369e+02
1.2752088623e+03
1.8777769775e+03
-2.2907915039e+03
-1.6989040527e+03
-1.1083491211e+03
-5.1190841675e+02
8.0034164429e+01
6.7974298096e+02
1.2751013184e+03
1.8788688965e+03
-2.4934455566e+03
-1.8423419189e+03
-1.1876759033e+03
-5.3763482666e+02
1.1856291962e+02
7.6895733643e+02
1.4266118164e+03
2.0805417480e+03
-2.4963635254e+03
-1.8441121826e+03
-1.1890405273e+03
-5.3877813721e+02
1.1764994812e+02
7.6819042969e+02
1.4257990723e+03
2.0788789062e+03
-2.4984135742e+03
-1.8455839844e+03
-1.1901597900e+03
-5.3981848145e+02
1.1674282074e+02
7.6702587891e+02
1.4243526611e+03
2.0767102051e+03
-2.5006958008e+03
-1.8473750000e+03
-1.1914078369e+03
-5.4083990479e+02
1.1599606323e+02
7.6637121582e+02
1.4236210938e+03
2.0757031250e+03
-2.5014489746e+03
-1.8480231934e+03
-1.1920262451e+03
-5.4145697021e+02
1.1531715393e+02
7.6540893555e+02
1.4224234619e+03
2.0741745605e+03
-2.5023129883e+03
-1.8487211914e+03
-1.1925297852e+03
-5.4186425781e+02
1.1502915192e+02
7.6519610596e+02
1.4222285156e+03
2.0739311523e+03
-2.5023129883e+03
-1.8487211914e+03
-1.1925297852e+03
-5.4186425781e+02
1.1502915192e+02
7.6519610596e+02
1.4222285156e+03
2.0739311523e+03
-2.5014489746e+03
-1.8480231934e+03
-1.1920262451e+03
-5.4145697021e+02
1.1531715393e+02
7.6540893555e+02
1.4224234619e+03
2.0741745605e+03
-2.5006958008e+03
-1.8473750000e+03
-1.1914078369e+03
-5.4083990479e+02
1.1599606323e+02
7.6637121582e+02
1.4236210938e+03
2.0757031250e+03
-2.4984135742e+03
-1.8455839844e+03
-1.1901597900e+03
-5.3981848145e+02
1.1674282074e+02
7.6702587891e+02
1.4243526611e+03
2.0767102051e+03
-2.4963635254e+03
-1.8441121826e+03
-1.1890405273e+03
-5.3877813721e+02
1.1764994812e+02
7.6819042969e+02
1.4257990723e+03
2.0788789062e+03
-2.4934455566e+03
-1.8423419189e+03
-1.1876759033e+03
-5.3763482666e+02
1.1856291962e+02
7.6895733643e+02
1.4266118164e+03
2.0805417480e+03
-2.6801606445e+03
-1.9704620361e+03
-1.2646340332e+03
-5.5499707031e+02
1.4795213318e+02
8.5695556641e+02
1.5594887695e+03
2.2685019531e+03
-2.6835156250e+03
-1.9730638428e+03
-1.2670883789e+03
-5.5718823242e+02
1.4593800354e+02
8.5501031494e+02
1.5577044678e+03
2.2660659180e+03
-2.6868139648e+03
-1.9757344971e+03
-1.2692871094e+03
-5.5910900879e+02
1.4412451172e+02
8.5348217773e+02
1.5559630127e+03
2.2639094238e+03
-2.6885739746e+03
-1.9773399658e+03
-1.2708453369e+03
-5.6049310303e+02
1.4266174316e+02
8.5183709717e+02
1.5540512695e+03
2.2616967773e+03
-2.6903908691e+03
-1.9788867188e+03
-1.2721309814e+03
-5.6160162354e+02
1.4167596436e+02
8.5103106689e+02
1.5532360840e+03
2.2607973633e+03
-2.6908864746e+03
-1.9793707275e+03
-1.2726376953e+03
-5.6208691406e+02
1.4112850952e+02
8.5038037109e+02
1.5524671631e+03
2.2599162598e+03
-2.6908864746e+03
-1.9793707275e+03
-1.2726376953e+03
-5.6208691406e+02
1.4112850952e+02
8.5038037109e+02
1.5524671631e+03
2.2599162598e+03
-2.6903908691e+03
-1.9788867188e+03
-1.2721309814e+03
-5.6160162354e+02
1.4167596436e+02
8.5103106689e+02
1.5532360840e+03
2.2607973633e+03
-2.6885739746e+03
-1.9773399658e+03
-1.2708453369e+03
-5.6049310303e+02
1.4266174316e+02
8.5183709717e+02
1.5540512695e+03
2.2616967773e+03
-2.6868139648e+03
-1.9757344971e+03
-1.2692871094e+03
-5.5910900879e+02
1.4412451172e+02
8.5348217773e+02
1.5559630127e+03
2.2639094238e+03
-2.6835156250e+03
-1.9730638428e+03
-1.2670883789e+03
-5.5718823242e+02
1.4593800354e+02
8.5501031494e+02
1.5577044678e+03
2.2660659180e+03
-2.6801606445e+03
-1.9704620361e+03
-1.2646340332e+03
-5.5499707031e+02
1.4795213318e+02
8.5695556641e+02
1.5594887695e+03
2.2685019531e+03
-2.8458161621e+03
-2.0876076660e+03
-1.3284224854e+03
-5.7593890381e+02
1.8092739868e+02
9.2988037109e+02
1.6845323486e+03
2.4333569336e+03
-2.8502712402e+03
-2.0914423828e+03
-1.3319561768e+03
-5.7926623535e+02
1.7780363464e+02
9.2705310059e+02
1.6817650146e+03
2.4302453613e+03
-2.8534565430e+03
-2.0943862305e+03
-1.3347373047e+03
-5.8191210938e+02
1.7533305359e+02
9.2445477295e+02
1.6791343994e+03
2.4272949219e+03
-2.8563186035e+03
-2.0970036621e+03
-1.3370106201e+03
-5.8408795166e+02
1.7336399841e+02
9.2266723633e+02
1.6773580322e+03
2.4254155273e+03
-2.8576936035e+03
-2.0983601074e+03
-1.3383812256e+03
-5.8541143799e+02
1.7202777100e+02
9.2114636230e+02
1.6757308350e+03
2.4236203613e+03
-2.8587043457e+03
-2.0992819824e+03
-1.3391821289e+03
-5.8617053223e+02
1.7135276794e+02
9.2055944824e+02
1.6751746826e+03
2.4230532227e+03
-2.8587043457e+03
-2.0992819824e+03
-1.3391821289e+03
-5.8617053223e+02
1.7135276794e+02
9.2055944824e+02
1.6751746826e+03
2.4230532227e+03
-2.8576936035e+03
-2.0983601074e+03
-1.3383812256e+03
-5.8541143799e+02
1.7202777100e+02
9.2114636230e+02
1.6757308350e+03
2.4236203613e+03
-2.8563186035e+03
-2.0970036621e+03
-1.3370106201e+03
-5.8408795166e+02
1.7336399841e+02
9.2266723633e+02
1.6773580322e+03
2.4254155273e+03
-2.8534565430e+03
-2.0943862305e+03
-1.3347373047e+03
-5.8191210938e+02
1.7533305359e+02
9.2445477295e+02
1.6791343994e+03
2.4272949219e+03
-2.8502712402e+03
-2.0914423828e+03
-1.3319561768e+03
-5.7926623535e+02
1.7780363464e+02
9.2705310059e+02
1.6817650146e+03
2.4302453613e+03
-2.8458161621e+03
-2.0876076660e+03
-1.3284224854e+03
-5.7593890381e+02
1.8092739868e+02
9.2988037109e+02
1.6845323486e+03
2.4333569336e+03
-2.9901020508e+03
-2.1861811523e+03
-1.3880017090e+03
-5.8809478760e+02
2.0325314331e+02
9.9922723389e+02
1.7867883301e+03
2.5791311035e+03
-2.9949301758e+03
-2.1907092285e+03
-1.3924735107e+03
-5.9230902100e+02
1.9931666565e+02
9.9539239502e+02
1.7833178711e+03
2.5754716797e+03
-2.9990988770e+03
-2.1946123047e+03
-1.3960778809e+03
-5.9577667236e+02
1.9597154236e+02
9.9241009521e+02
1.7803013916e+03
2.5723327637e+03
-3.0016789551e+03
-2.1971909180e+03
-1.3986965332e+03
-5.9820690918e+02
1.9354962158e+02
9.8987121582e+02
1.7776983643e+03
2.5696362305e+03
-3.0038151855e+03
-2.1992026367e+03
-1.4005565186e+03
-6.0000659180e+02
1.9184893799e+02
9.8837329102e+02
1.7762470703e+03
2.5681801758e+03
-3.0046025391e+03
-2.2000104980e+03
-1.4013973389e+03
-6.0081048584e+02
1.9101959229e+02
9.8747125244e+02
1.7752941895e+03
2.5671784668e+03
-3.0046025391e+03
-2.2000104980e+03
-1.4013973389e+03
-6.0081048584e+02
1.9101959229e+02
9.8747125244e+02
1.7752941895e+03
2.5671784668e+03
-3.0038151855e+03
-2.1992026367e+03
-1.4005565186e+03
-6.0000659180e+02
1.9184893799e+02
9.8837329102e+02
1.7762470703e+03
2.5681801758e+03
-3.0016789551e+03
-2.1971909180e+03
-1.3986965332e+03
-5.9820690918e+02
1.9354962158e+02
9.8987121582e+02
1.7776983643e+03
2.5696362305e+03
-2.9990988770e+03
-2.1946123047e+03
-1.3960778809e+03
-5.9577667236e+02
1.9597154236e+02
9.9241009521e+02
1.7803013916e+03
2.5723327637e+03
-2.9949301758e+03
-2.1907092285e+03
-1.3924735107e+03
-5.9230902100e+02
1.9931666565e+02
9.9539239502e+02
1.7833178711e+03
2.5754716797e+03
-2.9901020508e+03
-2.1861811523e+03
-1.3880017090e+03
-5.8809478760e+02
2.0325314331e+02
9.9922723389e+02
1.7867883301e+03
2.5791311035e+03
-3.1087165527e+03
-2.2699521484e+03
-1.4328282471e+03
-6.0365734863e+02
2.2832101440e+02
1.0506761475e+03
1.8775603027e+03
2.6970202637e+03
-3.1144362793e+03
-2.2754631348e+03
-1.4380986328e+03
-6.0875024414e+02
2.2341450500e+02
1.0462080078e+03
1.8732325439e+03
2.6927404785e+03
-3.1185314941e+03
-2.2795839844e+03
-1.4422183838e+03
-6.1266656494e+02
2.1970516968e+02
1.0424384766e+03
1.8696240234e+03
2.6891174316e+03
-3.1218977051e+03
-2.2828894043e+03
-1.4453265381e+03
-6.1579241943e+02
2.1674018860e+02
1.0397523193e+03
1.8670251465e+03
2.6865532227e+03
-3.1237639160e+03
-2.2848088379e+03
-1.4472993164e+03
-6.1767401123e+02
2.1487873840e+02
1.0377658691e+03
1.8650269775e+03
2.6845102539e+03
-3.1249077148e+03
-2.2859208984e+03
-1.4483450928e+03
-6.1872241211e+02
2.1389009094e+02
1.0368831787e+03
1.8641881104e+03
2.6836906738e+03
-3.1249077148e+03
-2.2859208984e+03
-1.4483450928e+03
-6.1872241211e+02
2.1389009094e+02
1.0368831787e+03
1.8641881104e+03
2.6836906738e+03
-3.1237639160e+03
-2.2848088379e+03
-1.4472993164e+03
-6.1767401123e+02
2.1487873840e+02
1.0377658691e+03
1.8650269775e+03
2.6845102539e+03
-3.1218977051e+03
-2.2828894043e+03
-1.4453265381e+03
-6.1579241943e+02
2.1674018860e+02
1.0397523193e+03
1.8670251465e+03
2.6865532227e+03
-3.1185314941e+03
-2.2795839844e+03
-1.4422183838e+03
-6.1266656494e+02
2.1970516968e+02
1.0424384766e+03
1.8696240234e+03
2.6891174316e+03
-3.1144362793e+03
-2.2754631348e+03
-1.4380986328e+03
-6.0875024414e+02
2.2341450500e+02
1.0462080078e+03
1.8732325439e+03
2.6927404785e+03
-3.1087165527e+03
-2.2699521484e+03
-1.4328282471e+03
-6.0365734863e+02
2.2832101440e+02
1.0506761475e+03
1.8775603027e+03
2.6970202637e+03
-3.2009189453e+03
-2.3330913086e+03
-1.4714987793e+03
-6.1027911377e+02
2.4137413025e+02
1.0966458740e+03
1.9420979004e+03
2.7910825195e+03
-3.2068078613e+03
-2.3389787598e+03
-1.4774145508e+03
-6.1590972900e+02
2.3609754944e+02
1.0914606934e+03
1.9374267578e+03
2.7865285645e+03
-3.2116271973e+03
-2.3437734375e+03
-1.4820123291e+03
-6.2050708008e+02
2.3163626099e+02
1.0874539795e+03
1.9335039062e+03
2.7826811523e+03
-3.2148024902e+03
-2.3470539551e+03
-1.4853912354e+03
-6.2365917969e+02
2.2855514526e+02
1.0842692871e+03
1.9303912354e+03
2.7796127930e+03
-3.2171835938e+03
-2.3494072266e+03
-1.4876650391e+03
-6.2596893311e+02
2.2633116150e+02
1.0822785645e+03
1.9284870605e+03
2.7777570801e+03
-3.2181833496e+03
-2.3504489746e+03
-1.4887462158e+03
-6.2699627686e+02
2.2530433655e+02
1.0811927490e+03
1.9273962402e+03
2.7766606445e+03
-3.2181833496e+03
-2.3504489746e+03
-1.4887462158e+03
-6.2699627686e+02
2.2530433655e+02
1.0811927490e+03
1.9273962402e+03
2.7766606445e+03
-3.2171835938e+03
-2.3494072266e+03
-1.4876650391e+03
-6.2596893311e+02
2.2633116150e+02
1.0822785645e+03
1.9284870605e+03
2.7777570801e+03
-3.2148024902e+03
-2.3470539551e+03
-1.4853912354e+03
-6.2365917969e+02
2.2855514526e+02
1.0842692871e+03
1.9303912354e+03
2.7796127930e+03
-3.2116271973e+03
-2.3437734375e+03
-1.4820123291e+03
-6.2050708008e+02
2.3163626099e+02
1.0874539795e+03
1.9335039062e+03
2.7826811523e+03
-3.2068078613e+03
-2.3389787598e+03
-1.4774145508e+03
-6.1590972900e+02
2.3609754944e+02
1.0914606934e+03
1.9374267578e+03
2.7865285645e+03
-3.2009189453e+03
-2.3330913086e+03
-1.4714987793e+03
-6.1027911377e+02
2.4137413025e+02
1.0966458740e+03
1.9420979004e+03
2.7910825195e+03
-3.2645925293e+03
-2.3775715332e+03
-1.4948890381e+03
-6.1987554932e+02
2.5654339600e+02
1.1224353027e+03
1.9922683105e+03
2.8538874512e+03
-3.2710910645e+03
-2.3840913086e+03
-1.5011680908e+03
-6.2603436279e+02
2.5055268860e+02
1.1170148926e+03
1.9870194092e+03
2.8488977051e+03
-3.2757600098e+03
-2.3889284668e+03
-1.5061030273e+03
-6.3065997314e+02
2.4615194702e+02
1.1125457764e+03
1.9828209229e+03
2.8448488770e+03
-3.2794404297e+03
-2.3926464844e+03
-1.5097064209e+03
-6.3438409424e+02
2.4255451965e+02
1.1093198242e+03
1.9797176514e+03
2.8418544922e+03
-3.2816225586e+03
-2.3949174805e+03
-1.5120478516e+03
-6.3658007812e+02
2.4039778137e+02
1.1070572510e+03
1.9774957275e+03
2.8396569824e+03
-3.2828481445e+03
-2.3961433105e+03
-1.5132395020e+03
-6.3780780029e+02
2.3921261597e+02
1.1059949951e+03
1.9764807129e+03
2.8386760254e+03
-3.2828481445e+03
-2.3961433105e+03
-1.5132395020e+03
-6.3780780029e+02
2.3921261597e+02
1.1059949951e+03
1.9764807129e+03
2.8386760254e+03
-3.2816225586e+03
-2.3949174805e+03
-1.5120478516e+03
-6.3658007812e+02
2.4039778137e+02
1.1070572510e+03
1.9774957275e+03
2.8396569824e+03
-3.2794404297e+03
-2.3926464844e+03
-1.5097064209e+03
-6.3438409424e+02
2.4255451965e+02
1.1093198242e+03
1.9797176514e+03
2.8418544922e+03
-3.2757600098e+03
-2.3889284668e+03
-1.5061030273e+03
-6.3065997314e+02
2.4615194702e+02
1.1125457764e+03
1.9828209229e+03
2.8448488770e+03
-3.2710910645e+03
-2.3840913086e+03
-1.5011680908e+03
-6.2603436279e+02
2.5055268860e+02
1.1170148926e+03
1.9870194092e+03
2.8488977051e+03
-3.2645925293e+03
-2.3775715332e+03
-1.4948890381e+03
-6.1987554932e+02
2.5654339600e+02
1.1224353027e+03
1.9922683105e+03
2.8538874512e+03
-3.2978703613e+03
-2.4016179199e+03
-1.5099228516e+03
-6.2097985840e+02
2.5884054565e+02
1.1417543945e+03
2.0142055664e+03
2.8896359863e+03
-3.3042497559e+03
-2.4080700684e+03
-1.5164761963e+03
-6.2716491699e+02
2.5305897522e+02
1.1359859619e+03
2.0090316162e+03
2.8846743164e+03
-3.3093735352e+03
-2.4132473145e+03
-1.5214704590e+03
-6.3230554199e+02
2.4806375122e+02
1.1315440674e+03
2.0047055664e+03
2.8804833984e+03
-3.3128562012e+03
-2.4168642578e+03
-1.5251926270e+03
-6.3572253418e+02
2.4476016235e+02
1.1280883789e+03
2.0013800049e+03
2.8772495117e+03
-3.3153430176e+03
-2.4193601074e+03
-1.5276385498e+03
-6.3827996826e+02
2.4228205872e+02
1.1258687744e+03
1.9992559814e+03
2.8751845703e+03
-3.3164572754e+03
-2.4205190430e+03
-1.5288326416e+03
-6.3939880371e+02
2.4118135071e+02
1.1247059326e+03
1.9981107178e+03
2.8740507812e+03
-3.3164572754e+03
-2.4205190430e+03
-1.5288326416e+03
-6.3939880371e+02
2.4118135071e+02
1.1247059326e+03
1.9981107178e+03
2.8740507812e+03
-3.3153430176e+03
-2.4193601074e+03
-1.5276385498e+03
-6.3827996826e+02
2.4228205872e+02
1.1258687744e+03
1.9992559814e+03
2.8751845703e+03
-3.3128562012e+03
-2.4168642578e+03
-1.5251926270e+03
-6.3572253418e+02
2.4476016235e+02
1.1280883789e+03
2.0013800049e+03
2.8772495117e+03
-3.3093735352e+03
-2.4132473145e+03
-1.5214704590e+03
-6.3230554199e+02
2.4806375122e+02
1.1315440674e+03
2.0047055664e+03
2.8804833984e+03
-3.3042497559e+03
-2.4080700684e+03
-1.5164761963e+03
-6.2716491699e+02
2.5305897522e+02
1.1359859619e+03
2.0090316162e+03
2.8846743164e+03
-3.2978703613e+03
-2.4016179199e+03
-1.5099228516e+03
-6.2097985840e+02
2.5884054565e+02
1.1417543945e+03
2.0142055664e+03
2.8896359863e+03
-3.3025983887e+03
-2.4030742188e+03
-1.5110412598e+03
-6.2402709961e+02
2.6290930176e+02
1.1395478516e+03
2.0203188477e+03
2.8929628906e+03
-3.3092443848e+03
-2.4097502441e+03
-1.5174011230e+03
-6.3037963867e+02
2.5670037842e+02
1.1340417480e+03
2.0149499512e+03
2.8878413086e+03
-3.3140781250e+03
-2.4147351074e+03
-1.5224953613e+03
-6.3499584961e+02
2.5230831909e+02
1.1294815674e+03
2.0106671143e+03
2.8837033691e+03
-3.3178066406e+03
-2.4185021973e+03
-1.5261582031e+03
-6.3887194824e+02
2.4853004456e+02
1.1261552734e+03
2.0074398193e+03
2.8805764160e+03
-3.3201000977e+03
-2.4208698730e+03
-1.5285809326e+03
-6.4107855225e+02
2.4636950684e+02
1.1238695068e+03
2.0052009277e+03
2.8783684082e+03
-3.3213298340e+03
-2.4221042480e+03
-1.5297872314e+03
-6.4234259033e+02
2.4513499451e+02
1.1227685547e+03
2.0041342773e+03
2.8773293457e+03
-3.3213298340e+03
-2.4221042480e+03
-1.5297872314e+03
-6.4234259033e+02
2.4513499451e+02
1.1227685547e+03
2.0041342773e+03
2.8773293457e+03
-3.3201000977e+03
-2.4208698730e+03
-1.5285809326e+03
-6.4107855225e+02
2.4636950684e+02
1.1238695068e+03
2.0052009277e+03
2.8783684082e+03
-3.3178066406e+03
-2.4185021973e+03
-1.5261582031e+03
-6.3887194824e+02
2.4853004456e+02
1.1261552734e+03
2.0074398193e+03
2.8805764160e+03
-3.3140781250e+03
-2.4147351074e+03
-1.5224953613e+03
-6.3499584961e+02
2.5230831909e+02
1.1294815674e+03
2.0106671143e+03
2.8837033691e+03
-3.3092443848e+03
-2.4097502441e+03
-1.5174011230e+03
-6.3037963867e+02
2.5670037842e+02
1.1340417480e+03
2.0149499512e+03
2.8878413086e+03
-3.3025983887e+03
-2.4030742188e+03
-1.5110412598e+03
-6.2402709961e+02
2.6290930176e+02
1.1395478516e+03
2.0203188477e+03
2.8929628906e+03
-3.2743330078e+03
-2.3876752930e+03
-1.5008431396e+03
-6.2009344482e+02
2.5406610107e+02
1.1312117920e+03
1.9980109863e+03
2.8682441406e+03
-3.2805593262e+03
-2.3937893066e+03
-1.5071218262e+03
-6.2582861328e+02
2.4875315857e+02
1.1257355957e+03
1.9931335449e+03
2.8634382324e+03
-3.2855744629e+03
-2.3987519531e+03
-1.5118256836e+03
-6.3085675049e+02
2.4387734985e+02
1.1215238037e+03
1.9889732666e+03
2.8593137207e+03
-3.2890458984e+03
-2.4022932129e+03
-1.5154156494e+03
-6.3401464844e+02
2.4085763550e+02
1.1182374268e+03
1.9857924805e+03
2.8561718750e+03
-3.2914643555e+03
-2.4046916504e+03
-1.5177489014e+03
-6.3651263428e+02
2.3843679810e+02
1.1160845947e+03
1.9837043457e+03
2.8541027832e+03
-3.2925871582e+03
-2.4058381348e+03
-1.5189136963e+03
-6.3757519531e+02
2.3740373230e+02
1.1149710693e+03
1.9826077881e+03
2.8530073242e+03
-3.2925871582e+03
-2.4058381348e+03
-1.5189136963e+03
-6.3757519531e+02
2.3740373230e+02
1.1149710693e+03
1.9826077881e+03
2.8530073242e+03
-3.2914643555e+03
-2.4046916504e+03
-1.5177489014e+03
-6.3651263428e+02
2.3843679810e+02
1.1160845947e+03
1.9837043457e+03
2.8541027832e+03
-3.2890458984e+03
-2.4022932129e+03
-1.5154156494e+03
-6.3401464844e+02
2.4085763550e+02
1.1182374268e+03
1.9857924805e+03
2.8561718750e+03
-3.2855744629e+03
-2.3987519531e+03
-1.5118256836e+03
-6.3085675049e+02
2.4387734985e+02
1.1215238037e+03
1.9889732666e+03
2.8593137207e+03
-3.2805593262e+03
-2.3937893066e+03
-1.5071218262e+03
-6.2582861328e+02
2.4875315857e+02
1.1257355957e+03
1.9931335449e+03
2.8634382324e+03
-3.2743330078e+03
-2.3876752930e+03
-1.5008431396e+03
-6.2009344482e+02
2.5406610107e+02
1.1312117920e+03
1.9980109863e+03
2.8682441406e+03
-3.2210883789e+03
-2.3450881348e+03
-1.4810339355e+03
-6.1594689941e+02
2.4688589478e+02
1.1010002441e+03
1.9604434814e+03
2.8124138184e+03
-3.2272048340e+03
-2.3510148926e+03
-1.4864846191e+03
-6.2160540771e+02
2.4134269714e+02
1.0963223877e+03
1.9557987061e+03
2.8077705078e+03
-3.2317800293e+03
-2.3555576172e+03
-1.4910468750e+03
-6.2543395996e+02
2.3771374512e+02
1.0923194580e+03
1.9519700928e+03
2.8039104004e+03
-3.2352641602e+03
-2.3589860840e+03
-1.4943083496e+03
-6.2899267578e+02
2.3422575378e+02
1.0893477783e+03
1.9490080566e+03
2.8009523926e+03
-3.2374614258e+03
-2.3611887207e+03
-1.4965156250e+03
-6.3089813232e+02
2.3236216736e+02
1.0873081055e+03
1.9469780273e+03
2.7988959961e+03
-3.2386076660e+03
-2.3623176270e+03
-1.4975955811e+03
-6.3204431152e+02
2.3123458862e+02
1.0863150635e+03
1.9459864502e+03
2.7979023438e+03
-3.2386076660e+03
-2.3623176270e+03
-1.4975955811e+03
-6.3204431152e+02
2.3123458862e+02
1.0863150635e+03
1.9459864502e+03
2.7979023438e+03
-3.2374614258e+03
-2.3611887207e+03
-1.4965156250e+03
-6.3089813232e+02
2.3236216736e+02
1.0873081055e+03
1.9469780273e+03
2.7988959961e+03
-3.2352641602e+03
-2.3589860840e+03
-1.4943083496e+03
-6.2899267578e+02
2.3422575378e+02
1.0893477783e+03
1.9490080566e+03
2.8009523926e+03
-3.2317800293e+03
-2.3555576172e+03
-1.4910468750e+03
-6.2543395996e+02
2.3771374512e+02
1.0923194580e+03
1.9519700928e+03
2.8039104004e+03
-3.2272048340e+03
-2.3510148926e+03
-1.4864846191e+03
-6.2160540771e+02
2.4134269714e+02
1.0963223877e+03
1.9557987061e+03
2.8077705078e+03
-3.2210883789e+03
-2.3450881348e+03
-1.4810339355e+03
-6.1594689941e+02
2.4688589478e+02
1.1010002441e+03
1.9604434814e+03
2.8124138184e+03
-3.1334179688e+03
-2.2937397461e+03
-1.4450704346e+03
-6.0805523682e+02
2.2776583862e+02
1.0666483154e+03
1.8957275391e+03
2.7301887207e+03
-3.1388757324e+03
-2.2986520996e+03
-1.4502105713e+03
-6.1232501221e+02
2.2390037537e+02
1.0623056641e+03
1.8919156494e+03
2.7260844727e+03
-3.1433732910e+03
-2.3028156738e+03
-1.4539658203e+03
-6.1663751221e+02
2.1975059509e+02
1.0589583740e+03
1.8884666748e+03
2.7224150391e+03
-3.1465305176e+03
-2.3058813477e+03
-1.4569644775e+03
-6.1903125000e+02
2.1750540161e+02
1.0562728271e+03
1.8857858887e+03
2.7196269531e+03
-3.1487033691e+03
-2.3079440918e+03
-1.4589030762e+03
-6.2116119385e+02
2.1545323181e+02
1.0544737549e+03
1.8839774170e+03
2.7177475586e+03
-3.1497348633e+03
-2.3089531250e+03
-1.4599029541e+03
-6.2202789307e+02
2.1462306213e+02
1.0535330811e+03
1.8830332031e+03
2.7167680664e+03
-3.1497348633e+03
-2.3089531250e+03
-1.4599029541e+03
-6.2202789307e+02
2.1462306213e+02
1.0535330811e+03
1.8830332031e+03
2.7167680664e+03
-3.1487033691e+03
-2.3079440918e+03
-1.4589030762e+03
-6.2116119385e+02
2.1545323181e+02
1.0544737549e+03
1.8839774170e+03
2.7177475586e+03
-3.1465305176e+03
-2.3058813477e+03
-1.4569644775e+03
-6.1903125000e+02
2.1750540161e+02
1.0562728271e+03
1.8857858887e+03
2.7196269531e+03
-3.1433732910e+03
-2.3028156738e+03
-1.4539658203e+03
-6.1663751221e+02
2.1975059509e+02
1.0589583740e+03
1.8884666748e+03
2.7224150391e+03
-3.1388757324e+03
-2.2986520996e+03
-1.4502105713e+03
-6.1232501221e+02
2.2390037537e+02
1.0623056641e+03
1.8919156494e+03
2.7260844727e+03
-3.1334179688e+03
-2.2937397461e+03
-1.4450704346e+03
-6.0805523682e+02
2.2776583862e+02
1.0666483154e+03
1.8957275391e+03
2.7301887207e+03
-3.0281557617e+03
-2.2086020508e+03
-1.4081887207e+03
-5.9583935547e+02
2.1024327087e+02
1.0106589355e+03
1.8189311523e+03
2.6201062012e+03
-3.0331311035e+03
-2.2129653320e+03
-1.4118293457e+03
-6.0008062744e+02
2.0609805298e+02
1.0076276855e+03
1.8157661133e+03
2.6164833984e+03
-3.0370727539e+03
-2.2165429688e+03
-1.4152333984e+03
-6.0238958740e+02
2.0393595886e+02
1.0047703247e+03
1.8128774414e+03
2.6132377930e+03
-3.0400456543e+03
-2.2192912598e+03
-1.4176811523e+03
-6.0520727539e+02
2.0116133118e+02
1.0025549316e+03
1.8105208740e+03
2.6107087402e+03
-3.0419663086e+03
-2.2211013184e+03
-1.4194167480e+03
-6.0655108643e+02
1.9984658813e+02
1.0009961548e+03
1.8089012451e+03
2.6089499512e+03
-3.0429497070e+03
-2.2220236816e+03
-1.4202437744e+03
-6.0743981934e+02
1.9896595764e+02
1.0002395020e+03
1.8080944824e+03
2.6080903320e+03
-3.0429497070e+03
-2.2220236816e+03
-1.4202437744e+03
-6.0743981934e+02
1.9896595764e+02
1.0002395020e+03
1.8080944824e+03
2.6080903320e+03
-3.0419663086e+03
-2.2211013184e+03
-1.4194167480e+03
-6.0655108643e+02
1.9984658813e+02
1.0009961548e+03
1.8089012451e+03
2.6089499512e+03
-3.0400456543e+03
-2.2192912598e+03
-1.4176811523e+03
-6.0520727539e+02
2.0116133118e+02
1.0025549316e+03
1.8105208740e+03
2.6107087402e+03
-3.0370727539e+03
-2.2165429688e+03
-1.4152333984e+03
-6.0238958740e+02
2.0393595886e+02
1.0047703247e+03
1.8128774414e+03
2.6132377930e+03
-3.0331311035e+03
-2.2129653320e+03
-1.4118293457e+03
-6.0008062744e+02
2.0609805298e+02
1.0076276855e+03
1.8157661133e+03
2.6164833984e+03
-3.0281557617e+03
-2.2086020508e+03
-1.4081887207e+03
-5.9583935547e+02
2.1024327087e+02
1.0106589355e+03
1.8189311523e+03
2.6201062012e+03
-2.8874604492e+03
-2.1284958496e+03
-1.3463697510e+03
-5.8589416504e+02
1.8280110168e+02
9.5438977051e+02
1.7164036865e+03
2.4880656738e+03
-2.8916538086e+03
-2.1315195312e+03
-1.3496964111e+03
-5.8777923584e+02
1.8125431824e+02
9.5185974121e+02
1.7142750244e+03
2.4851064453e+03
-2.8952961426e+03
-2.1344152832e+03
-1.3519913330e+03
-5.9093872070e+02
1.7827886963e+02
9.4987335205e+02
1.7119691162e+03
2.4821940918e+03
-2.8978967285e+03
-2.1366762695e+03
-1.3540358887e+03
-5.9217681885e+02
1.7719123840e+02
9.4813684082e+02
1.7100799561e+03
2.4799772949e+03
-2.8996752930e+03
-2.1382045898e+03
-1.3553424072e+03
-5.9366693115e+02
1.7578077698e+02
9.4693237305e+02
1.7087514648e+03
2.4784479980e+03
-2.9005334473e+03
-2.1389714355e+03
-1.3560667725e+03
-5.9422528076e+02
1.7526338196e+02
9.4626770020e+02
1.7080466309e+03
2.4776513672e+03
-2.9005334473e+03
-2.1389714355e+03
-1.3560667725e+03
-5.9422528076e+02
1.7526338196e+02
9.4626770020e+02
1.7080466309e+03
2.4776513672e+03
-2.8996752930e+03
-2.1382045898e+03
-1.3553424072e+03
-5.9366693115e+02
1.7578077698e+02
9.4693237305e+02
1.7087514648e+03
2.4784479980e+03
-2.8978967285e+03
-2.1366762695e+03
-1.3540358887e+03
-5.9217681885e+02
1.7719123840e+02
9.4813684082e+02
1.7100799561e+03
2.4799772949e+03
-2.8952961426e+03
-2.1344152832e+03
-1.3519913330e+03
-5.9093872070e+02
1.7827886963e+02
9.4987335205e+02
1.7119691162e+03
2.4821940918e+03
-2.8916538086e+03
-2.1315195312e+03
-1.3496964111e+03
-5.8777923584e+02
1.8125431824e+02
9.5185974121e+02
1.7142750244e+03
2.4851064453e+03
-2.8874604492e+03
-2.1284958496e+03
-1.3463697510e+03
-5.8589416504e+02
1.8280110168e+02
9.5438977051e+02
1.7164036865e+03
2.4880656738e+03
-2.7399514160e+03
-2.0039351807e+03
-1.2989936523e+03
-5.6410290527e+02
1.5668463135e+02
8.7640472412e+02
1.6084053955e+03
2.3319020996e+03
-2.7433432617e+03
-2.0061412354e+03
-1.3001523438e+03
-5.6654699707e+02
1.5435391235e+02
8.7560839844e+02
1.6072700195e+03
2.3296853027e+03
-2.7463808594e+03
-2.0083613281e+03
-1.3019154053e+03
-5.6674774170e+02
1.5422016907e+02
8.7434814453e+02
1.6056889648e+03
2.3273134766e+03
-2.7486425781e+03
-2.0101850586e+03
-1.3032318115e+03
-5.6848394775e+02
1.5249450684e+02
8.7318701172e+02
1.6041834717e+03
2.3253989258e+03
-2.7501569824e+03
-2.0114415283e+03
-1.3043197021e+03
-5.6910577393e+02
1.5188374329e+02
8.7226690674e+02
1.6031141357e+03
2.3240375977e+03
-2.7509216309e+03
-2.0120903320e+03
-1.3048057861e+03
-5.6963897705e+02
1.5134796143e+02
8.7183380127e+02
1.6025671387e+03
2.3233718262e+03
-2.7509216309e+03
-2.0120903320e+03
-1.3048057861e+03
-5.6963897705e+02
1.5134796143e+02
8.7183380127e+02
1.6025671387e+03
2.3233718262e+03
-2.7501569824e+03
-2.0114415283e+03
-1.3043197021e+03
-5.6910577393e+02
1.5188374329e+02
8.7226690674e+02
1.6031141357e+03
2.3240375977e+03
-2.7486425781e+03
-2.0101850586e+03
-1.3032318115e+03
-5.6848394775e+02
1.5249450684e+02
8.7318701172e+02
1.6041834717e+03
2.3253989258e+03
-2.7463808594e+03
-2.0083613281e+03
-1.3019154053e+03
-5.6674774170e+02
1.5422016907e+02
8.7434814453e+02
1.6056889648e+03
2.3273134766e+03
-2.7433432617e+03
-2.0061412354e+03
-1.3001523438e+03
-5.6654699707e+02
1.5435391235e+02
8.7560839844e+02
1.6072700195e+03
2.3296853027e+03
-2.7399514160e+03
-2.0039351807e+03
-1.2989936523e+03
-5.6410290527e+02
1.5668463135e+02
8.7640472412e+02
1.6084053955e+03
2.3319020996e+03
-2.5555551758e+03
-1.9050676270e+03
-1.2104498291e+03
-5.5537585449e+02
1.2344010925e+02
8.0416180420e+02
1.4739404297e+03
2.1612519531e+03
-2.5581579590e+03
-1.9057723389e+03
-1.2115507812e+03
-5.5408874512e+02
1.2492710876e+02
8.0389361572e+02
1.4738851318e+03
2.1597238770e+03
-2.5607221680e+03
-1.9071334229e+03
-1.2121074219e+03
-5.5588519287e+02
1.2334673309e+02
8.0354187012e+02
1.4729682617e+03
2.1577363281e+03
-2.5626203613e+03
-1.9083843994e+03
-1.2130103760e+03
-5.5578710938e+02
1.2359928131e+02
8.0295257568e+02
1.4720467529e+03
2.1562241211e+03
-2.5639116211e+03
-1.9092540283e+03
-1.2135321045e+03
-5.5643719482e+02
1.2303089905e+02
8.0250695801e+02
1.4713317871e+03
2.1551523438e+03
-2.5645410156e+03
-1.9097056885e+03
-1.2139064941e+03
-5.5661132812e+02
1.2290103912e+02
8.0219171143e+02
1.4709272461e+03
2.1545864258e+03
-2.5645410156e+03
-1.9097056885e+03
-1.2139064941e+03
-5.5661132812e+02
1.2290103912e+02
8.0219171143e+02
1.4709272461e+03
2.1545864258e+03
-2.5639116211e+03
-1.9092540283e+03
-1.2135321045e+03
-5.5643719482e+02
1.2303089905e+02
8.0250695801e+02
1.4713317871e+03
2.1551523438e+03
-2.5626203613e+03
-1.9083843994e+03
-1.2130103760e+03
-5.5578710938e+02
1.2359928131e+02
8.0295257568e+02
1.4720467529e+03
2.1562241211e+03
-2.5607221680e+03
-1.9071334229e+03
-1.2121074219e+03
-5.5588519287e+02
1.2334673309e+02
8.0354187012e+02
1.4729682617e+03
2.1577363281e+03
-2.5581579590e+03
-1.9057723389e+03
-1.2115507812e+03
-5.5408874512e+02
1.2492710876e+02
8.0389361572e+02
1.4738851318e+03
2.1597238770e+03
-2.5555551758e+03
-1.9050676270e+03
-1.2104498291e+03
-5.5537585449e+02
1.2344010925e+02
8.0416180420e+02
1.4739404297e+03
2.1612519531e+03
-2.3772687988e+03
-1.7447918701e+03
-1.1621776123e+03
-5.2083062744e+02
9.1190368652e+01
7.0832519531e+02
1.3451901855e+03
1.9682672119e+03
-2.3788798828e+03
-1.7445797119e+03
-1.1605478516e+03
-5.2161236572e+02
9.0622817993e+01
7.0999285889e+02
1.3463404541e+03
1.9676260986e+03
-2.3808918457e+03
-1.7452044678e+03
-1.1603861084e+03
-5.1936303711e+02
9.2852905273e+01
7.1060217285e+02
1.3462811279e+03
1.9662768555e+03
-2.3823276367e+03
-1.7459704590e+03
-1.1603428955e+03
-5.1974096680e+02
9.2440299988e+01
7.1068176270e+02
1.3457650146e+03
1.9650817871e+03
-2.3833610840e+03
-1.7465823975e+03
-1.1606871338e+03
-5.1958886719e+02
9.2582649231e+01
7.1046606445e+02
1.3453072510e+03
1.9641633301e+03
-2.3838806152e+03
-1.7469295654e+03
-1.1607924805e+03
-5.1972485352e+02
9.2432281494e+01
7.1038775635e+02
1.3450499268e+03
1.9637141113e+03
-2.3838806152e+03
-1.7469295654e+03
-1.1607924805e+03
-5.1972485352e+02
9.2432281494e+01
7.1038775635e+02
1.3450499268e+03
1.9637141113e+03
-2.3833610840e+03
-1.7465823975e+03
-1.1606871338e+03
-5.1958886719e+02
9.2582649231e+01
7.1046606445e+02
1.3453072510e+03
1.9641633301e+03
-2.3823276367e+03
-1.7459704590e+03
-1.1603428955e+03
-5.1974096680e+02
9.2440299988e+01
7.1068176270e+02
1.3457650146e+03
1.9650817871e+03
-2.3808918457e+03
-1.7452044678e+03
-1.1603861084e+03
-5.1936303711e+02
9.2852905273e+01
7.1060217285e+02
1.3462811279e+03
1.9662768555e+03
-2.3788798828e+03
-1.7445797119e+03
-1.1605478516e+03
-5.2161236572e+02
9.0622817993e+01
7.0999285889e+02
1.3463404541e+03
1.9676260986e+03
-2.3772687988e+03
-1.7447918701e+03
-1.1621776123e+03
-5.2083062744e+02
9.1190368652e+01
7.0832519531e+02
1.3451901855e+03
1.9682672119e+03
-2.1600471191e+03
-1.6381689453e+03
-1.0435173340e+03
-5.1950958252e+02
5.4166213989e+01
6.2738665771e+02
1.1844342041e+03
1.7721135254e+03
-2.1609147949e+03
-1.6363480225e+03
-1.0421788330e+03
-5.1430792236e+02
5.9308982849e+01
6.2965319824e+02
1.1866046143e+03
1.7721177979e+03
-2.1622846680e+03
-1.6361518555e+03
-1.0409523926e+03
-5.1468927002e+02
5.9152847290e+01
6.3095709229e+02
1.1871066895e+03
1.7710871582e+03
-2.1634484863e+03
-1.6363574219e+03
-1.0407802734e+03
-5.1338006592e+02
6.0634304047e+01
6.3150280762e+02
1.1871713867e+03
1.7702874756e+03
-2.1642429199e+03
-1.6365618896e+03
-1.0405098877e+03
-5.1312011719e+02
6.0980022430e+01
6.3186614990e+02
1.1871110840e+03
1.7696988525e+03
-2.1646289062e+03
-1.6366783447e+03
-1.0405173340e+03
-5.1288647461e+02
6.1263256073e+01
6.3193377686e+02
1.1870305176e+03
1.7693823242e+03
-2.1646289062e+03
-1.6366783447e+03
-1.0405173340e+03
-5.1288647461e+02
6.1263256073e+01
6.3193377686e+02
1.1870305176e+03
1.7693823242e+03
-2.1642429199e+03
-1.6365618896e+03
-1.0405098877e+03
-5.1312011719e+02
6.0980022430e+01
6.3186614990e+02
1.1871110840e+03
1.7696988525e+03
-2.1634484863e+03
-1.6363574219e+03
-1.0407802734e+03
-5.1338006592e+02
6.0634304047e+01
6.3150280762e+02
1.1871713867e+03
1.7702874756e+03
-2.1622846680e+03
-1.6361518555e+03
-1.0409523926e+03
-5.1468927002e+02
5.9152847290e+01
6.3095709229e+02
1.1871066895e+03
1.7710871582e+03
-2.1609147949e+03
-1.6363480225e+03
-1.0421788330e+03
-5.1430792236e+02
5.9308982849e+01
6.2965319824e+02
1.1866046143e+03
1.7721177979e+03
-2.1600471191e+03
-1.6381689453e+03
-1.0435173340e+03
-5.1950958252e+02
5.4166213989e+01
6.2738665771e+02
1.1844342041e+03
1.7721135254e+03
-1.9611778564e+03
-1.4463540039e+03
-1.0075856934e+03
-4.6468487549e+02
1.9395856857e+01
5.1622729492e+02
1.0459304199e+03
1.5506328125e+03
-1.9610554199e+03
-1.4439237061e+03
-1.0034197998e+03
-4.6465087891e+02
1.9904140472e+01
5.2005560303e+02
1.0492735596e+03
1.5515334473e+03
-1.9621318359e+03
-1.4428986816e+03
-1.0013646240e+03
-4.6007986450e+02
2.4441049576e+01
5.2257745361e+02
1.0507705078e+03
1.5511907959e+03
-1.9627321777e+03
-1.4425714111e+03
-9.9978210449e+02
-4.5883703613e+02
2.5592176437e+01
5.2400183105e+02
1.0512897949e+03
1.5507612305e+03
-1.9632492676e+03
-1.4424760742e+03
-9.9929901123e+02
-4.5789736938e+02
2.6497632980e+01
5.2450408936e+02
1.0514487305e+03
1.5503085938e+03
-1.9635125732e+03
-1.4425051270e+03
-9.9900140381e+02
-4.5762582397e+02
2.6738586426e+01
5.2476977539e+02
1.0514783936e+03
1.5500777588e+03
-1.9635125732e+03
-1.4425051270e+03
-9.9900140381e+02
-4.5762582397e+02
2.6738586426e+01
5.2476977539e+02
1.0514783936e+03
1.5500777588e+03
-1.9632492676e+03
-1.4424760742e+03
-9.9929901123e+02
-4.5789736938e+02
2.6497632980e+01
5.2450408936e+02
1.0514487305e+03
1.5503085938e+03
-1.9627321777e+03
-1.4425714111e+03
-9.9978210449e+02
-4.5883703613e+02
2.5592176437e+01
5.2400183105e+02
1.0512897949e+03
1.5507612305e+03
-1.9621318359e+03
-1.4428986816e+03
-1.0013646240e+03
-4.6007986450e+02
2.4441049576e+01
5.2257745361e+02
1.0507705078e+03
1.5511907959e+03
-1.9610554199e+03
-1.4439237061e+03
-1.0034197998e+03
-4.6465087891e+02
1.9904140472e+01
5.2005560303e+02
1.0492735596e+03
1.5515334473e+03
-1.9611778564e+03
-1.4463540039e+03
-1.0075856934e+03
-4.6468487549e+02
1.9395856857e+01
5.1622729492e+02
1.0459304199e+03
1.5506328125e+03
-1.7237095947e+03
-1.3404753418e+03
-8.5055908203e+02
-4.8354980469e+02
-2.1420261383e+01
4.3615521240e+02
8.6361981201e+02
1.3410103760e+03
-1.7229710693e+03
-1.3360120850e+03
-8.4653247070e+02
-4.7353491211e+02
-1.1916871071e+01
4.4127679443e+02
8.6798168945e+02
1.3424031982e+03
-1.7230396729e+03
-1.3343856201e+03
-8.4346643066e+02
-4.7220700073e+02
-1.0502066612e+01
4.4412612915e+02
8.6977709961e+02
1.3423223877e+03
-1.7234810791e+03
-1.3336405029e+03
-8.4251153564e+02
-4.7008966064e+02
-8.2033367157e+00
4.4558709717e+02
8.7069506836e+02
1.3421229248e+03
-1.7238364258e+03
-1.3333208008e+03
-8.4165588379e+02
-4.6906057739e+02
-7.0840272903e+00
4.4664624023e+02
8.7121539307e+02
1.3419302979e+03
-1.7240107422e+03
-1.3331652832e+03
-8.4138000488e+02
-4.6848910522e+02
-6.4529180527e+00
4.4706399536e+02
8.7142645264e+02
1.3418309326e+03
-1.7240107422e+03
-1.3331652832e+03
-8.4138000488e+02
-4.6848910522e+02
-6.4529180527e+00
4.4706399536e+02
8.7142645264e+02
1.3418309326e+03
-1.7238364258e+03
-1.3333208008e+03
-8.4165588379e+02
-4.6906057739e+02
-7.0840272903e+00
4.4664624023e+02
8.7121539307e+02
1.3419302979e+03
-1.7234810791e+03
-1.3336405029e+03
-8.4251153564e+02
-4.7008966064e+02
-8.2033367157e+00
4.4558709717e+02
8.7069506836e+02
1.3421229248e+03
-1.7230396729e+03
-1.3343856201e+03
-8.4346643066e+02
-4.7220700073e+02
-1.0502066612e+01
4.4412612915e+02
8.6977709961e+02
1.3423223877e+03
-1.7229710693e+03
-1.3360120850e+03
-8.4653247070e+02
-4.7353491211e+02
-1.1916871071e+01
4.4127679443e+02
8.6798168945e+02
1.3424031982e+03
-1.7237095947e+03
-1.3404753418e+03
-8.5055908203e+02
-4.8354980469e+02
-2.1420261383e+01
4.3615521240e+02
8.6361981201e+02
1.3410103760e+03
-1.5079221191e+03
-1.1249935303e+03
-8.4611169434e+02
-3.9177981567e+02
-5.3530529022e+01
3.0657144165e+02
7.2537609863e+02
1.1011112061e+03
-1.5059978027e+03
-1.1209393311e+03
-8.4027185059e+02
-3.9245480347e+02
-5.3271324158e+01
3.1153918457e+02
7.3045422363e+02
1.1034765625e+03
-1.5064992676e+03
-1.1185192871e+03
-8.3703717041e+02
-3.8675671387e+02
-4.7347808838e+01
3.1558850098e+02
7.3328656006e+02
1.1038568115e+03
-1.5064848633e+03
-1.1172923584e+03
-8.3395477295e+02
-3.8383636475e+02
-4.4505783081e+01
3.1831158447e+02
7.3476049805e+02
1.1041391602e+03
-1.5065771484e+03
-1.1164862061e+03
-8.3255877686e+02
-3.8209381104e+02
-4.2798908234e+01
3.1953222656e+02
7.3549774170e+02
1.1041612549e+03
-1.5066173096e+03
-1.1161845703e+03
-8.3182019043e+02
-3.8139572144e+02
-4.2144039154e+01
3.2012268066e+02
7.3579833984e+02
1.1041446533e+03
-1.5066173096e+03
-1.1161845703e+03
-8.3182019043e+02
-3.8139572144e+02
-4.2144039154e+01
3.2012268066e+02
7.3579833984e+02
1.1041446533e+03
-1.5065771484e+03
-1.1164862061e+03
-8.3255877686e+02
-3.8209381104e+02
-4.2798908234e+01
3.1953222656e+02
7.3549774170e+02
1.1041612549e+03
-1.5064848633e+03
-1.1172923584e+03
-8.3395477295e+02
-3.8383636475e+02
-4.4505783081e+01
3.1831158447e+02
7.3476049805e+02
1.1041391602e+03
-1.5064992676e+03
-1.1185192871e+03
-8.3703717041e+02
-3.8675671387e+02
-4.7347808838e+01
3.1558850098e+02
7.3328656006e+02
1.1038568115e+03
-1.5059978027e+03
-1.1209393311e+03
-8.4027185059e+02
-3.9245480347e+02
-5.3271324158e+01
3.1153918457e+02
7.3045422363e+02
1.1034765625e+03
-1.5079221191e+03
-1.1249935303e+03
-8.4611169434e+02
-3.9177981567e+02
-5.3530529022e+01
3.0657144165e+02
7.2537609863e+02
1.1011112061e+03
-1.2687565918e+03
-1.0170557251e+03
-6.3166265869e+02
-4.5482073975e+02
-9.9863159180e+01
2.4348106384e+02
5.2263262939e+02
8.7758734131e+02
-1.2675863037e+03
-1.0104491577e+03
-6.2520050049e+02
-4.3965786743e+02
-8.5712684631e+01
2.5188513184e+02
5.2909582520e+02
8.7983233643e+02
-1.2664259033e+03
-1.0076104126e+03
-6.1980029297e+02
-4.3532650757e+02
-8.1828140259e+01
2.5634988403e+02
5.3199432373e+02
8.8067810059e+02
-1.2661102295e+03
-1.0058897095e+03
-6.1815539551e+02
-4.3257614136e+02
-7.9076179504e+01
2.5849395752e+02
5.3354211426e+02
8.8089202881e+02
-1.2659904785e+03
-1.0051795044e+03
-6.1697644043e+02
-4.3100262451e+02
-7.7494163513e+01
2.5998751831e+02
5.3445654297e+02
8.8091705322e+02
-1.2659537354e+03
-1.0048408813e+03
-6.1656439209e+02
-4.3023599243e+02
-7.6691925049e+01
2.6063436890e+02
5.3485577393e+02
8.8094934082e+02
-1.2659537354e+03
-1.0048408813e+03
-6.1656439209e+02
-4.3023599243e+02
-7.6691925049e+01
2.6063436890e+02
5.3485577393e+02
8.8094934082e+02
-1.2659904785e+03
-1.0051795044e+03
-6.1697644043e+02
-4.3100262451e+02
-7.7494163513e+01
2.5998751831e+02
5.3445654297e+02
8.8091705322e+02
-1.2661102295e+03
-1.0058897095e+03
-6.1815539551e+02
-4.3257614136e+02
-7.9076179504e+01
2.5849395752e+02
5.3354211426e+02
8.8089202881e+02
-1.2664259033e+03
-1.0076104126e+03
-6.1980029297e+02
-4.3532650757e+02
-8.1828140259e+01
2.5634988403e+02
5.3199432373e+02
8.8067810059e+02
-1.2675863037e+03
-1.0104491577e+03
-6.2520050049e+02
-4.3965786743e+02
-8.5712684631e+01
2.5188513184e+02
5.2909582520e+02
8.7983233643e+02
-1.2687565918e+03
-1.0170557251e+03
-6.3166265869e+02
-4.5482073975e+02
-9.9863159180e+01
2.4348106384e+02
5.2263262939e+02
8.7758734131e+02
-1.0285456543e+03
-8.0291662598e+02
-6.9212780762e+02
-2.9491851807e+02
-1.2436221313e+02
8.0656173706e+01
3.9922451782e+02
6.4715820312e+02
-1.0233549194e+03
-7.9670324707e+02
-6.8395068359e+02
-2.9587945557e+02
-1.2434944153e+02
8.5489006042e+01
4.0475665283e+02
6.5069909668e+02
-1.0229823608e+03
-7.9289465332e+02
-6.8082006836e+02
-2.9166262817e+02
-1.1917835999e+02
9.0070480347e+01
4.0851620483e+02
6.5160211182e+02
-1.0223392334e+03
-7.9121618652e+02
-6.7695672607e+02
-2.8789187622e+02
-1.1509493256e+02
9.3745429993e+01
4.1089456177e+02
6.5269036865e+02
-1.0221505127e+03
-7.8984588623e+02
-6.7483435059e+02
-2.8560897827e+02
-1.1262325287e+02
9.5722702026e+01
4.1229852295e+02
6.5332427979e+02
-1.0220140991e+03
-7.8925830078e+02
-6.7369073486e+02
-2.8453976440e+02
-1.1149858093e+02
9.6688713074e+01
4.1295046997e+02
6.5360504150e+02
-1.0220140991e+03
-7.8925830078e+02
-6.7369073486e+02
-2.8453976440e+02
-1.1149858093e+02
9.6688713074e+01
4.1295046997e+02
6.5360504150e+02
-1.0221505127e+03
-7.8984588623e+02
-6.7483435059e+02
-2.8560897827e+02
-1.1262325287e+02
9.5722702026e+01
4.1229852295e+02
6.5332427979e+02
-1.0223392334e+03
-7.9121618652e+02
-6.7695672607e+02
-2.8789187622e+02
-1.1509493256e+02
9.3745429993e+01
4.1089456177e+02
6.5269036865e+02
-1.0229823608e+03
-7.9289465332e+02
-6.8082006836e+02
-2.9166262817e+02
-1.1917835999e+02
9.0070480347e+01
4.0851620483e+02
6.5160211182e+02
-1.0233549194e+03
-7.9670324707e+02
-6.8395068359e+02
-2.9587945557e+02
-1.2434944153e+02
8.5489006042e+01
4.0475665283e+02
6.5069909668e+02
-1.0285456543e+03
-8.0291662598e+02
-6.9212780762e+02
-2.9491851807e+02
-1.2436221313e+02
8.0656173706e+01
3.9922451782e+02
6.4715820312e+02
-8.0064617920e+02
-6.5950292969e+02
-3.8885110474e+02
-4.5593957520e+02
-1.8561389160e+02
6.0708450317e+01
1.6565628052e+02
3.8400738525e+02
-8.0106921387e+02
-6.5287133789e+02
-3.8407745361e+02
-4.4077703857e+02
-1.7071333313e+02
7.2331382751e+01
1.7620559692e+02
3.8827142334e+02
-8.0014489746e+02
-6.5000744629e+02
-3.7599380493e+02
-4.3126986694e+02
-1.6248533630e+02
7.9278556824e+01
1.8050306702e+02
3.8999633789e+02
-8.0011444092e+02
-6.4727484131e+02
-3.7283337402e+02
-4.2662402344e+02
-1.5859855652e+02
8.2445434570e+01
1.8245385742e+02
3.9014495850e+02
-7.9985064697e+02
-6.4622790527e+02
-3.7096957397e+02
-4.2398370361e+02
-1.5646853638e+02
8.4192001343e+01
1.8335694885e+02
3.9000344849e+02
-7.9983819580e+02
-6.4572076416e+02
-3.7032315063e+02
-4.2285699463e+02
-1.5557749939e+02
8.4888313293e+01
1.8368014526e+02
3.8989959717e+02
-7.9983819580e+02
-6.4572076416e+02
-3.7032315063e+02
-4.2285699463e+02
-1.5557749939e+02
8.4888313293e+01
1.8368014526e+02
3.8989959717e+02
-7.9985064697e+02
-6.4622790527e+02
-3.7096957397e+02
-4.2398370361e+02
-1.5646853638e+02
8.4192001343e+01
1.8335694885e+02
3.9000344849e+02
-8.0011444092e+02
-6.4727484131e+02
-3.7283337402e+02
-4.2662402344e+02
-1.5859855652e+02
8.2445434570e+01
1.8245385742e+02
3.9014495850e+02
-8.0014489746e+02
-6.5000744629e+02
-3.7599380493e+02
-4.3126986694e+02
-1.6248533630e+02
7.9278556824e+01
1.8050306702e+02
3.8999633789e+02
-8.0106921387e+02
-6.5287133789e+02
-3.8407745361e+02
-4.4077703857e+02
-1.7071333313e+02
7.2331382751e+01
1.7620559692e+02
3.8827142334e+02
-8.0064617920e+02
-6.5950292969e+02
-3.8885110474e+02
-4.5593957520e+02
-1.8561389160e+02
6.0708450317e+01
1.6565628052e+02
3.8400738525e+02
-5.7641003418e+02
-4.9743350220e+02
-5.0980734253e+02
-1.0106813049e+02
-1.5589669800e+02
-1.6595970154e+02
5.4264488220e+01
1.6827703857e+02
-5.7107446289e+02
-4.9130645752e+02
-4.9474072266e+02
-9.2643440247e+01
-1.4785844421e+02
-1.6059811401e+02
5.5269271851e+01
1.6815905762e+02
-5.7043572998e+02
-4.8642144775e+02
-4.9325769043e+02
-9.3248771667e+01
-1.4673391724e+02
-1.5852868652e+02
5.7036811829e+01
1.6692219543e+02
-5.6908850098e+02
-4.8602368164e+02
-4.9177941895e+02
-9.2782051086e+01
-1.4481871033e+02
-1.5680514526e+02
5.8117919922e+01
1.6710469055e+02
-5.6924298096e+02
-4.8536697388e+02
-4.9139443970e+02
-9.2830711365e+01
-1.4380603027e+02
-1.5582185364e+02
5.8923633575e+01
1.6696011353e+02
-5.6902423096e+02
-4.8530538940e+02
-4.9105142212e+02
-9.2835746765e+01
-1.4324906921e+02
-1.5527157593e+02
5.9287490845e+01
1.6703126526e+02
-5.6902423096e+02
-4.8530538940e+02
-4.9105142212e+02
-9.2835746765e+01
-1.4324906921e+02
-1.5527157593e+02
5.9287490845e+01
1.6703126526e+02
-5.6924298096e+02
-4.8536697388e+02
-4.9139443970e+02
-9.2830711365e+01
-1.4380603027e+02
-1.5582185364e+02
5.8923633575e+01
1.6696011353e+02
-5.6908850098e+02
-4.8602368164e+02
-4.9177941895e+02
-9.2782051086e+01
-1.4481871033e+02
-1.5680514526e+02
5.8117919922e+01
1.6710469055e+02
-5.7043572998e+02
-4.8642144775e+02
-4.9325769043e+02
-9.3248771667e+01
-1.4673391724e+02
-1.5852868652e+02
5.7036811829e+01
1.6692219543e+02
-5.7107446289e+02
-4.9130645752e+02
-4.9474072266e+02
-9.2643440247e+01
-1.4785844421e+02
-1.6059811401e+02
5.5269271851e+01
1.6815905762e+02
-5.7641003418e+02
-4.9743350220e+02
-5.0980734253e+02
-1.0106813049e+02
-1.5589669800e+02
-1.6595970154e+02
5.4264488220e+01
1.6827703857e+02
-1.8331536865e+02
-2.8262158203e+02
-2.7435723877e+02
-6.7866156006e+02
-3.4979211426e+02
-3.2006866455e+01
-3.7990516663e+01
5.8664875031e+01
-1.7868782043e+02
-2.7030136108e+02
-2.8293133545e+02
-6.9219940186e+02
-3.6688659668e+02
-4.0813892365e+01
-3.7866756439e+01
5.5048641205e+01
-1.7636503601e+02
-2.7164001465e+02
-2.7943505859e+02
-6.8651458740e+02
-3.6481707764e+02
-4.1006858826e+01
-3.9497909546e+01
5.4777603149e+01
-1.7706407166e+02
-2.6932540894e+02
-2.7699530029e+02
-6.8214062500e+02
-3.6343441772e+02
-4.0312255859e+01
-3.9085029602e+01
5.4388080597e+01
-1.7580780029e+02
-2.6856790161e+02
-2.7441329956e+02
-6.7863818359e+02
-3.6195922852e+02
-3.9336761475e+01
-3.8704715729e+01
5.5439067841e+01
-1.7610592651e+02
-2.6762728882e+02
-2.7334176636e+02
-6.7684252930e+02
-3.6127224731e+02
-3.8898666382e+01
-3.8229713440e+01
5.5476470947e+01
-1.7610592651e+02
-2.6762728882e+02
-2.7334176636e+02
-6.7684252930e+02
-3.6127224731e+02
-3.8898666382e+01
-3.8229713440e+01
5.5476470947e+01
-1.7580780029e+02
-2.6856790161e+02
-2.7441329956e+02
-6.7863818359e+02
-3.6195922852e+02
-3.9336761475e+01
-3.8704715729e+01
5.5439067841e+01
-1.7706407166e+02
-2.6932540894e+02
-2.7699530029e+02
-6.8214062500e+02
-3.6343441772e+02
-4.0312255859e+01
-3.9085029602e+01
5.4388080597e+01
-1.7636503601e+02
-2.7164001465e+02
-2.7943505859e+02
-6.8651458740e+02
-3.6481707764e+02
-4.1006858826e+01
-3.9497909546e+01
5.4777603149e+01
-1.7868782043e+02
-2.7030136108e+02
-2.8293133545e+02
-6.9219940186e+02
-3.6688659668e+02
-4.0813892365e+01
-3.7866756439e+01
5.5048641205e+01
-1.8331536865e+02
-2.8262158203e+02
-2.7435723877e+02
-6.7866156006e+02
-3.4979211426e+02
-3.2006866455e+01
-3.7990516663e+01
5.8664875031e+01
