4.1614819336e+03
9.7701367188e+02
-2.5415363770e+03
-5.8641542969e+03
4.1492265625e+03
9.4624157715e+02
-2.3993720703e+03
-5.7311723633e+03
4.4199462891e+03
9.8336584473e+02
-2.4613193359e+03
-6.0336967773e+03
4.6464096680e+03
1.0360485840e+03
-2.5312958984e+03
-6.2864731445e+03
4.8427104492e+03
1.0826281738e+03
-2.6045634766e+03
-6.5186445312e+03
4.9908276367e+03
1.1210311279e+03
-2.6615395508e+03
-6.6922788086e+03
5.1057822266e+03
1.1516376953e+03
-2.7084658203e+03
-6.8292988281e+03
5.1897143555e+03
1.1751929932e+03
-2.7429851074e+03
-6.9283588867e+03
5.2508984375e+03
1.1927985840e+03
-2.7688547363e+03
-7.0009985352e+03
5.2925717773e+03
1.2052124023e+03
-2.7864528809e+03
-7.0500458984e+03
5.3187963867e+03
1.2131479492e+03
-2.7977006836e+03
-7.0809731445e+03
5.3313305664e+03
1.2169815674e+03
-2.8030314941e+03
-7.0955922852e+03
5.3313305664e+03
1.2169815674e+03
-2.8030314941e+03
-7.0955922852e+03
5.3187963867e+03
1.2131479492e+03
-2.7977006836e+03
-7.0809731445e+03
5.2925717773e+03
1.2052124023e+03
-2.7864528809e+03
-7.0500458984e+03
5.2508984375e+03
1.1927985840e+03
-2.7688547363e+03
-7.0009985352e+03
5.1897143555e+03
1.1751929932e+03
-2.7429851074e+03
-6.9283588867e+03
5.1057822266e+03
1.1516376953e+03
-2.7084658203e+03
-6.8292988281e+03
4.9908276367e+03
1.1210311279e+03
-2.6615395508e+03
-6.6922788086e+03
4.8427104492e+03
1.0826281738e+03
-2.6045634766e+03
-6.5186445312e+03
4.6464096680e+03
1.0360485840e+03
-2.5312958984e+03
-6.2864731445e+03
4.4199462891e+03
9.8336584473e+02
-2.4613193359e+03
-6.0336967773e+03
4.1492265625e+03
9.4624157715e+02
-2.3993720703e+03
-5.7311723633e+03
4.1614819336e+03
9.7701367188e+02
-2.5415363770e+03
-5.8641542969e+03
4.4533823242e+03
1.1024100342e+03
-2.0459490967e+03
-5.5217050781e+03
4.5834189453e+03
1.0814348145e+03
-2.4873664551e+03
-6.0592993164e+03
4.4395932617e+03
1.0304343262e+03
-2.5586730957e+03
-5.9811240234e+03
4.4116777344e+03
1.0070790405e+03
-2.6283269043e+03
-6.0227387695e+03
4.3969790039e+03
9.9752868652e+02
-2.6672409668e+03
-6.0382939453e+03
4.4135649414e+03
9.9580114746e+02
-2.7036684570e+03
-6.0836791992e+03
4.4348886719e+03
9.9812963867e+02
-2.7289724121e+03
-6.1216010742e+03
4.4615708008e+03
1.0026244507e+03
-2.7504077148e+03
-6.1619003906e+03
4.4850356445e+03
1.0074563599e+03
-2.7653828125e+03
-6.1935742188e+03
4.5049956055e+03
1.0118569336e+03
-2.7766032715e+03
-6.2194877930e+03
4.5186049805e+03
1.0150610962e+03
-2.7834465332e+03
-6.2363569336e+03
4.5257275391e+03
1.0167765503e+03
-2.7869060059e+03
-6.2451684570e+03
4.5257275391e+03
1.0167765503e+03
-2.7869060059e+03
-6.2451684570e+03
4.5186049805e+03
1.0150610962e+03
-2.7834465332e+03
-6.2363569336e+03
4.5049956055e+03
1.0118569336e+03
-2.7766032715e+03
-6.2194877930e+03
4.4850356445e+03
1.0074563599e+03
-2.7653828125e+03
-6.1935742188e+03
4.4615708008e+03
1.0026244507e+03
-2.7504077148e+03
-6.1619003906e+03
4.4348886719e+03
9.9812963867e+02
-2.7289724121e+03
-6.1216010742e+03
4.4135649414e+03
9.9580114746e+02
-2.7036684570e+03
-6.0836791992e+03
4.3969790039e+03
9.9752868652e+02
-2.6672409668e+03
-6.0382939453e+03
4.4116777344e+03
1.0070790405e+03
-2.6283269043e+03
-6.0227387695e+03
4.4395932617e+03
1.0304343262e+03
-2.5586730957e+03
-5.9811240234e+03
4.5834189453e+03
1.0814348145e+03
-2.4873664551e+03
-6.0592993164e+03
4.4533823242e+03
1.1024100342e+03
-2.0459490967e+03
-5.5217050781e+03
4.1907207031e+03
1.0214565430e+03
-2.1651000977e+03
-5.4466274414e+03
4.0217946777e+03
8.9048809814e+02
-2.1340922852e+03
-5.3907226562e+03
4.0190402832e+03
7.9791455078e+02
-2.2565937500e+03
-5.6022070312e+03
3.9250749512e+03
7.2004663086e+02
-2.2761477051e+03
-5.5951406250e+03
3.8737687988e+03
6.6823217773e+02
-2.3025717773e+03
-5.6177856445e+03
3.8264785156e+03
6.3181506348e+02
-2.3111816406e+03
-5.6089404297e+03
3.8013198242e+03
6.0831634521e+02
-2.3224719238e+03
-5.6142329102e+03
3.7837619629e+03
5.9292864990e+02
-2.3288686523e+03
-5.6142675781e+03
3.7758474121e+03
5.8355993652e+02
-2.3355097656e+03
-5.6194335938e+03
3.7714055176e+03
5.7794213867e+02
-2.3396989746e+03
-5.6225502930e+03
3.7700932617e+03
5.7493963623e+02
-2.3429748535e+03
-5.6261289062e+03
3.7695661621e+03
5.7361352539e+02
-2.3444536133e+03
-5.6276562500e+03
3.7695661621e+03
5.7361352539e+02
-2.3444536133e+03
-5.6276562500e+03
3.7700932617e+03
5.7493963623e+02
-2.3429748535e+03
-5.6261289062e+03
3.7714055176e+03
5.7794213867e+02
-2.3396989746e+03
-5.6225502930e+03
3.7758474121e+03
5.8355993652e+02
-2.3355097656e+03
-5.6194335938e+03
3.7837619629e+03
5.9292864990e+02
-2.3288686523e+03
-5.6142675781e+03
3.8013198242e+03
6.0831634521e+02
-2.3224719238e+03
-5.6142329102e+03
3.8264785156e+03
6.3181506348e+02
-2.3111816406e+03
-5.6089404297e+03
3.8737687988e+03
6.6823217773e+02
-2.3025717773e+03
-5.6177856445e+03
3.9250749512e+03
7.2004663086e+02
-2.2761477051e+03
-5.5951406250e+03
4.0190402832e+03
7.9791455078e+02
-2.2565937500e+03
-5.6022070312e+03
4.0217946777e+03
8.9048809814e+02
-2.1340922852e+03
-5.3907226562e+03
4.1907207031e+03
1.0214565430e+03
-2.1651000977e+03
-5.4466274414e+03
3.3435703125e+03
6.3881268311e+02
-2.0251555176e+03
-4.6105361328e+03
3.3702453613e+03
6.4345538330e+02
-2.1608254395e+03
-4.7821313477e+03
3.2469277344e+03
6.0696716309e+02
-2.1610141602e+03
-4.7078203125e+03
3.2076938477e+03
5.7075018311e+02
-2.2284750977e+03
-4.7708510742e+03
3.1381374512e+03
5.3236407471e+02
-2.2531052246e+03
-4.7576577148e+03
3.0929978027e+03
5.0181478882e+02
-2.2800471191e+03
-4.7643173828e+03
3.0493166504e+03
4.7674148560e+02
-2.2920163574e+03
-4.7515029297e+03
3.0195207520e+03
4.5811309814e+02
-2.3028208008e+03
-4.7462275391e+03
2.9955021973e+03
4.4420223999e+02
-2.3080703125e+03
-4.7371728516e+03
2.9799877930e+03
4.3467300415e+02
-2.3123652344e+03
-4.7324233398e+03
2.9696694336e+03
4.2860726929e+02
-2.3143552246e+03
-4.7280849609e+03
2.9649719238e+03
4.2570919800e+02
-2.3154777832e+03
-4.7264487305e+03
2.9649719238e+03
4.2570919800e+02
-2.3154777832e+03
-4.7264487305e+03
2.9696694336e+03
4.2860726929e+02
-2.3143552246e+03
-4.7280849609e+03
2.9799877930e+03
4.3467300415e+02
-2.3123652344e+03
-4.7324233398e+03
2.9955021973e+03
4.4420223999e+02
-2.3080703125e+03
-4.7371728516e+03
3.0195207520e+03
4.5811309814e+02
-2.3028208008e+03
-4.7462275391e+03
3.0493166504e+03
4.7674148560e+02
-2.2920163574e+03
-4.7515029297e+03
3.0929978027e+03
5.0181478882e+02
-2.2800471191e+03
-4.7643173828e+03
3.1381374512e+03
5.3236407471e+02
-2.2531052246e+03
-4.7576577148e+03
3.2076938477e+03
5.7075018311e+02
-2.2284750977e+03
-4.7708510742e+03
3.2469277344e+03
6.0696716309e+02
-2.1610141602e+03
-4.7078203125e+03
3.3702453613e+03
6.4345538330e+02
-2.1608254395e+03
-4.7821313477e+03
3.3435703125e+03
6.3881268311e+02
-2.0251555176e+03
-4.6105361328e+03
2.4470693359e+03
2.0572001648e+02
-1.8515684814e+03
-3.9170915527e+03
2.4247302246e+03
2.1927613831e+02
-1.8002005615e+03
-3.8989436035e+03
2.4291208496e+03
2.0243199158e+02
-1.8407602539e+03
-3.9928469238e+03
2.3603962402e+03
1.6712181091e+02
-1.8262237549e+03
-3.9566782227e+03
2.3263234863e+03
1.3586161804e+02
-1.8478132324e+03
-3.9812109375e+03
2.2800446777e+03
1.0517656708e+02
-1.8540332031e+03
-3.9718745117e+03
2.2482783203e+03
8.0559181213e+01
-1.8663543701e+03
-3.9765612793e+03
2.2175610352e+03
6.0238952637e+01
-1.8718587646e+03
-3.9701057129e+03
2.1958049316e+03
4.4987407684e+01
-1.8778615723e+03
-3.9682209473e+03
2.1783637695e+03
3.3835685730e+01
-1.8807259521e+03
-3.9635107422e+03
2.1676118164e+03
2.6716913223e+01
-1.8831072998e+03
-3.9613652344e+03
2.1619743652e+03
2.3212207794e+01
-1.8840111084e+03
-3.9595812988e+03
2.1619743652e+03
2.3212207794e+01
-1.8840111084e+03
-3.9595812988e+03
2.1676118164e+03
2.6716913223e+01
-1.8831072998e+03
-3.9613652344e+03
2.1783637695e+03
3.3835685730e+01
-1.8807259521e+03
-3.9635107422e+03
2.1958049316e+03
4.4987407684e+01
-1.8778615723e+03
-3.9682209473e+03
2.2175610352e+03
6.0238952637e+01
-1.8718587646e+03
-3.9701057129e+03
2.2482783203e+03
8.0559181213e+01
-1.8663543701e+03
-3.9765612793e+03
2.2800446777e+03
1.0517656708e+02
-1.8540332031e+03
-3.9718745117e+03
2.3263234863e+03
1.3586161804e+02
-1.8478132324e+03
-3.9812109375e+03
2.3603962402e+03
1.6712181091e+02
-1.8262237549e+03
-3.9566782227e+03
2.4291208496e+03
2.0243199158e+02
-1.8407602539e+03
-3.9928469238e+03
2.4247302246e+03
2.1927613831e+02
-1.8002005615e+03
-3.8989436035e+03
2.4470693359e+03
2.0572001648e+02
-1.8515684814e+03
-3.9170915527e+03
1.4353260498e+03
-2.0020355225e+02
-1.7114803467e+03
-2.9901938477e+03
1.4865118408e+03
-1.1074258423e+02
-1.6656213379e+03
-3.0073681641e+03
1.4421403809e+03
-9.2045822144e+01
-1.6254873047e+03
-2.9654960938e+03
1.4348924561e+03
-9.7744735718e+01
-1.6535524902e+03
-3.0040417480e+03
1.3908012695e+03
-1.1574438477e+02
-1.6548247070e+03
-2.9853430176e+03
1.3652805176e+03
-1.3373416138e+02
-1.6725780029e+03
-2.9957238770e+03
1.3337187500e+03
-1.5206919861e+02
-1.6805568848e+03
-2.9893063965e+03
1.3117712402e+03
-1.6744024658e+02
-1.6916409912e+03
-2.9922070312e+03
1.2912900391e+03
-1.8033325195e+02
-1.6978729248e+03
-2.9893498535e+03
1.2773933105e+03
-1.8990542603e+02
-1.7037677002e+03
-2.9896777344e+03
1.2672954102e+03
-1.9639294434e+02
-1.7068576660e+03
-2.9883210449e+03
1.2625937500e+03
-1.9963706970e+02
-1.7086064453e+03
-2.9882868652e+03
1.2625937500e+03
-1.9963706970e+02
-1.7086064453e+03
-2.9882868652e+03
1.2672954102e+03
-1.9639294434e+02
-1.7068576660e+03
-2.9883210449e+03
1.2773933105e+03
-1.8990542603e+02
-1.7037677002e+03
-2.9896777344e+03
1.2912900391e+03
-1.8033325195e+02
-1.6978729248e+03
-2.9893498535e+03
1.3117712402e+03
-1.6744024658e+02
-1.6916409912e+03
-2.9922070312e+03
1.3337187500e+03
-1.5206919861e+02
-1.6805568848e+03
-2.9893063965e+03
1.3652805176e+03
-1.3373416138e+02
-1.6725780029e+03
-2.9957238770e+03
1.3908012695e+03
-1.1574438477e+02
-1.6548247070e+03
-2.9853430176e+03
1.4348924561e+03
-9.7744735718e+01
-1.6535524902e+03
-3.0040417480e+03
1.4421403809e+03
-9.2045822144e+01
-1.6254873047e+03
-2.9654960938e+03
1.4865118408e+03
-1.1074258423e+02
-1.6656213379e+03
-3.0073681641e+03
1.4353260498e+03
-2.0020355225e+02
-1.7114803467e+03
-2.9901938477e+03
4.3586276245e+02
-6.3125317383e+02
-1.4367535400e+03
-2.1071828613e+03
4.8371884155e+02
-5.1909924316e+02
-1.3182082520e+03
-2.0498579102e+03
4.9911331177e+02
-4.8129129028e+02
-1.2932589111e+03
-2.0732917480e+03
4.6846997070e+02
-4.8274099731e+02
-1.2678288574e+03
-2.0441640625e+03
4.5651809692e+02
-4.9346823120e+02
-1.2809355469e+03
-2.0665478516e+03
4.2812762451e+02
-5.1028634644e+02
-1.2832928467e+03
-2.0609169922e+03
4.1004034424e+02
-5.2579217529e+02
-1.2951400146e+03
-2.0713417969e+03
3.8910787964e+02
-5.4041302490e+02
-1.3015295410e+03
-2.0715268555e+03
3.7466674805e+02
-5.5226776123e+02
-1.3096741943e+03
-2.0767241211e+03
3.6192446899e+02
-5.6153973389e+02
-1.3145410156e+03
-2.0778144531e+03
3.5419125366e+02
-5.6773138428e+02
-1.3186499023e+03
-2.0800539551e+03
3.4990008545e+02
-5.7082177734e+02
-1.3205075684e+03
-2.0804140625e+03
3.4990008545e+02
-5.7082177734e+02
-1.3205075684e+03
-2.0804140625e+03
3.5419125366e+02
-5.6773138428e+02
-1.3186499023e+03
-2.0800539551e+03
3.6192446899e+02
-5.6153973389e+02
-1.3145410156e+03
-2.0778144531e+03
3.7466674805e+02
-5.5226776123e+02
-1.3096741943e+03
-2.0767241211e+03
3.8910787964e+02
-5.4041302490e+02
-1.3015295410e+03
-2.0715268555e+03
4.1004034424e+02
-5.2579217529e+02
-1.2951400146e+03
-2.0713417969e+03
4.2812762451e+02
-5.1028634644e+02
-1.2832928467e+03
-2.0609169922e+03
4.5651809692e+02
-4.9346823120e+02
-1.2809355469e+03
-2.0665478516e+03
4.6846997070e+02
-4.8274099731e+02
-1.2678288574e+03
-2.0441640625e+03
4.9911331177e+02
-4.8129129028e+02
-1.2932589111e+03
-2.0732917480e+03
4.8371884155e+02
-5.1909924316e+02
-1.3182082520e+03
-2.0498579102e+03
4.3586276245e+02
-6.3125317383e+02
-1.4367535400e+03
-2.1071828613e+03
-5.6938525391e+02
-9.7448828125e+02
-1.1815969238e+03
-1.1159688721e+03
-5.0087036133e+02
-8.3857684326e+02
-1.0556169434e+03
-1.0685086670e+03
-5.0800524902e+02
-7.9146014404e+02
-9.9720971680e+02
-1.0411184082e+03
-5.0455673218e+02
-7.8202545166e+02
-1.0004393311e+03
-1.0607731934e+03
-5.3063006592e+02
-7.8955212402e+02
-9.9657556152e+02
-1.0516395264e+03
-5.4377819824e+02
-8.0138415527e+02
-1.0121018066e+03
-1.0687419434e+03
-5.6529870605e+02
-8.1558264160e+02
-1.0205457764e+03
-1.0713226318e+03
-5.7952459717e+02
-8.2838867188e+02
-1.0332739258e+03
-1.0823814697e+03
-5.9450616455e+02
-8.3969360352e+02
-1.0414440918e+03
-1.0867257080e+03
-6.0436157227e+02
-8.4842193604e+02
-1.0493414307e+03
-1.0929771729e+03
-6.1202593994e+02
-8.5444702148e+02
-1.0539206543e+03
-1.0956915283e+03
-6.1547460938e+02
-8.5757495117e+02
-1.0564202881e+03
-1.0978868408e+03
-6.1547460938e+02
-8.5757495117e+02
-1.0564202881e+03
-1.0978868408e+03
-6.1202593994e+02
-8.5444702148e+02
-1.0539206543e+03
-1.0956915283e+03
-6.0436157227e+02
-8.4842193604e+02
-1.0493414307e+03
-1.0929771729e+03
-5.9450616455e+02
-8.3969360352e+02
-1.0414440918e+03
-1.0867257080e+03
-5.7952459717e+02
-8.2838867188e+02
-1.0332739258e+03
-1.0823814697e+03
-5.6529870605e+02
-8.1558264160e+02
-1.0205457764e+03
-1.0713226318e+03
-5.4377819824e+02
-8.0138415527e+02
-1.0121018066e+03
-1.0687419434e+03
-5.3063006592e+02
-7.8955212402e+02
-9.9657556152e+02
-1.0516395264e+03
-5.0455673218e+02
-7.8202545166e+02
-1.0004393311e+03
-1.0607731934e+03
-5.0800524902e+02
-7.9146014404e+02
-9.9720971680e+02
-1.0411184082e+03
-5.0087036133e+02
-8.3857684326e+02
-1.0556169434e+03
-1.0685086670e+03
-5.6938525391e+02
-9.7448828125e+02
-1.1815969238e+03
-1.1159688721e+03
-1.5271115723e+03
-1.2969523926e+03
-8.1365771484e+02
-1.3545838928e+02
-1.4754481201e+03
-1.1687917480e+03
-6.8256488037e+02
-7.0083877563e+01
-1.4670731201e+03
-1.1237569580e+03
-6.4362023926e+02
-7.7100257874e+01
-1.4849842529e+03
-1.1207193604e+03
-6.2891223145e+02
-6.8848678589e+01
-1.4946706543e+03
-1.1299482422e+03
-6.4411700439e+02
-9.5293403625e+01
-1.5176071777e+03
-1.1459129639e+03
-6.5302416992e+02
-1.0191206360e+02
-1.5321677246e+03
-1.1616657715e+03
-6.7042059326e+02
-1.2175841522e+02
-1.5501187744e+03
-1.1768352051e+03
-6.8219787598e+02
-1.3142953491e+02
-1.5622342529e+03
-1.1894832764e+03
-6.9487377930e+02
-1.4431254578e+02
-1.5734565430e+03
-1.1994180908e+03
-7.0325726318e+02
-1.5145117188e+02
-1.5801038818e+03
-1.2062032471e+03
-7.0977459717e+02
-1.5782742310e+02
-1.5839403076e+03
-1.2095078125e+03
-7.1296380615e+02
-1.6017047119e+02
-1.5839403076e+03
-1.2095078125e+03
-7.1296380615e+02
-1.6017047119e+02
-1.5801038818e+03
-1.2062032471e+03
-7.0977459717e+02
-1.5782742310e+02
-1.5734565430e+03
-1.1994180908e+03
-7.0325726318e+02
-1.5145117188e+02
-1.5622342529e+03
-1.1894832764e+03
-6.9487377930e+02
-1.4431254578e+02
-1.5501187744e+03
-1.1768352051e+03
-6.8219787598e+02
-1.3142953491e+02
-1.5321677246e+03
-1.1616657715e+03
-6.7042059326e+02
-1.2175841522e+02
-1.5176071777e+03
-1.1459129639e+03
-6.5302416992e+02
-1.0191206360e+02
-1.4946706543e+03
-1.1299482422e+03
-6.4411700439e+02
-9.5293403625e+01
-1.4849842529e+03
-1.1207193604e+03
-6.2891223145e+02
-6.8848678589e+01
-1.4670731201e+03
-1.1237569580e+03
-6.4362023926e+02
-7.7100257874e+01
-1.4754481201e+03
-1.1687917480e+03
-6.8256488037e+02
-7.0083877563e+01
-1.5271115723e+03
-1.2969523926e+03
-8.1365771484e+02
-1.3545838928e+02
-2.4460766602e+03
-1.5328979492e+03
-4.3533135986e+02
8.9184484863e+02
-2.4125581055e+03
-1.4296467285e+03
-3.2765252686e+02
9.3241644287e+02
-2.4289003906e+03
-1.4022890625e+03
-2.9369445801e+02
9.3094683838e+02
-2.4403137207e+03
-1.4074202881e+03
-3.0619363403e+02
9.0218560791e+02
-2.4690305176e+03
-1.4254661865e+03
-3.1898233032e+02
8.8720318604e+02
-2.4871462402e+03
-1.4460493164e+03
-3.4499282837e+02
8.5599804688e+02
-2.5111694336e+03
-1.4669970703e+03
-3.6370303345e+02
8.3843408203e+02
-2.5275974121e+03
-1.4853625488e+03
-3.8439587402e+02
8.1616290283e+02
-2.5442307129e+03
-1.5008642578e+03
-3.9912097168e+02
8.0232995605e+02
-2.5551418457e+03
-1.5128149414e+03
-4.1184701538e+02
7.8918225098e+02
-2.5636088867e+03
-1.5208238525e+03
-4.1970578003e+02
7.8182720947e+02
-2.5673662109e+03
-1.5250837402e+03
-4.2367541504e+02
7.7720690918e+02
-2.5673662109e+03
-1.5250837402e+03
-4.2367541504e+02
7.7720690918e+02
-2.5636088867e+03
-1.5208238525e+03
-4.1970578003e+02
7.8182720947e+02
-2.5551418457e+03
-1.5128149414e+03
-4.1184701538e+02
7.8918225098e+02
-2.5442307129e+03
-1.5008642578e+03
-3.9912097168e+02
8.0232995605e+02
-2.5275974121e+03
-1.4853625488e+03
-3.8439587402e+02
8.1616290283e+02
-2.5111694336e+03
-1.4669970703e+03
-3.6370303345e+02
8.3843408203e+02
-2.4871462402e+03
-1.4460493164e+03
-3.4499282837e+02
8.5599804688e+02
-2.4690305176e+03
-1.4254661865e+03
-3.1898233032e+02
8.8720318604e+02
-2.4403137207e+03
-1.4074202881e+03
-3.0619363403e+02
9.0218560791e+02
-2.4289003906e+03
-1.4022890625e+03
-2.9369445801e+02
9.3094683838e+02
-2.4125581055e+03
-1.4296467285e+03
-3.2765252686e+02
9.3241644287e+02
-2.4460766602e+03
-1.5328979492e+03
-4.3533135986e+02
8.9184484863e+02
-3.2954331055e+03
-1.7277492676e+03
7.6672821045e+00
1.9004890137e+03
-3.3015192871e+03
-1.6686545410e+03
7.4831909180e+01
1.9201158447e+03
-3.3308730469e+03
-1.6669335938e+03
7.5115081787e+01
1.8858968506e+03
-3.3680739746e+03
-1.6918850098e+03
5.4214645386e+01
1.8567717285e+03
-3.3971921387e+03
-1.7221943359e+03
1.7775791168e+01
1.8103520508e+03
-3.4317138672e+03
-1.7539062500e+03
-1.1638871193e+01
1.7802613525e+03
-3.4564973145e+03
-1.7822248535e+03
-4.3788383484e+01
1.7443590088e+03
-3.4818823242e+03
-1.8069838867e+03
-6.7855522156e+01
1.7203620605e+03
-3.4995915527e+03
-1.8270743408e+03
-8.9628448486e+01
1.6971057129e+03
-3.5149455566e+03
-1.8421955566e+03
-1.0476216888e+02
1.6820764160e+03
-3.5241052246e+03
-1.8525546875e+03
-1.1554073334e+02
1.6706379395e+03
-3.5292753906e+03
-1.8574177246e+03
-1.2106063080e+02
1.6658940430e+03
-3.5292753906e+03
-1.8574177246e+03
-1.2106063080e+02
1.6658940430e+03
-3.5241052246e+03
-1.8525546875e+03
-1.1554073334e+02
1.6706379395e+03
-3.5149455566e+03
-1.8421955566e+03
-1.0476216888e+02
1.6820764160e+03
-3.4995915527e+03
-1.8270743408e+03
-8.9628448486e+01
1.6971057129e+03
-3.4818823242e+03
-1.8069838867e+03
-6.7855522156e+01
1.7203620605e+03
-3.4564973145e+03
-1.7822248535e+03
-4.3788383484e+01
1.7443590088e+03
-3.4317138672e+03
-1.7539062500e+03
-1.1638871193e+01
1.7802613525e+03
-3.3971921387e+03
-1.7221943359e+03
1.7775791168e+01
1.8103520508e+03
-3.3680739746e+03
-1.6918850098e+03
5.4214645386e+01
1.8567717285e+03
-3.3308730469e+03
-1.6669335938e+03
7.5115081787e+01
1.8858968506e+03
-3.3015192871e+03
-1.6686545410e+03
7.4831909180e+01
1.9201158447e+03
-3.2954331055e+03
-1.7277492676e+03
7.6672821045e+00
1.9004890137e+03
-4.0700107422e+03
-1.8552928467e+03
4.4960568237e+02
2.8844353027e+03
-4.1191430664e+03
-1.8535540771e+03
4.6488272095e+02
2.8623251953e+03
-4.1808671875e+03
-1.8881595459e+03
4.3537319946e+02
2.8095798340e+03
-4.2306201172e+03
-1.9349873047e+03
3.8417504883e+02
2.7471264648e+03
-4.2831005859e+03
-1.9831212158e+03
3.3753436279e+02
2.6968833008e+03
-4.3225810547e+03
-2.0267792969e+03
2.8868228149e+02
2.6429692383e+03
-4.3619492188e+03
-2.0653317871e+03
2.5049099731e+02
2.6043071289e+03
-4.3906655273e+03
-2.0974362793e+03
2.1553758240e+02
2.5671298828e+03
-4.4166020508e+03
-2.1230595703e+03
1.8967341614e+02
2.5412204590e+03
-4.4339873047e+03
-2.1425075684e+03
1.6920097351e+02
2.5197941895e+03
-4.4468496094e+03
-2.1550388184e+03
1.5612933350e+02
2.5069699707e+03
-4.4526279297e+03
-2.1617846680e+03
1.4990229797e+02
2.4995715332e+03
-4.4526279297e+03
-2.1617846680e+03
1.4990229797e+02
2.4995715332e+03
-4.4468496094e+03
-2.1550388184e+03
1.5612933350e+02
2.5069699707e+03
-4.4339873047e+03
-2.1425075684e+03
1.6920097351e+02
2.5197941895e+03
-4.4166020508e+03
-2.1230595703e+03
1.8967341614e+02
2.5412204590e+03
-4.3906655273e+03
-2.0974362793e+03
2.1553758240e+02
2.5671298828e+03
-4.3619492188e+03
-2.0653317871e+03
2.5049099731e+02
2.6043071289e+03
-4.3225810547e+03
-2.0267792969e+03
2.8868228149e+02
2.6429692383e+03
-4.2831005859e+03
-1.9831212158e+03
3.3753436279e+02
2.6968833008e+03
-4.2306201172e+03
-1.9349873047e+03
3.8417504883e+02
2.7471264648e+03
-4.1808671875e+03
-1.8881595459e+03
4.3537319946e+02
2.8095798340e+03
-4.1191430664e+03
-1.8535540771e+03
4.6488272095e+02
2.8623251953e+03
-4.0700107422e+03
-1.8552928467e+03
4.4960568237e+02
2.8844353027e+03
-4.7406264648e+03
-1.9450446777e+03
8.8770477295e+02
3.7840104980e+03
-4.8399931641e+03
-2.0049564209e+03
8.4359191895e+02
3.7223073730e+03
-4.9284116211e+03
-2.0770520020e+03
7.7361920166e+02
3.6359606934e+03
-5.0068110352e+03
-2.1504948730e+03
7.0150927734e+02
3.5592885742e+03
-5.0702324219e+03
-2.2166520996e+03
6.3081677246e+02
3.4822490234e+03
-5.1294360352e+03
-2.2751540527e+03
5.7266033936e+02
3.4231645508e+03
-5.1747226562e+03
-2.3243564453e+03
5.1999218750e+02
3.3676169434e+03
-5.2157612305e+03
-2.3649064941e+03
4.7942370605e+02
3.3269570312e+03
-5.2451865234e+03
-2.3970891113e+03
4.4578851318e+02
3.2921330566e+03
-5.2692792969e+03
-2.4204875488e+03
4.2193542480e+02
3.2684821777e+03
-5.2837724609e+03
-2.4366188965e+03
4.0588201904e+02
3.2516696777e+03
-5.2917397461e+03
-2.4439492188e+03
3.9741836548e+02
3.2443964844e+03
-5.2917397461e+03
-2.4439492188e+03
3.9741836548e+02
3.2443964844e+03
-5.2837724609e+03
-2.4366188965e+03
4.0588201904e+02
3.2516696777e+03
-5.2692792969e+03
-2.4204875488e+03
4.2193542480e+02
3.2684821777e+03
-5.2451865234e+03
-2.3970891113e+03
4.4578851318e+02
3.2921330566e+03
-5.2157612305e+03
-2.3649064941e+03
4.7942370605e+02
3.3269570312e+03
-5.1747226562e+03
-2.3243564453e+03
5.1999218750e+02
3.3676169434e+03
-5.1294360352e+03
-2.2751540527e+03
5.7266033936e+02
3.4231645508e+03
-5.0702324219e+03
-2.2166520996e+03
6.3081677246e+02
3.4822490234e+03
-5.0068110352e+03
-2.1504948730e+03
7.0150927734e+02
3.5592885742e+03
-4.9284116211e+03
-2.0770520020e+03
7.7361920166e+02
3.6359606934e+03
-4.8399931641e+03
-2.0049564209e+03
8.4359191895e+02
3.7223073730e+03
-4.7406264648e+03
-1.9450446777e+03
8.8770477295e+02
3.7840104980e+03
-5.2888237305e+03
-1.9941704102e+03
1.2697478027e+03
4.5537119141e+03
-5.4335097656e+03
-2.1136020508e+03
1.1711840820e+03
4.4498442383e+03
-5.5534980469e+03
-2.2231804199e+03
1.0670347900e+03
4.3393994141e+03
-5.6504150391e+03
-2.3206257324e+03
9.6773352051e+02
4.2357548828e+03
-5.7363652344e+03
-2.4055686035e+03
8.8325646973e+02
4.1495971680e+03
-5.8042753906e+03
-2.4773222656e+03
8.0807769775e+02
4.0715595703e+03
-5.8651777344e+03
-2.5372900391e+03
7.4835021973e+02
4.0118186035e+03
-5.9108642578e+03
-2.5860185547e+03
6.9790454102e+02
3.9602036133e+03
-5.9500078125e+03
-2.6237624512e+03
6.6008892822e+02
3.9228029785e+03
-5.9764052734e+03
-2.6523063965e+03
6.3153808594e+02
3.8937600098e+03
-5.9955786133e+03
-2.6700493164e+03
6.1288769531e+02
3.8759746094e+03
-6.0042216797e+03
-2.6798164062e+03
6.0439172363e+02
3.8660949707e+03
-6.0042216797e+03
-2.6798164062e+03
6.0439172363e+02
3.8660949707e+03
-5.9955786133e+03
-2.6700493164e+03
6.1288769531e+02
3.8759746094e+03
-5.9764052734e+03
-2.6523063965e+03
6.3153808594e+02
3.8937600098e+03
-5.9500078125e+03
-2.6237624512e+03
6.6008892822e+02
3.9228029785e+03
-5.9108642578e+03
-2.5860185547e+03
6.9790454102e+02
3.9602036133e+03
-5.8651777344e+03
-2.5372900391e+03
7.4835021973e+02
4.0118186035e+03
-5.8042753906e+03
-2.4773222656e+03
8.0807769775e+02
4.0715595703e+03
-5.7363652344e+03
-2.4055686035e+03
8.8325646973e+02
4.1495971680e+03
-5.6504150391e+03
-2.3206257324e+03
9.6773352051e+02
4.2357548828e+03
-5.5534980469e+03
-2.2231804199e+03
1.0670347900e+03
4.3393994141e+03
-5.4335097656e+03
-2.1136020508e+03
1.1711840820e+03
4.4498442383e+03
-5.2888237305e+03
-1.9941704102e+03
1.2697478027e+03
4.5537119141e+03
-5.6872197266e+03
-2.0221622314e+03
1.5675539551e+03
5.1345156250e+03
-5.8697333984e+03
-2.1882541504e+03
1.4239753418e+03
4.9984541016e+03
-6.0121806641e+03
-2.3270305176e+03
1.2899967041e+03
4.8638579102e+03
-6.1312128906e+03
-2.4451159668e+03
1.1731209717e+03
4.7471269531e+03
-6.2276054688e+03
-2.5444912109e+03
1.0715522461e+03
4.6431992188e+03
-6.3118608398e+03
-2.6278752441e+03
9.8851055908e+02
4.5603608398e+03
-6.3775761719e+03
-2.6965002441e+03
9.1817480469e+02
4.4890004883e+03
-6.4347490234e+03
-2.7516269531e+03
8.6350213623e+02
4.4350751953e+03
-6.4758583984e+03
-2.7950900879e+03
8.1996533203e+02
4.3914008789e+03
-6.5091679688e+03
-2.8258994141e+03
7.8873883057e+02
4.3611733398e+03
-6.5289409180e+03
-2.8476560059e+03
7.6855395508e+02
4.3403271484e+03
-6.5398173828e+03
-2.8571018066e+03
7.5754248047e+02
4.3311679688e+03
-6.5398173828e+03
-2.8571018066e+03
7.5754248047e+02
4.3311679688e+03
-6.5289409180e+03
-2.8476560059e+03
7.6855395508e+02
4.3403271484e+03
-6.5091679688e+03
-2.8258994141e+03
7.8873883057e+02
4.3611733398e+03
-6.4758583984e+03
-2.7950900879e+03
8.1996533203e+02
4.3914008789e+03
-6.4347490234e+03
-2.7516269531e+03
8.6350213623e+02
4.4350751953e+03
-6.3775761719e+03
-2.6965002441e+03
9.1817480469e+02
4.4890004883e+03
-6.3118608398e+03
-2.6278752441e+03
9.8851055908e+02
4.5603608398e+03
-6.2276054688e+03
-2.5444912109e+03
1.0715522461e+03
4.6431992188e+03
-6.1312128906e+03
-2.4451159668e+03
1.1731209717e+03
4.7471269531e+03
-6.0121806641e+03
-2.3270305176e+03
1.2899967041e+03
4.8638579102e+03
-5.8697333984e+03
-2.1882541504e+03
1.4239753418e+03
4.9984541016e+03
-5.6872197266e+03
-2.0221622314e+03
1.5675539551e+03
5.1345156250e+03
-5.9180693359e+03
-2.0346356201e+03
1.7446893311e+03
5.4806054688e+03
-6.1229643555e+03
-2.2291118164e+03
1.5754149170e+03
5.3241479492e+03
-6.2819262695e+03
-2.3863085938e+03
1.4244411621e+03
5.1771357422e+03
-6.4105385742e+03
-2.5166784668e+03
1.2942045898e+03
5.0472534180e+03
-6.5200292969e+03
-2.6258059082e+03
1.1857540283e+03
4.9390112305e+03
-6.6076997070e+03
-2.7162348633e+03
1.0938769531e+03
4.8464272461e+03
-6.6840610352e+03
-2.7903491211e+03
1.0204675903e+03
4.7738886719e+03
-6.7414687500e+03
-2.8502167969e+03
9.6045001221e+02
4.7140151367e+03
-6.7904990234e+03
-2.8958195801e+03
9.1511248779e+02
4.6698813477e+03
-6.8228652344e+03
-2.9307329102e+03
8.8175683594e+02
4.6365830078e+03
-6.8469199219e+03
-2.9513967285e+03
8.5936816406e+02
4.6160561523e+03
-6.8575454102e+03
-2.9634553223e+03
8.4973278809e+02
4.6048105469e+03
-6.8575454102e+03
-2.9634553223e+03
8.4973278809e+02
4.6048105469e+03
-6.8469199219e+03
-2.9513967285e+03
8.5936816406e+02
4.6160561523e+03
-6.8228652344e+03
-2.9307329102e+03
8.8175683594e+02
4.6365830078e+03
-6.7904990234e+03
-2.8958195801e+03
9.1511248779e+02
4.6698813477e+03
-6.7414687500e+03
-2.8502167969e+03
9.6045001221e+02
4.7140151367e+03
-6.6840610352e+03
-2.7903491211e+03
1.0204675903e+03
4.7738886719e+03
-6.6076997070e+03
-2.7162348633e+03
1.0938769531e+03
4.8464272461e+03
-6.5200292969e+03
-2.6258059082e+03
1.1857540283e+03
4.9390112305e+03
-6.4105385742e+03
-2.5166784668e+03
1.2942045898e+03
5.0472534180e+03
-6.2819262695e+03
-2.3863085938e+03
1.4244411621e+03
5.1771357422e+03
-6.1229643555e+03
-2.2291118164e+03
1.5754149170e+03
5.3241479492e+03
-5.9180693359e+03
-2.0346356201e+03
1.7446893311e+03
5.4806054688e+03
-5.9689101562e+03
-2.0405604248e+03
1.7828800049e+03
5.5621293945e+03
-6.1789433594e+03
-2.2391643066e+03
1.6093099365e+03
5.4020952148e+03
-6.3408471680e+03
-2.3998054199e+03
1.4547607422e+03
5.2512172852e+03
-6.4749062500e+03
-2.5333310547e+03
1.3226638184e+03
5.1206669922e+03
-6.5838774414e+03
-2.6447082520e+03
1.2106184082e+03
5.0080014648e+03
-6.6778271484e+03
-2.7370864258e+03
1.1186439209e+03
4.9167421875e+03
-6.7512124023e+03
-2.8130004883e+03
1.0423525391e+03
4.8405722656e+03
-6.8151899414e+03
-2.8733481445e+03
9.8257232666e+02
4.7820366211e+03
-6.8600874023e+03
-2.9212651367e+03
9.3578253174e+02
4.7357304688e+03
-6.8978300781e+03
-2.9542731934e+03
9.0177636719e+02
4.7033750000e+03
-6.9190351562e+03
-2.9789663086e+03
8.8065454102e+02
4.6812543945e+03
-6.9311982422e+03
-2.9886223145e+03
8.6830505371e+02
4.6715429688e+03
-6.9311982422e+03
-2.9886223145e+03
8.6830505371e+02
4.6715429688e+03
-6.9190351562e+03
-2.9789663086e+03
8.8065454102e+02
4.6812543945e+03
-6.8978300781e+03
-2.9542731934e+03
9.0177636719e+02
4.7033750000e+03
-6.8600874023e+03
-2.9212651367e+03
9.3578253174e+02
4.7357304688e+03
-6.8151899414e+03
-2.8733481445e+03
9.8257232666e+02
4.7820366211e+03
-6.7512124023e+03
-2.8130004883e+03
1.0423525391e+03
4.8405722656e+03
-6.6778271484e+03
-2.7370864258e+03
1.1186439209e+03
4.9167421875e+03
-6.5838774414e+03
-2.6447082520e+03
1.2106184082e+03
5.0080014648e+03
-6.4749062500e+03
-2.5333310547e+03
1.3226638184e+03
5.1206669922e+03
-6.3408471680e+03
-2.3998054199e+03
1.4547607422e+03
5.2512172852e+03
-6.1789433594e+03
-2.2391643066e+03
1.6093099365e+03
5.4020952148e+03
-5.9689101562e+03
-2.0405604248e+03
1.7828800049e+03
5.5621293945e+03
-5.8395366211e+03
-2.0416156006e+03
1.6774948730e+03
5.3734946289e+03
-6.0352514648e+03
-2.2200148926e+03
1.5236973877e+03
5.2269536133e+03
-6.1900776367e+03
-2.3690998535e+03
1.3807895508e+03
5.0844692383e+03
-6.3159936523e+03
-2.4954423828e+03
1.2552022705e+03
4.9586933594e+03
-6.4234174805e+03
-2.6018942871e+03
1.1490284424e+03
4.8520532227e+03
-6.5096088867e+03
-2.6908359375e+03
1.0593439941e+03
4.7620361328e+03
-6.5852050781e+03
-2.7635615234e+03
9.8685449219e+02
4.6902670898e+03
-6.6408901367e+03
-2.8228420410e+03
9.2806127930e+02
4.6319042969e+03
-6.6905258789e+03
-2.8673781738e+03
8.8313885498e+02
4.5883247070e+03
-6.7209541016e+03
-2.9026799316e+03
8.5062188721e+02
4.5556928711e+03
-6.7458178711e+03
-2.9216369629e+03
8.2785485840e+02
4.5355625000e+03
-6.7559653320e+03
-2.9346574707e+03
8.1927716064e+02
4.5244042969e+03
-6.7559653320e+03
-2.9346574707e+03
8.1927716064e+02
4.5244042969e+03
-6.7458178711e+03
-2.9216369629e+03
8.2785485840e+02
4.5355625000e+03
-6.7209541016e+03
-2.9026799316e+03
8.5062188721e+02
4.5556928711e+03
-6.6905258789e+03
-2.8673781738e+03
8.8313885498e+02
4.5883247070e+03
-6.6408901367e+03
-2.8228420410e+03
9.2806127930e+02
4.6319042969e+03
-6.5852050781e+03
-2.7635615234e+03
9.8685449219e+02
4.6902670898e+03
-6.5096088867e+03
-2.6908359375e+03
1.0593439941e+03
4.7620361328e+03
-6.4234174805e+03
-2.6018942871e+03
1.1490284424e+03
4.8520532227e+03
-6.3159936523e+03
-2.4954423828e+03
1.2552022705e+03
4.9586933594e+03
-6.1900776367e+03
-2.3690998535e+03
1.3807895508e+03
5.0844692383e+03
-6.0352514648e+03
-2.2200148926e+03
1.5236973877e+03
5.2269536133e+03
-5.8395366211e+03
-2.0416156006e+03
1.6774948730e+03
5.3734946289e+03
-5.5408862305e+03
-2.0349766846e+03
1.4411423340e+03
4.9361333008e+03
-5.7058940430e+03
-2.1706984863e+03
1.3275881348e+03
4.8182343750e+03
-5.8410781250e+03
-2.2945329590e+03
1.2094768066e+03
4.6933828125e+03
-5.9543295898e+03
-2.4046411133e+03
1.1001334229e+03
4.5818623047e+03
-6.0477109375e+03
-2.4996069336e+03
1.0044255981e+03
4.4838837891e+03
-6.1292758789e+03
-2.5796264648e+03
9.2382159424e+02
4.4028535156e+03
-6.1922753906e+03
-2.6464987793e+03
8.5655450439e+02
4.3352915039e+03
-6.2494916992e+03
-2.6994821777e+03
8.0303039551e+02
4.2824697266e+03
-6.2867719727e+03
-2.7426298828e+03
7.6130438232e+02
4.2408002930e+03
-6.3222070312e+03
-2.7709707031e+03
7.3027471924e+02
4.2114916992e+03
-6.3389335938e+03
-2.7951215820e+03
7.1198187256e+02
4.1913393555e+03
-6.3503320312e+03
-2.8017897949e+03
6.9918249512e+02
4.1828051758e+03
-6.3503320312e+03
-2.8017897949e+03
6.9918249512e+02
4.1828051758e+03
-6.3389335938e+03
-2.7951215820e+03
7.1198187256e+02
4.1913393555e+03
-6.3222070312e+03
-2.7709707031e+03
7.3027471924e+02
4.2114916992e+03
-6.2867719727e+03
-2.7426298828e+03
7.6130438232e+02
4.2408002930e+03
-6.2494916992e+03
-2.6994821777e+03
8.0303039551e+02
4.2824697266e+03
-6.1922753906e+03
-2.6464987793e+03
8.5655450439e+02
4.3352915039e+03
-6.1292758789e+03
-2.5796264648e+03
9.2382159424e+02
4.4028535156e+03
-6.0477109375e+03
-2.4996069336e+03
1.0044255981e+03
4.4838837891e+03
-5.9543295898e+03
-2.4046411133e+03
1.1001334229e+03
4.5818623047e+03
-5.8410781250e+03
-2.2945329590e+03
1.2094768066e+03
4.6933828125e+03
-5.7058940430e+03
-2.1706984863e+03
1.3275881348e+03
4.8182343750e+03
-5.5408862305e+03
-2.0349766846e+03
1.4411423340e+03
4.9361333008e+03
-5.0931948242e+03
-2.0144791260e+03
1.1016228027e+03
4.2914213867e+03
-5.2142333984e+03
-2.0913142090e+03
1.0441500244e+03
4.2134916992e+03
-5.3238110352e+03
-2.1797524414e+03
9.6070739746e+02
4.1138774414e+03
-5.4145776367e+03
-2.2671228027e+03
8.7349914551e+02
4.0209982910e+03
-5.4953754883e+03
-2.3454284668e+03
7.9424682617e+02
3.9379660645e+03
-5.5600087891e+03
-2.4136936035e+03
7.2474316406e+02
3.8667375488e+03
-5.6192832031e+03
-2.4702390137e+03
6.6700152588e+02
3.8084482422e+03
-5.6605214844e+03
-2.5177783203e+03
6.1967749023e+02
3.7607480469e+03
-5.7020874023e+03
-2.5527412109e+03
5.8270220947e+02
3.7245378418e+03
-5.7224702148e+03
-2.5825908203e+03
5.5635858154e+02
3.6971145020e+03
-5.7451425781e+03
-2.5950290527e+03
5.3661730957e+02
3.6801657715e+03
-5.7516455078e+03
-2.6090905762e+03
5.3223785400e+02
3.6700983887e+03
-5.7516455078e+03
-2.6090905762e+03
5.3223785400e+02
3.6700983887e+03
-5.7451425781e+03
-2.5950290527e+03
5.3661730957e+02
3.6801657715e+03
-5.7224702148e+03
-2.5825908203e+03
5.5635858154e+02
3.6971145020e+03
-5.7020874023e+03
-2.5527412109e+03
5.8270220947e+02
3.7245378418e+03
-5.6605214844e+03
-2.5177783203e+03
6.1967749023e+02
3.7607480469e+03
-5.6192832031e+03
-2.4702390137e+03
6.6700152588e+02
3.8084482422e+03
-5.5600087891e+03
-2.4136936035e+03
7.2474316406e+02
3.8667375488e+03
-5.4953754883e+03
-2.3454284668e+03
7.9424682617e+02
3.9379660645e+03
-5.4145776367e+03
-2.2671228027e+03
8.7349914551e+02
4.0209982910e+03
-5.3238110352e+03
-2.1797524414e+03
9.6070739746e+02
4.1138774414e+03
-5.2142333984e+03
-2.0913142090e+03
1.0441500244e+03
4.2134916992e+03
-5.0931948242e+03
-2.0144791260e+03
1.1016228027e+03
4.2914213867e+03
-4.5226240234e+03
-1.9700888672e+03
6.9366192627e+02
3.4950202637e+03
-4.5934599609e+03
-1.9792203369e+03
7.0014276123e+02
3.4622578125e+03
-4.6714970703e+03
-2.0271536865e+03
6.5648107910e+02
3.3915263672e+03
-4.7407128906e+03
-2.0880466309e+03
5.9532843018e+02
3.3211799316e+03
-4.8006484375e+03
-2.1477236328e+03
5.3420947266e+02
3.2541694336e+03
-4.8558549805e+03
-2.2012124023e+03
4.7891210938e+02
3.1964394531e+03
-4.8972514648e+03
-2.2481345215e+03
4.3107534790e+02
3.1471145020e+03
-4.9391904297e+03
-2.2852932129e+03
3.9181671143e+02
3.1075566406e+03
-4.9615815430e+03
-2.3175480957e+03
3.6108108521e+02
3.0759545898e+03
-4.9915986328e+03
-2.3367690430e+03
3.3714868164e+02
3.0536403809e+03
-4.9984243164e+03
-2.3587067871e+03
3.2419216919e+02
3.0380583496e+03
-5.0097441406e+03
-2.3576540527e+03
3.0994403076e+02
3.0325004883e+03
-5.0097441406e+03
-2.3576540527e+03
3.0994403076e+02
3.0325004883e+03
-4.9984243164e+03
-2.3587067871e+03
3.2419216919e+02
3.0380583496e+03
-4.9915986328e+03
-2.3367690430e+03
3.3714868164e+02
3.0536403809e+03
-4.9615815430e+03
-2.3175480957e+03
3.6108108521e+02
3.0759545898e+03
-4.9391904297e+03
-2.2852932129e+03
3.9181671143e+02
3.1075566406e+03
-4.8972514648e+03
-2.2481345215e+03
4.3107534790e+02
3.1471145020e+03
-4.8558549805e+03
-2.2012124023e+03
4.7891210938e+02
3.1964394531e+03
-4.8006484375e+03
-2.1477236328e+03
5.3420947266e+02
3.2541694336e+03
-4.7407128906e+03
-2.0880466309e+03
5.9532843018e+02
3.3211799316e+03
-4.6714970703e+03
-2.0271536865e+03
6.5648107910e+02
3.3915263672e+03
-4.5934599609e+03
-1.9792203369e+03
7.0014276123e+02
3.4622578125e+03
-4.5226240234e+03
-1.9700888672e+03
6.9366192627e+02
3.4950202637e+03
-3.8559614258e+03
-1.8926685791e+03
2.5539639282e+02
2.6030395508e+03
-3.8751970215e+03
-1.8341005859e+03
3.2595162964e+02
2.6151076660e+03
-3.9237143555e+03
-1.8412469482e+03
3.2212240601e+02
2.5732480469e+03
-3.9677839355e+03
-1.8760465088e+03
2.8685586548e+02
2.5253034668e+03
-4.0136081543e+03
-1.9164156494e+03
2.4483773804e+02
2.4756469727e+03
-4.0501928711e+03
-1.9565233154e+03
2.0318815613e+02
2.4307746582e+03
-4.0881169434e+03
-1.9912072754e+03
1.6633131409e+02
2.3921176758e+03
-4.1110698242e+03
-2.0227065430e+03
1.3505734253e+02
2.3596638184e+03
-4.1420732422e+03
-2.0445712891e+03
1.0946726227e+02
2.3343652344e+03
-4.1483183594e+03
-2.0665939941e+03
9.1890083313e+01
2.3146938477e+03
-4.1713598633e+03
-2.0696928711e+03
7.6859954834e+01
2.3025766602e+03
-4.1689174805e+03
-2.0896430664e+03
8.0582115173e+01
2.2936997070e+03
-4.1689174805e+03
-2.0896430664e+03
8.0582115173e+01
2.2936997070e+03
-4.1713598633e+03
-2.0696928711e+03
7.6859954834e+01
2.3025766602e+03
-4.1483183594e+03
-2.0665939941e+03
9.1890083313e+01
2.3146938477e+03
-4.1420732422e+03
-2.0445712891e+03
1.0946726227e+02
2.3343652344e+03
-4.1110698242e+03
-2.0227065430e+03
1.3505734253e+02
2.3596638184e+03
-4.0881169434e+03
-1.9912072754e+03
1.6633131409e+02
2.3921176758e+03
-4.0501928711e+03
-1.9565233154e+03
2.0318815613e+02
2.4307746582e+03
-4.0136081543e+03
-1.9164156494e+03
2.4483773804e+02
2.4756469727e+03
-3.9677839355e+03
-1.8760465088e+03
2.8685586548e+02
2.5253034668e+03
-3.9237143555e+03
-1.8412469482e+03
3.2212240601e+02
2.5732480469e+03
-3.8751970215e+03
-1.8341005859e+03
3.2595162964e+02
2.6151076660e+03
-3.8559614258e+03
-1.8926685791e+03
2.5539639282e+02
2.6030395508e+03
-3.1170419922e+03
-1.7724978027e+03
-1.8072303772e+02
1.6665579834e+03
-3.0905195312e+03
-1.6538569336e+03
-5.3818431854e+01
1.7169877930e+03
-3.1109060059e+03
-1.6251198730e+03
-2.2643442154e+01
1.7005675049e+03
-3.1368139648e+03
-1.6365393066e+03
-3.4667041779e+01
1.6727800293e+03
-3.1644494629e+03
-1.6606621094e+03
-6.0260528564e+01
1.6384647217e+03
-3.1944709473e+03
-1.6875229492e+03
-8.8982109070e+01
1.6060274658e+03
-3.2155612793e+03
-1.7142565918e+03
-1.1633991241e+02
1.5767885742e+03
-3.2431777344e+03
-1.7353818359e+03
-1.4030880737e+02
1.5522061768e+03
-3.2515141602e+03
-1.7571199951e+03
-1.5917155457e+02
1.5318923340e+03
-3.2791015625e+03
-1.7666890869e+03
-1.7575202942e+02
1.5170909424e+03
-3.2700153809e+03
-1.7875529785e+03
-1.8257768250e+02
1.5060377197e+03
-3.2909826660e+03
-1.7696420898e+03
-2.0182943726e+02
1.5041728516e+03
-3.2909826660e+03
-1.7696420898e+03
-2.0182943726e+02
1.5041728516e+03
-3.2700153809e+03
-1.7875529785e+03
-1.8257768250e+02
1.5060377197e+03
-3.2791015625e+03
-1.7666890869e+03
-1.7575202942e+02
1.5170909424e+03
-3.2515141602e+03
-1.7571199951e+03
-1.5917155457e+02
1.5318923340e+03
-3.2431777344e+03
-1.7353818359e+03
-1.4030880737e+02
1.5522061768e+03
-3.2155612793e+03
-1.7142565918e+03
-1.1633991241e+02
1.5767885742e+03
-3.1944709473e+03
-1.6875229492e+03
-8.8982109070e+01
1.6060274658e+03
-3.1644494629e+03
-1.6606621094e+03
-6.0260528564e+01
1.6384647217e+03
-3.1368139648e+03
-1.6365393066e+03
-3.4667041779e+01
1.6727800293e+03
-3.1109060059e+03
-1.6251198730e+03
-2.2643442154e+01
1.7005675049e+03
-3.0905195312e+03
-1.6538569336e+03
-5.3818431854e+01
1.7169877930e+03
-3.1170419922e+03
-1.7724978027e+03
-1.8072303772e+02
1.6665579834e+03
-2.3243688965e+03
-1.6032083740e+03
-5.8780090332e+02
7.2393280029e+02
-2.2609892578e+03
-1.4387283936e+03
-4.1843200684e+02
8.0236663818e+02
-2.2615053711e+03
-1.3824270020e+03
-3.6070904541e+02
8.0458935547e+02
-2.2701018066e+03
-1.3764216309e+03
-3.5548123169e+02
7.9216540527e+02
-2.2898217773e+03
-1.3875659180e+03
-3.6805160522e+02
7.6950036621e+02
-2.3057124023e+03
-1.4059493408e+03
-3.8761532593e+02
7.4639135742e+02
-2.3280178223e+03
-1.4236818848e+03
-4.0771398926e+02
7.2441717529e+02
-2.3372932129e+03
-1.4429925537e+03
-4.2558874512e+02
7.0551141357e+02
-2.3616313477e+03
-1.4535056152e+03
-4.4175445557e+02
6.9083068848e+02
-2.3542861328e+03
-1.4717697754e+03
-4.5061605835e+02
6.8009533691e+02
-2.3900842285e+03
-1.4657436523e+03
-4.6317337036e+02
6.7472210693e+02
-2.3605415039e+03
-1.5062082520e+03
-4.4777722168e+02
6.6756359863e+02
-2.3605415039e+03
-1.5062082520e+03
-4.4777722168e+02
6.6756359863e+02
-2.3900842285e+03
-1.4657436523e+03
-4.6317337036e+02
6.7472210693e+02
-2.3542861328e+03
-1.4717697754e+03
-4.5061605835e+02
6.8009533691e+02
-2.3616313477e+03
-1.4535056152e+03
-4.4175445557e+02
6.9083068848e+02
-2.3372932129e+03
-1.4429925537e+03
-4.2558874512e+02
7.0551141357e+02
-2.3280178223e+03
-1.4236818848e+03
-4.0771398926e+02
7.2441717529e+02
-2.3057124023e+03
-1.4059493408e+03
-3.8761532593e+02
7.4639135742e+02
-2.2898217773e+03
-1.3875659180e+03
-3.6805160522e+02
7.6950036621e+02
-2.2701018066e+03
-1.3764216309e+03
-3.5548123169e+02
7.9216540527e+02
-2.2615053711e+03
-1.3824270020e+03
-3.6070904541e+02
8.0458935547e+02
-2.2609892578e+03
-1.4387283936e+03
-4.1843200684e+02
8.0236663818e+02
-2.3243688965e+03
-1.6032083740e+03
-5.8780090332e+02
7.2393280029e+02
-1.4912696533e+03
-1.3798590088e+03
-9.4859539795e+02
-1.9703359985e+02
-1.4049287109e+03
-1.1879475098e+03
-7.5496740723e+02
-1.0455711365e+02
-1.3913907471e+03
-1.1153636475e+03
-6.8209924316e+02
-9.1768867493e+01
-1.3929848633e+03
-1.0986143799e+03
-6.6646160889e+02
-9.5450141907e+01
-1.4023409424e+03
-1.1027951660e+03
-6.7172607422e+02
-1.1134296417e+02
-1.4183145752e+03
-1.1142506104e+03
-6.8582525635e+02
-1.2942495728e+02
-1.4264910889e+03
-1.1302648926e+03
-7.0165484619e+02
-1.4846650696e+02
-1.4461710205e+03
-1.1412257080e+03
-7.1884277344e+02
-1.6553134155e+02
-1.4416724854e+03
-1.1595324707e+03
-7.3119958496e+02
-1.8080305481e+02
-1.4715595703e+03
-1.1570997314e+03
-7.4727313232e+02
-1.9342239380e+02
-1.4327015381e+03
-1.1821324463e+03
-7.4640454102e+02
-2.0362849426e+02
-1.5031561279e+03
-1.1298040771e+03
-7.7482403564e+02
-2.0360112000e+02
-1.5031561279e+03
-1.1298040771e+03
-7.7482403564e+02
-2.0360112000e+02
-1.4327015381e+03
-1.1821324463e+03
-7.4640454102e+02
-2.0362849426e+02
-1.4715595703e+03
-1.1570997314e+03
-7.4727313232e+02
-1.9342239380e+02
-1.4416724854e+03
-1.1595324707e+03
-7.3119958496e+02
-1.8080305481e+02
-1.4461710205e+03
-1.1412257080e+03
-7.1884277344e+02
-1.6553134155e+02
-1.4264910889e+03
-1.1302648926e+03
-7.0165484619e+02
-1.4846650696e+02
-1.4183145752e+03
-1.1142506104e+03
-6.8582525635e+02
-1.2942495728e+02
-1.4023409424e+03
-1.1027951660e+03
-6.7172607422e+02
-1.1134296417e+02
-1.3929848633e+03
-1.0986143799e+03
-6.6646160889e+02
-9.5450141907e+01
-1.3913907471e+03
-1.1153636475e+03
-6.8209924316e+02
-9.1768867493e+01
-1.4049287109e+03
-1.1879475098e+03
-7.5496740723e+02
-1.0455711365e+02
-1.4912696533e+03
-1.3798590088e+03
-9.4859539795e+02
-1.9703359985e+02
-6.2768859863e+02
-1.1021921387e+03
-1.2524097900e+03
-1.0801466064e+03
-5.3223217773e+02
-9.0396502686e+02
-1.0549486084e+03
-9.8865509033e+02
-5.1656909180e+02
-8.2686309814e+02
-9.7963183594e+02
-9.7395111084e+02
-5.1342462158e+02
-8.0867816162e+02
-9.6080816650e+02
-9.7616485596e+02
-5.2615350342e+02
-8.0918719482e+02
-9.6501922607e+02
-9.8868444824e+02
-5.3311584473e+02
-8.2199548340e+02
-9.7571374512e+02
-1.0072011719e+03
-5.5198883057e+02
-8.3106164551e+02
-9.9286859131e+02
-1.0237560425e+03
-5.4900085449e+02
-8.5012695312e+02
-1.0053089600e+03
-1.0437324219e+03
-5.7615435791e+02
-8.4972839355e+02
-1.0250250244e+03
-1.0626132812e+03
-5.4369427490e+02
-8.7833447266e+02
-1.0296444092e+03
-1.0791479492e+03
-6.0149481201e+02
-8.4839599609e+02
-1.0565234375e+03
-1.0935296631e+03
-4.5807492065e+02
-9.2511322021e+02
-1.0332239990e+03
-1.1063081055e+03
-4.5807492065e+02
-9.2511322021e+02
-1.0332239990e+03
-1.1063081055e+03
-6.0149481201e+02
-8.4839599609e+02
-1.0565234375e+03
-1.0935296631e+03
-5.4369427490e+02
-8.7833447266e+02
-1.0296444092e+03
-1.0791479492e+03
-5.7615435791e+02
-8.4972839355e+02
-1.0250250244e+03
-1.0626132812e+03
-5.4900085449e+02
-8.5012695312e+02
-1.0053089600e+03
-1.0437324219e+03
-5.5198883057e+02
-8.3106164551e+02
-9.9286859131e+02
-1.0237560425e+03
-5.3311584473e+02
-8.2199548340e+02
-9.7571374512e+02
-1.0072011719e+03
-5.2615350342e+02
-8.0918719482e+02
-9.6501922607e+02
-9.8868444824e+02
-5.1342462158e+02
-8.0867816162e+02
-9.6080816650e+02
-9.7616485596e+02
-5.1656909180e+02
-8.2686309814e+02
-9.7963183594e+02
-9.7395111084e+02
-5.3223217773e+02
-9.0396502686e+02
-1.0549486084e+03
-9.8865509033e+02
-6.2768859863e+02
-1.1021921387e+03
-1.2524097900e+03
-1.0801466064e+03
2.5788623047e+02
-7.7303857422e+02
-1.4969334717e+03
-1.9165500488e+03
3.4608776855e+02
-5.8905853271e+02
-1.3167879639e+03
-1.8408552246e+03
3.5699240112e+02
-5.2095733643e+02
-1.2510498047e+03
-1.8331568604e+03
3.5207592773e+02
-5.0822399902e+02
-1.2374576416e+03
-1.8391125488e+03
3.3811343384e+02
-5.1348858643e+02
-1.2448797607e+03
-1.8535660400e+03
3.2094421387e+02
-5.2791662598e+02
-1.2574766846e+03
-1.8726474609e+03
3.0812832642e+02
-5.4139807129e+02
-1.2750740967e+03
-1.8896408691e+03
2.9274639893e+02
-5.5641186523e+02
-1.2885045166e+03
-1.9084916992e+03
2.8810614014e+02
-5.6586529541e+02
-1.3034371338e+03
-1.9266564941e+03
2.7529122925e+02
-5.7570172119e+02
-1.3127492676e+03
-1.9365729980e+03
2.7538635254e+02
-5.7813488770e+02
-1.3051046143e+03
-1.9555672607e+03
2.9166967773e+02
-5.1758435059e+02
-1.3292298584e+03
-1.9510878906e+03
2.9166967773e+02
-5.1758435059e+02
-1.3292298584e+03
-1.9510878906e+03
2.7538635254e+02
-5.7813488770e+02
-1.3051046143e+03
-1.9555672607e+03
2.7529122925e+02
-5.7570172119e+02
-1.3127492676e+03
-1.9365729980e+03
2.8810614014e+02
-5.6586529541e+02
-1.3034371338e+03
-1.9266564941e+03
2.9274639893e+02
-5.5641186523e+02
-1.2885045166e+03
-1.9084916992e+03
3.0812832642e+02
-5.4139807129e+02
-1.2750740967e+03
-1.8896408691e+03
3.2094421387e+02
-5.2791662598e+02
-1.2574766846e+03
-1.8726474609e+03
3.3811343384e+02
-5.1348858643e+02
-1.2448797607e+03
-1.8535660400e+03
3.5207592773e+02
-5.0822399902e+02
-1.2374576416e+03
-1.8391125488e+03
3.5699240112e+02
-5.2095733643e+02
-1.2510498047e+03
-1.8331568604e+03
3.4608776855e+02
-5.8905853271e+02
-1.3167879639e+03
-1.8408552246e+03
2.5788623047e+02
-7.7303857422e+02
-1.4969334717e+03
-1.9165500488e+03
1.1553162842e+03
-4.0074801636e+02
-1.6841547852e+03
-2.7028190918e+03
1.2229675293e+03
-2.5017907715e+02
-1.5407589111e+03
-2.6557912598e+03
1.2182912598e+03
-2.0281593323e+02
-1.4955587158e+03
-2.6636486816e+03
1.2023193359e+03
-2.0327452087e+02
-1.4954414062e+03
-2.6784819336e+03
1.1750703125e+03
-2.1894807434e+02
-1.5102158203e+03
-2.6999887695e+03
1.1529862061e+03
-2.4051614380e+02
-1.5301552734e+03
-2.7212619629e+03
1.1255640869e+03
-2.6029647827e+02
-1.5501002197e+03
-2.7413132324e+03
1.1124775391e+03
-2.8054638672e+02
-1.5674315186e+03
-2.7590290527e+03
1.0852845459e+03
-2.9246215820e+02
-1.5829465332e+03
-2.7720766602e+03
1.0865751953e+03
-3.0953924561e+02
-1.5900528564e+03
-2.7844196777e+03
1.0526107178e+03
-3.0570288086e+02
-1.6019348145e+03
-2.7862822266e+03
1.0276840820e+03
-3.3684710693e+02
-1.5857377930e+03
-2.7964733887e+03
1.0276840820e+03
-3.3684710693e+02
-1.5857377930e+03
-2.7964733887e+03
1.0526107178e+03
-3.0570288086e+02
-1.6019348145e+03
-2.7862822266e+03
1.0865751953e+03
-3.0953924561e+02
-1.5900528564e+03
-2.7844196777e+03
1.0852845459e+03
-2.9246215820e+02
-1.5829465332e+03
-2.7720766602e+03
1.1124775391e+03
-2.8054638672e+02
-1.5674315186e+03
-2.7590290527e+03
1.1255640869e+03
-2.6029647827e+02
-1.5501002197e+03
-2.7413132324e+03
1.1529862061e+03
-2.4051614380e+02
-1.5301552734e+03
-2.7212619629e+03
1.1750703125e+03
-2.1894807434e+02
-1.5102158203e+03
-2.6999887695e+03
1.2023193359e+03
-2.0327452087e+02
-1.4954414062e+03
-2.6784819336e+03
1.2182912598e+03
-2.0281593323e+02
-1.4955587158e+03
-2.6636486816e+03
1.2229675293e+03
-2.5017907715e+02
-1.5407589111e+03
-2.6557912598e+03
1.1553162842e+03
-4.0074801636e+02
-1.6841547852e+03
-2.7028190918e+03
2.0483759766e+03
2.4967169762e+00
-1.8206787109e+03
-3.4337788086e+03
2.0832385254e+03
1.0441811371e+02
-1.7293386230e+03
-3.4263625488e+03
2.0583146973e+03
1.2157445526e+02
-1.7145451660e+03
-3.4560148926e+03
2.0224183350e+03
1.0191365814e+02
-1.7334562988e+03
-3.4860988770e+03
1.9850283203e+03
7.1256431580e+01
-1.7614726562e+03
-3.5184555664e+03
1.9454415283e+03
3.9936286926e+01
-1.7913713379e+03
-3.5471186523e+03
1.9176450195e+03
9.1257400513e+00
-1.8181905518e+03
-3.5731511230e+03
1.8825826416e+03
-1.3972560883e+01
-1.8425687256e+03
-3.5940339355e+03
1.8711866455e+03
-3.9210536957e+01
-1.8600682373e+03
-3.6118164062e+03
1.8366066895e+03
-4.8219360352e+01
-1.8784920654e+03
-3.6232929688e+03
1.8471170654e+03
-7.3772300720e+01
-1.8853681641e+03
-3.6341713867e+03
1.8552784424e+03
-7.0812362671e+01
-1.9033823242e+03
-3.6331503906e+03
1.8552784424e+03
-7.0812362671e+01
-1.9033823242e+03
-3.6331503906e+03
1.8471170654e+03
-7.3772300720e+01
-1.8853681641e+03
-3.6341713867e+03
1.8366066895e+03
-4.8219360352e+01
-1.8784920654e+03
-3.6232929688e+03
1.8711866455e+03
-3.9210536957e+01
-1.8600682373e+03
-3.6118164062e+03
1.8825826416e+03
-1.3972560883e+01
-1.8425687256e+03
-3.5940339355e+03
1.9176450195e+03
9.1257400513e+00
-1.8181905518e+03
-3.5731511230e+03
1.9454415283e+03
3.9936286926e+01
-1.7913713379e+03
-3.5471186523e+03
1.9850283203e+03
7.1256431580e+01
-1.7614726562e+03
-3.5184555664e+03
2.0224183350e+03
1.0191365814e+02
-1.7334562988e+03
-3.4860988770e+03
2.0583146973e+03
1.2157445526e+02
-1.7145451660e+03
-3.4560148926e+03
2.0832385254e+03
1.0441811371e+02
-1.7293386230e+03
-3.4263625488e+03
2.0483759766e+03
2.4967169762e+00
-1.8206787109e+03
-3.4337788086e+03
2.9106101074e+03
4.1635708618e+02
-1.9129307861e+03
-4.0996923828e+03
2.9059060059e+03
4.5942419434e+02
-1.8835167236e+03
-4.1383886719e+03
2.8540715332e+03
4.4094116211e+02
-1.9053371582e+03
-4.1945947266e+03
2.8003603516e+03
3.9757678223e+02
-1.9473354492e+03
-4.2446137695e+03
2.7437326660e+03
3.5085751343e+02
-1.9920087891e+03
-4.2909638672e+03
2.6982680664e+03
3.0571972656e+02
-2.0337689209e+03
-4.3315532227e+03
2.6520549316e+03
2.6786727905e+02
-2.0707905273e+03
-4.3657114258e+03
2.6247084961e+03
2.3306678772e+02
-2.1007355957e+03
-4.3947543945e+03
2.5872739258e+03
2.1109512329e+02
-2.1268071289e+03
-4.4170610352e+03
2.5833505859e+03
1.8503930664e+02
-2.1421804199e+03
-4.4350639648e+03
2.5542539062e+03
1.8498597717e+02
-2.1574519043e+03
-4.4451464844e+03
2.5393745117e+03
1.7867565918e+02
-2.1568156738e+03
-4.4544990234e+03
2.5393745117e+03
1.7867565918e+02
-2.1568156738e+03
-4.4544990234e+03
2.5542539062e+03
1.8498597717e+02
-2.1574519043e+03
-4.4451464844e+03
2.5833505859e+03
1.8503930664e+02
-2.1421804199e+03
-4.4350639648e+03
2.5872739258e+03
2.1109512329e+02
-2.1268071289e+03
-4.4170610352e+03
2.6247084961e+03
2.3306678772e+02
-2.1007355957e+03
-4.3947543945e+03
2.6520549316e+03
2.6786727905e+02
-2.0707905273e+03
-4.3657114258e+03
2.6982680664e+03
3.0571972656e+02
-2.0337689209e+03
-4.3315532227e+03
2.7437326660e+03
3.5085751343e+02
-1.9920087891e+03
-4.2909638672e+03
2.8003603516e+03
3.9757678223e+02
-1.9473354492e+03
-4.2446137695e+03
2.8540715332e+03
4.4094116211e+02
-1.9053371582e+03
-4.1945947266e+03
2.9059060059e+03
4.5942419434e+02
-1.8835167236e+03
-4.1383886719e+03
2.9106101074e+03
4.1635708618e+02
-1.9129307861e+03
-4.0996923828e+03
3.7021855469e+03
8.1471917725e+02
-1.9699122314e+03
-4.6824487305e+03
3.6541853027e+03
7.9626715088e+02
-2.0054844971e+03
-4.7691557617e+03
3.5765856934e+03
7.3974987793e+02
-2.0658073730e+03
-4.8536137695e+03
3.4997836914e+03
6.7239080811e+02
-2.1323776855e+03
-4.9249306641e+03
3.4316135254e+03
6.0793505859e+02
-2.1945546875e+03
-4.9877705078e+03
3.3684628906e+03
5.5105291748e+02
-2.2495500488e+03
-5.0404951172e+03
3.3221748047e+03
5.0163299561e+02
-2.2959016113e+03
-5.0854760742e+03
3.2750566406e+03
4.6365002441e+02
-2.3346945801e+03
-5.1214169922e+03
3.2522724609e+03
4.2926824951e+02
-2.3634755859e+03
-5.1504687500e+03
3.2159138184e+03
4.1219613647e+02
-2.3877895508e+03
-5.1709023438e+03
3.2113547363e+03
3.8783703613e+02
-2.3992150879e+03
-5.1857651367e+03
3.2084870605e+03
3.7721826172e+02
-2.4087890625e+03
-5.1904770508e+03
3.2084870605e+03
3.7721826172e+02
-2.4087890625e+03
-5.1904770508e+03
3.2113547363e+03
3.8783703613e+02
-2.3992150879e+03
-5.1857651367e+03
3.2159138184e+03
4.1219613647e+02
-2.3877895508e+03
-5.1709023438e+03
3.2522724609e+03
4.2926824951e+02
-2.3634755859e+03
-5.1504687500e+03
3.2750566406e+03
4.6365002441e+02
-2.3346945801e+03
-5.1214169922e+03
3.3221748047e+03
5.0163299561e+02
-2.2959016113e+03
-5.0854760742e+03
3.3684628906e+03
5.5105291748e+02
-2.2495500488e+03
-5.0404951172e+03
3.4316135254e+03
6.0793505859e+02
-2.1945546875e+03
-4.9877705078e+03
3.4997836914e+03
6.7239080811e+02
-2.1323776855e+03
-4.9249306641e+03
3.5765856934e+03
7.3974987793e+02
-2.0658073730e+03
-4.8536137695e+03
3.6541853027e+03
7.9626715088e+02
-2.0054844971e+03
-4.7691557617e+03
3.7021855469e+03
8.1471917725e+02
-1.9699122314e+03
-4.6824487305e+03
4.3740683594e+03
1.1640620117e+03
-1.9995443115e+03
-5.1595810547e+03
4.2861308594e+03
1.0880382080e+03
-2.0953225098e+03
-5.2901816406e+03
4.1822739258e+03
9.9661785889e+02
-2.1912983398e+03
-5.4009843750e+03
4.0887548828e+03
9.0666870117e+02
-2.2807915039e+03
-5.4927753906e+03
4.0027741699e+03
8.2650573730e+02
-2.3591850586e+03
-5.5704008789e+03
3.9344853516e+03
7.5735662842e+02
-2.4262473145e+03
-5.6359335938e+03
3.8718725586e+03
7.0054504395e+02
-2.4821723633e+03
-5.6897021484e+03
3.8302351074e+03
6.5284155273e+02
-2.5270642090e+03
-5.7339946289e+03
3.7860856934e+03
6.1920745850e+02
-2.5633576660e+03
-5.7678969727e+03
3.7691813965e+03
5.8799908447e+02
-2.5877827148e+03
-5.7937768555e+03
3.7445717773e+03
5.7673278809e+02
-2.6076940918e+03
-5.8096459961e+03
3.7334155273e+03
5.7187670898e+02
-2.6162893066e+03
-5.8190000000e+03
3.7334155273e+03
5.7187670898e+02
-2.6162893066e+03
-5.8190000000e+03
3.7445717773e+03
5.7673278809e+02
-2.6076940918e+03
-5.8096459961e+03
3.7691813965e+03
5.8799908447e+02
-2.5877827148e+03
-5.7937768555e+03
3.7860856934e+03
6.1920745850e+02
-2.5633576660e+03
-5.7678969727e+03
3.8302351074e+03
6.5284155273e+02
-2.5270642090e+03
-5.7339946289e+03
3.8718725586e+03
7.0054504395e+02
-2.4821723633e+03
-5.6897021484e+03
3.9344853516e+03
7.5735662842e+02
-2.4262473145e+03
-5.6359335938e+03
4.0027741699e+03
8.2650573730e+02
-2.3591850586e+03
-5.5704008789e+03
4.0887548828e+03
9.0666870117e+02
-2.2807915039e+03
-5.4927753906e+03
4.1822739258e+03
9.9661785889e+02
-2.1912983398e+03
-5.4009843750e+03
4.2861308594e+03
1.0880382080e+03
-2.0953225098e+03
-5.2901816406e+03
4.3740683594e+03
1.1640620117e+03
-1.9995443115e+03
-5.1595810547e+03
4.8739057617e+03
1.4317287598e+03
-2.0115937500e+03
-5.5059311523e+03
4.7533383789e+03
1.3101358643e+03
-2.1554826660e+03
-5.6713090820e+03
4.6308457031e+03
1.1906787109e+03
-2.2799072266e+03
-5.8027910156e+03
4.5199155273e+03
1.0829903564e+03
-2.3872790527e+03
-5.9102749023e+03
4.4268398438e+03
9.9048724365e+02
-2.4787312012e+03
-6.0006284180e+03
4.3446967773e+03
9.1237884521e+02
-2.5552060547e+03
-6.0750439453e+03
4.2833349609e+03
8.4788922119e+02
-2.6182875977e+03
-6.1373906250e+03
4.2267446289e+03
7.9725585938e+02
-2.6693591309e+03
-6.1868691406e+03
4.1931416016e+03
7.5553802490e+02
-2.7081806641e+03
-6.2263554688e+03
4.1571108398e+03
7.2992602539e+02
-2.7383740234e+03
-6.2545488281e+03
4.1430473633e+03
7.0716345215e+02
-2.7551865234e+03
-6.2741542969e+03
4.1350405273e+03
6.9441735840e+02
-2.7633996582e+03
-6.2831762695e+03
4.1350405273e+03
6.9441735840e+02
-2.7633996582e+03
-6.2831762695e+03
4.1430473633e+03
7.0716345215e+02
-2.7551865234e+03
-6.2741542969e+03
4.1571108398e+03
7.2992602539e+02
-2.7383740234e+03
-6.2545488281e+03
4.1931416016e+03
7.5553802490e+02
-2.7081806641e+03
-6.2263554688e+03
4.2267446289e+03
7.9725585938e+02
-2.6693591309e+03
-6.1868691406e+03
4.2833349609e+03
8.4788922119e+02
-2.6182875977e+03
-6.1373906250e+03
4.3446967773e+03
9.1237884521e+02
-2.5552060547e+03
-6.0750439453e+03
4.4268398438e+03
9.9048724365e+02
-2.4787312012e+03
-6.0006284180e+03
4.5199155273e+03
1.0829903564e+03
-2.3872790527e+03
-5.9102749023e+03
4.6308457031e+03
1.1906787109e+03
-2.2799072266e+03
-5.8027910156e+03
4.7533383789e+03
1.3101358643e+03
-2.1554826660e+03
-5.6713090820e+03
4.8739057617e+03
1.4317287598e+03
-2.0115937500e+03
-5.5059311523e+03
5.1575747070e+03
1.5881501465e+03
-2.0122701416e+03
-5.7006474609e+03
5.0175869141e+03
1.4377093506e+03
-2.1857956543e+03
-5.8866147461e+03
4.8820024414e+03
1.3013208008e+03
-2.3272026367e+03
-6.0300434570e+03
4.7649287109e+03
1.1833718262e+03
-2.4454511719e+03
-6.1473823242e+03
4.6614506836e+03
1.0831208496e+03
-2.5440954590e+03
-6.2438291016e+03
4.5799960938e+03
1.0000540161e+03
-2.6262707520e+03
-6.3249506836e+03
4.5079243164e+03
9.3191033936e+02
-2.6934865723e+03
-6.3906401367e+03
4.4576494141e+03
8.7696972656e+02
-2.7473200684e+03
-6.4446596680e+03
4.4107719727e+03
8.3627600098e+02
-2.7896389160e+03
-6.4858095703e+03
4.3855341797e+03
8.0328363037e+02
-2.8192893066e+03
-6.5169433594e+03
4.3625590820e+03
7.8543798828e+02
-2.8408369141e+03
-6.5364580078e+03
4.3522905273e+03
7.7822723389e+02
-2.8521979980e+03
-6.5463911133e+03
4.3522905273e+03
7.7822723389e+02
-2.8521979980e+03
-6.5463911133e+03
4.3625590820e+03
7.8543798828e+02
-2.8408369141e+03
-6.5364580078e+03
4.3855341797e+03
8.0328363037e+02
-2.8192893066e+03
-6.5169433594e+03
4.4107719727e+03
8.3627600098e+02
-2.7896389160e+03
-6.4858095703e+03
4.4576494141e+03
8.7696972656e+02
-2.7473200684e+03
-6.4446596680e+03
4.5079243164e+03
9.3191033936e+02
-2.6934865723e+03
-6.3906401367e+03
4.5799960938e+03
1.0000540161e+03
-2.6262707520e+03
-6.3249506836e+03
4.6614506836e+03
1.0831208496e+03
-2.5440954590e+03
-6.2438291016e+03
4.7649287109e+03
1.1833718262e+03
-2.4454511719e+03
-6.1473823242e+03
4.8820024414e+03
1.3013208008e+03
-2.3272026367e+03
-6.0300434570e+03
5.0175869141e+03
1.4377093506e+03
-2.1857956543e+03
-5.8866147461e+03
5.1575747070e+03
1.5881501465e+03
-2.0122701416e+03
-5.7006474609e+03
5.1959096680e+03
1.6159559326e+03
-2.0060968018e+03
-5.7286162109e+03
5.0508188477e+03
1.4581998291e+03
-2.1876271973e+03
-5.9186699219e+03
4.9147543945e+03
1.3180729980e+03
-2.3329804688e+03
-6.0638637695e+03
4.7932280273e+03
1.1976943359e+03
-2.4526943359e+03
-6.1814121094e+03
4.6933920898e+03
1.0973116455e+03
-2.5527233887e+03
-6.2798393555e+03
4.6055488281e+03
1.0127591553e+03
-2.6352170410e+03
-6.3600009766e+03
4.5398037109e+03
9.4447589111e+02
-2.7030156250e+03
-6.4275292969e+03
4.4811279297e+03
8.8985626221e+02
-2.7573950195e+03
-6.4806440430e+03
4.4430454102e+03
8.4676739502e+02
-2.7991601562e+03
-6.5231923828e+03
4.4087446289e+03
8.1747033691e+02
-2.8307011719e+03
-6.5535224609e+03
4.3911108398e+03
7.9628204346e+02
-2.8499519043e+03
-6.5743076172e+03
4.3814394531e+03
7.8441241455e+02
-2.8586293945e+03
-6.5845488281e+03
4.3814394531e+03
7.8441241455e+02
-2.8586293945e+03
-6.5845488281e+03
4.3911108398e+03
7.9628204346e+02
-2.8499519043e+03
-6.5743076172e+03
4.4087446289e+03
8.1747033691e+02
-2.8307011719e+03
-6.5535224609e+03
4.4430454102e+03
8.4676739502e+02
-2.7991601562e+03
-6.5231923828e+03
4.4811279297e+03
8.8985626221e+02
-2.7573950195e+03
-6.4806440430e+03
4.5398037109e+03
9.4447589111e+02
-2.7030156250e+03
-6.4275292969e+03
4.6055488281e+03
1.0127591553e+03
-2.6352170410e+03
-6.3600009766e+03
4.6933920898e+03
1.0973116455e+03
-2.5527233887e+03
-6.2798393555e+03
4.7932280273e+03
1.1976943359e+03
-2.4526943359e+03
-6.1814121094e+03
4.9147543945e+03
1.3180729980e+03
-2.3329804688e+03
-6.0638637695e+03
5.0508188477e+03
1.4581998291e+03
-2.1876271973e+03
-5.9186699219e+03
5.1959096680e+03
1.6159559326e+03
-2.0060968018e+03
-5.7286162109e+03
4.9824252930e+03
1.5116636963e+03
-1.9929029541e+03
-5.5850073242e+03
4.8488442383e+03
1.3667946777e+03
-2.1595195312e+03
-5.7621987305e+03
4.7188525391e+03
1.2359177246e+03
-2.2944814453e+03
-5.8977465820e+03
4.6073164062e+03
1.1235417480e+03
-2.4072539062e+03
-6.0093955078e+03
4.5070307617e+03
1.0268986816e+03
-2.5011987305e+03
-6.1001679688e+03
4.4290483398e+03
9.4784173584e+02
-2.5797280273e+03
-6.1777529297e+03
4.3592714844e+03
8.8169732666e+02
-2.6439252930e+03
-6.2397934570e+03
4.3098623047e+03
8.2939813232e+02
-2.6956374512e+03
-6.2915708008e+03
4.2658149414e+03
7.8923736572e+02
-2.7360373535e+03
-6.3306948242e+03
4.2390712891e+03
7.5880987549e+02
-2.7649597168e+03
-6.3605200195e+03
4.2181699219e+03
7.3990020752e+02
-2.7847705078e+03
-6.3793828125e+03
4.2087954102e+03
7.3170318604e+02
-2.7953469238e+03
-6.3887597656e+03
4.2087954102e+03
7.3170318604e+02
-2.7953469238e+03
-6.3887597656e+03
4.2181699219e+03
7.3990020752e+02
-2.7847705078e+03
-6.3793828125e+03
4.2390712891e+03
7.5880987549e+02
-2.7649597168e+03
-6.3605200195e+03
4.2658149414e+03
7.8923736572e+02
-2.7360373535e+03
-6.3306948242e+03
4.3098623047e+03
8.2939813232e+02
-2.6956374512e+03
-6.2915708008e+03
4.3592714844e+03
8.8169732666e+02
-2.6439252930e+03
-6.2397934570e+03
4.4290483398e+03
9.4784173584e+02
-2.5797280273e+03
-6.1777529297e+03
4.5070307617e+03
1.0268986816e+03
-2.5011987305e+03
-6.1001679688e+03
4.6073164062e+03
1.1235417480e+03
-2.4072539062e+03
-6.0093955078e+03
4.7188525391e+03
1.2359177246e+03
-2.2944814453e+03
-5.8977465820e+03
4.8488442383e+03
1.3667946777e+03
-2.1595195312e+03
-5.7621987305e+03
4.9824252930e+03
1.5116636963e+03
-1.9929029541e+03
-5.5850073242e+03
4.5335844727e+03
1.2855174561e+03
-1.9665295410e+03
-5.2754301758e+03
4.4232875977e+03
1.1734066162e+03
-2.0993198242e+03
-5.4245888672e+03
4.3125952148e+03
1.0646397705e+03
-2.2128359375e+03
-5.5428217773e+03
4.2091850586e+03
9.6525988770e+02
-2.3099533691e+03
-5.6380317383e+03
4.1250488281e+03
8.8183312988e+02
-2.3931835938e+03
-5.7203867188e+03
4.0476215820e+03
8.0872821045e+02
-2.4626538086e+03
-5.7863574219e+03
3.9905056152e+03
7.5039709473e+02
-2.5205158691e+03
-5.8436635742e+03
3.9386152344e+03
7.0214147949e+02
-2.5671379395e+03
-5.8880942383e+03
3.9038933105e+03
6.6497668457e+02
-2.6033784180e+03
-5.9244340820e+03
3.8742253418e+03
6.3811193848e+02
-2.6304729004e+03
-5.9501416016e+03
3.8575769043e+03
6.2024163818e+02
-2.6478256836e+03
-5.9677978516e+03
3.8484711914e+03
6.1050250244e+02
-2.6558151855e+03
-5.9765058594e+03
3.8484711914e+03
6.1050250244e+02
-2.6558151855e+03
-5.9765058594e+03
3.8575769043e+03
6.2024163818e+02
-2.6478256836e+03
-5.9677978516e+03
3.8742253418e+03
6.3811193848e+02
-2.6304729004e+03
-5.9501416016e+03
3.9038933105e+03
6.6497668457e+02
-2.6033784180e+03
-5.9244340820e+03
3.9386152344e+03
7.0214147949e+02
-2.5671379395e+03
-5.8880942383e+03
3.9905056152e+03
7.5039709473e+02
-2.5205158691e+03
-5.8436635742e+03
4.0476215820e+03
8.0872821045e+02
-2.4626538086e+03
-5.7863574219e+03
4.1250488281e+03
8.8183312988e+02
-2.3931835938e+03
-5.7203867188e+03
4.2091850586e+03
9.6525988770e+02
-2.3099533691e+03
-5.6380317383e+03
4.3125952148e+03
1.0646397705e+03
-2.2128359375e+03
-5.5428217773e+03
4.4232875977e+03
1.1734066162e+03
-2.0993198242e+03
-5.4245888672e+03
4.5335844727e+03
1.2855174561e+03
-1.9665295410e+03
-5.2754301758e+03
3.8835954590e+03
9.6552972412e+02
-1.9225863037e+03
-4.8124667969e+03
3.8085366211e+03
8.9774560547e+02
-2.0065592041e+03
-4.9238847656e+03
3.7171447754e+03
8.1714916992e+02
-2.0889599609e+03
-5.0159741211e+03
3.6380368652e+03
7.4069128418e+02
-2.1661489258e+03
-5.0953017578e+03
3.5595029297e+03
6.6863018799e+02
-2.2335007324e+03
-5.1592749023e+03
3.5006574707e+03
6.0987817383e+02
-2.2920051270e+03
-5.2171689453e+03
3.4441738281e+03
5.5776434326e+02
-2.3406398926e+03
-5.2624213867e+03
3.4047802734e+03
5.1717791748e+02
-2.3805961914e+03
-5.3018256836e+03
3.3689997559e+03
4.8453726196e+02
-2.4120063477e+03
-5.3311440430e+03
3.3465168457e+03
4.6069628906e+02
-2.4349704590e+03
-5.3540620117e+03
3.3294765625e+03
4.4482275391e+02
-2.4503027344e+03
-5.3685253906e+03
3.3218918457e+03
4.3765258789e+02
-2.4583679199e+03
-5.3758510742e+03
3.3218918457e+03
4.3765258789e+02
-2.4583679199e+03
-5.3758510742e+03
3.3294765625e+03
4.4482275391e+02
-2.4503027344e+03
-5.3685253906e+03
3.3465168457e+03
4.6069628906e+02
-2.4349704590e+03
-5.3540620117e+03
3.3689997559e+03
4.8453726196e+02
-2.4120063477e+03
-5.3311440430e+03
3.4047802734e+03
5.1717791748e+02
-2.3805961914e+03
-5.3018256836e+03
3.4441738281e+03
5.5776434326e+02
-2.3406398926e+03
-5.2624213867e+03
3.5006574707e+03
6.0987817383e+02
-2.2920051270e+03
-5.2171689453e+03
3.5595029297e+03
6.6863018799e+02
-2.2335007324e+03
-5.1592749023e+03
3.6380368652e+03
7.4069128418e+02
-2.1661489258e+03
-5.0953017578e+03
3.7171447754e+03
8.1714916992e+02
-2.0889599609e+03
-5.0159741211e+03
3.8085366211e+03
8.9774560547e+02
-2.0065592041e+03
-4.9238847656e+03
3.8835954590e+03
9.6552972412e+02
-1.9225863037e+03
-4.8124667969e+03
3.0829528809e+03
5.7581713867e+02
-1.8436062012e+03
-4.2189155273e+03
3.0429396973e+03
5.6046704102e+02
-1.8732135010e+03
-4.2858417969e+03
2.9826086426e+03
5.1594494629e+02
-1.9223669434e+03
-4.3536376953e+03
2.9150302734e+03
4.5805487061e+02
-1.9757153320e+03
-4.4076679688e+03
2.8623366699e+03
4.0771252441e+02
-2.0269687500e+03
-4.4611591797e+03
2.8061931152e+03
3.5736474609e+02
-2.0720583496e+03
-4.5021074219e+03
2.7671296387e+03
3.1799267578e+02
-2.1112690430e+03
-4.5410839844e+03
2.7284946289e+03
2.8298095703e+02
-2.1435114746e+03
-4.5704091797e+03
2.7030312500e+03
2.5658084106e+02
-2.1691887207e+03
-4.5957119141e+03
2.6807485352e+03
2.3633561707e+02
-2.1884377441e+03
-4.6133232422e+03
2.6680788574e+03
2.2341055298e+02
-2.2011804199e+03
-4.6257250977e+03
2.6609550781e+03
2.1641375732e+02
-2.2072226562e+03
-4.6317104492e+03
2.6609550781e+03
2.1641375732e+02
-2.2072226562e+03
-4.6317104492e+03
2.6680788574e+03
2.2341055298e+02
-2.2011804199e+03
-4.6257250977e+03
2.6807485352e+03
2.3633561707e+02
-2.1884377441e+03
-4.6133232422e+03
2.7030312500e+03
2.5658084106e+02
-2.1691887207e+03
-4.5957119141e+03
2.7284946289e+03
2.8298095703e+02
-2.1435114746e+03
-4.5704091797e+03
2.7671296387e+03
3.1799267578e+02
-2.1112690430e+03
-4.5410839844e+03
2.8061931152e+03
3.5736474609e+02
-2.0720583496e+03
-4.5021074219e+03
2.8623366699e+03
4.0771252441e+02
-2.0269687500e+03
-4.4611591797e+03
2.9150302734e+03
4.5805487061e+02
-1.9757153320e+03
-4.4076679688e+03
2.9826086426e+03
5.1594494629e+02
-1.9223669434e+03
-4.3536376953e+03
3.0429396973e+03
5.6046704102e+02
-1.8732135010e+03
-4.2858417969e+03
3.0829528809e+03
5.7581713867e+02
-1.8436062012e+03
-4.2189155273e+03
2.1750029297e+03
1.6481442261e+02
-1.7320976562e+03
-3.5118391113e+03
2.1749606934e+03
1.9840051270e+02
-1.7075727539e+03
-3.5379348145e+03
2.1319528809e+03
1.8222666931e+02
-1.7223205566e+03
-3.5754594727e+03
2.0969802246e+03
1.5313366699e+02
-1.7547752686e+03
-3.6167658691e+03
2.0469222412e+03
1.1260235596e+02
-1.7890473633e+03
-3.6487575684e+03
2.0147199707e+03
8.0529563904e+01
-1.8227500000e+03
-3.6839870605e+03
1.9767686768e+03
4.7213821411e+01
-1.8521419678e+03
-3.7099743652e+03
1.9522569580e+03
2.2031789780e+01
-1.8774886475e+03
-3.7352023926e+03
1.9277186279e+03
4.3751444668e-02
-1.8978106689e+03
-3.7534118652e+03
1.9126790771e+03
-1.5531244278e+01
-1.9131268311e+03
-3.7684973145e+03
1.9008018799e+03
-2.6562685013e+01
-1.9232901611e+03
-3.7778779297e+03
1.8956904297e+03
-3.1602779388e+01
-1.9285839844e+03
-3.7828403320e+03
1.8956904297e+03
-3.1602779388e+01
-1.9285839844e+03
-3.7828403320e+03
1.9008018799e+03
-2.6562685013e+01
-1.9232901611e+03
-3.7778779297e+03
1.9126790771e+03
-1.5531244278e+01
-1.9131268311e+03
-3.7684973145e+03
1.9277186279e+03
4.3751444668e-02
-1.8978106689e+03
-3.7534118652e+03
1.9522569580e+03
2.2031789780e+01
-1.8774886475e+03
-3.7352023926e+03
1.9767686768e+03
4.7213821411e+01
-1.8521419678e+03
-3.7099743652e+03
2.0147199707e+03
8.0529563904e+01
-1.8227500000e+03
-3.6839870605e+03
2.0469222412e+03
1.1260235596e+02
-1.7890473633e+03
-3.6487575684e+03
2.0969802246e+03
1.5313366699e+02
-1.7547752686e+03
-3.6167658691e+03
2.1319528809e+03
1.8222666931e+02
-1.7223205566e+03
-3.5754594727e+03
2.1749606934e+03
1.9840051270e+02
-1.7075727539e+03
-3.5379348145e+03
2.1750029297e+03
1.6481442261e+02
-1.7320976562e+03
-3.5118391113e+03
1.2187059326e+03
-2.6174197388e+02
-1.5590450439e+03
-2.7204238281e+03
1.2411212158e+03
-1.8678912354e+02
-1.4896937256e+03
-2.7070405273e+03
1.2314790039e+03
-1.6902630615e+02
-1.4781671143e+03
-2.7302028809e+03
1.1972446289e+03
-1.8884144592e+02
-1.4906241455e+03
-2.7464602051e+03
1.1788455811e+03
-2.0598258972e+02
-1.5122480469e+03
-2.7764018555e+03
1.1451164551e+03
-2.3401451111e+02
-1.5347302246e+03
-2.7960632324e+03
1.1262025146e+03
-2.5429042053e+02
-1.5566472168e+03
-2.8200314941e+03
1.1024019775e+03
-2.7557083130e+02
-1.5755059814e+03
-2.8369899902e+03
1.0881663818e+03
-2.9098223877e+02
-1.5912770996e+03
-2.8533227539e+03
1.0741932373e+03
-3.0388479614e+02
-1.6032745361e+03
-2.8643889160e+03
1.0666369629e+03
-3.1181646729e+02
-1.6114910889e+03
-2.8726098633e+03
1.0620520020e+03
-3.1621713257e+02
-1.6154926758e+03
-2.8764465332e+03
1.0620520020e+03
-3.1621713257e+02
-1.6154926758e+03
-2.8764465332e+03
1.0666369629e+03
-3.1181646729e+02
-1.6114910889e+03
-2.8726098633e+03
1.0741932373e+03
-3.0388479614e+02
-1.6032745361e+03
-2.8643889160e+03
1.0881663818e+03
-2.9098223877e+02
-1.5912770996e+03
-2.8533227539e+03
1.1024019775e+03
-2.7557083130e+02
-1.5755059814e+03
-2.8369899902e+03
1.1262025146e+03
-2.5429042053e+02
-1.5566472168e+03
-2.8200314941e+03
1.1451164551e+03
-2.3401451111e+02
-1.5347302246e+03
-2.7960632324e+03
1.1788455811e+03
-2.0598258972e+02
-1.5122480469e+03
-2.7764018555e+03
1.1972446289e+03
-1.8884144592e+02
-1.4906241455e+03
-2.7464602051e+03
1.2314790039e+03
-1.6902630615e+02
-1.4781671143e+03
-2.7302028809e+03
1.2411212158e+03
-1.8678912354e+02
-1.4896937256e+03
-2.7070405273e+03
1.2187059326e+03
-2.6174197388e+02
-1.5590450439e+03
-2.7204238281e+03
2.2751940918e+02
-6.3889672852e+02
-1.3495416260e+03
-1.8517961426e+03
2.7795535278e+02
-5.3603173828e+02
-1.2506696777e+03
-1.8168937988e+03
2.6517507935e+02
-5.1007492065e+02
-1.2189758301e+03
-1.8146666260e+03
2.6896264648e+02
-5.0170672607e+02
-1.2212177734e+03
-1.8345104980e+03
2.4030599976e+02
-5.1962762451e+02
-1.2329739990e+03
-1.8456279297e+03
2.3192825317e+02
-5.3035681152e+02
-1.2498139648e+03
-1.8681289062e+03
2.1073944092e+02
-5.4843768311e+02
-1.2659267578e+03
-1.8828575439e+03
2.0044026184e+02
-5.6088476562e+02
-1.2811229248e+03
-1.9001315918e+03
1.8669764709e+02
-5.7369586182e+02
-1.2936748047e+03
-1.9121147461e+03
1.7934793091e+02
-5.8230950928e+02
-1.3035345459e+03
-1.9228543701e+03
1.7263607788e+02
-5.8896679688e+02
-1.3101031494e+03
-1.9294049072e+03
1.7003466797e+02
-5.9195275879e+02
-1.3135155029e+03
-1.9330473633e+03
1.7003466797e+02
-5.9195275879e+02
-1.3135155029e+03
-1.9330473633e+03
1.7263607788e+02
-5.8896679688e+02
-1.3101031494e+03
-1.9294049072e+03
1.7934793091e+02
-5.8230950928e+02
-1.3035345459e+03
-1.9228543701e+03
1.8669764709e+02
-5.7369586182e+02
-1.2936748047e+03
-1.9121147461e+03
2.0044026184e+02
-5.6088476562e+02
-1.2811229248e+03
-1.9001315918e+03
2.1073944092e+02
-5.4843768311e+02
-1.2659267578e+03
-1.8828575439e+03
2.3192825317e+02
-5.3035681152e+02
-1.2498139648e+03
-1.8681289062e+03
2.4030599976e+02
-5.1962762451e+02
-1.2329739990e+03
-1.8456279297e+03
2.6896264648e+02
-5.0170672607e+02
-1.2212177734e+03
-1.8345104980e+03
2.6517507935e+02
-5.1007492065e+02
-1.2189758301e+03
-1.8146666260e+03
2.7795535278e+02
-5.3603173828e+02
-1.2506696777e+03
-1.8168937988e+03
2.2751940918e+02
-6.3889672852e+02
-1.3495416260e+03
-1.8517961426e+03
-7.3273150635e+02
-1.0128066406e+03
-1.0570781250e+03
-9.3918310547e+02
-6.9387756348e+02
-9.0752819824e+02
-9.4359191895e+02
-8.8342297363e+02
-6.6985784912e+02
-8.5838000488e+02
-9.0535076904e+02
-8.9219531250e+02
-6.9097259521e+02
-8.6429058838e+02
-8.9907446289e+02
-8.9017193604e+02
-6.8334729004e+02
-8.6195867920e+02
-9.0712841797e+02
-9.1451599121e+02
-7.0109704590e+02
-8.7747607422e+02
-9.1881451416e+02
-9.2700518799e+02
-7.0419866943e+02
-8.8601782227e+02
-9.3242578125e+02
-9.4692529297e+02
-7.1580810547e+02
-8.9841760254e+02
-9.4466516113e+02
-9.6034863281e+02
-7.2031475830e+02
-9.0650762939e+02
-9.5545086670e+02
-9.7424908447e+02
-7.2693121338e+02
-9.1419329834e+02
-9.6374176025e+02
-9.8356256104e+02
-7.2974578857e+02
-9.1862426758e+02
-9.6956396484e+02
-9.9067980957e+02
-7.3192150879e+02
-9.2121875000e+02
-9.7245544434e+02
-9.9394946289e+02
-7.3192150879e+02
-9.2121875000e+02
-9.7245544434e+02
-9.9394946289e+02
-7.2974578857e+02
-9.1862426758e+02
-9.6956396484e+02
-9.9067980957e+02
-7.2693121338e+02
-9.1419329834e+02
-9.6374176025e+02
-9.8356256104e+02
-7.2031475830e+02
-9.0650762939e+02
-9.5545086670e+02
-9.7424908447e+02
-7.1580810547e+02
-8.9841760254e+02
-9.4466516113e+02
-9.6034863281e+02
-7.0419866943e+02
-8.8601782227e+02
-9.3242578125e+02
-9.4692529297e+02
-7.0109704590e+02
-8.7747607422e+02
-9.1881451416e+02
-9.2700518799e+02
-6.8334729004e+02
-8.6195867920e+02
-9.0712841797e+02
-9.1451599121e+02
-6.9097259521e+02
-8.6429058838e+02
-8.9907446289e+02
-8.9017193604e+02
-6.6985784912e+02
-8.5838000488e+02
-9.0535076904e+02
-8.9219531250e+02
-6.9387756348e+02
-9.0752819824e+02
-9.4359191895e+02
-8.8342297363e+02
-7.3273150635e+02
-1.0128066406e+03
-1.0570781250e+03
-9.3918310547e+02
-1.7069344482e+03
-1.2836409912e+03
-7.4671484375e+02
2.4684423447e+01
-1.6525280762e+03
-1.1769987793e+03
-6.4714819336e+02
6.7159439087e+01
-1.6740955811e+03
-1.1551796875e+03
-6.1323858643e+02
8.2251289368e+01
-1.6453394775e+03
-1.1308001709e+03
-6.1384637451e+02
5.5147891998e+01
-1.6662507324e+03
-1.1427746582e+03
-6.2315130615e+02
4.5181438446e+01
-1.6603432617e+03
-1.1444108887e+03
-6.3794683838e+02
1.9919887543e+01
-1.6703237305e+03
-1.1552083740e+03
-6.5180151367e+02
3.7443909645e+00
-1.6702543945e+03
-1.1609770508e+03
-6.6496679688e+02
-1.5103758812e+01
-1.6754284668e+03
-1.1684744873e+03
-6.7571252441e+02
-2.8267129898e+01
-1.6763966064e+03
-1.1729792480e+03
-6.8418927002e+02
-3.9852817535e+01
-1.6786604004e+03
-1.1768553467e+03
-6.8980633545e+02
-4.6971282959e+01
-1.6790872803e+03
-1.1784964600e+03
-6.9268981934e+02
-5.0894268036e+01
-1.6790872803e+03
-1.1784964600e+03
-6.9268981934e+02
-5.0894268036e+01
-1.6786604004e+03
-1.1768553467e+03
-6.8980633545e+02
-4.6971282959e+01
-1.6763966064e+03
-1.1729792480e+03
-6.8418927002e+02
-3.9852817535e+01
-1.6754284668e+03
-1.1684744873e+03
-6.7571252441e+02
-2.8267129898e+01
-1.6702543945e+03
-1.1609770508e+03
-6.6496679688e+02
-1.5103758812e+01
-1.6703237305e+03
-1.1552083740e+03
-6.5180151367e+02
3.7443909645e+00
-1.6603432617e+03
-1.1444108887e+03
-6.3794683838e+02
1.9919887543e+01
-1.6662507324e+03
-1.1427746582e+03
-6.2315130615e+02
4.5181438446e+01
-1.6453394775e+03
-1.1308001709e+03
-6.1384637451e+02
5.5147891998e+01
-1.6740955811e+03
-1.1551796875e+03
-6.1323858643e+02
8.2251289368e+01
-1.6525280762e+03
-1.1769987793e+03
-6.4714819336e+02
6.7159439087e+01
-1.7069344482e+03
-1.2836409912e+03
-7.4671484375e+02
2.4684423447e+01
-2.5832827148e+03
-1.5731143799e+03
-3.4742733765e+02
9.8666772461e+02
-2.5945756836e+03
-1.5275352783e+03
-2.6180822754e+02
1.0371123047e+03
-2.5500502930e+03
-1.4858735352e+03
-2.4084086609e+02
9.9963653564e+02
-2.5840187988e+03
-1.5093879395e+03
-2.4351081848e+02
9.9573632812e+02
-2.5640329590e+03
-1.5078626709e+03
-2.5767120361e+02
9.5737738037e+02
-2.5726506348e+03
-1.5226613770e+03
-2.7263684082e+02
9.3543194580e+02
-2.5654304199e+03
-1.5286518555e+03
-2.8829098511e+02
9.0753778076e+02
-2.5677446289e+03
-1.5380299072e+03
-3.0164727783e+02
8.8800183105e+02
-2.5645327148e+03
-1.5431733398e+03
-3.1299276733e+02
8.6963879395e+02
-2.5647534180e+03
-1.5482528076e+03
-3.2147009277e+02
8.5707153320e+02
-2.5633159180e+03
-1.5508497314e+03
-3.2729193115e+02
8.4793627930e+02
-2.5632209473e+03
-1.5524240723e+03
-3.3017422485e+02
8.4365917969e+02
-2.5632209473e+03
-1.5524240723e+03
-3.3017422485e+02
8.4365917969e+02
-2.5633159180e+03
-1.5508497314e+03
-3.2729193115e+02
8.4793627930e+02
-2.5647534180e+03
-1.5482528076e+03
-3.2147009277e+02
8.5707153320e+02
-2.5645327148e+03
-1.5431733398e+03
-3.1299276733e+02
8.6963879395e+02
-2.5677446289e+03
-1.5380299072e+03
-3.0164727783e+02
8.8800183105e+02
-2.5654304199e+03
-1.5286518555e+03
-2.8829098511e+02
9.0753778076e+02
-2.5726506348e+03
-1.5226613770e+03
-2.7263684082e+02
9.3543194580e+02
-2.5640329590e+03
-1.5078626709e+03
-2.5767120361e+02
9.5737738037e+02
-2.5840187988e+03
-1.5093879395e+03
-2.4351081848e+02
9.9573632812e+02
-2.5500502930e+03
-1.4858735352e+03
-2.4084086609e+02
9.9963653564e+02
-2.5945756836e+03
-1.5275352783e+03
-2.6180822754e+02
1.0371123047e+03
-2.5832827148e+03
-1.5731143799e+03
-3.4742733765e+02
9.8666772461e+02
-3.4991594238e+03
-1.7317612305e+03
2.7751377106e+01
1.9661052246e+03
-3.4712636719e+03
-1.6737254639e+03
4.9242378235e+01
1.9529760742e+03
-3.5536875000e+03
-1.7059538574e+03
3.9363956451e+01
1.9625180664e+03
-3.5142539062e+03
-1.6871359863e+03
1.1865888596e+01
1.9033859863e+03
-3.5338725586e+03
-1.7039787598e+03
-1.3724258423e+01
1.8749273682e+03
-3.5222495117e+03
-1.7070703125e+03
-3.9451385498e+01
1.8343864746e+03
-3.5249697266e+03
-1.7167913818e+03
-6.0428848267e+01
1.8064672852e+03
-3.5174865723e+03
-1.7206019287e+03
-7.7913871765e+01
1.7791180420e+03
-3.5149841309e+03
-1.7253245850e+03
-9.1133750916e+01
1.7596235352e+03
-3.5099279785e+03
-1.7273963623e+03
-1.0086727142e+02
1.7439342041e+03
-3.5076394043e+03
-1.7292858887e+03
-1.0707859802e+02
1.7342153320e+03
-3.5058249512e+03
-1.7299255371e+03
-1.1016206360e+02
1.7291143799e+03
-3.5058249512e+03
-1.7299255371e+03
-1.1016206360e+02
1.7291143799e+03
-3.5076394043e+03
-1.7292858887e+03
-1.0707859802e+02
1.7342153320e+03
-3.5099279785e+03
-1.7273963623e+03
-1.0086727142e+02
1.7439342041e+03
-3.5149841309e+03
-1.7253245850e+03
-9.1133750916e+01
1.7596235352e+03
-3.5174865723e+03
-1.7206019287e+03
-7.7913871765e+01
1.7791180420e+03
-3.5249697266e+03
-1.7167913818e+03
-6.0428848267e+01
1.8064672852e+03
-3.5222495117e+03
-1.7070703125e+03
-3.9451385498e+01
1.8343864746e+03
-3.5338725586e+03
-1.7039787598e+03
-1.3724258423e+01
1.8749273682e+03
-3.5142539062e+03
-1.6871359863e+03
1.1865888596e+01
1.9033859863e+03
-3.5536875000e+03
-1.7059538574e+03
3.9363956451e+01
1.9625180664e+03
-3.4712636719e+03
-1.6737254639e+03
4.9242378235e+01
1.9529760742e+03
-3.4991594238e+03
-1.7317612305e+03
2.7751377106e+01
1.9661052246e+03
-4.1954277344e+03
-1.9224952393e+03
4.4054470825e+02
2.8449523926e+03
-4.3458935547e+03
-2.0368768311e+03
4.5660476685e+02
2.8790656738e+03
-4.2673198242e+03
-2.0264538574e+03
4.3226867676e+02
2.7718105469e+03
-4.3210136719e+03
-2.0831779785e+03
4.0382101440e+02
2.7398039551e+03
-4.3044648438e+03
-2.1011611328e+03
3.7234451294e+02
2.6786140137e+03
-4.3080307617e+03
-2.1229316406e+03
3.4674951172e+02
2.6390136719e+03
-4.2937934570e+03
-2.1314243164e+03
3.2561904907e+02
2.6002199707e+03
-4.2874355469e+03
-2.1395822754e+03
3.0985400391e+02
2.5737434082e+03
-4.2777558594e+03
-2.1430322266e+03
2.9806481934e+02
2.5523391113e+03
-4.2726108398e+03
-2.1460466309e+03
2.8999908447e+02
2.5385000000e+03
-4.2680283203e+03
-2.1472497559e+03
2.8485006714e+02
2.5292917480e+03
-4.2662617188e+03
-2.1480095215e+03
2.8239791870e+02
2.5251022949e+03
-4.2662617188e+03
-2.1480095215e+03
2.8239791870e+02
2.5251022949e+03
-4.2680283203e+03
-2.1472497559e+03
2.8485006714e+02
2.5292917480e+03
-4.2726108398e+03
-2.1460466309e+03
2.8999908447e+02
2.5385000000e+03
-4.2777558594e+03
-2.1430322266e+03
2.9806481934e+02
2.5523391113e+03
-4.2874355469e+03
-2.1395822754e+03
3.0985400391e+02
2.5737434082e+03
-4.2937934570e+03
-2.1314243164e+03
3.2561904907e+02
2.6002199707e+03
-4.3080307617e+03
-2.1229316406e+03
3.4674951172e+02
2.6390136719e+03
-4.3044648438e+03
-2.1011611328e+03
3.7234451294e+02
2.6786140137e+03
-4.3210136719e+03
-2.0831779785e+03
4.0382101440e+02
2.7398039551e+03
-4.2673198242e+03
-2.0264538574e+03
4.3226867676e+02
2.7718105469e+03
-4.3458935547e+03
-2.0368768311e+03
4.5660476685e+02
2.8790656738e+03
-4.1954277344e+03
-1.9224952393e+03
4.4054470825e+02
2.8449523926e+03
-5.0337880859e+03
-2.0677937012e+03
8.0908929443e+02
3.6858188477e+03
-4.9665151367e+03
-2.0228621826e+03
7.0217852783e+02
3.5405874023e+03
-5.1568188477e+03
-2.1299550781e+03
6.2306146240e+02
3.5430380859e+03
-5.1438754883e+03
-2.1422351074e+03
5.5685742188e+02
3.4602631836e+03
-5.1602895508e+03
-2.1627824707e+03
5.1285809326e+02
3.4156582031e+03
-5.1477070312e+03
-2.1672194824e+03
4.8243844604e+02
3.3740944824e+03
-5.1492846680e+03
-2.1749731445e+03
4.6314126587e+02
3.3523562012e+03
-5.1463901367e+03
-2.1786525879e+03
4.5082025146e+02
3.3372570801e+03
-5.1490566406e+03
-2.1831220703e+03
4.4355865479e+02
3.3306875000e+03
-5.1502651367e+03
-2.1857536621e+03
4.3935290527e+02
3.3270976562e+03
-5.1525483398e+03
-2.1879946289e+03
4.3720889282e+02
3.3261809082e+03
-5.1534335938e+03
-2.1889533691e+03
4.3629116821e+02
3.3258312988e+03
-5.1534335938e+03
-2.1889533691e+03
4.3629116821e+02
3.3258312988e+03
-5.1525483398e+03
-2.1879946289e+03
4.3720889282e+02
3.3261809082e+03
-5.1502651367e+03
-2.1857536621e+03
4.3935290527e+02
3.3270976562e+03
-5.1490566406e+03
-2.1831220703e+03
4.4355865479e+02
3.3306875000e+03
-5.1463901367e+03
-2.1786525879e+03
4.5082025146e+02
3.3372570801e+03
-5.1492846680e+03
-2.1749731445e+03
4.6314126587e+02
3.3523562012e+03
-5.1477070312e+03
-2.1672194824e+03
4.8243844604e+02
3.3740944824e+03
-5.1602895508e+03
-2.1627824707e+03
5.1285809326e+02
3.4156582031e+03
-5.1438754883e+03
-2.1422351074e+03
5.5685742188e+02
3.4602631836e+03
-5.1568188477e+03
-2.1299550781e+03
6.2306146240e+02
3.5430380859e+03
-4.9665151367e+03
-2.0228621826e+03
7.0217852783e+02
3.5405874023e+03
-5.0337880859e+03
-2.0677937012e+03
8.0908929443e+02
3.6858188477e+03
-5.1569580078e+03
-1.9847257080e+03
9.1370233154e+02
4.0029467773e+03
-5.6522016602e+03
-2.3880324707e+03
9.0028662109e+02
4.1277026367e+03
-5.5718452148e+03
-2.4445136719e+03
8.6121875000e+02
4.0001508789e+03
-5.6033325195e+03
-2.5018063965e+03
8.4449792480e+02
3.9774931641e+03
-5.6104916992e+03
-2.5311354980e+03
8.3964959717e+02
3.9658164062e+03
-5.6463940430e+03
-2.5595710449e+03
8.4085791016e+02
3.9821464844e+03
-5.6759956055e+03
-2.5785729980e+03
8.4515356445e+02
4.0023276367e+03
-5.7088881836e+03
-2.5949870605e+03
8.5083569336e+02
4.0270571289e+03
-5.7345708008e+03
-2.6061933594e+03
8.5638824463e+02
4.0486450195e+03
-5.7559316406e+03
-2.6146833496e+03
8.6118688965e+02
4.0668886719e+03
-5.7697465820e+03
-2.6197773438e+03
8.6459472656e+02
4.0792905273e+03
-5.7770161133e+03
-2.6223825684e+03
8.6638598633e+02
4.0857756348e+03
-5.7770161133e+03
-2.6223825684e+03
8.6638598633e+02
4.0857756348e+03
-5.7697465820e+03
-2.6197773438e+03
8.6459472656e+02
4.0792905273e+03
-5.7559316406e+03
-2.6146833496e+03
8.6118688965e+02
4.0668886719e+03
-5.7345708008e+03
-2.6061933594e+03
8.5638824463e+02
4.0486450195e+03
-5.7088881836e+03
-2.5949870605e+03
8.5083569336e+02
4.0270571289e+03
-5.6759956055e+03
-2.5785729980e+03
8.4515356445e+02
4.0023276367e+03
-5.6463940430e+03
-2.5595710449e+03
8.4085791016e+02
3.9821464844e+03
-5.6104916992e+03
-2.5311354980e+03
8.3964959717e+02
3.9658164062e+03
-5.6033325195e+03
-2.5018063965e+03
8.4449792480e+02
3.9774931641e+03
-5.5718452148e+03
-2.4445136719e+03
8.6121875000e+02
4.0001508789e+03
-5.6522016602e+03
-2.3880324707e+03
9.0028662109e+02
4.1277026367e+03
-5.1569580078e+03
-1.9847257080e+03
9.1370233154e+02
4.0029467773e+03
-5.5732519531e+03
-2.4587846680e+03
8.1869671631e+02
3.8068833008e+03
-5.4403510742e+03
-2.3173395996e+03
8.0439819336e+02
3.8109667969e+03
-5.7076245117e+03
-2.3665021973e+03
8.4502233887e+02
4.0638320312e+03
-5.9274272461e+03
-2.4230849609e+03
8.9782061768e+02
4.2721279297e+03
-6.1296313477e+03
-2.4841511230e+03
9.4331640625e+02
4.4508647461e+03
-6.2790249023e+03
-2.5310705566e+03
9.8041815186e+02
4.5846635742e+03
-6.3964628906e+03
-2.5698098145e+03
1.0097061768e+03
4.6878222656e+03
-6.4804023438e+03
-2.5979660645e+03
1.0321136475e+03
4.7626503906e+03
-6.5416625977e+03
-2.6190048828e+03
1.0487734375e+03
4.8168759766e+03
-6.5826074219e+03
-2.6331665039e+03
1.0604703369e+03
4.8536235352e+03
-6.6083569336e+03
-2.6421945801e+03
1.0679243164e+03
4.8766586914e+03
-6.6204687500e+03
-2.6464418945e+03
1.0715273438e+03
4.8876215820e+03
-6.6204687500e+03
-2.6464418945e+03
1.0715273438e+03
4.8876215820e+03
-6.6083569336e+03
-2.6421945801e+03
1.0679243164e+03
4.8766586914e+03
-6.5826074219e+03
-2.6331665039e+03
1.0604703369e+03
4.8536235352e+03
-6.5416625977e+03
-2.6190048828e+03
1.0487734375e+03
4.8168759766e+03
-6.4804023438e+03
-2.5979660645e+03
1.0321136475e+03
4.7626503906e+03
-6.3964628906e+03
-2.5698098145e+03
1.0097061768e+03
4.6878222656e+03
-6.2790249023e+03
-2.5310705566e+03
9.8041815186e+02
4.5846635742e+03
-6.1296313477e+03
-2.4841511230e+03
9.4331640625e+02
4.4508647461e+03
-5.9274272461e+03
-2.4230849609e+03
8.9782061768e+02
4.2721279297e+03
-5.7076245117e+03
-2.3665021973e+03
8.4502233887e+02
4.0638320312e+03
-5.4403510742e+03
-2.3173395996e+03
8.0439819336e+02
3.8109667969e+03
-5.5732519531e+03
-2.4587846680e+03
8.1869671631e+02
3.8068833008e+03
