4.2412211914e+03
1.0092901611e+03
-2.5619704590e+03
-5.9351479492e+03
4.2264609375e+03
9.7573040771e+02
-2.4201091309e+03
-5.8026313477e+03
4.4999794922e+03
1.0122320557e+03
-2.4841757812e+03
-6.1108413086e+03
4.7288715820e+03
1.0648206787e+03
-2.5560610352e+03
-6.3682250977e+03
4.9274277344e+03
1.1115258789e+03
-2.6309621582e+03
-6.6043828125e+03
5.0772426758e+03
1.1500817871e+03
-2.6891765137e+03
-6.7809721680e+03
5.1935371094e+03
1.1808571777e+03
-2.7370571289e+03
-6.9202685547e+03
5.2784428711e+03
1.2045554199e+03
-2.7722700195e+03
-7.0209599609e+03
5.3403413086e+03
1.2222818604e+03
-2.7986411133e+03
-7.0947773438e+03
5.3824975586e+03
1.2347845459e+03
-2.8165781250e+03
-7.1446142578e+03
5.4090273438e+03
1.2427805176e+03
-2.8280378418e+03
-7.1760341797e+03
5.4217060547e+03
1.2466434326e+03
-2.8334687500e+03
-7.1908857422e+03
5.4217060547e+03
1.2466434326e+03
-2.8334687500e+03
-7.1908857422e+03
5.4090273438e+03
1.2427805176e+03
-2.8280378418e+03
-7.1760341797e+03
5.3824975586e+03
1.2347845459e+03
-2.8165781250e+03
-7.1446142578e+03
5.3403413086e+03
1.2222818604e+03
-2.7986411133e+03
-7.0947773438e+03
5.2784428711e+03
1.2045554199e+03
-2.7722700195e+03
-7.0209599609e+03
5.1935371094e+03
1.1808571777e+03
-2.7370571289e+03
-6.9202685547e+03
5.0772426758e+03
1.1500817871e+03
-2.6891765137e+03
-6.7809721680e+03
4.9274277344e+03
1.1115258789e+03
-2.6309621582e+03
-6.6043828125e+03
4.7288715820e+03
1.0648206787e+03
-2.5560610352e+03
-6.3682250977e+03
4.4999794922e+03
1.0122320557e+03
-2.4841757812e+03
-6.1108413086e+03
4.2264609375e+03
9.7573040771e+02
-2.4201091309e+03
-5.8026313477e+03
4.2412211914e+03
1.0092901611e+03
-2.5619704590e+03
-5.9351479492e+03
4.5324614258e+03
1.1344476318e+03
-2.0603049316e+03
-5.5893520508e+03
4.6644990234e+03
1.1129248047e+03
-2.5085766602e+03
-6.1349970703e+03
4.5178081055e+03
1.0600401611e+03
-2.5820385742e+03
-6.0564233398e+03
4.4889707031e+03
1.0356621094e+03
-2.6533933105e+03
-6.0992060547e+03
4.4736040039e+03
1.0253710938e+03
-2.6934775391e+03
-6.1154799805e+03
4.4901049805e+03
1.0232106934e+03
-2.7308395996e+03
-6.1618876953e+03
4.5114838867e+03
1.0252581787e+03
-2.7568242188e+03
-6.2006494141e+03
4.5383750000e+03
1.0296044922e+03
-2.7787810059e+03
-6.2417407227e+03
4.5620507812e+03
1.0343533936e+03
-2.7941242676e+03
-6.2740278320e+03
4.5822148438e+03
1.0387197266e+03
-2.8056030273e+03
-6.3004199219e+03
4.5959687500e+03
1.0419093018e+03
-2.8126049805e+03
-6.3175986328e+03
4.6031699219e+03
1.0436215820e+03
-2.8161418457e+03
-6.3265688477e+03
4.6031699219e+03
1.0436215820e+03
-2.8161418457e+03
-6.3265688477e+03
4.5959687500e+03
1.0419093018e+03
-2.8126049805e+03
-6.3175986328e+03
4.5822148438e+03
1.0387197266e+03
-2.8056030273e+03
-6.3004199219e+03
4.5620507812e+03
1.0343533936e+03
-2.7941242676e+03
-6.2740278320e+03
4.5383750000e+03
1.0296044922e+03
-2.7787810059e+03
-6.2417407227e+03
4.5114838867e+03
1.0252581787e+03
-2.7568242188e+03
-6.2006494141e+03
4.4901049805e+03
1.0232106934e+03
-2.7308395996e+03
-6.1618876953e+03
4.4736040039e+03
1.0253710938e+03
-2.6934775391e+03
-6.1154799805e+03
4.4889707031e+03
1.0356621094e+03
-2.6533933105e+03
-6.0992060547e+03
4.5178081055e+03
1.0600401611e+03
-2.5820385742e+03
-6.0564233398e+03
4.6644990234e+03
1.1129248047e+03
-2.5085766602e+03
-6.1349970703e+03
4.5324614258e+03
1.1344476318e+03
-2.0603049316e+03
-5.5893520508e+03
4.2646879883e+03
1.0497996826e+03
-2.1822922363e+03
-5.5105400391e+03
4.0921164551e+03
9.1576904297e+02
-2.1519746094e+03
-5.4550424805e+03
4.0891779785e+03
8.2170648193e+02
-2.2764892578e+03
-5.6699394531e+03
3.9935461426e+03
7.4230004883e+02
-2.2967924805e+03
-5.6632246094e+03
3.9413122559e+03
6.8950439453e+02
-2.3238869629e+03
-5.6865195312e+03
3.8931574707e+03
6.5231188965e+02
-2.3329230957e+03
-5.6778447266e+03
3.8675090332e+03
6.2830084229e+02
-2.3445922852e+03
-5.6834345703e+03
3.8495935059e+03
6.1254223633e+02
-2.3512663574e+03
-5.6836503906e+03
3.8414946289e+03
6.0293585205e+02
-2.3581335449e+03
-5.6890205078e+03
3.8369375000e+03
5.9716101074e+02
-2.3624804688e+03
-5.6922763672e+03
3.8355764160e+03
5.9406970215e+02
-2.3658627930e+03
-5.6959648438e+03
3.8350266113e+03
5.9270159912e+02
-2.3673923340e+03
-5.6975434570e+03
3.8350266113e+03
5.9270159912e+02
-2.3673923340e+03
-5.6975434570e+03
3.8355764160e+03
5.9406970215e+02
-2.3658627930e+03
-5.6959648438e+03
3.8369375000e+03
5.9716101074e+02
-2.3624804688e+03
-5.6922763672e+03
3.8414946289e+03
6.0293585205e+02
-2.3581335449e+03
-5.6890205078e+03
3.8495935059e+03
6.1254223633e+02
-2.3512663574e+03
-5.6836503906e+03
3.8675090332e+03
6.2830084229e+02
-2.3445922852e+03
-5.6834345703e+03
3.8931574707e+03
6.5231188965e+02
-2.3329230957e+03
-5.6778447266e+03
3.9413122559e+03
6.8950439453e+02
-2.3238869629e+03
-5.6865195312e+03
3.9935461426e+03
7.4230004883e+02
-2.2967924805e+03
-5.6632246094e+03
4.0891779785e+03
8.2170648193e+02
-2.2764892578e+03
-5.6699394531e+03
4.0921164551e+03
9.1576904297e+02
-2.1519746094e+03
-5.4550424805e+03
4.2646879883e+03
1.0497996826e+03
-2.1822922363e+03
-5.5105400391e+03
3.4019643555e+03
6.5964025879e+02
-2.0409975586e+03
-4.6613012695e+03
3.4289582520e+03
6.6433551025e+02
-2.1786682129e+03
-4.8355952148e+03
3.3033513184e+03
6.2675122070e+02
-2.1794472656e+03
-4.7609057617e+03
3.2634599609e+03
5.8983532715e+02
-2.2481125488e+03
-4.8251123047e+03
3.1927822266e+03
5.5064440918e+02
-2.2733945312e+03
-4.8120253906e+03
3.1469611816e+03
5.1952325439e+02
-2.3008959961e+03
-4.8189609375e+03
3.1026176758e+03
4.9395712280e+02
-2.3132060547e+03
-4.8061303711e+03
3.0723852539e+03
4.7497738647e+02
-2.3242780762e+03
-4.8008935547e+03
3.0480126953e+03
4.6079486084e+02
-2.3296984863e+03
-4.7918041992e+03
3.0322746582e+03
4.5108328247e+02
-2.3341174316e+03
-4.7870498047e+03
3.0218063965e+03
4.4489840698e+02
-2.3361796875e+03
-4.7826923828e+03
3.0170422363e+03
4.4194430542e+02
-2.3373383789e+03
-4.7810532227e+03
3.0170422363e+03
4.4194430542e+02
-2.3373383789e+03
-4.7810532227e+03
3.0218063965e+03
4.4489840698e+02
-2.3361796875e+03
-4.7826923828e+03
3.0322746582e+03
4.5108328247e+02
-2.3341174316e+03
-4.7870498047e+03
3.0480126953e+03
4.6079486084e+02
-2.3296984863e+03
-4.7918041992e+03
3.0723852539e+03
4.7497738647e+02
-2.3242780762e+03
-4.8008935547e+03
3.1026176758e+03
4.9395712280e+02
-2.3132060547e+03
-4.8061303711e+03
3.1469611816e+03
5.1952325439e+02
-2.3008959961e+03
-4.8189609375e+03
3.1927822266e+03
5.5064440918e+02
-2.2733945312e+03
-4.8120253906e+03
3.2634599609e+03
5.8983532715e+02
-2.2481125488e+03
-4.8251123047e+03
3.3033513184e+03
6.2675122070e+02
-2.1794472656e+03
-4.7609057617e+03
3.4289582520e+03
6.6433551025e+02
-2.1786682129e+03
-4.8355952148e+03
3.4019643555e+03
6.5964025879e+02
-2.0409975586e+03
-4.6613012695e+03
2.4909177246e+03
2.1842826843e+02
-1.8661340332e+03
-3.9573085938e+03
2.4681442871e+03
2.3253210449e+02
-1.8136353760e+03
-3.9390556641e+03
2.4726357422e+03
2.1570787048e+02
-1.8545737305e+03
-4.0344357910e+03
2.4027436523e+03
1.7971231079e+02
-1.8400833740e+03
-3.9981682129e+03
2.3681271973e+03
1.4793681335e+02
-1.8621181641e+03
-4.0232968750e+03
2.3211210938e+03
1.1668495941e+02
-1.8686218262e+03
-4.0140788574e+03
2.2888896484e+03
9.1650955200e+01
-1.8812379150e+03
-4.0189982910e+03
2.2577236328e+03
7.0974617004e+01
-1.8869353027e+03
-4.0125947266e+03
2.2356655273e+03
5.5469070435e+01
-1.8930971680e+03
-4.0107802734e+03
2.2179809570e+03
4.4127742767e+01
-1.8960617676e+03
-4.0060778809e+03
2.2070837402e+03
3.6891807556e+01
-1.8985114746e+03
-4.0039465332e+03
2.2013693848e+03
3.3328369141e+01
-1.8994468994e+03
-4.0021601562e+03
2.2013693848e+03
3.3328369141e+01
-1.8994468994e+03
-4.0021601562e+03
2.2070837402e+03
3.6891807556e+01
-1.8985114746e+03
-4.0039465332e+03
2.2179809570e+03
4.4127742767e+01
-1.8960617676e+03
-4.0060778809e+03
2.2356655273e+03
5.5469070435e+01
-1.8930971680e+03
-4.0107802734e+03
2.2577236328e+03
7.0974617004e+01
-1.8869353027e+03
-4.0125947266e+03
2.2888896484e+03
9.1650955200e+01
-1.8812379150e+03
-4.0189982910e+03
2.3211210938e+03
1.1668495941e+02
-1.8686218262e+03
-4.0140788574e+03
2.3681271973e+03
1.4793681335e+02
-1.8621181641e+03
-4.0232968750e+03
2.4027436523e+03
1.7971231079e+02
-1.8400833740e+03
-3.9981682129e+03
2.4726357422e+03
2.1570787048e+02
-1.8545737305e+03
-4.0344357910e+03
2.4681442871e+03
2.3253210449e+02
-1.8136353760e+03
-3.9390556641e+03
2.4909177246e+03
2.1842826843e+02
-1.8661340332e+03
-3.9573085938e+03
1.4638005371e+03
-1.9501669312e+02
-1.7253613281e+03
-3.0172268066e+03
1.5163059082e+03
-1.0307918549e+02
-1.6776346436e+03
-3.0341965332e+03
1.4712385254e+03
-8.3854988098e+01
-1.6367106934e+03
-2.9919785156e+03
1.4639732666e+03
-8.9511550903e+01
-1.6650988770e+03
-3.0311252441e+03
1.4191845703e+03
-1.0787146759e+02
-1.6665487061e+03
-3.0124204102e+03
1.3932862549e+03
-1.2618316650e+02
-1.6846678467e+03
-3.0231115723e+03
1.3612369385e+03
-1.4488063049e+02
-1.6929083252e+03
-3.0167875977e+03
1.3389669189e+03
-1.6053479004e+02
-1.7042518311e+03
-3.0198576660e+03
1.3181809082e+03
-1.7367239380e+02
-1.7106657715e+03
-3.0170734863e+03
1.3040849609e+03
-1.8341799927e+02
-1.7167052002e+03
-3.0174819336e+03
1.2938408203e+03
-1.9002534485e+02
-1.7198831787e+03
-3.0161599121e+03
1.2890727539e+03
-1.9332766724e+02
-1.7216763916e+03
-3.0161506348e+03
1.2890727539e+03
-1.9332766724e+02
-1.7216763916e+03
-3.0161506348e+03
1.2938408203e+03
-1.9002534485e+02
-1.7198831787e+03
-3.0161599121e+03
1.3040849609e+03
-1.8341799927e+02
-1.7167052002e+03
-3.0174819336e+03
1.3181809082e+03
-1.7367239380e+02
-1.7106657715e+03
-3.0170734863e+03
1.3389669189e+03
-1.6053479004e+02
-1.7042518311e+03
-3.0198576660e+03
1.3612369385e+03
-1.4488063049e+02
-1.6929083252e+03
-3.0167875977e+03
1.3932862549e+03
-1.2618316650e+02
-1.6846678467e+03
-3.0231115723e+03
1.4191845703e+03
-1.0787146759e+02
-1.6665487061e+03
-3.0124204102e+03
1.4639732666e+03
-8.9511550903e+01
-1.6650988770e+03
-3.0311252441e+03
1.4712385254e+03
-8.3854988098e+01
-1.6367106934e+03
-2.9919785156e+03
1.5163059082e+03
-1.0307918549e+02
-1.6776346436e+03
-3.0341965332e+03
1.4638005371e+03
-1.9501669312e+02
-1.7253613281e+03
-3.0172268066e+03
4.5045211792e+02
-6.3256823730e+02
-1.4477678223e+03
-2.1230019531e+03
4.9964883423e+02
-5.1731085205e+02
-1.3259776611e+03
-2.0641877441e+03
5.1549176025e+02
-4.7829220581e+02
-1.3000236816e+03
-2.0878371582e+03
4.8438803101e+02
-4.7968148804e+02
-1.2742015381e+03
-2.0584848633e+03
4.7225976562e+02
-4.9053512573e+02
-1.2875047607e+03
-2.0813054199e+03
4.4339581299e+02
-5.0769049072e+02
-1.2900386963e+03
-2.0758012695e+03
4.2500906372e+02
-5.2349060059e+02
-1.3021628418e+03
-2.0865244141e+03
4.0372409058e+02
-5.3841156006e+02
-1.3087695312e+03
-2.0868679199e+03
3.8904379272e+02
-5.5050054932e+02
-1.3171213379e+03
-2.0922521973e+03
3.7608874512e+02
-5.5996179199e+02
-1.3221357422e+03
-2.0934523926e+03
3.6822817993e+02
-5.6627630615e+02
-1.3263513184e+03
-2.0957819824e+03
3.6386584473e+02
-5.6942944336e+02
-1.3282622070e+03
-2.0961774902e+03
3.6386584473e+02
-5.6942944336e+02
-1.3282622070e+03
-2.0961774902e+03
3.6822817993e+02
-5.6627630615e+02
-1.3263513184e+03
-2.0957819824e+03
3.7608874512e+02
-5.5996179199e+02
-1.3221357422e+03
-2.0934523926e+03
3.8904379272e+02
-5.5050054932e+02
-1.3171213379e+03
-2.0922521973e+03
4.0372409058e+02
-5.3841156006e+02
-1.3087695312e+03
-2.0868679199e+03
4.2500906372e+02
-5.2349060059e+02
-1.3021628418e+03
-2.0865244141e+03
4.4339581299e+02
-5.0769049072e+02
-1.2900386963e+03
-2.0758012695e+03
4.7225976562e+02
-4.9053512573e+02
-1.2875047607e+03
-2.0813054199e+03
4.8438803101e+02
-4.7968148804e+02
-1.2742015381e+03
-2.0584848633e+03
5.1549176025e+02
-4.7829220581e+02
-1.3000236816e+03
-2.0878371582e+03
4.9964883423e+02
-5.1731085205e+02
-1.3259776611e+03
-2.0641877441e+03
4.5045211792e+02
-6.3256823730e+02
-1.4477678223e+03
-2.1230019531e+03
-5.6769091797e+02
-9.8077404785e+02
-1.1897873535e+03
-1.1190153809e+03
-4.9733209229e+02
-8.4111541748e+02
-1.0601949463e+03
-1.0700302734e+03
-5.0448406982e+02
-7.9269921875e+02
-1.0003423462e+03
-1.0422065430e+03
-5.0090878296e+02
-7.8292016602e+02
-1.0034232788e+03
-1.0621069336e+03
-5.2746051025e+02
-7.9061346436e+02
-9.9959497070e+02
-1.0530440674e+03
-5.4087048340e+02
-8.0269287109e+02
-1.0154409790e+03
-1.0705235596e+03
-5.6280853271e+02
-8.1722552490e+02
-1.0241619873e+03
-1.0733239746e+03
-5.7731848145e+02
-8.3031988525e+02
-1.0371949463e+03
-1.0846761475e+03
-5.9259448242e+02
-8.4188928223e+02
-1.0456018066e+03
-1.0892131348e+03
-6.0264544678e+02
-8.5081567383e+02
-1.0536972656e+03
-1.0956448975e+03
-6.1046044922e+02
-8.5698089600e+02
-1.0584047852e+03
-1.0984650879e+03
-6.1397723389e+02
-8.6017980957e+02
-1.0609688721e+03
-1.1007248535e+03
-6.1397723389e+02
-8.6017980957e+02
-1.0609688721e+03
-1.1007248535e+03
-6.1046044922e+02
-8.5698089600e+02
-1.0584047852e+03
-1.0984650879e+03
-6.0264544678e+02
-8.5081567383e+02
-1.0536972656e+03
-1.0956448975e+03
-5.9259448242e+02
-8.4188928223e+02
-1.0456018066e+03
-1.0892131348e+03
-5.7731848145e+02
-8.3031988525e+02
-1.0371949463e+03
-1.0846761475e+03
-5.6280853271e+02
-8.1722552490e+02
-1.0241619873e+03
-1.0733239746e+03
-5.4087048340e+02
-8.0269287109e+02
-1.0154409790e+03
-1.0705235596e+03
-5.2746051025e+02
-7.9061346436e+02
-9.9959497070e+02
-1.0530440674e+03
-5.0090878296e+02
-7.8292016602e+02
-1.0034232788e+03
-1.0621069336e+03
-5.0448406982e+02
-7.9269921875e+02
-1.0003423462e+03
-1.0422065430e+03
-4.9733209229e+02
-8.4111541748e+02
-1.0601949463e+03
-1.0700302734e+03
-5.6769091797e+02
-9.8077404785e+02
-1.1897873535e+03
-1.1190153809e+03
-1.5371933594e+03
-1.3068347168e+03
-8.1677362061e+02
-1.2601657867e+02
-1.4841040039e+03
-1.1751737061e+03
-6.8210449219e+02
-5.8892036438e+01
-1.4755194092e+03
-1.1288695068e+03
-6.4195660400e+02
-6.5888839722e+01
-1.4938026123e+03
-1.1257393799e+03
-6.2698724365e+02
-5.7640159607e+01
-1.5037635498e+03
-1.1351633301e+03
-6.4246514893e+02
-8.4588035583e+01
-1.5272220459e+03
-1.1515366211e+03
-6.5168518066e+02
-9.1516311646e+01
-1.5421499023e+03
-1.1676746826e+03
-6.6948968506e+02
-1.1181121063e+02
-1.5605187988e+03
-1.1832298584e+03
-6.8160803223e+02
-1.2179524231e+02
-1.5729285889e+03
-1.1961905518e+03
-6.9459802246e+02
-1.3499165344e+02
-1.5844130859e+03
-1.2063765869e+03
-7.0321276855e+02
-1.4234220886e+02
-1.5912196045e+03
-1.2133293457e+03
-7.0989477539e+02
-1.4887861633e+02
-1.5951456299e+03
-1.2167174072e+03
-7.1316925049e+02
-1.5129040527e+02
-1.5951456299e+03
-1.2167174072e+03
-7.1316925049e+02
-1.5129040527e+02
-1.5912196045e+03
-1.2133293457e+03
-7.0989477539e+02
-1.4887861633e+02
-1.5844130859e+03
-1.2063765869e+03
-7.0321276855e+02
-1.4234220886e+02
-1.5729285889e+03
-1.1961905518e+03
-6.9459802246e+02
-1.3499165344e+02
-1.5605187988e+03
-1.1832298584e+03
-6.8160803223e+02
-1.2179524231e+02
-1.5421499023e+03
-1.1676746826e+03
-6.6948968506e+02
-1.1181121063e+02
-1.5272220459e+03
-1.1515366211e+03
-6.5168518066e+02
-9.1516311646e+01
-1.5037635498e+03
-1.1351633301e+03
-6.4246514893e+02
-8.4588035583e+01
-1.4938026123e+03
-1.1257393799e+03
-6.2698724365e+02
-5.7640159607e+01
-1.4755194092e+03
-1.1288695068e+03
-6.4195660400e+02
-6.5888839722e+01
-1.4841040039e+03
-1.1751737061e+03
-6.8210449219e+02
-5.8892036438e+01
-1.5371933594e+03
-1.3068347168e+03
-8.1677362061e+02
-1.2601657867e+02
-2.4672875977e+03
-1.5448659668e+03
-4.3248825073e+02
9.1539385986e+02
-2.4328500977e+03
-1.4387514648e+03
-3.2187518311e+02
9.5713720703e+02
-2.4496367188e+03
-1.4106544189e+03
-2.8704373169e+02
9.5558416748e+02
-2.4614343262e+03
-1.4159089355e+03
-2.9973870850e+02
9.2629229736e+02
-2.4909062500e+03
-1.4344594727e+03
-3.1293572998e+02
9.1082434082e+02
-2.5095661621e+03
-1.4555878906e+03
-3.3954321289e+02
8.7896411133e+02
-2.5342268066e+03
-1.4771064453e+03
-3.5877490234e+02
8.6091308594e+02
-2.5511208496e+03
-1.4959589844e+03
-3.7996932983e+02
8.3814471436e+02
-2.5681970215e+03
-1.5118787842e+03
-3.9508850098e+02
8.2395104980e+02
-2.5794094238e+03
-1.5241445312e+03
-4.0812963867e+02
8.1050170898e+02
-2.5881013184e+03
-1.5323688965e+03
-4.1619482422e+02
8.0295959473e+02
-2.5919611816e+03
-1.5367404785e+03
-4.2026422119e+02
7.9823175049e+02
-2.5919611816e+03
-1.5367404785e+03
-4.2026422119e+02
7.9823175049e+02
-2.5881013184e+03
-1.5323688965e+03
-4.1619482422e+02
8.0295959473e+02
-2.5794094238e+03
-1.5241445312e+03
-4.0812963867e+02
8.1050170898e+02
-2.5681970215e+03
-1.5118787842e+03
-3.9508850098e+02
8.2395104980e+02
-2.5511208496e+03
-1.4959589844e+03
-3.7996932983e+02
8.3814471436e+02
-2.5342268066e+03
-1.4771064453e+03
-3.5877490234e+02
8.6091308594e+02
-2.5095661621e+03
-1.4555878906e+03
-3.3954321289e+02
8.7896411133e+02
-2.4909062500e+03
-1.4344594727e+03
-3.1293572998e+02
9.1082434082e+02
-2.4614343262e+03
-1.4159089355e+03
-2.9973870850e+02
9.2629229736e+02
-2.4496367188e+03
-1.4106544189e+03
-2.8704373169e+02
9.5558416748e+02
-2.4328500977e+03
-1.4387514648e+03
-3.2187518311e+02
9.5713720703e+02
-2.4672875977e+03
-1.5448659668e+03
-4.3248825073e+02
9.1539385986e+02
-3.3272299805e+03
-1.7406795654e+03
1.8294366837e+01
1.9389609375e+03
-3.3334614258e+03
-1.6799610596e+03
8.7240180969e+01
1.9590791016e+03
-3.3637121582e+03
-1.6782104492e+03
8.7607215881e+01
1.9241132812e+03
-3.4019953613e+03
-1.7038819580e+03
6.6114227295e+01
1.8942239990e+03
-3.4320402832e+03
-1.7350281982e+03
2.8815366745e+01
1.8468154297e+03
-3.4675583496e+03
-1.7676325684e+03
-1.4031782150e+00
1.8159544678e+03
-3.4931096191e+03
-1.7967292480e+03
-3.4333019257e+01
1.7792749023e+03
-3.5192290039e+03
-1.8221770020e+03
-5.9035724640e+01
1.7546932373e+03
-3.5374729004e+03
-1.8428160400e+03
-8.1344062805e+01
1.7309273682e+03
-3.5532712402e+03
-1.8583560791e+03
-9.6869194031e+01
1.7155418701e+03
-3.5627036133e+03
-1.8689956055e+03
-1.0791469574e+02
1.7038516846e+03
-3.5680234375e+03
-1.8739934082e+03
-1.1357503510e+02
1.6989971924e+03
-3.5680234375e+03
-1.8739934082e+03
-1.1357503510e+02
1.6989971924e+03
-3.5627036133e+03
-1.8689956055e+03
-1.0791469574e+02
1.7038516846e+03
-3.5532712402e+03
-1.8583560791e+03
-9.6869194031e+01
1.7155418701e+03
-3.5374729004e+03
-1.8428160400e+03
-8.1344062805e+01
1.7309273682e+03
-3.5192290039e+03
-1.8221770020e+03
-5.9035724640e+01
1.7546932373e+03
-3.4931096191e+03
-1.7967292480e+03
-3.4333019257e+01
1.7792749023e+03
-3.4675583496e+03
-1.7676325684e+03
-1.4031782150e+00
1.8159544678e+03
-3.4320402832e+03
-1.7350281982e+03
2.8815366745e+01
1.8468154297e+03
-3.4019953613e+03
-1.7038819580e+03
6.6114227295e+01
1.8942239990e+03
-3.3637121582e+03
-1.6782104492e+03
8.7607215881e+01
1.9241132812e+03
-3.3334614258e+03
-1.6799610596e+03
8.7240180969e+01
1.9590791016e+03
-3.3272299805e+03
-1.7406795654e+03
1.8294366837e+01
1.9389609375e+03
-4.1118984375e+03
-1.8680849609e+03
4.6882885742e+02
2.9388371582e+03
-4.1623803711e+03
-1.8662799072e+03
4.8442141724e+02
2.9160834961e+03
-4.2259316406e+03
-1.9018854980e+03
4.5408929443e+02
2.8619929199e+03
-4.2772446289e+03
-1.9500444336e+03
4.0160177612e+02
2.7981171875e+03
-4.3313110352e+03
-1.9995567627e+03
3.5370376587e+02
2.7466315918e+03
-4.3720522461e+03
-2.0444447021e+03
3.0364355469e+02
2.6915368652e+03
-4.4126137695e+03
-2.0840917969e+03
2.6444799805e+02
2.6519562988e+03
-4.4422373047e+03
-2.1170947266e+03
2.2863233948e+02
2.6139748535e+03
-4.4689609375e+03
-2.1434409180e+03
2.0210350037e+02
2.5874719238e+03
-4.4868891602e+03
-2.1634279785e+03
1.8112649536e+02
2.5655866699e+03
-4.5001420898e+03
-2.1763137207e+03
1.6772486877e+02
2.5524748535e+03
-4.5060991211e+03
-2.1832451172e+03
1.6134387207e+02
2.5449174805e+03
-4.5060991211e+03
-2.1832451172e+03
1.6134387207e+02
2.5449174805e+03
-4.5001420898e+03
-2.1763137207e+03
1.6772486877e+02
2.5524748535e+03
-4.4868891602e+03
-2.1634279785e+03
1.8112649536e+02
2.5655866699e+03
-4.4689609375e+03
-2.1434409180e+03
2.0210350037e+02
2.5874719238e+03
-4.4422373047e+03
-2.1170947266e+03
2.2863233948e+02
2.6139748535e+03
-4.4126137695e+03
-2.0840917969e+03
2.6444799805e+02
2.6519562988e+03
-4.3720522461e+03
-2.0444447021e+03
3.0364355469e+02
2.6915368652e+03
-4.3313110352e+03
-1.9995567627e+03
3.5370376587e+02
2.7466315918e+03
-4.2772446289e+03
-1.9500444336e+03
4.0160177612e+02
2.7981171875e+03
-4.2259316406e+03
-1.9018854980e+03
4.5408929443e+02
2.8619929199e+03
-4.1623803711e+03
-1.8662799072e+03
4.8442141724e+02
2.9160834961e+03
-4.1118984375e+03
-1.8680849609e+03
4.6882885742e+02
2.9388371582e+03
-4.7917128906e+03
-1.9570500488e+03
9.1603979492e+02
3.8541169434e+03
-4.8938408203e+03
-2.0186480713e+03
8.7057287598e+02
3.7906020508e+03
-4.9849155273e+03
-2.0928156738e+03
7.9870043945e+02
3.7020747070e+03
-5.0657197266e+03
-2.1683813477e+03
7.2464111328e+02
3.6234929199e+03
-5.1311625977e+03
-2.2364343262e+03
6.5213867188e+02
3.5446870117e+03
-5.1922084961e+03
-2.2966203613e+03
5.9244586182e+02
3.4841970215e+03
-5.2389536133e+03
-2.3472229004e+03
5.3845922852e+02
3.4274318848e+03
-5.2812744141e+03
-2.3889321289e+03
4.9684552002e+02
3.3858479004e+03
-5.3116435547e+03
-2.4220224609e+03
4.6237854004e+02
3.3502819824e+03
-5.3364897461e+03
-2.4460878906e+03
4.3792395020e+02
3.3261118164e+03
-5.3514458008e+03
-2.4626679688e+03
4.2147479248e+02
3.3089477539e+03
-5.3596635742e+03
-2.4702077637e+03
4.1280151367e+02
3.3015190430e+03
-5.3596635742e+03
-2.4702077637e+03
4.1280151367e+02
3.3015190430e+03
-5.3514458008e+03
-2.4626679688e+03
4.2147479248e+02
3.3089477539e+03
-5.3364897461e+03
-2.4460878906e+03
4.3792395020e+02
3.3261118164e+03
-5.3116435547e+03
-2.4220224609e+03
4.6237854004e+02
3.3502819824e+03
-5.2812744141e+03
-2.3889321289e+03
4.9684552002e+02
3.3858479004e+03
-5.2389536133e+03
-2.3472229004e+03
5.3845922852e+02
3.4274318848e+03
-5.1922084961e+03
-2.2966203613e+03
5.9244586182e+02
3.4841970215e+03
-5.1311625977e+03
-2.2364343262e+03
6.5213867188e+02
3.5446870117e+03
-5.0657197266e+03
-2.1683813477e+03
7.2464111328e+02
3.6234929199e+03
-4.9849155273e+03
-2.0928156738e+03
7.9870043945e+02
3.7020747070e+03
-4.8938408203e+03
-2.0186480713e+03
8.7057287598e+02
3.7906020508e+03
-4.7917128906e+03
-1.9570500488e+03
9.1603979492e+02
3.8541169434e+03
-5.3476821289e+03
-2.0049622803e+03
1.3064644775e+03
4.6380146484e+03
-5.4964350586e+03
-2.1277504883e+03
1.2049882812e+03
4.5311347656e+03
-5.6200307617e+03
-2.2404838867e+03
1.0979376221e+03
4.4177973633e+03
-5.7199843750e+03
-2.3407480469e+03
9.9598699951e+02
4.3116264648e+03
-5.8086376953e+03
-2.4281560059e+03
9.0925097656e+02
4.2233803711e+03
-5.8787446289e+03
-2.5019780273e+03
8.3214593506e+02
4.1435766602e+03
-5.9415800781e+03
-2.5636772461e+03
7.7086560059e+02
4.0824653320e+03
-5.9887534180e+03
-2.6137983398e+03
7.1915887451e+02
4.0297380371e+03
-6.0291435547e+03
-2.6526252441e+03
6.8038543701e+02
3.9915200195e+03
-6.0563984375e+03
-2.6819753418e+03
6.5113177490e+02
3.9618732910e+03
-6.0761835938e+03
-2.7002307129e+03
6.3202044678e+02
3.9437116699e+03
-6.0851049805e+03
-2.7102692871e+03
6.2331445312e+02
3.9336298828e+03
-6.0851049805e+03
-2.7102692871e+03
6.2331445312e+02
3.9336298828e+03
-6.0761835938e+03
-2.7002307129e+03
6.3202044678e+02
3.9437116699e+03
-6.0563984375e+03
-2.6819753418e+03
6.5113177490e+02
3.9618732910e+03
-6.0291435547e+03
-2.6526252441e+03
6.8038543701e+02
3.9915200195e+03
-5.9887534180e+03
-2.6137983398e+03
7.1915887451e+02
4.0297380371e+03
-5.9415800781e+03
-2.5636772461e+03
7.7086560059e+02
4.0824653320e+03
-5.8787446289e+03
-2.5019780273e+03
8.3214593506e+02
4.1435766602e+03
-5.8086376953e+03
-2.4281560059e+03
9.0925097656e+02
4.2233803711e+03
-5.7199843750e+03
-2.3407480469e+03
9.9598699951e+02
4.3116264648e+03
-5.6200307617e+03
-2.2404838867e+03
1.0979376221e+03
4.4177973633e+03
-5.4964350586e+03
-2.1277504883e+03
1.2049882812e+03
4.5311347656e+03
-5.3476821289e+03
-2.0049622803e+03
1.3064644775e+03
4.6380146484e+03
-5.7516894531e+03
-2.0317722168e+03
1.6109129639e+03
5.2297299805e+03
-5.9393569336e+03
-2.2025578613e+03
1.4631541748e+03
5.0897158203e+03
-6.0861127930e+03
-2.3453344727e+03
1.3254532471e+03
4.9515927734e+03
-6.2088579102e+03
-2.4668559570e+03
1.2053999023e+03
4.8319345703e+03
-6.3083432617e+03
-2.5691174316e+03
1.1011590576e+03
4.7255507812e+03
-6.3952910156e+03
-2.6549262695e+03
1.0159336548e+03
4.6407724609e+03
-6.4631528320e+03
-2.7255310059e+03
9.4381219482e+02
4.5678369141e+03
-6.5221630859e+03
-2.7822490234e+03
8.8774420166e+02
4.5127211914e+03
-6.5646206055e+03
-2.8269531250e+03
8.4312988281e+02
4.4681323242e+03
-6.5990029297e+03
-2.8586499023e+03
8.1112695312e+02
4.4372695312e+03
-6.6194233398e+03
-2.8810146484e+03
7.9044689941e+02
4.4160024414e+03
-6.6306533203e+03
-2.8907377930e+03
7.7917175293e+02
4.4066547852e+03
-6.6306533203e+03
-2.8907377930e+03
7.7917175293e+02
4.4066547852e+03
-6.6194233398e+03
-2.8810146484e+03
7.9044689941e+02
4.4160024414e+03
-6.5990029297e+03
-2.8586499023e+03
8.1112695312e+02
4.4372695312e+03
-6.5646206055e+03
-2.8269531250e+03
8.4312988281e+02
4.4681323242e+03
-6.5221630859e+03
-2.7822490234e+03
8.8774420166e+02
4.5127211914e+03
-6.4631528320e+03
-2.7255310059e+03
9.4381219482e+02
4.5678369141e+03
-6.3952910156e+03
-2.6549262695e+03
1.0159336548e+03
4.6407724609e+03
-6.3083432617e+03
-2.5691174316e+03
1.1011590576e+03
4.7255507812e+03
-6.2088579102e+03
-2.4668559570e+03
1.2053999023e+03
4.8319345703e+03
-6.0861127930e+03
-2.3453344727e+03
1.3254532471e+03
4.9515927734e+03
-5.9393569336e+03
-2.2025578613e+03
1.4631541748e+03
5.0897158203e+03
-5.7516894531e+03
-2.0317722168e+03
1.6109129639e+03
5.2297299805e+03
-5.9853891602e+03
-2.0433853760e+03
1.7918334961e+03
5.5819365234e+03
-6.1960717773e+03
-2.2433359375e+03
1.6176593018e+03
5.4209589844e+03
-6.3598339844e+03
-2.4050549316e+03
1.4624827881e+03
5.2700703125e+03
-6.4924809570e+03
-2.5392075195e+03
1.3287341309e+03
5.1369711914e+03
-6.6054521484e+03
-2.6515095215e+03
1.2173956299e+03
5.0261269531e+03
-6.6959682617e+03
-2.7445583496e+03
1.1231457520e+03
4.9314350586e+03
-6.7747856445e+03
-2.8208176270e+03
1.0478457031e+03
4.8572661133e+03
-6.8340786133e+03
-2.8824038086e+03
9.8632873535e+02
4.7961166992e+03
-6.8846899414e+03
-2.9293176270e+03
9.3985778809e+02
4.7510483398e+03
-6.9181215820e+03
-2.9652182617e+03
9.0568829346e+02
4.7170756836e+03
-6.9429541016e+03
-2.9864851074e+03
8.8275677490e+02
4.6961323242e+03
-6.9539257812e+03
-2.9988703613e+03
8.7287725830e+02
4.6846684570e+03
-6.9539257812e+03
-2.9988703613e+03
8.7287725830e+02
4.6846684570e+03
-6.9429541016e+03
-2.9864851074e+03
8.8275677490e+02
4.6961323242e+03
-6.9181215820e+03
-2.9652182617e+03
9.0568829346e+02
4.7170756836e+03
-6.8846899414e+03
-2.9293176270e+03
9.3985778809e+02
4.7510483398e+03
-6.8340786133e+03
-2.8824038086e+03
9.8632873535e+02
4.7961166992e+03
-6.7747856445e+03
-2.8208176270e+03
1.0478457031e+03
4.8572661133e+03
-6.6959682617e+03
-2.7445583496e+03
1.1231457520e+03
4.9314350586e+03
-6.6054521484e+03
-2.6515095215e+03
1.2173956299e+03
5.0261269531e+03
-6.4924809570e+03
-2.5392075195e+03
1.3287341309e+03
5.1369711914e+03
-6.3598339844e+03
-2.4050549316e+03
1.4624827881e+03
5.2700703125e+03
-6.1960717773e+03
-2.2433359375e+03
1.6176593018e+03
5.4209589844e+03
-5.9853891602e+03
-2.0433853760e+03
1.7918334961e+03
5.5819365234e+03
-6.0359511719e+03
-2.0490263672e+03
1.8303389893e+03
5.6638056641e+03
-6.2518813477e+03
-2.2531843262e+03
1.6517933350e+03
5.4991831055e+03
-6.4186533203e+03
-2.4184147949e+03
1.4929818115e+03
5.3443701172e+03
-6.5568784180e+03
-2.5557956543e+03
1.3573305664e+03
5.2105869141e+03
-6.6693232422e+03
-2.6703891602e+03
1.2423488770e+03
5.0952719727e+03
-6.7662724609e+03
-2.7654350586e+03
1.1479887695e+03
5.0019204102e+03
-6.8420449219e+03
-2.8435278320e+03
1.0697731934e+03
4.9240888672e+03
-6.9080747070e+03
-2.9056052246e+03
1.0084909058e+03
4.8642973633e+03
-6.9544453125e+03
-2.9548830566e+03
9.6055639648e+02
4.8170415039e+03
-6.9933999023e+03
-2.9888366699e+03
9.2571813965e+02
4.7840288086e+03
-7.0153007812e+03
-3.0142080078e+03
9.0408441162e+02
4.7614746094e+03
-7.0278588867e+03
-3.0241638184e+03
8.9145989990e+02
4.7515644531e+03
-7.0278588867e+03
-3.0241638184e+03
8.9145989990e+02
4.7515644531e+03
-7.0153007812e+03
-3.0142080078e+03
9.0408441162e+02
4.7614746094e+03
-6.9933999023e+03
-2.9888366699e+03
9.2571813965e+02
4.7840288086e+03
-6.9544453125e+03
-2.9548830566e+03
9.6055639648e+02
4.8170415039e+03
-6.9080747070e+03
-2.9056052246e+03
1.0084909058e+03
4.8642973633e+03
-6.8420449219e+03
-2.8435278320e+03
1.0697731934e+03
4.9240888672e+03
-6.7662724609e+03
-2.7654350586e+03
1.1479887695e+03
5.0019204102e+03
-6.6693232422e+03
-2.6703891602e+03
1.2423488770e+03
5.0952719727e+03
-6.5568784180e+03
-2.5557956543e+03
1.3573305664e+03
5.2105869141e+03
-6.4186533203e+03
-2.4184147949e+03
1.4929818115e+03
5.3443701172e+03
-6.2518813477e+03
-2.2531843262e+03
1.6517933350e+03
5.4991831055e+03
-6.0359511719e+03
-2.0490263672e+03
1.8303389893e+03
5.6638056641e+03
-5.9032080078e+03
-2.0504296875e+03
1.7217044678e+03
5.4696752930e+03
-6.1043486328e+03
-2.2337441406e+03
1.5635424805e+03
5.3189897461e+03
-6.2637753906e+03
-2.3870383301e+03
1.4167453613e+03
5.1728442383e+03
-6.3935756836e+03
-2.5169841309e+03
1.2878385010e+03
5.0440249023e+03
-6.5043642578e+03
-2.6264792480e+03
1.1789022217e+03
4.9348945312e+03
-6.5933066406e+03
-2.7179560547e+03
1.0869415283e+03
4.8428715820e+03
-6.6712978516e+03
-2.7927514648e+03
1.0126264648e+03
4.7695385742e+03
-6.7287871094e+03
-2.8537077637e+03
9.5239001465e+02
4.7099594727e+03
-6.7799936523e+03
-2.8995024414e+03
9.0636682129e+02
4.6654858398e+03
-6.8114165039e+03
-2.9357871094e+03
8.7307226562e+02
4.6322084961e+03
-6.8370659180e+03
-2.9553015137e+03
8.4976428223e+02
4.6116821289e+03
-6.8475439453e+03
-2.9686396484e+03
8.4094647217e+02
4.6003232422e+03
-6.8475439453e+03
-2.9686396484e+03
8.4094647217e+02
4.6003232422e+03
-6.8370659180e+03
-2.9553015137e+03
8.4976428223e+02
4.6116821289e+03
-6.8114165039e+03
-2.9357871094e+03
8.7307226562e+02
4.6322084961e+03
-6.7799936523e+03
-2.8995024414e+03
9.0636682129e+02
4.6654858398e+03
-6.7287871094e+03
-2.8537077637e+03
9.5239001465e+02
4.7099594727e+03
-6.6712978516e+03
-2.7927514648e+03
1.0126264648e+03
4.7695385742e+03
-6.5933066406e+03
-2.7179560547e+03
1.0869415283e+03
4.8428715820e+03
-6.5043642578e+03
-2.6264792480e+03
1.1789022217e+03
4.9348945312e+03
-6.3935756836e+03
-2.5169841309e+03
1.2878385010e+03
5.0440249023e+03
-6.2637753906e+03
-2.3870383301e+03
1.4167453613e+03
5.1728442383e+03
-6.1043486328e+03
-2.2337441406e+03
1.5635424805e+03
5.3189897461e+03
-5.9032080078e+03
-2.0504296875e+03
1.7217044678e+03
5.4696752930e+03
-5.5985419922e+03
-2.0446547852e+03
1.4790845947e+03
5.0218476562e+03
-5.7680341797e+03
-2.1840292969e+03
1.3623544922e+03
4.9006811523e+03
-5.9071738281e+03
-2.3112978516e+03
1.2411031494e+03
4.7727133789e+03
-6.0238544922e+03
-2.4244958496e+03
1.1289256592e+03
4.6585551758e+03
-6.1201323242e+03
-2.5221284180e+03
1.0307897949e+03
4.5583603516e+03
-6.2042304688e+03
-2.6043957520e+03
9.4816284180e+02
4.4755463867e+03
-6.2692255859e+03
-2.6731374512e+03
8.7924481201e+02
4.4065566406e+03
-6.3282192383e+03
-2.7276000977e+03
8.2441204834e+02
4.3526396484e+03
-6.3667001953e+03
-2.7719450684e+03
7.8169024658e+02
4.3101367188e+03
-6.4032280273e+03
-2.8010773926e+03
7.4991625977e+02
4.2802500000e+03
-6.4205034180e+03
-2.8258615723e+03
7.3119000244e+02
4.2597104492e+03
-6.4322470703e+03
-2.8327907715e+03
7.1814782715e+02
4.2509926758e+03
-6.4322470703e+03
-2.8327907715e+03
7.1814782715e+02
4.2509926758e+03
-6.4205034180e+03
-2.8258615723e+03
7.3119000244e+02
4.2597104492e+03
-6.4032280273e+03
-2.8010773926e+03
7.4991625977e+02
4.2802500000e+03
-6.3667001953e+03
-2.7719450684e+03
7.8169024658e+02
4.3101367188e+03
-6.3282192383e+03
-2.7276000977e+03
8.2441204834e+02
4.3526396484e+03
-6.2692255859e+03
-2.6731374512e+03
8.7924481201e+02
4.4065566406e+03
-6.2042304688e+03
-2.6043957520e+03
9.4816284180e+02
4.4755463867e+03
-6.1201323242e+03
-2.5221284180e+03
1.0307897949e+03
4.5583603516e+03
-6.0238544922e+03
-2.4244958496e+03
1.1289256592e+03
4.6585551758e+03
-5.9071738281e+03
-2.3112978516e+03
1.2411031494e+03
4.7727133789e+03
-5.7680341797e+03
-2.1840292969e+03
1.3623544922e+03
4.9006811523e+03
-5.5985419922e+03
-2.0446547852e+03
1.4790845947e+03
5.0218476562e+03
-5.1429428711e+03
-2.0252972412e+03
1.1312840576e+03
4.3632753906e+03
-5.2671757812e+03
-2.1041020508e+03
1.0722291260e+03
4.2832504883e+03
-5.3798955078e+03
-2.1949345703e+03
9.8664636230e+02
4.1812465820e+03
-5.4733666992e+03
-2.2847026367e+03
8.9725280762e+02
4.0862612305e+03
-5.5566040039e+03
-2.3651630859e+03
8.1603582764e+02
4.0013991699e+03
-5.6232260742e+03
-2.4353044434e+03
7.4483911133e+02
3.9286574707e+03
-5.6843022461e+03
-2.4934028320e+03
6.8569720459e+02
3.8691533203e+03
-5.7268349609e+03
-2.5422412109e+03
6.3724957275e+02
3.8204912109e+03
-5.7696484375e+03
-2.5781577148e+03
5.9939257812e+02
3.7835622559e+03
-5.7906953125e+03
-2.6088161621e+03
5.7243774414e+02
3.7556066895e+03
-5.8140278320e+03
-2.6216340332e+03
5.5223577881e+02
3.7383310547e+03
-5.8207661133e+03
-2.6359526367e+03
5.4766845703e+02
3.7281000977e+03
-5.8207661133e+03
-2.6359526367e+03
5.4766845703e+02
3.7281000977e+03
-5.8140278320e+03
-2.6216340332e+03
5.5223577881e+02
3.7383310547e+03
-5.7906953125e+03
-2.6088161621e+03
5.7243774414e+02
3.7556066895e+03
-5.7696484375e+03
-2.5781577148e+03
5.9939257812e+02
3.7835622559e+03
-5.7268349609e+03
-2.5422412109e+03
6.3724957275e+02
3.8204912109e+03
-5.6843022461e+03
-2.4934028320e+03
6.8569720459e+02
3.8691533203e+03
-5.6232260742e+03
-2.4353044434e+03
7.4483911133e+02
3.9286574707e+03
-5.5566040039e+03
-2.3651630859e+03
8.1603582764e+02
4.0013991699e+03
-5.4733666992e+03
-2.2847026367e+03
8.9725280762e+02
4.0862612305e+03
-5.3798955078e+03
-2.1949345703e+03
9.8664636230e+02
4.1812465820e+03
-5.2671757812e+03
-2.1041020508e+03
1.0722291260e+03
4.2832504883e+03
-5.1429428711e+03
-2.0252972412e+03
1.1312840576e+03
4.3632753906e+03
-4.5634580078e+03
-1.9820070801e+03
7.1422363281e+02
3.5515004883e+03
-4.6360776367e+03
-1.9912465820e+03
7.2088232422e+02
3.5179179688e+03
-4.7163081055e+03
-2.0404284668e+03
6.7618310547e+02
3.4455942383e+03
-4.7875395508e+03
-2.1029499512e+03
6.1356286621e+02
3.3737299805e+03
-4.8492578125e+03
-2.1642272949e+03
5.5098522949e+02
3.3053063965e+03
-4.9061005859e+03
-2.2191540527e+03
4.9436965942e+02
3.2463808594e+03
-4.9487553711e+03
-2.2673337402e+03
4.4540863037e+02
3.1960598145e+03
-4.9919243164e+03
-2.3054890137e+03
4.0522332764e+02
3.1557126465e+03
-5.0150258789e+03
-2.3386059570e+03
3.7377917480e+02
3.1234929199e+03
-5.0458896484e+03
-2.3583383789e+03
3.4928619385e+02
3.1007475586e+03
-5.0529887695e+03
-2.3808098145e+03
3.3603253174e+02
3.0848723145e+03
-5.0645708008e+03
-2.3799248047e+03
3.2157736206e+02
3.0791735840e+03
-5.0645708008e+03
-2.3799248047e+03
3.2157736206e+02
3.0791735840e+03
-5.0529887695e+03
-2.3808098145e+03
3.3603253174e+02
3.0848723145e+03
-5.0458896484e+03
-2.3583383789e+03
3.4928619385e+02
3.1007475586e+03
-5.0150258789e+03
-2.3386059570e+03
3.7377917480e+02
3.1234929199e+03
-4.9919243164e+03
-2.3054890137e+03
4.0522332764e+02
3.1557126465e+03
-4.9487553711e+03
-2.2673337402e+03
4.4540863037e+02
3.1960598145e+03
-4.9061005859e+03
-2.2191540527e+03
4.9436965942e+02
3.2463808594e+03
-4.8492578125e+03
-2.1642272949e+03
5.5098522949e+02
3.3053063965e+03
-4.7875395508e+03
-2.1029499512e+03
6.1356286621e+02
3.3737299805e+03
-4.7163081055e+03
-2.0404284668e+03
6.7618310547e+02
3.4455942383e+03
-4.6360776367e+03
-1.9912465820e+03
7.2088232422e+02
3.5179179688e+03
-4.5634580078e+03
-1.9820070801e+03
7.1422363281e+02
3.5515004883e+03
-3.8876757812e+03
-1.9053657227e+03
2.6715042114e+02
2.6443312988e+03
-3.9073068848e+03
-1.8451154785e+03
3.3958480835e+02
2.6567917480e+03
-3.9571621094e+03
-1.8524058838e+03
3.3577542114e+02
2.6140886230e+03
-4.0024987793e+03
-1.8881059570e+03
2.9972814941e+02
2.5651860352e+03
-4.0496437988e+03
-1.9295295410e+03
2.5674542236e+02
2.5145231934e+03
-4.0873044434e+03
-1.9706878662e+03
2.1413786316e+02
2.4687553711e+03
-4.1263144531e+03
-2.0062816162e+03
1.7642648315e+02
2.4293293457e+03
-4.1499638672e+03
-2.0386033936e+03
1.4443759155e+02
2.3962402344e+03
-4.1818208008e+03
-2.0610432129e+03
1.1825217438e+02
2.3704479980e+03
-4.1883227539e+03
-2.0836445312e+03
1.0027478790e+02
2.3503957520e+03
-4.2119130859e+03
-2.0868803711e+03
8.4901802063e+01
2.3380341797e+03
-4.2095527344e+03
-2.1070498047e+03
8.8550170898e+01
2.3290278320e+03
-4.2095527344e+03
-2.1070498047e+03
8.8550170898e+01
2.3290278320e+03
-4.2119130859e+03
-2.0868803711e+03
8.4901802063e+01
2.3380341797e+03
-4.1883227539e+03
-2.0836445312e+03
1.0027478790e+02
2.3503957520e+03
-4.1818208008e+03
-2.0610432129e+03
1.1825217438e+02
2.3704479980e+03
-4.1499638672e+03
-2.0386033936e+03
1.4443759155e+02
2.3962402344e+03
-4.1263144531e+03
-2.0062816162e+03
1.7642648315e+02
2.4293293457e+03
-4.0873044434e+03
-1.9706878662e+03
2.1413786316e+02
2.4687553711e+03
-4.0496437988e+03
-1.9295295410e+03
2.5674542236e+02
2.5145231934e+03
-4.0024987793e+03
-1.8881059570e+03
2.9972814941e+02
2.5651860352e+03
-3.9571621094e+03
-1.8524058838e+03
3.3577542114e+02
2.6140886230e+03
-3.9073068848e+03
-1.8451154785e+03
3.3958480835e+02
2.6567917480e+03
-3.8876757812e+03
-1.9053657227e+03
2.6715042114e+02
2.6443312988e+03
-3.1399650879e+03
-1.7854057617e+03
-1.7669206238e+02
1.6940485840e+03
-3.1126594238e+03
-1.6635572510e+03
-4.6458992004e+01
1.7458671875e+03
-3.1336069336e+03
-1.6340297852e+03
-1.4374965668e+01
1.7292246094e+03
-3.1602473145e+03
-1.6457247314e+03
-2.6598098755e+01
1.7009444580e+03
-3.1886711426e+03
-1.6704584961e+03
-5.2744651794e+01
1.6659654541e+03
-3.2195295410e+03
-1.6980073242e+03
-8.2114120483e+01
1.6328901367e+03
-3.2412294922e+03
-1.7254235840e+03
-1.1009240723e+02
1.6030760498e+03
-3.2695878906e+03
-1.7470950928e+03
-1.3461128235e+02
1.5780058594e+03
-3.2782104492e+03
-1.7693771973e+03
-1.5390061951e+02
1.5572962646e+03
-3.3064611816e+03
-1.7791967773e+03
-1.7085569763e+02
1.5422047119e+03
-3.2973151855e+03
-1.8005384521e+03
-1.7785540771e+02
1.5309604492e+03
-3.3185751953e+03
-1.7826203613e+03
-1.9735452271e+02
1.5290148926e+03
-3.3185751953e+03
-1.7826203613e+03
-1.9735452271e+02
1.5290148926e+03
-3.2973151855e+03
-1.8005384521e+03
-1.7785540771e+02
1.5309604492e+03
-3.3064611816e+03
-1.7791967773e+03
-1.7085569763e+02
1.5422047119e+03
-3.2782104492e+03
-1.7693771973e+03
-1.5390061951e+02
1.5572962646e+03
-3.2695878906e+03
-1.7470950928e+03
-1.3461128235e+02
1.5780058594e+03
-3.2412294922e+03
-1.7254235840e+03
-1.1009240723e+02
1.6030760498e+03
-3.2195295410e+03
-1.6980073242e+03
-8.2114120483e+01
1.6328901367e+03
-3.1886711426e+03
-1.6704584961e+03
-5.2744651794e+01
1.6659654541e+03
-3.1602473145e+03
-1.6457247314e+03
-2.6598098755e+01
1.7009444580e+03
-3.1336069336e+03
-1.6340297852e+03
-1.4374965668e+01
1.7292246094e+03
-3.1126594238e+03
-1.6635572510e+03
-4.6458992004e+01
1.7458671875e+03
-3.1399650879e+03
-1.7854057617e+03
-1.7669206238e+02
1.6940485840e+03
-2.3389956055e+03
-1.6155776367e+03
-5.8997686768e+02
7.3953948975e+02
-2.2739172363e+03
-1.4467701416e+03
-4.1621481323e+02
8.2006018066e+02
-2.2744584961e+03
-1.3889865723e+03
-3.5693466187e+02
8.2248541260e+02
-2.2833076172e+03
-1.3828070068e+03
-3.5149127197e+02
8.0990173340e+02
-2.3035661621e+03
-1.3942232666e+03
-3.6430801392e+02
7.8680859375e+02
-2.3199030762e+03
-1.4130648193e+03
-3.8430404663e+02
7.6324969482e+02
-2.3427941895e+03
-1.4312504883e+03
-4.0485836792e+02
7.4082696533e+02
-2.3523518066e+03
-1.4510375977e+03
-4.2315203857e+02
7.2153729248e+02
-2.3772690430e+03
-1.4618458252e+03
-4.3969052124e+02
7.0653576660e+02
-2.3698615723e+03
-1.4805258789e+03
-4.4877755737e+02
6.9557714844e+02
-2.4063051758e+03
-1.4744024658e+03
-4.6156072998e+02
6.9004241943e+02
-2.3765085449e+03
-1.5152415771e+03
-4.4601843262e+02
6.8278088379e+02
-2.3765085449e+03
-1.5152415771e+03
-4.4601843262e+02
6.8278088379e+02
-2.4063051758e+03
-1.4744024658e+03
-4.6156072998e+02
6.9004241943e+02
-2.3698615723e+03
-1.4805258789e+03
-4.4877755737e+02
6.9557714844e+02
-2.3772690430e+03
-1.4618458252e+03
-4.3969052124e+02
7.0653576660e+02
-2.3523518066e+03
-1.4510375977e+03
-4.2315203857e+02
7.2153729248e+02
-2.3427941895e+03
-1.4312504883e+03
-4.0485836792e+02
7.4082696533e+02
-2.3199030762e+03
-1.4130648193e+03
-3.8430404663e+02
7.6324969482e+02
-2.3035661621e+03
-1.3942232666e+03
-3.6430801392e+02
7.8680859375e+02
-2.2833076172e+03
-1.3828070068e+03
-3.5149127197e+02
8.0990173340e+02
-2.2744584961e+03
-1.3889865723e+03
-3.5693466187e+02
8.2248541260e+02
-2.2739172363e+03
-1.4467701416e+03
-4.1621481323e+02
8.2006018066e+02
-2.3389956055e+03
-1.6155776367e+03
-5.8997686768e+02
7.3953948975e+02
-1.4978690186e+03
-1.3907562256e+03
-9.5538043213e+02
-1.9145372009e+02
-1.4092756348e+03
-1.1938726807e+03
-7.5675500488e+02
-9.6550605774e+01
-1.3953886719e+03
-1.1194046631e+03
-6.8197503662e+02
-8.3342376709e+01
-1.3970269775e+03
-1.1022113037e+03
-6.6588232422e+02
-8.7016448975e+01
-1.4066433105e+03
-1.1064787598e+03
-6.7122998047e+02
-1.0320424652e+02
-1.4230310059e+03
-1.1182237549e+03
-6.8563012695e+02
-1.2165145111e+02
-1.4314631348e+03
-1.1346223145e+03
-7.0182788086e+02
-1.4106834412e+02
-1.4516256104e+03
-1.1458928223e+03
-7.1939105225e+02
-1.5849992371e+02
-1.4471308594e+03
-1.1646121826e+03
-7.3207110596e+02
-1.7406936646e+02
-1.4776098633e+03
-1.1622646484e+03
-7.4849255371e+02
-1.8699534607e+02
-1.4382081299e+03
-1.1878295898e+03
-7.4778247070e+02
-1.9737664795e+02
-1.5094869385e+03
-1.1350319824e+03
-7.7668939209e+02
-1.9741615295e+02
-1.5094869385e+03
-1.1350319824e+03
-7.7668939209e+02
-1.9741615295e+02
-1.4382081299e+03
-1.1878295898e+03
-7.4778247070e+02
-1.9737664795e+02
-1.4776098633e+03
-1.1622646484e+03
-7.4849255371e+02
-1.8699534607e+02
-1.4471308594e+03
-1.1646121826e+03
-7.3207110596e+02
-1.7406936646e+02
-1.4516256104e+03
-1.1458928223e+03
-7.1939105225e+02
-1.5849992371e+02
-1.4314631348e+03
-1.1346223145e+03
-7.0182788086e+02
-1.4106834412e+02
-1.4230310059e+03
-1.1182237549e+03
-6.8563012695e+02
-1.2165145111e+02
-1.4066433105e+03
-1.1064787598e+03
-6.7122998047e+02
-1.0320424652e+02
-1.3970269775e+03
-1.1022113037e+03
-6.6588232422e+02
-8.7016448975e+01
-1.3953886719e+03
-1.1194046631e+03
-6.8197503662e+02
-8.3342376709e+01
-1.4092756348e+03
-1.1938726807e+03
-7.5675500488e+02
-9.6550605774e+01
-1.4978690186e+03
-1.3907562256e+03
-9.5538043213e+02
-1.9145372009e+02
-6.2601623535e+02
-1.1105058594e+03
-1.2623309326e+03
-1.0832402344e+03
-5.2809173584e+02
-9.0717315674e+02
-1.0597667236e+03
-9.8934912109e+02
-5.1199002075e+02
-8.2808026123e+02
-9.8248413086e+02
-9.7422808838e+02
-5.0874938965e+02
-8.0939593506e+02
-9.6315576172e+02
-9.7643127441e+02
-5.2177056885e+02
-8.0991302490e+02
-9.6741870117e+02
-9.8922216797e+02
-5.2894354248e+02
-8.2300408936e+02
-9.7836968994e+02
-1.0081053467e+03
-5.4826580811e+02
-8.3233526611e+02
-9.9587658691e+02
-1.0250252686e+03
-5.4533532715e+02
-8.5180798340e+02
-1.0086395874e+03
-1.0453522949e+03
-5.7307354736e+02
-8.5153491211e+02
-1.0287125244e+03
-1.0646202393e+03
-5.4019470215e+02
-8.8064343262e+02
-1.0335435791e+03
-1.0813494873e+03
-5.9892822266e+02
-8.5043286133e+02
-1.0607829590e+03
-1.0960090332e+03
-4.5381994629e+02
-9.2830749512e+02
-1.0370910645e+03
-1.1089406738e+03
-4.5381994629e+02
-9.2830749512e+02
-1.0370910645e+03
-1.1089406738e+03
-5.9892822266e+02
-8.5043286133e+02
-1.0607829590e+03
-1.0960090332e+03
-5.4019470215e+02
-8.8064343262e+02
-1.0335435791e+03
-1.0813494873e+03
-5.7307354736e+02
-8.5153491211e+02
-1.0287125244e+03
-1.0646202393e+03
-5.4533532715e+02
-8.5180798340e+02
-1.0086395874e+03
-1.0453522949e+03
-5.4826580811e+02
-8.3233526611e+02
-9.9587658691e+02
-1.0250252686e+03
-5.2894354248e+02
-8.2300408936e+02
-9.7836968994e+02
-1.0081053467e+03
-5.2177056885e+02
-8.0991302490e+02
-9.6741870117e+02
-9.8922216797e+02
-5.0874938965e+02
-8.0939593506e+02
-9.6315576172e+02
-9.7643127441e+02
-5.1199002075e+02
-8.2808026123e+02
-9.8248413086e+02
-9.7422808838e+02
-5.2809173584e+02
-9.0717315674e+02
-1.0597667236e+03
-9.8934912109e+02
-6.2601623535e+02
-1.1105058594e+03
-1.2623309326e+03
-1.0832402344e+03
2.6873239136e+02
-7.7746539307e+02
-1.5087615967e+03
-1.9276436768e+03
3.5922509766e+02
-5.8874407959e+02
-1.3239165039e+03
-1.8499389648e+03
3.7049539185e+02
-5.1886108398e+02
-1.2564595947e+03
-1.8420451660e+03
3.6552996826e+02
-5.0574725342e+02
-1.2425124512e+03
-1.8481403809e+03
3.5129458618e+02
-5.1112417603e+02
-1.2500872803e+03
-1.8629707031e+03
3.3371557617e+02
-5.2586126709e+02
-1.2630107422e+03
-1.8824895020e+03
3.2063787842e+02
-5.3970831299e+02
-1.2809907227e+03
-1.8999053955e+03
3.0478887939e+02
-5.5501983643e+02
-1.2947889404e+03
-1.9191256104e+03
3.0014083862e+02
-5.6484100342e+02
-1.3099770508e+03
-1.9376912842e+03
2.8666967773e+02
-5.7470825195e+02
-1.3196429443e+03
-1.9476916504e+03
2.8728594971e+02
-5.7771826172e+02
-1.3115928955e+03
-1.9670712891e+03
3.0195068359e+02
-5.1524066162e+02
-1.3364315186e+03
-1.9623951416e+03
3.0195068359e+02
-5.1524066162e+02
-1.3364315186e+03
-1.9623951416e+03
2.8728594971e+02
-5.7771826172e+02
-1.3115928955e+03
-1.9670712891e+03
2.8666967773e+02
-5.7470825195e+02
-1.3196429443e+03
-1.9476916504e+03
3.0014083862e+02
-5.6484100342e+02
-1.3099770508e+03
-1.9376912842e+03
3.0478887939e+02
-5.5501983643e+02
-1.2947889404e+03
-1.9191256104e+03
3.2063787842e+02
-5.3970831299e+02
-1.2809907227e+03
-1.8999053955e+03
3.3371557617e+02
-5.2586126709e+02
-1.2630107422e+03
-1.8824895020e+03
3.5129458618e+02
-5.1112417603e+02
-1.2500872803e+03
-1.8629707031e+03
3.6552996826e+02
-5.0574725342e+02
-1.2425124512e+03
-1.8481403809e+03
3.7049539185e+02
-5.1886108398e+02
-1.2564595947e+03
-1.8420451660e+03
3.5922509766e+02
-5.8874407959e+02
-1.3239165039e+03
-1.8499389648e+03
2.6873239136e+02
-7.7746539307e+02
-1.5087615967e+03
-1.9276436768e+03
1.1768040771e+03
-3.9985339355e+02
-1.6968941650e+03
-2.7218754883e+03
1.2462408447e+03
-2.4538496399e+02
-1.5496893311e+03
-2.6735598145e+03
1.2415859375e+03
-1.9673655701e+02
-1.5033012695e+03
-2.6816594238e+03
1.2253632812e+03
-1.9713835144e+02
-1.5031784668e+03
-2.6969396973e+03
1.1975671387e+03
-2.1314451599e+02
-1.5183408203e+03
-2.7190625000e+03
1.1750550537e+03
-2.3521871948e+02
-1.5387921143e+03
-2.7409443359e+03
1.1470329590e+03
-2.5544468689e+02
-1.5592685547e+03
-2.7615468750e+03
1.1337280273e+03
-2.7620989990e+02
-1.5770307617e+03
-2.7797685547e+03
1.1058471680e+03
-2.8835974121e+02
-1.5929931641e+03
-2.7931665039e+03
1.1073730469e+03
-3.0599331665e+02
-1.6002670898e+03
-2.8058876953e+03
1.0722160645e+03
-3.0196853638e+02
-1.6126531982e+03
-2.8077915039e+03
1.0477979736e+03
-3.3462811279e+02
-1.5959176025e+03
-2.8182954102e+03
1.0477979736e+03
-3.3462811279e+02
-1.5959176025e+03
-2.8182954102e+03
1.0722160645e+03
-3.0196853638e+02
-1.6126531982e+03
-2.8077915039e+03
1.1073730469e+03
-3.0599331665e+02
-1.6002670898e+03
-2.8058876953e+03
1.1058471680e+03
-2.8835974121e+02
-1.5929931641e+03
-2.7931665039e+03
1.1337280273e+03
-2.7620989990e+02
-1.5770307617e+03
-2.7797685547e+03
1.1470329590e+03
-2.5544468689e+02
-1.5592685547e+03
-2.7615468750e+03
1.1750550537e+03
-2.3521871948e+02
-1.5387921143e+03
-2.7409443359e+03
1.1975671387e+03
-2.1314451599e+02
-1.5183408203e+03
-2.7190625000e+03
1.2253632812e+03
-1.9713835144e+02
-1.5031784668e+03
-2.6969396973e+03
1.2415859375e+03
-1.9673655701e+02
-1.5033012695e+03
-2.6816594238e+03
1.2462408447e+03
-2.4538496399e+02
-1.5496893311e+03
-2.6735598145e+03
1.1768040771e+03
-3.9985339355e+02
-1.6968941650e+03
-2.7218754883e+03
2.0822436523e+03
1.0154112816e+01
-1.8335479736e+03
-3.4611315918e+03
2.1180483398e+03
1.1472936249e+02
-1.7397122803e+03
-3.4534467773e+03
2.0926674805e+03
1.3241029358e+02
-1.7245230713e+03
-3.4839614258e+03
2.0560722656e+03
1.1233363342e+02
-1.7439465332e+03
-3.5149589844e+03
2.0179410400e+03
8.0970108032e+01
-1.7727189941e+03
-3.5482966309e+03
1.9775494385e+03
4.8925003052e+01
-1.8034261475e+03
-3.5778381348e+03
1.9492271729e+03
1.7383094788e+01
-1.8309703369e+03
-3.6046689453e+03
1.9134217529e+03
-6.2411761284e+00
-1.8560159912e+03
-3.6262014160e+03
1.9019012451e+03
-3.2103420258e+01
-1.8739893799e+03
-3.6445490723e+03
1.8664626465e+03
-4.1266696930e+01
-1.8929229736e+03
-3.6563933105e+03
1.8775523682e+03
-6.7471481323e+01
-1.8998996582e+03
-3.6676506348e+03
1.8853403320e+03
-6.3776485443e+01
-1.9185859375e+03
-3.6665898438e+03
1.8853403320e+03
-6.3776485443e+01
-1.9185859375e+03
-3.6665898438e+03
1.8775523682e+03
-6.7471481323e+01
-1.8998996582e+03
-3.6676506348e+03
1.8664626465e+03
-4.1266696930e+01
-1.8929229736e+03
-3.6563933105e+03
1.9019012451e+03
-3.2103420258e+01
-1.8739893799e+03
-3.6445490723e+03
1.9134217529e+03
-6.2411761284e+00
-1.8560159912e+03
-3.6262014160e+03
1.9492271729e+03
1.7383094788e+01
-1.8309703369e+03
-3.6046689453e+03
1.9775494385e+03
4.8925003052e+01
-1.8034261475e+03
-3.5778381348e+03
2.0179410400e+03
8.0970108032e+01
-1.7727189941e+03
-3.5482966309e+03
2.0560722656e+03
1.1233363342e+02
-1.7439465332e+03
-3.5149589844e+03
2.0926674805e+03
1.3241029358e+02
-1.7245230713e+03
-3.4839614258e+03
2.1180483398e+03
1.1472936249e+02
-1.7397122803e+03
-3.4534467773e+03
2.0822436523e+03
1.0154112816e+01
-1.8335479736e+03
-3.4611315918e+03
2.9583596191e+03
4.3195861816e+02
-1.9253162842e+03
-4.1357055664e+03
2.9535368652e+03
4.7612866211e+02
-1.8950301514e+03
-4.1753647461e+03
2.9005588379e+03
4.5723187256e+02
-1.9174389648e+03
-4.2331997070e+03
2.8457119141e+03
4.1283029175e+02
-1.9605916748e+03
-4.2847343750e+03
2.7878933105e+03
3.6499224854e+02
-2.0064915771e+03
-4.3325151367e+03
2.7415043945e+03
3.1877029419e+02
-2.0494028320e+03
-4.3743642578e+03
2.6943361816e+03
2.8002160645e+02
-2.0874411621e+03
-4.4095971680e+03
2.6664863281e+03
2.4438737488e+02
-2.1182124023e+03
-4.4395458984e+03
2.6282392578e+03
2.2191519165e+02
-2.1449924316e+03
-4.4625532227e+03
2.6243867188e+03
1.9523150635e+02
-2.1607863770e+03
-4.4811152344e+03
2.5944797363e+03
1.9523672485e+02
-2.1765056152e+03
-4.4914892578e+03
2.5795971680e+03
1.8829544067e+02
-2.1756462402e+03
-4.5011655273e+03
2.5795971680e+03
1.8829544067e+02
-2.1756462402e+03
-4.5011655273e+03
2.5944797363e+03
1.9523672485e+02
-2.1765056152e+03
-4.4914892578e+03
2.6243867188e+03
1.9523150635e+02
-2.1607863770e+03
-4.4811152344e+03
2.6282392578e+03
2.2191519165e+02
-2.1449924316e+03
-4.4625532227e+03
2.6664863281e+03
2.4438737488e+02
-2.1182124023e+03
-4.4395458984e+03
2.6943361816e+03
2.8002160645e+02
-2.0874411621e+03
-4.4095971680e+03
2.7415043945e+03
3.1877029419e+02
-2.0494028320e+03
-4.3743642578e+03
2.7878933105e+03
3.6499224854e+02
-2.0064915771e+03
-4.3325151367e+03
2.8457119141e+03
4.1283029175e+02
-1.9605916748e+03
-4.2847343750e+03
2.9005588379e+03
4.5723187256e+02
-1.9174389648e+03
-4.2331997070e+03
2.9535368652e+03
4.7612866211e+02
-1.8950301514e+03
-4.1753647461e+03
2.9583596191e+03
4.3195861816e+02
-1.9253162842e+03
-4.1357055664e+03
3.7644865723e+03
8.3886822510e+02
-1.9814129639e+03
-4.7271293945e+03
3.7151589355e+03
8.1984051514e+02
-2.0178834229e+03
-4.8161347656e+03
3.6357082520e+03
7.6186645508e+02
-2.0798720703e+03
-4.9030625000e+03
3.5571723633e+03
6.9281280518e+02
-2.1483024902e+03
-4.9765576172e+03
3.4875078125e+03
6.2674975586e+02
-2.2122214355e+03
-5.0413505859e+03
3.4230046387e+03
5.6847125244e+02
-2.2687551270e+03
-5.0957402344e+03
3.3757656250e+03
5.1784100342e+02
-2.3164067383e+03
-5.1421396484e+03
3.3276555176e+03
4.7894616699e+02
-2.3562775879e+03
-5.1792294922e+03
3.3044738770e+03
4.4373120117e+02
-2.3858701172e+03
-5.2092011719e+03
3.2672939453e+03
4.2625631714e+02
-2.4108574219e+03
-5.2302910156e+03
3.2627998047e+03
4.0126022339e+02
-2.4225954590e+03
-5.2456396484e+03
3.2597294922e+03
3.9071496582e+02
-2.4326208496e+03
-5.2504614258e+03
3.2597294922e+03
3.9071496582e+02
-2.4326208496e+03
-5.2504614258e+03
3.2627998047e+03
4.0126022339e+02
-2.4225954590e+03
-5.2456396484e+03
3.2672939453e+03
4.2625631714e+02
-2.4108574219e+03
-5.2302910156e+03
3.3044738770e+03
4.4373120117e+02
-2.3858701172e+03
-5.2092011719e+03
3.3276555176e+03
4.7894616699e+02
-2.3562775879e+03
-5.1792294922e+03
3.3757656250e+03
5.1784100342e+02
-2.3164067383e+03
-5.1421396484e+03
3.4230046387e+03
5.6847125244e+02
-2.2687551270e+03
-5.0957402344e+03
3.4875078125e+03
6.2674975586e+02
-2.2122214355e+03
-5.0413505859e+03
3.5571723633e+03
6.9281280518e+02
-2.1483024902e+03
-4.9765576172e+03
3.6357082520e+03
7.6186645508e+02
-2.0798720703e+03
-4.9030625000e+03
3.7151589355e+03
8.1984051514e+02
-2.0178834229e+03
-4.8161347656e+03
3.7644865723e+03
8.3886822510e+02
-1.9814129639e+03
-4.7271293945e+03
4.4502084961e+03
1.1964494629e+03
-2.0099932861e+03
-5.2123115234e+03
4.3597827148e+03
1.1182305908e+03
-2.1083718262e+03
-5.3464814453e+03
4.2533276367e+03
1.0243555908e+03
-2.2070476074e+03
-5.4605722656e+03
4.1575957031e+03
9.3205798340e+02
-2.2990883789e+03
-5.5551972656e+03
4.0696591797e+03
8.4984478760e+02
-2.3797160645e+03
-5.6352763672e+03
3.9998652344e+03
7.7894317627e+02
-2.4486928711e+03
-5.7028974609e+03
3.9359020996e+03
7.2072088623e+02
-2.5062065430e+03
-5.7584018555e+03
3.8934167480e+03
6.7183569336e+02
-2.5523789062e+03
-5.8041171875e+03
3.8483234863e+03
6.3738604736e+02
-2.5896926270e+03
-5.8391254883e+03
3.8311501465e+03
6.0541876221e+02
-2.6148146973e+03
-5.8658398438e+03
3.8059660645e+03
5.9393359375e+02
-2.6352871094e+03
-5.8822236328e+03
3.7946652832e+03
5.8875439453e+02
-2.6439780273e+03
-5.8919218750e+03
3.7946652832e+03
5.8875439453e+02
-2.6439780273e+03
-5.8919218750e+03
3.8059660645e+03
5.9393359375e+02
-2.6352871094e+03
-5.8822236328e+03
3.8311501465e+03
6.0541876221e+02
-2.6148146973e+03
-5.8658398438e+03
3.8483234863e+03
6.3738604736e+02
-2.5896926270e+03
-5.8391254883e+03
3.8934167480e+03
6.7183569336e+02
-2.5523789062e+03
-5.8041171875e+03
3.9359020996e+03
7.2072088623e+02
-2.5062065430e+03
-5.7584018555e+03
3.9998652344e+03
7.7894317627e+02
-2.4486928711e+03
-5.7028974609e+03
4.0696591797e+03
8.4984478760e+02
-2.3797160645e+03
-5.6352763672e+03
4.1575957031e+03
9.3205798340e+02
-2.2990883789e+03
-5.5551972656e+03
4.2533276367e+03
1.0243555908e+03
-2.2070476074e+03
-5.4605722656e+03
4.3597827148e+03
1.1182305908e+03
-2.1083718262e+03
-5.3464814453e+03
4.4502084961e+03
1.1964494629e+03
-2.0099932861e+03
-5.2123115234e+03
4.9614907227e+03
1.4709713135e+03
-2.0211201172e+03
-5.5652875977e+03
4.8374550781e+03
1.3458566895e+03
-2.1690131836e+03
-5.7352817383e+03
4.7117910156e+03
1.2231120605e+03
-2.2969956055e+03
-5.8707207031e+03
4.5981582031e+03
1.1125495605e+03
-2.4074711914e+03
-5.9815712891e+03
4.5028935547e+03
1.0176138916e+03
-2.5015751953e+03
-6.0748110352e+03
4.4188940430e+03
9.3749993896e+02
-2.5802631836e+03
-6.1516430664e+03
4.3561884766e+03
8.7136407471e+02
-2.6451711426e+03
-6.2160156250e+03
4.2983779297e+03
8.1946893311e+02
-2.6977094727e+03
-6.2671215820e+03
4.2641044922e+03
7.7671295166e+02
-2.7376520996e+03
-6.3078964844e+03
4.2272983398e+03
7.5048004150e+02
-2.7687033691e+03
-6.3370214844e+03
4.2130009766e+03
7.2712219238e+02
-2.7859963379e+03
-6.3572690430e+03
4.2048017578e+03
7.1419335938e+02
-2.7945490723e+03
-6.3665541992e+03
4.2048017578e+03
7.1419335938e+02
-2.7945490723e+03
-6.3665541992e+03
4.2130009766e+03
7.2712219238e+02
-2.7859963379e+03
-6.3572690430e+03
4.2272983398e+03
7.5048004150e+02
-2.7687033691e+03
-6.3370214844e+03
4.2641044922e+03
7.7671295166e+02
-2.7376520996e+03
-6.3078964844e+03
4.2983779297e+03
8.1946893311e+02
-2.6977094727e+03
-6.2671215820e+03
4.3561884766e+03
8.7136407471e+02
-2.6451711426e+03
-6.2160156250e+03
4.4188940430e+03
9.3749993896e+02
-2.5802631836e+03
-6.1516430664e+03
4.5028935547e+03
1.0176138916e+03
-2.5015751953e+03
-6.0748110352e+03
4.5981582031e+03
1.1125495605e+03
-2.4074711914e+03
-5.9815712891e+03
4.7117910156e+03
1.2231120605e+03
-2.2969956055e+03
-5.8707207031e+03
4.8374550781e+03
1.3458566895e+03
-2.1690131836e+03
-5.7352817383e+03
4.9614907227e+03
1.4709713135e+03
-2.0211201172e+03
-5.5652875977e+03
5.2526015625e+03
1.6318380127e+03
-2.0212425537e+03
-5.7644575195e+03
5.1085322266e+03
1.4770148926e+03
-2.1996716309e+03
-5.9556904297e+03
4.9693715820e+03
1.3368168945e+03
-2.3451699219e+03
-6.1034858398e+03
4.8493662109e+03
1.2156544189e+03
-2.4668806152e+03
-6.2245327148e+03
4.7434218750e+03
1.1127421875e+03
-2.5684167480e+03
-6.3241054688e+03
4.6600766602e+03
1.0274890137e+03
-2.6530041504e+03
-6.4078740234e+03
4.5863959961e+03
9.5760021973e+02
-2.7221816406e+03
-6.4757373047e+03
4.5350356445e+03
9.0125506592e+02
-2.7775878906e+03
-6.5315361328e+03
4.4871508789e+03
8.5954766846e+02
-2.8211306152e+03
-6.5740590820e+03
4.4614155273e+03
8.2572723389e+02
-2.8516450195e+03
-6.6062216797e+03
4.4379511719e+03
8.0747351074e+02
-2.8738164062e+03
-6.6263896484e+03
4.4274882812e+03
8.0001275635e+02
-2.8854353027e+03
-6.6366777344e+03
4.4274882812e+03
8.0001275635e+02
-2.8854353027e+03
-6.6366777344e+03
4.4379511719e+03
8.0747351074e+02
-2.8738164062e+03
-6.6263896484e+03
4.4614155273e+03
8.2572723389e+02
-2.8516450195e+03
-6.6062216797e+03
4.4871508789e+03
8.5954766846e+02
-2.8211306152e+03
-6.5740590820e+03
4.5350356445e+03
9.0125506592e+02
-2.7775878906e+03
-6.5315361328e+03
4.5863959961e+03
9.5760021973e+02
-2.7221816406e+03
-6.4757373047e+03
4.6600766602e+03
1.0274890137e+03
-2.6530041504e+03
-6.4078740234e+03
4.7434218750e+03
1.1127421875e+03
-2.5684167480e+03
-6.3241054688e+03
4.8493662109e+03
1.2156544189e+03
-2.4668806152e+03
-6.2245327148e+03
4.9693715820e+03
1.3368168945e+03
-2.3451699219e+03
-6.1034858398e+03
5.1085322266e+03
1.4770148926e+03
-2.1996716309e+03
-5.9556904297e+03
5.2526015625e+03
1.6318380127e+03
-2.0212425537e+03
-5.7644575195e+03
5.2932504883e+03
1.6609714355e+03
-2.0150518799e+03
-5.7941318359e+03
5.1438979492e+03
1.4985863037e+03
-2.2017482910e+03
-5.9896088867e+03
5.0041889648e+03
1.3545024414e+03
-2.3513391113e+03
-6.1392514648e+03
4.8796044922e+03
1.2308288574e+03
-2.4745805664e+03
-6.2605483398e+03
4.7773291016e+03
1.1277293701e+03
-2.5775686035e+03
-6.3621694336e+03
4.6874438477e+03
1.0409566650e+03
-2.6624956055e+03
-6.4449824219e+03
4.6201977539e+03
9.7088189697e+02
-2.7322939453e+03
-6.5147392578e+03
4.5602304688e+03
9.1487268066e+02
-2.7882656250e+03
-6.5696308594e+03
4.5213369141e+03
8.7068328857e+02
-2.8312558594e+03
-6.6135913086e+03
4.4863056641e+03
8.4066302490e+02
-2.8637116699e+03
-6.6449409180e+03
4.4683154297e+03
8.1892492676e+02
-2.8835192871e+03
-6.6664169922e+03
4.4584458008e+03
8.0680224609e+02
-2.8924914551e+03
-6.6769853516e+03
4.4584458008e+03
8.0680224609e+02
-2.8924914551e+03
-6.6769853516e+03
4.4683154297e+03
8.1892492676e+02
-2.8835192871e+03
-6.6664169922e+03
4.4863056641e+03
8.4066302490e+02
-2.8637116699e+03
-6.6449409180e+03
4.5213369141e+03
8.7068328857e+02
-2.8312558594e+03
-6.6135913086e+03
4.5602304688e+03
9.1487268066e+02
-2.7882656250e+03
-6.5696308594e+03
4.6201977539e+03
9.7088189697e+02
-2.7322939453e+03
-6.5147392578e+03
4.6874438477e+03
1.0409566650e+03
-2.6624956055e+03
-6.4449824219e+03
4.7773291016e+03
1.1277293701e+03
-2.5775686035e+03
-6.3621694336e+03
4.8796044922e+03
1.2308288574e+03
-2.4745805664e+03
-6.2605483398e+03
5.0041889648e+03
1.3545024414e+03
-2.3513391113e+03
-6.1392514648e+03
5.1438979492e+03
1.4985863037e+03
-2.2017482910e+03
-5.9896088867e+03
5.2932504883e+03
1.6609714355e+03
-2.0150518799e+03
-5.7941318359e+03
5.0765830078e+03
1.5547004395e+03
-2.0023864746e+03
-5.6492573242e+03
4.9390537109e+03
1.4055683594e+03
-2.1737614746e+03
-5.8315112305e+03
4.8055883789e+03
1.2709967041e+03
-2.3126684570e+03
-5.9712246094e+03
4.6911977539e+03
1.1555098877e+03
-2.4287785645e+03
-6.0864257812e+03
4.5884902344e+03
1.0562758789e+03
-2.5255036621e+03
-6.1801699219e+03
4.5086425781e+03
9.7509759521e+02
-2.6063627930e+03
-6.2602983398e+03
4.4372827148e+03
9.0724017334e+02
-2.6724521484e+03
-6.3244096680e+03
4.3867636719e+03
8.5357629395e+02
-2.7256894531e+03
-6.3778999023e+03
4.3417583008e+03
8.1240222168e+02
-2.7672707520e+03
-6.4183374023e+03
4.3144453125e+03
7.8119445801e+02
-2.7970415039e+03
-6.4491518555e+03
4.2931054688e+03
7.6182788086e+02
-2.8174328613e+03
-6.4686484375e+03
4.2835312500e+03
7.5340545654e+02
-2.8282932129e+03
-6.4783471680e+03
4.2835312500e+03
7.5340545654e+02
-2.8282932129e+03
-6.4783471680e+03
4.2931054688e+03
7.6182788086e+02
-2.8174328613e+03
-6.4686484375e+03
4.3144453125e+03
7.8119445801e+02
-2.7970415039e+03
-6.4491518555e+03
4.3417583008e+03
8.1240222168e+02
-2.7672707520e+03
-6.4183374023e+03
4.3867636719e+03
8.5357629395e+02
-2.7256894531e+03
-6.3778999023e+03
4.4372827148e+03
9.0724017334e+02
-2.6724521484e+03
-6.3244096680e+03
4.5086425781e+03
9.7509759521e+02
-2.6063627930e+03
-6.2602983398e+03
4.5884902344e+03
1.0562758789e+03
-2.5255036621e+03
-6.1801699219e+03
4.6911977539e+03
1.1555098877e+03
-2.4287785645e+03
-6.0864257812e+03
4.8055883789e+03
1.2709967041e+03
-2.3126684570e+03
-5.9712246094e+03
4.9390537109e+03
1.4055683594e+03
-2.1737614746e+03
-5.8315112305e+03
5.0765830078e+03
1.5547004395e+03
-2.0023864746e+03
-5.6492573242e+03
4.6195561523e+03
1.3235804443e+03
-1.9769160156e+03
-5.3355708008e+03
4.5060083008e+03
1.2081500244e+03
-2.1134719238e+03
-5.4889746094e+03
4.3923442383e+03
1.0963021240e+03
-2.2303022461e+03
-5.6108266602e+03
4.2863476562e+03
9.9421447754e+02
-2.3302810059e+03
-5.7090795898e+03
4.2001215820e+03
9.0850756836e+02
-2.4159780273e+03
-5.7940917969e+03
4.1208925781e+03
8.3348736572e+02
-2.4874960938e+03
-5.8622475586e+03
4.0624353027e+03
7.7360394287e+02
-2.5470683594e+03
-5.9214291992e+03
4.0093898926e+03
7.2411535645e+02
-2.5950566406e+03
-5.9673427734e+03
3.9738940430e+03
6.8598449707e+02
-2.6323610840e+03
-6.0048779297e+03
3.9435866699e+03
6.5844885254e+02
-2.6602446289e+03
-6.0314448242e+03
3.9265769043e+03
6.4011376953e+02
-2.6781003418e+03
-6.0496835938e+03
3.9172849121e+03
6.3013928223e+02
-2.6863339844e+03
-6.0586767578e+03
3.9172849121e+03
6.3013928223e+02
-2.6863339844e+03
-6.0586767578e+03
3.9265769043e+03
6.4011376953e+02
-2.6781003418e+03
-6.0496835938e+03
3.9435866699e+03
6.5844885254e+02
-2.6602446289e+03
-6.0314448242e+03
3.9738940430e+03
6.8598449707e+02
-2.6323610840e+03
-6.0048779297e+03
4.0093898926e+03
7.2411535645e+02
-2.5950566406e+03
-5.9673427734e+03
4.0624353027e+03
7.7360394287e+02
-2.5470683594e+03
-5.9214291992e+03
4.1208925781e+03
8.3348736572e+02
-2.4874960938e+03
-5.8622475586e+03
4.2001215820e+03
9.0850756836e+02
-2.4159780273e+03
-5.7940917969e+03
4.2863476562e+03
9.9421447754e+02
-2.3302810059e+03
-5.7090795898e+03
4.3923442383e+03
1.0963021240e+03
-2.2303022461e+03
-5.6108266602e+03
4.5060083008e+03
1.2081500244e+03
-2.1134719238e+03
-5.4889746094e+03
4.6195561523e+03
1.3235804443e+03
-1.9769160156e+03
-5.3355708008e+03
3.9574916992e+03
9.9648547363e+02
-1.9340150146e+03
-4.8660688477e+03
3.8802062988e+03
9.2668676758e+02
-2.0203488770e+03
-4.9806196289e+03
3.7864350586e+03
8.4385949707e+02
-2.1051420898e+03
-5.0755239258e+03
3.7052993164e+03
7.6528759766e+02
-2.1846044922e+03
-5.1573427734e+03
3.6249079590e+03
6.9133367920e+02
-2.2539296875e+03
-5.2234033203e+03
3.5646257324e+03
6.3099127197e+02
-2.3141604004e+03
-5.2831572266e+03
3.5068637695e+03
5.7754034424e+02
-2.3642155762e+03
-5.3299072266e+03
3.4665537109e+03
5.3588110352e+02
-2.4053432617e+03
-5.3705859375e+03
3.4299848633e+03
5.0241574097e+02
-2.4376657715e+03
-5.4008740234e+03
3.4069970703e+03
4.7795358276e+02
-2.4612980957e+03
-5.4245346680e+03
3.3895910645e+03
4.6168768311e+02
-2.4770771484e+03
-5.4394750977e+03
3.3818332520e+03
4.5433215332e+02
-2.4853710938e+03
-5.4470405273e+03
3.3818332520e+03
4.5433215332e+02
-2.4853710938e+03
-5.4470405273e+03
3.3895910645e+03
4.6168768311e+02
-2.4770771484e+03
-5.4394750977e+03
3.4069970703e+03
4.7795358276e+02
-2.4612980957e+03
-5.4245346680e+03
3.4299848633e+03
5.0241574097e+02
-2.4376657715e+03
-5.4008740234e+03
3.4665537109e+03
5.3588110352e+02
-2.4053432617e+03
-5.3705859375e+03
3.5068637695e+03
5.7754034424e+02
-2.3642155762e+03
-5.3299072266e+03
3.5646257324e+03
6.3099127197e+02
-2.3141604004e+03
-5.2831572266e+03
3.6249079590e+03
6.9133367920e+02
-2.2539296875e+03
-5.2234033203e+03
3.7052993164e+03
7.6528759766e+02
-2.1846044922e+03
-5.1573427734e+03
3.7864350586e+03
8.4385949707e+02
-2.1051420898e+03
-5.0755239258e+03
3.8802062988e+03
9.2668676758e+02
-2.0203488770e+03
-4.9806196289e+03
3.9574916992e+03
9.9648547363e+02
-1.9340150146e+03
-4.8660688477e+03
3.1424416504e+03
5.9841467285e+02
-1.8557816162e+03
-4.2641621094e+03
3.1012702637e+03
5.8256915283e+02
-1.8861571045e+03
-4.3329384766e+03
3.0393469238e+03
5.3679956055e+02
-1.9367272949e+03
-4.4027758789e+03
2.9701669922e+03
4.7740515137e+02
-1.9916185303e+03
-4.4585302734e+03
2.9161354980e+03
4.2567446899e+02
-2.0443752441e+03
-4.5136918945e+03
2.8587194824e+03
3.7404647827e+02
-2.0907685547e+03
-4.5559829102e+03
2.8187058105e+03
3.3361334229e+02
-2.1311235352e+03
-4.5961870117e+03
2.7792075195e+03
2.9771658325e+02
-2.1642951660e+03
-4.6264687500e+03
2.7531479492e+03
2.7061935425e+02
-2.1907160645e+03
-4.6525708008e+03
2.7303735352e+03
2.4986700439e+02
-2.2105180664e+03
-4.6707524414e+03
2.7174123535e+03
2.3660171509e+02
-2.2236254883e+03
-4.6835468750e+03
2.7101376953e+03
2.2942735291e+02
-2.2298417969e+03
-4.6897246094e+03
2.7101376953e+03
2.2942735291e+02
-2.2298417969e+03
-4.6897246094e+03
2.7174123535e+03
2.3660171509e+02
-2.2236254883e+03
-4.6835468750e+03
2.7303735352e+03
2.4986700439e+02
-2.2105180664e+03
-4.6707524414e+03
2.7531479492e+03
2.7061935425e+02
-2.1907160645e+03
-4.6525708008e+03
2.7792075195e+03
2.9771658325e+02
-2.1642951660e+03
-4.6264687500e+03
2.8187058105e+03
3.3361334229e+02
-2.1311235352e+03
-4.5961870117e+03
2.8587194824e+03
3.7404647827e+02
-2.0907685547e+03
-4.5559829102e+03
2.9161354980e+03
4.2567446899e+02
-2.0443752441e+03
-4.5136918945e+03
2.9701669922e+03
4.7740515137e+02
-1.9916185303e+03
-4.4585302734e+03
3.0393469238e+03
5.3679956055e+02
-1.9367272949e+03
-4.4027758789e+03
3.1012702637e+03
5.8256915283e+02
-1.8861571045e+03
-4.3329384766e+03
3.1424416504e+03
5.9841467285e+02
-1.8557816162e+03
-4.2641621094e+03
2.2190500488e+03
1.7904026794e+02
-1.7445109863e+03
-3.5474333496e+03
2.2189677734e+03
2.1355235291e+02
-1.7192380371e+03
-3.5742021484e+03
2.1749543457e+03
1.9702197266e+02
-1.7343957520e+03
-3.6128730469e+03
2.1390478516e+03
1.6710340881e+02
-1.7677969971e+03
-3.6554196777e+03
2.0878801270e+03
1.2557945251e+02
-1.8030386963e+03
-3.6884526367e+03
2.0548413086e+03
9.2613616943e+01
-1.8377176514e+03
-3.7247451172e+03
2.0160427246e+03
5.8467334747e+01
-1.8679417725e+03
-3.7515654297e+03
1.9909243164e+03
3.2605083466e+01
-1.8940148926e+03
-3.7775581055e+03
1.9658342285e+03
1.0065124512e+01
-1.9149108887e+03
-3.7963398438e+03
1.9504323730e+03
-5.9248261452e+00
-1.9306618652e+03
-3.8118828125e+03
1.9382891846e+03
-1.7231714249e+01
-1.9411131592e+03
-3.8215549316e+03
1.9330515137e+03
-2.2401521683e+01
-1.9465578613e+03
-3.8266672363e+03
1.9330515137e+03
-2.2401521683e+01
-1.9465578613e+03
-3.8266672363e+03
1.9382891846e+03
-1.7231714249e+01
-1.9411131592e+03
-3.8215549316e+03
1.9504323730e+03
-5.9248261452e+00
-1.9306618652e+03
-3.8118828125e+03
1.9658342285e+03
1.0065124512e+01
-1.9149108887e+03
-3.7963398438e+03
1.9909243164e+03
3.2605083466e+01
-1.8940148926e+03
-3.7775581055e+03
2.0160427246e+03
5.8467334747e+01
-1.8679417725e+03
-3.7515654297e+03
2.0548413086e+03
9.2613616943e+01
-1.8377176514e+03
-3.7247451172e+03
2.0878801270e+03
1.2557945251e+02
-1.8030386963e+03
-3.6884526367e+03
2.1390478516e+03
1.6710340881e+02
-1.7677969971e+03
-3.6554196777e+03
2.1749543457e+03
1.9702197266e+02
-1.7343957520e+03
-3.6128730469e+03
2.2189677734e+03
2.1355235291e+02
-1.7192380371e+03
-3.5742021484e+03
2.2190500488e+03
1.7904026794e+02
-1.7445109863e+03
-3.5474333496e+03
1.2476440430e+03
-2.5549769592e+02
-1.5706854248e+03
-2.7455559082e+03
1.2707623291e+03
-1.7840995789e+02
-1.4992929688e+03
-2.7317563477e+03
1.2608222656e+03
-1.6017942810e+02
-1.4874331055e+03
-2.7555705566e+03
1.2259029541e+03
-1.8038935852e+02
-1.5002147217e+03
-2.7723642578e+03
1.2069340820e+03
-1.9805911255e+02
-1.5224611816e+03
-2.8031408691e+03
1.1724744873e+03
-2.2675506592e+02
-1.5455584717e+03
-2.8234174805e+03
1.1530399170e+03
-2.4760295105e+02
-1.5680936279e+03
-2.8480593262e+03
1.1286981201e+03
-2.6941003418e+02
-1.5874703369e+03
-2.8655241699e+03
1.1140910645e+03
-2.8524200439e+02
-1.6036804199e+03
-2.8823168945e+03
1.0997934570e+03
-2.9846771240e+02
-1.6160075684e+03
-2.8937055664e+03
1.0920438232e+03
-3.0661425781e+02
-1.6244498291e+03
-2.9021577148e+03
1.0873552246e+03
-3.1112942505e+02
-1.6285594482e+03
-2.9061054688e+03
1.0873552246e+03
-3.1112942505e+02
-1.6285594482e+03
-2.9061054688e+03
1.0920438232e+03
-3.0661425781e+02
-1.6244498291e+03
-2.9021577148e+03
1.0997934570e+03
-2.9846771240e+02
-1.6160075684e+03
-2.8937055664e+03
1.1140910645e+03
-2.8524200439e+02
-1.6036804199e+03
-2.8823168945e+03
1.1286981201e+03
-2.6941003418e+02
-1.5874703369e+03
-2.8655241699e+03
1.1530399170e+03
-2.4760295105e+02
-1.5680936279e+03
-2.8480593262e+03
1.1724744873e+03
-2.2675506592e+02
-1.5455584717e+03
-2.8234174805e+03
1.2069340820e+03
-1.9805911255e+02
-1.5224611816e+03
-2.8031408691e+03
1.2259029541e+03
-1.8038935852e+02
-1.5002147217e+03
-2.7723642578e+03
1.2608222656e+03
-1.6017942810e+02
-1.4874331055e+03
-2.7555705566e+03
1.2707623291e+03
-1.7840995789e+02
-1.4992929688e+03
-2.7317563477e+03
1.2476440430e+03
-2.5549769592e+02
-1.5706854248e+03
-2.7455559082e+03
2.4181791687e+02
-6.3909289551e+02
-1.3594163818e+03
-1.8657445068e+03
2.9363745117e+02
-5.3332177734e+02
-1.2577242432e+03
-1.8298153076e+03
2.8073110962e+02
-5.0647589111e+02
-1.2250826416e+03
-1.8275462646e+03
2.8442431641e+02
-4.9799822998e+02
-1.2273813477e+03
-1.8478547363e+03
2.5520545959e+02
-5.1626770020e+02
-1.2394094238e+03
-1.8593072510e+03
2.4648883057e+02
-5.2735705566e+02
-1.2567020264e+03
-1.8823614502e+03
2.2481930542e+02
-5.4586920166e+02
-1.2732257080e+03
-1.8974887695e+03
2.1419967651e+02
-5.5867803955e+02
-1.2888243408e+03
-1.9151936035e+03
2.0012481689e+02
-5.7180938721e+02
-1.3016997070e+03
-1.9274884033e+03
1.9256207275e+02
-5.8066436768e+02
-1.3118171387e+03
-1.9384960938e+03
1.8568386841e+02
-5.8748980713e+02
-1.3185559082e+03
-1.9452141113e+03
1.8300576782e+02
-5.9055517578e+02
-1.3220588379e+03
-1.9489468994e+03
1.8300576782e+02
-5.9055517578e+02
-1.3220588379e+03
-1.9489468994e+03
1.8568386841e+02
-5.8748980713e+02
-1.3185559082e+03
-1.9452141113e+03
1.9256207275e+02
-5.8066436768e+02
-1.3118171387e+03
-1.9384960938e+03
2.0012481689e+02
-5.7180938721e+02
-1.3016997070e+03
-1.9274884033e+03
2.1419967651e+02
-5.5867803955e+02
-1.2888243408e+03
-1.9151936035e+03
2.2481930542e+02
-5.4586920166e+02
-1.2732257080e+03
-1.8974887695e+03
2.4648883057e+02
-5.2735705566e+02
-1.2567020264e+03
-1.8823614502e+03
2.5520545959e+02
-5.1626770020e+02
-1.2394094238e+03
-1.8593072510e+03
2.8442431641e+02
-4.9799822998e+02
-1.2273813477e+03
-1.8478547363e+03
2.8073110962e+02
-5.0647589111e+02
-1.2250826416e+03
-1.8275462646e+03
2.9363745117e+02
-5.3332177734e+02
-1.2577242432e+03
-1.8298153076e+03
2.4181791687e+02
-6.3909289551e+02
-1.3594163818e+03
-1.8657445068e+03
-7.3163452148e+02
-1.0186808472e+03
-1.0637102051e+03
-9.4131652832e+02
-6.9146282959e+02
-9.1026892090e+02
-9.4697430420e+02
-8.8399951172e+02
-6.6706451416e+02
-8.5988092041e+02
-9.0764782715e+02
-8.9286413574e+02
-6.8845837402e+02
-8.6570947266e+02
-9.0110467529e+02
-8.9076452637e+02
-6.8090808105e+02
-8.6344305420e+02
-9.0935650635e+02
-9.1559503174e+02
-6.9904180908e+02
-8.7928259277e+02
-9.2129815674e+02
-9.2835717773e+02
-7.0235552979e+02
-8.8810229492e+02
-9.3524487305e+02
-9.4869238281e+02
-7.1426214600e+02
-9.0079949951e+02
-9.4777069092e+02
-9.6240496826e+02
-7.1895312500e+02
-9.0912506104e+02
-9.5881817627e+02
-9.7659765625e+02
-7.2575213623e+02
-9.1700268555e+02
-9.6730535889e+02
-9.8610955811e+02
-7.2866955566e+02
-9.2155957031e+02
-9.7326721191e+02
-9.9337622070e+02
-7.3090466309e+02
-9.2422241211e+02
-9.7622570801e+02
-9.9671563721e+02
-7.3090466309e+02
-9.2422241211e+02
-9.7622570801e+02
-9.9671563721e+02
-7.2866955566e+02
-9.2155957031e+02
-9.7326721191e+02
-9.9337622070e+02
-7.2575213623e+02
-9.1700268555e+02
-9.6730535889e+02
-9.8610955811e+02
-7.1895312500e+02
-9.0912506104e+02
-9.5881817627e+02
-9.7659765625e+02
-7.1426214600e+02
-9.0079949951e+02
-9.4777069092e+02
-9.6240496826e+02
-7.0235552979e+02
-8.8810229492e+02
-9.3524487305e+02
-9.4869238281e+02
-6.9904180908e+02
-8.7928259277e+02
-9.2129815674e+02
-9.2835717773e+02
-6.8090808105e+02
-8.6344305420e+02
-9.0935650635e+02
-9.1559503174e+02
-6.8845837402e+02
-8.6570947266e+02
-9.0110467529e+02
-8.9076452637e+02
-6.6706451416e+02
-8.5988092041e+02
-9.0764782715e+02
-8.9286413574e+02
-6.9146282959e+02
-9.1026892090e+02
-9.4697430420e+02
-8.8399951172e+02
-7.3163452148e+02
-1.0186808472e+03
-1.0637102051e+03
-9.4131652832e+02
-1.7191101074e+03
-1.2929744873e+03
-7.4891070557e+02
3.5337554932e+01
-1.6632749023e+03
-1.1833521729e+03
-6.4650653076e+02
7.9041290283e+01
-1.6850084229e+03
-1.1605928955e+03
-6.1146728516e+02
9.4573516846e+01
-1.6559838867e+03
-1.1358228760e+03
-6.1201519775e+02
6.7038368225e+01
-1.6772830811e+03
-1.1479614258e+03
-6.2142114258e+02
5.6921154022e+01
-1.6714600830e+03
-1.1497449951e+03
-6.3652416992e+02
3.1216852188e+01
-1.6817095947e+03
-1.1607884521e+03
-6.5064624023e+02
1.4759454727e+01
-1.6817694092e+03
-1.1667530518e+03
-6.6409002686e+02
-4.4225692749e+00
-1.6871152344e+03
-1.1744373779e+03
-6.7505383301e+02
-1.7816427231e+01
-1.6881766357e+03
-1.1790784912e+03
-6.8370806885e+02
-2.9606122971e+01
-1.6905236816e+03
-1.1830529785e+03
-6.8944006348e+02
-3.6848766327e+01
-1.6909848633e+03
-1.1847401123e+03
-6.9238464355e+02
-4.0840248108e+01
-1.6909848633e+03
-1.1847401123e+03
-6.9238464355e+02
-4.0840248108e+01
-1.6905236816e+03
-1.1830529785e+03
-6.8944006348e+02
-3.6848766327e+01
-1.6881766357e+03
-1.1790784912e+03
-6.8370806885e+02
-2.9606122971e+01
-1.6871152344e+03
-1.1744373779e+03
-6.7505383301e+02
-1.7816427231e+01
-1.6817694092e+03
-1.1667530518e+03
-6.6409002686e+02
-4.4225692749e+00
-1.6817095947e+03
-1.1607884521e+03
-6.5064624023e+02
1.4759454727e+01
-1.6714600830e+03
-1.1497449951e+03
-6.3652416992e+02
3.1216852188e+01
-1.6772830811e+03
-1.1479614258e+03
-6.2142114258e+02
5.6921154022e+01
-1.6559838867e+03
-1.1358228760e+03
-6.1201519775e+02
6.7038368225e+01
-1.6850084229e+03
-1.1605928955e+03
-6.1146728516e+02
9.4573516846e+01
-1.6632749023e+03
-1.1833521729e+03
-6.4650653076e+02
7.9041290283e+01
-1.7191101074e+03
-1.2929744873e+03
-7.4891070557e+02
3.5337554932e+01
-2.6070751953e+03
-1.5858774414e+03
-3.4364648438e+02
1.0108575439e+03
-2.6180317383e+03
-1.5384371338e+03
-2.5559143066e+02
1.0626403809e+03
-2.5730324707e+03
-1.4959254150e+03
-2.3404478455e+02
1.0245760498e+03
-2.6074836426e+03
-1.5196539307e+03
-2.3659008789e+02
1.0207307739e+03
-2.5874038086e+03
-1.5182230225e+03
-2.5103259277e+02
9.8175305176e+02
-2.5962609863e+03
-1.5333104248e+03
-2.6625433350e+02
9.5948297119e+02
-2.5890769043e+03
-1.5395051270e+03
-2.8221841431e+02
9.3114727783e+02
-2.5915219727e+03
-1.5490953369e+03
-2.9581802368e+02
9.1131732178e+02
-2.5883508301e+03
-1.5543894043e+03
-3.0737905884e+02
8.9267254639e+02
-2.5886340332e+03
-1.5595894775e+03
-3.1601022339e+02
8.7991882324e+02
-2.5872175293e+03
-1.5622601318e+03
-3.2193994141e+02
8.7064642334e+02
-2.5871398926e+03
-1.5638741455e+03
-3.2487356567e+02
8.6630639648e+02
-2.5871398926e+03
-1.5638741455e+03
-3.2487356567e+02
8.6630639648e+02
-2.5872175293e+03
-1.5622601318e+03
-3.2193994141e+02
8.7064642334e+02
-2.5886340332e+03
-1.5595894775e+03
-3.1601022339e+02
8.7991882324e+02
-2.5883508301e+03
-1.5543894043e+03
-3.0737905884e+02
8.9267254639e+02
-2.5915219727e+03
-1.5490953369e+03
-2.9581802368e+02
9.1131732178e+02
-2.5890769043e+03
-1.5395051270e+03
-2.8221841431e+02
9.3114727783e+02
-2.5962609863e+03
-1.5333104248e+03
-2.6625433350e+02
9.5948297119e+02
-2.5874038086e+03
-1.5182230225e+03
-2.5103259277e+02
9.8175305176e+02
-2.6074836426e+03
-1.5196539307e+03
-2.3659008789e+02
1.0207307739e+03
-2.5730324707e+03
-1.4959254150e+03
-2.3404478455e+02
1.0245760498e+03
-2.6180317383e+03
-1.5384371338e+03
-2.5559143066e+02
1.0626403809e+03
-2.6070751953e+03
-1.5858774414e+03
-3.4364648438e+02
1.0108575439e+03
-3.5360751953e+03
-1.7456884766e+03
3.8353309631e+01
2.0050809326e+03
-3.5078132324e+03
-1.6863300781e+03
6.0594917297e+01
1.9917457275e+03
-3.5914519043e+03
-1.7187249756e+03
5.0919696808e+01
2.0015456543e+03
-3.5517580566e+03
-1.6998087158e+03
2.2895118713e+01
1.9414053955e+03
-3.5718222656e+03
-1.7169631348e+03
-3.0852291584e+00
1.9125123291e+03
-3.5602114258e+03
-1.7202392578e+03
-2.9279542923e+01
1.8713338623e+03
-3.5630837402e+03
-1.7301772461e+03
-5.0599559784e+01
1.8430093994e+03
-3.5555930176e+03
-1.7341256104e+03
-6.8386444092e+01
1.8152576904e+03
-3.5531218262e+03
-1.7389660645e+03
-8.1822143555e+01
1.7954899902e+03
-3.5480446777e+03
-1.7411118164e+03
-9.1719306946e+01
1.7795780029e+03
-3.5457543945e+03
-1.7430526123e+03
-9.8031738281e+01
1.7697253418e+03
-3.5439309082e+03
-1.7437144775e+03
-1.0116689301e+02
1.7645531006e+03
-3.5439309082e+03
-1.7437144775e+03
-1.0116689301e+02
1.7645531006e+03
-3.5457543945e+03
-1.7430526123e+03
-9.8031738281e+01
1.7697253418e+03
-3.5480446777e+03
-1.7411118164e+03
-9.1719306946e+01
1.7795780029e+03
-3.5531218262e+03
-1.7389660645e+03
-8.1822143555e+01
1.7954899902e+03
-3.5555930176e+03
-1.7341256104e+03
-6.8386444092e+01
1.8152576904e+03
-3.5630837402e+03
-1.7301772461e+03
-5.0599559784e+01
1.8430093994e+03
-3.5602114258e+03
-1.7202392578e+03
-2.9279542923e+01
1.8713338623e+03
-3.5718222656e+03
-1.7169631348e+03
-3.0852291584e+00
1.9125123291e+03
-3.5517580566e+03
-1.6998087158e+03
2.2895118713e+01
1.9414053955e+03
-3.5914519043e+03
-1.7187249756e+03
5.0919696808e+01
2.0015456543e+03
-3.5078132324e+03
-1.6863300781e+03
6.0594917297e+01
1.9917457275e+03
-3.5360751953e+03
-1.7456884766e+03
3.8353309631e+01
2.0050809326e+03
-4.2428242188e+03
-1.9380827637e+03
4.5870077515e+02
2.8978603516e+03
-4.3955322266e+03
-2.0539833984e+03
4.7518383789e+02
2.9325710449e+03
-4.3163554688e+03
-2.0438632812e+03
4.5004772949e+02
2.8233200684e+03
-4.3709804688e+03
-2.1015327148e+03
4.2111462402e+02
2.7908320312e+03
-4.3543920898e+03
-2.1199912109e+03
3.8899929810e+02
2.7286689453e+03
-4.3581181641e+03
-2.1421872559e+03
3.6295278931e+02
2.6884880371e+03
-4.3437851562e+03
-2.1509252930e+03
3.4141894531e+02
2.6491088867e+03
-4.3374091797e+03
-2.1592797852e+03
3.2536743164e+02
2.6222473145e+03
-4.3276528320e+03
-2.1628513184e+03
3.1335311890e+02
2.6005258789e+03
-4.3224760742e+03
-2.1659545898e+03
3.0513665771e+02
2.5864863281e+03
-4.3178564453e+03
-2.1672080078e+03
2.9988824463e+02
2.5771430664e+03
-4.3160781250e+03
-2.1679941406e+03
2.9738970947e+02
2.5728930664e+03
-4.3160781250e+03
-2.1679941406e+03
2.9738970947e+02
2.5728930664e+03
-4.3178564453e+03
-2.1672080078e+03
2.9988824463e+02
2.5771430664e+03
-4.3224760742e+03
-2.1659545898e+03
3.0513665771e+02
2.5864863281e+03
-4.3276528320e+03
-2.1628513184e+03
3.1335311890e+02
2.6005258789e+03
-4.3374091797e+03
-2.1592797852e+03
3.2536743164e+02
2.6222473145e+03
-4.3437851562e+03
-2.1509252930e+03
3.4141894531e+02
2.6491088867e+03
-4.3581181641e+03
-2.1421872559e+03
3.6295278931e+02
2.6884880371e+03
-4.3543920898e+03
-2.1199912109e+03
3.8899929810e+02
2.7286689453e+03
-4.3709804688e+03
-2.1015327148e+03
4.2111462402e+02
2.7908320312e+03
-4.3163554688e+03
-2.0438632812e+03
4.5004772949e+02
2.8233200684e+03
-4.3955322266e+03
-2.0539833984e+03
4.7518383789e+02
2.9325710449e+03
-4.2428242188e+03
-1.9380827637e+03
4.5870077515e+02
2.8978603516e+03
-5.0940126953e+03
-2.0848273926e+03
8.3431304932e+02
3.7537177734e+03
-5.0267451172e+03
-2.0401430664e+03
7.2488354492e+02
3.6053549805e+03
-5.2200083008e+03
-2.1488520508e+03
6.4463189697e+02
3.6078566895e+03
-5.2072001953e+03
-2.1616516113e+03
5.7714935303e+02
3.5236413574e+03
-5.2240791016e+03
-2.1826948242e+03
5.3234704590e+02
3.4782573242e+03
-5.2115366211e+03
-2.1874299316e+03
5.0128353882e+02
3.4359409180e+03
-5.2133037109e+03
-2.1954609375e+03
4.8156912231e+02
3.4137866211e+03
-5.2105058594e+03
-2.1993410645e+03
4.6894631958e+02
3.3983815918e+03
-5.2133115234e+03
-2.2039780273e+03
4.6149575806e+02
3.3916596680e+03
-5.2146113281e+03
-2.2067260742e+03
4.5716592407e+02
3.3879755859e+03
-5.2169741211e+03
-2.2090466309e+03
4.5495336914e+02
3.3870212402e+03
-5.2178950195e+03
-2.2100432129e+03
4.5400335693e+02
3.3866540527e+03
-5.2178950195e+03
-2.2100432129e+03
4.5400335693e+02
3.3866540527e+03
-5.2169741211e+03
-2.2090466309e+03
4.5495336914e+02
3.3870212402e+03
-5.2146113281e+03
-2.2067260742e+03
4.5716592407e+02
3.3879755859e+03
-5.2133115234e+03
-2.2039780273e+03
4.6149575806e+02
3.3916596680e+03
-5.2105058594e+03
-2.1993410645e+03
4.6894631958e+02
3.3983815918e+03
-5.2133037109e+03
-2.1954609375e+03
4.8156912231e+02
3.4137866211e+03
-5.2115366211e+03
-2.1874299316e+03
5.0128353882e+02
3.4359409180e+03
-5.2240791016e+03
-2.1826948242e+03
5.3234704590e+02
3.4782573242e+03
-5.2072001953e+03
-2.1616516113e+03
5.7714935303e+02
3.5236413574e+03
-5.2200083008e+03
-2.1488520508e+03
6.4463189697e+02
3.6078566895e+03
-5.0267451172e+03
-2.0401430664e+03
7.2488354492e+02
3.6053549805e+03
-5.0940126953e+03
-2.0848273926e+03
8.3431304932e+02
3.7537177734e+03
-5.2210834961e+03
-1.9993264160e+03
9.4263201904e+02
4.0762519531e+03
-5.7235952148e+03
-2.4086987305e+03
9.2909063721e+02
4.2032089844e+03
-5.6426704102e+03
-2.4669687500e+03
8.8847644043e+02
4.0731088867e+03
-5.6750854492e+03
-2.5256801758e+03
8.7094830322e+02
4.0496943359e+03
-5.6827724609e+03
-2.5559645996e+03
8.6551593018e+02
4.0374589844e+03
-5.7195141602e+03
-2.5851645508e+03
8.6640338135e+02
4.0537612305e+03
-5.7498007812e+03
-2.6047165527e+03
8.7049877930e+02
4.0740300293e+03
-5.7833569336e+03
-2.6215515137e+03
8.7608941650e+02
4.0989799805e+03
-5.8095498047e+03
-2.6330522461e+03
8.8159826660e+02
4.1207822266e+03
-5.8313144531e+03
-2.6417485352e+03
8.8638836670e+02
4.1392280273e+03
-5.8453891602e+03
-2.6469682617e+03
8.8979730225e+02
4.1517705078e+03
-5.8527919922e+03
-2.6496350098e+03
8.9159246826e+02
4.1583325195e+03
-5.8527919922e+03
-2.6496350098e+03
8.9159246826e+02
4.1583325195e+03
-5.8453891602e+03
-2.6469682617e+03
8.8979730225e+02
4.1517705078e+03
-5.8313144531e+03
-2.6417485352e+03
8.8638836670e+02
4.1392280273e+03
-5.8095498047e+03
-2.6330522461e+03
8.8159826660e+02
4.1207822266e+03
-5.7833569336e+03
-2.6215515137e+03
8.7608941650e+02
4.0989799805e+03
-5.7498007812e+03
-2.6047165527e+03
8.7049877930e+02
4.0740300293e+03
-5.7195141602e+03
-2.5851645508e+03
8.6640338135e+02
4.0537612305e+03
-5.6827724609e+03
-2.5559645996e+03
8.6551593018e+02
4.0374589844e+03
-5.6750854492e+03
-2.5256801758e+03
8.7094830322e+02
4.0496943359e+03
-5.6426704102e+03
-2.4669687500e+03
8.8847644043e+02
4.0731088867e+03
-5.7235952148e+03
-2.4086987305e+03
9.2909063721e+02
4.2032089844e+03
-5.2210834961e+03
-1.9993264160e+03
9.4263201904e+02
4.0762519531e+03
-5.6412031250e+03
-2.4787954102e+03
8.4851281738e+02
3.8818479004e+03
-5.5086376953e+03
-2.3375375977e+03
8.3172644043e+02
3.8837260742e+03
-5.7810590820e+03
-2.3885463867e+03
8.7188659668e+02
4.1393154297e+03
-6.0049838867e+03
-2.4467822266e+03
9.2469140625e+02
4.3499443359e+03
-6.2107465820e+03
-2.5092602539e+03
9.7038293457e+02
4.5308344727e+03
-6.3627529297e+03
-2.5572392578e+03
1.0076879272e+03
4.6662490234e+03
-6.4821967773e+03
-2.5967907715e+03
1.0371811523e+03
4.7706796875e+03
-6.5675610352e+03
-2.6255319824e+03
1.0597576904e+03
4.8464301758e+03
-6.6298466797e+03
-2.6469912109e+03
1.0765570068e+03
4.9013305664e+03
-6.6714726562e+03
-2.6614343262e+03
1.0883552246e+03
4.9385346680e+03
-6.6976474609e+03
-2.6706376953e+03
1.0958771973e+03
4.9618569336e+03
-6.7099589844e+03
-2.6749675293e+03
1.0995136719e+03
4.9729560547e+03
-6.7099589844e+03
-2.6749675293e+03
1.0995136719e+03
4.9729560547e+03
-6.6976474609e+03
-2.6706376953e+03
1.0958771973e+03
4.9618569336e+03
-6.6714726562e+03
-2.6614343262e+03
1.0883552246e+03
4.9385346680e+03
-6.6298466797e+03
-2.6469912109e+03
1.0765570068e+03
4.9013305664e+03
-6.5675610352e+03
-2.6255319824e+03
1.0597576904e+03
4.8464301758e+03
-6.4821967773e+03
-2.5967907715e+03
1.0371811523e+03
4.7706796875e+03
-6.3627529297e+03
-2.5572392578e+03
1.0076879272e+03
4.6662490234e+03
-6.2107465820e+03
-2.5092602539e+03
9.7038293457e+02
4.5308344727e+03
-6.0049838867e+03
-2.4467822266e+03
9.2469140625e+02
4.3499443359e+03
-5.7810590820e+03
-2.3885463867e+03
8.7188659668e+02
4.1393154297e+03
-5.5086376953e+03
-2.3375375977e+03
8.3172644043e+02
3.8837260742e+03
-5.6412031250e+03
-2.4787954102e+03
8.4851281738e+02
3.8818479004e+03
