4.8681337891e+03
1.2649140625e+03
-2.7190173340e+03
-6.4892109375e+03
4.8331328125e+03
1.2088428955e+03
-2.5803874512e+03
-6.3611870117e+03
5.1277797852e+03
1.2398164062e+03
-2.6617170410e+03
-6.7145156250e+03
5.3750522461e+03
1.2911790771e+03
-2.7489931641e+03
-7.0083642578e+03
5.5907241211e+03
1.3384954834e+03
-2.8369968262e+03
-7.2759819336e+03
5.7534174805e+03
1.3779793701e+03
-2.9051103516e+03
-7.4758437500e+03
5.8798784180e+03
1.4098786621e+03
-2.9605981445e+03
-7.6330336914e+03
5.9721621094e+03
1.4345570068e+03
-3.0013259277e+03
-7.7465258789e+03
6.0394658203e+03
1.4531334229e+03
-3.0316735840e+03
-7.8295639648e+03
6.0852792969e+03
1.4662674561e+03
-3.0522910156e+03
-7.8855698242e+03
6.1141137695e+03
1.4746972656e+03
-3.0654240723e+03
-7.9208349609e+03
6.1278862305e+03
1.4787713623e+03
-3.0716459961e+03
-7.9374995117e+03
6.1278862305e+03
1.4787713623e+03
-3.0716459961e+03
-7.9374995117e+03
6.1141137695e+03
1.4746972656e+03
-3.0654240723e+03
-7.9208349609e+03
6.0852792969e+03
1.4662674561e+03
-3.0522910156e+03
-7.8855698242e+03
6.0394658203e+03
1.4531334229e+03
-3.0316735840e+03
-7.8295639648e+03
5.9721621094e+03
1.4345570068e+03
-3.0013259277e+03
-7.7465258789e+03
5.8798784180e+03
1.4098786621e+03
-2.9605981445e+03
-7.6330336914e+03
5.7534174805e+03
1.3779793701e+03
-2.9051103516e+03
-7.4758437500e+03
5.5907241211e+03
1.3384954834e+03
-2.8369968262e+03
-7.2759819336e+03
5.3750522461e+03
1.2911790771e+03
-2.7489931641e+03
-7.0083642578e+03
5.1277797852e+03
1.2398164062e+03
-2.6617170410e+03
-6.7145156250e+03
4.8331328125e+03
1.2088428955e+03
-2.5803874512e+03
-6.3611870117e+03
4.8681337891e+03
1.2649140625e+03
-2.7190173340e+03
-6.4892109375e+03
5.1519755859e+03
1.3887218018e+03
-2.1679555664e+03
-6.1140444336e+03
5.2983002930e+03
1.3611867676e+03
-2.6716269531e+03
-6.7241708984e+03
5.1286733398e+03
1.2925928955e+03
-2.7628657227e+03
-6.6430830078e+03
5.0921723633e+03
1.2595806885e+03
-2.8481413574e+03
-6.6955146484e+03
5.0713027344e+03
1.2430628662e+03
-2.8977939453e+03
-6.7177451172e+03
5.0869018555e+03
1.2372087402e+03
-2.9427478027e+03
-6.7724028320e+03
5.1085541992e+03
1.2368488770e+03
-2.9742441406e+03
-6.8179018555e+03
5.1369575195e+03
1.2398908691e+03
-3.0004006348e+03
-6.8653100586e+03
5.1622016602e+03
1.2438983154e+03
-3.0186970215e+03
-6.9024697266e+03
5.1839082031e+03
1.2479375000e+03
-3.0322421875e+03
-6.9326572266e+03
5.1987553711e+03
1.2509794922e+03
-3.0405095215e+03
-6.9522895508e+03
5.2065551758e+03
1.2526517334e+03
-3.0446621094e+03
-6.9625117188e+03
5.2065551758e+03
1.2526517334e+03
-3.0446621094e+03
-6.9625117188e+03
5.1987553711e+03
1.2509794922e+03
-3.0405095215e+03
-6.9522895508e+03
5.1839082031e+03
1.2479375000e+03
-3.0322421875e+03
-6.9326572266e+03
5.1622016602e+03
1.2438983154e+03
-3.0186970215e+03
-6.9024697266e+03
5.1369575195e+03
1.2398908691e+03
-3.0004006348e+03
-6.8653100586e+03
5.1085541992e+03
1.2368488770e+03
-2.9742441406e+03
-6.8179018555e+03
5.0869018555e+03
1.2372087402e+03
-2.9427478027e+03
-6.7724028320e+03
5.0713027344e+03
1.2430628662e+03
-2.8977939453e+03
-6.7177451172e+03
5.0921723633e+03
1.2595806885e+03
-2.8481413574e+03
-6.6955146484e+03
5.1286733398e+03
1.2925928955e+03
-2.7628657227e+03
-6.6430830078e+03
5.2983002930e+03
1.3611867676e+03
-2.6716269531e+03
-6.7241708984e+03
5.1519755859e+03
1.3887218018e+03
-2.1679555664e+03
-6.1140444336e+03
4.8406489258e+03
1.2721153564e+03
-2.3129135742e+03
-6.0035078125e+03
4.6387724609e+03
1.1134093018e+03
-2.2887756348e+03
-5.9521440430e+03
4.6336845703e+03
1.0070107422e+03
-2.4298459473e+03
-6.1946147461e+03
4.5247392578e+03
9.1514984131e+02
-2.4565539551e+03
-6.1912197266e+03
4.4650278320e+03
8.5438702393e+02
-2.4892875977e+03
-6.2200429688e+03
4.4100107422e+03
8.1093334961e+02
-2.5019521484e+03
-6.2130185547e+03
4.3804526367e+03
7.8277282715e+02
-2.5167990723e+03
-6.2211655273e+03
4.3597011719e+03
7.6401672363e+02
-2.5258022461e+03
-6.2229619141e+03
4.3501308594e+03
7.5248449707e+02
-2.5345468750e+03
-6.2300390625e+03
4.3446601562e+03
7.4543872070e+02
-2.5401999512e+03
-6.2344609375e+03
4.3429072266e+03
7.4162713623e+02
-2.5444594727e+03
-6.2390556641e+03
4.3421772461e+03
7.3991882324e+02
-2.5464094238e+03
-6.2410561523e+03
4.3421772461e+03
7.3991882324e+02
-2.5464094238e+03
-6.2410561523e+03
4.3429072266e+03
7.4162713623e+02
-2.5444594727e+03
-6.2390556641e+03
4.3446601562e+03
7.4543872070e+02
-2.5401999512e+03
-6.2344609375e+03
4.3501308594e+03
7.5248449707e+02
-2.5345468750e+03
-6.2300390625e+03
4.3597011719e+03
7.6401672363e+02
-2.5258022461e+03
-6.2229619141e+03
4.3804526367e+03
7.8277282715e+02
-2.5167990723e+03
-6.2211655273e+03
4.4100107422e+03
8.1093334961e+02
-2.5019521484e+03
-6.2130185547e+03
4.4650278320e+03
8.5438702393e+02
-2.4892875977e+03
-6.2200429688e+03
4.5247392578e+03
9.1514984131e+02
-2.4565539551e+03
-6.1912197266e+03
4.6336845703e+03
1.0070107422e+03
-2.4298459473e+03
-6.1946147461e+03
4.6387724609e+03
1.1134093018e+03
-2.2887756348e+03
-5.9521440430e+03
4.8406489258e+03
1.2721153564e+03
-2.3129135742e+03
-6.0035078125e+03
3.8526467285e+03
8.2077142334e+02
-2.1618061523e+03
-5.0493525391e+03
3.8817473145e+03
8.2551525879e+02
-2.3154255371e+03
-5.2452319336e+03
3.7380888672e+03
7.7909082031e+02
-2.3211394043e+03
-5.1681416016e+03
3.6928212891e+03
7.3636962891e+02
-2.3996186523e+03
-5.2420102539e+03
3.6133068848e+03
6.9064550781e+02
-2.4303154297e+03
-5.2301503906e+03
3.5621044922e+03
6.5486749268e+02
-2.4624348145e+03
-5.2395395508e+03
3.5125866699e+03
6.2532434082e+02
-2.4775959473e+03
-5.2268154297e+03
3.4789521484e+03
6.0350872803e+02
-2.4908967285e+03
-5.2220571289e+03
3.4518320312e+03
5.8714379883e+02
-2.4977524414e+03
-5.2128227539e+03
3.4343637695e+03
5.7596722412e+02
-2.5032099609e+03
-5.2081171875e+03
3.4227407227e+03
5.6882788086e+02
-2.5058784180e+03
-5.2036679688e+03
3.4174597168e+03
5.6542498779e+02
-2.5073398438e+03
-5.2020292969e+03
3.4174597168e+03
5.6542498779e+02
-2.5073398438e+03
-5.2020292969e+03
3.4227407227e+03
5.6882788086e+02
-2.5058784180e+03
-5.2036679688e+03
3.4343637695e+03
5.7596722412e+02
-2.5032099609e+03
-5.2081171875e+03
3.4518320312e+03
5.8714379883e+02
-2.4977524414e+03
-5.2128227539e+03
3.4789521484e+03
6.0350872803e+02
-2.4908967285e+03
-5.2220571289e+03
3.5125866699e+03
6.2532434082e+02
-2.4775959473e+03
-5.2268154297e+03
3.5621044922e+03
6.5486749268e+02
-2.4624348145e+03
-5.2395395508e+03
3.6133068848e+03
6.9064550781e+02
-2.4303154297e+03
-5.2301503906e+03
3.6928212891e+03
7.3636962891e+02
-2.3996186523e+03
-5.2420102539e+03
3.7380888672e+03
7.7909082031e+02
-2.3211394043e+03
-5.1681416016e+03
3.8817473145e+03
8.2551525879e+02
-2.3154255371e+03
-5.2452319336e+03
3.8526467285e+03
8.2077142334e+02
-2.1618061523e+03
-5.0493525391e+03
2.8259699707e+03
3.1442675781e+02
-1.9781318359e+03
-4.2628452148e+03
2.7998481445e+03
3.3323565674e+02
-1.9163347168e+03
-4.2438012695e+03
2.8049692383e+03
3.1657971191e+02
-1.9602840576e+03
-4.3510356445e+03
2.7259924316e+03
2.7519976807e+02
-1.9463309326e+03
-4.3143837891e+03
2.6870671387e+03
2.3928715515e+02
-1.9720628662e+03
-4.3445083008e+03
2.6343916016e+03
2.0351731873e+02
-1.9809893799e+03
-4.3365180664e+03
2.5985268555e+03
1.7514752197e+02
-1.9960788574e+03
-4.3434956055e+03
2.5638857422e+03
1.5163447571e+02
-2.0034200439e+03
-4.3376909180e+03
2.5394916992e+03
1.3410385132e+02
-2.0109263916e+03
-4.3365722656e+03
2.5199348145e+03
1.2125609589e+02
-2.0147480469e+03
-4.3320361328e+03
2.5079206543e+03
1.1308885193e+02
-2.0177784424e+03
-4.3300844727e+03
2.5016159668e+03
1.0905880737e+02
-2.0189818115e+03
-4.3283134766e+03
2.5016159668e+03
1.0905880737e+02
-2.0189818115e+03
-4.3283134766e+03
2.5079206543e+03
1.1308885193e+02
-2.0177784424e+03
-4.3300844727e+03
2.5199348145e+03
1.2125609589e+02
-2.0147480469e+03
-4.3320361328e+03
2.5394916992e+03
1.3410385132e+02
-2.0109263916e+03
-4.3365722656e+03
2.5638857422e+03
1.5163447571e+02
-2.0034200439e+03
-4.3376909180e+03
2.5985268555e+03
1.7514752197e+02
-1.9960788574e+03
-4.3434956055e+03
2.6343916016e+03
2.0351731873e+02
-1.9809893799e+03
-4.3365180664e+03
2.6870671387e+03
2.3928715515e+02
-1.9720628662e+03
-4.3445083008e+03
2.7259924316e+03
2.7519976807e+02
-1.9463309326e+03
-4.3143837891e+03
2.8049692383e+03
3.1657971191e+02
-1.9602840576e+03
-4.3510356445e+03
2.7998481445e+03
3.3323565674e+02
-1.9163347168e+03
-4.2438012695e+03
2.8259699707e+03
3.1442675781e+02
-1.9781318359e+03
-4.2628452148e+03
1.6786832275e+03
-1.5897558594e+02
-1.8331348877e+03
-3.2204311523e+03
1.7419144287e+03
-4.6839317322e+01
-1.7699096680e+03
-3.2355224609e+03
1.6915655518e+03
-2.3157506943e+01
-1.7225563965e+03
-3.1907807617e+03
1.6841693115e+03
-2.8486509323e+01
-1.7535156250e+03
-3.2347812500e+03
1.6339975586e+03
-4.9689819336e+01
-1.7564748535e+03
-3.2162856445e+03
1.6051571045e+03
-7.0593536377e+01
-1.7775942383e+03
-3.2296123047e+03
1.5693332520e+03
-9.2186683655e+01
-1.7880172119e+03
-3.2242219238e+03
1.5445598145e+03
-1.1011418152e+02
-1.8015032959e+03
-3.2287802734e+03
1.5214168701e+03
-1.2520767212e+02
-1.8094345703e+03
-3.2267028809e+03
1.5057799072e+03
-1.3634252930e+02
-1.8166750488e+03
-3.2278405762e+03
1.4944083252e+03
-1.4390708923e+02
-1.8205865479e+03
-3.2268564453e+03
1.4891269531e+03
-1.4767370605e+02
-1.8227515869e+03
-3.2270747070e+03
1.4891269531e+03
-1.4767370605e+02
-1.8227515869e+03
-3.2270747070e+03
1.4944083252e+03
-1.4390708923e+02
-1.8205865479e+03
-3.2268564453e+03
1.5057799072e+03
-1.3634252930e+02
-1.8166750488e+03
-3.2278405762e+03
1.5214168701e+03
-1.2520767212e+02
-1.8094345703e+03
-3.2267028809e+03
1.5445598145e+03
-1.1011418152e+02
-1.8015032959e+03
-3.2287802734e+03
1.5693332520e+03
-9.2186683655e+01
-1.7880172119e+03
-3.2242219238e+03
1.6051571045e+03
-7.0593536377e+01
-1.7775942383e+03
-3.2296123047e+03
1.6339975586e+03
-4.9689819336e+01
-1.7564748535e+03
-3.2162856445e+03
1.6841693115e+03
-2.8486509323e+01
-1.7535156250e+03
-3.2347812500e+03
1.6915655518e+03
-2.3157506943e+01
-1.7225563965e+03
-3.1907807617e+03
1.7419144287e+03
-4.6839317322e+01
-1.7699096680e+03
-3.2355224609e+03
1.6786832275e+03
-1.5897558594e+02
-1.8331348877e+03
-3.2204311523e+03
5.5869458008e+02
-6.4683856201e+02
-1.5344193115e+03
-2.2413310547e+03
6.1889227295e+02
-5.0621215820e+02
-1.3860885010e+03
-2.1703334961e+03
6.3836639404e+02
-4.5731576538e+02
-1.3518839111e+03
-2.1956491699e+03
6.0379907227e+02
-4.5807891846e+02
-1.3229384766e+03
-2.1646916504e+03
5.9028277588e+02
-4.6993313599e+02
-1.3378354492e+03
-2.1910712891e+03
5.5775073242e+02
-4.8975662231e+02
-1.3418582764e+03
-2.1867451172e+03
5.3701782227e+02
-5.0791546631e+02
-1.3562551270e+03
-2.1999560547e+03
5.1298785400e+02
-5.2523175049e+02
-1.3646636963e+03
-2.2016860352e+03
4.9643743896e+02
-5.3919909668e+02
-1.3747198486e+03
-2.2086447754e+03
4.8182385254e+02
-5.5017468262e+02
-1.3809553223e+03
-2.2107929688e+03
4.7296829224e+02
-5.5747424316e+02
-1.3860496826e+03
-2.2138881836e+03
4.6805224609e+02
-5.6113092041e+02
-1.3883975830e+03
-2.2145927734e+03
4.6805224609e+02
-5.6113092041e+02
-1.3883975830e+03
-2.2145927734e+03
4.7296829224e+02
-5.5747424316e+02
-1.3860496826e+03
-2.2138881836e+03
4.8182385254e+02
-5.5017468262e+02
-1.3809553223e+03
-2.2107929688e+03
4.9643743896e+02
-5.3919909668e+02
-1.3747198486e+03
-2.2086447754e+03
5.1298785400e+02
-5.2523175049e+02
-1.3646636963e+03
-2.2016860352e+03
5.3701782227e+02
-5.0791546631e+02
-1.3562551270e+03
-2.1999560547e+03
5.5775073242e+02
-4.8975662231e+02
-1.3418582764e+03
-2.1867451172e+03
5.9028277588e+02
-4.6993313599e+02
-1.3378354492e+03
-2.1910712891e+03
6.0379907227e+02
-4.5807891846e+02
-1.3229384766e+03
-2.1646916504e+03
6.3836639404e+02
-4.5731576538e+02
-1.3518839111e+03
-2.1956491699e+03
6.1889227295e+02
-5.0621215820e+02
-1.3860885010e+03
-2.1703334961e+03
5.5869458008e+02
-6.4683856201e+02
-1.5344193115e+03
-2.2413310547e+03
-5.5706994629e+02
-1.0332259521e+03
-1.2554399414e+03
-1.1406134033e+03
-4.7170745850e+02
-8.6306030273e+02
-1.0963808594e+03
-1.0791267090e+03
-4.7884213257e+02
-8.0400054932e+02
-1.0247739258e+03
-1.0478446045e+03
-4.7424511719e+02
-7.9142816162e+02
-1.0265969238e+03
-1.0696604004e+03
-5.0451052856e+02
-8.0040753174e+02
-1.0230807495e+03
-1.0612811279e+03
-5.2000476074e+02
-8.1448260498e+02
-1.0415087891e+03
-1.0818105469e+03
-5.4522436523e+02
-8.3169061279e+02
-1.0524947510e+03
-1.0864559326e+03
-5.6198809814e+02
-8.4710919189e+02
-1.0680018311e+03
-1.1002041016e+03
-5.7958673096e+02
-8.6080267334e+02
-1.0783408203e+03
-1.1063411865e+03
-5.9118658447e+02
-8.7132489014e+02
-1.0880474854e+03
-1.1142515869e+03
-6.0019067383e+02
-8.7861694336e+02
-1.0938011475e+03
-1.1179488525e+03
-6.0424835205e+02
-8.8238488770e+02
-1.0968930664e+03
-1.1207353516e+03
-6.0424835205e+02
-8.8238488770e+02
-1.0968930664e+03
-1.1207353516e+03
-6.0019067383e+02
-8.7861694336e+02
-1.0938011475e+03
-1.1179488525e+03
-5.9118658447e+02
-8.7132489014e+02
-1.0880474854e+03
-1.1142515869e+03
-5.7958673096e+02
-8.6080267334e+02
-1.0783408203e+03
-1.1063411865e+03
-5.6198809814e+02
-8.4710919189e+02
-1.0680018311e+03
-1.1002041016e+03
-5.4522436523e+02
-8.3169061279e+02
-1.0524947510e+03
-1.0864559326e+03
-5.2000476074e+02
-8.1448260498e+02
-1.0415087891e+03
-1.0818105469e+03
-5.0451052856e+02
-8.0040753174e+02
-1.0230807495e+03
-1.0612811279e+03
-4.7424511719e+02
-7.9142816162e+02
-1.0265969238e+03
-1.0696604004e+03
-4.7884213257e+02
-8.0400054932e+02
-1.0247739258e+03
-1.0478446045e+03
-4.7170745850e+02
-8.6306030273e+02
-1.0963808594e+03
-1.0791267090e+03
-5.5706994629e+02
-1.0332259521e+03
-1.2554399414e+03
-1.1406134033e+03
-1.6150739746e+03
-1.3859039307e+03
-8.4370458984e+02
-5.3438133240e+01
-1.5503896484e+03
-1.2257742920e+03
-6.7993334961e+02
2.7975978851e+01
-1.5401199951e+03
-1.1691597900e+03
-6.2995709229e+02
2.1235572815e+01
-1.5613145752e+03
-1.1652187500e+03
-6.1286358643e+02
2.9435464859e+01
-1.5735194092e+03
-1.1762222900e+03
-6.3051275635e+02
-1.5021252632e+00
-1.6011253662e+03
-1.1958691406e+03
-6.4226818848e+02
-1.0955446243e+01
-1.6190170898e+03
-1.2151195068e+03
-6.6335852051e+02
-3.4840438843e+01
-1.6407210693e+03
-1.2337784424e+03
-6.7823809814e+02
-4.7359302521e+01
-1.6554945068e+03
-1.2492622070e+03
-6.9376269531e+02
-6.3072345734e+01
-1.6690747070e+03
-1.2614727783e+03
-7.0424871826e+02
-7.2135894775e+01
-1.6771572266e+03
-1.2697768555e+03
-7.1225946045e+02
-7.9959991455e+01
-1.6817978516e+03
-1.2738411865e+03
-7.1622070312e+02
-8.2928176880e+01
-1.6817978516e+03
-1.2738411865e+03
-7.1622070312e+02
-8.2928176880e+01
-1.6771572266e+03
-1.2697768555e+03
-7.1225946045e+02
-7.9959991455e+01
-1.6690747070e+03
-1.2614727783e+03
-7.0424871826e+02
-7.2135894775e+01
-1.6554945068e+03
-1.2492622070e+03
-6.9376269531e+02
-6.3072345734e+01
-1.6407210693e+03
-1.2337784424e+03
-6.7823809814e+02
-4.7359302521e+01
-1.6190170898e+03
-1.2151195068e+03
-6.6335852051e+02
-3.4840438843e+01
-1.6011253662e+03
-1.1958691406e+03
-6.4226818848e+02
-1.0955446243e+01
-1.5735194092e+03
-1.1762222900e+03
-6.3051275635e+02
-1.5021252632e+00
-1.5613145752e+03
-1.1652187500e+03
-6.1286358643e+02
2.9435464859e+01
-1.5401199951e+03
-1.1691597900e+03
-6.2995709229e+02
2.1235572815e+01
-1.5503896484e+03
-1.2257742920e+03
-6.7993334961e+02
2.7975978851e+01
-1.6150739746e+03
-1.3859039307e+03
-8.4370458984e+02
-5.3438133240e+01
-2.6289436035e+03
-1.6388681641e+03
-4.1314981079e+02
1.0958081055e+03
-2.5870642090e+03
-1.5094742432e+03
-2.7870446777e+02
1.1471524658e+03
-2.6074497070e+03
-1.4753525391e+03
-2.3675553894e+02
1.1450089111e+03
-2.6224157715e+03
-1.4816158447e+03
-2.5097448730e+02
1.1115625000e+03
-2.6579672852e+03
-1.5042287598e+03
-2.6745547485e+02
1.0922113037e+03
-2.6810725098e+03
-1.5297802734e+03
-2.9884844971e+02
1.0551646729e+03
-2.7108693848e+03
-1.5559072266e+03
-3.2227914429e+02
1.0332244873e+03
-2.7315478516e+03
-1.5787017822e+03
-3.4750186157e+02
1.0065103760e+03
-2.7521962891e+03
-1.5979989014e+03
-3.6579159546e+02
9.8944238281e+02
-2.7658474121e+03
-1.6128126221e+03
-3.8136380005e+02
9.7359832764e+02
-2.7763542480e+03
-1.6227772217e+03
-3.9108911133e+02
9.6456677246e+02
-2.7810456543e+03
-1.6280480957e+03
-3.9596304321e+02
9.5898559570e+02
-2.7810456543e+03
-1.6280480957e+03
-3.9596304321e+02
9.5898559570e+02
-2.7763542480e+03
-1.6227772217e+03
-3.9108911133e+02
9.6456677246e+02
-2.7658474121e+03
-1.6128126221e+03
-3.8136380005e+02
9.7359832764e+02
-2.7521962891e+03
-1.5979989014e+03
-3.6579159546e+02
9.8944238281e+02
-2.7315478516e+03
-1.5787017822e+03
-3.4750186157e+02
1.0065103760e+03
-2.7108693848e+03
-1.5559072266e+03
-3.2227914429e+02
1.0332244873e+03
-2.6810725098e+03
-1.5297802734e+03
-2.9884844971e+02
1.0551646729e+03
-2.6579672852e+03
-1.5042287598e+03
-2.6745547485e+02
1.0922113037e+03
-2.6224157715e+03
-1.4816158447e+03
-2.5097448730e+02
1.1115625000e+03
-2.6074497070e+03
-1.4753525391e+03
-2.3675553894e+02
1.1450089111e+03
-2.5870642090e+03
-1.5094742432e+03
-2.7870446777e+02
1.1471524658e+03
-2.6289436035e+03
-1.6388681641e+03
-4.1314981079e+02
1.0958081055e+03
-3.5693972168e+03
-1.8406143799e+03
9.8942329407e+01
2.2350244141e+03
-3.5768735352e+03
-1.7667319336e+03
1.8232537842e+02
2.2591955566e+03
-3.6145000000e+03
-1.7647785645e+03
1.8341709900e+02
2.2183195801e+03
-3.6616083984e+03
-1.7963016357e+03
1.5716032410e+02
2.1823544922e+03
-3.6992651367e+03
-1.8342625732e+03
1.1295900726e+02
2.1271127930e+03
-3.7428845215e+03
-1.8741002197e+03
7.6271881104e+01
2.0901281738e+03
-3.7747185059e+03
-1.9095145264e+03
3.7080104828e+01
2.0473050537e+03
-3.8068066406e+03
-1.9405405273e+03
7.2726998329e+00
2.0180927734e+03
-3.8294111328e+03
-1.9656248779e+03
-1.9328256607e+01
1.9903079834e+03
-3.8488193359e+03
-1.9845549316e+03
-3.7991851807e+01
1.9721094971e+03
-3.8604729004e+03
-1.9974630127e+03
-5.1175884247e+01
1.9584368896e+03
-3.8670058594e+03
-2.0035549316e+03
-5.7958568573e+01
1.9527113037e+03
-3.8670058594e+03
-2.0035549316e+03
-5.7958568573e+01
1.9527113037e+03
-3.8604729004e+03
-1.9974630127e+03
-5.1175884247e+01
1.9584368896e+03
-3.8488193359e+03
-1.9845549316e+03
-3.7991851807e+01
1.9721094971e+03
-3.8294111328e+03
-1.9656248779e+03
-1.9328256607e+01
1.9903079834e+03
-3.8068066406e+03
-1.9405405273e+03
7.2726998329e+00
2.0180927734e+03
-3.7747185059e+03
-1.9095145264e+03
3.7080104828e+01
2.0473050537e+03
-3.7428845215e+03
-1.8741002197e+03
7.6271881104e+01
2.0901281738e+03
-3.6992651367e+03
-1.8342625732e+03
1.1295900726e+02
2.1271127930e+03
-3.6616083984e+03
-1.7963016357e+03
1.5716032410e+02
2.1823544922e+03
-3.6145000000e+03
-1.7647785645e+03
1.8341709900e+02
2.2183195801e+03
-3.5768735352e+03
-1.7667319336e+03
1.8232537842e+02
2.2591955566e+03
-3.5693972168e+03
-1.8406143799e+03
9.8942329407e+01
2.2350244141e+03
-4.4318422852e+03
-1.9654262695e+03
6.1816040039e+02
3.3603305664e+03
-4.4934433594e+03
-1.9631751709e+03
6.3620532227e+02
3.3323627930e+03
-4.5720073242e+03
-2.0069912109e+03
5.9918316650e+02
3.2674858398e+03
-4.6361733398e+03
-2.0660373535e+03
5.3627789307e+02
3.1922724609e+03
-4.7032377930e+03
-2.1267807617e+03
4.7822784424e+02
3.1308854980e+03
-4.7543505859e+03
-2.1816931152e+03
4.1844558716e+02
3.0664375000e+03
-4.8046752930e+03
-2.2302377930e+03
3.7117175293e+02
3.0195849609e+03
-4.8417431641e+03
-2.2705429688e+03
3.2843804932e+02
2.9752680664e+03
-4.8749052734e+03
-2.3027565918e+03
2.9658038330e+02
2.9440930176e+03
-4.8972783203e+03
-2.3271181641e+03
2.7156405640e+02
2.9186076660e+03
-4.9137211914e+03
-2.3428771973e+03
2.5552346802e+02
2.9032421875e+03
-4.9211435547e+03
-2.3513100586e+03
2.4790937805e+02
2.8944396973e+03
-4.9211435547e+03
-2.3513100586e+03
2.4790937805e+02
2.8944396973e+03
-4.9137211914e+03
-2.3428771973e+03
2.5552346802e+02
2.9032421875e+03
-4.8972783203e+03
-2.3271181641e+03
2.7156405640e+02
2.9186076660e+03
-4.8749052734e+03
-2.3027565918e+03
2.9658038330e+02
2.9440930176e+03
-4.8417431641e+03
-2.2705429688e+03
3.2843804932e+02
2.9752680664e+03
-4.8046752930e+03
-2.2302377930e+03
3.7117175293e+02
3.0195849609e+03
-4.7543505859e+03
-2.1816931152e+03
4.1844558716e+02
3.0664375000e+03
-4.7032377930e+03
-2.1267807617e+03
4.7822784424e+02
3.1308854980e+03
-4.6361733398e+03
-2.0660373535e+03
5.3627789307e+02
3.1922724609e+03
-4.5720073242e+03
-2.0069912109e+03
5.9918316650e+02
3.2674858398e+03
-4.4934433594e+03
-1.9631751709e+03
6.3620532227e+02
3.3323627930e+03
-4.4318422852e+03
-1.9654262695e+03
6.1816040039e+02
3.3603305664e+03
-5.1834702148e+03
-2.0466711426e+03
1.1389050293e+03
4.4008540039e+03
-5.3083374023e+03
-2.1222048340e+03
1.0822302246e+03
4.3225405273e+03
-5.4213232422e+03
-2.2134052734e+03
9.9486053467e+02
4.2164160156e+03
-5.5219531250e+03
-2.3063649902e+03
9.0497253418e+02
4.1225112305e+03
-5.6040966797e+03
-2.3899338379e+03
8.1783135986e+02
4.0296184082e+03
-5.6803056641e+03
-2.4638703613e+03
7.4573687744e+02
3.9579567871e+03
-5.7390888672e+03
-2.5258969727e+03
6.8114263916e+02
3.8915708008e+03
-5.7919443359e+03
-2.5770427246e+03
6.3113403320e+02
3.8427082520e+03
-5.8300883789e+03
-2.6175187988e+03
5.9000286865e+02
3.8013264160e+03
-5.8611259766e+03
-2.6470058594e+03
5.6073742676e+02
3.7730974121e+03
-5.8798862305e+03
-2.6672270508e+03
5.4112530518e+02
3.7531943359e+03
-5.8901586914e+03
-2.6764726562e+03
5.3078070068e+02
3.7445556641e+03
-5.8901586914e+03
-2.6764726562e+03
5.3078070068e+02
3.7445556641e+03
-5.8798862305e+03
-2.6672270508e+03
5.4112530518e+02
3.7531943359e+03
-5.8611259766e+03
-2.6470058594e+03
5.6073742676e+02
3.7730974121e+03
-5.8300883789e+03
-2.6175187988e+03
5.9000286865e+02
3.8013264160e+03
-5.7919443359e+03
-2.5770427246e+03
6.3113403320e+02
3.8427082520e+03
-5.7390888672e+03
-2.5258969727e+03
6.8114263916e+02
3.8915708008e+03
-5.6803056641e+03
-2.4638703613e+03
7.4573687744e+02
3.9579567871e+03
-5.6040966797e+03
-2.3899338379e+03
8.1783135986e+02
4.0296184082e+03
-5.5219531250e+03
-2.3063649902e+03
9.0497253418e+02
4.1225112305e+03
-5.4213232422e+03
-2.2134052734e+03
9.9486053467e+02
4.2164160156e+03
-5.3083374023e+03
-2.1222048340e+03
1.0822302246e+03
4.3225405273e+03
-5.1834702148e+03
-2.0466711426e+03
1.1389050293e+03
4.4008540039e+03
-5.8006225586e+03
-2.0836259766e+03
1.5974868164e+03
5.2989501953e+03
-5.9828994141e+03
-2.2340715332e+03
1.4720106201e+03
5.1674057617e+03
-6.1363115234e+03
-2.3727578125e+03
1.3412287598e+03
5.0306293945e+03
-6.2614155273e+03
-2.4961774902e+03
1.2177192383e+03
4.9041391602e+03
-6.3724228516e+03
-2.6037924805e+03
1.1126610107e+03
4.7991879883e+03
-6.4607290039e+03
-2.6945505371e+03
1.0199941406e+03
4.7053525391e+03
-6.5395327148e+03
-2.7703950195e+03
9.4620227051e+02
4.6334013672e+03
-6.5990078125e+03
-2.8318825684e+03
8.8437005615e+02
4.5719365234e+03
-6.6496791992e+03
-2.8795346680e+03
8.3792504883e+02
4.5273247070e+03
-6.6840161133e+03
-2.9154423828e+03
8.0305383301e+02
4.4929799805e+03
-6.7088447266e+03
-2.9378679199e+03
7.8026861572e+02
4.4718999023e+03
-6.7200610352e+03
-2.9501103516e+03
7.6988726807e+02
4.4602519531e+03
-6.7200610352e+03
-2.9501103516e+03
7.6988726807e+02
4.4602519531e+03
-6.7088447266e+03
-2.9378679199e+03
7.8026861572e+02
4.4718999023e+03
-6.6840161133e+03
-2.9154423828e+03
8.0305383301e+02
4.4929799805e+03
-6.6496791992e+03
-2.8795346680e+03
8.3792504883e+02
4.5273247070e+03
-6.5990078125e+03
-2.8318825684e+03
8.8437005615e+02
4.5719365234e+03
-6.5395327148e+03
-2.7703950195e+03
9.4620227051e+02
4.6334013672e+03
-6.4607290039e+03
-2.6945505371e+03
1.0199941406e+03
4.7053525391e+03
-6.3724228516e+03
-2.6037924805e+03
1.1126610107e+03
4.7991879883e+03
-6.2614155273e+03
-2.4961774902e+03
1.2177192383e+03
4.9041391602e+03
-6.1363115234e+03
-2.3727578125e+03
1.3412287598e+03
5.0306293945e+03
-5.9828994141e+03
-2.2340715332e+03
1.4720106201e+03
5.1674057617e+03
-5.8006225586e+03
-2.0836259766e+03
1.5974868164e+03
5.2989501953e+03
-6.2487993164e+03
-2.0999541016e+03
1.9560345459e+03
5.9786157227e+03
-6.4789799805e+03
-2.3093994141e+03
1.7738864746e+03
5.8062055664e+03
-6.6614125977e+03
-2.4851018066e+03
1.6057222900e+03
5.6394545898e+03
-6.8149355469e+03
-2.6348718262e+03
1.4597772217e+03
5.4962075195e+03
-6.9400888672e+03
-2.7608339844e+03
1.3338536377e+03
5.3701738281e+03
-7.0493496094e+03
-2.8665112305e+03
1.2309689941e+03
5.2699711914e+03
-7.1350244141e+03
-2.9533166504e+03
1.1444659424e+03
5.1846030273e+03
-7.2092348633e+03
-3.0230295410e+03
1.0771970215e+03
5.1201513672e+03
-7.2628666992e+03
-3.0778503418e+03
1.0239619141e+03
5.0684340820e+03
-7.3061191406e+03
-3.1167775879e+03
9.8576531982e+02
5.0326445312e+03
-7.3318950195e+03
-3.1440817871e+03
9.6113867188e+02
5.0081298828e+03
-7.3460502930e+03
-3.1560646973e+03
9.4776947021e+02
4.9973344727e+03
-7.3460502930e+03
-3.1560646973e+03
9.4776947021e+02
4.9973344727e+03
-7.3318950195e+03
-3.1440817871e+03
9.6113867188e+02
5.0081298828e+03
-7.3061191406e+03
-3.1167775879e+03
9.8576531982e+02
5.0326445312e+03
-7.2628666992e+03
-3.0778503418e+03
1.0239619141e+03
5.0684340820e+03
-7.2092348633e+03
-3.0230295410e+03
1.0771970215e+03
5.1201513672e+03
-7.1350244141e+03
-2.9533166504e+03
1.1444659424e+03
5.1846030273e+03
-7.0493496094e+03
-2.8665112305e+03
1.2309689941e+03
5.2699711914e+03
-6.9400888672e+03
-2.7608339844e+03
1.3338536377e+03
5.3701738281e+03
-6.8149355469e+03
-2.6348718262e+03
1.4597772217e+03
5.4962075195e+03
-6.6614125977e+03
-2.4851018066e+03
1.6057222900e+03
5.6394545898e+03
-6.4789799805e+03
-2.3093994141e+03
1.7738864746e+03
5.8062055664e+03
-6.2487993164e+03
-2.0999541016e+03
1.9560345459e+03
5.9786157227e+03
-6.5043613281e+03
-2.1040205078e+03
2.1674633789e+03
6.3794536133e+03
-6.7627734375e+03
-2.3490058594e+03
1.9530367432e+03
6.1814492188e+03
-6.9662768555e+03
-2.5479191895e+03
1.7634809570e+03
5.9990976562e+03
-7.1323964844e+03
-2.7131691895e+03
1.6011292725e+03
5.8400927734e+03
-7.2742397461e+03
-2.8515261230e+03
1.4663615723e+03
5.7084394531e+03
-7.3883837891e+03
-2.9660454102e+03
1.3529426270e+03
5.5970166016e+03
-7.4875605469e+03
-3.0598498535e+03
1.2624266357e+03
5.5100009766e+03
-7.5624926758e+03
-3.1354663086e+03
1.1888918457e+03
5.4388706055e+03
-7.6261914062e+03
-3.1930666504e+03
1.1333668213e+03
5.3865478516e+03
-7.6684497070e+03
-3.2369997559e+03
1.0927147217e+03
5.3473691406e+03
-7.6997202148e+03
-3.2631794434e+03
1.0654742432e+03
5.3232275391e+03
-7.7135483398e+03
-3.2782116699e+03
1.0536512451e+03
5.3100971680e+03
-7.7135483398e+03
-3.2782116699e+03
1.0536512451e+03
5.3100971680e+03
-7.6997202148e+03
-3.2631794434e+03
1.0654742432e+03
5.3232275391e+03
-7.6684497070e+03
-3.2369997559e+03
1.0927147217e+03
5.3473691406e+03
-7.6261914062e+03
-3.1930666504e+03
1.1333668213e+03
5.3865478516e+03
-7.5624926758e+03
-3.1354663086e+03
1.1888918457e+03
5.4388706055e+03
-7.4875605469e+03
-3.0598498535e+03
1.2624266357e+03
5.5100009766e+03
-7.3883837891e+03
-2.9660454102e+03
1.3529426270e+03
5.5970166016e+03
-7.2742397461e+03
-2.8515261230e+03
1.4663615723e+03
5.7084394531e+03
-7.1323964844e+03
-2.7131691895e+03
1.6011292725e+03
5.8400927734e+03
-6.9662768555e+03
-2.5479191895e+03
1.7634809570e+03
5.9990976562e+03
-6.7627734375e+03
-2.3490058594e+03
1.9530367432e+03
6.1814492188e+03
-6.5043613281e+03
-2.1040205078e+03
2.1674633789e+03
6.3794536133e+03
-6.5512768555e+03
-2.1071733398e+03
2.2076276855e+03
6.4622285156e+03
-6.8157387695e+03
-2.3569218750e+03
1.9883068848e+03
6.2601040039e+03
-7.0227543945e+03
-2.5598266602e+03
1.7947055664e+03
6.0734194336e+03
-7.1954790039e+03
-2.7288415527e+03
1.6301634521e+03
5.9136577148e+03
-7.3367202148e+03
-2.8697919922e+03
1.4914135742e+03
5.7772138672e+03
-7.4585078125e+03
-2.9866611328e+03
1.3778168945e+03
5.6672924805e+03
-7.5540683594e+03
-3.0825434570e+03
1.2841510010e+03
5.5764121094e+03
-7.6370649414e+03
-3.1587209473e+03
1.2108537598e+03
5.5068247070e+03
-7.6956391602e+03
-3.2190683594e+03
1.1537965088e+03
5.4522207031e+03
-7.7445996094e+03
-3.2607114258e+03
1.1123471680e+03
5.4141582031e+03
-7.7722568359e+03
-3.2915747070e+03
1.0866523438e+03
5.3882856445e+03
-7.7880795898e+03
-3.3039763184e+03
1.0718654785e+03
5.3768559570e+03
-7.7880795898e+03
-3.3039763184e+03
1.0718654785e+03
5.3768559570e+03
-7.7722568359e+03
-3.2915747070e+03
1.0866523438e+03
5.3882856445e+03
-7.7445996094e+03
-3.2607114258e+03
1.1123471680e+03
5.4141582031e+03
-7.6956391602e+03
-3.2190683594e+03
1.1537965088e+03
5.4522207031e+03
-7.6370649414e+03
-3.1587209473e+03
1.2108537598e+03
5.5068247070e+03
-7.5540683594e+03
-3.0825434570e+03
1.2841510010e+03
5.5764121094e+03
-7.4585078125e+03
-2.9866611328e+03
1.3778168945e+03
5.6672924805e+03
-7.3367202148e+03
-2.8697919922e+03
1.4914135742e+03
5.7772138672e+03
-7.1954790039e+03
-2.7288415527e+03
1.6301634521e+03
5.9136577148e+03
-7.0227543945e+03
-2.5598266602e+03
1.7947055664e+03
6.0734194336e+03
-6.8157387695e+03
-2.3569218750e+03
1.9883068848e+03
6.2601040039e+03
-6.5512768555e+03
-2.1071733398e+03
2.2076276855e+03
6.4622285156e+03
-6.3897421875e+03
-2.1115644531e+03
2.0711225586e+03
6.2208437500e+03
-6.6353886719e+03
-2.3350754395e+03
1.8773229980e+03
6.0364311523e+03
-6.8327055664e+03
-2.5228022461e+03
1.6989061279e+03
5.8607607422e+03
-6.9945683594e+03
-2.6822126465e+03
1.5431225586e+03
5.7075937500e+03
-7.1331308594e+03
-2.8165576172e+03
1.4119047852e+03
5.5786826172e+03
-7.2447993164e+03
-2.9287062988e+03
1.3016568604e+03
5.4708476562e+03
-7.3425375977e+03
-3.0203498535e+03
1.2127287598e+03
5.3852709961e+03
-7.4149233398e+03
-3.0949206543e+03
1.1409857178e+03
5.3162475586e+03
-7.4790571289e+03
-3.1509274902e+03
1.0862144775e+03
5.2648818359e+03
-7.5186840820e+03
-3.1951691895e+03
1.0467602539e+03
5.2266557617e+03
-7.5507998047e+03
-3.2192111816e+03
1.0191790161e+03
5.2031147461e+03
-7.5639902344e+03
-3.2350939941e+03
1.0084401245e+03
5.1902387695e+03
-7.5639902344e+03
-3.2350939941e+03
1.0084401245e+03
5.1902387695e+03
-7.5507998047e+03
-3.2192111816e+03
1.0191790161e+03
5.2031147461e+03
-7.5186840820e+03
-3.1951691895e+03
1.0467602539e+03
5.2266557617e+03
-7.4790571289e+03
-3.1509274902e+03
1.0862144775e+03
5.2648818359e+03
-7.4149233398e+03
-3.0949206543e+03
1.1409857178e+03
5.3162475586e+03
-7.3425375977e+03
-3.0203498535e+03
1.2127287598e+03
5.3852709961e+03
-7.2447993164e+03
-2.9287062988e+03
1.3016568604e+03
5.4708476562e+03
-7.1331308594e+03
-2.8165576172e+03
1.4119047852e+03
5.5786826172e+03
-6.9945683594e+03
-2.6822126465e+03
1.5431225586e+03
5.7075937500e+03
-6.8327055664e+03
-2.5228022461e+03
1.6989061279e+03
5.8607607422e+03
-6.6353886719e+03
-2.3350754395e+03
1.8773229980e+03
6.0364311523e+03
-6.3897421875e+03
-2.1115644531e+03
2.0711225586e+03
6.2208437500e+03
-6.0351230469e+03
-2.1132155762e+03
1.7760124512e+03
5.6854140625e+03
-6.2412021484e+03
-2.2822949219e+03
1.6334991455e+03
5.5378325195e+03
-6.4127592773e+03
-2.4375029297e+03
1.4868752441e+03
5.3849140625e+03
-6.5575786133e+03
-2.5758349609e+03
1.3518840332e+03
5.2497998047e+03
-6.6776440430e+03
-2.6951345215e+03
1.2342713623e+03
5.1321074219e+03
-6.7825253906e+03
-2.7956416016e+03
1.1354696045e+03
5.0353076172e+03
-6.8639116211e+03
-2.8795256348e+03
1.0533989258e+03
4.9552045898e+03
-6.9374633789e+03
-2.9459550781e+03
9.8817156982e+02
4.8928193359e+03
-6.9858066406e+03
-2.9999689941e+03
9.3756750488e+02
4.8439106445e+03
-7.0312656250e+03
-3.0354931641e+03
8.9991253662e+02
4.8096093750e+03
-7.0530454102e+03
-3.0653586426e+03
8.7776898193e+02
4.7861235352e+03
-7.0676201172e+03
-3.0744299316e+03
8.6285882568e+02
4.7759936523e+03
-7.0676201172e+03
-3.0744299316e+03
8.6285882568e+02
4.7759936523e+03
-7.0530454102e+03
-3.0653586426e+03
8.7776898193e+02
4.7861235352e+03
-7.0312656250e+03
-3.0354931641e+03
8.9991253662e+02
4.8096093750e+03
-6.9858066406e+03
-2.9999689941e+03
9.3756750488e+02
4.8439106445e+03
-6.9374633789e+03
-2.9459550781e+03
9.8817156982e+02
4.8928193359e+03
-6.8639116211e+03
-2.8795256348e+03
1.0533989258e+03
4.9552045898e+03
-6.7825253906e+03
-2.7956416016e+03
1.1354696045e+03
5.0353076172e+03
-6.6776440430e+03
-2.6951345215e+03
1.2342713623e+03
5.1321074219e+03
-6.5575786133e+03
-2.5758349609e+03
1.3518840332e+03
5.2497998047e+03
-6.4127592773e+03
-2.4375029297e+03
1.4868752441e+03
5.3849140625e+03
-6.2412021484e+03
-2.2822949219e+03
1.6334991455e+03
5.5378325195e+03
-6.0351230469e+03
-2.1132155762e+03
1.7760124512e+03
5.6854140625e+03
-5.5150683594e+03
-2.1036379395e+03
1.3599058838e+03
4.9127836914e+03
-5.6651884766e+03
-2.1982988281e+03
1.2881420898e+03
4.8160229492e+03
-5.8034687500e+03
-2.3084633789e+03
1.1854346924e+03
4.6950830078e+03
-5.9189868164e+03
-2.4176003418e+03
1.0785971680e+03
4.5835185547e+03
-6.0221030273e+03
-2.5154523926e+03
9.8173217773e+02
4.4843286133e+03
-6.1049418945e+03
-2.6007204590e+03
8.9708691406e+02
4.3998120117e+03
-6.1806831055e+03
-2.6713251953e+03
8.2684899902e+02
4.3309047852e+03
-6.2337680664e+03
-2.7306132812e+03
7.6952416992e+02
4.2748447266e+03
-6.2867138672e+03
-2.7741918945e+03
7.2471331787e+02
4.2324169922e+03
-6.3131821289e+03
-2.8113378906e+03
6.9295446777e+02
4.2004072266e+03
-6.3418618164e+03
-2.8272326660e+03
6.6913275146e+02
4.1806508789e+03
-6.3505126953e+03
-2.8435432129e+03
6.6302398682e+02
4.1692099609e+03
-6.3505126953e+03
-2.8435432129e+03
6.6302398682e+02
4.1692099609e+03
-6.3418618164e+03
-2.8272326660e+03
6.6913275146e+02
4.1806508789e+03
-6.3131821289e+03
-2.8113378906e+03
6.9295446777e+02
4.2004072266e+03
-6.2867138672e+03
-2.7741918945e+03
7.2471331787e+02
4.2324169922e+03
-6.2337680664e+03
-2.7306132812e+03
7.6952416992e+02
4.2748447266e+03
-6.1806831055e+03
-2.6713251953e+03
8.2684899902e+02
4.3309047852e+03
-6.1049418945e+03
-2.6007204590e+03
8.9708691406e+02
4.3998120117e+03
-6.0221030273e+03
-2.5154523926e+03
9.8173217773e+02
4.4843286133e+03
-5.9189868164e+03
-2.4176003418e+03
1.0785971680e+03
4.5835185547e+03
-5.8034687500e+03
-2.3084633789e+03
1.1854346924e+03
4.6950830078e+03
-5.6651884766e+03
-2.1982988281e+03
1.2881420898e+03
4.8160229492e+03
-5.5150683594e+03
-2.1036379395e+03
1.3599058838e+03
4.9127836914e+03
-4.8643901367e+03
-2.0698549805e+03
8.6901208496e+02
3.9767868652e+03
-4.9513129883e+03
-2.0797919922e+03
8.7725848389e+02
3.9368750000e+03
-5.0492529297e+03
-2.1389262695e+03
8.2442620850e+02
3.8521259766e+03
-5.1367680664e+03
-2.2144863281e+03
7.5022741699e+02
3.7684729004e+03
-5.2129106445e+03
-2.2885766602e+03
6.7613940430e+02
3.6891013184e+03
-5.2829687500e+03
-2.3550134277e+03
6.0913000488e+02
3.6209494629e+03
-5.3357949219e+03
-2.4132509766e+03
5.5131951904e+02
3.5629785156e+03
-5.3888784180e+03
-2.4593732910e+03
5.0384899902e+02
3.5165942383e+03
-5.4177363281e+03
-2.4993730469e+03
4.6684835815e+02
3.4796645508e+03
-5.4553989258e+03
-2.5231896973e+03
4.3795855713e+02
3.4536501465e+03
-5.4647324219e+03
-2.5498791504e+03
4.2238272095e+02
3.4355561523e+03
-5.4784248047e+03
-2.5504455566e+03
4.0640615845e+02
3.4287580566e+03
-5.4784248047e+03
-2.5504455566e+03
4.0640615845e+02
3.4287580566e+03
-5.4647324219e+03
-2.5498791504e+03
4.2238272095e+02
3.4355561523e+03
-5.4553989258e+03
-2.5231896973e+03
4.3795855713e+02
3.4536501465e+03
-5.4177363281e+03
-2.4993730469e+03
4.6684835815e+02
3.4796645508e+03
-5.3888784180e+03
-2.4593732910e+03
5.0384899902e+02
3.5165942383e+03
-5.3357949219e+03
-2.4132509766e+03
5.5131951904e+02
3.5629785156e+03
-5.2829687500e+03
-2.3550134277e+03
6.0913000488e+02
3.6209494629e+03
-5.2129106445e+03
-2.2885766602e+03
6.7613940430e+02
3.6891013184e+03
-5.1367680664e+03
-2.2144863281e+03
7.5022741699e+02
3.7684729004e+03
-5.0492529297e+03
-2.1389262695e+03
8.2442620850e+02
3.8521259766e+03
-4.9513129883e+03
-2.0797919922e+03
8.7725848389e+02
3.9368750000e+03
-4.8643901367e+03
-2.0698549805e+03
8.6901208496e+02
3.9767868652e+03
-4.1175966797e+03
-2.0002192383e+03
3.5185354614e+02
2.9496022949e+03
-4.1402817383e+03
-1.9262532959e+03
4.3954608154e+02
2.9655048828e+03
-4.2008383789e+03
-1.9345654297e+03
4.3612304688e+02
2.9164118652e+03
-4.2563256836e+03
-1.9773843994e+03
3.9404232788e+02
2.8602106934e+03
-4.3140532227e+03
-2.0271738281e+03
3.4353485107e+02
2.8018427734e+03
-4.3603354492e+03
-2.0766755371e+03
2.9343823242e+02
2.7492336426e+03
-4.4080385742e+03
-2.1194970703e+03
2.4904411316e+02
2.7039399414e+03
-4.4372749023e+03
-2.1583481445e+03
2.1146936035e+02
2.6660178223e+03
-4.4759375000e+03
-2.1853571777e+03
1.8063024902e+02
2.6364807129e+03
-4.4845405273e+03
-2.2125505371e+03
1.5952960205e+02
2.6135378418e+03
-4.5124575195e+03
-2.2169216309e+03
1.4147674561e+02
2.5993156738e+03
-4.5107792969e+03
-2.2386369629e+03
1.4441404724e+02
2.5893767090e+03
-4.5107792969e+03
-2.2386369629e+03
1.4441404724e+02
2.5893767090e+03
-4.5124575195e+03
-2.2169216309e+03
1.4147674561e+02
2.5993156738e+03
-4.4845405273e+03
-2.2125505371e+03
1.5952960205e+02
2.6135378418e+03
-4.4759375000e+03
-2.1853571777e+03
1.8063024902e+02
2.6364807129e+03
-4.4372749023e+03
-2.1583481445e+03
2.1146936035e+02
2.6660178223e+03
-4.4080385742e+03
-2.1194970703e+03
2.4904411316e+02
2.7039399414e+03
-4.3603354492e+03
-2.0766755371e+03
2.9343823242e+02
2.7492336426e+03
-4.3140532227e+03
-2.0271738281e+03
3.4353485107e+02
2.8018427734e+03
-4.2563256836e+03
-1.9773843994e+03
3.9404232788e+02
2.8602106934e+03
-4.2008383789e+03
-1.9345654297e+03
4.3612304688e+02
2.9164118652e+03
-4.1402817383e+03
-1.9262532959e+03
4.3954608154e+02
2.9655048828e+03
-4.1175966797e+03
-2.0002192383e+03
3.5185354614e+02
2.9496022949e+03
-3.3035537109e+03
-1.8829438477e+03
-1.5202076721e+02
1.8932478027e+03
-3.2698647461e+03
-1.7352424316e+03
4.9898538589e+00
1.9564318848e+03
-3.2952395020e+03
-1.6992700195e+03
4.4532802582e+01
1.9383256836e+03
-3.3276884766e+03
-1.7130692139e+03
3.0902812958e+01
1.9064177246e+03
-3.3623784180e+03
-1.7425963135e+03
5.0802874565e-01
1.8664254150e+03
-3.3998835449e+03
-1.7755683594e+03
-3.3885604858e+01
1.8285119629e+03
-3.4264301758e+03
-1.8083696289e+03
-6.6690620422e+01
1.7943355713e+03
-3.4606662598e+03
-1.8343596191e+03
-9.5489593506e+01
1.7655605469e+03
-3.4715893555e+03
-1.8609249268e+03
-1.1809965515e+02
1.7418547363e+03
-3.5050292969e+03
-1.8727279053e+03
-1.3796282959e+02
1.7245672607e+03
-3.4955300293e+03
-1.8977873535e+03
-1.4632380676e+02
1.7119035645e+03
-3.5190283203e+03
-1.8801270752e+03
-1.6757229614e+02
1.7092954102e+03
-3.5190283203e+03
-1.8801270752e+03
-1.6757229614e+02
1.7092954102e+03
-3.4955300293e+03
-1.8977873535e+03
-1.4632380676e+02
1.7119035645e+03
-3.5050292969e+03
-1.8727279053e+03
-1.3796282959e+02
1.7245672607e+03
-3.4715893555e+03
-1.8609249268e+03
-1.1809965515e+02
1.7418547363e+03
-3.4606662598e+03
-1.8343596191e+03
-9.5489593506e+01
1.7655605469e+03
-3.4264301758e+03
-1.8083696289e+03
-6.6690620422e+01
1.7943355713e+03
-3.3998835449e+03
-1.7755683594e+03
-3.3885604858e+01
1.8285119629e+03
-3.3623784180e+03
-1.7425963135e+03
5.0802874565e-01
1.8664254150e+03
-3.3276884766e+03
-1.7130692139e+03
3.0902812958e+01
1.9064177246e+03
-3.2952395020e+03
-1.6992700195e+03
4.4532802582e+01
1.9383256836e+03
-3.2698647461e+03
-1.7352424316e+03
4.9898538589e+00
1.9564318848e+03
-3.3035537109e+03
-1.8829438477e+03
-1.5202076721e+02
1.8932478027e+03
-2.4421574707e+03
-1.7102412109e+03
-6.1225091553e+02
8.5034716797e+02
-2.3634355469e+03
-1.5067662354e+03
-4.0332998657e+02
9.4770556641e+02
-2.3641220703e+03
-1.4370739746e+03
-3.3149649048e+02
9.5197247314e+02
-2.3749350586e+03
-1.4294271240e+03
-3.2419866943e+02
9.3834136963e+02
-2.3994377441e+03
-1.4429407959e+03
-3.3885186768e+02
9.1204626465e+02
-2.4192941895e+03
-1.4653669434e+03
-3.6218188477e+02
8.8509466553e+02
-2.4467998047e+03
-1.4871192627e+03
-3.8626651001e+02
8.5925897217e+02
-2.4585986328e+03
-1.5106441650e+03
-4.0782940674e+02
8.3705303955e+02
-2.4880390625e+03
-1.5238035889e+03
-4.2726718140e+02
8.1958831787e+02
-2.4802346191e+03
-1.5457272949e+03
-4.3813699341e+02
8.0693261719e+02
-2.5215576172e+03
-1.5388909912e+03
-4.5263342285e+02
8.0010937500e+02
-2.4899533691e+03
-1.5821749268e+03
-4.3616210938e+02
7.9212725830e+02
-2.4899533691e+03
-1.5821749268e+03
-4.3616210938e+02
7.9212725830e+02
-2.5215576172e+03
-1.5388909912e+03
-4.5263342285e+02
8.0010937500e+02
-2.4802346191e+03
-1.5457272949e+03
-4.3813699341e+02
8.0693261719e+02
-2.4880390625e+03
-1.5238035889e+03
-4.2726718140e+02
8.1958831787e+02
-2.4585986328e+03
-1.5106441650e+03
-4.0782940674e+02
8.3705303955e+02
-2.4467998047e+03
-1.4871192627e+03
-3.8626651001e+02
8.5925897217e+02
-2.4192941895e+03
-1.4653669434e+03
-3.6218188477e+02
8.8509466553e+02
-2.3994377441e+03
-1.4429407959e+03
-3.3885186768e+02
9.1204626465e+02
-2.3749350586e+03
-1.4294271240e+03
-3.2419866943e+02
9.3834136963e+02
-2.3641220703e+03
-1.4370739746e+03
-3.3149649048e+02
9.5197247314e+02
-2.3634355469e+03
-1.5067662354e+03
-4.0332998657e+02
9.4770556641e+02
-2.4421574707e+03
-1.7102412109e+03
-6.1225091553e+02
8.5034716797e+02
-1.5442636719e+03
-1.4756751709e+03
-1.0114602051e+03
-1.5276828003e+02
-1.4376577148e+03
-1.2390959473e+03
-7.7294714355e+02
-3.8412570953e+01
-1.4209364014e+03
-1.1495631104e+03
-6.8286083984e+02
-2.1714313507e+01
-1.4228676758e+03
-1.1287779541e+03
-6.6305432129e+02
-2.5182107925e+01
-1.4345100098e+03
-1.1336717529e+03
-6.6897619629e+02
-4.3566082001e+01
-1.4541376953e+03
-1.1476754150e+03
-6.8568005371e+02
-6.4784111023e+01
-1.4645869141e+03
-1.1670709229e+03
-7.0474114990e+02
-8.7047927856e+01
-1.4885229492e+03
-1.1807977295e+03
-7.2520526123e+02
-1.0729985046e+02
-1.4841252441e+03
-1.2027279053e+03
-7.4044018555e+02
-1.2512110901e+02
-1.5191407471e+03
-1.2011573486e+03
-7.5954901123e+02
-1.4045767212e+02
-1.4757851562e+03
-1.2308551025e+03
-7.6024566650e+02
-1.5211439514e+02
-1.5530983887e+03
-1.1751245117e+03
-7.9275952148e+02
-1.5277239990e+02
-1.5530983887e+03
-1.1751245117e+03
-7.9275952148e+02
-1.5277239990e+02
-1.4757851562e+03
-1.2308551025e+03
-7.6024566650e+02
-1.5211439514e+02
-1.5191407471e+03
-1.2011573486e+03
-7.5954901123e+02
-1.4045767212e+02
-1.4841252441e+03
-1.2027279053e+03
-7.4044018555e+02
-1.2512110901e+02
-1.4885229492e+03
-1.1807977295e+03
-7.2520526123e+02
-1.0729985046e+02
-1.4645869141e+03
-1.1670709229e+03
-7.0474114990e+02
-8.7047927856e+01
-1.4541376953e+03
-1.1476754150e+03
-6.8568005371e+02
-6.4784111023e+01
-1.4345100098e+03
-1.1336717529e+03
-6.6897619629e+02
-4.3566082001e+01
-1.4228676758e+03
-1.1287779541e+03
-6.6305432129e+02
-2.5182107925e+01
-1.4209364014e+03
-1.1495631104e+03
-6.8286083984e+02
-2.1714313507e+01
-1.4376577148e+03
-1.2390959473e+03
-7.7294714355e+02
-3.8412570953e+01
-1.5442636719e+03
-1.4756751709e+03
-1.0114602051e+03
-1.5276828003e+02
-6.1447290039e+02
-1.1773609619e+03
-1.3406381836e+03
-1.1055078125e+03
-4.9681234741e+02
-9.3330218506e+02
-1.0973568115e+03
-9.9242376709e+02
-4.7712701416e+02
-8.3830572510e+02
-1.0043627930e+03
-9.7390148926e+02
-4.7304272461e+02
-8.1558105469e+02
-9.8095983887e+02
-9.7592254639e+02
-4.8830407715e+02
-8.1611145020e+02
-9.8555883789e+02
-9.9078039551e+02
-4.9711001587e+02
-8.3138201904e+02
-9.9849597168e+02
-1.0124594727e+03
-5.1993109131e+02
-8.4280175781e+02
-1.0187129517e+03
-1.0321960449e+03
-5.1749432373e+02
-8.6543225098e+02
-1.0340157471e+03
-1.0551618652e+03
-5.4977038574e+02
-8.6621472168e+02
-1.0568009033e+03
-1.0774346924e+03
-5.1381176758e+02
-8.9915020752e+02
-1.0633664551e+03
-1.0954803467e+03
-5.7958587646e+02
-8.6706988525e+02
-1.0931092529e+03
-1.1123380127e+03
-4.2227032471e+02
-9.5317333984e+02
-1.0665219727e+03
-1.1262727051e+03
-4.2227032471e+02
-9.5317333984e+02
-1.0665219727e+03
-1.1262727051e+03
-5.7958587646e+02
-8.6706988525e+02
-1.0931092529e+03
-1.1123380127e+03
-5.1381176758e+02
-8.9915020752e+02
-1.0633664551e+03
-1.0954803467e+03
-5.4977038574e+02
-8.6621472168e+02
-1.0568009033e+03
-1.0774346924e+03
-5.1749432373e+02
-8.6543225098e+02
-1.0340157471e+03
-1.0551618652e+03
-5.1993109131e+02
-8.4280175781e+02
-1.0187129517e+03
-1.0321960449e+03
-4.9711001587e+02
-8.3138201904e+02
-9.9849597168e+02
-1.0124594727e+03
-4.8830407715e+02
-8.1611145020e+02
-9.8555883789e+02
-9.9078039551e+02
-4.7304272461e+02
-8.1558105469e+02
-9.8095983887e+02
-9.7592254639e+02
-4.7712701416e+02
-8.3830572510e+02
-1.0043627930e+03
-9.7390148926e+02
-4.9681234741e+02
-9.3330218506e+02
-1.0973568115e+03
-9.9242376709e+02
-6.1447290039e+02
-1.1773609619e+03
-1.3406381836e+03
-1.1055078125e+03
3.4556274414e+02
-8.1613403320e+02
-1.6000163574e+03
-2.0061101074e+03
4.5444757080e+02
-5.8953936768e+02
-1.3775980225e+03
-1.9123098145e+03
4.6878546143e+02
-5.0537359619e+02
-1.2963824463e+03
-1.9028166504e+03
4.6357412720e+02
-4.8913803101e+02
-1.2795588379e+03
-1.9099691162e+03
4.4730209351e+02
-4.9533819580e+02
-1.2882861328e+03
-1.9277543945e+03
4.2656173706e+02
-5.1245288086e+02
-1.3037738037e+03
-1.9506800537e+03
4.1150451660e+02
-5.2917730713e+02
-1.3247252197e+03
-1.9714133301e+03
3.9196447754e+02
-5.4677691650e+02
-1.3414456787e+03
-1.9934637451e+03
3.8735684204e+02
-5.5957446289e+02
-1.3585684814e+03
-2.0151773682e+03
3.6852401733e+02
-5.6953503418e+02
-1.3711376953e+03
-2.0257012939e+03
3.7363555908e+02
-5.7750274658e+02
-1.3597297363e+03
-2.0480937500e+03
3.7397039795e+02
-4.9957769775e+02
-1.3902587891e+03
-2.0418215332e+03
3.7397039795e+02
-4.9957769775e+02
-1.3902587891e+03
-2.0418215332e+03
3.7363555908e+02
-5.7750274658e+02
-1.3597297363e+03
-2.0480937500e+03
3.6852401733e+02
-5.6953503418e+02
-1.3711376953e+03
-2.0257012939e+03
3.8735684204e+02
-5.5957446289e+02
-1.3585684814e+03
-2.0151773682e+03
3.9196447754e+02
-5.4677691650e+02
-1.3414456787e+03
-1.9934637451e+03
4.1150451660e+02
-5.2917730713e+02
-1.3247252197e+03
-1.9714133301e+03
4.2656173706e+02
-5.1245288086e+02
-1.3037738037e+03
-1.9506800537e+03
4.4730209351e+02
-4.9533819580e+02
-1.2882861328e+03
-1.9277543945e+03
4.6357412720e+02
-4.8913803101e+02
-1.2795588379e+03
-1.9099691162e+03
4.6878546143e+02
-5.0537359619e+02
-1.2963824463e+03
-1.9028166504e+03
4.5444757080e+02
-5.8953936768e+02
-1.3775980225e+03
-1.9123098145e+03
3.4556274414e+02
-8.1613403320e+02
-1.6000163574e+03
-2.0061101074e+03
1.3317761230e+03
-3.9868655396e+02
-1.7937692871e+03
-2.8576101074e+03
1.4156611328e+03
-2.1296208191e+02
-1.6159851074e+03
-2.7989301758e+03
1.4114078369e+03
-1.5392085266e+02
-1.5600372314e+03
-2.8089482422e+03
1.3934108887e+03
-1.5374623108e+02
-1.5598154297e+03
-2.8277875977e+03
1.3614584961e+03
-1.7229244995e+02
-1.5780330811e+03
-2.8548176270e+03
1.3357199707e+03
-1.9831462097e+02
-1.6025252686e+03
-2.8815524902e+03
1.3030684814e+03
-2.2200613403e+02
-1.6272242432e+03
-2.9065351562e+03
1.2881718750e+03
-2.4683999634e+02
-1.6483879395e+03
-2.9287971191e+03
1.2548770752e+03
-2.6078167725e+02
-1.6679436035e+03
-2.9449680176e+03
1.2584565430e+03
-2.8291964722e+02
-1.6765374756e+03
-2.9607502441e+03
1.2135989990e+03
-2.7733663940e+02
-1.6931126709e+03
-2.9629633789e+03
1.1941232910e+03
-3.2259295654e+02
-1.6720332031e+03
-2.9759821777e+03
1.1941232910e+03
-3.2259295654e+02
-1.6720332031e+03
-2.9759821777e+03
1.2135989990e+03
-2.7733663940e+02
-1.6931126709e+03
-2.9629633789e+03
1.2584565430e+03
-2.8291964722e+02
-1.6765374756e+03
-2.9607502441e+03
1.2548770752e+03
-2.6078167725e+02
-1.6679436035e+03
-2.9449680176e+03
1.2881718750e+03
-2.4683999634e+02
-1.6483879395e+03
-2.9287971191e+03
1.3030684814e+03
-2.2200613403e+02
-1.6272242432e+03
-2.9065351562e+03
1.3357199707e+03
-1.9831462097e+02
-1.6025252686e+03
-2.8815524902e+03
1.3614584961e+03
-1.7229244995e+02
-1.5780330811e+03
-2.8548176270e+03
1.3934108887e+03
-1.5374623108e+02
-1.5598154297e+03
-2.8277875977e+03
1.4114078369e+03
-1.5392085266e+02
-1.5600372314e+03
-2.8089482422e+03
1.4156611328e+03
-2.1296208191e+02
-1.6159851074e+03
-2.7989301758e+03
1.3317761230e+03
-3.9868655396e+02
-1.7937692871e+03
-2.8576101074e+03
2.3312536621e+03
6.3412582397e+01
-1.9303078613e+03
-3.6586284180e+03
2.3748254395e+03
1.8937046814e+02
-1.8163125000e+03
-3.6487246094e+03
2.3460754395e+03
2.1141152954e+02
-1.7978778076e+03
-3.6861694336e+03
2.3041843262e+03
1.8816189575e+02
-1.8213599854e+03
-3.7245178223e+03
2.2603996582e+03
1.5128543091e+02
-1.8561499023e+03
-3.7657531738e+03
2.2138310547e+03
1.1356559753e+02
-1.8933050537e+03
-3.8023640137e+03
2.1815329590e+03
7.6276817322e+01
-1.9266295166e+03
-3.8356242676e+03
2.1399812012e+03
4.8541568756e+01
-1.9570117188e+03
-3.8623876953e+03
2.1276489258e+03
1.7746013641e+01
-1.9787618408e+03
-3.8852988281e+03
2.0854223633e+03
7.4324150085e+00
-2.0017749023e+03
-3.9000935059e+03
2.1014135742e+03
-2.3939968109e+01
-2.0094663086e+03
-3.9144404297e+03
2.1057683105e+03
-1.3833047867e+01
-2.0336614990e+03
-3.9130441895e+03
2.1057683105e+03
-1.3833047867e+01
-2.0336614990e+03
-3.9130441895e+03
2.1014135742e+03
-2.3939968109e+01
-2.0094663086e+03
-3.9144404297e+03
2.0854223633e+03
7.4324150085e+00
-2.0017749023e+03
-3.9000935059e+03
2.1276489258e+03
1.7746013641e+01
-1.9787618408e+03
-3.8852988281e+03
2.1399812012e+03
4.8541568756e+01
-1.9570117188e+03
-3.8623876953e+03
2.1815329590e+03
7.6276817322e+01
-1.9266295166e+03
-3.8356242676e+03
2.2138310547e+03
1.1356559753e+02
-1.8933050537e+03
-3.8023640137e+03
2.2603996582e+03
1.5128543091e+02
-1.8561499023e+03
-3.7657531738e+03
2.3041843262e+03
1.8816189575e+02
-1.8213599854e+03
-3.7245178223e+03
2.3460754395e+03
2.1141152954e+02
-1.7978778076e+03
-3.6861694336e+03
2.3748254395e+03
1.8937046814e+02
-1.8163125000e+03
-3.6487246094e+03
2.3312536621e+03
6.3412582397e+01
-1.9303078613e+03
-3.6586284180e+03
3.3160017090e+03
5.4794128418e+02
-2.0173607178e+03
-4.3998618164e+03
3.3104248047e+03
6.0107067871e+02
-1.9799427490e+03
-4.4472568359e+03
3.2485683594e+03
5.7899774170e+02
-2.0070386963e+03
-4.5182758789e+03
3.1849323730e+03
5.2642370605e+02
-2.0594541016e+03
-4.5820942383e+03
3.1178850098e+03
4.6975271606e+02
-2.1151989746e+03
-4.6414824219e+03
3.0643789062e+03
4.1496771240e+02
-2.1673515625e+03
-4.6935473633e+03
3.0098310547e+03
3.6915228271e+02
-2.2135449219e+03
-4.7374946289e+03
2.9781831055e+03
3.2693927002e+02
-2.2509440918e+03
-4.7747841797e+03
2.9336157227e+03
3.0054653931e+02
-2.2834013672e+03
-4.8034697266e+03
2.9305144043e+03
2.6890197754e+02
-2.3025588379e+03
-4.8265605469e+03
2.8940949707e+03
2.6943218994e+02
-2.3218994141e+03
-4.8392661133e+03
2.8795141602e+03
2.5705612183e+02
-2.3190810547e+03
-4.8515913086e+03
2.8795141602e+03
2.5705612183e+02
-2.3190810547e+03
-4.8515913086e+03
2.8940949707e+03
2.6943218994e+02
-2.3218994141e+03
-4.8392661133e+03
2.9305144043e+03
2.6890197754e+02
-2.3025588379e+03
-4.8265605469e+03
2.9336157227e+03
3.0054653931e+02
-2.2834013672e+03
-4.8034697266e+03
2.9781831055e+03
3.2693927002e+02
-2.2509440918e+03
-4.7747841797e+03
3.0098310547e+03
3.6915228271e+02
-2.2135449219e+03
-4.7374946289e+03
3.0643789062e+03
4.1496771240e+02
-2.1673515625e+03
-4.6935473633e+03
3.1178850098e+03
4.6975271606e+02
-2.1151989746e+03
-4.6414824219e+03
3.1849323730e+03
5.2642370605e+02
-2.0594541016e+03
-4.5820942383e+03
3.2485683594e+03
5.7899774170e+02
-2.0070386963e+03
-4.5182758789e+03
3.3104248047e+03
6.0107067871e+02
-1.9799427490e+03
-4.4472568359e+03
3.3160017090e+03
5.4794128418e+02
-2.0173607178e+03
-4.3998618164e+03
4.2387978516e+03
1.0237546387e+03
-2.0656613770e+03
-5.0598764648e+03
4.1788906250e+03
1.0000933228e+03
-2.1093652344e+03
-5.1675302734e+03
4.0847880859e+03
9.3046539307e+02
-2.1848300781e+03
-5.2745903320e+03
3.9926162109e+03
8.4788043213e+02
-2.2683144531e+03
-5.3658715820e+03
3.9112548828e+03
7.6900347900e+02
-2.3463205566e+03
-5.4466225586e+03
3.8362033691e+03
6.9961511230e+02
-2.4152858887e+03
-5.5146152344e+03
3.7816154785e+03
6.3937322998e+02
-2.4734335938e+03
-5.5725966797e+03
3.7258068848e+03
5.9325665283e+02
-2.5219975586e+03
-5.6190678711e+03
3.6996596680e+03
5.5144342041e+02
-2.5581354980e+03
-5.6565439453e+03
3.6560378418e+03
5.3079705811e+02
-2.5885451660e+03
-5.6829941406e+03
3.6522622070e+03
5.0071453857e+02
-2.6027897949e+03
-5.7023139648e+03
3.6474792480e+03
4.9106390381e+02
-2.6166003418e+03
-5.7080024414e+03
3.6474792480e+03
4.9106390381e+02
-2.6166003418e+03
-5.7080024414e+03
3.6522622070e+03
5.0071453857e+02
-2.6027897949e+03
-5.7023139648e+03
3.6560378418e+03
5.3079705811e+02
-2.5885451660e+03
-5.6829941406e+03
3.6996596680e+03
5.5144342041e+02
-2.5581354980e+03
-5.6565439453e+03
3.7258068848e+03
5.9325665283e+02
-2.5219975586e+03
-5.6190678711e+03
3.7816154785e+03
6.3937322998e+02
-2.4734335938e+03
-5.5725966797e+03
3.8362033691e+03
6.9961511230e+02
-2.4152858887e+03
-5.5146152344e+03
3.9112548828e+03
7.6900347900e+02
-2.3463205566e+03
-5.4466225586e+03
3.9926162109e+03
8.4788043213e+02
-2.2683144531e+03
-5.3658715820e+03
4.0847880859e+03
9.3046539307e+02
-2.1848300781e+03
-5.2745903320e+03
4.1788906250e+03
1.0000933228e+03
-2.1093652344e+03
-5.1675302734e+03
4.2387978516e+03
1.0237546387e+03
-2.0656613770e+03
-5.0598764648e+03
5.0376831055e+03
1.4489121094e+03
-2.0851699219e+03
-5.6101865234e+03
4.9271245117e+03
1.3528151855e+03
-2.2047421875e+03
-5.7735239258e+03
4.7998627930e+03
1.2390817871e+03
-2.3254272461e+03
-5.9145942383e+03
4.6865366211e+03
1.1278582764e+03
-2.4382287598e+03
-6.0325175781e+03
4.5831440430e+03
1.0291741943e+03
-2.5370412598e+03
-6.1327841797e+03
4.5015361328e+03
9.4423352051e+02
-2.6215866699e+03
-6.2175781250e+03
4.4270131836e+03
8.7474444580e+02
-2.6919987793e+03
-6.2873613281e+03
4.3779829102e+03
8.1644451904e+02
-2.7485607910e+03
-6.3447749023e+03
4.3255375977e+03
7.7551867676e+02
-2.7941357422e+03
-6.3888715820e+03
4.3064077148e+03
7.3752819824e+02
-2.8249023438e+03
-6.4224414062e+03
4.2766928711e+03
7.2436230469e+02
-2.8499130859e+03
-6.4430449219e+03
4.2643740234e+03
7.1643670654e+02
-2.8592648926e+03
-6.4555991211e+03
4.2643740234e+03
7.1643670654e+02
-2.8592648926e+03
-6.4555991211e+03
4.2766928711e+03
7.2436230469e+02
-2.8499130859e+03
-6.4430449219e+03
4.3064077148e+03
7.3752819824e+02
-2.8249023438e+03
-6.4224414062e+03
4.3255375977e+03
7.7551867676e+02
-2.7941357422e+03
-6.3888715820e+03
4.3779829102e+03
8.1644451904e+02
-2.7485607910e+03
-6.3447749023e+03
4.4270131836e+03
8.7474444580e+02
-2.6919987793e+03
-6.2873613281e+03
4.5015361328e+03
9.4423352051e+02
-2.6215866699e+03
-6.2175781250e+03
4.5831440430e+03
1.0291741943e+03
-2.5370412598e+03
-6.1327841797e+03
4.6865366211e+03
1.1278582764e+03
-2.4382287598e+03
-6.0325175781e+03
4.7998627930e+03
1.2390817871e+03
-2.3254272461e+03
-5.9145942383e+03
4.9271245117e+03
1.3528151855e+03
-2.2047421875e+03
-5.7735239258e+03
5.0376831055e+03
1.4489121094e+03
-2.0851699219e+03
-5.6101865234e+03
5.6441645508e+03
1.7805196533e+03
-2.0883679199e+03
-6.0178085938e+03
5.4918505859e+03
1.6265728760e+03
-2.2690776367e+03
-6.2257241211e+03
5.3405830078e+03
1.4770501709e+03
-2.4262224121e+03
-6.3938115234e+03
5.2052983398e+03
1.3431774902e+03
-2.5621301270e+03
-6.5325019531e+03
5.0926113281e+03
1.2285808105e+03
-2.6779350586e+03
-6.6496186523e+03
4.9939365234e+03
1.1323144531e+03
-2.7747133789e+03
-6.7464511719e+03
4.9206884766e+03
1.0529637451e+03
-2.8545253906e+03
-6.8275781250e+03
4.8533310547e+03
9.9097595215e+02
-2.9190146484e+03
-6.8921474609e+03
4.8139145508e+03
9.3993701172e+02
-2.9680856934e+03
-6.9435649414e+03
4.7710561523e+03
9.0877014160e+02
-3.0061059570e+03
-6.9803940430e+03
4.7550380859e+03
8.8064764404e+02
-3.0273037109e+03
-7.0059428711e+03
4.7453295898e+03
8.6637750244e+02
-3.0386877441e+03
-7.0173808594e+03
4.7453295898e+03
8.6637750244e+02
-3.0386877441e+03
-7.0173808594e+03
4.7550380859e+03
8.8064764404e+02
-3.0273037109e+03
-7.0059428711e+03
4.7710561523e+03
9.0877014160e+02
-3.0061059570e+03
-6.9803940430e+03
4.8139145508e+03
9.3993701172e+02
-2.9680856934e+03
-6.9435649414e+03
4.8533310547e+03
9.9097595215e+02
-2.9190146484e+03
-6.8921474609e+03
4.9206884766e+03
1.0529637451e+03
-2.8545253906e+03
-6.8275781250e+03
4.9939365234e+03
1.1323144531e+03
-2.7747133789e+03
-6.7464511719e+03
5.0926113281e+03
1.2285808105e+03
-2.6779350586e+03
-6.6496186523e+03
5.2052983398e+03
1.3431774902e+03
-2.5621301270e+03
-6.5325019531e+03
5.3405830078e+03
1.4770501709e+03
-2.4262224121e+03
-6.3938115234e+03
5.4918505859e+03
1.6265728760e+03
-2.2690776367e+03
-6.2257241211e+03
5.6441645508e+03
1.7805196533e+03
-2.0883679199e+03
-6.0178085938e+03
5.9984291992e+03
1.9790478516e+03
-2.0837624512e+03
-6.2545366211e+03
5.8209189453e+03
1.7882191162e+03
-2.3025310059e+03
-6.4891850586e+03
5.6527333984e+03
1.6168543701e+03
-2.4816953125e+03
-6.6731611328e+03
5.5091083984e+03
1.4695087891e+03
-2.6318840332e+03
-6.8249877930e+03
5.3834399414e+03
1.3449952393e+03
-2.7571816406e+03
-6.9505400391e+03
5.2850742188e+03
1.2420599365e+03
-2.8615559082e+03
-7.0563002930e+03
5.1986943359e+03
1.1581112061e+03
-2.9468071289e+03
-7.1422285156e+03
5.1388520508e+03
1.0904873047e+03
-3.0150751953e+03
-7.2128002930e+03
5.0830932617e+03
1.0406697998e+03
-3.0686105957e+03
-7.2667265625e+03
5.0535478516e+03
1.0002338867e+03
-3.1061765137e+03
-7.3074184570e+03
5.0262802734e+03
9.7875476074e+02
-3.1334294434e+03
-7.3330087891e+03
5.0143388672e+03
9.6925189209e+02
-3.1471042480e+03
-7.3462519531e+03
5.0143388672e+03
9.6925189209e+02
-3.1471042480e+03
-7.3462519531e+03
5.0262802734e+03
9.7875476074e+02
-3.1334294434e+03
-7.3330087891e+03
5.0535478516e+03
1.0002338867e+03
-3.1061765137e+03
-7.3074184570e+03
5.0830932617e+03
1.0406697998e+03
-3.0686105957e+03
-7.2667265625e+03
5.1388520508e+03
1.0904873047e+03
-3.0150751953e+03
-7.2128002930e+03
5.1986943359e+03
1.1581112061e+03
-2.9468071289e+03
-7.1422285156e+03
5.2850742188e+03
1.2420599365e+03
-2.8615559082e+03
-7.0563002930e+03
5.3834399414e+03
1.3449952393e+03
-2.7571816406e+03
-6.9505400391e+03
5.5091083984e+03
1.4695087891e+03
-2.6318840332e+03
-6.8249877930e+03
5.6527333984e+03
1.6168543701e+03
-2.4816953125e+03
-6.6731611328e+03
5.8209189453e+03
1.7882191162e+03
-2.3025310059e+03
-6.4891850586e+03
5.9984291992e+03
1.9790478516e+03
-2.0837624512e+03
-6.2545366211e+03
6.0601757812e+03
2.0201224365e+03
-2.0775178223e+03
-6.2995722656e+03
5.8758076172e+03
1.8196105957e+03
-2.3068107910e+03
-6.5398759766e+03
5.7064213867e+03
1.6430661621e+03
-2.4913518066e+03
-6.7264584961e+03
5.5571284180e+03
1.4924729004e+03
-2.6436816406e+03
-6.8789536133e+03
5.4352670898e+03
1.3672575684e+03
-2.7710371094e+03
-7.0071704102e+03
5.3291074219e+03
1.2624832764e+03
-2.8759792480e+03
-7.1120751953e+03
5.2499819336e+03
1.1779324951e+03
-2.9621958008e+03
-7.2003808594e+03
5.1798447266e+03
1.1107385254e+03
-3.0312219238e+03
-7.2700737305e+03
5.1346376953e+03
1.0577163086e+03
-3.0842390137e+03
-7.3257714844e+03
5.0939082031e+03
1.0219140625e+03
-3.1241723633e+03
-7.3656069336e+03
5.0731782227e+03
9.9577160645e+02
-3.1485285645e+03
-7.3928208008e+03
5.0617783203e+03
9.8165252686e+02
-3.1599270020e+03
-7.4061030273e+03
5.0617783203e+03
9.8165252686e+02
-3.1599270020e+03
-7.4061030273e+03
5.0731782227e+03
9.9577160645e+02
-3.1485285645e+03
-7.3928208008e+03
5.0939082031e+03
1.0219140625e+03
-3.1241723633e+03
-7.3656069336e+03
5.1346376953e+03
1.0577163086e+03
-3.0842390137e+03
-7.3257714844e+03
5.1798447266e+03
1.1107385254e+03
-3.0312219238e+03
-7.2700737305e+03
5.2499819336e+03
1.1779324951e+03
-2.9621958008e+03
-7.2003808594e+03
5.3291074219e+03
1.2624832764e+03
-2.8759792480e+03
-7.1120751953e+03
5.4352670898e+03
1.3672575684e+03
-2.7710371094e+03
-7.0071704102e+03
5.5571284180e+03
1.4924729004e+03
-2.6436816406e+03
-6.8789536133e+03
5.7064213867e+03
1.6430661621e+03
-2.4913518066e+03
-6.7264584961e+03
5.8758076172e+03
1.8196105957e+03
-2.3068107910e+03
-6.5398759766e+03
6.0601757812e+03
2.0201224365e+03
-2.0775178223e+03
-6.2995722656e+03
5.8191401367e+03
1.8982885742e+03
-2.0696157227e+03
-6.1458554688e+03
5.6491367188e+03
1.7140031738e+03
-2.2802717285e+03
-6.3699912109e+03
5.4873603516e+03
1.5490922852e+03
-2.4517536621e+03
-6.5443222656e+03
5.3498618164e+03
1.4081575928e+03
-2.5954060059e+03
-6.6890908203e+03
5.2276845703e+03
1.2878121338e+03
-2.7150551758e+03
-6.8076083984e+03
5.1329384766e+03
1.1894035645e+03
-2.8150888672e+03
-6.9089179688e+03
5.0490117188e+03
1.1076871338e+03
-2.8967321777e+03
-6.9902929688e+03
4.9897446289e+03
1.0430144043e+03
-2.9624807129e+03
-7.0580366211e+03
4.9372163086e+03
9.9369476318e+02
-3.0137436523e+03
-7.1094111328e+03
4.9054731445e+03
9.5622515869e+02
-3.0504562988e+03
-7.1484477539e+03
4.8807187500e+03
9.3320916748e+02
-3.0755947266e+03
-7.1732226562e+03
4.8695893555e+03
9.2298004150e+02
-3.0887668457e+03
-7.1855952148e+03
4.8695893555e+03
9.2298004150e+02
-3.0887668457e+03
-7.1855952148e+03
4.8807187500e+03
9.3320916748e+02
-3.0755947266e+03
-7.1732226562e+03
4.9054731445e+03
9.5622515869e+02
-3.0504562988e+03
-7.1484477539e+03
4.9372163086e+03
9.9369476318e+02
-3.0137436523e+03
-7.1094111328e+03
4.9897446289e+03
1.0430144043e+03
-2.9624807129e+03
-7.0580366211e+03
5.0490117188e+03
1.1076871338e+03
-2.8967321777e+03
-6.9902929688e+03
5.1329384766e+03
1.1894035645e+03
-2.8150888672e+03
-6.9089179688e+03
5.2276845703e+03
1.2878121338e+03
-2.7150551758e+03
-6.8076083984e+03
5.3498618164e+03
1.4081575928e+03
-2.5954060059e+03
-6.6890908203e+03
5.4873603516e+03
1.5490922852e+03
-2.4517536621e+03
-6.5443222656e+03
5.6491367188e+03
1.7140031738e+03
-2.2802717285e+03
-6.3699912109e+03
5.8191401367e+03
1.8982885742e+03
-2.0696157227e+03
-6.1458554688e+03
5.2964746094e+03
1.6267264404e+03
-2.0523142090e+03
-5.8002324219e+03
5.1561997070e+03
1.4839069824e+03
-2.2199504395e+03
-5.9887441406e+03
5.0183310547e+03
1.3467636719e+03
-2.3641318359e+03
-6.1406396484e+03
4.8914199219e+03
1.2225400391e+03
-2.4877187500e+03
-6.2642138672e+03
4.7883779297e+03
1.1182479248e+03
-2.5937338867e+03
-6.3713251953e+03
4.6947490234e+03
1.0276749268e+03
-2.6821086426e+03
-6.4576796875e+03
4.6256240234e+03
9.5521838379e+02
-2.7557233887e+03
-6.5324487305e+03
4.5634404297e+03
8.9577789307e+02
-2.8149248047e+03
-6.5907036133e+03
4.5218583984e+03
8.4986547852e+02
-2.8609438477e+03
-6.6381640625e+03
4.4865371094e+03
8.1694274902e+02
-2.8952866211e+03
-6.6718745117e+03
4.4667050781e+03
7.9487634277e+02
-2.9172524414e+03
-6.6949389648e+03
4.4559716797e+03
7.8301287842e+02
-2.9274824219e+03
-6.7063061523e+03
4.4559716797e+03
7.8301287842e+02
-2.9274824219e+03
-6.7063061523e+03
4.4667050781e+03
7.9487634277e+02
-2.9172524414e+03
-6.6949389648e+03
4.4865371094e+03
8.1694274902e+02
-2.8952866211e+03
-6.6718745117e+03
4.5218583984e+03
8.4986547852e+02
-2.8609438477e+03
-6.6381640625e+03
4.5634404297e+03
8.9577789307e+02
-2.8149248047e+03
-6.5907036133e+03
4.6256240234e+03
9.5521838379e+02
-2.7557233887e+03
-6.5324487305e+03
4.6947490234e+03
1.0276749268e+03
-2.6821086426e+03
-6.4576796875e+03
4.7883779297e+03
1.1182479248e+03
-2.5937338867e+03
-6.3713251953e+03
4.8914199219e+03
1.2225400391e+03
-2.4877187500e+03
-6.2642138672e+03
5.0183310547e+03
1.3467636719e+03
-2.3641318359e+03
-6.1406396484e+03
5.1561997070e+03
1.4839069824e+03
-2.2199504395e+03
-5.9887441406e+03
5.2964746094e+03
1.6267264404e+03
-2.0523142090e+03
-5.8002324219e+03
4.5371518555e+03
1.2416610107e+03
-2.0189876709e+03
-5.2793583984e+03
4.4416015625e+03
1.1552478027e+03
-2.1247937012e+03
-5.4197807617e+03
4.3285063477e+03
1.0541492920e+03
-2.2293122559e+03
-5.5380122070e+03
4.2309912109e+03
9.5831994629e+02
-2.3274924316e+03
-5.6404858398e+03
4.1356894531e+03
8.6896960449e+02
-2.4130571289e+03
-5.7238989258e+03
4.0639106445e+03
7.9571411133e+02
-2.4874624023e+03
-5.7990629883e+03
3.9959780273e+03
7.3144311523e+02
-2.5491760254e+03
-5.8582504883e+03
3.9484035645e+03
6.8111627197e+02
-2.5998969727e+03
-5.9094853516e+03
3.9056096191e+03
6.4100677490e+02
-2.6396894531e+03
-5.9478120117e+03
3.8786489258e+03
6.1154437256e+02
-2.6687856445e+03
-5.9776181641e+03
3.8583745117e+03
5.9212792969e+02
-2.6882145996e+03
-5.9965112305e+03
3.8492504883e+03
5.8329071045e+02
-2.6983813477e+03
-6.0060566406e+03
3.8492504883e+03
5.8329071045e+02
-2.6983813477e+03
-6.0060566406e+03
3.8583745117e+03
5.9212792969e+02
-2.6882145996e+03
-5.9965112305e+03
3.8786489258e+03
6.1154437256e+02
-2.6687856445e+03
-5.9776181641e+03
3.9056096191e+03
6.4100677490e+02
-2.6396894531e+03
-5.9478120117e+03
3.9484035645e+03
6.8111627197e+02
-2.5998969727e+03
-5.9094853516e+03
3.9959780273e+03
7.3144311523e+02
-2.5491760254e+03
-5.8582504883e+03
4.0639106445e+03
7.9571411133e+02
-2.4874624023e+03
-5.7990629883e+03
4.1356894531e+03
8.6896960449e+02
-2.4130571289e+03
-5.7238989258e+03
4.2309912109e+03
9.5831994629e+02
-2.3274924316e+03
-5.6404858398e+03
4.3285063477e+03
1.0541492920e+03
-2.2293122559e+03
-5.5380122070e+03
4.4416015625e+03
1.1552478027e+03
-2.1247937012e+03
-5.4197807617e+03
4.5371518555e+03
1.2416610107e+03
-2.0189876709e+03
-5.2793583984e+03
3.6066157227e+03
7.7573065186e+02
-1.9481646729e+03
-4.6119912109e+03
3.5560085449e+03
7.5578448486e+02
-1.9848549805e+03
-4.6960141602e+03
3.4812080078e+03
6.9983532715e+02
-2.0470656738e+03
-4.7827119141e+03
3.3991604004e+03
6.2821148682e+02
-2.1146372070e+03
-4.8527500000e+03
3.3343852539e+03
5.6520104980e+02
-2.1797150879e+03
-4.9216982422e+03
3.2668129883e+03
5.0320474243e+02
-2.2368017578e+03
-4.9751127930e+03
3.2192231445e+03
4.5418304443e+02
-2.2865170898e+03
-5.0254409180e+03
3.1728750000e+03
4.1114190674e+02
-2.3272927246e+03
-5.0636293945e+03
3.1420913086e+03
3.7842004395e+02
-2.3597868652e+03
-5.0963208008e+03
3.1154340820e+03
3.5358535767e+02
-2.3841076660e+03
-5.1192089844e+03
3.1001667480e+03
3.3758114624e+02
-2.4001899414e+03
-5.1352314453e+03
3.0917143555e+03
3.2897189331e+02
-2.4078215332e+03
-5.1429995117e+03
3.0917143555e+03
3.2897189331e+02
-2.4078215332e+03
-5.1429995117e+03
3.1001667480e+03
3.3758114624e+02
-2.4001899414e+03
-5.1352314453e+03
3.1154340820e+03
3.5358535767e+02
-2.3841076660e+03
-5.1192089844e+03
3.1420913086e+03
3.7842004395e+02
-2.3597868652e+03
-5.0963208008e+03
3.1728750000e+03
4.1114190674e+02
-2.3272927246e+03
-5.0636293945e+03
3.2192231445e+03
4.5418304443e+02
-2.2865170898e+03
-5.0254409180e+03
3.2668129883e+03
5.0320474243e+02
-2.2368017578e+03
-4.9751127930e+03
3.3343852539e+03
5.6520104980e+02
-2.1797150879e+03
-4.9216982422e+03
3.3991604004e+03
6.2821148682e+02
-2.1146372070e+03
-4.8527500000e+03
3.4812080078e+03
6.9983532715e+02
-2.0470656738e+03
-4.7827119141e+03
3.5560085449e+03
7.5578448486e+02
-1.9848549805e+03
-4.6960141602e+03
3.6066157227e+03
7.7573065186e+02
-1.9481646729e+03
-4.6119912109e+03
2.5606245117e+03
2.8890145874e+02
-1.8402883301e+03
-3.8202822266e+03
2.5602971191e+03
3.3101824951e+02
-1.8088564453e+03
-3.8525766602e+03
2.5082321777e+03
3.1164819336e+02
-1.8273737793e+03
-3.9007084961e+03
2.4648337402e+03
2.7504440308e+02
-1.8685057373e+03
-3.9534350586e+03
2.4048039551e+03
2.2549737549e+02
-1.9116885986e+03
-3.9950764160e+03
2.3650671387e+03
1.8529859924e+02
-1.9543334961e+03
-4.0400825195e+03
2.3195205078e+03
1.4444413757e+02
-1.9913610840e+03
-4.0737724609e+03
2.2895646973e+03
1.1308367920e+02
-2.0233559570e+03
-4.1060317383e+03
2.2600927734e+03
8.6092086792e+01
-2.0489372559e+03
-4.1295219727e+03
2.2418103027e+03
6.6753234863e+01
-2.0682294922e+03
-4.1488105469e+03
2.2275610352e+03
5.3227119446e+01
-2.0810292969e+03
-4.1608779297e+03
2.2213156738e+03
4.7018066406e+01
-2.0877062988e+03
-4.1672158203e+03
2.2213156738e+03
4.7018066406e+01
-2.0877062988e+03
-4.1672158203e+03
2.2275610352e+03
5.3227119446e+01
-2.0810292969e+03
-4.1608779297e+03
2.2418103027e+03
6.6753234863e+01
-2.0682294922e+03
-4.1488105469e+03
2.2600927734e+03
8.6092086792e+01
-2.0489372559e+03
-4.1295219727e+03
2.2895646973e+03
1.1308367920e+02
-2.0233559570e+03
-4.1060317383e+03
2.3195205078e+03
1.4444413757e+02
-1.9913610840e+03
-4.0737724609e+03
2.3650671387e+03
1.8529859924e+02
-1.9543334961e+03
-4.0400825195e+03
2.4048039551e+03
2.2549737549e+02
-1.9116885986e+03
-3.9950764160e+03
2.4648337402e+03
2.7504440308e+02
-1.8685057373e+03
-3.9534350586e+03
2.5082321777e+03
3.1164819336e+02
-1.8273737793e+03
-3.9007084961e+03
2.5602971191e+03
3.3101824951e+02
-1.8088564453e+03
-3.8525766602e+03
2.5606245117e+03
2.8890145874e+02
-1.8402883301e+03
-3.8202822266e+03
1.4707828369e+03
-2.0918038940e+02
-1.6619401855e+03
-2.9379509277e+03
1.4997656250e+03
-1.1456994629e+02
-1.5737672119e+03
-2.9207292480e+03
1.4874899902e+03
-9.2455947876e+01
-1.5591297607e+03
-2.9498564453e+03
1.4471461182e+03
-1.1580806732e+02
-1.5745610352e+03
-2.9710869141e+03
1.4235893555e+03
-1.3775466919e+02
-1.6018565674e+03
-3.0086496582e+03
1.3833067627e+03
-1.7180847168e+02
-1.6299770508e+03
-3.0339875488e+03
1.3596896973e+03
-1.9728907776e+02
-1.6575371094e+03
-3.0641118164e+03
1.3310268555e+03
-2.2335084534e+02
-1.6811369629e+03
-3.0857219238e+03
1.3134423828e+03
-2.4258662415e+02
-1.7009165039e+03
-3.1062600098e+03
1.2965552979e+03
-2.5842269897e+02
-1.7159287109e+03
-3.1202824707e+03
1.2872564697e+03
-2.6830718994e+02
-1.7262067871e+03
-3.1306149902e+03
1.2817470703e+03
-2.7375259399e+02
-1.7311907959e+03
-3.1354721680e+03
1.2817470703e+03
-2.7375259399e+02
-1.7311907959e+03
-3.1354721680e+03
1.2872564697e+03
-2.6830718994e+02
-1.7262067871e+03
-3.1306149902e+03
1.2965552979e+03
-2.5842269897e+02
-1.7159287109e+03
-3.1202824707e+03
1.3134423828e+03
-2.4258662415e+02
-1.7009165039e+03
-3.1062600098e+03
1.3310268555e+03
-2.2335084534e+02
-1.6811369629e+03
-3.0857219238e+03
1.3596896973e+03
-1.9728907776e+02
-1.6575371094e+03
-3.0641118164e+03
1.3833067627e+03
-1.7180847168e+02
-1.6299770508e+03
-3.0339875488e+03
1.4235893555e+03
-1.3775466919e+02
-1.6018565674e+03
-3.0086496582e+03
1.4471461182e+03
-1.1580806732e+02
-1.5745610352e+03
-2.9710869141e+03
1.4874899902e+03
-9.2455947876e+01
-1.5591297607e+03
-2.9498564453e+03
1.4997656250e+03
-1.1456994629e+02
-1.5737672119e+03
-2.9207292480e+03
1.4707828369e+03
-2.0918038940e+02
-1.6619401855e+03
-2.9379509277e+03
3.5158807373e+02
-6.4342358398e+02
-1.4381098633e+03
-1.9728909912e+03
4.1481649780e+02
-5.1378802490e+02
-1.3132619629e+03
-1.9285146484e+03
4.0100094604e+02
-4.7958786011e+02
-1.2728447266e+03
-1.9259208984e+03
4.0391491699e+02
-4.7019726562e+02
-1.2755404053e+03
-1.9499252930e+03
3.7021328735e+02
-4.9125906372e+02
-1.2897854004e+03
-1.9641429443e+03
3.5872891235e+02
-5.0527908325e+02
-1.3107335205e+03
-1.9916414795e+03
3.3319592285e+02
-5.2728283691e+02
-1.3306016846e+03
-2.0100178223e+03
3.1997134399e+02
-5.4303454590e+02
-1.3494616699e+03
-2.0311964111e+03
3.0321917725e+02
-5.5876300049e+02
-1.3649686279e+03
-2.0460207520e+03
2.9392779541e+02
-5.6958135986e+02
-1.3771766357e+03
-2.0591914062e+03
2.8570849609e+02
-5.7777117920e+02
-1.3852985840e+03
-2.0672678223e+03
2.8240472412e+02
-5.8147778320e+02
-1.3895399170e+03
-2.0717272949e+03
2.8240472412e+02
-5.8147778320e+02
-1.3895399170e+03
-2.0717272949e+03
2.8570849609e+02
-5.7777117920e+02
-1.3852985840e+03
-2.0672678223e+03
2.9392779541e+02
-5.6958135986e+02
-1.3771766357e+03
-2.0591914062e+03
3.0321917725e+02
-5.5876300049e+02
-1.3649686279e+03
-2.0460207520e+03
3.1997134399e+02
-5.4303454590e+02
-1.3494616699e+03
-2.0311964111e+03
3.3319592285e+02
-5.2728283691e+02
-1.3306016846e+03
-2.0100178223e+03
3.5872891235e+02
-5.0527908325e+02
-1.3107335205e+03
-1.9916414795e+03
3.7021328735e+02
-4.9125906372e+02
-1.2897854004e+03
-1.9641429443e+03
4.0391491699e+02
-4.7019726562e+02
-1.2755404053e+03
-1.9499252930e+03
4.0100094604e+02
-4.7958786011e+02
-1.2728447266e+03
-1.9259208984e+03
4.1481649780e+02
-5.1378802490e+02
-1.3132619629e+03
-1.9285146484e+03
3.5158807373e+02
-6.4342358398e+02
-1.4381098633e+03
-1.9728909912e+03
-7.2280981445e+02
-1.0669613037e+03
-1.1182940674e+03
-9.5866131592e+02
-6.7173535156e+02
-9.3278430176e+02
-9.7489202881e+02
-8.8858636475e+02
-6.4429675293e+02
-8.7223376465e+02
-9.2659698486e+02
-8.9806414795e+02
-6.6787677002e+02
-8.7733160400e+02
-9.1787677002e+02
-8.9536541748e+02
-6.6103436279e+02
-8.7561895752e+02
-9.2768450928e+02
-9.2402246094e+02
-6.8228125000e+02
-8.9407202148e+02
-9.4170642090e+02
-9.3898992920e+02
-6.8737945557e+02
-9.0517449951e+02
-9.5836083984e+02
-9.6262603760e+02
-7.0171624756e+02
-9.2029821777e+02
-9.7321423340e+02
-9.7866223145e+02
-7.0794274902e+02
-9.3055541992e+02
-9.8638049316e+02
-9.9518566895e+02
-7.1624005127e+02
-9.4000140381e+02
-9.9646203613e+02
-1.0062886963e+03
-7.2001129150e+02
-9.4559014893e+02
-1.0035548706e+03
-1.0147476807e+03
-7.2273199463e+02
-9.4881445312e+02
-1.0070549316e+03
-1.0186461792e+03
-7.2273199463e+02
-9.4881445312e+02
-1.0070549316e+03
-1.0186461792e+03
-7.2001129150e+02
-9.4559014893e+02
-1.0035548706e+03
-1.0147476807e+03
-7.1624005127e+02
-9.4000140381e+02
-9.9646203613e+02
-1.0062886963e+03
-7.0794274902e+02
-9.3055541992e+02
-9.8638049316e+02
-9.9518566895e+02
-7.0171624756e+02
-9.2029821777e+02
-9.7321423340e+02
-9.7866223145e+02
-6.8737945557e+02
-9.0517449951e+02
-9.5836083984e+02
-9.6262603760e+02
-6.8228125000e+02
-8.9407202148e+02
-9.4170642090e+02
-9.3898992920e+02
-6.6103436279e+02
-8.7561895752e+02
-9.2768450928e+02
-9.2402246094e+02
-6.6787677002e+02
-8.7733160400e+02
-9.1787677002e+02
-8.9536541748e+02
-6.4429675293e+02
-8.7223376465e+02
-9.2659698486e+02
-8.9806414795e+02
-6.7173535156e+02
-9.3278430176e+02
-9.7489202881e+02
-8.8858636475e+02
-7.2280981445e+02
-1.0669613037e+03
-1.1182940674e+03
-9.5866131592e+02
-1.8117628174e+03
-1.3674731445e+03
-7.6928649902e+02
1.1553209686e+02
-1.7441782227e+03
-1.2333321533e+03
-6.4353479004e+02
1.6937957764e+02
-1.7671785889e+03
-1.2028010254e+03
-5.9923223877e+02
1.8847052002e+02
-1.7361680908e+03
-1.1749034424e+03
-5.9917138672e+02
1.5764921570e+02
-1.7606378174e+03
-1.1883803711e+03
-6.0938989258e+02
1.4631874084e+02
-1.7556406250e+03
-1.1914190674e+03
-6.2694683838e+02
1.1714711761e+02
-1.7681405029e+03
-1.2044947510e+03
-6.4323217773e+02
9.8451629639e+01
-1.7693447266e+03
-1.2120955811e+03
-6.5891717529e+02
7.6640678406e+01
-1.7761423340e+03
-1.2213267822e+03
-6.7164483643e+02
6.1421985626e+01
-1.7780172119e+03
-1.2271037598e+03
-6.8173059082e+02
4.8023933411e+01
-1.7810705566e+03
-1.2318922119e+03
-6.8839190674e+02
3.9799201965e+01
-1.7818303223e+03
-1.2339589844e+03
-6.9183087158e+02
3.5268218994e+01
-1.7818303223e+03
-1.2339589844e+03
-6.9183087158e+02
3.5268218994e+01
-1.7810705566e+03
-1.2318922119e+03
-6.8839190674e+02
3.9799201965e+01
-1.7780172119e+03
-1.2271037598e+03
-6.8173059082e+02
4.8023933411e+01
-1.7761423340e+03
-1.2213267822e+03
-6.7164483643e+02
6.1421985626e+01
-1.7693447266e+03
-1.2120955811e+03
-6.5891717529e+02
7.6640678406e+01
-1.7681405029e+03
-1.2044947510e+03
-6.4323217773e+02
9.8451629639e+01
-1.7556406250e+03
-1.1914190674e+03
-6.2694683838e+02
1.1714711761e+02
-1.7606378174e+03
-1.1883803711e+03
-6.0938989258e+02
1.4631874084e+02
-1.7361680908e+03
-1.1749034424e+03
-5.9917138672e+02
1.5764921570e+02
-1.7671785889e+03
-1.2028010254e+03
-5.9923223877e+02
1.8847052002e+02
-1.7441782227e+03
-1.2333321533e+03
-6.4353479004e+02
1.6937957764e+02
-1.8117628174e+03
-1.3674731445e+03
-7.6928649902e+02
1.1553209686e+02
-2.7882351074e+03
-1.6860704346e+03
-3.1761380005e+02
1.1954035645e+03
-2.7962456055e+03
-1.6231379395e+03
-2.0960978699e+02
1.2580820312e+03
-2.7476669922e+03
-1.5736912842e+03
-1.8318733215e+02
1.2155371094e+03
-2.7860249023e+03
-1.5991245117e+03
-1.8475045776e+02
1.2121135254e+03
-2.7654257812e+03
-1.5985368652e+03
-2.0143324280e+02
1.1683247070e+03
-2.7763420410e+03
-1.6160129395e+03
-2.1873829651e+02
1.1434974365e+03
-2.7696193848e+03
-1.6239343262e+03
-2.3719728088e+02
1.1117128906e+03
-2.7732346191e+03
-1.6352947998e+03
-2.5276742554e+02
1.0895769043e+03
-2.7705007324e+03
-1.6418574219e+03
-2.6606515503e+02
1.0687316895e+03
-2.7713620605e+03
-1.6480671387e+03
-2.7593881226e+02
1.0545207520e+03
-2.7701694336e+03
-1.6513601074e+03
-2.8273709106e+02
1.0441790771e+03
-2.7702543945e+03
-1.6533079834e+03
-2.8608343506e+02
1.0393479004e+03
-2.7702543945e+03
-1.6533079834e+03
-2.8608343506e+02
1.0393479004e+03
-2.7701694336e+03
-1.6513601074e+03
-2.8273709106e+02
1.0441790771e+03
-2.7713620605e+03
-1.6480671387e+03
-2.7593881226e+02
1.0545207520e+03
-2.7705007324e+03
-1.6418574219e+03
-2.6606515503e+02
1.0687316895e+03
-2.7732346191e+03
-1.6352947998e+03
-2.5276742554e+02
1.0895769043e+03
-2.7696193848e+03
-1.6239343262e+03
-2.3719728088e+02
1.1117128906e+03
-2.7763420410e+03
-1.6160129395e+03
-2.1873829651e+02
1.1434974365e+03
-2.7654257812e+03
-1.5985368652e+03
-2.0143324280e+02
1.1683247070e+03
-2.7860249023e+03
-1.5991245117e+03
-1.8475045776e+02
1.2121135254e+03
-2.7476669922e+03
-1.5736912842e+03
-1.8318733215e+02
1.2155371094e+03
-2.7962456055e+03
-1.6231379395e+03
-2.0960978699e+02
1.2580820312e+03
-2.7882351074e+03
-1.6860704346e+03
-3.1761380005e+02
1.1954035645e+03
-3.8191352539e+03
-1.8538489990e+03
1.1882972717e+02
2.3051843262e+03
-3.7879782715e+03
-1.7836307373e+03
1.4741482544e+02
2.2903190918e+03
-3.8813930664e+03
-1.8173348389e+03
1.3937507629e+02
2.3020053711e+03
-3.8399768066e+03
-1.7977825928e+03
1.0720478058e+02
2.2339851074e+03
-3.8638198242e+03
-1.8175617676e+03
7.8066238403e+01
2.2016186523e+03
-3.8525583496e+03
-1.8224625244e+03
4.8125049591e+01
2.1554396973e+03
-3.8568281250e+03
-1.8342468262e+03
2.4041872025e+01
2.1239267578e+03
-3.8494431152e+03
-1.8393962402e+03
3.8341627121e+00
2.0930334473e+03
-3.8473427734e+03
-1.8452497559e+03
-1.1335270882e+01
2.0711357422e+03
-3.8421911621e+03
-1.8480404053e+03
-2.2541799545e+01
2.0534951172e+03
-3.8399472656e+03
-1.8504248047e+03
-2.9664209366e+01
2.0426038818e+03
-3.8380810547e+03
-1.8512807617e+03
-3.3213058472e+01
2.0368798828e+03
-3.8380810547e+03
-1.8512807617e+03
-3.3213058472e+01
2.0368798828e+03
-3.8399472656e+03
-1.8504248047e+03
-2.9664209366e+01
2.0426038818e+03
-3.8421911621e+03
-1.8480404053e+03
-2.2541799545e+01
2.0534951172e+03
-3.8473427734e+03
-1.8452497559e+03
-1.1335270882e+01
2.0711357422e+03
-3.8494431152e+03
-1.8393962402e+03
3.8341627121e+00
2.0930334473e+03
-3.8568281250e+03
-1.8342468262e+03
2.4041872025e+01
2.1239267578e+03
-3.8525583496e+03
-1.8224625244e+03
4.8125049591e+01
2.1554396973e+03
-3.8638198242e+03
-1.8175617676e+03
7.8066238403e+01
2.2016186523e+03
-3.8399768066e+03
-1.7977825928e+03
1.0720478058e+02
2.2339851074e+03
-3.8813930664e+03
-1.8173348389e+03
1.3937507629e+02
2.3020053711e+03
-3.7879782715e+03
-1.7836307373e+03
1.4741482544e+02
2.2903190918e+03
-3.8191352539e+03
-1.8538489990e+03
1.1882972717e+02
2.3051843262e+03
-4.6076606445e+03
-2.0580534668e+03
5.9973303223e+02
3.3084411621e+03
-4.7783310547e+03
-2.1860642090e+03
6.1927600098e+02
3.3475195312e+03
-4.6948891602e+03
-2.1785681152e+03
5.8766009521e+02
3.2224912109e+03
-4.7572133789e+03
-2.2439858398e+03
5.5463079834e+02
3.1860158691e+03
-4.7406386719e+03
-2.2664426270e+03
5.1729638672e+02
3.1161528320e+03
-4.7458735352e+03
-2.2921870117e+03
4.8754550171e+02
3.0713608398e+03
-4.7309838867e+03
-2.3030146484e+03
4.6273736572e+02
3.0273850098e+03
-4.7246123047e+03
-2.3130283203e+03
4.4435833740e+02
2.9975021973e+03
-4.7143618164e+03
-2.3176396484e+03
4.3052429199e+02
2.9733071289e+03
-4.7090102539e+03
-2.3214997559e+03
4.2108908081e+02
2.9577067871e+03
-4.7041489258e+03
-2.3231882324e+03
4.1503933716e+02
2.9473142090e+03
-4.7022968750e+03
-2.3241989746e+03
4.1216677856e+02
2.9425954590e+03
-4.7022968750e+03
-2.3241989746e+03
4.1216677856e+02
2.9425954590e+03
-4.7041489258e+03
-2.3231882324e+03
4.1503933716e+02
2.9473142090e+03
-4.7090102539e+03
-2.3214997559e+03
4.2108908081e+02
2.9577067871e+03
-4.7143618164e+03
-2.3176396484e+03
4.3052429199e+02
2.9733071289e+03
-4.7246123047e+03
-2.3130283203e+03
4.4435833740e+02
2.9975021973e+03
-4.7309838867e+03
-2.3030146484e+03
4.6273736572e+02
3.0273850098e+03
-4.7458735352e+03
-2.2921870117e+03
4.8754550171e+02
3.0713608398e+03
-4.7406386719e+03
-2.2664426270e+03
5.1729638672e+02
3.1161528320e+03
-4.7572133789e+03
-2.2439858398e+03
5.5463079834e+02
3.1860158691e+03
-4.6948891602e+03
-2.1785681152e+03
5.8766009521e+02
3.2224912109e+03
-4.7783310547e+03
-2.1860642090e+03
6.1927600098e+02
3.3475195312e+03
-4.6076606445e+03
-2.0580534668e+03
5.9973303223e+02
3.3084411621e+03
-5.5607963867e+03
-2.2153188477e+03
1.0327712402e+03
4.2844003906e+03
-5.4943789062e+03
-2.1732138672e+03
9.0299298096e+02
4.1108154297e+03
-5.7116030273e+03
-2.2952790527e+03
8.1325103760e+02
4.1130952148e+03
-5.7003344727e+03
-2.3126149902e+03
7.3537469482e+02
4.0173354492e+03
-5.7212324219e+03
-2.3378859863e+03
6.8401721191e+02
3.9656430664e+03
-5.7092685547e+03
-2.3452084961e+03
6.4772955322e+02
3.9173300781e+03
-5.7127148438e+03
-2.3555976562e+03
6.2461511230e+02
3.8918395996e+03
-5.7108134766e+03
-2.3611877441e+03
6.0953790283e+02
3.8739992676e+03
-5.7148076172e+03
-2.3672304688e+03
6.0054418945e+02
3.8660544434e+03
-5.7168857422e+03
-2.3709558105e+03
5.9520227051e+02
3.8616171875e+03
-5.7199096680e+03
-2.3739387207e+03
5.9242816162e+02
3.8603588867e+03
-5.7211323242e+03
-2.3752492676e+03
5.9121374512e+02
3.8598510742e+03
-5.7211323242e+03
-2.3752492676e+03
5.9121374512e+02
3.8598510742e+03
-5.7199096680e+03
-2.3739387207e+03
5.9242816162e+02
3.8603588867e+03
-5.7168857422e+03
-2.3709558105e+03
5.9520227051e+02
3.8616171875e+03
-5.7148076172e+03
-2.3672304688e+03
6.0054418945e+02
3.8660544434e+03
-5.7108134766e+03
-2.3611877441e+03
6.0953790283e+02
3.8739992676e+03
-5.7127148438e+03
-2.3555976562e+03
6.2461511230e+02
3.8918395996e+03
-5.7092685547e+03
-2.3452084961e+03
6.4772955322e+02
3.9173300781e+03
-5.7212324219e+03
-2.3378859863e+03
6.8401721191e+02
3.9656430664e+03
-5.7003344727e+03
-2.3126149902e+03
7.3537469482e+02
4.0173354492e+03
-5.7116030273e+03
-2.2952790527e+03
8.1325103760e+02
4.1130952148e+03
-5.4943789062e+03
-2.1732138672e+03
9.0299298096e+02
4.1108154297e+03
-5.5607963867e+03
-2.2153188477e+03
1.0327712402e+03
4.2844003906e+03
-5.7202309570e+03
-2.1098264160e+03
1.1727086182e+03
4.6520585938e+03
-6.2810522461e+03
-2.5683173828e+03
1.1566680908e+03
4.7950781250e+03
-6.1961831055e+03
-2.6414187012e+03
1.1030859375e+03
4.6445395508e+03
-6.2363129883e+03
-2.7117932129e+03
1.0786788330e+03
4.6148032227e+03
-6.2484282227e+03
-2.7499345703e+03
1.0682947998e+03
4.5979487305e+03
-6.2919697266e+03
-2.7853789062e+03
1.0664035645e+03
4.6138374023e+03
-6.3277788086e+03
-2.8094094238e+03
1.0687512207e+03
4.6346601562e+03
-6.3666430664e+03
-2.8296540527e+03
1.0735042725e+03
4.6612431641e+03
-6.3969101562e+03
-2.8435305176e+03
1.0785928955e+03
4.6846616211e+03
-6.4218876953e+03
-2.8538842773e+03
1.0832679443e+03
4.7046469727e+03
-6.4380268555e+03
-2.8601142578e+03
1.0866574707e+03
4.7182695312e+03
-6.4464877930e+03
-2.8632729492e+03
1.0884710693e+03
4.7254204102e+03
-6.4464877930e+03
-2.8632729492e+03
1.0884710693e+03
4.7254204102e+03
-6.4380268555e+03
-2.8601142578e+03
1.0866574707e+03
4.7182695312e+03
-6.4218876953e+03
-2.8538842773e+03
1.0832679443e+03
4.7046469727e+03
-6.3969101562e+03
-2.8435305176e+03
1.0785928955e+03
4.6846616211e+03
-6.3666430664e+03
-2.8296540527e+03
1.0735042725e+03
4.6612431641e+03
-6.3277788086e+03
-2.8094094238e+03
1.0687512207e+03
4.6346601562e+03
-6.2919697266e+03
-2.7853789062e+03
1.0664035645e+03
4.6138374023e+03
-6.2484282227e+03
-2.7499345703e+03
1.0682947998e+03
4.5979487305e+03
-6.2363129883e+03
-2.7117932129e+03
1.0786788330e+03
4.6148032227e+03
-6.1961831055e+03
-2.6414187012e+03
1.1030859375e+03
4.6445395508e+03
-6.2810522461e+03
-2.5683173828e+03
1.1566680908e+03
4.7950781250e+03
-5.7202309570e+03
-2.1098264160e+03
1.1727086182e+03
4.6520585938e+03
-6.1727133789e+03
-2.6331921387e+03
1.0850649414e+03
4.4722666016e+03
-6.0435131836e+03
-2.4941533203e+03
1.0481279297e+03
4.4562612305e+03
-6.3569018555e+03
-2.5602451172e+03
1.0840733643e+03
4.7325654297e+03
-6.6135468750e+03
-2.6318540039e+03
1.1365108643e+03
4.9609877930e+03
-6.8474926758e+03
-2.7056906738e+03
1.1834251709e+03
5.1583466797e+03
-7.0201616211e+03
-2.7621716309e+03
1.2221018066e+03
5.3061166992e+03
-7.1554409180e+03
-2.8082219238e+03
1.2530449219e+03
5.4202822266e+03
-7.2520371094e+03
-2.8416330566e+03
1.2768369141e+03
5.5030888672e+03
-7.3223906250e+03
-2.8664382324e+03
1.2946550293e+03
5.5631499023e+03
-7.3693706055e+03
-2.8831206055e+03
1.3071987305e+03
5.6038457031e+03
-7.3988808594e+03
-2.8937133789e+03
1.3152247314e+03
5.6293657227e+03
-7.4127607422e+03
-2.8986984863e+03
1.3191090088e+03
5.6415039062e+03
-7.4127607422e+03
-2.8986984863e+03
1.3191090088e+03
5.6415039062e+03
-7.3988808594e+03
-2.8937133789e+03
1.3152247314e+03
5.6293657227e+03
-7.3693706055e+03
-2.8831206055e+03
1.3071987305e+03
5.6038457031e+03
-7.3223906250e+03
-2.8664382324e+03
1.2946550293e+03
5.5631499023e+03
-7.2520371094e+03
-2.8416330566e+03
1.2768369141e+03
5.5030888672e+03
-7.1554409180e+03
-2.8082219238e+03
1.2530449219e+03
5.4202822266e+03
-7.0201616211e+03
-2.7621716309e+03
1.2221018066e+03
5.3061166992e+03
-6.8474926758e+03
-2.7056906738e+03
1.1834251709e+03
5.1583466797e+03
-6.6135468750e+03
-2.6318540039e+03
1.1365108643e+03
4.9609877930e+03
-6.3569018555e+03
-2.5602451172e+03
1.0840733643e+03
4.7325654297e+03
-6.0435131836e+03
-2.4941533203e+03
1.0481279297e+03
4.4562612305e+03
-6.1727133789e+03
-2.6331921387e+03
1.0850649414e+03
4.4722666016e+03
