5.0333217773e+03
1.3328087158e+03
-2.7593535156e+03
-6.6340273438e+03
4.9928305664e+03
1.2706334229e+03
-2.6218234863e+03
-6.5074301758e+03
5.2927895508e+03
1.2999671631e+03
-2.7078759766e+03
-6.8727680664e+03
5.5446987305e+03
1.3508664551e+03
-2.7993181152e+03
-7.1762915039e+03
5.7647006836e+03
1.3982354736e+03
-2.8908476562e+03
-7.4522294922e+03
5.9306503906e+03
1.4378850098e+03
-2.9616159668e+03
-7.6582333984e+03
6.0596821289e+03
1.4700220947e+03
-3.0191362305e+03
-7.8201342773e+03
6.1538291016e+03
1.4949178467e+03
-3.0613337402e+03
-7.9369882812e+03
6.2224970703e+03
1.5136894531e+03
-3.0927377930e+03
-8.0224428711e+03
6.2692329102e+03
1.5269707031e+03
-3.1140656738e+03
-8.0800620117e+03
6.2986474609e+03
1.5355031738e+03
-3.1276408691e+03
-8.1163305664e+03
6.3126953125e+03
1.5396275635e+03
-3.1340717773e+03
-8.1334682617e+03
6.3126953125e+03
1.5396275635e+03
-3.1340717773e+03
-8.1334682617e+03
6.2986474609e+03
1.5355031738e+03
-3.1276408691e+03
-8.1163305664e+03
6.2692329102e+03
1.5269707031e+03
-3.1140656738e+03
-8.0800620117e+03
6.2224970703e+03
1.5136894531e+03
-3.0927377930e+03
-8.0224428711e+03
6.1538291016e+03
1.4949178467e+03
-3.0613337402e+03
-7.9369882812e+03
6.0596821289e+03
1.4700220947e+03
-3.0191362305e+03
-7.8201342773e+03
5.9306503906e+03
1.4378850098e+03
-2.9616159668e+03
-7.6582333984e+03
5.7647006836e+03
1.3982354736e+03
-2.8908476562e+03
-7.4522294922e+03
5.5446987305e+03
1.3508664551e+03
-2.7993181152e+03
-7.1762915039e+03
5.2927895508e+03
1.2999671631e+03
-2.7078759766e+03
-6.8727680664e+03
4.9928305664e+03
1.2706334229e+03
-2.6218234863e+03
-6.5074301758e+03
5.0333217773e+03
1.3328087158e+03
-2.7593535156e+03
-6.6340273438e+03
5.3145253906e+03
1.4563902588e+03
-2.1948117676e+03
-6.2501958008e+03
5.4641997070e+03
1.4267780762e+03
-2.7135166016e+03
-6.8776552734e+03
5.2884130859e+03
1.3537869873e+03
-2.8096782227e+03
-6.7960830078e+03
5.2497749023e+03
1.3183293457e+03
-2.8987780762e+03
-6.8511909180e+03
5.2273833008e+03
1.3000557861e+03
-2.9510568848e+03
-6.8750786133e+03
5.2426791992e+03
1.2931457520e+03
-2.9980795898e+03
-6.9319692383e+03
5.2643574219e+03
1.2920957031e+03
-3.0310729980e+03
-6.9792822266e+03
5.2931220703e+03
1.2947553711e+03
-3.0583635254e+03
-7.0283789062e+03
5.3187543945e+03
1.2985426025e+03
-3.0774543457e+03
-7.0668374023e+03
5.3408491211e+03
1.3024798584e+03
-3.0915524902e+03
-7.0980332031e+03
5.3559741211e+03
1.3054738770e+03
-3.1001577148e+03
-7.1183164062e+03
5.3639262695e+03
1.3071315918e+03
-3.1044743652e+03
-7.1288701172e+03
5.3639262695e+03
1.3071315918e+03
-3.1044743652e+03
-7.1288701172e+03
5.3559741211e+03
1.3054738770e+03
-3.1001577148e+03
-7.1183164062e+03
5.3408491211e+03
1.3024798584e+03
-3.0915524902e+03
-7.0980332031e+03
5.3187543945e+03
1.2985426025e+03
-3.0774543457e+03
-7.0668374023e+03
5.2931220703e+03
1.2947553711e+03
-3.0583635254e+03
-7.0283789062e+03
5.2643574219e+03
1.2920957031e+03
-3.0310729980e+03
-6.9792822266e+03
5.2426791992e+03
1.2931457520e+03
-2.9980795898e+03
-6.9319692383e+03
5.2273833008e+03
1.3000557861e+03
-2.9510568848e+03
-6.8750786133e+03
5.2497749023e+03
1.3183293457e+03
-2.8987780762e+03
-6.8511909180e+03
5.2884130859e+03
1.3537869873e+03
-2.8096782227e+03
-6.7960830078e+03
5.4641997070e+03
1.4267780762e+03
-2.7135166016e+03
-6.8776552734e+03
5.3145253906e+03
1.4563902588e+03
-2.1948117676e+03
-6.2501958008e+03
4.9906933594e+03
1.3304880371e+03
-2.3460148926e+03
-6.1305786133e+03
4.7809169922e+03
1.1651146240e+03
-2.3237167969e+03
-6.0805708008e+03
4.7750639648e+03
1.0552890625e+03
-2.4693559570e+03
-6.3305185547e+03
4.6625532227e+03
9.6004681396e+02
-2.4978974609e+03
-6.3281582031e+03
4.6008227539e+03
8.9711468506e+02
-2.5322219238e+03
-6.3585581055e+03
4.5439814453e+03
8.5196618652e+02
-2.5459213867e+03
-6.3520576172e+03
4.5133789062e+03
8.2267932129e+02
-2.5616621094e+03
-6.3609409180e+03
4.4918750000e+03
8.0311157227e+02
-2.5713205566e+03
-6.3631987305e+03
4.4819121094e+03
7.9105664062e+02
-2.5805878906e+03
-6.3707553711e+03
4.4761992188e+03
7.8366644287e+02
-2.5866040039e+03
-6.3755043945e+03
4.4743422852e+03
7.7965936279e+02
-2.5911059570e+03
-6.3803496094e+03
4.4735644531e+03
7.7785876465e+02
-2.5931723633e+03
-6.3824672852e+03
4.4735644531e+03
7.7785876465e+02
-2.5931723633e+03
-6.3824672852e+03
4.4743422852e+03
7.7965936279e+02
-2.5911059570e+03
-6.3803496094e+03
4.4761992188e+03
7.8366644287e+02
-2.5866040039e+03
-6.3755043945e+03
4.4819121094e+03
7.9105664062e+02
-2.5805878906e+03
-6.3707553711e+03
4.4918750000e+03
8.0311157227e+02
-2.5713205566e+03
-6.3631987305e+03
4.5133789062e+03
8.2267932129e+02
-2.5616621094e+03
-6.3609409180e+03
4.5439814453e+03
8.5196618652e+02
-2.5459213867e+03
-6.3520576172e+03
4.6008227539e+03
8.9711468506e+02
-2.5322219238e+03
-6.3585581055e+03
4.6625532227e+03
9.6004681396e+02
-2.4978974609e+03
-6.3281582031e+03
4.7750639648e+03
1.0552890625e+03
-2.4693559570e+03
-6.3305185547e+03
4.7809169922e+03
1.1651146240e+03
-2.3237167969e+03
-6.0805708008e+03
4.9906933594e+03
1.3304880371e+03
-2.3460148926e+03
-6.1305786133e+03
3.9688215332e+03
8.6240216064e+02
-2.1925451660e+03
-5.1482998047e+03
3.9983671875e+03
8.6705877686e+02
-2.3504228516e+03
-5.3499658203e+03
3.8499453125e+03
8.1824645996e+02
-2.3575170898e+03
-5.2724077148e+03
3.8032065430e+03
7.7391021729e+02
-2.4386784668e+03
-5.3489404297e+03
3.7213630371e+03
7.2640869141e+02
-2.4708825684e+03
-5.3375146484e+03
3.6687395020e+03
6.8936016846e+02
-2.5042802734e+03
-5.3476323242e+03
3.6178713379e+03
6.5874206543e+02
-2.5202404785e+03
-5.3350034180e+03
3.5833505859e+03
6.3615979004e+02
-2.5341630859e+03
-5.3304199219e+03
3.5555192871e+03
6.1920776367e+02
-2.5414226074e+03
-5.3211845703e+03
3.5376044922e+03
6.0763714600e+02
-2.5471708984e+03
-5.3165170898e+03
3.5256848145e+03
6.0024182129e+02
-2.5500100098e+03
-5.3120600586e+03
3.5202709961e+03
5.9671868896e+02
-2.5515566406e+03
-5.3104291992e+03
3.5202709961e+03
5.9671868896e+02
-2.5515566406e+03
-5.3104291992e+03
3.5256848145e+03
6.0024182129e+02
-2.5500100098e+03
-5.3120600586e+03
3.5376044922e+03
6.0763714600e+02
-2.5471708984e+03
-5.3165170898e+03
3.5555192871e+03
6.1920776367e+02
-2.5414226074e+03
-5.3211845703e+03
3.5833505859e+03
6.3615979004e+02
-2.5341630859e+03
-5.3304199219e+03
3.6178713379e+03
6.5874206543e+02
-2.5202404785e+03
-5.3350034180e+03
3.6687395020e+03
6.8936016846e+02
-2.5042802734e+03
-5.3476323242e+03
3.7213630371e+03
7.2640869141e+02
-2.4708825684e+03
-5.3375146484e+03
3.8032065430e+03
7.7391021729e+02
-2.4386784668e+03
-5.3489404297e+03
3.8499453125e+03
8.1824645996e+02
-2.3575170898e+03
-5.2724077148e+03
3.9983671875e+03
8.6705877686e+02
-2.3504228516e+03
-5.3499658203e+03
3.9688215332e+03
8.6240216064e+02
-2.1925451660e+03
-5.1482998047e+03
2.9113093262e+03
3.3853366089e+02
-2.0068923340e+03
-4.3401665039e+03
2.8843286133e+03
3.5869876099e+02
-1.9425258789e+03
-4.3209194336e+03
2.8895737305e+03
3.4209362793e+02
-1.9872755127e+03
-4.4313442383e+03
2.8082363281e+03
2.9930041504e+02
-1.9735122070e+03
-4.3947041016e+03
2.7681704102e+03
2.6227651978e+02
-2.0002723389e+03
-4.4262319336e+03
2.7140195312e+03
2.2530168152e+02
-2.0098907471e+03
-4.4186494141e+03
2.6772080078e+03
1.9603808594e+02
-2.0256748047e+03
-4.4262343750e+03
2.6416687012e+03
1.7176901245e+02
-2.0334847412e+03
-4.4206420898e+03
2.6166726074e+03
1.5369828796e+02
-2.0413714600e+03
-4.4197475586e+03
2.5966352539e+03
1.4045022583e+02
-2.0454381104e+03
-4.4152856445e+03
2.5843352051e+03
1.3203538513e+02
-2.0486335449e+03
-4.4134008789e+03
2.5778801270e+03
1.2788131714e+02
-2.0499130859e+03
-4.4116435547e+03
2.5778801270e+03
1.2788131714e+02
-2.0499130859e+03
-4.4116435547e+03
2.5843352051e+03
1.3203538513e+02
-2.0486335449e+03
-4.4134008789e+03
2.5966352539e+03
1.4045022583e+02
-2.0454381104e+03
-4.4152856445e+03
2.6166726074e+03
1.5369828796e+02
-2.0413714600e+03
-4.4197475586e+03
2.6416687012e+03
1.7176901245e+02
-2.0334847412e+03
-4.4206420898e+03
2.6772080078e+03
1.9603808594e+02
-2.0256748047e+03
-4.4262343750e+03
2.7140195312e+03
2.2530168152e+02
-2.0098907471e+03
-4.4186494141e+03
2.7681704102e+03
2.6227651978e+02
-2.0002723389e+03
-4.4262319336e+03
2.8082363281e+03
2.9930041504e+02
-1.9735122070e+03
-4.3947041016e+03
2.8895737305e+03
3.4209362793e+02
-1.9872755127e+03
-4.4313442383e+03
2.8843286133e+03
3.5869876099e+02
-1.9425258789e+03
-4.3209194336e+03
2.9113093262e+03
3.3853366089e+02
-2.0068923340e+03
-4.3401665039e+03
1.7325897217e+03
-1.5087815857e+02
-1.8610974121e+03
-3.2711821289e+03
1.7987470703e+03
-3.3217864990e+01
-1.7935609131e+03
-3.2857021484e+03
1.7470666504e+03
-8.2723722458e+00
-1.7444519043e+03
-3.2403510742e+03
1.7396405029e+03
-1.3514836311e+01
-1.7760957031e+03
-3.2856633301e+03
1.6880841064e+03
-3.5467647552e+01
-1.7794833984e+03
-3.2672961426e+03
1.6584796143e+03
-5.7069305420e+01
-1.8014267578e+03
-3.2813713379e+03
1.6216813965e+03
-7.9436286926e+01
-1.8124591064e+03
-3.2762836914e+03
1.5962602539e+03
-9.7974464417e+01
-1.8265383301e+03
-3.2812778320e+03
1.5725100098e+03
-1.1359116364e+02
-1.8348931885e+03
-3.2794240723e+03
1.5564760742e+03
-1.2509832001e+02
-1.8424672852e+03
-3.2807807617e+03
1.5448148193e+03
-1.3291864014e+02
-1.8465837402e+03
-3.2799038086e+03
1.5394013672e+03
-1.3680906677e+02
-1.8488530273e+03
-3.2801911621e+03
1.5394013672e+03
-1.3680906677e+02
-1.8488530273e+03
-3.2801911621e+03
1.5448148193e+03
-1.3291864014e+02
-1.8465837402e+03
-3.2799038086e+03
1.5564760742e+03
-1.2509832001e+02
-1.8424672852e+03
-3.2807807617e+03
1.5725100098e+03
-1.1359116364e+02
-1.8348931885e+03
-3.2794240723e+03
1.5962602539e+03
-9.7974464417e+01
-1.8265383301e+03
-3.2812778320e+03
1.6216813965e+03
-7.9436286926e+01
-1.8124591064e+03
-3.2762836914e+03
1.6584796143e+03
-5.7069305420e+01
-1.8014267578e+03
-3.2813713379e+03
1.6880841064e+03
-3.5467647552e+01
-1.7794833984e+03
-3.2672961426e+03
1.7396405029e+03
-1.3514836311e+01
-1.7760957031e+03
-3.2856633301e+03
1.7470666504e+03
-8.2723722458e+00
-1.7444519043e+03
-3.2403510742e+03
1.7987470703e+03
-3.3217864990e+01
-1.7935609131e+03
-3.2857021484e+03
1.7325897217e+03
-1.5087815857e+02
-1.8610974121e+03
-3.2711821289e+03
5.8528442383e+02
-6.5172686768e+02
-1.5572207031e+03
-2.2707031250e+03
6.4850689697e+02
-5.0415332031e+02
-1.4016162109e+03
-2.1963635254e+03
6.6896850586e+02
-4.5255624390e+02
-1.3651413574e+03
-2.2221103516e+03
6.3353686523e+02
-4.5311050415e+02
-1.3353619385e+03
-2.1907751465e+03
6.1965740967e+02
-4.6522851562e+02
-1.3506912842e+03
-2.2181262207e+03
5.8617828369e+02
-4.8575732422e+02
-1.3551331787e+03
-2.2141608887e+03
5.6483251953e+02
-5.0454827881e+02
-1.3701544189e+03
-2.2280656738e+03
5.4008966064e+02
-5.2250402832e+02
-1.3790632324e+03
-2.2301994629e+03
5.2305151367e+02
-5.3697503662e+02
-1.3895888672e+03
-2.2376020508e+03
5.0800674438e+02
-5.4835577393e+02
-1.3961624756e+03
-2.2400239258e+03
4.9889190674e+02
-5.5591955566e+02
-1.4014989014e+03
-2.2433359375e+03
4.9383224487e+02
-5.5971154785e+02
-1.4039670410e+03
-2.2441298828e+03
4.9383224487e+02
-5.5971154785e+02
-1.4039670410e+03
-2.2441298828e+03
4.9889190674e+02
-5.5591955566e+02
-1.4014989014e+03
-2.2433359375e+03
5.0800674438e+02
-5.4835577393e+02
-1.3961624756e+03
-2.2400239258e+03
5.2305151367e+02
-5.3697503662e+02
-1.3895888672e+03
-2.2376020508e+03
5.4008966064e+02
-5.2250402832e+02
-1.3790632324e+03
-2.2301994629e+03
5.6483251953e+02
-5.0454827881e+02
-1.3701544189e+03
-2.2280656738e+03
5.8617828369e+02
-4.8575732422e+02
-1.3551331787e+03
-2.2141608887e+03
6.1965740967e+02
-4.6522851562e+02
-1.3506912842e+03
-2.2181262207e+03
6.3353686523e+02
-4.5311050415e+02
-1.3353619385e+03
-2.1907751465e+03
6.6896850586e+02
-4.5255624390e+02
-1.3651413574e+03
-2.2221103516e+03
6.4850689697e+02
-5.0415332031e+02
-1.4016162109e+03
-2.1963635254e+03
5.8528442383e+02
-6.5172686768e+02
-1.5572207031e+03
-2.2707031250e+03
-5.5506365967e+02
-1.0478878174e+03
-1.2730571289e+03
-1.1456092529e+03
-4.6561132812e+02
-8.6940515137e+02
-1.1059492188e+03
-1.0806904297e+03
-4.7269729614e+02
-8.0742559814e+02
-1.0311409912e+03
-1.0484825439e+03
-4.6782272339e+02
-7.9409350586e+02
-1.0326074219e+03
-1.0707960205e+03
-4.9904919434e+02
-8.0340325928e+02
-1.0291818848e+03
-1.0626307373e+03
-5.1509710693e+02
-8.1801629639e+02
-1.0483071289e+03
-1.0839849854e+03
-5.4117755127e+02
-8.3594036865e+02
-1.0599125977e+03
-1.0891478271e+03
-5.5853845215e+02
-8.5198541260e+02
-1.0760915527e+03
-1.1035500488e+03
-5.7674877930e+02
-8.6624963379e+02
-1.0869581299e+03
-1.1101311035e+03
-5.8875836182e+02
-8.7720178223e+02
-1.0971030273e+03
-1.1184466553e+03
-5.9807580566e+02
-8.8479675293e+02
-1.1031423340e+03
-1.1223867188e+03
-6.0227685547e+02
-8.8871728516e+02
-1.1063787842e+03
-1.1253171387e+03
-6.0227685547e+02
-8.8871728516e+02
-1.1063787842e+03
-1.1253171387e+03
-5.9807580566e+02
-8.8479675293e+02
-1.1031423340e+03
-1.1223867188e+03
-5.8875836182e+02
-8.7720178223e+02
-1.0971030273e+03
-1.1184466553e+03
-5.7674877930e+02
-8.6624963379e+02
-1.0869581299e+03
-1.1101311035e+03
-5.5853845215e+02
-8.5198541260e+02
-1.0760915527e+03
-1.1035500488e+03
-5.4117755127e+02
-8.3594036865e+02
-1.0599125977e+03
-1.0891478271e+03
-5.1509710693e+02
-8.1801629639e+02
-1.0483071289e+03
-1.0839849854e+03
-4.9904919434e+02
-8.0340325928e+02
-1.0291818848e+03
-1.0626307373e+03
-4.6782272339e+02
-7.9409350586e+02
-1.0326074219e+03
-1.0707960205e+03
-4.7269729614e+02
-8.0742559814e+02
-1.0311409912e+03
-1.0484825439e+03
-4.6561132812e+02
-8.6940515137e+02
-1.1059492188e+03
-1.0806904297e+03
-5.5506365967e+02
-1.0478878174e+03
-1.2730571289e+03
-1.1456092529e+03
-1.6351630859e+03
-1.4070870361e+03
-8.5147955322e+02
-3.4830905914e+01
-1.5673223877e+03
-1.2392061768e+03
-6.7977960205e+02
5.0492053986e+01
-1.5565982666e+03
-1.1797877197e+03
-6.2711511230e+02
4.3849700928e+01
-1.5785529785e+03
-1.1756096191e+03
-6.0944219971e+02
5.2032062531e+01
-1.5913706055e+03
-1.1870401611e+03
-6.2766741943e+02
2.0038293839e+01
-1.6200777588e+03
-1.2075635986e+03
-6.4010931396e+02
9.8978376389e+00
-1.6387683105e+03
-1.2276546631e+03
-6.6208416748e+02
-1.4946857452e+01
-1.6613616943e+03
-1.2471489258e+03
-6.7771093750e+02
-2.8151357651e+01
-1.6767695312e+03
-1.2633135986e+03
-6.9391937256e+02
-4.4539340973e+01
-1.6909094238e+03
-1.2760697021e+03
-7.0491162109e+02
-5.4065235138e+01
-1.6993339844e+03
-1.2847382812e+03
-7.1328100586e+02
-6.2235054016e+01
-1.7041649170e+03
-1.2889857178e+03
-7.1742687988e+02
-6.5353713989e+01
-1.7041649170e+03
-1.2889857178e+03
-7.1742687988e+02
-6.5353713989e+01
-1.6993339844e+03
-1.2847382812e+03
-7.1328100586e+02
-6.2235054016e+01
-1.6909094238e+03
-1.2760697021e+03
-7.0491162109e+02
-5.4065235138e+01
-1.6767695312e+03
-1.2633135986e+03
-6.9391937256e+02
-4.4539340973e+01
-1.6613616943e+03
-1.2471489258e+03
-6.7771093750e+02
-2.8151357651e+01
-1.6387683105e+03
-1.2276546631e+03
-6.6208416748e+02
-1.4946857452e+01
-1.6200777588e+03
-1.2075635986e+03
-6.4010931396e+02
9.8978376389e+00
-1.5913706055e+03
-1.1870401611e+03
-6.2766741943e+02
2.0038293839e+01
-1.5785529785e+03
-1.1756096191e+03
-6.0944219971e+02
5.2032062531e+01
-1.5565982666e+03
-1.1797877197e+03
-6.2711511230e+02
4.3849700928e+01
-1.5673223877e+03
-1.2392061768e+03
-6.7977960205e+02
5.0492053986e+01
-1.6351630859e+03
-1.4070870361e+03
-8.5147955322e+02
-3.4830905914e+01
-2.6700073242e+03
-1.6635687256e+03
-4.0893017578e+02
1.1418900146e+03
-2.6261101074e+03
-1.5278391113e+03
-2.6800521851e+02
1.1958701172e+03
-2.6474716797e+03
-1.4920734863e+03
-2.2411331177e+02
1.1935938721e+03
-2.6633107910e+03
-1.4986124268e+03
-2.3872703552e+02
1.1590637207e+03
-2.7004995117e+03
-1.5223188477e+03
-2.5609005737e+02
1.1386770020e+03
-2.7248183594e+03
-1.5490701904e+03
-2.8876516724e+02
1.1002601318e+03
-2.7559997559e+03
-1.5764414062e+03
-3.1332580566e+02
1.0772838135e+03
-2.7777055664e+03
-1.6003029785e+03
-3.3962979126e+02
1.0495249023e+03
-2.7993171387e+03
-1.6205124512e+03
-3.5877209473e+02
1.0316927490e+03
-2.8136284180e+03
-1.6360148926e+03
-3.7502380371e+02
1.0152145996e+03
-2.8246245117e+03
-1.6464495850e+03
-3.8519522095e+02
1.0057874756e+03
-2.8295412598e+03
-1.6519625244e+03
-3.9028619385e+02
9.9998052979e+02
-2.8295412598e+03
-1.6519625244e+03
-3.9028619385e+02
9.9998052979e+02
-2.8246245117e+03
-1.6464495850e+03
-3.8519522095e+02
1.0057874756e+03
-2.8136284180e+03
-1.6360148926e+03
-3.7502380371e+02
1.0152145996e+03
-2.7993171387e+03
-1.6205124512e+03
-3.5877209473e+02
1.0316927490e+03
-2.7777055664e+03
-1.6003029785e+03
-3.3962979126e+02
1.0495249023e+03
-2.7559997559e+03
-1.5764414062e+03
-3.1332580566e+02
1.0772838135e+03
-2.7248183594e+03
-1.5490701904e+03
-2.8876516724e+02
1.1002601318e+03
-2.7004995117e+03
-1.5223188477e+03
-2.5609005737e+02
1.1386770020e+03
-2.6633107910e+03
-1.4986124268e+03
-2.3872703552e+02
1.1590637207e+03
-2.6474716797e+03
-1.4920734863e+03
-2.2411331177e+02
1.1935938721e+03
-2.6261101074e+03
-1.5278391113e+03
-2.6800521851e+02
1.1958701172e+03
-2.6700073242e+03
-1.6635687256e+03
-4.0893017578e+02
1.1418900146e+03
-3.6308874512e+03
-1.8664261475e+03
1.1931595612e+02
2.3110588379e+03
-3.6387226562e+03
-1.7889726562e+03
2.0661569214e+02
2.3363518066e+03
-3.6783803711e+03
-1.7869749756e+03
2.0791719055e+02
2.2939145508e+03
-3.7278979492e+03
-1.8200897217e+03
1.8038041687e+02
2.2563378906e+03
-3.7676469727e+03
-1.8599073486e+03
1.3432690430e+02
2.1990251465e+03
-3.8134707031e+03
-1.9017067871e+03
9.5899826050e+01
2.1604160156e+03
-3.8470244141e+03
-1.9388371582e+03
5.5028354645e+01
2.1159724121e+03
-3.8807351074e+03
-1.9713745117e+03
2.3850732803e+01
2.0855371094e+03
-3.9045292969e+03
-1.9976636963e+03
-3.9003095627e+00
2.0566953125e+03
-3.9249182129e+03
-2.0175115967e+03
-2.3404724121e+01
2.0377563477e+03
-3.9371770020e+03
-2.0310333252e+03
-3.7161186218e+01
2.0235634766e+03
-3.9440388184e+03
-2.0374223633e+03
-4.4243263245e+01
2.0176090088e+03
-3.9440388184e+03
-2.0374223633e+03
-4.4243263245e+01
2.0176090088e+03
-3.9371770020e+03
-2.0310333252e+03
-3.7161186218e+01
2.0235634766e+03
-3.9249182129e+03
-2.0175115967e+03
-2.3404724121e+01
2.0377563477e+03
-3.9045292969e+03
-1.9976636963e+03
-3.9003095627e+00
2.0566953125e+03
-3.8807351074e+03
-1.9713745117e+03
2.3850732803e+01
2.0855371094e+03
-3.8470244141e+03
-1.9388371582e+03
5.5028354645e+01
2.1159724121e+03
-3.8134707031e+03
-1.9017067871e+03
9.5899826050e+01
2.1604160156e+03
-3.7676469727e+03
-1.8599073486e+03
1.3432690430e+02
2.1990251465e+03
-3.7278979492e+03
-1.8200897217e+03
1.8038041687e+02
2.2563378906e+03
-3.6783803711e+03
-1.7869749756e+03
2.0791719055e+02
2.2939145508e+03
-3.6387226562e+03
-1.7889726562e+03
2.0661569214e+02
2.3363518066e+03
-3.6308874512e+03
-1.8664261475e+03
1.1931595612e+02
2.3110588379e+03
-4.5133945312e+03
-1.9901450195e+03
6.5692620850e+02
3.4694567871e+03
-4.5780688477e+03
-1.9878026123e+03
6.7560455322e+02
3.4400754395e+03
-4.6607666016e+03
-2.0338778076e+03
6.3676013184e+02
3.3723068848e+03
-4.7284799805e+03
-2.0959067383e+03
5.7103765869e+02
3.2940727539e+03
-4.7991113281e+03
-2.1597138672e+03
5.1024526978e+02
3.2300500488e+03
-4.8530810547e+03
-2.2173615723e+03
4.4784625244e+02
3.1631286621e+03
-4.9060805664e+03
-2.2683269043e+03
3.9839974976e+02
3.1143554688e+03
-4.9451933594e+03
-2.3106184082e+03
3.5381069946e+02
3.0683740234e+03
-4.9801166992e+03
-2.3444255371e+03
3.2052536011e+02
3.0359736328e+03
-5.0037080078e+03
-2.3699738770e+03
2.9442861938e+02
3.0095473633e+03
-5.0210224609e+03
-2.3865126953e+03
2.7768307495e+02
2.9935932617e+03
-5.0288466797e+03
-2.3953513184e+03
2.6973889160e+02
2.9844663086e+03
-5.0288466797e+03
-2.3953513184e+03
2.6973889160e+02
2.9844663086e+03
-5.0210224609e+03
-2.3865126953e+03
2.7768307495e+02
2.9935932617e+03
-5.0037080078e+03
-2.3699738770e+03
2.9442861938e+02
3.0095473633e+03
-4.9801166992e+03
-2.3444255371e+03
3.2052536011e+02
3.0359736328e+03
-4.9451933594e+03
-2.3106184082e+03
3.5381069946e+02
3.0683740234e+03
-4.9060805664e+03
-2.2683269043e+03
3.9839974976e+02
3.1143554688e+03
-4.8530810547e+03
-2.2173615723e+03
4.4784625244e+02
3.1631286621e+03
-4.7991113281e+03
-2.1597138672e+03
5.1024526978e+02
3.2300500488e+03
-4.7284799805e+03
-2.0959067383e+03
5.7103765869e+02
3.2940727539e+03
-4.6607666016e+03
-2.0338778076e+03
6.3676013184e+02
3.3723068848e+03
-4.5780688477e+03
-1.9878026123e+03
6.7560455322e+02
3.4400754395e+03
-4.5133945312e+03
-1.9901450195e+03
6.5692620850e+02
3.4694567871e+03
-5.2838330078e+03
-2.0689370117e+03
1.1975845947e+03
4.5435068359e+03
-5.4149824219e+03
-2.1483369141e+03
1.1377969971e+03
4.4611435547e+03
-5.5340288086e+03
-2.2442321777e+03
1.0461905518e+03
4.3502651367e+03
-5.6401376953e+03
-2.3419677734e+03
9.5199829102e+02
4.2522480469e+03
-5.7269047852e+03
-2.4297910156e+03
8.6089410400e+02
4.1556000977e+03
-5.8072954102e+03
-2.5074875488e+03
7.8545001221e+02
4.0809729004e+03
-5.8694052734e+03
-2.5726347656e+03
7.1800146484e+02
4.0120500488e+03
-5.9251616211e+03
-2.6263530273e+03
6.6573883057e+02
3.9612761230e+03
-5.9654492188e+03
-2.6688398438e+03
6.2282342529e+02
3.9183757324e+03
-5.9981894531e+03
-2.6998015137e+03
5.9227258301e+02
3.8890898438e+03
-6.0179965820e+03
-2.7210107422e+03
5.7181610107e+02
3.8684768066e+03
-6.0288339844e+03
-2.7307207031e+03
5.6102667236e+02
3.8595251465e+03
-6.0288339844e+03
-2.7307207031e+03
5.6102667236e+02
3.8595251465e+03
-6.0179965820e+03
-2.7210107422e+03
5.7181610107e+02
3.8684768066e+03
-5.9981894531e+03
-2.6998015137e+03
5.9227258301e+02
3.8890898438e+03
-5.9654492188e+03
-2.6688398438e+03
6.2282342529e+02
3.9183757324e+03
-5.9251616211e+03
-2.6263530273e+03
6.6573883057e+02
3.9612761230e+03
-5.8694052734e+03
-2.5726347656e+03
7.1800146484e+02
4.0120500488e+03
-5.8072954102e+03
-2.5074875488e+03
7.8545001221e+02
4.0809729004e+03
-5.7269047852e+03
-2.4297910156e+03
8.6089410400e+02
4.1556000977e+03
-5.6401376953e+03
-2.3419677734e+03
9.5199829102e+02
4.2522480469e+03
-5.5340288086e+03
-2.2442321777e+03
1.0461905518e+03
4.3502651367e+03
-5.4149824219e+03
-2.1483369141e+03
1.1377969971e+03
4.4611435547e+03
-5.2838330078e+03
-2.0689370117e+03
1.1975845947e+03
4.5435068359e+03
-5.9171679688e+03
-2.1026145020e+03
1.6747801514e+03
5.4724682617e+03
-6.1087192383e+03
-2.2607080078e+03
1.5426700439e+03
5.3341538086e+03
-6.2703974609e+03
-2.4065537109e+03
1.4053812256e+03
5.1910161133e+03
-6.4024868164e+03
-2.5363500977e+03
1.2759942627e+03
5.0590571289e+03
-6.5196933594e+03
-2.6495166016e+03
1.1659597168e+03
4.9496372070e+03
-6.6130527344e+03
-2.7449206543e+03
1.0690850830e+03
4.8520776367e+03
-6.6962768555e+03
-2.8246362305e+03
9.9192126465e+02
4.7772661133e+03
-6.7591616211e+03
-2.8892292480e+03
9.2737097168e+02
4.7135136719e+03
-6.8126748047e+03
-2.9392885742e+03
8.7887280273e+02
4.6672368164e+03
-6.8489707031e+03
-2.9769812012e+03
8.4250195312e+02
4.6316762695e+03
-6.8751918945e+03
-3.0005427246e+03
8.1873907471e+02
4.6098432617e+03
-6.8870424805e+03
-3.0133833008e+03
8.0791143799e+02
4.5977919922e+03
-6.8870424805e+03
-3.0133833008e+03
8.0791143799e+02
4.5977919922e+03
-6.8751918945e+03
-3.0005427246e+03
8.1873907471e+02
4.6098432617e+03
-6.8489707031e+03
-2.9769812012e+03
8.4250195312e+02
4.6316762695e+03
-6.8126748047e+03
-2.9392885742e+03
8.7887280273e+02
4.6672368164e+03
-6.7591616211e+03
-2.8892292480e+03
9.2737097168e+02
4.7135136719e+03
-6.6962768555e+03
-2.8246362305e+03
9.9192126465e+02
4.7772661133e+03
-6.6130527344e+03
-2.7449206543e+03
1.0690850830e+03
4.8520776367e+03
-6.5196933594e+03
-2.6495166016e+03
1.1659597168e+03
4.9496372070e+03
-6.4024868164e+03
-2.5363500977e+03
1.2759942627e+03
5.0590571289e+03
-6.2703974609e+03
-2.4065537109e+03
1.4053812256e+03
5.1910161133e+03
-6.1087192383e+03
-2.2607080078e+03
1.5426700439e+03
5.3341538086e+03
-5.9171679688e+03
-2.1026145020e+03
1.6747801514e+03
5.4724682617e+03
-6.3770273438e+03
-2.1158508301e+03
2.0481271973e+03
6.1759550781e+03
-6.6189775391e+03
-2.3359802246e+03
1.8564903564e+03
5.9946425781e+03
-6.8113217773e+03
-2.5207729492e+03
1.6799678955e+03
5.8201064453e+03
-6.9734042969e+03
-2.6783305664e+03
1.5269530029e+03
5.6704970703e+03
-7.1057036133e+03
-2.8108156738e+03
1.3951372070e+03
5.5392060547e+03
-7.2211640625e+03
-2.9219487305e+03
1.2874729004e+03
5.4349062500e+03
-7.3117939453e+03
-3.0131943359e+03
1.1970958252e+03
5.3462646484e+03
-7.3902207031e+03
-3.0864611816e+03
1.1268211670e+03
5.2793730469e+03
-7.4469555664e+03
-3.1440427246e+03
1.0712816162e+03
5.2258085938e+03
-7.4926645508e+03
-3.1849418945e+03
1.0314354248e+03
5.1887495117e+03
-7.5199252930e+03
-3.2135883789e+03
1.0057588501e+03
5.1634028320e+03
-7.5348906250e+03
-3.2261870117e+03
9.9183489990e+02
5.1522382812e+03
-7.5348906250e+03
-3.2261870117e+03
9.9183489990e+02
5.1522382812e+03
-7.5199252930e+03
-3.2135883789e+03
1.0057588501e+03
5.1634028320e+03
-7.4926645508e+03
-3.1849418945e+03
1.0314354248e+03
5.1887495117e+03
-7.4469555664e+03
-3.1440427246e+03
1.0712816162e+03
5.2258085938e+03
-7.3902207031e+03
-3.0864611816e+03
1.1268211670e+03
5.2793730469e+03
-7.3117939453e+03
-3.0131943359e+03
1.1970958252e+03
5.3462646484e+03
-7.2211640625e+03
-2.9219487305e+03
1.2874729004e+03
5.4349062500e+03
-7.1057036133e+03
-2.8108156738e+03
1.3951372070e+03
5.5392060547e+03
-6.9734042969e+03
-2.6783305664e+03
1.5269530029e+03
5.6704970703e+03
-6.8113217773e+03
-2.5207729492e+03
1.6799678955e+03
5.8201064453e+03
-6.6189775391e+03
-2.3359802246e+03
1.8564903564e+03
5.9946425781e+03
-6.3770273438e+03
-2.1158508301e+03
2.0481271973e+03
6.1759550781e+03
-6.6381997070e+03
-2.1177121582e+03
2.2678007812e+03
6.5897553711e+03
-6.9098198242e+03
-2.3751259766e+03
2.0422850342e+03
6.3815839844e+03
-7.1243632812e+03
-2.5843002930e+03
1.8433017578e+03
6.1906762695e+03
-7.2997998047e+03
-2.7581213379e+03
1.6731448975e+03
6.0246899414e+03
-7.4496762695e+03
-2.9036464844e+03
1.5320123291e+03
5.8874711914e+03
-7.5703999023e+03
-3.0240615234e+03
1.4134112549e+03
5.7716142578e+03
-7.6752329102e+03
-3.1226723633e+03
1.3188000488e+03
5.6812226562e+03
-7.7545151367e+03
-3.2021240234e+03
1.2420460205e+03
5.6074936523e+03
-7.8218432617e+03
-3.2626406250e+03
1.1841057129e+03
5.5532978516e+03
-7.8665527344e+03
-3.3087595215e+03
1.1417302246e+03
5.5127856445e+03
-7.8996074219e+03
-3.3362783203e+03
1.1133489990e+03
5.4878300781e+03
-7.9142260742e+03
-3.3520280762e+03
1.1010098877e+03
5.4742778320e+03
-7.9142260742e+03
-3.3520280762e+03
1.1010098877e+03
5.4742778320e+03
-7.8996074219e+03
-3.3362783203e+03
1.1133489990e+03
5.4878300781e+03
-7.8665527344e+03
-3.3087595215e+03
1.1417302246e+03
5.5127856445e+03
-7.8218432617e+03
-3.2626406250e+03
1.1841057129e+03
5.5532978516e+03
-7.7545151367e+03
-3.2021240234e+03
1.2420460205e+03
5.6074936523e+03
-7.6752329102e+03
-3.1226723633e+03
1.3188000488e+03
5.6812226562e+03
-7.5703999023e+03
-3.0240615234e+03
1.4134112549e+03
5.7716142578e+03
-7.4496762695e+03
-2.9036464844e+03
1.5320123291e+03
5.8874711914e+03
-7.2997998047e+03
-2.7581213379e+03
1.6731448975e+03
6.0246899414e+03
-7.1243632812e+03
-2.5843002930e+03
1.8433017578e+03
6.1906762695e+03
-6.9098198242e+03
-2.3751259766e+03
2.0422850342e+03
6.3815839844e+03
-6.6381997070e+03
-2.1177121582e+03
2.2678007812e+03
6.5897553711e+03
-6.6837109375e+03
-2.1201413574e+03
2.3081359863e+03
6.6721953125e+03
-6.9615732422e+03
-2.3824404297e+03
2.0776140137e+03
6.4598002930e+03
-7.1797490234e+03
-2.5957150879e+03
1.8744971924e+03
6.2644726562e+03
-7.3620541992e+03
-2.7734301758e+03
1.7020894775e+03
6.0977260742e+03
-7.5112998047e+03
-2.9216179199e+03
1.5568994141e+03
5.9556503906e+03
-7.6399829102e+03
-3.0444667969e+03
1.4381137695e+03
5.8413500977e+03
-7.7410410156e+03
-3.1452131348e+03
1.3403010254e+03
5.7470537109e+03
-7.8287392578e+03
-3.2252377930e+03
1.2637933350e+03
5.6749252930e+03
-7.8906997070e+03
-3.2885981445e+03
1.2043092041e+03
5.6184331055e+03
-7.9424282227e+03
-3.3323332520e+03
1.1611079102e+03
5.5790830078e+03
-7.9716796875e+03
-3.3646833496e+03
1.1343383789e+03
5.5523706055e+03
-7.9884077148e+03
-3.3777514648e+03
1.1189851074e+03
5.5405561523e+03
-7.9884077148e+03
-3.3777514648e+03
1.1189851074e+03
5.5405561523e+03
-7.9716796875e+03
-3.3646833496e+03
1.1343383789e+03
5.5523706055e+03
-7.9424282227e+03
-3.3323332520e+03
1.1611079102e+03
5.5790830078e+03
-7.8906997070e+03
-3.2885981445e+03
1.2043092041e+03
5.6184331055e+03
-7.8287392578e+03
-3.2252377930e+03
1.2637933350e+03
5.6749252930e+03
-7.7410410156e+03
-3.1452131348e+03
1.3403010254e+03
5.7470537109e+03
-7.6399829102e+03
-3.0444667969e+03
1.4381137695e+03
5.8413500977e+03
-7.5112998047e+03
-2.9216179199e+03
1.5568994141e+03
5.9556503906e+03
-7.3620541992e+03
-2.7734301758e+03
1.7020894775e+03
6.0977260742e+03
-7.1797490234e+03
-2.5957150879e+03
1.8744971924e+03
6.2644726562e+03
-6.9615732422e+03
-2.3824404297e+03
2.0776140137e+03
6.4598002930e+03
-6.6837109375e+03
-2.1201413574e+03
2.3081359863e+03
6.6721953125e+03
-6.5138789062e+03
-2.1253937988e+03
2.1635717773e+03
6.4171069336e+03
-6.7717651367e+03
-2.3599228516e+03
1.9600244141e+03
6.2235039062e+03
-6.9795439453e+03
-2.5570871582e+03
1.7729984131e+03
6.0398666992e+03
-7.1502778320e+03
-2.7245686035e+03
1.6099317627e+03
5.8801889648e+03
-7.2965219727e+03
-2.8657092285e+03
1.4727017822e+03
5.7460307617e+03
-7.4144799805e+03
-2.9835004883e+03
1.3575423584e+03
5.6340385742e+03
-7.5176723633e+03
-3.0797329102e+03
1.2647065430e+03
5.5452714844e+03
-7.5941772461e+03
-3.1580043945e+03
1.1899010010e+03
5.4738095703e+03
-7.6618730469e+03
-3.2167822266e+03
1.1328101807e+03
5.4206801758e+03
-7.7037666016e+03
-3.2631770020e+03
1.0917291260e+03
5.3811982422e+03
-7.7376635742e+03
-3.2884492188e+03
1.0630231934e+03
5.3568964844e+03
-7.7515986328e+03
-3.3050134277e+03
1.0517717285e+03
5.3436430664e+03
-7.7515986328e+03
-3.3050134277e+03
1.0517717285e+03
5.3436430664e+03
-7.7376635742e+03
-3.2884492188e+03
1.0630231934e+03
5.3568964844e+03
-7.7037666016e+03
-3.2631770020e+03
1.0917291260e+03
5.3811982422e+03
-7.6618730469e+03
-3.2167822266e+03
1.1328101807e+03
5.4206801758e+03
-7.5941772461e+03
-3.1580043945e+03
1.1899010010e+03
5.4738095703e+03
-7.5176723633e+03
-3.0797329102e+03
1.2647065430e+03
5.5452714844e+03
-7.4144799805e+03
-2.9835004883e+03
1.3575423584e+03
5.6340385742e+03
-7.2965219727e+03
-2.8657092285e+03
1.4727017822e+03
5.7460307617e+03
-7.1502778320e+03
-2.7245686035e+03
1.6099317627e+03
5.8801889648e+03
-6.9795439453e+03
-2.5570871582e+03
1.7729984131e+03
6.0398666992e+03
-6.7717651367e+03
-2.3599228516e+03
1.9600244141e+03
6.2235039062e+03
-6.5138789062e+03
-2.1253937988e+03
2.1635717773e+03
6.4171069336e+03
-6.1452685547e+03
-2.1291762695e+03
1.8536607666e+03
5.8569692383e+03
-6.3613476562e+03
-2.3063439941e+03
1.7041425781e+03
5.7022475586e+03
-6.5418012695e+03
-2.4691616211e+03
1.5506607666e+03
5.5426523438e+03
-6.6943525391e+03
-2.6143361816e+03
1.4095295410e+03
5.4019785156e+03
-6.8209594727e+03
-2.7395253906e+03
1.2866956787e+03
5.2796796875e+03
-6.9315478516e+03
-2.8449824219e+03
1.1835745850e+03
5.1792270508e+03
-7.0174389648e+03
-2.9329677734e+03
1.0980062256e+03
5.0962465820e+03
-7.0949799805e+03
-3.0026328125e+03
1.0300247803e+03
5.0316865234e+03
-7.1460322266e+03
-3.0592561035e+03
9.7734063721e+02
4.9811459961e+03
-7.1939326172e+03
-3.0965048828e+03
9.3813745117e+02
4.9457290039e+03
-7.2169472656e+03
-3.1277312012e+03
9.1509649658e+02
4.9215014648e+03
-7.2322998047e+03
-3.1373894043e+03
8.9970916748e+02
4.9110126953e+03
-7.2322998047e+03
-3.1373894043e+03
8.9970916748e+02
4.9110126953e+03
-7.2169472656e+03
-3.1277312012e+03
9.1509649658e+02
4.9215014648e+03
-7.1939326172e+03
-3.0965048828e+03
9.3813745117e+02
4.9457290039e+03
-7.1460322266e+03
-3.0592561035e+03
9.7734063721e+02
4.9811459961e+03
-7.0949799805e+03
-3.0026328125e+03
1.0300247803e+03
5.0316865234e+03
-7.0174389648e+03
-2.9329677734e+03
1.0980062256e+03
5.0962465820e+03
-6.9315478516e+03
-2.8449824219e+03
1.1835745850e+03
5.1792270508e+03
-6.8209594727e+03
-2.7395253906e+03
1.2866956787e+03
5.2796796875e+03
-6.6943525391e+03
-2.6143361816e+03
1.4095295410e+03
5.4019785156e+03
-6.5418012695e+03
-2.4691616211e+03
1.5506607666e+03
5.5426523438e+03
-6.3613476562e+03
-2.3063439941e+03
1.7041425781e+03
5.7022475586e+03
-6.1452685547e+03
-2.1291762695e+03
1.8536607666e+03
5.8569692383e+03
-5.6075131836e+03
-2.1223886719e+03
1.4186145020e+03
5.0527529297e+03
-5.7646499023e+03
-2.2213154297e+03
1.3434428711e+03
4.9515322266e+03
-5.9098867188e+03
-2.3366972656e+03
1.2361599121e+03
4.8255859375e+03
-6.0314135742e+03
-2.4510639648e+03
1.1246743164e+03
4.7096748047e+03
-6.1399467773e+03
-2.5536062012e+03
1.0236503296e+03
4.6067495117e+03
-6.2272050781e+03
-2.6429487305e+03
9.3544158936e+02
4.5191855469e+03
-6.3069350586e+03
-2.7169172363e+03
8.6227227783e+02
4.4478618164e+03
-6.3628945312e+03
-2.7790114746e+03
8.0261035156e+02
4.3899140625e+03
-6.4185888672e+03
-2.8246450195e+03
7.5597283936e+02
4.3460932617e+03
-6.4465351562e+03
-2.8635275879e+03
7.2295697021e+02
4.3130610352e+03
-6.4766625977e+03
-2.8802548828e+03
6.9818847656e+02
4.2926831055e+03
-6.4858295898e+03
-2.8970795898e+03
6.9165783691e+02
4.2809472656e+03
-6.4858295898e+03
-2.8970795898e+03
6.9165783691e+02
4.2809472656e+03
-6.4766625977e+03
-2.8802548828e+03
6.9818847656e+02
4.2926831055e+03
-6.4465351562e+03
-2.8635275879e+03
7.2295697021e+02
4.3130610352e+03
-6.4185888672e+03
-2.8246450195e+03
7.5597283936e+02
4.3460932617e+03
-6.3628945312e+03
-2.7790114746e+03
8.0261035156e+02
4.3899140625e+03
-6.3069350586e+03
-2.7169172363e+03
8.6227227783e+02
4.4478618164e+03
-6.2272050781e+03
-2.6429487305e+03
9.3544158936e+02
4.5191855469e+03
-6.1399467773e+03
-2.5536062012e+03
1.0236503296e+03
4.6067495117e+03
-6.0314135742e+03
-2.4510639648e+03
1.1246743164e+03
4.7096748047e+03
-5.9098867188e+03
-2.3366972656e+03
1.2361599121e+03
4.8255859375e+03
-5.7646499023e+03
-2.2213154297e+03
1.3434428711e+03
4.9515322266e+03
-5.6075131836e+03
-2.1223886719e+03
1.4186145020e+03
5.0527529297e+03
-4.9377153320e+03
-2.0913203125e+03
9.0762518311e+02
4.0830432129e+03
-5.0284667969e+03
-2.1013906250e+03
9.1635028076e+02
4.0415153809e+03
-5.1311796875e+03
-2.1631689453e+03
8.6139849854e+02
3.9535439453e+03
-5.2230878906e+03
-2.2422114258e+03
7.8415802002e+02
3.8668491211e+03
-5.3031240234e+03
-2.3197238770e+03
7.0704486084e+02
3.7846604004e+03
-5.3767451172e+03
-2.3892341309e+03
6.3730627441e+02
3.7141464844e+03
-5.4323154297e+03
-2.4501545410e+03
5.7717681885e+02
3.6542277832e+03
-5.4880654297e+03
-2.4984003906e+03
5.2780010986e+02
3.6063139648e+03
-5.5184790039e+03
-2.5402329102e+03
4.8934982300e+02
3.5681967773e+03
-5.5579609375e+03
-2.5651362305e+03
4.5931268311e+02
3.5413632812e+03
-5.5679033203e+03
-2.5929355469e+03
4.4313391113e+02
3.5227145996e+03
-5.5821635742e+03
-2.5939194336e+03
4.2678979492e+02
3.5156315918e+03
-5.5821635742e+03
-2.5939194336e+03
4.2678979492e+02
3.5156315918e+03
-5.5679033203e+03
-2.5929355469e+03
4.4313391113e+02
3.5227145996e+03
-5.5579609375e+03
-2.5651362305e+03
4.5931268311e+02
3.5413632812e+03
-5.5184790039e+03
-2.5402329102e+03
4.8934982300e+02
3.5681967773e+03
-5.4880654297e+03
-2.4984003906e+03
5.2780010986e+02
3.6063139648e+03
-5.4323154297e+03
-2.4501545410e+03
5.7717681885e+02
3.6542277832e+03
-5.3767451172e+03
-2.3892341309e+03
6.3730627441e+02
3.7141464844e+03
-5.3031240234e+03
-2.3197238770e+03
7.0704486084e+02
3.7846604004e+03
-5.2230878906e+03
-2.2422114258e+03
7.8415802002e+02
3.8668491211e+03
-5.1311796875e+03
-2.1631689453e+03
8.6139849854e+02
3.9535439453e+03
-5.0284667969e+03
-2.1013906250e+03
9.1635028076e+02
4.0415153809e+03
-4.9377153320e+03
-2.0913203125e+03
9.0762518311e+02
4.0830432129e+03
-4.1723925781e+03
-2.0237352295e+03
3.7181634521e+02
3.0241057129e+03
-4.1958569336e+03
-1.9460258789e+03
4.6365579224e+02
3.0410236816e+03
-4.2592651367e+03
-1.9545675049e+03
4.6040722656e+02
2.9903334961e+03
-4.3174614258e+03
-1.9992586670e+03
4.1678161621e+02
2.9322951660e+03
-4.3780146484e+03
-2.0512575684e+03
3.6432437134e+02
2.8719743652e+03
-4.4265986328e+03
-2.1029660645e+03
3.1228198242e+02
2.8176357422e+03
-4.4766196289e+03
-2.1476994629e+03
2.6615090942e+02
2.7708615723e+03
-4.5073486328e+03
-2.1882766113e+03
2.2712565613e+02
2.7317241211e+03
-4.5478178711e+03
-2.2164943848e+03
1.9507762146e+02
2.7012480469e+03
-4.5569931641e+03
-2.2449013672e+03
1.7316717529e+02
2.6775803223e+03
-4.5860458984e+03
-2.2495861816e+03
1.5441773987e+02
2.6628908691e+03
-4.5845537109e+03
-2.2716569824e+03
1.5713156128e+02
2.6527324219e+03
-4.5845537109e+03
-2.2716569824e+03
1.5713156128e+02
2.6527324219e+03
-4.5860458984e+03
-2.2495861816e+03
1.5441773987e+02
2.6628908691e+03
-4.5569931641e+03
-2.2449013672e+03
1.7316717529e+02
2.6775803223e+03
-4.5478178711e+03
-2.2164943848e+03
1.9507762146e+02
2.7012480469e+03
-4.5073486328e+03
-2.1882766113e+03
2.2712565613e+02
2.7317241211e+03
-4.4766196289e+03
-2.1476994629e+03
2.6615090942e+02
2.7708615723e+03
-4.4265986328e+03
-2.1029660645e+03
3.1228198242e+02
2.8176357422e+03
-4.3780146484e+03
-2.0512575684e+03
3.6432437134e+02
2.8719743652e+03
-4.3174614258e+03
-1.9992586670e+03
4.1678161621e+02
2.9322951660e+03
-4.2592651367e+03
-1.9545675049e+03
4.6040722656e+02
2.9903334961e+03
-4.1958569336e+03
-1.9460258789e+03
4.6365579224e+02
3.0410236816e+03
-4.1723925781e+03
-2.0237352295e+03
3.7181634521e+02
3.0241057129e+03
-3.3416862793e+03
-1.9074127197e+03
-1.4759471130e+02
1.9405921631e+03
-3.3062546387e+03
-1.7527497559e+03
1.6612501144e+01
2.0068903809e+03
-3.3327900391e+03
-1.7150175781e+03
5.8204753876e+01
1.9884896240e+03
-3.3667700195e+03
-1.7293457031e+03
4.4257995605e+01
1.9557087402e+03
-3.4031162109e+03
-1.7601213379e+03
1.2783698082e+01
1.9144682617e+03
-3.4423769531e+03
-1.7945148926e+03
-2.2901948929e+01
1.8753439941e+03
-3.4702050781e+03
-1.8287287598e+03
-5.6953155518e+01
1.8400754395e+03
-3.5059899902e+03
-1.8558546143e+03
-8.6857742310e+01
1.8103715820e+03
-3.5175273438e+03
-1.8835413818e+03
-1.1032592773e+02
1.7859171143e+03
-3.5523171387e+03
-1.8958663330e+03
-1.3093829346e+02
1.7680816650e+03
-3.5427570801e+03
-1.9218868408e+03
-1.3965209961e+02
1.7550716553e+03
-3.5668271484e+03
-1.9043828125e+03
-1.6130117798e+02
1.7522822266e+03
-3.5668271484e+03
-1.9043828125e+03
-1.6130117798e+02
1.7522822266e+03
-3.5427570801e+03
-1.9218868408e+03
-1.3965209961e+02
1.7550716553e+03
-3.5523171387e+03
-1.8958663330e+03
-1.3093829346e+02
1.7680816650e+03
-3.5175273438e+03
-1.8835413818e+03
-1.1032592773e+02
1.7859171143e+03
-3.5059899902e+03
-1.8558546143e+03
-8.6857742310e+01
1.8103715820e+03
-3.4702050781e+03
-1.8287287598e+03
-5.6953155518e+01
1.8400754395e+03
-3.4423769531e+03
-1.7945148926e+03
-2.2901948929e+01
1.8753439941e+03
-3.4031162109e+03
-1.7601213379e+03
1.2783698082e+01
1.9144682617e+03
-3.3667700195e+03
-1.7293457031e+03
4.4257995605e+01
1.9557087402e+03
-3.3327900391e+03
-1.7150175781e+03
5.8204753876e+01
1.9884896240e+03
-3.3062546387e+03
-1.7527497559e+03
1.6612501144e+01
2.0068903809e+03
-3.3416862793e+03
-1.9074127197e+03
-1.4759471130e+02
1.9405921631e+03
-2.4657890625e+03
-1.7343072510e+03
-6.1957403564e+02
8.7596331787e+02
-2.3834082031e+03
-1.5215650635e+03
-4.0126434326e+02
9.7786004639e+02
-2.3841142578e+03
-1.4486776123e+03
-3.2605096436e+02
9.8268621826e+02
-2.3954318848e+03
-1.4406156006e+03
-3.1821813965e+02
9.6884582520e+02
-2.4210449219e+03
-1.4546638184e+03
-3.3331982422e+02
9.4176391602e+02
-2.4418225098e+03
-1.4780206299e+03
-3.5750112915e+02
9.1396997070e+02
-2.4705356445e+03
-1.5007058105e+03
-3.8249246216e+02
8.8727703857e+02
-2.4829250488e+03
-1.5252052002e+03
-4.0490225220e+02
8.6434002686e+02
-2.5135395508e+03
-1.5389879150e+03
-4.2508825684e+02
8.4624993896e+02
-2.5056569824e+03
-1.5617519531e+03
-4.3642700195e+02
8.3316845703e+02
-2.5481997070e+03
-1.5547442627e+03
-4.5135372925e+02
8.2600335693e+02
-2.5161691895e+03
-1.5985233154e+03
-4.3470425415e+02
8.1785968018e+02
-2.5161691895e+03
-1.5985233154e+03
-4.3470425415e+02
8.1785968018e+02
-2.5481997070e+03
-1.5547442627e+03
-4.5135372925e+02
8.2600335693e+02
-2.5056569824e+03
-1.5617519531e+03
-4.3642700195e+02
8.3316845703e+02
-2.5135395508e+03
-1.5389879150e+03
-4.2508825684e+02
8.4624993896e+02
-2.4829250488e+03
-1.5252052002e+03
-4.0490225220e+02
8.6434002686e+02
-2.4705356445e+03
-1.5007058105e+03
-3.8249246216e+02
8.8727703857e+02
-2.4418225098e+03
-1.4780206299e+03
-3.5750112915e+02
9.1396997070e+02
-2.4210449219e+03
-1.4546638184e+03
-3.3331982422e+02
9.4176391602e+02
-2.3954318848e+03
-1.4406156006e+03
-3.1821813965e+02
9.6884582520e+02
-2.3841142578e+03
-1.4486776123e+03
-3.2605096436e+02
9.8268621826e+02
-2.3834082031e+03
-1.5215650635e+03
-4.0126434326e+02
9.7786004639e+02
-2.4657890625e+03
-1.7343072510e+03
-6.1957403564e+02
8.7596331787e+02
-1.5548269043e+03
-1.4976883545e+03
-1.0269217529e+03
-1.4411367798e+02
-1.4434156494e+03
-1.2505415039e+03
-7.7779302979e+02
-2.4554965973e+01
-1.4259238281e+03
-1.1569908447e+03
-6.8361877441e+02
-6.8856129646e+00
-1.4279133301e+03
-1.1352346191e+03
-6.6279858398e+02
-1.0252861023e+01
-1.4400775146e+03
-1.1402742920e+03
-6.6884558105e+02
-2.9172883987e+01
-1.4605461426e+03
-1.1548620605e+03
-6.8613214111e+02
-5.1084068298e+01
-1.4715234375e+03
-1.1750330811e+03
-7.0593188477e+02
-7.4060150146e+01
-1.4964392090e+03
-1.1894077148e+03
-7.2713928223e+02
-9.5029647827e+01
-1.4920848389e+03
-1.2121672363e+03
-7.4304547119e+02
-1.1341239166e+02
-1.5282525635e+03
-1.2108300781e+03
-7.6284240723e+02
-1.2937843323e+02
-1.4839549561e+03
-1.2415941162e+03
-7.6395324707e+02
-1.4133734131e+02
-1.5627274170e+03
-1.1853194580e+03
-7.9734240723e+02
-1.4218504333e+02
-1.5627274170e+03
-1.1853194580e+03
-7.9734240723e+02
-1.4218504333e+02
-1.4839549561e+03
-1.2415941162e+03
-7.6395324707e+02
-1.4133734131e+02
-1.5282525635e+03
-1.2108300781e+03
-7.6284240723e+02
-1.2937843323e+02
-1.4920848389e+03
-1.2121672363e+03
-7.4304547119e+02
-1.1341239166e+02
-1.4964392090e+03
-1.1894077148e+03
-7.2713928223e+02
-9.5029647827e+01
-1.4715234375e+03
-1.1750330811e+03
-7.0593188477e+02
-7.4060150146e+01
-1.4605461426e+03
-1.1548620605e+03
-6.8613214111e+02
-5.1084068298e+01
-1.4400775146e+03
-1.1402742920e+03
-6.6884558105e+02
-2.9172883987e+01
-1.4279133301e+03
-1.1352346191e+03
-6.6279858398e+02
-1.0252861023e+01
-1.4259238281e+03
-1.1569908447e+03
-6.8361877441e+02
-6.8856129646e+00
-1.4434156494e+03
-1.2505415039e+03
-7.7779302979e+02
-2.4554965973e+01
-1.5548269043e+03
-1.4976883545e+03
-1.0269217529e+03
-1.4411367798e+02
-6.1189703369e+02
-1.1952836914e+03
-1.3612193604e+03
-1.1107348633e+03
-4.8897210693e+02
-9.4039398193e+02
-1.1071064453e+03
-9.9253070068e+02
-4.6830728149e+02
-8.4116094971e+02
-1.0099249268e+03
-9.7308044434e+02
-4.6397399902e+02
-8.1734423828e+02
-9.8542297363e+02
-9.7502270508e+02
-4.7980215454e+02
-8.1786175537e+02
-9.9008740234e+02
-9.9039978027e+02
-4.8902615356e+02
-8.3368823242e+02
-1.0035338135e+03
-1.0127836304e+03
-5.1275097656e+02
-8.4565423584e+02
-1.0244417725e+03
-1.0332395020e+03
-5.1045294189e+02
-8.6909698486e+02
-1.0404088135e+03
-1.0568599854e+03
-5.4389807129e+02
-8.7017395020e+02
-1.0638754883e+03
-1.0799069824e+03
-5.0719332886e+02
-9.0407501221e+02
-1.0709141846e+03
-1.0982330322e+03
-5.7472540283e+02
-8.7158032227e+02
-1.1012124023e+03
-1.1156708984e+03
-4.1451431274e+02
-9.5956982422e+02
-1.0739249268e+03
-1.1298060303e+03
-4.1451431274e+02
-9.5956982422e+02
-1.0739249268e+03
-1.1298060303e+03
-5.7472540283e+02
-8.7158032227e+02
-1.1012124023e+03
-1.1156708984e+03
-5.0719332886e+02
-9.0407501221e+02
-1.0709141846e+03
-1.0982330322e+03
-5.4389807129e+02
-8.7017395020e+02
-1.0638754883e+03
-1.0799069824e+03
-5.1045294189e+02
-8.6909698486e+02
-1.0404088135e+03
-1.0568599854e+03
-5.1275097656e+02
-8.4565423584e+02
-1.0244417725e+03
-1.0332395020e+03
-4.8902615356e+02
-8.3368823242e+02
-1.0035338135e+03
-1.0127836304e+03
-4.7980215454e+02
-8.1786175537e+02
-9.9008740234e+02
-9.9039978027e+02
-4.6397399902e+02
-8.1734423828e+02
-9.8542297363e+02
-9.7502270508e+02
-4.6830728149e+02
-8.4116094971e+02
-1.0099249268e+03
-9.7308044434e+02
-4.8897210693e+02
-9.4039398193e+02
-1.1071064453e+03
-9.9253070068e+02
-6.1189703369e+02
-1.1952836914e+03
-1.3612193604e+03
-1.1107348633e+03
3.6327075195e+02
-8.2736779785e+02
-1.6234171143e+03
-2.0241433105e+03
4.7708413696e+02
-5.9068267822e+02
-1.3909792480e+03
-1.9260421143e+03
4.9228451538e+02
-5.0269641113e+02
-1.3060886230e+03
-1.9161096191e+03
4.8705276489e+02
-4.8560363770e+02
-1.2884854736e+03
-1.9235246582e+03
4.7028244019e+02
-4.9199957275e+02
-1.2974986572e+03
-1.9420786133e+03
4.4873547363e+02
-5.0971960449e+02
-1.3136547852e+03
-1.9658845215e+03
4.3318563843e+02
-5.2719604492e+02
-1.3353721924e+03
-1.9874827881e+03
4.1267687988e+02
-5.4537817383e+02
-1.3528652344e+03
-2.0102509766e+03
4.0811059570e+02
-5.5897790527e+02
-1.3704719238e+03
-2.0327864990e+03
3.8781903076e+02
-5.6891943359e+02
-1.3838365479e+03
-2.0434074707e+03
3.9422259521e+02
-5.7830798340e+02
-1.3715021973e+03
-2.0665832520e+03
3.9033883667e+02
-4.9626394653e+02
-1.4035412598e+03
-2.0598808594e+03
3.9033883667e+02
-4.9626394653e+02
-1.4035412598e+03
-2.0598808594e+03
3.9422259521e+02
-5.7830798340e+02
-1.3715021973e+03
-2.0665832520e+03
3.8781903076e+02
-5.6891943359e+02
-1.3838365479e+03
-2.0434074707e+03
4.0811059570e+02
-5.5897790527e+02
-1.3704719238e+03
-2.0327864990e+03
4.1267687988e+02
-5.4537817383e+02
-1.3528652344e+03
-2.0102509766e+03
4.3318563843e+02
-5.2719604492e+02
-1.3353721924e+03
-1.9874827881e+03
4.4873547363e+02
-5.0971960449e+02
-1.3136547852e+03
-1.9658845215e+03
4.7028244019e+02
-4.9199957275e+02
-1.2974986572e+03
-1.9420786133e+03
4.8705276489e+02
-4.8560363770e+02
-1.2884854736e+03
-1.9235246582e+03
4.9228451538e+02
-5.0269641113e+02
-1.3060886230e+03
-1.9161096191e+03
4.7708413696e+02
-5.9068267822e+02
-1.3909792480e+03
-1.9260421143e+03
3.6327075195e+02
-8.2736779785e+02
-1.6234171143e+03
-2.0241433105e+03
1.3683759766e+03
-4.0007766724e+02
-1.8182319336e+03
-2.8891472168e+03
1.4561699219e+03
-2.0599006653e+02
-1.6322519531e+03
-2.8276806641e+03
1.4520947266e+03
-1.4414007568e+02
-1.5737333984e+03
-2.8382016602e+03
1.4336951904e+03
-1.4377339172e+02
-1.5734667969e+03
-2.8579829102e+03
1.4007011719e+03
-1.6296000671e+02
-1.5924832764e+03
-2.8863129883e+03
1.3741618652e+03
-1.9000425720e+02
-1.6180362549e+03
-2.9143352051e+03
1.3403270264e+03
-2.1459005737e+02
-1.6438519287e+03
-2.9404748535e+03
1.3250524902e+03
-2.4049244690e+02
-1.6659084473e+03
-2.9638117676e+03
1.2903415527e+03
-2.5488807678e+02
-1.6864262695e+03
-2.9807119141e+03
1.2945187988e+03
-2.7824191284e+02
-1.6953660889e+03
-2.9973208008e+03
1.2470294189e+03
-2.7222888184e+02
-1.7131033936e+03
-2.9996103516e+03
1.2291262207e+03
-3.2097909546e+02
-1.6908575439e+03
-3.0133020020e+03
1.2291262207e+03
-3.2097909546e+02
-1.6908575439e+03
-3.0133020020e+03
1.2470294189e+03
-2.7222888184e+02
-1.7131033936e+03
-2.9996103516e+03
1.2945187988e+03
-2.7824191284e+02
-1.6953660889e+03
-2.9973208008e+03
1.2903415527e+03
-2.5488807678e+02
-1.6864262695e+03
-2.9807119141e+03
1.3250524902e+03
-2.4049244690e+02
-1.6659084473e+03
-2.9638117676e+03
1.3403270264e+03
-2.1459005737e+02
-1.6438519287e+03
-2.9404748535e+03
1.3741618652e+03
-1.9000425720e+02
-1.6180362549e+03
-2.9143352051e+03
1.4007011719e+03
-1.6296000671e+02
-1.5924832764e+03
-2.8863129883e+03
1.4336951904e+03
-1.4377339172e+02
-1.5734667969e+03
-2.8579829102e+03
1.4520947266e+03
-1.4414007568e+02
-1.5737333984e+03
-2.8382016602e+03
1.4561699219e+03
-2.0599006653e+02
-1.6322519531e+03
-2.8276806641e+03
1.3683759766e+03
-4.0007766724e+02
-1.8182319336e+03
-2.8891472168e+03
2.3915898438e+03
7.5355453491e+01
-1.9544556885e+03
-3.7054169922e+03
2.4373090820e+03
2.0707191467e+02
-1.8350167236e+03
-3.6948969727e+03
2.4077473145e+03
2.3032862854e+02
-1.8156883545e+03
-3.7341970215e+03
2.3645324707e+03
2.0628015137e+02
-1.8402393799e+03
-3.7745161133e+03
2.3193225098e+03
1.6797476196e+02
-1.8766236572e+03
-3.8178701172e+03
2.2711840820e+03
1.2877873230e+02
-1.9154921875e+03
-3.8563769531e+03
2.2378937988e+03
8.9988113403e+01
-1.9503518066e+03
-3.8913625488e+03
2.1948681641e+03
6.1185127258e+01
-1.9821556396e+03
-3.9195290527e+03
2.1823740234e+03
2.9091917038e+01
-2.0049082031e+03
-3.9436682129e+03
2.1383613281e+03
1.8496711731e+01
-2.0290096436e+03
-3.9592512207e+03
2.1557382812e+03
-1.4239552498e+01
-2.0368646240e+03
-3.9744382324e+03
2.1590473633e+03
-2.2676990032e+00
-2.0625666504e+03
-3.9729482422e+03
2.1590473633e+03
-2.2676990032e+00
-2.0625666504e+03
-3.9729482422e+03
2.1557382812e+03
-1.4239552498e+01
-2.0368646240e+03
-3.9744382324e+03
2.1383613281e+03
1.8496711731e+01
-2.0290096436e+03
-3.9592512207e+03
2.1823740234e+03
2.9091917038e+01
-2.0049082031e+03
-3.9436682129e+03
2.1948681641e+03
6.1185127258e+01
-1.9821556396e+03
-3.9195290527e+03
2.2378937988e+03
8.9988113403e+01
-1.9503518066e+03
-3.8913625488e+03
2.2711840820e+03
1.2877873230e+02
-1.9154921875e+03
-3.8563769531e+03
2.3193225098e+03
1.6797476196e+02
-1.8766236572e+03
-3.8178701172e+03
2.3645324707e+03
2.0628015137e+02
-1.8402393799e+03
-3.7745161133e+03
2.4077473145e+03
2.3032862854e+02
-1.8156883545e+03
-3.7341970215e+03
2.4373090820e+03
2.0707191467e+02
-1.8350167236e+03
-3.6948969727e+03
2.3915898438e+03
7.5355453491e+01
-1.9544556885e+03
-3.7054169922e+03
3.4047578125e+03
5.7642370605e+02
-2.0400501709e+03
-4.4638061523e+03
3.3990434570e+03
6.3199127197e+02
-2.0006778564e+03
-4.5132739258e+03
3.3348986816e+03
6.0911297607e+02
-2.0290164795e+03
-4.5878559570e+03
3.2690053711e+03
5.5439599609e+02
-2.0839111328e+03
-4.6549985352e+03
3.1995832520e+03
4.9540277100e+02
-2.1422919922e+03
-4.7175292969e+03
3.1442604980e+03
4.3836544800e+02
-2.1969189453e+03
-4.7723583984e+03
3.0878208008e+03
3.9069485474e+02
-2.2452954102e+03
-4.8186645508e+03
3.0552275391e+03
3.4675341797e+02
-2.2844675293e+03
-4.8579389648e+03
3.0090268555e+03
3.1933935547e+02
-2.3184418945e+03
-4.8881591797e+03
3.0061811523e+03
2.8638946533e+02
-2.3384960938e+03
-4.9124741211e+03
2.9680146484e+03
2.8707620239e+02
-2.3588142090e+03
-4.9258012695e+03
2.9536101074e+03
2.7313671875e+02
-2.3554226074e+03
-4.9388491211e+03
2.9536101074e+03
2.7313671875e+02
-2.3554226074e+03
-4.9388491211e+03
2.9680146484e+03
2.8707620239e+02
-2.3588142090e+03
-4.9258012695e+03
3.0061811523e+03
2.8638946533e+02
-2.3384960938e+03
-4.9124741211e+03
3.0090268555e+03
3.1933935547e+02
-2.3184418945e+03
-4.8881591797e+03
3.0552275391e+03
3.4675341797e+02
-2.2844675293e+03
-4.8579389648e+03
3.0878208008e+03
3.9069485474e+02
-2.2452954102e+03
-4.8186645508e+03
3.1442604980e+03
4.3836544800e+02
-2.1969189453e+03
-4.7723583984e+03
3.1995832520e+03
4.9540277100e+02
-2.1422919922e+03
-4.7175292969e+03
3.2690053711e+03
5.5439599609e+02
-2.0839111328e+03
-4.6549985352e+03
3.3348986816e+03
6.0911297607e+02
-2.0290164795e+03
-4.5878559570e+03
3.3990434570e+03
6.3199127197e+02
-2.0006778564e+03
-4.5132739258e+03
3.4047578125e+03
5.7642370605e+02
-2.0400501709e+03
-4.4638061523e+03
4.3589433594e+03
1.0708514404e+03
-2.0860947266e+03
-5.1420512695e+03
4.2962246094e+03
1.0459472656e+03
-2.1317446289e+03
-5.2547670898e+03
4.1982563477e+03
9.7320770264e+02
-2.2108530273e+03
-5.3673159180e+03
4.1025126953e+03
8.8701660156e+02
-2.2984094238e+03
-5.4634536133e+03
4.0181040039e+03
8.0473089600e+02
-2.3802216797e+03
-5.5485620117e+03
3.9403166504e+03
7.3239410400e+02
-2.4525432129e+03
-5.6202700195e+03
3.8838435059e+03
6.6960699463e+02
-2.5135212402e+03
-5.6814111328e+03
3.8260498047e+03
6.2158416748e+02
-2.5644265137e+03
-5.7304428711e+03
3.7991750488e+03
5.7802947998e+02
-2.6023273926e+03
-5.7699638672e+03
3.7538713379e+03
5.5655175781e+02
-2.6341948242e+03
-5.7978754883e+03
3.7503471680e+03
5.2511462402e+02
-2.6491101074e+03
-5.8182807617e+03
3.7450808105e+03
5.1579296875e+02
-2.6639816895e+03
-5.8241962891e+03
3.7450808105e+03
5.1579296875e+02
-2.6639816895e+03
-5.8241962891e+03
3.7503471680e+03
5.2511462402e+02
-2.6491101074e+03
-5.8182807617e+03
3.7538713379e+03
5.5655175781e+02
-2.6341948242e+03
-5.7978754883e+03
3.7991750488e+03
5.7802947998e+02
-2.6023273926e+03
-5.7699638672e+03
3.8260498047e+03
6.2158416748e+02
-2.5644265137e+03
-5.7304428711e+03
3.8838435059e+03
6.6960699463e+02
-2.5135212402e+03
-5.6814111328e+03
3.9403166504e+03
7.3239410400e+02
-2.4525432129e+03
-5.6202700195e+03
4.0181040039e+03
8.0473089600e+02
-2.3802216797e+03
-5.5485620117e+03
4.1025126953e+03
8.8701660156e+02
-2.2984094238e+03
-5.4634536133e+03
4.1982563477e+03
9.7320770264e+02
-2.2108530273e+03
-5.3673159180e+03
4.2962246094e+03
1.0459472656e+03
-2.1317446289e+03
-5.2547670898e+03
4.3589433594e+03
1.0708514404e+03
-2.0860947266e+03
-5.1420512695e+03
5.1889506836e+03
1.5146295166e+03
-2.1030080566e+03
-5.7101044922e+03
5.0729453125e+03
1.4136597900e+03
-2.2283647461e+03
-5.8814248047e+03
4.9401157227e+03
1.2945522461e+03
-2.3550554199e+03
-6.0299096680e+03
4.8221206055e+03
1.1782297363e+03
-2.4735185547e+03
-6.1542456055e+03
4.7146538086e+03
1.0751234131e+03
-2.5772839355e+03
-6.2600722656e+03
4.6299575195e+03
9.8642614746e+02
-2.6660632324e+03
-6.3495932617e+03
4.5526860352e+03
9.1393286133e+02
-2.7399780273e+03
-6.4233071289e+03
4.5019794922e+03
8.5313018799e+02
-2.7993581543e+03
-6.4839370117e+03
4.4476293945e+03
8.1048925781e+02
-2.8471687012e+03
-6.5305332031e+03
4.4280366211e+03
7.7090490723e+02
-2.8794628906e+03
-6.5659858398e+03
4.3971313477e+03
7.5731109619e+02
-2.9057004395e+03
-6.5877465820e+03
4.3845805664e+03
7.4860479736e+02
-2.9151975098e+03
-6.6010927734e+03
4.3845805664e+03
7.4860479736e+02
-2.9151975098e+03
-6.6010927734e+03
4.3971313477e+03
7.5731109619e+02
-2.9057004395e+03
-6.5877465820e+03
4.4280366211e+03
7.7090490723e+02
-2.8794628906e+03
-6.5659858398e+03
4.4476293945e+03
8.1048925781e+02
-2.8471687012e+03
-6.5305332031e+03
4.5019794922e+03
8.5313018799e+02
-2.7993581543e+03
-6.4839370117e+03
4.5526860352e+03
9.1393286133e+02
-2.7399780273e+03
-6.4233071289e+03
4.6299575195e+03
9.8642614746e+02
-2.6660632324e+03
-6.3495932617e+03
4.7146538086e+03
1.0751234131e+03
-2.5772839355e+03
-6.2600722656e+03
4.8221206055e+03
1.1782297363e+03
-2.4735185547e+03
-6.1542456055e+03
4.9401157227e+03
1.2945522461e+03
-2.3550554199e+03
-6.0299096680e+03
5.0729453125e+03
1.4136597900e+03
-2.2283647461e+03
-5.8814248047e+03
5.1889506836e+03
1.5146295166e+03
-2.1030080566e+03
-5.7101044922e+03
5.8221064453e+03
1.8622335205e+03
-2.1039343262e+03
-6.1329213867e+03
5.6620722656e+03
1.7003781738e+03
-2.2936596680e+03
-6.3512817383e+03
5.5038867188e+03
1.5435509033e+03
-2.4588142090e+03
-6.5283994141e+03
5.3628037109e+03
1.4033496094e+03
-2.6017031250e+03
-6.6748061523e+03
5.2454858398e+03
1.2834366455e+03
-2.7234555664e+03
-6.7985424805e+03
5.1429399414e+03
1.1828204346e+03
-2.8251850586e+03
-6.9009213867e+03
5.0669375000e+03
1.0999250488e+03
-2.9090681152e+03
-6.9866899414e+03
4.9970947266e+03
1.0352409668e+03
-2.9768156738e+03
-7.0549892578e+03
4.9563691406e+03
9.8199633789e+02
-3.0283728027e+03
-7.1093510742e+03
4.9119404297e+03
9.4952178955e+02
-3.0682863770e+03
-7.1483125000e+03
4.8955078125e+03
9.2012652588e+02
-3.0905449219e+03
-7.1753261719e+03
4.8854062500e+03
9.0553338623e+02
-3.1027189941e+03
-7.1873535156e+03
4.8854062500e+03
9.0553338623e+02
-3.1027189941e+03
-7.1873535156e+03
4.8955078125e+03
9.2012652588e+02
-3.0905449219e+03
-7.1753261719e+03
4.9119404297e+03
9.4952178955e+02
-3.0682863770e+03
-7.1483125000e+03
4.9563691406e+03
9.8199633789e+02
-3.0283728027e+03
-7.1093510742e+03
4.9970947266e+03
1.0352409668e+03
-2.9768156738e+03
-7.0549892578e+03
5.0669375000e+03
1.0999250488e+03
-2.9090681152e+03
-6.9866899414e+03
5.1429399414e+03
1.1828204346e+03
-2.8251850586e+03
-6.9009213867e+03
5.2454858398e+03
1.2834366455e+03
-2.7234555664e+03
-6.7985424805e+03
5.3628037109e+03
1.4033496094e+03
-2.6017031250e+03
-6.6748061523e+03
5.5038867188e+03
1.5435509033e+03
-2.4588142090e+03
-6.5283994141e+03
5.6620722656e+03
1.7003781738e+03
-2.2936596680e+03
-6.3512817383e+03
5.8221064453e+03
1.8622335205e+03
-2.1039343262e+03
-6.1329213867e+03
6.1944399414e+03
2.0715122070e+03
-2.0979775391e+03
-6.3803315430e+03
6.0077475586e+03
1.8707656250e+03
-2.3278771973e+03
-6.6269926758e+03
5.8316718750e+03
1.6908548584e+03
-2.5163310547e+03
-6.8210249023e+03
5.6816796875e+03
1.5363621826e+03
-2.6743728027e+03
-6.9814223633e+03
5.5507373047e+03
1.4059782715e+03
-2.8062143555e+03
-7.1142158203e+03
5.4483876953e+03
1.2982575684e+03
-2.9160270996e+03
-7.2261015625e+03
5.3586650391e+03
1.2105208740e+03
-3.0056887207e+03
-7.3170629883e+03
5.2966166992e+03
1.1398703613e+03
-3.0774787598e+03
-7.3917451172e+03
5.2388095703e+03
1.0878856201e+03
-3.1337456055e+03
-7.4488447266e+03
5.2082998047e+03
1.0456854248e+03
-3.1732370605e+03
-7.4919067383e+03
5.1800483398e+03
1.0233563843e+03
-3.2018750000e+03
-7.5190048828e+03
5.1677343750e+03
1.0132962646e+03
-3.2160974121e+03
-7.5330722656e+03
5.1677343750e+03
1.0132962646e+03
-3.2160974121e+03
-7.5330722656e+03
5.1800483398e+03
1.0233563843e+03
-3.2018750000e+03
-7.5190048828e+03
5.2082998047e+03
1.0456854248e+03
-3.1732370605e+03
-7.4919067383e+03
5.2388095703e+03
1.0878856201e+03
-3.1337456055e+03
-7.4488447266e+03
5.2966166992e+03
1.1398703613e+03
-3.0774787598e+03
-7.3917451172e+03
5.3586650391e+03
1.2105208740e+03
-3.0056887207e+03
-7.3170629883e+03
5.4483876953e+03
1.2982575684e+03
-2.9160270996e+03
-7.2261015625e+03
5.5507373047e+03
1.4059782715e+03
-2.8062143555e+03
-7.1142158203e+03
5.6816796875e+03
1.5363621826e+03
-2.6743728027e+03
-6.9814223633e+03
5.8316718750e+03
1.6908548584e+03
-2.5163310547e+03
-6.8210249023e+03
6.0077475586e+03
1.8707656250e+03
-2.3278771973e+03
-6.6269926758e+03
6.1944399414e+03
2.0715122070e+03
-2.0979775391e+03
-6.3803315430e+03
6.2626479492e+03
2.1162031250e+03
-2.0917387695e+03
-6.4300122070e+03
6.0686347656e+03
1.9051586914e+03
-2.3328171387e+03
-6.6827529297e+03
5.8911499023e+03
1.7196851807e+03
-2.5270288086e+03
-6.8796293945e+03
5.7351728516e+03
1.5617208252e+03
-2.6874038086e+03
-7.0408393555e+03
5.6080517578e+03
1.4304748535e+03
-2.8214870605e+03
-7.1764848633e+03
5.4975585938e+03
1.3208140869e+03
-2.9319475098e+03
-7.2875649414e+03
5.4152958984e+03
1.2323498535e+03
-3.0226801758e+03
-7.3810488281e+03
5.3424902344e+03
1.1621457520e+03
-3.0952912598e+03
-7.4548745117e+03
5.2956484375e+03
1.1067546387e+03
-3.1510566406e+03
-7.5138447266e+03
5.2534404297e+03
1.0694086914e+03
-3.1930358887e+03
-7.5560468750e+03
5.2320122070e+03
1.0420881348e+03
-3.2186354980e+03
-7.5848579102e+03
5.2202216797e+03
1.0274438477e+03
-3.2307026367e+03
-7.5988950195e+03
5.2202216797e+03
1.0274438477e+03
-3.2307026367e+03
-7.5988950195e+03
5.2320122070e+03
1.0420881348e+03
-3.2186354980e+03
-7.5848579102e+03
5.2534404297e+03
1.0694086914e+03
-3.1930358887e+03
-7.5560468750e+03
5.2956484375e+03
1.1067546387e+03
-3.1510566406e+03
-7.5138447266e+03
5.3424902344e+03
1.1621457520e+03
-3.0952912598e+03
-7.4548745117e+03
5.4152958984e+03
1.2323498535e+03
-3.0226801758e+03
-7.3810488281e+03
5.4975585938e+03
1.3208140869e+03
-2.9319475098e+03
-7.2875649414e+03
5.6080517578e+03
1.4304748535e+03
-2.8214870605e+03
-7.1764848633e+03
5.7351728516e+03
1.5617208252e+03
-2.6874038086e+03
-7.0408393555e+03
5.8911499023e+03
1.7196851807e+03
-2.5270288086e+03
-6.8796293945e+03
6.0686347656e+03
1.9051586914e+03
-2.3328171387e+03
-6.6827529297e+03
6.2626479492e+03
2.1162031250e+03
-2.0917387695e+03
-6.4300122070e+03
6.0154072266e+03
1.9902834473e+03
-2.0852614746e+03
-6.2742919922e+03
5.8364453125e+03
1.7962733154e+03
-2.3068005371e+03
-6.5100585938e+03
5.6669350586e+03
1.6230070801e+03
-2.4873071289e+03
-6.6940463867e+03
5.5231723633e+03
1.4750939941e+03
-2.6385834961e+03
-6.8470751953e+03
5.3957592773e+03
1.3489848633e+03
-2.7645712891e+03
-6.9725229492e+03
5.2970341797e+03
1.2458900146e+03
-2.8698945312e+03
-7.0797504883e+03
5.2097758789e+03
1.1604208984e+03
-2.9558232422e+03
-7.1659516602e+03
5.1482109375e+03
1.0927778320e+03
-3.0250104980e+03
-7.2376733398e+03
5.0937138672e+03
1.0412694092e+03
-3.0789304199e+03
-7.2921010742e+03
5.0608251953e+03
1.0021207275e+03
-3.1175456543e+03
-7.3334291992e+03
5.0351875000e+03
9.7813122559e+02
-3.1439833984e+03
-7.3596767578e+03
5.0236552734e+03
9.6741888428e+02
-3.1577858887e+03
-7.3727939453e+03
5.0236552734e+03
9.6741888428e+02
-3.1577858887e+03
-7.3727939453e+03
5.0351875000e+03
9.7813122559e+02
-3.1439833984e+03
-7.3596767578e+03
5.0608251953e+03
1.0021207275e+03
-3.1175456543e+03
-7.3334291992e+03
5.0937138672e+03
1.0412694092e+03
-3.0789304199e+03
-7.2921010742e+03
5.1482109375e+03
1.0927778320e+03
-3.0250104980e+03
-7.2376733398e+03
5.2097758789e+03
1.1604208984e+03
-2.9558232422e+03
-7.1659516602e+03
5.2970341797e+03
1.2458900146e+03
-2.8698945312e+03
-7.0797504883e+03
5.3957592773e+03
1.3489848633e+03
-2.7645712891e+03
-6.9725229492e+03
5.5231723633e+03
1.4750939941e+03
-2.6385834961e+03
-6.8470751953e+03
5.6669350586e+03
1.6230070801e+03
-2.4873071289e+03
-6.6940463867e+03
5.8364453125e+03
1.7962733154e+03
-2.3068005371e+03
-6.5100585938e+03
6.0154072266e+03
1.9902834473e+03
-2.0852614746e+03
-6.2742919922e+03
5.4750639648e+03
1.7076773682e+03
-2.0704133301e+03
-5.9203432617e+03
5.3274213867e+03
1.5572762451e+03
-2.2466589355e+03
-6.1186005859e+03
5.1829448242e+03
1.4131684570e+03
-2.3984143066e+03
-6.2788671875e+03
5.0503706055e+03
1.2828786621e+03
-2.5285344238e+03
-6.4095122070e+03
4.9428007812e+03
1.1735111084e+03
-2.6401611328e+03
-6.5227890625e+03
4.8453247070e+03
1.0787086182e+03
-2.7331867676e+03
-6.6142275391e+03
4.7733662109e+03
1.0028435669e+03
-2.8106665039e+03
-6.6933417969e+03
4.7087709961e+03
9.4071575928e+02
-2.8729506836e+03
-6.7550395508e+03
4.6655937500e+03
8.9270745850e+02
-2.9213603516e+03
-6.8052626953e+03
4.6289633789e+03
8.5833898926e+02
-2.9574736328e+03
-6.8409638672e+03
4.6083979492e+03
8.3527172852e+02
-2.9805646973e+03
-6.8653696289e+03
4.5972934570e+03
8.2290136719e+02
-2.9913405762e+03
-6.8773974609e+03
4.5972934570e+03
8.2290136719e+02
-2.9913405762e+03
-6.8773974609e+03
4.6083979492e+03
8.3527172852e+02
-2.9805646973e+03
-6.8653696289e+03
4.6289633789e+03
8.5833898926e+02
-2.9574736328e+03
-6.8409638672e+03
4.6655937500e+03
8.9270745850e+02
-2.9213603516e+03
-6.8052626953e+03
4.7087709961e+03
9.4071575928e+02
-2.8729506836e+03
-6.7550395508e+03
4.7733662109e+03
1.0028435669e+03
-2.8106665039e+03
-6.6933417969e+03
4.8453247070e+03
1.0787086182e+03
-2.7331867676e+03
-6.6142275391e+03
4.9428007812e+03
1.1735111084e+03
-2.6401611328e+03
-6.5227890625e+03
5.0503706055e+03
1.2828786621e+03
-2.5285344238e+03
-6.4095122070e+03
5.1829448242e+03
1.4131684570e+03
-2.3984143066e+03
-6.2788671875e+03
5.3274213867e+03
1.5572762451e+03
-2.2466589355e+03
-6.1186005859e+03
5.4750639648e+03
1.7076773682e+03
-2.0704133301e+03
-5.9203432617e+03
4.6894150391e+03
1.3067243652e+03
-2.0399965820e+03
-5.3859111328e+03
4.5888422852e+03
1.2157144775e+03
-2.1511926270e+03
-5.5335029297e+03
4.4704902344e+03
1.1095988770e+03
-2.2611667480e+03
-5.6582221680e+03
4.3685454102e+03
1.0090485229e+03
-2.3645139160e+03
-5.7664404297e+03
4.2692392578e+03
9.1550305176e+02
-2.4545590820e+03
-5.8546894531e+03
4.1943847656e+03
8.3873706055e+02
-2.5328647461e+03
-5.9341352539e+03
4.1237495117e+03
7.7153540039e+02
-2.5977846680e+03
-5.9967856445e+03
4.0742531738e+03
7.1886572266e+02
-2.6511376953e+03
-6.0509497070e+03
4.0298200684e+03
6.7696606445e+02
-2.6929785156e+03
-6.0915102539e+03
4.0018176270e+03
6.4615802002e+02
-2.7235700684e+03
-6.1230205078e+03
3.9807941895e+03
6.2589593506e+02
-2.7439978027e+03
-6.1430107422e+03
3.9713107910e+03
6.1666326904e+02
-2.7546777344e+03
-6.1531030273e+03
3.9713107910e+03
6.1666326904e+02
-2.7546777344e+03
-6.1531030273e+03
3.9807941895e+03
6.2589593506e+02
-2.7439978027e+03
-6.1430107422e+03
4.0018176270e+03
6.4615802002e+02
-2.7235700684e+03
-6.1230205078e+03
4.0298200684e+03
6.7696606445e+02
-2.6929785156e+03
-6.0915102539e+03
4.0742531738e+03
7.1886572266e+02
-2.6511376953e+03
-6.0509497070e+03
4.1237495117e+03
7.7153540039e+02
-2.5977846680e+03
-5.9967856445e+03
4.1943847656e+03
8.3873706055e+02
-2.5328647461e+03
-5.9341352539e+03
4.2692392578e+03
9.1550305176e+02
-2.4545590820e+03
-5.8546894531e+03
4.3685454102e+03
1.0090485229e+03
-2.3645139160e+03
-5.7664404297e+03
4.4704902344e+03
1.1095988770e+03
-2.2611667480e+03
-5.6582221680e+03
4.5888422852e+03
1.2157144775e+03
-2.1511926270e+03
-5.5335029297e+03
4.6894150391e+03
1.3067243652e+03
-2.0399965820e+03
-5.3859111328e+03
3.7277851562e+03
8.2229107666e+02
-1.9715555420e+03
-4.7013291016e+03
3.6746035156e+03
8.0120642090e+02
-2.0099882812e+03
-4.7895678711e+03
3.5963178711e+03
7.4247399902e+02
-2.0754060059e+03
-4.8809345703e+03
3.5108110352e+03
6.6752020264e+02
-2.1464704590e+03
-4.9549404297e+03
3.4431508789e+03
6.0144116211e+02
-2.2149321289e+03
-5.0277021484e+03
3.3728696289e+03
5.3663391113e+02
-2.2749572754e+03
-5.0842045898e+03
3.3232622070e+03
4.8528576660e+02
-2.3272373047e+03
-5.1373300781e+03
3.2750991211e+03
4.4031515503e+02
-2.3700966797e+03
-5.1777089844e+03
3.2430664062e+03
4.0607556152e+02
-2.4042519531e+03
-5.2122187500e+03
3.2153867188e+03
3.8014193726e+02
-2.4298083496e+03
-5.2364082031e+03
3.1995114746e+03
3.6340063477e+02
-2.4467028809e+03
-5.2533208008e+03
3.1907524414e+03
3.5440347290e+02
-2.4547197266e+03
-5.2615283203e+03
3.1907524414e+03
3.5440347290e+02
-2.4547197266e+03
-5.2615283203e+03
3.1995114746e+03
3.6340063477e+02
-2.4467028809e+03
-5.2533208008e+03
3.2153867188e+03
3.8014193726e+02
-2.4298083496e+03
-5.2364082031e+03
3.2430664062e+03
4.0607556152e+02
-2.4042519531e+03
-5.2122187500e+03
3.2750991211e+03
4.4031515503e+02
-2.3700966797e+03
-5.1777089844e+03
3.3232622070e+03
4.8528576660e+02
-2.3272373047e+03
-5.1373300781e+03
3.3728696289e+03
5.3663391113e+02
-2.2749572754e+03
-5.0842045898e+03
3.4431508789e+03
6.0144116211e+02
-2.2149321289e+03
-5.0277021484e+03
3.5108110352e+03
6.6752020264e+02
-2.1464704590e+03
-4.9549404297e+03
3.5963178711e+03
7.4247399902e+02
-2.0754060059e+03
-4.8809345703e+03
3.6746035156e+03
8.0120642090e+02
-2.0099882812e+03
-4.7895678711e+03
3.7277851562e+03
8.2229107666e+02
-1.9715555420e+03
-4.7013291016e+03
2.6491423340e+03
3.1722552490e+02
-1.8649954834e+03
-3.8901047363e+03
2.6487744141e+03
3.6143630981e+02
-1.8318642578e+03
-3.9239204102e+03
2.5945541992e+03
3.4131076050e+02
-1.8513037109e+03
-3.9746687012e+03
2.5491464844e+03
3.0289562988e+02
-1.8945505371e+03
-4.0301955566e+03
2.4867514648e+03
2.5117843628e+02
-1.9399116211e+03
-4.0742207031e+03
2.4452226562e+03
2.0901954651e+02
-1.9847331543e+03
-4.1216191406e+03
2.3978808594e+03
1.6635226440e+02
-2.0236230469e+03
-4.1572055664e+03
2.3666374512e+03
1.3350518799e+02
-2.0572341309e+03
-4.1911850586e+03
2.3360039062e+03
1.0531261444e+02
-2.0840957031e+03
-4.2159711914e+03
2.3169570312e+03
8.5069953918e+01
-2.1043535156e+03
-4.2362875977e+03
2.3021513672e+03
7.0945869446e+01
-2.1177939453e+03
-4.2490136719e+03
2.2956369629e+03
6.4458618164e+01
-2.1248083496e+03
-4.2556865234e+03
2.2956369629e+03
6.4458618164e+01
-2.1248083496e+03
-4.2556865234e+03
2.3021513672e+03
7.0945869446e+01
-2.1177939453e+03
-4.2490136719e+03
2.3169570312e+03
8.5069953918e+01
-2.1043535156e+03
-4.2362875977e+03
2.3360039062e+03
1.0531261444e+02
-2.0840957031e+03
-4.2159711914e+03
2.3666374512e+03
1.3350518799e+02
-2.0572341309e+03
-4.1911850586e+03
2.3978808594e+03
1.6635226440e+02
-2.0236230469e+03
-4.1572055664e+03
2.4452226562e+03
2.0901954651e+02
-1.9847331543e+03
-4.1216191406e+03
2.4867514648e+03
2.5117843628e+02
-1.9399116211e+03
-4.0742207031e+03
2.5491464844e+03
3.0289562988e+02
-1.8945505371e+03
-4.0301955566e+03
2.5945541992e+03
3.4131076050e+02
-1.8513037109e+03
-3.9746687012e+03
2.6487744141e+03
3.6143630981e+02
-1.8318642578e+03
-3.9239204102e+03
2.6491423340e+03
3.1722552490e+02
-1.8649954834e+03
-3.8901047363e+03
1.5282191162e+03
-1.9780580139e+02
-1.6858898926e+03
-2.9870915527e+03
1.5588439941e+03
-9.8374282837e+01
-1.5930921631e+03
-2.9689267578e+03
1.5459604492e+03
-7.5177764893e+01
-1.5776781006e+03
-2.9995043945e+03
1.5041817627e+03
-9.9365135193e+01
-1.5938326416e+03
-3.0219628906e+03
1.4793919678e+03
-1.2246878815e+02
-1.6224986572e+03
-3.0613718262e+03
1.4375581055e+03
-1.5796882629e+02
-1.6519923096e+03
-3.0881037598e+03
1.4128189697e+03
-1.8470463562e+02
-1.6809196777e+03
-3.1197209473e+03
1.3830036621e+03
-2.1191630554e+02
-1.7056719971e+03
-3.1424672852e+03
1.3646223145e+03
-2.3207357788e+02
-1.7264230957e+03
-3.1640253906e+03
1.3470451660e+03
-2.4861495972e+02
-1.7421671143e+03
-3.1787683105e+03
1.3373316650e+03
-2.5896960449e+02
-1.7529448242e+03
-3.1896125488e+03
1.3316052246e+03
-2.6466784668e+02
-1.7581658936e+03
-3.1947189941e+03
1.3316052246e+03
-2.6466784668e+02
-1.7581658936e+03
-3.1947189941e+03
1.3373316650e+03
-2.5896960449e+02
-1.7529448242e+03
-3.1896125488e+03
1.3470451660e+03
-2.4861495972e+02
-1.7421671143e+03
-3.1787683105e+03
1.3646223145e+03
-2.3207357788e+02
-1.7264230957e+03
-3.1640253906e+03
1.3830036621e+03
-2.1191630554e+02
-1.7056719971e+03
-3.1424672852e+03
1.4128189697e+03
-1.8470463562e+02
-1.6809196777e+03
-3.1197209473e+03
1.4375581055e+03
-1.5796882629e+02
-1.6519923096e+03
-3.0881037598e+03
1.4793919678e+03
-1.2246878815e+02
-1.6224986572e+03
-3.0613718262e+03
1.5041817627e+03
-9.9365135193e+01
-1.5938326416e+03
-3.0219628906e+03
1.5459604492e+03
-7.5177764893e+01
-1.5776781006e+03
-2.9995043945e+03
1.5588439941e+03
-9.8374282837e+01
-1.5930921631e+03
-2.9689267578e+03
1.5282191162e+03
-1.9780580139e+02
-1.6858898926e+03
-2.9870915527e+03
3.7969509888e+02
-6.4537219238e+02
-1.4591243896e+03
-2.0003623047e+03
4.4607934570e+02
-5.0916793823e+02
-1.3279034424e+03
-1.9536569824e+03
4.3205032349e+02
-4.7292773438e+02
-1.2853474121e+03
-1.9509777832e+03
4.3475146484e+02
-4.6328024292e+02
-1.2881323242e+03
-1.9759652100e+03
3.9985534668e+02
-4.8508959961e+02
-1.3029814453e+03
-1.9909454346e+03
3.8761572266e+02
-4.9990710449e+02
-1.3249176025e+03
-2.0196387939e+03
3.6104479980e+02
-5.2285668945e+02
-1.3456968994e+03
-2.0389010010e+03
3.4711242676e+02
-5.3940936279e+02
-1.3654417725e+03
-2.0610166016e+03
3.2963909912e+02
-5.5584277344e+02
-1.3816650391e+03
-2.0765278320e+03
3.1987878418e+02
-5.6719537354e+02
-1.3944407959e+03
-2.0902824707e+03
3.1129815674e+02
-5.7575561523e+02
-1.4029390869e+03
-2.0987272949e+03
3.0782369995e+02
-5.7963568115e+02
-1.4073817139e+03
-2.1033823242e+03
3.0782369995e+02
-5.7963568115e+02
-1.4073817139e+03
-2.1033823242e+03
3.1129815674e+02
-5.7575561523e+02
-1.4029390869e+03
-2.0987272949e+03
3.1987878418e+02
-5.6719537354e+02
-1.3944407959e+03
-2.0902824707e+03
3.2963909912e+02
-5.5584277344e+02
-1.3816650391e+03
-2.0765278320e+03
3.4711242676e+02
-5.3940936279e+02
-1.3654417725e+03
-2.0610166016e+03
3.6104479980e+02
-5.2285668945e+02
-1.3456968994e+03
-2.0389010010e+03
3.8761572266e+02
-4.9990710449e+02
-1.3249176025e+03
-2.0196387939e+03
3.9985534668e+02
-4.8508959961e+02
-1.3029814453e+03
-1.9909454346e+03
4.3475146484e+02
-4.6328024292e+02
-1.2881323242e+03
-1.9759652100e+03
4.3205032349e+02
-4.7292773438e+02
-1.2853474121e+03
-1.9509777832e+03
4.4607934570e+02
-5.0916793823e+02
-1.3279034424e+03
-1.9536569824e+03
3.7969509888e+02
-6.4537219238e+02
-1.4591243896e+03
-2.0003623047e+03
-7.2042663574e+02
-1.0802666016e+03
-1.1333629150e+03
-9.6340039062e+02
-6.6632818604e+02
-9.3898840332e+02
-9.8262567139e+02
-8.8981964111e+02
-6.3806921387e+02
-8.7564495850e+02
-9.3184606934e+02
-8.9942541504e+02
-6.6222082520e+02
-8.8052545166e+02
-9.2252941895e+02
-8.9656750488e+02
-6.5559686279e+02
-8.7896844482e+02
-9.3274542236e+02
-9.2623016357e+02
-6.7768835449e+02
-8.9813134766e+02
-9.4733392334e+02
-9.4179327393e+02
-6.8328820801e+02
-9.0986132812e+02
-9.6471978760e+02
-9.6630694580e+02
-6.9829010010e+02
-9.2564794922e+02
-9.8020642090e+02
-9.8296734619e+02
-7.0494433594e+02
-9.3643548584e+02
-9.9394677734e+02
-1.0001124268e+03
-7.1365301514e+02
-9.4631054688e+02
-1.0044617920e+03
-1.0116420288e+03
-7.1766137695e+02
-9.5218249512e+02
-1.0118612671e+03
-1.0204191895e+03
-7.2051489258e+02
-9.5556127930e+02
-1.0155078735e+03
-1.0244676514e+03
-7.2051489258e+02
-9.5556127930e+02
-1.0155078735e+03
-1.0244676514e+03
-7.1766137695e+02
-9.5218249512e+02
-1.0118612671e+03
-1.0204191895e+03
-7.1365301514e+02
-9.4631054688e+02
-1.0044617920e+03
-1.0116420288e+03
-7.0494433594e+02
-9.3643548584e+02
-9.9394677734e+02
-1.0001124268e+03
-6.9829010010e+02
-9.2564794922e+02
-9.8020642090e+02
-9.8296734619e+02
-6.8328820801e+02
-9.0986132812e+02
-9.6471978760e+02
-9.6630694580e+02
-6.7768835449e+02
-8.9813134766e+02
-9.4733392334e+02
-9.4179327393e+02
-6.5559686279e+02
-8.7896844482e+02
-9.3274542236e+02
-9.2623016357e+02
-6.6222082520e+02
-8.8052545166e+02
-9.2252941895e+02
-8.9656750488e+02
-6.3806921387e+02
-8.7564495850e+02
-9.3184606934e+02
-8.9942541504e+02
-6.6632818604e+02
-9.3898840332e+02
-9.8262567139e+02
-8.8981964111e+02
-7.2042663574e+02
-1.0802666016e+03
-1.1333629150e+03
-9.6340039062e+02
-1.8352404785e+03
-1.3873946533e+03
-7.7555236816e+02
1.3558508301e+02
-1.7644154053e+03
-1.2464891357e+03
-6.4335986328e+02
1.9224044800e+02
-1.7877381592e+03
-1.2138043213e+03
-5.9650976562e+02
2.1229725647e+02
-1.7562402344e+03
-1.1850664062e+03
-5.9624859619e+02
1.8064401245e+02
-1.7815784912e+03
-1.1989090576e+03
-6.0668518066e+02
1.6898800659e+02
-1.7768447266e+03
-1.2023054199e+03
-6.2489746094e+02
1.3890951538e+02
-1.7899750977e+03
-1.2159436035e+03
-6.4176861572e+02
1.1962037659e+02
-1.7915172119e+03
-1.2240020752e+03
-6.5805755615e+02
9.7117805481e+01
-1.7987254639e+03
-1.2336621094e+03
-6.7126293945e+02
8.1416343689e+01
-1.8008372803e+03
-1.2397557373e+03
-6.8173510742e+02
6.7594635010e+01
-1.8040911865e+03
-1.2447698975e+03
-6.8864813232e+02
5.9110393524e+01
-1.8049378662e+03
-1.2469418945e+03
-6.9222106934e+02
5.4437431335e+01
-1.8049378662e+03
-1.2469418945e+03
-6.9222106934e+02
5.4437431335e+01
-1.8040911865e+03
-1.2447698975e+03
-6.8864813232e+02
5.9110393524e+01
-1.8008372803e+03
-1.2397557373e+03
-6.8173510742e+02
6.7594635010e+01
-1.7987254639e+03
-1.2336621094e+03
-6.7126293945e+02
8.1416343689e+01
-1.7915172119e+03
-1.2240020752e+03
-6.5805755615e+02
9.7117805481e+01
-1.7899750977e+03
-1.2159436035e+03
-6.4176861572e+02
1.1962037659e+02
-1.7768447266e+03
-1.2023054199e+03
-6.2489746094e+02
1.3890951538e+02
-1.7815784912e+03
-1.1989090576e+03
-6.0668518066e+02
1.6898800659e+02
-1.7562402344e+03
-1.1850664062e+03
-5.9624859619e+02
1.8064401245e+02
-1.7877381592e+03
-1.2138043213e+03
-5.9650976562e+02
2.1229725647e+02
-1.7644154053e+03
-1.2464891357e+03
-6.4335986328e+02
1.9224044800e+02
-1.8352404785e+03
-1.3873946533e+03
-7.7555236816e+02
1.3558508301e+02
-2.8341804199e+03
-1.7123914795e+03
-3.1184582520e+02
1.2423085938e+03
-2.8413295898e+03
-1.6451341553e+03
-1.9836123657e+02
1.3079650879e+03
-2.7918500977e+03
-1.5937890625e+03
-1.7056204224e+02
1.2642851562e+03
-2.8312687988e+03
-1.6196773682e+03
-1.7186506653e+02
1.2609719238e+03
-2.8105961914e+03
-1.6193402100e+03
-1.8914289856e+02
1.2159343262e+03
-2.8221054688e+03
-1.6374793701e+03
-2.0701545715e+02
1.1904344482e+03
-2.8155551758e+03
-1.6458896484e+03
-2.2614714050e+02
1.1577502441e+03
-2.8195190430e+03
-1.6577451172e+03
-2.4225184631e+02
1.1350101318e+03
-2.8169340820e+03
-1.6646660156e+03
-2.5601821899e+02
1.1135911865e+03
-2.8179726562e+03
-1.6711590576e+03
-2.6622805786e+02
1.0990000000e+03
-2.8168557129e+03
-1.6746278076e+03
-2.7326049805e+02
1.0883801270e+03
-2.8169914551e+03
-1.6766697998e+03
-2.7671801758e+02
1.0834207764e+03
-2.8169914551e+03
-1.6766697998e+03
-2.7671801758e+02
1.0834207764e+03
-2.8168557129e+03
-1.6746278076e+03
-2.7326049805e+02
1.0883801270e+03
-2.8179726562e+03
-1.6711590576e+03
-2.6622805786e+02
1.0990000000e+03
-2.8169340820e+03
-1.6646660156e+03
-2.5601821899e+02
1.1135911865e+03
-2.8195190430e+03
-1.6577451172e+03
-2.4225184631e+02
1.1350101318e+03
-2.8155551758e+03
-1.6458896484e+03
-2.2614714050e+02
1.1577502441e+03
-2.8221054688e+03
-1.6374793701e+03
-2.0701545715e+02
1.1904344482e+03
-2.8105961914e+03
-1.6193402100e+03
-1.8914289856e+02
1.2159343262e+03
-2.8312687988e+03
-1.6196773682e+03
-1.7186506653e+02
1.2609719238e+03
-2.7918500977e+03
-1.5937890625e+03
-1.7056204224e+02
1.2642851562e+03
-2.8413295898e+03
-1.6451341553e+03
-1.9836123657e+02
1.3079650879e+03
-2.8341804199e+03
-1.7123914795e+03
-3.1184582520e+02
1.2423085938e+03
-3.8915485840e+03
-1.8819372559e+03
1.3916232300e+02
2.3823171387e+03
-3.8596230469e+03
-1.8087239990e+03
1.6954637146e+02
2.3670761719e+03
-3.9556772461e+03
-1.8427725830e+03
1.6194955444e+02
2.3792209473e+03
-3.9139023438e+03
-1.8230924072e+03
1.2868737793e+02
2.3091420898e+03
-3.9388203125e+03
-1.8436129150e+03
9.8692443848e+01
2.2758469238e+03
-3.9277246094e+03
-1.8489912109e+03
6.7744514465e+01
2.2283569336e+03
-3.9324208984e+03
-1.8613024902e+03
4.2914508820e+01
2.1960051270e+03
-3.9251118164e+03
-1.8668016357e+03
2.2056432724e+01
2.1642929688e+03
-3.9231452637e+03
-1.8729467773e+03
6.4204711914e+00
2.1418405762e+03
-3.9180007324e+03
-1.8759256592e+03
-5.1369338036e+00
2.1237519531e+03
-3.9157861328e+03
-1.8784384766e+03
-1.2476644516e+01
2.1125917969e+03
-3.9139174805e+03
-1.8793510742e+03
-1.6136354446e+01
2.1067253418e+03
-3.9139174805e+03
-1.8793510742e+03
-1.6136354446e+01
2.1067253418e+03
-3.9157861328e+03
-1.8784384766e+03
-1.2476644516e+01
2.1125917969e+03
-3.9180007324e+03
-1.8759256592e+03
-5.1369338036e+00
2.1237519531e+03
-3.9231452637e+03
-1.8729467773e+03
6.4204711914e+00
2.1418405762e+03
-3.9251118164e+03
-1.8668016357e+03
2.2056432724e+01
2.1642929688e+03
-3.9324208984e+03
-1.8613024902e+03
4.2914508820e+01
2.1960051270e+03
-3.9277246094e+03
-1.8489912109e+03
6.7744514465e+01
2.2283569336e+03
-3.9388203125e+03
-1.8436129150e+03
9.8692443848e+01
2.2758469238e+03
-3.9139023438e+03
-1.8230924072e+03
1.2868737793e+02
2.3091420898e+03
-3.9556772461e+03
-1.8427725830e+03
1.6194955444e+02
2.3792209473e+03
-3.8596230469e+03
-1.8087239990e+03
1.6954637146e+02
2.3670761719e+03
-3.8915485840e+03
-1.8819372559e+03
1.3916232300e+02
2.3823171387e+03
-4.7014443359e+03
-2.0889001465e+03
6.3635113525e+02
3.4149584961e+03
-4.8769409180e+03
-2.2201474609e+03
6.5662506104e+02
3.4550957031e+03
-4.7925151367e+03
-2.2134113770e+03
6.2324926758e+02
3.3258898926e+03
-4.8569765625e+03
-2.2809609375e+03
5.8906152344e+02
3.2883081055e+03
-4.8405004883e+03
-2.3045463867e+03
5.5029681396e+02
3.2164052734e+03
-4.8462045898e+03
-2.3312839355e+03
5.1952648926e+02
3.1703872070e+03
-4.8312260742e+03
-2.3427070312e+03
4.9382705688e+02
3.1252043457e+03
-4.8248984375e+03
-2.3531909180e+03
4.7481390381e+02
3.0945290527e+03
-4.8145493164e+03
-2.3581005859e+03
4.6048684692e+02
3.0696889648e+03
-4.8091738281e+03
-2.3621767578e+03
4.5072122192e+02
3.0536826172e+03
-4.8042626953e+03
-2.3639904785e+03
4.4445495605e+02
3.0430178223e+03
-4.8023979492e+03
-2.3650654297e+03
4.4148135376e+02
3.0381774902e+03
-4.8023979492e+03
-2.3650654297e+03
4.4148135376e+02
3.0381774902e+03
-4.8042626953e+03
-2.3639904785e+03
4.4445495605e+02
3.0430178223e+03
-4.8091738281e+03
-2.3621767578e+03
4.5072122192e+02
3.0536826172e+03
-4.8145493164e+03
-2.3581005859e+03
4.6048684692e+02
3.0696889648e+03
-4.8248984375e+03
-2.3531909180e+03
4.7481390381e+02
3.0945290527e+03
-4.8312260742e+03
-2.3427070312e+03
4.9382705688e+02
3.1252043457e+03
-4.8462045898e+03
-2.3312839355e+03
5.1952648926e+02
3.1703872070e+03
-4.8405004883e+03
-2.3045463867e+03
5.5029681396e+02
3.2164052734e+03
-4.8569765625e+03
-2.2809609375e+03
5.8906152344e+02
3.2883081055e+03
-4.7925151367e+03
-2.2134113770e+03
6.2324926758e+02
3.3258898926e+03
-4.8769409180e+03
-2.2201474609e+03
6.5662506104e+02
3.4550957031e+03
-4.7014443359e+03
-2.0889001465e+03
6.3635113525e+02
3.4149584961e+03
-5.6817880859e+03
-2.2486984863e+03
1.0850729980e+03
4.4232490234e+03
-5.6158271484e+03
-2.2074553223e+03
9.4977770996e+02
4.2428457031e+03
-5.8395668945e+03
-2.3332282715e+03
8.5737188721e+02
4.2448881836e+03
-5.8288432617e+03
-2.3518901367e+03
7.7665954590e+02
4.1460253906e+03
-5.8509067383e+03
-2.3783698730e+03
7.2350598145e+02
4.0926201172e+03
-5.8391713867e+03
-2.3864450684e+03
6.8579602051e+02
4.0427062988e+03
-5.8431157227e+03
-2.3975068359e+03
6.6175207520e+02
4.0163190918e+03
-5.8414902344e+03
-2.4035852051e+03
6.4600537109e+02
3.9978288574e+03
-5.8458242188e+03
-2.4100241699e+03
6.3658898926e+02
3.9895556641e+03
-5.8481254883e+03
-2.4140249023e+03
6.3097027588e+02
3.9849169922e+03
-5.8513339844e+03
-2.4171926270e+03
6.2804193115e+02
3.9835771484e+03
-5.8526416016e+03
-2.4185910645e+03
6.2675506592e+02
3.9830312500e+03
-5.8526416016e+03
-2.4185910645e+03
6.2675506592e+02
3.9830312500e+03
-5.8513339844e+03
-2.4171926270e+03
6.2804193115e+02
3.9835771484e+03
-5.8481254883e+03
-2.4140249023e+03
6.3097027588e+02
3.9849169922e+03
-5.8458242188e+03
-2.4100241699e+03
6.3658898926e+02
3.9895556641e+03
-5.8414902344e+03
-2.4035852051e+03
6.4600537109e+02
3.9978288574e+03
-5.8431157227e+03
-2.3975068359e+03
6.6175207520e+02
4.0163190918e+03
-5.8391713867e+03
-2.3864450684e+03
6.8579602051e+02
4.0427062988e+03
-5.8509067383e+03
-2.3783698730e+03
7.2350598145e+02
4.0926201172e+03
-5.8288432617e+03
-2.3518901367e+03
7.7665954590e+02
4.1460253906e+03
-5.8395668945e+03
-2.3332282715e+03
8.5737188721e+02
4.2448881836e+03
-5.6158271484e+03
-2.2074553223e+03
9.4977770996e+02
4.2428457031e+03
-5.6817880859e+03
-2.2486984863e+03
1.0850729980e+03
4.4232490234e+03
-5.8502763672e+03
-2.1376904297e+03
1.2340888672e+03
4.8036054688e+03
-6.4268017578e+03
-2.6095422363e+03
1.2169494629e+03
4.9504956055e+03
-6.3410463867e+03
-2.6867746582e+03
1.1597139893e+03
4.7944555664e+03
-6.3833325195e+03
-2.7603701172e+03
1.1333395996e+03
4.7629453125e+03
-6.3966958008e+03
-2.8006821289e+03
1.1215465088e+03
4.7448085938e+03
-6.4420869141e+03
-2.8378386230e+03
1.1188491211e+03
4.7605317383e+03
-6.4793906250e+03
-2.8630939941e+03
1.1206865234e+03
4.7814624023e+03
-6.5196796875e+03
-2.8842648926e+03
1.1251849365e+03
4.8084458008e+03
-6.5510375977e+03
-2.8987849121e+03
1.1301409912e+03
4.8322705078e+03
-6.5768725586e+03
-2.9095854492e+03
1.1347719727e+03
4.8526479492e+03
-6.5935610352e+03
-2.9160869141e+03
1.1381488037e+03
4.8665468750e+03
-6.6023037109e+03
-2.9193776855e+03
1.1399636230e+03
4.8738486328e+03
-6.6023037109e+03
-2.9193776855e+03
1.1399636230e+03
4.8738486328e+03
-6.5935610352e+03
-2.9160869141e+03
1.1381488037e+03
4.8665468750e+03
-6.5768725586e+03
-2.9095854492e+03
1.1347719727e+03
4.8526479492e+03
-6.5510375977e+03
-2.8987849121e+03
1.1301409912e+03
4.8322705078e+03
-6.5196796875e+03
-2.8842648926e+03
1.1251849365e+03
4.8084458008e+03
-6.4793906250e+03
-2.8630939941e+03
1.1206865234e+03
4.7814624023e+03
-6.4420869141e+03
-2.8378386230e+03
1.1188491211e+03
4.7605317383e+03
-6.3966958008e+03
-2.8006821289e+03
1.1215465088e+03
4.7448085938e+03
-6.3833325195e+03
-2.7603701172e+03
1.1333395996e+03
4.7629453125e+03
-6.3410463867e+03
-2.6867746582e+03
1.1597139893e+03
4.7944555664e+03
-6.4268017578e+03
-2.6095422363e+03
1.2169494629e+03
4.9504956055e+03
-5.8502763672e+03
-2.1376904297e+03
1.2340888672e+03
4.8036054688e+03
-6.3119858398e+03
-2.6730231934e+03
1.1480227051e+03
4.6281567383e+03
-6.1838876953e+03
-2.5347897949e+03
1.1056029053e+03
4.6072812500e+03
-6.5082138672e+03
-2.6050224609e+03
1.1402723389e+03
4.8888374023e+03
-6.7735722656e+03
-2.6802644043e+03
1.1924909668e+03
5.1217880859e+03
-7.0150029297e+03
-2.7571694336e+03
1.2396352539e+03
5.3233505859e+03
-7.1931494141e+03
-2.8159399414e+03
1.2786075439e+03
5.4742749023e+03
-7.3326191406e+03
-2.8637348633e+03
1.3098852539e+03
5.5909262695e+03
-7.4321816406e+03
-2.8983962402e+03
1.3339644775e+03
5.6755351562e+03
-7.5046621094e+03
-2.9240947266e+03
1.3520283203e+03
5.7369135742e+03
-7.5530512695e+03
-2.9413737793e+03
1.3647539062e+03
5.7785000000e+03
-7.5834379883e+03
-2.9523361816e+03
1.3729038086e+03
5.8045815430e+03
-7.5977290039e+03
-2.9574951172e+03
1.3768492432e+03
5.8169843750e+03
-7.5977290039e+03
-2.9574951172e+03
1.3768492432e+03
5.8169843750e+03
-7.5834379883e+03
-2.9523361816e+03
1.3729038086e+03
5.8045815430e+03
-7.5530512695e+03
-2.9413737793e+03
1.3647539062e+03
5.7785000000e+03
-7.5046621094e+03
-2.9240947266e+03
1.3520283203e+03
5.7369135742e+03
-7.4321816406e+03
-2.8983962402e+03
1.3339644775e+03
5.6755351562e+03
-7.3326191406e+03
-2.8637348633e+03
1.3098852539e+03
5.5909262695e+03
-7.1931494141e+03
-2.8159399414e+03
1.2786075439e+03
5.4742749023e+03
-7.0150029297e+03
-2.7571694336e+03
1.2396352539e+03
5.3233505859e+03
-6.7735722656e+03
-2.6802644043e+03
1.1924909668e+03
5.1217880859e+03
-6.5082138672e+03
-2.6050224609e+03
1.1402723389e+03
4.8888374023e+03
-6.1838876953e+03
-2.5347897949e+03
1.1056029053e+03
4.6072812500e+03
-6.3119858398e+03
-2.6730231934e+03
1.1480227051e+03
4.6281567383e+03
