3.3553449707e+03
6.5383605957e+02
-2.3289575195e+03
-5.1395673828e+03
3.3674956055e+03
6.5025476074e+02
-2.1851137695e+03
-5.0032363281e+03
3.6084709473e+03
6.9261810303e+02
-2.2266357422e+03
-5.2490053711e+03
3.8092138672e+03
7.4544000244e+02
-2.2779682617e+03
-5.4556210938e+03
3.9817016602e+03
7.9011566162e+02
-2.3351643066e+03
-5.6477207031e+03
4.1118793945e+03
8.2650854492e+02
-2.3799162598e+03
-5.7915893555e+03
4.2126694336e+03
8.5506445312e+02
-2.4173806152e+03
-5.9056225586e+03
4.2863037109e+03
8.7692999268e+02
-2.4450029297e+03
-5.9881665039e+03
4.3399335938e+03
8.9313970947e+02
-2.4658703613e+03
-6.0488583984e+03
4.3764863281e+03
9.0454034424e+02
-2.4800812988e+03
-6.0898808594e+03
4.3994804688e+03
9.1179437256e+02
-2.4892062988e+03
-6.1157915039e+03
4.4104775391e+03
9.1529882812e+02
-2.4935312500e+03
-6.1280410156e+03
4.4104775391e+03
9.1529882812e+02
-2.4935312500e+03
-6.1280410156e+03
4.3994804688e+03
9.1179437256e+02
-2.4892062988e+03
-6.1157915039e+03
4.3764863281e+03
9.0454034424e+02
-2.4800812988e+03
-6.0898808594e+03
4.3399335938e+03
8.9313970947e+02
-2.4658703613e+03
-6.0488583984e+03
4.2863037109e+03
8.7692999268e+02
-2.4450029297e+03
-5.9881665039e+03
4.2126694336e+03
8.5506445312e+02
-2.4173806152e+03
-5.9056225586e+03
4.1118793945e+03
8.2650854492e+02
-2.3799162598e+03
-5.7915893555e+03
3.9817016602e+03
7.9011566162e+02
-2.3351643066e+03
-5.6477207031e+03
3.8092138672e+03
7.4544000244e+02
-2.2779682617e+03
-5.4556210938e+03
3.6084709473e+03
6.9261810303e+02
-2.2266357422e+03
-5.2490053711e+03
3.3674956055e+03
6.5025476074e+02
-2.1851137695e+03
-5.0032363281e+03
3.3553449707e+03
6.5383605957e+02
-2.3289575195e+03
-5.1395673828e+03
3.6507153320e+03
7.8275048828e+02
-1.8921237793e+03
-4.8262250977e+03
3.7581132812e+03
7.6444848633e+02
-2.2667797852e+03
-5.2844169922e+03
3.6425378418e+03
7.3099298096e+02
-2.3177067871e+03
-5.2113110352e+03
3.6232392578e+03
7.1697229004e+02
-2.3710913086e+03
-5.2419003906e+03
3.6148466797e+03
7.1422119141e+02
-2.3988146973e+03
-5.2507138672e+03
3.6318945312e+03
7.1637164307e+02
-2.4262187500e+03
-5.2861210938e+03
3.6523757324e+03
7.2119787598e+02
-2.4449265137e+03
-5.3157993164e+03
3.6767221680e+03
7.2695355225e+02
-2.4612700195e+03
-5.3482456055e+03
3.6978989258e+03
7.3246600342e+02
-2.4726381836e+03
-5.3738232422e+03
3.7156816406e+03
7.3711120605e+02
-2.4813105469e+03
-5.3949560547e+03
3.7277680664e+03
7.4040313721e+02
-2.4865852051e+03
-5.4087241211e+03
3.7340637207e+03
7.4212243652e+02
-2.4892783203e+03
-5.4159482422e+03
3.7340637207e+03
7.4212243652e+02
-2.4892783203e+03
-5.4159482422e+03
3.7277680664e+03
7.4040313721e+02
-2.4865852051e+03
-5.4087241211e+03
3.7156816406e+03
7.3711120605e+02
-2.4813105469e+03
-5.3949560547e+03
3.6978989258e+03
7.3246600342e+02
-2.4726381836e+03
-5.3738232422e+03
3.6767221680e+03
7.2695355225e+02
-2.4612700195e+03
-5.3482456055e+03
3.6523757324e+03
7.2119787598e+02
-2.4449265137e+03
-5.3157993164e+03
3.6318945312e+03
7.1637164307e+02
-2.4262187500e+03
-5.2861210938e+03
3.6148466797e+03
7.1422119141e+02
-2.3988146973e+03
-5.2507138672e+03
3.6232392578e+03
7.1697229004e+02
-2.3710913086e+03
-5.2419003906e+03
3.6425378418e+03
7.3099298096e+02
-2.3177067871e+03
-5.2113110352e+03
3.7581132812e+03
7.6444848633e+02
-2.2667797852e+03
-5.2844169922e+03
3.6507153320e+03
7.8275048828e+02
-1.8921237793e+03
-4.8262250977e+03
3.4346779785e+03
7.3458984375e+02
-1.9837500000e+03
-4.7853276367e+03
3.3014677734e+03
6.3350335693e+02
-1.9470911865e+03
-4.7269072266e+03
3.2993645020e+03
5.5488323975e+02
-2.0504868164e+03
-4.9051494141e+03
3.2218408203e+03
4.9192919922e+02
-2.0633449707e+03
-4.8954658203e+03
3.1795737305e+03
4.4958029175e+02
-2.0836237793e+03
-4.9122431641e+03
3.1408793945e+03
4.2070037842e+02
-2.0884013672e+03
-4.9021899414e+03
3.1205480957e+03
4.0215805054e+02
-2.0962053223e+03
-4.9048486328e+03
3.1065434570e+03
3.9036730957e+02
-2.1000466309e+03
-4.9033168945e+03
3.1004460449e+03
3.8329306030e+02
-2.1045778809e+03
-4.9066059570e+03
3.0971433105e+03
3.7919357300e+02
-2.1072934570e+03
-4.9084350586e+03
3.0963100586e+03
3.7704611206e+02
-2.1095656738e+03
-4.9109755859e+03
3.0960061035e+03
3.7612484741e+02
-2.1105617676e+03
-4.9120209961e+03
3.0960061035e+03
3.7612484741e+02
-2.1105617676e+03
-4.9120209961e+03
3.0963100586e+03
3.7704611206e+02
-2.1095656738e+03
-4.9109755859e+03
3.0971433105e+03
3.7919357300e+02
-2.1072934570e+03
-4.9084350586e+03
3.1004460449e+03
3.8329306030e+02
-2.1045778809e+03
-4.9066059570e+03
3.1065434570e+03
3.9036730957e+02
-2.1000466309e+03
-4.9033168945e+03
3.1205480957e+03
4.0215805054e+02
-2.0962053223e+03
-4.9048486328e+03
3.1408793945e+03
4.2070037842e+02
-2.0884013672e+03
-4.9021899414e+03
3.1795737305e+03
4.4958029175e+02
-2.0836237793e+03
-4.9122431641e+03
3.2218408203e+03
4.9192919922e+02
-2.0633449707e+03
-4.8954658203e+03
3.2993645020e+03
5.5488323975e+02
-2.0504868164e+03
-4.9051494141e+03
3.3014677734e+03
6.3350335693e+02
-1.9470911865e+03
-4.7269072266e+03
3.4346779785e+03
7.3458984375e+02
-1.9837500000e+03
-4.7853276367e+03
2.7406162109e+03
4.2456582642e+02
-1.8588781738e+03
-4.0798747559e+03
2.7633325195e+03
4.2801528931e+02
-1.9747512207e+03
-4.2248510742e+03
2.6629926758e+03
4.0218368530e+02
-1.9695079346e+03
-4.1553496094e+03
2.6300097656e+03
3.7247167969e+02
-2.0254096680e+03
-4.2072260742e+03
2.5717070312e+03
3.4184020996e+02
-2.0439576416e+03
-4.1936025391e+03
2.5333747559e+03
3.1677621460e+02
-2.0656352539e+03
-4.1979643555e+03
2.4964147949e+03
2.9649105835e+02
-2.0744609375e+03
-4.1857075195e+03
2.4710507812e+03
2.8127316284e+02
-2.0827814941e+03
-4.1803261719e+03
2.4506589355e+03
2.7001666260e+02
-2.0864653320e+03
-4.1718408203e+03
2.4374370117e+03
2.6226834106e+02
-2.0896157227e+03
-4.1672900391e+03
2.4286606445e+03
2.5737069702e+02
-2.0909479980e+03
-4.1632377930e+03
2.4246540527e+03
2.5502207947e+02
-2.0917404785e+03
-4.1616796875e+03
2.4246540527e+03
2.5502207947e+02
-2.0917404785e+03
-4.1616796875e+03
2.4286606445e+03
2.5737069702e+02
-2.0909479980e+03
-4.1632377930e+03
2.4374370117e+03
2.6226834106e+02
-2.0896157227e+03
-4.1672900391e+03
2.4506589355e+03
2.7001666260e+02
-2.0864653320e+03
-4.1718408203e+03
2.4710507812e+03
2.8127316284e+02
-2.0827814941e+03
-4.1803261719e+03
2.4964147949e+03
2.9649105835e+02
-2.0744609375e+03
-4.1857075195e+03
2.5333747559e+03
3.1677621460e+02
-2.0656352539e+03
-4.1979643555e+03
2.5717070312e+03
3.4184020996e+02
-2.0439576416e+03
-4.1936025391e+03
2.6300097656e+03
3.7247167969e+02
-2.0254096680e+03
-4.2072260742e+03
2.6629926758e+03
4.0218368530e+02
-1.9695079346e+03
-4.1553496094e+03
2.7633325195e+03
4.2801528931e+02
-1.9747512207e+03
-4.2248510742e+03
2.7406162109e+03
4.2456582642e+02
-1.8588781738e+03
-4.0798747559e+03
1.9890489502e+03
7.1266578674e+01
-1.7003450928e+03
-3.4938139648e+03
1.9711702881e+03
7.9941619873e+01
-1.6597425537e+03
-3.4768156738e+03
1.9742326660e+03
6.2886409760e+01
-1.6965557861e+03
-3.5562407227e+03
1.9174012451e+03
3.4469879150e+01
-1.6818680420e+03
-3.5217399902e+03
1.8887185059e+03
8.2405395508e+00
-1.6993062744e+03
-3.5407841797e+03
1.8498284912e+03
-1.6850151062e+01
-1.7029971924e+03
-3.5307502441e+03
1.8227724609e+03
-3.7381725311e+01
-1.7126099854e+03
-3.5334760742e+03
1.7966463623e+03
-5.4184566498e+01
-1.7163873291e+03
-3.5268205566e+03
1.7779885254e+03
-6.6930747986e+01
-1.7209476318e+03
-3.5244650879e+03
1.7630555420e+03
-7.6203613281e+01
-1.7229195557e+03
-3.5198554688e+03
1.7538045654e+03
-8.2162345886e+01
-1.7246857910e+03
-3.5176789551e+03
1.7489648438e+03
-8.5084762573e+01
-1.7253082275e+03
-3.5159763184e+03
1.7489648438e+03
-8.5084762573e+01
-1.7253082275e+03
-3.5159763184e+03
1.7538045654e+03
-8.2162345886e+01
-1.7246857910e+03
-3.5176789551e+03
1.7630555420e+03
-7.6203613281e+01
-1.7229195557e+03
-3.5198554688e+03
1.7779885254e+03
-6.6930747986e+01
-1.7209476318e+03
-3.5244650879e+03
1.7966463623e+03
-5.4184566498e+01
-1.7163873291e+03
-3.5268205566e+03
1.8227724609e+03
-3.7381725311e+01
-1.7126099854e+03
-3.5334760742e+03
1.8498284912e+03
-1.6850151062e+01
-1.7029971924e+03
-3.5307502441e+03
1.8887185059e+03
8.2405395508e+00
-1.6993062744e+03
-3.5407841797e+03
1.9174012451e+03
3.4469879150e+01
-1.6818680420e+03
-3.5217399902e+03
1.9742326660e+03
6.2886409760e+01
-1.6965557861e+03
-3.5562407227e+03
1.9711702881e+03
7.9941619873e+01
-1.6597425537e+03
-3.4768156738e+03
1.9890489502e+03
7.1266578674e+01
-1.7003450928e+03
-3.4938139648e+03
1.1336464844e+03
-2.6024761963e+02
-1.5693038330e+03
-2.7023010254e+03
1.1720848389e+03
-1.9452352905e+02
-1.5408896484e+03
-2.7210781250e+03
1.1350181885e+03
-1.8063305664e+02
-1.5083591309e+03
-2.6830439453e+03
1.1279193115e+03
-1.8678668213e+02
-1.5332280273e+03
-2.7157480469e+03
1.0910007324e+03
-2.0119059753e+02
-1.5329111328e+03
-2.6975566406e+03
1.0693052979e+03
-2.1605450439e+02
-1.5471961670e+03
-2.7051433105e+03
1.0427342529e+03
-2.3082762146e+02
-1.5527565918e+03
-2.6981291504e+03
1.0240743408e+03
-2.4343588257e+02
-1.5614086914e+03
-2.6995859375e+03
1.0067190552e+03
-2.5392741394e+02
-1.5659566650e+03
-2.6962187500e+03
9.9486437988e+02
-2.6180114746e+02
-1.5705019531e+03
-2.6958955078e+03
9.8626965332e+02
-2.6711056519e+02
-1.5727807617e+03
-2.6943015137e+03
9.8225012207e+02
-2.6978216553e+02
-1.5741187744e+03
-2.6940690918e+03
9.8225012207e+02
-2.6978216553e+02
-1.5741187744e+03
-2.6940690918e+03
9.8626965332e+02
-2.6711056519e+02
-1.5727807617e+03
-2.6943015137e+03
9.9486437988e+02
-2.6180114746e+02
-1.5705019531e+03
-2.6958955078e+03
1.0067190552e+03
-2.5392741394e+02
-1.5659566650e+03
-2.6962187500e+03
1.0240743408e+03
-2.4343588257e+02
-1.5614086914e+03
-2.6995859375e+03
1.0427342529e+03
-2.3082762146e+02
-1.5527565918e+03
-2.6981291504e+03
1.0693052979e+03
-2.1605450439e+02
-1.5471961670e+03
-2.7051433105e+03
1.0910007324e+03
-2.0119059753e+02
-1.5329111328e+03
-2.6975566406e+03
1.1279193115e+03
-1.8678668213e+02
-1.5332280273e+03
-2.7157480469e+03
1.1350181885e+03
-1.8063305664e+02
-1.5083591309e+03
-2.6830439453e+03
1.1720848389e+03
-1.9452352905e+02
-1.5408896484e+03
-2.7210781250e+03
1.1336464844e+03
-2.6024761963e+02
-1.5693038330e+03
-2.7023010254e+03
2.7825625610e+02
-6.2458166504e+02
-1.3259630127e+03
-1.9378127441e+03
3.1339703369e+02
-5.4201544189e+02
-1.2383394775e+03
-1.8946794434e+03
3.2442913818e+02
-5.1578985596e+02
-1.2229027100e+03
-1.9158978271e+03
2.9866690063e+02
-5.1760028076e+02
-1.2013620605e+03
-1.8893140869e+03
2.8846618652e+02
-5.2707843018e+02
-1.2125805664e+03
-1.9075184326e+03
2.6491690063e+02
-5.4054064941e+02
-1.2133364258e+03
-1.9009266357e+03
2.4984097290e+02
-5.5316986084e+02
-1.2225649414e+03
-1.9085930176e+03
2.3248786926e+02
-5.6483947754e+02
-1.2269329834e+03
-1.9074239502e+03
2.2045994568e+02
-5.7440460205e+02
-1.2331256104e+03
-1.9109239502e+03
2.0987504578e+02
-5.8181994629e+02
-1.2366127930e+03
-1.9110590820e+03
2.0342872620e+02
-5.8681079102e+02
-1.2397165527e+03
-1.9124843750e+03
1.9985998535e+02
-5.8928857422e+02
-1.2410727539e+03
-1.9125369873e+03
1.9985998535e+02
-5.8928857422e+02
-1.2410727539e+03
-1.9125369873e+03
2.0342872620e+02
-5.8681079102e+02
-1.2397165527e+03
-1.9124843750e+03
2.0987504578e+02
-5.8181994629e+02
-1.2366127930e+03
-1.9110590820e+03
2.2045994568e+02
-5.7440460205e+02
-1.2331256104e+03
-1.9109239502e+03
2.3248786926e+02
-5.6483947754e+02
-1.2269329834e+03
-1.9074239502e+03
2.4984097290e+02
-5.5316986084e+02
-1.2225649414e+03
-1.9085930176e+03
2.6491690063e+02
-5.4054064941e+02
-1.2133364258e+03
-1.9009266357e+03
2.8846618652e+02
-5.2707843018e+02
-1.2125805664e+03
-1.9075184326e+03
2.9866690063e+02
-5.1760028076e+02
-1.2013620605e+03
-1.8893140869e+03
3.2442913818e+02
-5.1578985596e+02
-1.2229027100e+03
-1.9158978271e+03
3.1339703369e+02
-5.4201544189e+02
-1.2383394775e+03
-1.8946794434e+03
2.7825625610e+02
-6.2458166504e+02
-1.3259630127e+03
-1.9378127441e+03
-5.9087426758e+02
-9.1633465576e+02
-1.1013483887e+03
-1.0814069824e+03
-5.4005969238e+02
-8.1632995605e+02
-1.0098745117e+03
-1.0484104004e+03
-5.4677362061e+02
-7.8155889893e+02
-9.6534826660e+02
-1.0253187256e+03
-5.4457690430e+02
-7.7544982910e+02
-9.6992266846e+02
-1.0424832764e+03
-5.6577038574e+02
-7.8126971436e+02
-9.6577001953e+02
-1.0328708496e+03
-5.7634558105e+02
-7.9071002197e+02
-9.7820202637e+02
-1.0463394775e+03
-5.9367718506e+02
-8.0163690186e+02
-9.8401654053e+02
-1.0469259033e+03
-6.0509399414e+02
-8.1164782715e+02
-9.9381933594e+02
-1.0551947021e+03
-6.1713592529e+02
-8.2037658691e+02
-9.9973388672e+02
-1.0577561035e+03
-6.2505310059e+02
-8.2718225098e+02
-1.0057338867e+03
-1.0623023682e+03
-6.3121545410e+02
-8.3184332275e+02
-1.0090909424e+03
-1.0640311279e+03
-6.3398925781e+02
-8.3427972412e+02
-1.0109771118e+03
-1.0656168213e+03
-6.3398925781e+02
-8.3427972412e+02
-1.0109771118e+03
-1.0656168213e+03
-6.3121545410e+02
-8.3184332275e+02
-1.0090909424e+03
-1.0640311279e+03
-6.2505310059e+02
-8.2718225098e+02
-1.0057338867e+03
-1.0623023682e+03
-6.1713592529e+02
-8.2037658691e+02
-9.9973388672e+02
-1.0577561035e+03
-6.0509399414e+02
-8.1164782715e+02
-9.9381933594e+02
-1.0551947021e+03
-5.9367718506e+02
-8.0163690186e+02
-9.8401654053e+02
-1.0469259033e+03
-5.7634558105e+02
-7.9071002197e+02
-9.7820202637e+02
-1.0463394775e+03
-5.6577038574e+02
-7.8126971436e+02
-9.6577001953e+02
-1.0328708496e+03
-5.4457690430e+02
-7.7544982910e+02
-9.6992266846e+02
-1.0424832764e+03
-5.4677362061e+02
-7.8155889893e+02
-9.6534826660e+02
-1.0253187256e+03
-5.4005969238e+02
-8.1632995605e+02
-1.0098745117e+03
-1.0484104004e+03
-5.9087426758e+02
-9.1633465576e+02
-1.1013483887e+03
-1.0814069824e+03
-1.4231893311e+03
-1.1998032227e+03
-7.8645483398e+02
-2.3329350281e+02
-1.3851943359e+03
-1.1052110596e+03
-6.8963659668e+02
-1.8463111877e+02
-1.3788793945e+03
-1.0723762207e+03
-6.6216485596e+02
-1.9168338013e+02
-1.3930327148e+03
-1.0701351318e+03
-6.4998083496e+02
-1.8347415161e+02
-1.4001226807e+03
-1.0774909668e+03
-6.6249078369e+02
-2.0493684387e+02
-1.4179000244e+03
-1.0894599609e+03
-6.6839611816e+02
-2.0862095642e+02
-1.4289086914e+03
-1.1014923096e+03
-6.8183422852e+02
-2.2408425903e+02
-1.4427536621e+03
-1.1129139404e+03
-6.9032812500e+02
-2.3075512695e+02
-1.4520075684e+03
-1.1225382080e+03
-6.9996655273e+02
-2.4059068298e+02
-1.4606577148e+03
-1.1300350342e+03
-7.0612133789e+02
-2.4569006348e+02
-1.4657547607e+03
-1.1351986084e+03
-7.1104815674e+02
-2.5051185608e+02
-1.4687111816e+03
-1.1376956787e+03
-7.1341107178e+02
-2.5219438171e+02
-1.4687111816e+03
-1.1376956787e+03
-7.1341107178e+02
-2.5219438171e+02
-1.4657547607e+03
-1.1351986084e+03
-7.1104815674e+02
-2.5051185608e+02
-1.4606577148e+03
-1.1300350342e+03
-7.0612133789e+02
-2.4569006348e+02
-1.4520075684e+03
-1.1225382080e+03
-6.9996655273e+02
-2.4059068298e+02
-1.4427536621e+03
-1.1129139404e+03
-6.9032812500e+02
-2.3075512695e+02
-1.4289086914e+03
-1.1014923096e+03
-6.8183422852e+02
-2.2408425903e+02
-1.4179000244e+03
-1.0894599609e+03
-6.6839611816e+02
-2.0862095642e+02
-1.4001226807e+03
-1.0774909668e+03
-6.6249078369e+02
-2.0493684387e+02
-1.3930327148e+03
-1.0701351318e+03
-6.4998083496e+02
-1.8347415161e+02
-1.3788793945e+03
-1.0723762207e+03
-6.6216485596e+02
-1.9168338013e+02
-1.3851943359e+03
-1.1052110596e+03
-6.8963659668e+02
-1.8463111877e+02
-1.4231893311e+03
-1.1998032227e+03
-7.8645483398e+02
-2.3329350281e+02
-2.2236867676e+03
-1.4121649170e+03
-4.6905368042e+02
6.4677001953e+02
-2.1990305176e+03
-1.3363842773e+03
-3.8956350708e+02
6.7620678711e+02
-2.2110854492e+03
-1.3160972900e+03
-3.6396722412e+02
6.7564825439e+02
-2.2189023438e+03
-1.3200684814e+03
-3.7448513794e+02
6.5222235107e+02
-2.2402832031e+03
-1.3332122803e+03
-3.8331311035e+02
6.4197174072e+02
-2.2532224121e+03
-1.3485599365e+03
-4.0349664307e+02
6.1725952148e+02
-2.2710700684e+03
-1.3639851074e+03
-4.1715093994e+02
6.0445819092e+02
-2.2830310059e+03
-1.3776600342e+03
-4.3296054077e+02
5.8709826660e+02
-2.2953769531e+03
-1.3891203613e+03
-4.4386056519e+02
5.7680206299e+02
-2.3033903809e+03
-1.3980300293e+03
-4.5352127075e+02
5.6663122559e+02
-2.3096782227e+03
-1.4039576416e+03
-4.5937466431e+02
5.6111346436e+02
-2.3124494629e+03
-1.4071356201e+03
-4.6237753296e+02
5.5755413818e+02
-2.3124494629e+03
-1.4071356201e+03
-4.6237753296e+02
5.5755413818e+02
-2.3096782227e+03
-1.4039576416e+03
-4.5937466431e+02
5.6111346436e+02
-2.3033903809e+03
-1.3980300293e+03
-4.5352127075e+02
5.6663122559e+02
-2.2953769531e+03
-1.3891203613e+03
-4.4386056519e+02
5.7680206299e+02
-2.2830310059e+03
-1.3776600342e+03
-4.3296054077e+02
5.8709826660e+02
-2.2710700684e+03
-1.3639851074e+03
-4.1715093994e+02
6.0445819092e+02
-2.2532224121e+03
-1.3485599365e+03
-4.0349664307e+02
6.1725952148e+02
-2.2402832031e+03
-1.3332122803e+03
-3.8331311035e+02
6.4197174072e+02
-2.2189023438e+03
-1.3200684814e+03
-3.7448513794e+02
6.5222235107e+02
-2.2110854492e+03
-1.3160972900e+03
-3.6396722412e+02
6.7564825439e+02
-2.1990305176e+03
-1.3363842773e+03
-3.8956350708e+02
6.7620678711e+02
-2.2236867676e+03
-1.4121649170e+03
-4.6905368042e+02
6.4677001953e+02
-2.9615217285e+03
-1.5943817139e+03
-1.0423757935e+02
1.5021246338e+03
-2.9662932129e+03
-1.5509139404e+03
-5.4230197906e+01
1.5171080322e+03
-2.9871809082e+03
-1.5495385742e+03
-5.4685855865e+01
1.4902968750e+03
-3.0140390625e+03
-1.5675772705e+03
-6.9828033447e+01
1.4686956787e+03
-3.0344082031e+03
-1.5898831787e+03
-9.7881599426e+01
1.4320823975e+03
-3.0593791504e+03
-1.6130052490e+03
-1.1949122620e+02
1.4095767822e+03
-3.0768784180e+03
-1.6338570557e+03
-1.4403387451e+02
1.3813935547e+03
-3.0952243652e+03
-1.6519824219e+03
-1.6191624451e+02
1.3631807861e+03
-3.1078405762e+03
-1.6667954102e+03
-1.7846575928e+02
1.3449943848e+03
-3.1189355469e+03
-1.6778814697e+03
-1.8978289795e+02
1.3335006104e+03
-3.1254916992e+03
-1.6855382080e+03
-1.9795559692e+02
1.3245712891e+03
-3.1292248535e+03
-1.6891051025e+03
-2.0210131836e+02
1.3209277344e+03
-3.1292248535e+03
-1.6891051025e+03
-2.0210131836e+02
1.3209277344e+03
-3.1254916992e+03
-1.6855382080e+03
-1.9795559692e+02
1.3245712891e+03
-3.1189355469e+03
-1.6778814697e+03
-1.8978289795e+02
1.3335006104e+03
-3.1078405762e+03
-1.6667954102e+03
-1.7846575928e+02
1.3449943848e+03
-3.0952243652e+03
-1.6519824219e+03
-1.6191624451e+02
1.3631807861e+03
-3.0768784180e+03
-1.6338570557e+03
-1.4403387451e+02
1.3813935547e+03
-3.0593791504e+03
-1.6130052490e+03
-1.1949122620e+02
1.4095767822e+03
-3.0344082031e+03
-1.5898831787e+03
-9.7881599426e+01
1.4320823975e+03
-3.0140390625e+03
-1.5675772705e+03
-6.9828033447e+01
1.4686956787e+03
-2.9871809082e+03
-1.5495385742e+03
-5.4685855865e+01
1.4902968750e+03
-2.9662932129e+03
-1.5509139404e+03
-5.4230197906e+01
1.5171080322e+03
-2.9615217285e+03
-1.5943817139e+03
-1.0423757935e+02
1.5021246338e+03
-3.6312983398e+03
-1.7205528564e+03
2.5287190247e+02
2.3254738770e+03
-3.6676738281e+03
-1.7195637207e+03
2.6495794678e+02
2.3095634766e+03
-3.7120964355e+03
-1.7446788330e+03
2.4334384155e+02
2.2699492188e+03
-3.7471508789e+03
-1.7788355713e+03
2.0462120056e+02
2.2214919434e+03
-3.7845729980e+03
-1.8137805176e+03
1.7014723206e+02
2.1834641113e+03
-3.8121691895e+03
-1.8456864014e+03
1.3303747559e+02
2.1412553711e+03
-3.8401943359e+03
-1.8737407227e+03
1.0460611725e+02
2.1116926270e+03
-3.8603347168e+03
-1.8972359619e+03
7.8060676575e+01
2.0825351562e+03
-3.8787800293e+03
-1.9159156494e+03
5.8680488586e+01
2.0625446777e+03
-3.8910209961e+03
-1.9301813965e+03
4.3139675140e+01
2.0457185059e+03
-3.9001660156e+03
-1.9393092041e+03
3.3296390533e+01
2.0357733154e+03
-3.9042490234e+03
-1.9442653809e+03
2.8573713303e+01
2.0299693604e+03
-3.9042490234e+03
-1.9442653809e+03
2.8573713303e+01
2.0299693604e+03
-3.9001660156e+03
-1.9393092041e+03
3.3296390533e+01
2.0357733154e+03
-3.8910209961e+03
-1.9301813965e+03
4.3139675140e+01
2.0457185059e+03
-3.8787800293e+03
-1.9159156494e+03
5.8680488586e+01
2.0625446777e+03
-3.8603347168e+03
-1.8972359619e+03
7.8060676575e+01
2.0825351562e+03
-3.8401943359e+03
-1.8737407227e+03
1.0460611725e+02
2.1116926270e+03
-3.8121691895e+03
-1.8456864014e+03
1.3303747559e+02
2.1412553711e+03
-3.7845729980e+03
-1.8137805176e+03
1.7014723206e+02
2.1834641113e+03
-3.7471508789e+03
-1.7788355713e+03
2.0462120056e+02
2.2214919434e+03
-3.7120964355e+03
-1.7446788330e+03
2.4334384155e+02
2.2699492188e+03
-3.6676738281e+03
-1.7195637207e+03
2.6495794678e+02
2.3095634766e+03
-3.6312983398e+03
-1.7205528564e+03
2.5287190247e+02
2.3254738770e+03
-4.2077500000e+03
-1.8154495850e+03
6.0212884521e+02
3.0691406250e+03
-4.2809824219e+03
-1.8594650879e+03
5.7073675537e+02
3.0247233887e+03
-4.3443686523e+03
-1.9119332275e+03
5.1893811035e+02
2.9595231934e+03
-4.4000952148e+03
-1.9651923828e+03
4.6557672119e+02
2.9014880371e+03
-4.4445278320e+03
-2.0133140869e+03
4.1237756348e+02
2.8418283691e+03
-4.4863427734e+03
-2.0557409668e+03
3.6909609985e+02
2.7966105957e+03
-4.5179150391e+03
-2.0915783691e+03
3.2924600220e+02
2.7531704102e+03
-4.5468437500e+03
-2.1210388184e+03
2.9885577393e+02
2.7217216797e+03
-4.5673764648e+03
-2.1445275879e+03
2.7334445190e+02
2.6943403320e+03
-4.5843403320e+03
-2.1615339355e+03
2.5537617493e+02
2.6759050293e+03
-4.5944697266e+03
-2.1733552246e+03
2.4319778442e+02
2.6626396484e+03
-4.6000659180e+03
-2.1786760254e+03
2.3679176331e+02
2.6569406738e+03
-4.6000659180e+03
-2.1786760254e+03
2.3679176331e+02
2.6569406738e+03
-4.5944697266e+03
-2.1733552246e+03
2.4319778442e+02
2.6626396484e+03
-4.5843403320e+03
-2.1615339355e+03
2.5537617493e+02
2.6759050293e+03
-4.5673764648e+03
-2.1445275879e+03
2.7334445190e+02
2.6943403320e+03
-4.5468437500e+03
-2.1210388184e+03
2.9885577393e+02
2.7217216797e+03
-4.5179150391e+03
-2.0915783691e+03
3.2924600220e+02
2.7531704102e+03
-4.4863427734e+03
-2.0557409668e+03
3.6909609985e+02
2.7966105957e+03
-4.4445278320e+03
-2.0133140869e+03
4.1237756348e+02
2.8418283691e+03
-4.4000952148e+03
-1.9651923828e+03
4.6557672119e+02
2.9014880371e+03
-4.3443686523e+03
-1.9119332275e+03
5.1893811035e+02
2.9595231934e+03
-4.2809824219e+03
-1.8594650879e+03
5.7073675537e+02
3.0247233887e+03
-4.2077500000e+03
-1.8154495850e+03
6.0212884521e+02
3.0691406250e+03
-4.6771313477e+03
-1.8742751465e+03
9.0320910645e+02
3.6993840332e+03
-4.7833842773e+03
-1.9619630127e+03
8.3216198730e+02
3.6241821289e+03
-4.8694272461e+03
-2.0416634521e+03
7.5568218994e+02
3.5416462402e+03
-4.9378735352e+03
-2.1123879395e+03
6.8180584717e+02
3.4626120605e+03
-4.9984414062e+03
-2.1739089355e+03
6.1908502197e+02
3.3969116211e+03
-5.0457817383e+03
-2.2259946289e+03
5.6254559326e+02
3.3363242188e+03
-5.0885136719e+03
-2.2694562988e+03
5.1788635254e+02
3.2901938477e+03
-5.1202636719e+03
-2.3048933105e+03
4.7972705078e+02
3.2497065430e+03
-5.1476811523e+03
-2.3322834473e+03
4.5126708984e+02
3.2205195312e+03
-5.1660297852e+03
-2.3531071777e+03
4.2959912109e+02
3.1975808105e+03
-5.1794438477e+03
-2.3659497070e+03
4.1547518921e+02
3.1836064453e+03
-5.1854716797e+03
-2.3731071777e+03
4.0904000854e+02
3.1757790527e+03
-5.1854716797e+03
-2.3731071777e+03
4.0904000854e+02
3.1757790527e+03
-5.1794438477e+03
-2.3659497070e+03
4.1547518921e+02
3.1836064453e+03
-5.1660297852e+03
-2.3531071777e+03
4.2959912109e+02
3.1975808105e+03
-5.1476811523e+03
-2.3322834473e+03
4.5126708984e+02
3.2205195312e+03
-5.1202636719e+03
-2.3048933105e+03
4.7972705078e+02
3.2497065430e+03
-5.0885136719e+03
-2.2694562988e+03
5.1788635254e+02
3.2901938477e+03
-5.0457817383e+03
-2.2259946289e+03
5.6254559326e+02
3.3363242188e+03
-4.9984414062e+03
-2.1739089355e+03
6.1908502197e+02
3.3969116211e+03
-4.9378735352e+03
-2.1123879395e+03
6.8180584717e+02
3.4626120605e+03
-4.8694272461e+03
-2.0416634521e+03
7.5568218994e+02
3.5416462402e+03
-4.7833842773e+03
-1.9619630127e+03
8.3216198730e+02
3.6241821289e+03
-4.6771313477e+03
-1.8742751465e+03
9.0320910645e+02
3.6993840332e+03
-5.0186059570e+03
-1.9120825195e+03
1.1369888916e+03
4.1732963867e+03
-5.1524365234e+03
-2.0337628174e+03
1.0329903564e+03
4.0748093262e+03
-5.2544291992e+03
-2.1346870117e+03
9.3448950195e+02
3.9741767578e+03
-5.3386699219e+03
-2.2202287598e+03
8.4805413818e+02
3.8858837891e+03
-5.4061586914e+03
-2.2922358398e+03
7.7221313477e+02
3.8060302734e+03
-5.4651967773e+03
-2.3525781250e+03
7.1027606201e+02
3.7423327637e+03
-5.5108520508e+03
-2.4023627930e+03
6.5727960205e+02
3.6866523438e+03
-5.5508051758e+03
-2.4423146973e+03
6.1620178223e+02
3.6446477051e+03
-5.5793012695e+03
-2.4739248047e+03
5.8320343018e+02
3.6102082520e+03
-5.6025434570e+03
-2.4962524414e+03
5.5959387207e+02
3.5864267578e+03
-5.6162529297e+03
-2.5121752930e+03
5.4427166748e+02
3.5698740234e+03
-5.6238129883e+03
-2.5189702148e+03
5.3586163330e+02
3.5626398926e+03
-5.6238129883e+03
-2.5189702148e+03
5.3586163330e+02
3.5626398926e+03
-5.6162529297e+03
-2.5121752930e+03
5.4427166748e+02
3.5698740234e+03
-5.6025434570e+03
-2.4962524414e+03
5.5959387207e+02
3.5864267578e+03
-5.5793012695e+03
-2.4739248047e+03
5.8320343018e+02
3.6102082520e+03
-5.5508051758e+03
-2.4423146973e+03
6.1620178223e+02
3.6446477051e+03
-5.5108520508e+03
-2.4023627930e+03
6.5727960205e+02
3.6866523438e+03
-5.4651967773e+03
-2.3525781250e+03
7.1027606201e+02
3.7423327637e+03
-5.4061586914e+03
-2.2922358398e+03
7.7221313477e+02
3.8060302734e+03
-5.3386699219e+03
-2.2202287598e+03
8.4805413818e+02
3.8858837891e+03
-5.2544291992e+03
-2.1346870117e+03
9.3448950195e+02
3.9741767578e+03
-5.1524365234e+03
-2.0337628174e+03
1.0329903564e+03
4.0748093262e+03
-5.0186059570e+03
-1.9120825195e+03
1.1369888916e+03
4.1732963867e+03
-5.2196650391e+03
-1.9318481445e+03
1.2772142334e+03
4.4585219727e+03
-5.3698652344e+03
-2.0744516602e+03
1.1544050293e+03
4.3450703125e+03
-5.4837451172e+03
-2.1888259277e+03
1.0435054932e+03
4.2353803711e+03
-5.5746049805e+03
-2.2833637695e+03
9.4693627930e+02
4.1367802734e+03
-5.6515283203e+03
-2.3623747559e+03
8.6629107666e+02
4.0540385742e+03
-5.7126254883e+03
-2.4279147949e+03
7.9737518311e+02
3.9823076172e+03
-5.7659902344e+03
-2.4816035156e+03
7.4233380127e+02
3.9260129395e+03
-5.8057915039e+03
-2.5250820312e+03
6.9695074463e+02
3.8789731445e+03
-5.8400014648e+03
-2.5581623535e+03
6.6271649170e+02
3.8442944336e+03
-5.8624067383e+03
-2.5836171875e+03
6.3735882568e+02
3.8178762207e+03
-5.8791655273e+03
-2.5985205078e+03
6.2032598877e+02
3.8016145020e+03
-5.8865483398e+03
-2.6074350586e+03
6.1308831787e+02
3.7926127930e+03
-5.8865483398e+03
-2.6074350586e+03
6.1308831787e+02
3.7926127930e+03
-5.8791655273e+03
-2.5985205078e+03
6.2032598877e+02
3.8016145020e+03
-5.8624067383e+03
-2.5836171875e+03
6.3735882568e+02
3.8178762207e+03
-5.8400014648e+03
-2.5581623535e+03
6.6271649170e+02
3.8442944336e+03
-5.8057915039e+03
-2.5250820312e+03
6.9695074463e+02
3.8789731445e+03
-5.7659902344e+03
-2.4816035156e+03
7.4233380127e+02
3.9260129395e+03
-5.7126254883e+03
-2.4279147949e+03
7.9737518311e+02
3.9823076172e+03
-5.6515283203e+03
-2.3623747559e+03
8.6629107666e+02
4.0540385742e+03
-5.5746049805e+03
-2.2833637695e+03
9.4693627930e+02
4.1367802734e+03
-5.4837451172e+03
-2.1888259277e+03
1.0435054932e+03
4.2353803711e+03
-5.3698652344e+03
-2.0744516602e+03
1.1544050293e+03
4.3450703125e+03
-5.2196650391e+03
-1.9318481445e+03
1.2772142334e+03
4.4585219727e+03
-5.2710815430e+03
-1.9401481934e+03
1.3111335449e+03
4.5339848633e+03
-5.4252797852e+03
-2.0860041504e+03
1.1848781738e+03
4.4177143555e+03
-5.5413974609e+03
-2.2030947266e+03
1.0710716553e+03
4.3048222656e+03
-5.6363710938e+03
-2.3000256348e+03
9.7311639404e+02
4.2057753906e+03
-5.7128281250e+03
-2.3808405762e+03
8.8941436768e+02
4.1191601562e+03
-5.7786713867e+03
-2.4478205566e+03
8.2056634521e+02
4.0486437988e+03
-5.8297270508e+03
-2.5029597168e+03
7.6302093506e+02
3.9890939941e+03
-5.8744560547e+03
-2.5467783203e+03
7.1793127441e+02
3.9432275391e+03
-5.9055664062e+03
-2.5816679688e+03
6.8238531494e+02
3.9065771484e+03
-5.9319321289e+03
-2.6056218262e+03
6.5657928467e+02
3.8809460449e+03
-5.9466113281e+03
-2.6237824707e+03
6.4050756836e+02
3.8632922363e+03
-5.9550805664e+03
-2.6305798340e+03
6.3090338135e+02
3.8556215820e+03
-5.9550805664e+03
-2.6305798340e+03
6.3090338135e+02
3.8556215820e+03
-5.9466113281e+03
-2.6237824707e+03
6.4050756836e+02
3.8632922363e+03
-5.9319321289e+03
-2.6056218262e+03
6.5657928467e+02
3.8809460449e+03
-5.9055664062e+03
-2.5816679688e+03
6.8238531494e+02
3.9065771484e+03
-5.8744560547e+03
-2.5467783203e+03
7.1793127441e+02
3.9432275391e+03
-5.8297270508e+03
-2.5029597168e+03
7.6302093506e+02
3.9890939941e+03
-5.7786713867e+03
-2.4478205566e+03
8.2056634521e+02
4.0486437988e+03
-5.7128281250e+03
-2.3808405762e+03
8.8941436768e+02
4.1191601562e+03
-5.6363710938e+03
-2.3000256348e+03
9.7311639404e+02
4.2057753906e+03
-5.5413974609e+03
-2.2030947266e+03
1.0710716553e+03
4.3048222656e+03
-5.4252797852e+03
-2.0860041504e+03
1.1848781738e+03
4.4177143555e+03
-5.2710815430e+03
-1.9401481934e+03
1.3111335449e+03
4.5339848633e+03
-5.1723881836e+03
-1.9380993652e+03
1.2351237793e+03
4.3949243164e+03
-5.3165361328e+03
-2.0696262207e+03
1.1229942627e+03
4.2880957031e+03
-5.4279204102e+03
-2.1786105957e+03
1.0174204712e+03
4.1811225586e+03
-5.5172788086e+03
-2.2706252441e+03
9.2386145020e+02
4.0851621094e+03
-5.5930507812e+03
-2.3480493164e+03
8.4445281982e+02
4.0031086426e+03
-5.6534033203e+03
-2.4127724609e+03
7.7692675781e+02
3.9330759277e+03
-5.7064614258e+03
-2.4656865234e+03
7.2227996826e+02
3.8770163574e+03
-5.7452060547e+03
-2.5089011230e+03
6.7765588379e+02
3.8309741211e+03
-5.7800366211e+03
-2.5413527832e+03
6.4357702637e+02
3.7965163574e+03
-5.8011250000e+03
-2.5671899414e+03
6.1874798584e+02
3.7705192871e+03
-5.8185791016e+03
-2.5808120117e+03
6.0134735107e+02
3.7544763184e+03
-5.8256054688e+03
-2.5907333984e+03
5.9510809326e+02
3.7454240723e+03
-5.8256054688e+03
-2.5907333984e+03
5.9510809326e+02
3.7454240723e+03
-5.8185791016e+03
-2.5808120117e+03
6.0134735107e+02
3.7544763184e+03
-5.8011250000e+03
-2.5671899414e+03
6.1874798584e+02
3.7705192871e+03
-5.7800366211e+03
-2.5413527832e+03
6.4357702637e+02
3.7965163574e+03
-5.7452060547e+03
-2.5089011230e+03
6.7765588379e+02
3.8309741211e+03
-5.7064614258e+03
-2.4656865234e+03
7.2227996826e+02
3.8770163574e+03
-5.6534033203e+03
-2.4127724609e+03
7.7692675781e+02
3.9330759277e+03
-5.5930507812e+03
-2.3480493164e+03
8.4445281982e+02
4.0031086426e+03
-5.5172788086e+03
-2.2706252441e+03
9.2386145020e+02
4.0851621094e+03
-5.4279204102e+03
-2.1786105957e+03
1.0174204712e+03
4.1811225586e+03
-5.3165361328e+03
-2.0696262207e+03
1.1229942627e+03
4.2880957031e+03
-5.1723881836e+03
-1.9380993652e+03
1.2351237793e+03
4.3949243164e+03
-4.9306899414e+03
-1.9238743896e+03
1.0571370850e+03
4.0553417969e+03
-5.0528427734e+03
-2.0245468750e+03
9.7408489990e+02
3.9689953613e+03
-5.1504643555e+03
-2.1154777832e+03
8.8632287598e+02
3.8746030273e+03
-5.2312387695e+03
-2.1959831543e+03
8.0449725342e+02
3.7891044922e+03
-5.2972412109e+03
-2.2653723145e+03
7.3246020508e+02
3.7131711426e+03
-5.3548344727e+03
-2.3238005371e+03
6.7164910889e+02
3.6500148926e+03
-5.3989799805e+03
-2.3726918945e+03
6.2060247803e+02
3.5968740234e+03
-5.4393486328e+03
-2.4114235840e+03
5.7997778320e+02
3.5551970215e+03
-5.4652905273e+03
-2.4430185547e+03
5.4810559082e+02
3.5220712891e+03
-5.4903500977e+03
-2.4637211914e+03
5.2445538330e+02
3.4987258301e+03
-5.5018886719e+03
-2.4817072754e+03
5.1046780396e+02
3.4825859375e+03
-5.5100239258e+03
-2.4859216309e+03
5.0015954590e+02
3.4759287109e+03
-5.5100239258e+03
-2.4859216309e+03
5.0015954590e+02
3.4759287109e+03
-5.5018886719e+03
-2.4817072754e+03
5.1046780396e+02
3.4825859375e+03
-5.4903500977e+03
-2.4637211914e+03
5.2445538330e+02
3.4987258301e+03
-5.4652905273e+03
-2.4430185547e+03
5.4810559082e+02
3.5220712891e+03
-5.4393486328e+03
-2.4114235840e+03
5.7997778320e+02
3.5551970215e+03
-5.3989799805e+03
-2.3726918945e+03
6.2060247803e+02
3.5968740234e+03
-5.3548344727e+03
-2.3238005371e+03
6.7164910889e+02
3.6500148926e+03
-5.2972412109e+03
-2.2653723145e+03
7.3246020508e+02
3.7131711426e+03
-5.2312387695e+03
-2.1959831543e+03
8.0449725342e+02
3.7891044922e+03
-5.1504643555e+03
-2.1154777832e+03
8.8632287598e+02
3.8746030273e+03
-5.0528427734e+03
-2.0245468750e+03
9.7408489990e+02
3.9689953613e+03
-4.9306899414e+03
-1.9238743896e+03
1.0571370850e+03
4.0553417969e+03
-4.5597055664e+03
-1.8934462891e+03
7.9614617920e+02
3.5428818359e+03
-4.6499775391e+03
-1.9511657715e+03
7.5403979492e+02
3.4854431152e+03
-4.7295043945e+03
-2.0164760742e+03
6.9150189209e+02
3.4094470215e+03
-4.7944736328e+03
-2.0807041016e+03
6.2570758057e+02
3.3375771484e+03
-4.8520097656e+03
-2.1381943359e+03
5.6575714111e+02
3.2729001465e+03
-4.8977021484e+03
-2.1883190918e+03
5.1293817139e+02
3.2169584961e+03
-4.9397792969e+03
-2.2298303223e+03
4.6903314209e+02
3.1710217285e+03
-4.9687016602e+03
-2.2647746582e+03
4.3285049438e+02
3.1331640625e+03
-4.9983212891e+03
-2.2904812012e+03
4.0463317871e+02
3.1043564453e+03
-5.0124057617e+03
-2.3124675293e+03
3.8438461304e+02
3.0824335938e+03
-5.0287446289e+03
-2.3212653809e+03
3.6923931885e+02
3.0688828125e+03
-5.0329985352e+03
-2.3327048340e+03
3.6662295532e+02
3.0605627441e+03
-5.0329985352e+03
-2.3327048340e+03
3.6662295532e+02
3.0605627441e+03
-5.0287446289e+03
-2.3212653809e+03
3.6923931885e+02
3.0688828125e+03
-5.0124057617e+03
-2.3124675293e+03
3.8438461304e+02
3.0824335938e+03
-4.9983212891e+03
-2.2904812012e+03
4.0463317871e+02
3.1043564453e+03
-4.9687016602e+03
-2.2647746582e+03
4.3285049438e+02
3.1331640625e+03
-4.9397792969e+03
-2.2298303223e+03
4.6903314209e+02
3.1710217285e+03
-4.8977021484e+03
-2.1883190918e+03
5.1293817139e+02
3.2169584961e+03
-4.8520097656e+03
-2.1381943359e+03
5.6575714111e+02
3.2729001465e+03
-4.7944736328e+03
-2.0807041016e+03
6.2570758057e+02
3.3375771484e+03
-4.7295043945e+03
-2.0164760742e+03
6.9150189209e+02
3.4094470215e+03
-4.6499775391e+03
-1.9511657715e+03
7.5403979492e+02
3.4854431152e+03
-4.5597055664e+03
-1.8934462891e+03
7.9614617920e+02
3.5428818359e+03
-4.0778164062e+03
-1.8397502441e+03
4.7615802002e+02
2.8964482422e+03
-4.1312866211e+03
-1.8475970459e+03
4.8110531616e+02
2.8719978027e+03
-4.1881669922e+03
-1.8833057861e+03
4.4780654907e+02
2.8172839355e+03
-4.2379877930e+03
-1.9283304443e+03
4.0121936035e+02
2.7622910156e+03
-4.2807817383e+03
-1.9724151611e+03
3.5457540894e+02
2.7096154785e+03
-4.3202416992e+03
-2.0118912354e+03
3.1237161255e+02
2.6640754395e+03
-4.3495571289e+03
-2.0465480957e+03
2.7572567749e+02
2.6249531250e+03
-4.3796318359e+03
-2.0739812012e+03
2.4570167542e+02
2.5935195312e+03
-4.3952236328e+03
-2.0978166504e+03
2.2204853821e+02
2.5683020020e+03
-4.4170229492e+03
-2.1120380859e+03
2.0371661377e+02
2.5504663086e+03
-4.4212792969e+03
-2.1286884766e+03
1.9374070740e+02
2.5379399414e+03
-4.4300375977e+03
-2.1261982422e+03
1.8173237610e+02
2.5337885742e+03
-4.4300375977e+03
-2.1261982422e+03
1.8173237610e+02
2.5337885742e+03
-4.4212792969e+03
-2.1286884766e+03
1.9374070740e+02
2.5379399414e+03
-4.4170229492e+03
-2.1120380859e+03
2.0371661377e+02
2.5504663086e+03
-4.3952236328e+03
-2.0978166504e+03
2.2204853821e+02
2.5683020020e+03
-4.3796318359e+03
-2.0739812012e+03
2.4570167542e+02
2.5935195312e+03
-4.3495571289e+03
-2.0465480957e+03
2.7572567749e+02
2.6249531250e+03
-4.3202416992e+03
-2.0118912354e+03
3.1237161255e+02
2.6640754395e+03
-4.2807817383e+03
-1.9724151611e+03
3.5457540894e+02
2.7096154785e+03
-4.2379877930e+03
-1.9283304443e+03
4.0121936035e+02
2.7622910156e+03
-4.1881669922e+03
-1.8833057861e+03
4.4780654907e+02
2.8172839355e+03
-4.1312866211e+03
-1.8475970459e+03
4.8110531616e+02
2.8719978027e+03
-4.0778164062e+03
-1.8397502441e+03
4.7615802002e+02
2.8964482422e+03
-3.5046748047e+03
-1.7564094238e+03
1.2498600769e+02
2.1566271973e+03
-3.5199069824e+03
-1.7139119873e+03
1.7748280334e+02
2.1652717285e+03
-3.5553984375e+03
-1.7194870605e+03
1.7377352905e+02
2.1321643066e+03
-3.5871643066e+03
-1.7453981934e+03
1.4642903137e+02
2.0941130371e+03
-3.6201667480e+03
-1.7753928223e+03
1.1410070038e+02
2.0547946777e+03
-3.6463186035e+03
-1.8051767578e+03
8.2054244995e+01
2.0191435547e+03
-3.6736811523e+03
-1.8309211426e+03
5.3760326385e+01
1.9884210205e+03
-3.6898945312e+03
-1.8543326416e+03
2.9658426285e+01
1.9625419922e+03
-3.7125520020e+03
-1.8705479736e+03
1.0036308289e+01
1.9423625488e+03
-3.7163876953e+03
-1.8868809814e+03
-3.5213563442e+00
1.9266442871e+03
-3.7339663086e+03
-1.8887125244e+03
-1.5110246658e+01
1.9170550537e+03
-3.7308127441e+03
-1.9061741943e+03
-1.0873271942e+01
1.9095989990e+03
-3.7308127441e+03
-1.9061741943e+03
-1.0873271942e+01
1.9095989990e+03
-3.7339663086e+03
-1.8887125244e+03
-1.5110246658e+01
1.9170550537e+03
-3.7163876953e+03
-1.8868809814e+03
-3.5213563442e+00
1.9266442871e+03
-3.7125520020e+03
-1.8705479736e+03
1.0036308289e+01
1.9423625488e+03
-3.6898945312e+03
-1.8543326416e+03
2.9658426285e+01
1.9625419922e+03
-3.6736811523e+03
-1.8309211426e+03
5.3760326385e+01
1.9884210205e+03
-3.6463186035e+03
-1.8051767578e+03
8.2054244995e+01
2.0191435547e+03
-3.6201667480e+03
-1.7753928223e+03
1.1410070038e+02
2.0547946777e+03
-3.5871643066e+03
-1.7453981934e+03
1.4642903137e+02
2.0941130371e+03
-3.5553984375e+03
-1.7194870605e+03
1.7377352905e+02
2.1321643066e+03
-3.5199069824e+03
-1.7139119873e+03
1.7748280334e+02
2.1652717285e+03
-3.5046748047e+03
-1.7564094238e+03
1.2498600769e+02
2.1566271973e+03
-2.8591987305e+03
-1.6363079834e+03
-2.3269010925e+02
1.3629201660e+03
-2.8401618652e+03
-1.5487094727e+03
-1.3808070374e+02
1.4001407471e+03
-2.8550258789e+03
-1.5275310059e+03
-1.1551901245e+02
1.3863426514e+03
-2.8737458496e+03
-1.5361345215e+03
-1.2532895660e+02
1.3638206787e+03
-2.8936640625e+03
-1.5541756592e+03
-1.4527490234e+02
1.3364180908e+03
-2.9154777832e+03
-1.5742243652e+03
-1.6744770813e+02
1.3105999756e+03
-2.9306076660e+03
-1.5942000732e+03
-1.8855441284e+02
1.2873248291e+03
-2.9509201660e+03
-1.6099326172e+03
-2.0698553467e+02
1.2677960205e+03
-2.9565046387e+03
-1.6262712402e+03
-2.2155281067e+02
1.2515938721e+03
-2.9774582520e+03
-1.6333728027e+03
-2.3434931946e+02
1.2398089600e+03
-2.9691706543e+03
-1.6494243164e+03
-2.3943959045e+02
1.2307884521e+03
-2.9870749512e+03
-1.6321228027e+03
-2.5591030884e+02
1.2296733398e+03
-2.9870749512e+03
-1.6321228027e+03
-2.5591030884e+02
1.2296733398e+03
-2.9691706543e+03
-1.6494243164e+03
-2.3943959045e+02
1.2307884521e+03
-2.9774582520e+03
-1.6333728027e+03
-2.3434931946e+02
1.2398089600e+03
-2.9565046387e+03
-1.6262712402e+03
-2.2155281067e+02
1.2515938721e+03
-2.9509201660e+03
-1.6099326172e+03
-2.0698553467e+02
1.2677960205e+03
-2.9306076660e+03
-1.5942000732e+03
-1.8855441284e+02
1.2873248291e+03
-2.9154777832e+03
-1.5742243652e+03
-1.6744770813e+02
1.3105999756e+03
-2.8936640625e+03
-1.5541756592e+03
-1.4527490234e+02
1.3364180908e+03
-2.8737458496e+03
-1.5361345215e+03
-1.2532895660e+02
1.3638206787e+03
-2.8550258789e+03
-1.5275310059e+03
-1.1551901245e+02
1.3863426514e+03
-2.8401618652e+03
-1.5487094727e+03
-1.3808070374e+02
1.4001407471e+03
-2.8591987305e+03
-1.6363079834e+03
-2.3269010925e+02
1.3629201660e+03
-2.1580700684e+03
-1.4750972900e+03
-5.7474066162e+02
5.4781207275e+02
-2.1111960449e+03
-1.3527762451e+03
-4.4822604370e+02
6.0608007812e+02
-2.1114069824e+03
-1.3108713379e+03
-4.0556246948e+02
6.0664703369e+02
-2.1174836426e+03
-1.3064715576e+03
-4.0225491333e+02
5.9611492920e+02
-2.1318759766e+03
-1.3148615723e+03
-4.1223101807e+02
5.7794958496e+02
-2.1433623047e+03
-1.3286697998e+03
-4.2740069580e+02
5.5953186035e+02
-2.1598649902e+03
-1.3419072266e+03
-4.4289178467e+02
5.4218756104e+02
-2.1663803711e+03
-1.3564720459e+03
-4.5656484985e+02
5.2725109863e+02
-2.1849169922e+03
-1.3641032715e+03
-4.6897549438e+02
5.1584698486e+02
-2.1783520508e+03
-1.3781838379e+03
-4.7561267090e+02
5.0741918945e+02
-2.2074016113e+03
-1.3732104492e+03
-4.8581530762e+02
5.0361602783e+02
-2.1807707520e+03
-1.4091199951e+03
-4.7222711182e+02
4.9762121582e+02
-2.1807707520e+03
-1.4091199951e+03
-4.7222711182e+02
4.9762121582e+02
-2.2074016113e+03
-1.3732104492e+03
-4.8581530762e+02
5.0361602783e+02
-2.1783520508e+03
-1.3781838379e+03
-4.7561267090e+02
5.0741918945e+02
-2.1849169922e+03
-1.3641032715e+03
-4.6897549438e+02
5.1584698486e+02
-2.1663803711e+03
-1.3564720459e+03
-4.5656484985e+02
5.2725109863e+02
-2.1598649902e+03
-1.3419072266e+03
-4.4289178467e+02
5.4218756104e+02
-2.1433623047e+03
-1.3286697998e+03
-4.2740069580e+02
5.5953186035e+02
-2.1318759766e+03
-1.3148615723e+03
-4.1223101807e+02
5.7794958496e+02
-2.1174836426e+03
-1.3064715576e+03
-4.0225491333e+02
5.9611492920e+02
-2.1114069824e+03
-1.3108713379e+03
-4.0556246948e+02
6.0664703369e+02
-2.1111960449e+03
-1.3527762451e+03
-4.4822604370e+02
6.0608007812e+02
-2.1580700684e+03
-1.4750972900e+03
-5.7474066162e+02
5.4781207275e+02
-1.4161276855e+03
-1.2697952881e+03
-8.8553326416e+02
-2.6163613892e+02
-1.3517713623e+03
-1.1265010986e+03
-7.4078784180e+02
-1.9277603149e+02
-1.3415899658e+03
-1.0723112793e+03
-6.8655157471e+02
-1.8389686584e+02
-1.3426793213e+03
-1.0598436279e+03
-6.7524761963e+02
-1.8743464661e+02
-1.3494346924e+03
-1.0630894775e+03
-6.7957312012e+02
-2.0021301270e+02
-1.3612758789e+03
-1.0716470947e+03
-6.9058770752e+02
-2.1451580811e+02
-1.3669420166e+03
-1.0838070068e+03
-7.0271343994e+02
-2.2966806030e+02
-1.3817949219e+03
-1.0917303467e+03
-7.1609381104e+02
-2.4299333191e+02
-1.3773818359e+03
-1.1058791504e+03
-7.2526226807e+02
-2.5517015076e+02
-1.4011878662e+03
-1.1027816162e+03
-7.3780145264e+02
-2.6474307251e+02
-1.3682736816e+03
-1.1224302979e+03
-7.3562030029e+02
-2.7305395508e+02
-1.4296893311e+03
-1.0759825439e+03
-7.5884045410e+02
-2.7250231934e+02
-1.4296893311e+03
-1.0759825439e+03
-7.5884045410e+02
-2.7250231934e+02
-1.3682736816e+03
-1.1224302979e+03
-7.3562030029e+02
-2.7305395508e+02
-1.4011878662e+03
-1.1027816162e+03
-7.3780145264e+02
-2.6474307251e+02
-1.3773818359e+03
-1.1058791504e+03
-7.2526226807e+02
-2.5517015076e+02
-1.3817949219e+03
-1.0917303467e+03
-7.1609381104e+02
-2.4299333191e+02
-1.3669420166e+03
-1.0838070068e+03
-7.0271343994e+02
-2.2966806030e+02
-1.3612758789e+03
-1.0716470947e+03
-6.9058770752e+02
-2.1451580811e+02
-1.3494346924e+03
-1.0630894775e+03
-6.7957312012e+02
-2.0021301270e+02
-1.3426793213e+03
-1.0598436279e+03
-6.7524761963e+02
-1.8743464661e+02
-1.3415899658e+03
-1.0723112793e+03
-6.8655157471e+02
-1.8389686584e+02
-1.3517713623e+03
-1.1265010986e+03
-7.4078784180e+02
-1.9277603149e+02
-1.4161276855e+03
-1.2697952881e+03
-8.8553326416e+02
-2.6163613892e+02
-6.4720727539e+02
-1.0217895508e+03
-1.1539475098e+03
-1.0458903809e+03
-5.7584405518e+02
-8.7353546143e+02
-1.0064162598e+03
-9.7781005859e+02
-5.6435980225e+02
-8.1588983154e+02
-9.5029547119e+02
-9.6708544922e+02
-5.6205682373e+02
-8.0251385498e+02
-9.3634472656e+02
-9.6926312256e+02
-5.7180053711e+02
-8.0287951660e+02
-9.3993652344e+02
-9.7899365234e+02
-5.7665313721e+02
-8.1281188965e+02
-9.4804235840e+02
-9.9373657227e+02
-5.9101196289e+02
-8.1926159668e+02
-9.6160369873e+02
-1.0065838623e+03
-5.8754315186e+02
-8.3420227051e+02
-9.7084539795e+02
-1.0228858643e+03
-6.0878265381e+02
-8.3268225098e+02
-9.8685791016e+02
-1.0378510742e+03
-5.8086840820e+02
-8.5607763672e+02
-9.8949353027e+02
-1.0521206055e+03
-6.2887091064e+02
-8.2932739258e+02
-1.0122830200e+03
-1.0637398682e+03
-5.0414663696e+02
-8.9321228027e+02
-9.9318066406e+02
-1.0746939697e+03
-5.0414663696e+02
-8.9321228027e+02
-9.9318066406e+02
-1.0746939697e+03
-6.2887091064e+02
-8.2932739258e+02
-1.0122830200e+03
-1.0637398682e+03
-5.8086840820e+02
-8.5607763672e+02
-9.8949353027e+02
-1.0521206055e+03
-6.0878265381e+02
-8.3268225098e+02
-9.8685791016e+02
-1.0378510742e+03
-5.8754315186e+02
-8.3420227051e+02
-9.7084539795e+02
-1.0228858643e+03
-5.9101196289e+02
-8.1926159668e+02
-9.6160369873e+02
-1.0065838623e+03
-5.7665313721e+02
-8.1281188965e+02
-9.4804235840e+02
-9.9373657227e+02
-5.7180053711e+02
-8.0287951660e+02
-9.3993652344e+02
-9.7899365234e+02
-5.6205682373e+02
-8.0251385498e+02
-9.3634472656e+02
-9.6926312256e+02
-5.6435980225e+02
-8.1588983154e+02
-9.5029547119e+02
-9.6708544922e+02
-5.7584405518e+02
-8.7353546143e+02
-1.0064162598e+03
-9.7781005859e+02
-6.4720727539e+02
-1.0217895508e+03
-1.1539475098e+03
-1.0458903809e+03
1.3517590332e+02
-7.3537329102e+02
-1.3758112793e+03
-1.7909357910e+03
2.0110369873e+02
-5.9773730469e+02
-1.2415477295e+03
-1.7348250732e+03
2.0864154053e+02
-5.4698260498e+02
-1.1925664062e+03
-1.7289965820e+03
2.0440655518e+02
-5.3785180664e+02
-1.1823958740e+03
-1.7335172119e+03
1.9331314087e+02
-5.4192010498e+02
-1.1882327881e+03
-1.7442243652e+03
1.8029876709e+02
-5.5319769287e+02
-1.1975856934e+03
-1.7589127197e+03
1.7019966125e+02
-5.6305688477e+02
-1.2113218994e+03
-1.7717033691e+03
1.5941419983e+02
-5.7502508545e+02
-1.2211457520e+03
-1.7867655029e+03
1.5500686646e+02
-5.8096563721e+02
-1.2334107666e+03
-1.8009305420e+03
1.4836930847e+02
-5.9025006104e+02
-1.2393983154e+03
-1.8097932129e+03
1.4392626953e+02
-5.8762512207e+02
-1.2354986572e+03
-1.8249210205e+03
1.7371961975e+02
-5.4571270752e+02
-1.2526700439e+03
-1.8223024902e+03
1.7371961975e+02
-5.4571270752e+02
-1.2526700439e+03
-1.8223024902e+03
1.4392626953e+02
-5.8762512207e+02
-1.2354986572e+03
-1.8249210205e+03
1.4836930847e+02
-5.9025006104e+02
-1.2393983154e+03
-1.8097932129e+03
1.5500686646e+02
-5.8096563721e+02
-1.2334107666e+03
-1.8009305420e+03
1.5941419983e+02
-5.7502508545e+02
-1.2211457520e+03
-1.7867655029e+03
1.7019966125e+02
-5.6305688477e+02
-1.2113218994e+03
-1.7717033691e+03
1.8029876709e+02
-5.5319769287e+02
-1.1975856934e+03
-1.7589127197e+03
1.9331314087e+02
-5.4192010498e+02
-1.1882327881e+03
-1.7442243652e+03
2.0440655518e+02
-5.3785180664e+02
-1.1823958740e+03
-1.7335172119e+03
2.0864154053e+02
-5.4698260498e+02
-1.1925664062e+03
-1.7289965820e+03
2.0110369873e+02
-5.9773730469e+02
-1.2415477295e+03
-1.7348250732e+03
1.3517590332e+02
-7.3537329102e+02
-1.3758112793e+03
-1.7909357910e+03
9.1680694580e+02
-4.1949499512e+02
-1.5510019531e+03
-2.4882612305e+03
9.6725097656e+02
-3.0691339111e+02
-1.4446258545e+03
-2.4537199707e+03
9.6269464111e+02
-2.7194174194e+02
-1.4109505615e+03
-2.4592094727e+03
9.4950384521e+02
-2.7278585815e+02
-1.4108233643e+03
-2.4696892090e+03
9.2791351318e+02
-2.8504492188e+02
-1.4217567139e+03
-2.4851804199e+03
9.1029370117e+02
-3.0153463745e+02
-1.4366365967e+03
-2.5005161133e+03
8.8896875000e+02
-3.1682507324e+02
-1.4513682861e+03
-2.5151633301e+03
8.7824078369e+02
-3.3197805786e+02
-1.4644324951e+03
-2.5279577637e+03
8.5787695312e+02
-3.4148861694e+02
-1.4756162109e+03
-2.5375561523e+03
8.5714208984e+02
-3.5323492432e+02
-1.4810585938e+03
-2.5462785645e+03
8.3452331543e+02
-3.5114929199e+02
-1.4882750244e+03
-2.5477087402e+03
8.0604302979e+02
-3.6831405640e+02
-1.4772506104e+03
-2.5548850098e+03
8.0604302979e+02
-3.6831405640e+02
-1.4772506104e+03
-2.5548850098e+03
8.3452331543e+02
-3.5114929199e+02
-1.4882750244e+03
-2.5477087402e+03
8.5714208984e+02
-3.5323492432e+02
-1.4810585938e+03
-2.5462785645e+03
8.5787695312e+02
-3.4148861694e+02
-1.4756162109e+03
-2.5375561523e+03
8.7824078369e+02
-3.3197805786e+02
-1.4644324951e+03
-2.5279577637e+03
8.8896875000e+02
-3.1682507324e+02
-1.4513682861e+03
-2.5151633301e+03
9.1029370117e+02
-3.0153463745e+02
-1.4366365967e+03
-2.5005161133e+03
9.2791351318e+02
-2.8504492188e+02
-1.4217567139e+03
-2.4851804199e+03
9.4950384521e+02
-2.7278585815e+02
-1.4108233643e+03
-2.4696892090e+03
9.6269464111e+02
-2.7194174194e+02
-1.4109505615e+03
-2.4592094727e+03
9.6725097656e+02
-3.0691339111e+02
-1.4446258545e+03
-2.4537199707e+03
9.1680694580e+02
-4.1949499512e+02
-1.5510019531e+03
-2.4882612305e+03
1.6800788574e+03
-8.5657043457e+01
-1.6839042969e+03
-3.1297656250e+03
1.7060466309e+03
-9.4567966461e+00
-1.6166593018e+03
-3.1248869629e+03
1.6859906006e+03
2.7997870445e+00
-1.6056364746e+03
-3.1462009277e+03
1.6573497314e+03
-1.2588193893e+01
-1.6195123291e+03
-3.1674724121e+03
1.6276036377e+03
-3.6158439636e+01
-1.6401225586e+03
-3.1903654785e+03
1.5962584229e+03
-6.0225204468e+01
-1.6621232910e+03
-3.2105559082e+03
1.5739360352e+03
-8.3750503540e+01
-1.6818544922e+03
-3.2288937988e+03
1.5464216309e+03
-1.0157545471e+02
-1.6997264404e+03
-3.2435134277e+03
1.5365196533e+03
-1.2063776398e+02
-1.7125900879e+03
-3.2558686523e+03
1.5104289551e+03
-1.2801033020e+02
-1.7260557861e+03
-3.2637949219e+03
1.5157086182e+03
-1.4714236450e+02
-1.7318160400e+03
-3.2710786133e+03
1.5267995605e+03
-1.5049996948e+02
-1.7435015869e+03
-3.2704223633e+03
1.5267995605e+03
-1.5049996948e+02
-1.7435015869e+03
-3.2704223633e+03
1.5157086182e+03
-1.4714236450e+02
-1.7318160400e+03
-3.2710786133e+03
1.5104289551e+03
-1.2801033020e+02
-1.7260557861e+03
-3.2637949219e+03
1.5365196533e+03
-1.2063776398e+02
-1.7125900879e+03
-3.2558686523e+03
1.5464216309e+03
-1.0157545471e+02
-1.6997264404e+03
-3.2435134277e+03
1.5739360352e+03
-8.3750503540e+01
-1.6818544922e+03
-3.2288937988e+03
1.5962584229e+03
-6.0225204468e+01
-1.6621232910e+03
-3.2105559082e+03
1.6276036377e+03
-3.6158439636e+01
-1.6401225586e+03
-3.1903654785e+03
1.6573497314e+03
-1.2588193893e+01
-1.6195123291e+03
-3.1674724121e+03
1.6859906006e+03
2.7997870445e+00
-1.6056364746e+03
-3.1462009277e+03
1.7060466309e+03
-9.4567966461e+00
-1.6166593018e+03
-3.1248869629e+03
1.6800788574e+03
-8.5657043457e+01
-1.6839042969e+03
-3.1297656250e+03
2.4016420898e+03
2.4894218445e+02
-1.7790688477e+03
-3.7056853027e+03
2.3983452148e+03
2.8139682007e+02
-1.7579576416e+03
-3.7350258789e+03
2.3580681152e+03
2.6713296509e+02
-1.7740284424e+03
-3.7755893555e+03
2.3158857422e+03
2.3407087708e+02
-1.8048181152e+03
-3.8110922852e+03
2.2713317871e+03
1.9844172668e+02
-1.8375848389e+03
-3.8437478027e+03
2.2353127441e+03
1.6404803467e+02
-1.8681676025e+03
-3.8722773438e+03
2.1988190918e+03
1.3509548950e+02
-1.8953201904e+03
-3.8961599121e+03
2.1767324219e+03
1.0856584167e+02
-1.9172360840e+03
-3.9165283203e+03
2.1474965820e+03
9.1603363037e+01
-1.9364149170e+03
-3.9321230469e+03
2.1431687012e+03
7.1766265869e+01
-1.9476907959e+03
-3.9447739258e+03
2.1219208984e+03
7.1230850220e+01
-1.9586558838e+03
-3.9520270996e+03
2.1075842285e+03
7.0462944031e+01
-1.9599201660e+03
-3.9583168945e+03
2.1075842285e+03
7.0462944031e+01
-1.9599201660e+03
-3.9583168945e+03
2.1219208984e+03
7.1230850220e+01
-1.9586558838e+03
-3.9520270996e+03
2.1431687012e+03
7.1766265869e+01
-1.9476907959e+03
-3.9447739258e+03
2.1474965820e+03
9.1603363037e+01
-1.9364149170e+03
-3.9321230469e+03
2.1767324219e+03
1.0856584167e+02
-1.9172360840e+03
-3.9165283203e+03
2.1988190918e+03
1.3509548950e+02
-1.8953201904e+03
-3.8961599121e+03
2.2353127441e+03
1.6404803467e+02
-1.8681676025e+03
-3.8722773438e+03
2.2713317871e+03
1.9844172668e+02
-1.8375848389e+03
-3.8437478027e+03
2.3158857422e+03
2.3407087708e+02
-1.8048181152e+03
-3.8110922852e+03
2.3580681152e+03
2.6713296509e+02
-1.7740284424e+03
-3.7755893555e+03
2.3983452148e+03
2.8139682007e+02
-1.7579576416e+03
-3.7350258789e+03
2.4016420898e+03
2.4894218445e+02
-1.7790688477e+03
-3.7056853027e+03
3.0499252930e+03
5.6403649902e+02
-1.8431984863e+03
-4.2012416992e+03
3.0149160156e+03
5.5114050293e+02
-1.8700631104e+03
-4.2658706055e+03
2.9556379395e+03
5.0885015869e+02
-1.9143442383e+03
-4.3267685547e+03
2.8961357422e+03
4.5808084106e+02
-1.9630113525e+03
-4.3773735352e+03
2.8429558105e+03
4.0939193726e+02
-2.0084052734e+03
-4.4216489258e+03
2.7934318848e+03
3.6624099731e+02
-2.0485715332e+03
-4.4585659180e+03
2.7568247070e+03
3.2874691772e+02
-2.0823803711e+03
-4.4900673828e+03
2.7197507324e+03
2.9977761841e+02
-2.1107602539e+03
-4.5151035156e+03
2.7011730957e+03
2.7363009644e+02
-2.1317060547e+03
-4.5354082031e+03
2.6730244141e+03
2.6056494141e+02
-2.1495083008e+03
-4.5496035156e+03
2.6681379395e+03
2.4243330383e+02
-2.1578957520e+03
-4.5598720703e+03
2.6670991211e+03
2.3157652283e+02
-2.1633376465e+03
-4.5634897461e+03
2.6670991211e+03
2.3157652283e+02
-2.1633376465e+03
-4.5634897461e+03
2.6681379395e+03
2.4243330383e+02
-2.1578957520e+03
-4.5598720703e+03
2.6730244141e+03
2.6056494141e+02
-2.1495083008e+03
-4.5496035156e+03
2.7011730957e+03
2.7363009644e+02
-2.1317060547e+03
-4.5354082031e+03
2.7197507324e+03
2.9977761841e+02
-2.1107602539e+03
-4.5151035156e+03
2.7568247070e+03
3.2874691772e+02
-2.0823803711e+03
-4.4900673828e+03
2.7934318848e+03
3.6624099731e+02
-2.0485715332e+03
-4.4585659180e+03
2.8429558105e+03
4.0939193726e+02
-2.0084052734e+03
-4.4216489258e+03
2.8961357422e+03
4.5808084106e+02
-1.9630113525e+03
-4.3773735352e+03
2.9556379395e+03
5.0885015869e+02
-1.9143442383e+03
-4.3267685547e+03
3.0149160156e+03
5.5114050293e+02
-1.8700631104e+03
-4.2658706055e+03
3.0499252930e+03
5.6403649902e+02
-1.8431984863e+03
-4.2012416992e+03
3.5887241211e+03
8.3473559570e+02
-1.8818524170e+03
-4.5995742188e+03
3.5247580566e+03
7.7969976807e+02
-1.9527506104e+03
-4.6961250000e+03
3.4462829590e+03
7.1195770264e+02
-2.0229246826e+03
-4.7757768555e+03
3.3745866699e+03
6.4477441406e+02
-2.0880681152e+03
-4.8407968750e+03
3.3080192871e+03
5.8455700684e+02
-2.1450930176e+03
-4.8952822266e+03
3.2547890625e+03
5.3251232910e+02
-2.1938166504e+03
-4.9411201172e+03
3.2057460938e+03
4.8951647949e+02
-2.2345114746e+03
-4.9785341797e+03
3.1727539062e+03
4.5341824341e+02
-2.2671125488e+03
-5.0093930664e+03
3.1381262207e+03
4.2782223511e+02
-2.2935935059e+03
-5.0328793945e+03
3.1241447754e+03
4.0409841919e+02
-2.3113193359e+03
-5.0508740234e+03
3.1052426758e+03
3.9507714844e+02
-2.3258308105e+03
-5.0618876953e+03
3.0957080078e+03
3.9311978149e+02
-2.3333220215e+03
-5.0680341797e+03
3.0957080078e+03
3.9311978149e+02
-2.3333220215e+03
-5.0680341797e+03
3.1052426758e+03
3.9507714844e+02
-2.3258308105e+03
-5.0618876953e+03
3.1241447754e+03
4.0409841919e+02
-2.3113193359e+03
-5.0508740234e+03
3.1381262207e+03
4.2782223511e+02
-2.2935935059e+03
-5.0328793945e+03
3.1727539062e+03
4.5341824341e+02
-2.2671125488e+03
-5.0093930664e+03
3.2057460938e+03
4.8951647949e+02
-2.2345114746e+03
-4.9785341797e+03
3.2547890625e+03
5.3251232910e+02
-2.1938166504e+03
-4.9411201172e+03
3.3080192871e+03
5.8455700684e+02
-2.1450930176e+03
-4.8952822266e+03
3.3745866699e+03
6.4477441406e+02
-2.0880681152e+03
-4.8407968750e+03
3.4462829590e+03
7.1195770264e+02
-2.0229246826e+03
-4.7757768555e+03
3.5247580566e+03
7.7969976807e+02
-1.9527506104e+03
-4.6961250000e+03
3.5887241211e+03
8.3473559570e+02
-1.8818524170e+03
-4.5995742188e+03
3.9808032227e+03
1.0381236572e+03
-1.9019663086e+03
-4.8826333008e+03
3.8933847656e+03
9.5002972412e+02
-2.0077734375e+03
-5.0042270508e+03
3.8015898438e+03
8.6205560303e+02
-2.0983916016e+03
-5.0984287109e+03
3.7170842285e+03
7.8203088379e+02
-2.1762746582e+03
-5.1743061523e+03
3.6455705566e+03
7.1303613281e+02
-2.2425024414e+03
-5.2375922852e+03
3.5818491211e+03
6.5439001465e+02
-2.2979023438e+03
-5.2893745117e+03
3.5339511719e+03
6.0593395996e+02
-2.3435639648e+03
-5.3327285156e+03
3.4896201172e+03
5.6763696289e+02
-2.3806257324e+03
-5.3669653320e+03
3.4628857422e+03
5.3609893799e+02
-2.4087260742e+03
-5.3943637695e+03
3.4346628418e+03
5.1660302734e+02
-2.4306979980e+03
-5.4138261719e+03
3.4231093750e+03
4.9964950562e+02
-2.4429038086e+03
-5.4274038086e+03
3.4170205078e+03
4.8887652588e+02
-2.4479836426e+03
-5.4339238281e+03
3.4170205078e+03
4.8887652588e+02
-2.4479836426e+03
-5.4339238281e+03
3.4231093750e+03
4.9964950562e+02
-2.4429038086e+03
-5.4274038086e+03
3.4346628418e+03
5.1660302734e+02
-2.4306979980e+03
-5.4138261719e+03
3.4628857422e+03
5.3609893799e+02
-2.4087260742e+03
-5.3943637695e+03
3.4896201172e+03
5.6763696289e+02
-2.3806257324e+03
-5.3669653320e+03
3.5339511719e+03
6.0593395996e+02
-2.3435639648e+03
-5.3327285156e+03
3.5818491211e+03
6.5439001465e+02
-2.2979023438e+03
-5.2893745117e+03
3.6455705566e+03
7.1303613281e+02
-2.2425024414e+03
-5.2375922852e+03
3.7170842285e+03
7.8203088379e+02
-2.1762746582e+03
-5.1743061523e+03
3.8015898438e+03
8.6205560303e+02
-2.0983916016e+03
-5.0984287109e+03
3.8933847656e+03
9.5002972412e+02
-2.0077734375e+03
-5.0042270508e+03
3.9808032227e+03
1.0381236572e+03
-1.9019663086e+03
-4.8826333008e+03
4.1961694336e+03
1.1537320557e+03
-1.9075889893e+03
-5.0360629883e+03
4.0949829102e+03
1.0448267822e+03
-2.0346704102e+03
-5.1722949219e+03
3.9938217773e+03
9.4474279785e+02
-2.1373659668e+03
-5.2747602539e+03
3.9052312012e+03
8.5756677246e+02
-2.2228542480e+03
-5.3574301758e+03
3.8259138184e+03
7.8291784668e+02
-2.2941152344e+03
-5.4247124023e+03
3.7631318359e+03
7.2096661377e+02
-2.3534104004e+03
-5.4811264648e+03
3.7070600586e+03
6.6975262451e+02
-2.4019912109e+03
-5.5265541992e+03
3.6676958008e+03
6.2848663330e+02
-2.4408601074e+03
-5.5639584961e+03
3.6309440918e+03
5.9770050049e+02
-2.4715153809e+03
-5.5923051758e+03
3.6108322754e+03
5.7281579590e+02
-2.4929257812e+03
-5.6138271484e+03
3.5927939453e+03
5.5901690674e+02
-2.5085163574e+03
-5.6272500000e+03
3.5845317383e+03
5.5417779541e+02
-2.5173388672e+03
-5.6338886719e+03
3.5845317383e+03
5.5417779541e+02
-2.5173388672e+03
-5.6338886719e+03
3.5927939453e+03
5.5901690674e+02
-2.5085163574e+03
-5.6272500000e+03
3.6108322754e+03
5.7281579590e+02
-2.4929257812e+03
-5.6138271484e+03
3.6309440918e+03
5.9770050049e+02
-2.4715153809e+03
-5.5923051758e+03
3.6676958008e+03
6.2848663330e+02
-2.4408601074e+03
-5.5639584961e+03
3.7070600586e+03
6.6975262451e+02
-2.4019912109e+03
-5.5265541992e+03
3.7631318359e+03
7.2096661377e+02
-2.3534104004e+03
-5.4811264648e+03
3.8259138184e+03
7.8291784668e+02
-2.2941152344e+03
-5.4247124023e+03
3.9052312012e+03
8.5756677246e+02
-2.2228542480e+03
-5.3574301758e+03
3.9938217773e+03
9.4474279785e+02
-2.1373659668e+03
-5.2747602539e+03
4.0949829102e+03
1.0448267822e+03
-2.0346704102e+03
-5.1722949219e+03
4.1961694336e+03
1.1537320557e+03
-1.9075889893e+03
-5.0360629883e+03
4.2153647461e+03
1.1703010254e+03
-1.9017596436e+03
-5.0497431641e+03
4.1106723633e+03
1.0563044434e+03
-2.0344777832e+03
-5.1886958008e+03
4.0095590820e+03
9.5377459717e+02
-2.1398359375e+03
-5.2922578125e+03
3.9176462402e+03
8.6485968018e+02
-2.2262648926e+03
-5.3748642578e+03
3.8416123047e+03
7.9052636719e+02
-2.2983354492e+03
-5.4435366211e+03
3.7738564453e+03
7.2736041260e+02
-2.3578159180e+03
-5.4990454102e+03
3.7229965820e+03
6.7639880371e+02
-2.4066579590e+03
-5.5458222656e+03
3.6772055664e+03
6.3527362061e+02
-2.4459274902e+03
-5.5824086914e+03
3.6473076172e+03
6.0290368652e+02
-2.4760463867e+03
-5.6118041992e+03
3.6203610840e+03
5.8068292236e+02
-2.4988759766e+03
-5.6326464844e+03
3.6063728027e+03
5.6485693359e+02
-2.5128193359e+03
-5.6469873047e+03
3.5987268066e+03
5.5550891113e+02
-2.5187275391e+03
-5.6541718750e+03
3.5987268066e+03
5.5550891113e+02
-2.5187275391e+03
-5.6541718750e+03
3.6063728027e+03
5.6485693359e+02
-2.5128193359e+03
-5.6469873047e+03
3.6203610840e+03
5.8068292236e+02
-2.4988759766e+03
-5.6326464844e+03
3.6473076172e+03
6.0290368652e+02
-2.4760463867e+03
-5.6118041992e+03
3.6772055664e+03
6.3527362061e+02
-2.4459274902e+03
-5.5824086914e+03
3.7229965820e+03
6.7639880371e+02
-2.4066579590e+03
-5.5458222656e+03
3.7738564453e+03
7.2736041260e+02
-2.3578159180e+03
-5.4990454102e+03
3.8416123047e+03
7.9052636719e+02
-2.2983354492e+03
-5.4435366211e+03
3.9176462402e+03
8.6485968018e+02
-2.2262648926e+03
-5.3748642578e+03
4.0095590820e+03
9.5377459717e+02
-2.1398359375e+03
-5.2922578125e+03
4.1106723633e+03
1.0563044434e+03
-2.0344777832e+03
-5.1886958008e+03
4.2153647461e+03
1.1703010254e+03
-1.9017596436e+03
-5.0497431641e+03
4.0349384766e+03
1.0858471680e+03
-1.8842978516e+03
-4.9207241211e+03
3.9387263184e+03
9.8122717285e+02
-2.0060118408e+03
-5.0502514648e+03
3.8420190430e+03
8.8541992188e+02
-2.1037839355e+03
-5.1468564453e+03
3.7580671387e+03
8.0270654297e+02
-2.1850844727e+03
-5.2253862305e+03
3.6813891602e+03
7.3088281250e+02
-2.2527971191e+03
-5.2885258789e+03
3.6216958008e+03
6.7221917725e+02
-2.3092973633e+03
-5.3424316406e+03
3.5675678711e+03
6.2261676025e+02
-2.3555903320e+03
-5.3852260742e+03
3.5292143555e+03
5.8353656006e+02
-2.3928369141e+03
-5.4210507812e+03
3.4947451172e+03
5.5323150635e+02
-2.4220209961e+03
-5.4479619141e+03
3.4737519531e+03
5.3040393066e+02
-2.4428781738e+03
-5.4685664062e+03
3.4572834473e+03
5.1597106934e+02
-2.4571645508e+03
-5.4815312500e+03
3.4499243164e+03
5.0996749878e+02
-2.4650205078e+03
-5.4879121094e+03
3.4499243164e+03
5.0996749878e+02
-2.4650205078e+03
-5.4879121094e+03
3.4572834473e+03
5.1597106934e+02
-2.4571645508e+03
-5.4815312500e+03
3.4737519531e+03
5.3040393066e+02
-2.4428781738e+03
-5.4685664062e+03
3.4947451172e+03
5.5323150635e+02
-2.4220209961e+03
-5.4479619141e+03
3.5292143555e+03
5.8353656006e+02
-2.3928369141e+03
-5.4210507812e+03
3.5675678711e+03
6.2261676025e+02
-2.3555903320e+03
-5.3852260742e+03
3.6216958008e+03
6.7221917725e+02
-2.3092973633e+03
-5.3424316406e+03
3.6813891602e+03
7.3088281250e+02
-2.2527971191e+03
-5.2885258789e+03
3.7580671387e+03
8.0270654297e+02
-2.1850844727e+03
-5.2253862305e+03
3.8420190430e+03
8.8541992188e+02
-2.1037839355e+03
-5.1468564453e+03
3.9387263184e+03
9.8122717285e+02
-2.0060118408e+03
-5.0502514648e+03
4.0349384766e+03
1.0858471680e+03
-1.8842978516e+03
-4.9207241211e+03
3.6668149414e+03
9.0774957275e+02
-1.8506669922e+03
-4.6534799805e+03
3.5873166504e+03
8.2695404053e+02
-1.9479104004e+03
-4.7626547852e+03
3.5051103516e+03
7.4743951416e+02
-2.0301676025e+03
-4.8470087891e+03
3.4267287598e+03
6.7390087891e+02
-2.1003002930e+03
-4.9138510742e+03
3.3629294434e+03
6.1230548096e+02
-2.1602236328e+03
-4.9714145508e+03
3.3031767578e+03
5.5762145996e+02
-2.2103376465e+03
-5.0170585938e+03
3.2592873535e+03
5.1425921631e+02
-2.2519968262e+03
-5.0568662109e+03
3.2188601074e+03
4.7794241333e+02
-2.2856660156e+03
-5.0874902344e+03
3.1918684082e+03
4.5015042114e+02
-2.3117968750e+03
-5.1126718750e+03
3.1686042480e+03
4.2981979370e+02
-2.3313891602e+03
-5.1303715820e+03
3.1555874023e+03
4.1647274780e+02
-2.3439553223e+03
-5.1425893555e+03
3.1483732910e+03
4.0902844238e+02
-2.3496228027e+03
-5.1486362305e+03
3.1483732910e+03
4.0902844238e+02
-2.3496228027e+03
-5.1486362305e+03
3.1555874023e+03
4.1647274780e+02
-2.3439553223e+03
-5.1425893555e+03
3.1686042480e+03
4.2981979370e+02
-2.3313891602e+03
-5.1303715820e+03
3.1918684082e+03
4.5015042114e+02
-2.3117968750e+03
-5.1126718750e+03
3.2188601074e+03
4.7794241333e+02
-2.2856660156e+03
-5.0874902344e+03
3.2592873535e+03
5.1425921631e+02
-2.2519968262e+03
-5.0568662109e+03
3.3031767578e+03
5.5762145996e+02
-2.2103376465e+03
-5.0170585938e+03
3.3629294434e+03
6.1230548096e+02
-2.1602236328e+03
-4.9714145508e+03
3.4267287598e+03
6.7390087891e+02
-2.1003002930e+03
-4.9138510742e+03
3.5051103516e+03
7.4743951416e+02
-2.0301676025e+03
-4.8470087891e+03
3.5873166504e+03
8.2695404053e+02
-1.9479104004e+03
-4.7626547852e+03
3.6668149414e+03
9.0774957275e+02
-1.8506669922e+03
-4.6534799805e+03
3.1352871094e+03
6.5617486572e+02
-1.7986099854e+03
-4.2569833984e+03
3.0813681641e+03
6.0740423584e+02
-1.8602769775e+03
-4.3388364258e+03
3.0128764648e+03
5.4804943848e+02
-1.9200914307e+03
-4.4045483398e+03
2.9534020996e+03
4.9179592896e+02
-1.9757828369e+03
-4.4605415039e+03
2.8929985352e+03
4.3790533447e+02
-2.0244792480e+03
-4.5050395508e+03
2.8482189941e+03
3.9444696045e+02
-2.0666162109e+03
-4.5455190430e+03
2.8043422852e+03
3.5524349976e+02
-2.1017895508e+03
-4.5767993164e+03
2.7740173340e+03
3.2503057861e+02
-2.1306130371e+03
-4.6042602539e+03
2.7460761719e+03
3.0039233398e+02
-2.1533530273e+03
-4.6245205078e+03
2.7286301270e+03
2.8258197021e+02
-2.1699514160e+03
-4.6404731445e+03
2.7152561035e+03
2.7053054810e+02
-2.1810317383e+03
-4.6504775391e+03
2.7093913574e+03
2.6517355347e+02
-2.1869182129e+03
-4.6555502930e+03
2.7093913574e+03
2.6517355347e+02
-2.1869182129e+03
-4.6555502930e+03
2.7152561035e+03
2.7053054810e+02
-2.1810317383e+03
-4.6504775391e+03
2.7286301270e+03
2.8258197021e+02
-2.1699514160e+03
-4.6404731445e+03
2.7460761719e+03
3.0039233398e+02
-2.1533530273e+03
-4.6245205078e+03
2.7740173340e+03
3.2503057861e+02
-2.1306130371e+03
-4.6042602539e+03
2.8043422852e+03
3.5524349976e+02
-2.1017895508e+03
-4.5767993164e+03
2.8482189941e+03
3.9444696045e+02
-2.0666162109e+03
-4.5455190430e+03
2.8929985352e+03
4.3790533447e+02
-2.0244792480e+03
-4.5050395508e+03
2.9534020996e+03
4.9179592896e+02
-1.9757828369e+03
-4.4605415039e+03
3.0128764648e+03
5.4804943848e+02
-1.9200914307e+03
-4.4045483398e+03
3.0813681641e+03
6.0740423584e+02
-1.8602769775e+03
-4.3388364258e+03
3.1352871094e+03
6.5617486572e+02
-1.7986099854e+03
-4.2569833984e+03
2.4768073730e+03
3.4738217163e+02
-1.7148122559e+03
-3.7485935059e+03
2.4478737793e+03
3.3668252563e+02
-1.7371207275e+03
-3.7980290527e+03
2.4029362793e+03
3.0408612061e+02
-1.7728453369e+03
-3.8465991211e+03
2.3509699707e+03
2.6064694214e+02
-1.8115855713e+03
-3.8844899902e+03
2.3113176270e+03
2.2364210510e+02
-1.8485538330e+03
-3.9222517090e+03
2.2676794434e+03
1.8564559937e+02
-1.8812767334e+03
-3.9506401367e+03
2.2379536133e+03
1.5650981140e+02
-1.9095928955e+03
-3.9780520020e+03
2.2078525391e+03
1.3006718445e+02
-1.9330006104e+03
-3.9984130859e+03
2.1882900391e+03
1.1041694641e+02
-1.9515858154e+03
-4.0161804199e+03
2.1708935547e+03
9.5097244263e+01
-1.9655643311e+03
-4.0284379883e+03
2.1611206055e+03
8.5473503113e+01
-1.9748251953e+03
-4.0371408691e+03
2.1555104980e+03
8.0193328857e+01
-1.9792010498e+03
-4.0413212891e+03
2.1555104980e+03
8.0193328857e+01
-1.9792010498e+03
-4.0413212891e+03
2.1611206055e+03
8.5473503113e+01
-1.9748251953e+03
-4.0371408691e+03
2.1708935547e+03
9.5097244263e+01
-1.9655643311e+03
-4.0284379883e+03
2.1882900391e+03
1.1041694641e+02
-1.9515858154e+03
-4.0161804199e+03
2.2078525391e+03
1.3006718445e+02
-1.9330006104e+03
-3.9984130859e+03
2.2379536133e+03
1.5650981140e+02
-1.9095928955e+03
-3.9780520020e+03
2.2676794434e+03
1.8564559937e+02
-1.8812767334e+03
-3.9506401367e+03
2.3113176270e+03
2.2364210510e+02
-1.8485538330e+03
-3.9222517090e+03
2.3509699707e+03
2.6064694214e+02
-1.8115855713e+03
-3.8844899902e+03
2.4029362793e+03
3.0408612061e+02
-1.7728453369e+03
-3.8465991211e+03
2.4478737793e+03
3.3668252563e+02
-1.7371207275e+03
-3.7980290527e+03
2.4768073730e+03
3.4738217163e+02
-1.7148122559e+03
-3.7485935059e+03
1.7229760742e+03
1.8174478531e+01
-1.6036166992e+03
-3.1408159180e+03
1.7234194336e+03
4.2976123810e+01
-1.5861550293e+03
-3.1605092773e+03
1.6902504883e+03
3.0311803818e+01
-1.5970125732e+03
-3.1872482910e+03
1.6643753662e+03
9.1768236160e+00
-1.6204329834e+03
-3.2167973633e+03
1.6252198486e+03
-2.1754749298e+01
-1.6454948730e+03
-3.2390322266e+03
1.6011879883e+03
-4.5220882416e+01
-1.6698728027e+03
-3.2641726074e+03
1.5715832520e+03
-7.0500572205e+01
-1.6913417969e+03
-3.2823249512e+03
1.5530286865e+03
-8.9111778259e+01
-1.7097463379e+03
-3.3002988281e+03
1.5339382324e+03
-1.0575192261e+02
-1.7245919189e+03
-3.3131069336e+03
1.5224688721e+03
-1.1731185913e+02
-1.7357492676e+03
-3.3238530273e+03
1.5132268066e+03
-1.2567073822e+02
-1.7431612549e+03
-3.3304787598e+03
1.5093507080e+03
-1.2944467163e+02
-1.7470190430e+03
-3.3340146484e+03
1.5093507080e+03
-1.2944467163e+02
-1.7470190430e+03
-3.3340146484e+03
1.5132268066e+03
-1.2567073822e+02
-1.7431612549e+03
-3.3304787598e+03
1.5224688721e+03
-1.1731185913e+02
-1.7357492676e+03
-3.3238530273e+03
1.5339382324e+03
-1.0575192261e+02
-1.7245919189e+03
-3.3131069336e+03
1.5530286865e+03
-8.9111778259e+01
-1.7097463379e+03
-3.3002988281e+03
1.5715832520e+03
-7.0500572205e+01
-1.6913417969e+03
-3.2823249512e+03
1.6011879883e+03
-4.5220882416e+01
-1.6698728027e+03
-3.2641726074e+03
1.6252198486e+03
-2.1754749298e+01
-1.6454948730e+03
-3.2390322266e+03
1.6643753662e+03
9.1768236160e+00
-1.6204329834e+03
-3.2167973633e+03
1.6902504883e+03
3.0311803818e+01
-1.5970125732e+03
-3.1872482910e+03
1.7234194336e+03
4.2976123810e+01
-1.5861550293e+03
-3.1605092773e+03
1.7229760742e+03
1.8174478531e+01
-1.6036166992e+03
-3.1408159180e+03
9.1977435303e+02
-3.2923703003e+02
-1.4411168213e+03
-2.4581801758e+03
9.3564916992e+02
-2.7454394531e+02
-1.3910872803e+03
-2.4487436523e+03
9.2897650146e+02
-2.6116265869e+02
-1.3826622314e+03
-2.4656662598e+03
9.0153247070e+02
-2.7708782959e+02
-1.3920321045e+03
-2.4769116211e+03
8.8865460205e+02
-2.8913403320e+02
-1.4076633301e+03
-2.4988312988e+03
8.6210711670e+02
-3.1073223877e+02
-1.4242844238e+03
-2.5126979980e+03
8.4825494385e+02
-3.2549899292e+02
-1.4402709961e+03
-2.5302084961e+03
8.2976544189e+02
-3.4168634033e+02
-1.4541831055e+03
-2.5423669434e+03
8.1915087891e+02
-3.5304312134e+02
-1.4657441406e+03
-2.5542944336e+03
8.0836120605e+02
-3.6282000732e+02
-1.4745893555e+03
-2.5622932129e+03
8.0269122314e+02
-3.6867926025e+02
-1.4806397705e+03
-2.5683007812e+03
7.9913006592e+02
-3.7198043823e+02
-1.4836027832e+03
-2.5710805664e+03
7.9913006592e+02
-3.7198043823e+02
-1.4836027832e+03
-2.5710805664e+03
8.0269122314e+02
-3.6867926025e+02
-1.4806397705e+03
-2.5683007812e+03
8.0836120605e+02
-3.6282000732e+02
-1.4745893555e+03
-2.5622932129e+03
8.1915087891e+02
-3.5304312134e+02
-1.4657441406e+03
-2.5542944336e+03
8.2976544189e+02
-3.4168634033e+02
-1.4541831055e+03
-2.5423669434e+03
8.4825494385e+02
-3.2549899292e+02
-1.4402709961e+03
-2.5302084961e+03
8.6210711670e+02
-3.1073223877e+02
-1.4242844238e+03
-2.5126979980e+03
8.8865460205e+02
-2.8913403320e+02
-1.4076633301e+03
-2.4988312988e+03
9.0153247070e+02
-2.7708782959e+02
-1.3920321045e+03
-2.4769116211e+03
9.2897650146e+02
-2.6116265869e+02
-1.3826622314e+03
-2.4656662598e+03
9.3564916992e+02
-2.7454394531e+02
-1.3910872803e+03
-2.4487436523e+03
9.1977435303e+02
-3.2923703003e+02
-1.4411168213e+03
-2.4581801758e+03
7.9048469543e+01
-6.4154974365e+02
-1.2517322998e+03
-1.7068985596e+03
1.1641965485e+02
-5.6624578857e+02
-1.1796022949e+03
-1.6817054443e+03
1.0502595520e+02
-5.4863751221e+02
-1.1569143066e+03
-1.6799251709e+03
1.0967246246e+02
-5.4130236816e+02
-1.1585140381e+03
-1.6951754150e+03
8.6548889160e+01
-5.5581481934e+02
-1.1676762695e+03
-1.7031536865e+03
8.1385116577e+01
-5.6310131836e+02
-1.1801348877e+03
-1.7202613525e+03
6.4874664307e+01
-5.7702301025e+02
-1.1923154297e+03
-1.7311850586e+03
5.7639747620e+01
-5.8600653076e+02
-1.2036357422e+03
-1.7442797852e+03
4.7117202759e+01
-5.9573767090e+02
-1.2130864258e+03
-1.7532700195e+03
4.1809967041e+01
-6.0203900146e+02
-1.2204658203e+03
-1.7614133301e+03
3.6708709717e+01
-6.0707940674e+02
-1.2254024658e+03
-1.7663509521e+03
3.4837970734e+01
-6.0929876709e+02
-1.2279479980e+03
-1.7691179199e+03
3.4837970734e+01
-6.0929876709e+02
-1.2279479980e+03
-1.7691179199e+03
3.6708709717e+01
-6.0707940674e+02
-1.2254024658e+03
-1.7663509521e+03
4.1809967041e+01
-6.0203900146e+02
-1.2204658203e+03
-1.7614133301e+03
4.7117202759e+01
-5.9573767090e+02
-1.2130864258e+03
-1.7532700195e+03
5.7639747620e+01
-5.8600653076e+02
-1.2036357422e+03
-1.7442797852e+03
6.4874664307e+01
-5.7702301025e+02
-1.1923154297e+03
-1.7311850586e+03
8.1385116577e+01
-5.6310131836e+02
-1.1801348877e+03
-1.7202613525e+03
8.6548889160e+01
-5.5581481934e+02
-1.1676762695e+03
-1.7031536865e+03
1.0967246246e+02
-5.4130236816e+02
-1.1585140381e+03
-1.6951754150e+03
1.0502595520e+02
-5.4863751221e+02
-1.1569143066e+03
-1.6799251709e+03
1.1641965485e+02
-5.6624578857e+02
-1.1796022949e+03
-1.6817054443e+03
7.9048469543e+01
-6.4154974365e+02
-1.2517322998e+03
-1.7068985596e+03
-7.4350323486e+02
-9.5713751221e+02
-9.9428515625e+02
-9.1851342773e+02
-7.1701208496e+02
-8.8151550293e+02
-9.1165252686e+02
-8.7757812500e+02
-6.9671832275e+02
-8.4416400146e+02
-8.8361505127e+02
-8.8523986816e+02
-7.1502020264e+02
-8.5076208496e+02
-8.7990185547e+02
-8.8400292969e+02
-7.0685388184e+02
-8.4784582520e+02
-8.8597204590e+02
-9.0346411133e+02
-7.2090802002e+02
-8.6026226807e+02
-8.9521466064e+02
-9.1331976318e+02
-7.2208251953e+02
-8.6617742920e+02
-9.0557373047e+02
-9.2913342285e+02
-7.3086810303e+02
-8.7573687744e+02
-9.1506439209e+02
-9.3973956299e+02
-7.3367083740e+02
-8.8159442139e+02
-9.2332177734e+02
-9.5076226807e+02
-7.3856127930e+02
-8.8745037842e+02
-9.2972613525e+02
-9.5813623047e+02
-7.4042108154e+02
-8.9068853760e+02
-9.3420056152e+02
-9.6378369141e+02
-7.4203247070e+02
-8.9263671875e+02
-9.3644409180e+02
-9.6637310791e+02
-7.4203247070e+02
-8.9263671875e+02
-9.3644409180e+02
-9.6637310791e+02
-7.4042108154e+02
-8.9068853760e+02
-9.3420056152e+02
-9.6378369141e+02
-7.3856127930e+02
-8.8745037842e+02
-9.2972613525e+02
-9.5813623047e+02
-7.3367083740e+02
-8.8159442139e+02
-9.2332177734e+02
-9.5076226807e+02
-7.3086810303e+02
-8.7573687744e+02
-9.1506439209e+02
-9.3973956299e+02
-7.2208251953e+02
-8.6617742920e+02
-9.0557373047e+02
-9.2913342285e+02
-7.2090802002e+02
-8.6026226807e+02
-8.9521466064e+02
-9.1331976318e+02
-7.0685388184e+02
-8.4784582520e+02
-8.8597204590e+02
-9.0346411133e+02
-7.1502020264e+02
-8.5076208496e+02
-8.7990185547e+02
-8.8400292969e+02
-6.9671832275e+02
-8.4416400146e+02
-8.8361505127e+02
-8.8523986816e+02
-7.1701208496e+02
-8.8151550293e+02
-9.1165252686e+02
-8.7757812500e+02
-7.4350323486e+02
-9.5713751221e+02
-9.9428515625e+02
-9.1851342773e+02
-1.5791936035e+03
-1.1914577637e+03
-7.2972412109e+02
-8.8466621399e+01
-1.5383345947e+03
-1.1130231934e+03
-6.5700122070e+02
-5.7561519623e+01
-1.5581561279e+03
-1.1000397949e+03
-6.3383538818e+02
-4.6764457703e+01
-1.5323192139e+03
-1.0795040283e+03
-6.3482336426e+02
-6.9348670959e+01
-1.5495261230e+03
-1.0899107666e+03
-6.4314874268e+02
-7.7859878540e+01
-1.5430449219e+03
-1.0902321777e+03
-6.5491461182e+02
-9.8650901794e+01
-1.5505447998e+03
-1.0987188721e+03
-6.6618426514e+02
-1.1203617096e+02
-1.5493935547e+03
-1.1026776123e+03
-6.7663659668e+02
-1.2753792572e+02
-1.5530086670e+03
-1.1084248047e+03
-6.8527313232e+02
-1.3840985107e+02
-1.5531738281e+03
-1.1116623535e+03
-6.9202423096e+02
-1.4795458984e+02
-1.5546889648e+03
-1.1146173096e+03
-6.9652935791e+02
-1.5383639526e+02
-1.5548206787e+03
-1.1158287354e+03
-6.9882220459e+02
-1.5707331848e+02
-1.5548206787e+03
-1.1158287354e+03
-6.9882220459e+02
-1.5707331848e+02
-1.5546889648e+03
-1.1146173096e+03
-6.9652935791e+02
-1.5383639526e+02
-1.5531738281e+03
-1.1116623535e+03
-6.9202423096e+02
-1.4795458984e+02
-1.5530086670e+03
-1.1084248047e+03
-6.8527313232e+02
-1.3840985107e+02
-1.5493935547e+03
-1.1026776123e+03
-6.7663659668e+02
-1.2753792572e+02
-1.5505447998e+03
-1.0987188721e+03
-6.6618426514e+02
-1.1203617096e+02
-1.5430449219e+03
-1.0902321777e+03
-6.5491461182e+02
-9.8650901794e+01
-1.5495261230e+03
-1.0899107666e+03
-6.4314874268e+02
-7.7859878540e+01
-1.5323192139e+03
-1.0795040283e+03
-6.3482336426e+02
-6.9348670959e+01
-1.5581561279e+03
-1.1000397949e+03
-6.3383538818e+02
-4.6764457703e+01
-1.5383345947e+03
-1.1130231934e+03
-6.5700122070e+02
-5.7561519623e+01
-1.5791936035e+03
-1.1914577637e+03
-7.2972412109e+02
-8.8466621399e+01
-2.3337495117e+03
-1.4441842041e+03
-3.9157470703e+02
7.3362670898e+02
-2.3479174805e+03
-1.4159299316e+03
-3.2918951416e+02
7.7117645264e+02
-2.3084172363e+03
-1.3824232178e+03
-3.1353344727e+02
7.3986260986e+02
-2.3377089844e+03
-1.4038146973e+03
-3.1746633911e+02
7.3537133789e+02
-2.3190380859e+03
-1.4015084229e+03
-3.2882733154e+02
7.0332446289e+02
-2.3255358887e+03
-1.4135999756e+03
-3.4133532715e+02
6.8462878418e+02
-2.3182453613e+03
-1.4177340088e+03
-3.5396923828e+02
6.6120959473e+02
-2.3194743652e+03
-1.4251435547e+03
-3.6497424316e+02
6.4463433838e+02
-2.3160500488e+03
-1.4289124756e+03
-3.7422113037e+02
6.2912860107e+02
-2.3157839355e+03
-1.4328795166e+03
-3.8120660400e+02
6.1844726562e+02
-2.3142329102e+03
-1.4348040771e+03
-3.8597659302e+02
6.1070538330e+02
-2.3140095215e+03
-1.4360158691e+03
-3.8835855103e+02
6.0706573486e+02
-2.3140095215e+03
-1.4360158691e+03
-3.8835855103e+02
6.0706573486e+02
-2.3142329102e+03
-1.4348040771e+03
-3.8597659302e+02
6.1070538330e+02
-2.3157839355e+03
-1.4328795166e+03
-3.8120660400e+02
6.1844726562e+02
-2.3160500488e+03
-1.4289124756e+03
-3.7422113037e+02
6.2912860107e+02
-2.3194743652e+03
-1.4251435547e+03
-3.6497424316e+02
6.4463433838e+02
-2.3182453613e+03
-1.4177340088e+03
-3.5396923828e+02
6.6120959473e+02
-2.3255358887e+03
-1.4135999756e+03
-3.4133532715e+02
6.8462878418e+02
-2.3190380859e+03
-1.4015084229e+03
-3.2882733154e+02
7.0332446289e+02
-2.3377089844e+03
-1.4038146973e+03
-3.1746633911e+02
7.3537133789e+02
-2.3084172363e+03
-1.3824232178e+03
-3.1353344727e+02
7.3986260986e+02
-2.3479174805e+03
-1.4159299316e+03
-3.2918951416e+02
7.7117645264e+02
-2.3337495117e+03
-1.4441842041e+03
-3.9157470703e+02
7.3362670898e+02
-3.1149428711e+03
-1.5889815674e+03
-8.3837203979e+01
1.5626343994e+03
-3.0907307129e+03
-1.5435476074e+03
-6.9191497803e+01
1.5517214355e+03
-3.1612568359e+03
-1.5740974121e+03
-8.1070556641e+01
1.5583986816e+03
-3.1249897461e+03
-1.5565113525e+03
-1.0327841949e+02
1.5094967041e+03
-3.1405632324e+03
-1.5705021973e+03
-1.2509288025e+02
1.4853046875e+03
-3.1292351074e+03
-1.5720194092e+03
-1.4623825073e+02
1.4511982422e+03
-3.1307514648e+03
-1.5797893066e+03
-1.6388362122e+02
1.4273471680e+03
-3.1236162109e+03
-1.5824033203e+03
-1.7840882874e+02
1.4040845947e+03
-3.1210019531e+03
-1.5860819092e+03
-1.8951782227e+02
1.3873652344e+03
-3.1163081055e+03
-1.5875158691e+03
-1.9764219666e+02
1.3739501953e+03
-3.1141313477e+03
-1.5889547119e+03
-2.0286116028e+02
1.3656000977e+03
-3.1124597168e+03
-1.5894019775e+03
-2.0543655396e+02
1.3612301025e+03
-3.1124597168e+03
-1.5894019775e+03
-2.0543655396e+02
1.3612301025e+03
-3.1141313477e+03
-1.5889547119e+03
-2.0286116028e+02
1.3656000977e+03
-3.1163081055e+03
-1.5875158691e+03
-1.9764219666e+02
1.3739501953e+03
-3.1210019531e+03
-1.5860819092e+03
-1.8951782227e+02
1.3873652344e+03
-3.1236162109e+03
-1.5824033203e+03
-1.7840882874e+02
1.4040845947e+03
-3.1307514648e+03
-1.5797893066e+03
-1.6388362122e+02
1.4273471680e+03
-3.1292351074e+03
-1.5720194092e+03
-1.4623825073e+02
1.4511982422e+03
-3.1405632324e+03
-1.5705021973e+03
-1.2509288025e+02
1.4853046875e+03
-3.1249897461e+03
-1.5565113525e+03
-1.0327841949e+02
1.5094967041e+03
-3.1612568359e+03
-1.5740974121e+03
-8.1070556641e+01
1.5583986816e+03
-3.0907307129e+03
-1.5435476074e+03
-6.9191497803e+01
1.5517214355e+03
-3.1149428711e+03
-1.5889815674e+03
-8.3837203979e+01
1.5626343994e+03
-3.7041882324e+03
-1.7608023682e+03
2.5459753418e+02
2.3021718750e+03
-3.8325512695e+03
-1.8601297607e+03
2.6592291260e+02
2.3296728516e+03
-3.7608662109e+03
-1.8470682373e+03
2.4933529663e+02
2.2424025879e+03
-3.8057753906e+03
-1.8947731934e+03
2.2531219482e+02
2.2148972168e+03
-3.7901677246e+03
-1.9083959961e+03
1.9994993591e+02
2.1634311523e+03
-3.7925234375e+03
-1.9262108154e+03
1.7864875793e+02
2.1295993652e+03
-3.7795776367e+03
-1.9324863281e+03
1.6141279602e+02
2.0967148438e+03
-3.7736411133e+03
-1.9388566895e+03
1.4840867615e+02
2.0741267090e+03
-3.7649133301e+03
-1.9412246094e+03
1.3880570984e+02
2.0559467773e+03
-3.7602116699e+03
-1.9434392090e+03
1.3220117188e+02
2.0441474609e+03
-3.7560791016e+03
-1.9441944580e+03
1.2802049255e+02
2.0363203125e+03
-3.7544721680e+03
-1.9447198486e+03
1.2602001953e+02
2.0327479248e+03
-3.7544721680e+03
-1.9447198486e+03
1.2602001953e+02
2.0327479248e+03
-3.7560791016e+03
-1.9441944580e+03
1.2802049255e+02
2.0363203125e+03
-3.7602116699e+03
-1.9434392090e+03
1.3220117188e+02
2.0441474609e+03
-3.7649133301e+03
-1.9412246094e+03
1.3880570984e+02
2.0559467773e+03
-3.7736411133e+03
-1.9388566895e+03
1.4840867615e+02
2.0741267090e+03
-3.7795776367e+03
-1.9324863281e+03
1.6141279602e+02
2.0967148438e+03
-3.7925234375e+03
-1.9262108154e+03
1.7864875793e+02
2.1295993652e+03
-3.7901677246e+03
-1.9083959961e+03
1.9994993591e+02
2.1634311523e+03
-3.8057753906e+03
-1.8947731934e+03
2.2531219482e+02
2.2148972168e+03
-3.7608662109e+03
-1.8470682373e+03
2.4933529663e+02
2.2424025879e+03
-3.8325512695e+03
-1.8601297607e+03
2.6592291260e+02
2.3296728516e+03
-3.7041882324e+03
-1.7608023682e+03
2.5459753418e+02
2.3021718750e+03
-4.4143945312e+03
-1.8899965820e+03
5.5465527344e+02
2.9948686523e+03
-4.3484067383e+03
-1.8436484375e+03
4.7226977539e+02
2.8802624512e+03
-4.5099394531e+03
-1.9354920654e+03
4.0365658569e+02
2.8811494141e+03
-4.4964125977e+03
-1.9432724609e+03
3.4979287720e+02
2.8125454102e+03
-4.5087280273e+03
-1.9593480225e+03
3.1349490356e+02
2.7754946289e+03
-4.4961689453e+03
-1.9611826172e+03
2.8930139160e+02
2.7413901367e+03
-4.4961464844e+03
-1.9664291992e+03
2.7401409912e+02
2.7237341309e+03
-4.4924936523e+03
-1.9682956543e+03
2.6460018921e+02
2.7116599121e+03
-4.4939072266e+03
-1.9712252197e+03
2.5914688110e+02
2.7065817871e+03
-4.4942954102e+03
-1.9727827148e+03
2.5612963867e+02
2.7039191895e+03
-4.4958398438e+03
-1.9742817383e+03
2.5463801575e+02
2.7033659668e+03
-4.4963896484e+03
-1.9748886719e+03
2.5402810669e+02
2.7031870117e+03
-4.4963896484e+03
-1.9748886719e+03
2.5402810669e+02
2.7031870117e+03
-4.4958398438e+03
-1.9742817383e+03
2.5463801575e+02
2.7033659668e+03
-4.4942954102e+03
-1.9727827148e+03
2.5612963867e+02
2.7039191895e+03
-4.4939072266e+03
-1.9712252197e+03
2.5914688110e+02
2.7065817871e+03
-4.4924936523e+03
-1.9682956543e+03
2.6460018921e+02
2.7116599121e+03
-4.4961464844e+03
-1.9664291992e+03
2.7401409912e+02
2.7237341309e+03
-4.4961689453e+03
-1.9611826172e+03
2.8930139160e+02
2.7413901367e+03
-4.5087280273e+03
-1.9593480225e+03
3.1349490356e+02
2.7754946289e+03
-4.4964125977e+03
-1.9432724609e+03
3.4979287720e+02
2.8125454102e+03
-4.5099394531e+03
-1.9354920654e+03
4.0365658569e+02
2.8811494141e+03
-4.3484067383e+03
-1.8436484375e+03
4.7226977539e+02
2.8802624512e+03
-4.4143945312e+03
-1.8899965820e+03
5.5465527344e+02
2.9948686523e+03
-4.5006108398e+03
-1.8300631104e+03
6.2567102051e+02
3.2612353516e+03
-4.9242749023e+03
-2.1744035645e+03
6.1103375244e+02
3.3616823730e+03
-4.8505375977e+03
-2.2140717773e+03
5.8626312256e+02
3.2592175293e+03
-4.8733442383e+03
-2.2578666992e+03
5.7682366943e+02
3.2435900879e+03
-4.8756279297e+03
-2.2781186523e+03
5.7727984619e+02
3.2371804199e+03
-4.9033818359e+03
-2.2992160645e+03
5.8130493164e+02
3.2534592285e+03
-4.9262866211e+03
-2.3129233398e+03
5.8733374023e+02
3.2725305176e+03
-4.9526298828e+03
-2.3252519531e+03
5.9374011230e+02
3.2948530273e+03
-4.9732524414e+03
-2.3335915527e+03
5.9960479736e+02
3.3141567383e+03
-4.9905957031e+03
-2.3400610352e+03
6.0440612793e+02
3.3302770996e+03
-5.0018212891e+03
-2.3439182129e+03
6.0775610352e+02
3.3412055664e+03
-5.0077587891e+03
-2.3459177246e+03
6.0948541260e+02
3.3468925781e+03
-5.0077587891e+03
-2.3459177246e+03
6.0948541260e+02
3.3468925781e+03
-5.0018212891e+03
-2.3439182129e+03
6.0775610352e+02
3.3412055664e+03
-4.9905957031e+03
-2.3400610352e+03
6.0440612793e+02
3.3302770996e+03
-4.9732524414e+03
-2.3335915527e+03
5.9960479736e+02
3.3141567383e+03
-4.9526298828e+03
-2.3252519531e+03
5.9374011230e+02
3.2948530273e+03
-4.9262866211e+03
-2.3129233398e+03
5.8733374023e+02
3.2725305176e+03
-4.9033818359e+03
-2.2992160645e+03
5.8130493164e+02
3.2534592285e+03
-4.8756279297e+03
-2.2781186523e+03
5.7727984619e+02
3.2371804199e+03
-4.8733442383e+03
-2.2578666992e+03
5.7682366943e+02
3.2435900879e+03
-4.8505375977e+03
-2.2140717773e+03
5.8626312256e+02
3.2592175293e+03
-4.9242749023e+03
-2.1744035645e+03
6.1103375244e+02
3.3616823730e+03
-4.5006108398e+03
-1.8300631104e+03
6.2567102051e+02
3.2612353516e+03
-4.8816455078e+03
-2.2516250000e+03
5.2076422119e+02
3.0506359863e+03
-4.7465351562e+03
-2.1094975586e+03
5.3064733887e+02
3.0761152344e+03
-4.9625659180e+03
-2.1409211426e+03
5.7503265381e+02
3.3002905273e+03
-5.1412319336e+03
-2.1814118652e+03
6.2707641602e+02
3.4841103516e+03
-5.3078115234e+03
-2.2286391602e+03
6.7007061768e+02
3.6403222656e+03
-5.4310034180e+03
-2.2651374512e+03
7.0474426270e+02
3.7572290039e+03
-5.5282871094e+03
-2.2958559570e+03
7.3168572998e+02
3.8470886230e+03
-5.5978808594e+03
-2.3182209473e+03
7.5219561768e+02
3.9122753906e+03
-5.6488032227e+03
-2.3350874023e+03
7.6731396484e+02
3.9594484863e+03
-5.6828647461e+03
-2.3464455566e+03
7.7790118408e+02
3.9914235840e+03
-5.7043173828e+03
-2.3537268066e+03
7.8461553955e+02
4.0114521484e+03
-5.7144052734e+03
-2.3571494141e+03
7.8785803223e+02
4.0209926758e+03
-5.7144052734e+03
-2.3571494141e+03
7.8785803223e+02
4.0209926758e+03
-5.7043173828e+03
-2.3537268066e+03
7.8461553955e+02
4.0114521484e+03
-5.6828647461e+03
-2.3464455566e+03
7.7790118408e+02
3.9914235840e+03
-5.6488032227e+03
-2.3350874023e+03
7.6731396484e+02
3.9594484863e+03
-5.5978808594e+03
-2.3182209473e+03
7.5219561768e+02
3.9122753906e+03
-5.5282871094e+03
-2.2958559570e+03
7.3168572998e+02
3.8470886230e+03
-5.4310034180e+03
-2.2651374512e+03
7.0474426270e+02
3.7572290039e+03
-5.3078115234e+03
-2.2286391602e+03
6.7007061768e+02
3.6403222656e+03
-5.1412319336e+03
-2.1814118652e+03
6.2707641602e+02
3.4841103516e+03
-4.9625659180e+03
-2.1409211426e+03
5.7503265381e+02
3.3002905273e+03
-4.7465351562e+03
-2.1094975586e+03
5.3064733887e+02
3.0761152344e+03
-4.8816455078e+03
-2.2516250000e+03
5.2076422119e+02
3.0506359863e+03
