5.2230191231e-01
1.2117745399e+01
2.3717214584e+01
3.5127529144e+01
4.6286369324e+01
5.7173080444e+01
6.7640365601e+01
7.7698852539e+01
8.7216300964e+01
9.6190895081e+01
1.0451948547e+02
1.1219150543e+02
1.1912923431e+02
1.2532052612e+02
1.3070997620e+02
1.3902252197e+02
1.3528901672e+02
1.4190916443e+02
1.4393247986e+02
1.4510086060e+02
1.4541513062e+02
1.4489479065e+02
1.4355659485e+02
1.4143162537e+02
1.3855111694e+02
1.3495745850e+02
1.3069468689e+02
1.2581558990e+02
1.2037520599e+02
1.1443535614e+02
1.0805995178e+02
1.0131816864e+02
9.4280540466e+01
8.7021591187e+01
7.9616096497e+01
7.2141769409e+01
6.4675064087e+01
5.7294570923e+01
5.0075759888e+01
4.3095581055e+01
3.6425750732e+01
3.0138896942e+01
2.4299676895e+01
1.8974069595e+01
1.4214081764e+01
1.0079796791e+01
6.5969901085e+00
3.8334522247e+00
1.7610818148e+00
5.1479452848e-01
0.0000000000e+00
