8.5686637878e+01
6.0857959747e+01
5.4132705688e+01
5.4132694244e+01
6.0857971191e+01
8.5686653137e+01
-1.1468389511e+01
-8.0019540787e+00
-4.4418205261e+01
-4.4418224335e+01
-8.0019683838e+00
-1.1468405724e+01
-4.8823661804e+01
-1.0866410828e+02
-9.0305805206e+00
-9.0305376053e+00
-1.0866403961e+02
-4.8823650360e+01
-1.3298283386e+02
-6.5292549133e+01
-4.1284896851e+02
-4.1284915161e+02
-6.5292808533e+01
-1.3298291016e+02
-4.3650806427e+01
-9.4849938965e+02
7.7875567627e+02
7.7875665283e+02
-9.4849822998e+02
-4.3650642395e+01
-3.2885693359e+02
4.5698696899e+02
-7.0436142578e+03
-7.0436171875e+03
4.5698294067e+02
-3.2885678101e+02
-6.1161688232e+02
1.7445478516e+03
-1.6280329102e+04
-1.6280338867e+04
1.7445375977e+03
-6.1161700439e+02
-4.5379962921e+01
-2.0786918945e+03
-1.4769455566e+03
-1.4769455566e+03
-2.0786906738e+03
-4.5378932953e+01
-3.5611123657e+02
-7.4199572754e+02
-1.4271940918e+03
-1.4271945801e+03
-7.4199597168e+02
-3.5611093140e+02
-2.7064773560e+02
-5.4011920166e+02
-5.1036257935e+02
-5.1036267090e+02
-5.4011901855e+02
-2.7064749146e+02
-2.5276487732e+02
-2.9545318604e+02
-3.6829141235e+02
-3.6829147339e+02
-2.9545318604e+02
-2.5276481628e+02
-1.1578571320e+02
-1.4061241150e+02
-1.3524414062e+02
-1.3524415588e+02
-1.4061238098e+02
-1.1578566742e+02
2.4051681519e+02
1.9693261719e+02
1.7018135071e+02
1.7018135071e+02
1.9693261719e+02
2.4051683044e+02
3.7377895355e+01
-2.9756231308e+01
-3.6914981842e+01
-3.6914981842e+01
-2.9756237030e+01
3.7377918243e+01
-1.4473533630e+02
-2.2356832886e+02
-3.6280761719e+02
-3.6280767822e+02
-2.2356842041e+02
-1.4473532104e+02
-2.9330181885e+02
-6.2716619873e+02
-4.0664672852e+02
-4.0664663696e+02
-6.2716607666e+02
-2.9330169678e+02
-5.5989141846e+02
-7.7548742676e+02
-2.4983732910e+03
-2.4983742676e+03
-7.7548828125e+02
-5.5989123535e+02
-5.2886383057e+02
-2.5882041016e+03
-4.5850021362e+02
-4.5849932861e+02
-2.5882033691e+03
-5.2886352539e+02
-5.5989599609e+02
-4.1036791992e+03
1.8472996826e+03
1.8473028564e+03
-4.1036757812e+03
-5.5989538574e+02
-1.1789750977e+03
-1.7919088135e+03
-5.1563603516e+03
-5.1563618164e+03
-1.7919101562e+03
-1.1789748535e+03
-1.1222288818e+03
-1.9492104492e+03
-2.0787341309e+03
-2.0787338867e+03
-1.9492102051e+03
-1.1222285156e+03
-1.1197023926e+03
-1.3537351074e+03
-1.6885762939e+03
-1.6885764160e+03
-1.3537351074e+03
-1.1197022705e+03
-9.4338287354e+02
-1.0623483887e+03
-1.1208197021e+03
-1.1208197021e+03
-1.0623483887e+03
-9.4338275146e+02
-7.0758026123e+02
-7.3834967041e+02
-7.6807366943e+02
-7.6807366943e+02
-7.3834967041e+02
-7.0758020020e+02
2.8004714966e+02
2.4994926453e+02
2.3985163879e+02
2.3985163879e+02
2.4994926453e+02
2.8004714966e+02
1.8481466293e+01
-6.2492003441e+00
-4.8784767151e+01
-4.8784790039e+01
-6.2492194176e+00
1.8481445312e+01
-2.6096112061e+02
-3.2998748779e+02
-2.9001495361e+02
-2.9001495361e+02
-3.2998745728e+02
-2.6096112061e+02
-5.8988867188e+02
-6.0704150391e+02
-9.7155133057e+02
-9.7155151367e+02
-6.0704162598e+02
-5.8988873291e+02
-8.6866949463e+02
-1.1205356445e+03
-4.0720156860e+02
-4.0720126343e+02
-1.1205352783e+03
-8.6866949463e+02
-1.3854439697e+03
-6.0144512939e+02
-1.2825520020e+03
-1.2825523682e+03
-6.0144543457e+02
-1.3854439697e+03
-1.7684047852e+03
-1.4457556152e+02
-2.4748435059e+03
-2.4748449707e+03
-1.4457707214e+02
-1.7684047852e+03
-1.5960501709e+03
-1.6322371826e+03
4.2102481079e+02
4.2102539062e+02
-1.6322364502e+03
-1.5960502930e+03
-1.6980666504e+03
-1.5016990967e+03
-1.9560014648e+03
-1.9560018311e+03
-1.5016993408e+03
-1.6980667725e+03
-1.6629935303e+03
-1.7038850098e+03
-1.6635325928e+03
-1.6635327148e+03
-1.7038848877e+03
-1.6629935303e+03
-1.6366180420e+03
-1.6295861816e+03
-1.6963862305e+03
-1.6963862305e+03
-1.6295861816e+03
-1.6366181641e+03
-1.5651243896e+03
-1.5771475830e+03
-1.5909770508e+03
-1.5909770508e+03
-1.5771475830e+03
-1.5651243896e+03
3.4992034912e+02
3.5304129028e+02
3.4546182251e+02
3.4546182251e+02
3.5304125977e+02
3.4992031860e+02
8.1085075378e+01
9.1274734497e+01
1.1019248962e+02
1.1019248962e+02
9.1274726868e+01
8.1085044861e+01
-2.1323059082e+02
-1.7043432617e+02
-2.3039790344e+02
-2.3039791870e+02
-1.7043437195e+02
-2.1323062134e+02
-4.9638473511e+02
-4.4962048340e+02
-2.0233618164e+02
-2.0233612061e+02
-4.4962048340e+02
-4.9638476562e+02
-8.0757897949e+02
-5.0344714355e+02
-8.2509588623e+02
-8.2509606934e+02
-5.0344744873e+02
-8.0757904053e+02
-9.0489617920e+02
-1.1048428955e+03
-8.1578588867e+02
-8.1578564453e+02
-1.1048427734e+03
-9.0489636230e+02
-1.0354447021e+03
-1.6726378174e+03
-6.0640618896e+02
-6.0640533447e+02
-1.6726370850e+03
-1.0354448242e+03
-1.4582730713e+03
-1.1522861328e+03
-2.3759846191e+03
-2.3759848633e+03
-1.1522866211e+03
-1.4582731934e+03
-1.6284017334e+03
-1.5800045166e+03
-1.0944949951e+03
-1.0944947510e+03
-1.5800043945e+03
-1.6284017334e+03
-1.8190653076e+03
-1.7095084229e+03
-1.7454018555e+03
-1.7454018555e+03
-1.7095085449e+03
-1.8190653076e+03
-1.9702493896e+03
-1.9430615234e+03
-1.8900961914e+03
-1.8900960693e+03
-1.9430615234e+03
-1.9702493896e+03
-2.1527258301e+03
-2.1374323730e+03
-2.1356169434e+03
-2.1356169434e+03
-2.1374323730e+03
-2.1527260742e+03
6.5632409668e+02
6.6119805908e+02
6.6774658203e+02
6.6774658203e+02
6.6119805908e+02
6.5632409668e+02
3.2870767212e+02
3.4401190186e+02
3.3512173462e+02
3.3512173462e+02
3.4401187134e+02
3.2870764160e+02
2.0009643555e+01
2.9592679977e+01
9.9930191040e+01
9.9930206299e+01
2.9592679977e+01
2.0009624481e+01
-2.8698757935e+02
-2.6317056274e+02
-3.9290100098e+02
-3.9290103149e+02
-2.6317059326e+02
-2.8698760986e+02
-5.4979388428e+02
-7.1309619141e+02
-5.3391619873e+02
-5.3391607666e+02
-7.1309606934e+02
-5.4979394531e+02
-9.4006689453e+02
-8.4378430176e+02
-9.3298266602e+02
-9.3298272705e+02
-8.4378436279e+02
-9.4006683350e+02
-1.2869468994e+03
-9.6377178955e+02
-1.4002207031e+03
-1.4002210693e+03
-9.6377215576e+02
-1.2869466553e+03
-1.4263809814e+03
-1.6453234863e+03
-8.9736535645e+02
-8.9736517334e+02
-1.6453233643e+03
-1.4263809814e+03
-1.7150465088e+03
-1.7279217529e+03
-2.0872177734e+03
-2.0872180176e+03
-1.7279218750e+03
-1.7150466309e+03
-1.9731081543e+03
-2.0072708740e+03
-1.9258848877e+03
-1.9258848877e+03
-2.0072708740e+03
-1.9731081543e+03
-2.2342580566e+03
-2.2332485352e+03
-2.2509853516e+03
-2.2509853516e+03
-2.2332485352e+03
-2.2342580566e+03
-2.4915205078e+03
-2.4908059082e+03
-2.4778742676e+03
-2.4778742676e+03
-2.4908059082e+03
-2.4915205078e+03
1.0265124512e+03
1.0274562988e+03
1.0232590332e+03
1.0232590332e+03
1.0274562988e+03
1.0265124512e+03
6.1686431885e+02
6.2334020996e+02
6.3692578125e+02
6.3692578125e+02
6.2334020996e+02
6.1686431885e+02
2.3071333313e+02
2.3119467163e+02
1.8622944641e+02
1.8622944641e+02
2.3119465637e+02
2.3071331787e+02
-1.4432600403e+02
-1.6583740234e+02
-8.5519332886e+01
-8.5519317627e+01
-1.6583740234e+02
-1.4432601929e+02
-5.4144128418e+02
-4.4152850342e+02
-5.2701043701e+02
-5.2701049805e+02
-4.4152862549e+02
-5.4144128418e+02
-8.4041143799e+02
-8.8042962646e+02
-8.3770141602e+02
-8.3770141602e+02
-8.8042962646e+02
-8.4041149902e+02
-1.1542675781e+03
-1.3140045166e+03
-1.1044578857e+03
-1.1044576416e+03
-1.3140042725e+03
-1.1542677002e+03
-1.5816633301e+03
-1.4278590088e+03
-1.8631103516e+03
-1.8631104736e+03
-1.4278591309e+03
-1.5816633301e+03
-1.8916179199e+03
-1.8908247070e+03
-1.6335369873e+03
-1.6335368652e+03
-1.8908247070e+03
-1.8916179199e+03
-2.2104680176e+03
-2.2020561523e+03
-2.2835146484e+03
-2.2835146484e+03
-2.2020561523e+03
-2.2104680176e+03
-2.5210100098e+03
-2.5316579590e+03
-2.5149538574e+03
-2.5149538574e+03
-2.5316579590e+03
-2.5210100098e+03
-2.8279167480e+03
-2.8303747559e+03
-2.8363659668e+03
-2.8363659668e+03
-2.8303747559e+03
-2.8279167480e+03
1.3666843262e+03
1.3692126465e+03
1.3688635254e+03
1.3688635254e+03
1.3692126465e+03
1.3666843262e+03
8.9739459229e+02
9.0987396240e+02
8.9943963623e+02
8.9943963623e+02
9.0987390137e+02
8.9739459229e+02
4.4809594727e+02
4.6024133301e+02
4.9666912842e+02
4.9666912842e+02
4.6024133301e+02
4.4809591675e+02
7.7856454849e+00
4.0722412109e+01
-1.2577205896e+00
-1.2577333450e+00
4.0722396851e+01
7.7856221199e+00
-3.9758740234e+02
-4.4133169556e+02
-3.9298382568e+02
-3.9298376465e+02
-4.4133163452e+02
-3.9758743286e+02
-8.5208691406e+02
-8.1671691895e+02
-8.3747241211e+02
-8.3747235107e+02
-8.1671697998e+02
-8.5208685303e+02
-1.2808990479e+03
-1.1824831543e+03
-1.2830523682e+03
-1.2830524902e+03
-1.1824832764e+03
-1.2808989258e+03
-1.6258719482e+03
-1.7137058105e+03
-1.4575280762e+03
-1.4575280762e+03
-1.7137058105e+03
-1.6258719482e+03
-2.0363496094e+03
-2.0223222656e+03
-2.1974602051e+03
-2.1974602051e+03
-2.0223222656e+03
-2.0363496094e+03
-2.4257187500e+03
-2.4194755859e+03
-2.3502473145e+03
-2.3502473145e+03
-2.4194755859e+03
-2.4257187500e+03
-2.7983229980e+03
-2.7956496582e+03
-2.8101093750e+03
-2.8101093750e+03
-2.7956496582e+03
-2.7983229980e+03
-3.1739338379e+03
-3.1725878906e+03
-3.1669731445e+03
-3.1669731445e+03
-3.1725878906e+03
-3.1739338379e+03
1.7067343750e+03
1.7104299316e+03
1.7071921387e+03
1.7071921387e+03
1.7104299316e+03
1.7067343750e+03
1.1765596924e+03
1.1904949951e+03
1.2018129883e+03
1.2018129883e+03
1.1904949951e+03
1.1765596924e+03
6.7048071289e+02
6.7927264404e+02
6.6299114990e+02
6.6299121094e+02
6.7927264404e+02
6.7048071289e+02
1.7420561218e+02
1.6536076355e+02
1.9677761841e+02
1.9677763367e+02
1.6536076355e+02
1.7420561218e+02
-3.3010122681e+02
-2.9363436890e+02
-3.1258459473e+02
-3.1258462524e+02
-2.9363442993e+02
-3.3010125732e+02
-7.8776318359e+02
-7.9960894775e+02
-7.7962744141e+02
-7.7962750244e+02
-7.9960894775e+02
-7.8776324463e+02
-1.2493962402e+03
-1.2961910400e+03
-1.2352855225e+03
-1.2352855225e+03
-1.2961909180e+03
-1.2493962402e+03
-1.7491862793e+03
-1.6855308838e+03
-1.8297821045e+03
-1.8297822266e+03
-1.6855308838e+03
-1.7491862793e+03
-2.1906884766e+03
-2.1955922852e+03
-2.0747385254e+03
-2.0747385254e+03
-2.1955922852e+03
-2.1906884766e+03
-2.6335349121e+03
-2.6342597656e+03
-2.6868083496e+03
-2.6868083496e+03
-2.6342597656e+03
-2.6335349121e+03
-3.0733986816e+03
-3.0770163574e+03
-3.0592414551e+03
-3.0592414551e+03
-3.0770163574e+03
-3.0733986816e+03
-3.5104899902e+03
-3.5089567871e+03
-3.5093105469e+03
-3.5093105469e+03
-3.5089567871e+03
-3.5104899902e+03
2.0393162842e+03
2.0418565674e+03
2.0416705322e+03
2.0416705322e+03
2.0418565674e+03
2.0393162842e+03
1.4507758789e+03
1.4627255859e+03
1.4567761230e+03
1.4567761230e+03
1.4627255859e+03
1.4507758789e+03
8.8452154541e+02
8.9180761719e+02
9.0980712891e+02
9.0980712891e+02
8.9180761719e+02
8.8452154541e+02
3.2465179443e+02
3.4405422974e+02
3.3176379395e+02
3.3176376343e+02
3.4405422974e+02
3.2465179443e+02
-2.1379641724e+02
-2.2344631958e+02
-2.0752795410e+02
-2.0752793884e+02
-2.2344630432e+02
-2.1379643250e+02
-7.6872137451e+02
-7.4926275635e+02
-7.5792370605e+02
-7.5792370605e+02
-7.4926275635e+02
-7.6872137451e+02
-1.3061770020e+03
-1.2685599365e+03
-1.3000511475e+03
-1.3000511475e+03
-1.2685599365e+03
-1.3061770020e+03
-1.8070783691e+03
-1.8374489746e+03
-1.7491331787e+03
-1.7491331787e+03
-1.8374489746e+03
-1.8070783691e+03
-2.3330773926e+03
-2.3218945312e+03
-2.3987678223e+03
-2.3987678223e+03
-2.3218945312e+03
-2.3330773926e+03
-2.8451018066e+03
-2.8394379883e+03
-2.7994130859e+03
-2.7994130859e+03
-2.8394379883e+03
-2.8451018066e+03
-3.3414094238e+03
-3.3468732910e+03
-3.3586450195e+03
-3.3586450195e+03
-3.3468732910e+03
-3.3414094238e+03
-3.8464807129e+03
-3.8458569336e+03
-3.8407121582e+03
-3.8407121582e+03
-3.8458569336e+03
-3.8464807129e+03
2.3634055176e+03
2.3655908203e+03
2.3613767090e+03
2.3613767090e+03
2.3655908203e+03
2.3634055176e+03
1.7183116455e+03
1.7321612549e+03
1.7382598877e+03
1.7382598877e+03
1.7321612549e+03
1.7183116455e+03
1.0971918945e+03
1.1064987793e+03
1.1019495850e+03
1.1019495850e+03
1.1064987793e+03
1.0971918945e+03
4.8460003662e+02
4.8436352539e+02
4.9744100952e+02
4.9744100952e+02
4.8436352539e+02
4.8460003662e+02
-1.2792143250e+02
-1.1212915039e+02
-1.1608380127e+02
-1.1608380890e+02
-1.1212917328e+02
-1.2792144012e+02
-7.1690277100e+02
-7.2078930664e+02
-7.1017535400e+02
-7.1017541504e+02
-7.2078930664e+02
-7.1690277100e+02
-1.3054392090e+03
-1.3204658203e+03
-1.2968017578e+03
-1.2968017578e+03
-1.3204656982e+03
-1.3054392090e+03
-1.9044736328e+03
-1.8793707275e+03
-1.9289498291e+03
-1.9289498291e+03
-1.8793707275e+03
-1.9044736328e+03
-2.4747309570e+03
-2.4780251465e+03
-2.4260185547e+03
-2.4260185547e+03
-2.4780251465e+03
-2.4747309570e+03
-3.0431687012e+03
-3.0450432129e+03
-3.0744680176e+03
-3.0744680176e+03
-3.0450432129e+03
-3.0431687012e+03
-3.6081359863e+03
-3.6126608887e+03
-3.5999272461e+03
-3.5999272461e+03
-3.6126608887e+03
-3.6081359863e+03
-4.1750029297e+03
-4.1759599609e+03
-4.1757412109e+03
-4.1757412109e+03
-4.1759599609e+03
-4.1750029297e+03
2.6808298340e+03
2.6824645996e+03
2.6809492188e+03
2.6809492188e+03
2.6824645996e+03
2.6808298340e+03
1.9804858398e+03
1.9933437500e+03
1.9903039551e+03
1.9903039551e+03
1.9933437500e+03
1.9804858398e+03
1.3044484863e+03
1.3105136719e+03
1.3203289795e+03
1.3203289795e+03
1.3105136719e+03
1.3044484863e+03
6.3296588135e+02
6.4423504639e+02
6.4179492188e+02
6.4179492188e+02
6.4423504639e+02
6.3296588135e+02
-2.5009737015e+01
-2.5646780014e+01
-1.8572347641e+01
-1.8572341919e+01
-2.5646776199e+01
-2.5009750366e+01
-6.8689630127e+02
-6.7601422119e+02
-6.7895507812e+02
-6.7895507812e+02
-6.7601422119e+02
-6.8689630127e+02
-1.3371715088e+03
-1.3213503418e+03
-1.3334581299e+03
-1.3334581299e+03
-1.3213503418e+03
-1.3371715088e+03
-1.9705108643e+03
-1.9805844727e+03
-1.9484320068e+03
-1.9484320068e+03
-1.9805843506e+03
-1.9705109863e+03
-2.6115437012e+03
-2.6064672852e+03
-2.6391362305e+03
-2.6391362305e+03
-2.6064672852e+03
-2.6115437012e+03
-3.2441950684e+03
-3.2422014160e+03
-3.2226965332e+03
-3.2226965332e+03
-3.2422014160e+03
-3.2441950684e+03
-3.8646027832e+03
-3.8744035645e+03
-3.8821220703e+03
-3.8821220703e+03
-3.8744035645e+03
-3.8646027832e+03
-4.4989443359e+03
-4.4985639648e+03
-4.4942343750e+03
-4.4942343750e+03
-4.4985639648e+03
-4.4989443359e+03
2.9886479492e+03
2.9902299805e+03
2.9856181641e+03
2.9856181641e+03
2.9902299805e+03
2.9886479492e+03
2.2353352051e+03
2.2488376465e+03
2.2515617676e+03
2.2515617676e+03
2.2488376465e+03
2.2353352051e+03
1.5063532715e+03
1.5142921143e+03
1.5144671631e+03
1.5144671631e+03
1.5142921143e+03
1.5063532715e+03
7.8393994141e+02
7.8687994385e+02
7.9317095947e+02
7.9317095947e+02
7.8687994385e+02
7.8393994141e+02
6.4516601562e+01
7.2749282837e+01
7.2467941284e+01
7.2467941284e+01
7.2749267578e+01
6.4516586304e+01
-6.4213891602e+02
-6.4282543945e+02
-6.3781909180e+02
-6.3781909180e+02
-6.4282543945e+02
-6.4213891602e+02
-1.3467523193e+03
-1.3515013428e+03
-1.3410001221e+03
-1.3410001221e+03
-1.3515013428e+03
-1.3467524414e+03
-2.0524592285e+03
-2.0428874512e+03
-2.0613713379e+03
-2.0613713379e+03
-2.0428874512e+03
-2.0524592285e+03
-2.7439606934e+03
-2.7463071289e+03
-2.7249995117e+03
-2.7249995117e+03
-2.7463071289e+03
-2.7439606934e+03
-3.4328469238e+03
-3.4360100098e+03
-3.4521359863e+03
-3.4521359863e+03
-3.4360100098e+03
-3.4328469238e+03
-4.1187519531e+03
-4.1264096680e+03
-4.1186557617e+03
-4.1186557617e+03
-4.1264096680e+03
-4.1187519531e+03
-4.8113920898e+03
-4.8145585938e+03
-4.8132690430e+03
-4.8132690430e+03
-4.8145585938e+03
-4.8113920898e+03
3.2871406250e+03
3.2873503418e+03
3.2846657715e+03
3.2846657715e+03
3.2873503418e+03
3.2871406250e+03
2.4822373047e+03
2.4954865723e+03
2.4937807617e+03
2.4937807617e+03
2.4954865723e+03
2.4822373047e+03
1.7030913086e+03
1.7083083496e+03
1.7144410400e+03
1.7144411621e+03
1.7083083496e+03
1.7030913086e+03
9.2672424316e+02
9.3364959717e+02
9.3418786621e+02
9.3418786621e+02
9.3364959717e+02
9.2672424316e+02
1.5941539001e+02
1.6052763367e+02
1.6420684814e+02
1.6420684814e+02
1.6052763367e+02
1.5941539001e+02
-6.0766534424e+02
-6.0215014648e+02
-6.0268969727e+02
-6.0268969727e+02
-6.0215014648e+02
-6.0766540527e+02
-1.3673748779e+03
-1.3610786133e+03
-1.3665207520e+03
-1.3665207520e+03
-1.3610787354e+03
-1.3673748779e+03
-2.1189538574e+03
-2.1229348145e+03
-2.1109277344e+03
-2.1109277344e+03
-2.1229348145e+03
-2.1189538574e+03
-2.8717534180e+03
-2.8712666016e+03
-2.8859401855e+03
-2.8859401855e+03
-2.8712666016e+03
-2.8717534180e+03
-3.6206276855e+03
-3.6216230469e+03
-3.6140417480e+03
-3.6140417480e+03
-3.6216230469e+03
-3.6206276855e+03
-4.3597329102e+03
-4.3727631836e+03
-4.3776352539e+03
-4.3776352539e+03
-4.3727631836e+03
-4.3597329102e+03
-5.1186083984e+03
-5.1184755859e+03
-5.1154072266e+03
-5.1154072266e+03
-5.1184755859e+03
-5.1186083984e+03
3.5730014648e+03
3.5740688477e+03
3.5686665039e+03
3.5686665039e+03
3.5740688477e+03
3.5730014648e+03
2.7201450195e+03
2.7333034668e+03
2.7338020020e+03
2.7338020020e+03
2.7333034668e+03
2.7201447754e+03
1.8915069580e+03
1.8979051514e+03
1.8996876221e+03
1.8996876221e+03
1.8979051514e+03
1.8915069580e+03
1.0674960938e+03
1.0707250977e+03
1.0740434570e+03
1.0740434570e+03
1.0707250977e+03
1.0674960938e+03
2.4663815308e+02
2.5098144531e+02
2.5141180420e+02
2.5141180420e+02
2.5098143005e+02
2.4663815308e+02
-5.6712847900e+02
-5.6736724854e+02
-5.6549328613e+02
-5.6549328613e+02
-5.6736724854e+02
-5.6712847900e+02
-1.3789739990e+03
-1.3811737061e+03
-1.3766433105e+03
-1.3766433105e+03
-1.3811737061e+03
-1.3789739990e+03
-2.1896928711e+03
-2.1873876953e+03
-2.1954169922e+03
-2.1954169922e+03
-2.1873876953e+03
-2.1896928711e+03
-2.9938186035e+03
-2.9970732422e+03
-2.9891599121e+03
-2.9891599121e+03
-2.9970732422e+03
-2.9938186035e+03
-3.7958666992e+03
-3.8012541504e+03
-3.8110612793e+03
-3.8110612793e+03
-3.8012541504e+03
-3.7958666992e+03
-4.5971445312e+03
-4.6083134766e+03
-4.6040131836e+03
-4.6040131836e+03
-4.6083134766e+03
-4.5971445312e+03
-5.4090512695e+03
-5.4149184570e+03
-5.4123740234e+03
-5.4123740234e+03
-5.4149184570e+03
-5.4090512695e+03
3.8472890625e+03
3.8456640625e+03
3.8423408203e+03
3.8423408203e+03
3.8456640625e+03
3.8472890625e+03
2.9468950195e+03
2.9599282227e+03
2.9587724609e+03
2.9587724609e+03
2.9599282227e+03
2.9468950195e+03
2.0736096191e+03
2.0774379883e+03
2.0817963867e+03
2.0817963867e+03
2.0774379883e+03
2.0736096191e+03
1.2007498779e+03
1.2048248291e+03
1.2060195312e+03
1.2060195312e+03
1.2048248291e+03
1.2007498779e+03
3.3407821655e+02
3.3459103394e+02
3.3641760254e+02
3.3641760254e+02
3.3459103394e+02
3.3407821655e+02
-5.3179791260e+02
-5.2989440918e+02
-5.3005786133e+02
-5.3005786133e+02
-5.2989440918e+02
-5.3179791260e+02
-1.3935716553e+03
-1.3922121582e+03
-1.3954930420e+03
-1.3954930420e+03
-1.3922122803e+03
-1.3935716553e+03
-2.2518911133e+03
-2.2548935547e+03
-2.2512226562e+03
-2.2512226562e+03
-2.2548935547e+03
-2.2518911133e+03
-3.1100263672e+03
-3.1127475586e+03
-3.1208657227e+03
-3.1208657227e+03
-3.1127475586e+03
-3.1100263672e+03
-3.9681088867e+03
-3.9714077148e+03
-3.9706047363e+03
-3.9706047363e+03
-3.9714077148e+03
-3.9681088867e+03
-4.8178173828e+03
-4.8339902344e+03
-4.8379355469e+03
-4.8379355469e+03
-4.8339902344e+03
-4.8178173828e+03
-5.6948530273e+03
-5.6942075195e+03
-5.6927880859e+03
-5.6927880859e+03
-5.6942075195e+03
-5.6948530273e+03
4.1046977539e+03
4.1056289062e+03
4.0988242188e+03
4.0988242188e+03
4.1056289062e+03
4.1046977539e+03
3.1628742676e+03
3.1757512207e+03
3.1742805176e+03
3.1742805176e+03
3.1757512207e+03
3.1628742676e+03
2.2442229004e+03
2.2494411621e+03
2.2513251953e+03
2.2513251953e+03
2.2494411621e+03
2.2442229004e+03
1.3287465820e+03
1.3312208252e+03
1.3327342529e+03
1.3327342529e+03
1.3312207031e+03
1.3287465820e+03
4.1527792358e+02
4.1697760010e+02
4.1705645752e+02
4.1705645752e+02
4.1697760010e+02
4.1527792358e+02
-4.9474215698e+02
-4.9595349121e+02
-4.9587185669e+02
-4.9587185669e+02
-4.9595349121e+02
-4.9474215698e+02
-1.4039830322e+03
-1.4066931152e+03
-1.4052828369e+03
-1.4052828369e+03
-1.4066931152e+03
-1.4039830322e+03
-2.3127089844e+03
-2.3148144531e+03
-2.3192761230e+03
-2.3192761230e+03
-2.3148144531e+03
-2.3127089844e+03
-3.2193786621e+03
-3.2248269043e+03
-3.2228361816e+03
-3.2228361816e+03
-3.2248269043e+03
-3.2193786621e+03
-4.1253691406e+03
-4.1337680664e+03
-4.1408530273e+03
-4.1408530273e+03
-4.1337680664e+03
-4.1253691406e+03
-5.0343251953e+03
-5.0489741211e+03
-5.0461870117e+03
-5.0461870117e+03
-5.0489741211e+03
-5.0343251953e+03
-5.9557221680e+03
-5.9656616211e+03
-5.9615175781e+03
-5.9615175781e+03
-5.9656616211e+03
-5.9557221680e+03
4.3490644531e+03
4.3447016602e+03
4.3416835938e+03
4.3416835938e+03
4.3447016602e+03
4.3490644531e+03
3.3638405762e+03
3.3759675293e+03
3.3757409668e+03
3.3757409668e+03
3.3759675293e+03
3.3638405762e+03
2.4076394043e+03
2.4093208008e+03
2.4130852051e+03
2.4130852051e+03
2.4093208008e+03
2.4076394043e+03
1.4488140869e+03
1.4503260498e+03
1.4515823975e+03
1.4515823975e+03
1.4503260498e+03
1.4488140869e+03
4.9392807007e+02
4.9290014648e+02
4.9356381226e+02
4.9356381226e+02
4.9290014648e+02
4.9392807007e+02
-4.6103823853e+02
-4.6183392334e+02
-4.6259323120e+02
-4.6259323120e+02
-4.6183392334e+02
-4.6103823853e+02
-1.4146279297e+03
-1.4162290039e+03
-1.4193712158e+03
-1.4193712158e+03
-1.4162290039e+03
-1.4146279297e+03
-2.3679387207e+03
-2.3714973145e+03
-2.3722873535e+03
-2.3722873535e+03
-2.3714973145e+03
-2.3679387207e+03
-3.3219960938e+03
-3.3266872559e+03
-3.3333666992e+03
-3.3333666992e+03
-3.3266872559e+03
-3.3219960938e+03
-4.2793623047e+03
-4.2839770508e+03
-4.2878583984e+03
-4.2878583984e+03
-4.2839770508e+03
-4.2793623047e+03
-5.2288110352e+03
-5.2475957031e+03
-5.2530493164e+03
-5.2530493164e+03
-5.2475957031e+03
-5.2288110352e+03
-6.2157207031e+03
-6.2125595703e+03
-6.2136098633e+03
-6.2136098633e+03
-6.2125595703e+03
-6.2157207031e+03
4.5704531250e+03
4.5727543945e+03
4.5630805664e+03
4.5630805664e+03
4.5727543945e+03
4.5704531250e+03
3.5526210938e+03
3.5659536133e+03
3.5611530762e+03
3.5611530762e+03
3.5659536133e+03
3.5526210938e+03
2.5552983398e+03
2.5602749023e+03
2.5607145996e+03
2.5607145996e+03
2.5602749023e+03
2.5552983398e+03
1.5603038330e+03
1.5622243652e+03
1.5618796387e+03
1.5618796387e+03
1.5622243652e+03
1.5603038330e+03
5.6586596680e+02
5.6568267822e+02
5.6480908203e+02
5.6480908203e+02
5.6568267822e+02
5.6586596680e+02
-4.2796383667e+02
-4.3078646851e+02
-4.3178128052e+02
-4.3178128052e+02
-4.3078646851e+02
-4.2796383667e+02
-1.4226696777e+03
-1.4273464355e+03
-1.4273756104e+03
-1.4273756104e+03
-1.4273464355e+03
-1.4226696777e+03
-2.4184675293e+03
-2.4244877930e+03
-2.4271604004e+03
-2.4271604004e+03
-2.4244877930e+03
-2.4184675293e+03
-3.4153256836e+03
-3.4244291992e+03
-3.4242629395e+03
-3.4242629395e+03
-3.4244291992e+03
-3.4153256836e+03
-4.4137714844e+03
-4.4265253906e+03
-4.4311376953e+03
-4.4311376953e+03
-4.4265253906e+03
-4.4137714844e+03
-5.4198496094e+03
-5.4389755859e+03
-5.4343579102e+03
-5.4343579102e+03
-5.4389755859e+03
-5.4198496094e+03
-6.4368666992e+03
-6.4539506836e+03
-6.4468344727e+03
-6.4468344727e+03
-6.4539506836e+03
-6.4368666992e+03
4.7799516602e+03
4.7699609375e+03
4.7702827148e+03
4.7702827148e+03
4.7699609375e+03
4.7799516602e+03
3.7217009277e+03
3.7307331543e+03
3.7346823730e+03
3.7346823730e+03
3.7307331543e+03
3.7217009277e+03
2.6957663574e+03
2.6936743164e+03
2.6994223633e+03
2.6994223633e+03
2.6936743164e+03
2.6957663574e+03
1.6640209961e+03
1.6620640869e+03
1.6643081055e+03
1.6643081055e+03
1.6620640869e+03
1.6640209961e+03
6.3379180908e+02
6.3048138428e+02
6.3070086670e+02
6.3070086670e+02
6.3048138428e+02
6.3379180908e+02
-3.9788693237e+02
-4.0072976685e+02
-4.0270880127e+02
-4.0270880127e+02
-4.0072976685e+02
-3.9788693237e+02
-1.4305462646e+03
-1.4334837646e+03
-1.4382904053e+03
-1.4382904053e+03
-1.4334837646e+03
-1.4305462646e+03
-2.4655505371e+03
-2.4687546387e+03
-2.4741066895e+03
-2.4741066895e+03
-2.4687546387e+03
-2.4655505371e+03
-3.5031713867e+03
-3.5072053223e+03
-3.5168439941e+03
-3.5168439941e+03
-3.5072053223e+03
-3.5031713867e+03
-4.5463388672e+03
-4.5495649414e+03
-4.5604589844e+03
-4.5604589844e+03
-4.5495649414e+03
-4.5463388672e+03
-5.5821093750e+03
-5.6001733398e+03
-5.6126762695e+03
-5.6126762695e+03
-5.6001733398e+03
-5.5821093750e+03
-6.6686166992e+03
-6.6578730469e+03
-6.6645644531e+03
-6.6645644531e+03
-6.6578730469e+03
-6.6686171875e+03
4.9552167969e+03
4.9649814453e+03
4.9465947266e+03
4.9465947266e+03
4.9649814453e+03
4.9552167969e+03
3.8769331055e+03
3.8955895996e+03
3.8811418457e+03
3.8811418457e+03
3.8955895996e+03
3.8769331055e+03
2.8149206543e+03
2.8230454102e+03
2.8171044922e+03
2.8171044922e+03
2.8230454102e+03
2.8149206543e+03
1.7538333740e+03
1.7575963135e+03
1.7529793701e+03
1.7529793701e+03
1.7575963135e+03
1.7538333740e+03
6.9275244141e+02
6.9203039551e+02
6.8916748047e+02
6.8916748047e+02
6.9203039551e+02
6.9275244141e+02
-3.6989089966e+02
-3.7493389893e+02
-3.7609466553e+02
-3.7609466553e+02
-3.7493389893e+02
-3.6989089966e+02
-1.4351428223e+03
-1.4440875244e+03
-1.4427700195e+03
-1.4427700195e+03
-1.4440875244e+03
-1.4351428223e+03
-2.5033435059e+03
-2.5162236328e+03
-2.5143234863e+03
-2.5143234863e+03
-2.5162236328e+03
-2.5033435059e+03
-3.5752880859e+03
-3.5930290527e+03
-3.5878784180e+03
-3.5878784180e+03
-3.5930290527e+03
-3.5752880859e+03
-4.6525634766e+03
-4.6752216797e+03
-4.6704169922e+03
-4.6704169922e+03
-4.6752216797e+03
-4.6525634766e+03
-5.7403935547e+03
-5.7716113281e+03
-5.7555400391e+03
-5.7555400391e+03
-5.7716113281e+03
-5.7403935547e+03
-6.8345864258e+03
-6.8683417969e+03
-6.8516459961e+03
-6.8516459961e+03
-6.8683417969e+03
-6.8345864258e+03
5.1280312500e+03
5.1014848633e+03
5.1180322266e+03
5.1180322266e+03
5.1014848633e+03
5.1280312500e+03
4.0104575195e+03
4.0062385254e+03
4.0270073242e+03
4.0270073242e+03
4.0062385254e+03
4.0104575195e+03
2.9282939453e+03
2.9165046387e+03
2.9343759766e+03
2.9343759766e+03
2.9165046387e+03
2.9282939453e+03
1.8400495605e+03
1.8306738281e+03
1.8398961182e+03
1.8398961182e+03
1.8306738281e+03
1.8400495605e+03
7.4948040771e+02
7.4238568115e+02
7.4474023438e+02
7.4474023438e+02
7.4238574219e+02
7.4948046875e+02
-3.4508886719e+02
-3.4822900391e+02
-3.5236572266e+02
-3.5236572266e+02
-3.4822900391e+02
-3.4508883667e+02
-1.4431750488e+03
-1.4425061035e+03
-1.4533747559e+03
-1.4533747559e+03
-1.4425061035e+03
-1.4431750488e+03
-2.5456176758e+03
-2.5410354004e+03
-2.5576228027e+03
-2.5576228027e+03
-2.5410354004e+03
-2.5456176758e+03
-3.6516804199e+03
-3.6444460449e+03
-3.6688759766e+03
-3.6688759766e+03
-3.6444460449e+03
-3.6516804199e+03
-4.7632553711e+03
-4.7526030273e+03
-4.7848149414e+03
-4.7848149414e+03
-4.7526030273e+03
-4.7632553711e+03
-5.8725434570e+03
-5.8717226562e+03
-5.9080322266e+03
-5.9080322266e+03
-5.8717226562e+03
-5.8725434570e+03
-7.0445102539e+03
-7.0078623047e+03
-7.0344467773e+03
-7.0344467773e+03
-7.0078623047e+03
-7.0445102539e+03
5.2446870117e+03
5.2761743164e+03
5.2169135742e+03
5.2169135742e+03
5.2761743164e+03
5.2446870117e+03
4.1234692383e+03
4.1625141602e+03
4.1105307617e+03
4.1105307617e+03
4.1625141602e+03
4.1234692383e+03
3.0188017578e+03
3.0378720703e+03
3.0027070312e+03
3.0027070312e+03
3.0378720703e+03
3.0188015137e+03
1.9063015137e+03
1.9170263672e+03
1.8937395020e+03
1.8937395020e+03
1.9170263672e+03
1.9063015137e+03
7.9335675049e+02
7.9467712402e+02
7.8428363037e+02
7.8428363037e+02
7.9467712402e+02
7.9335675049e+02
-3.2207620239e+02
-3.2982501221e+02
-3.2774069214e+02
-3.2774069214e+02
-3.2982501221e+02
-3.2207620239e+02
-1.4417142334e+03
-1.4584647217e+03
-1.4434001465e+03
-1.4434001465e+03
-1.4584647217e+03
-1.4417142334e+03
-2.5674460449e+03
-2.5932253418e+03
-2.5660830078e+03
-2.5660830078e+03
-2.5932253418e+03
-2.5674460449e+03
-3.7009926758e+03
-3.7364096680e+03
-3.6955114746e+03
-3.6955114746e+03
-3.7364096680e+03
-3.7009924316e+03
-4.8432407227e+03
-4.8878837891e+03
-4.8359970703e+03
-4.8359970703e+03
-4.8878837891e+03
-4.8432407227e+03
-5.9866938477e+03
-6.0521352539e+03
-5.9836333008e+03
-5.9836333008e+03
-6.0521352539e+03
-5.9866938477e+03
-7.1389873047e+03
-7.2082714844e+03
-7.1391674805e+03
-7.1391674805e+03
-7.2082714844e+03
-7.1389868164e+03
5.3826928711e+03
5.3019321289e+03
5.3997226562e+03
5.3997226562e+03
5.3019321289e+03
5.3826928711e+03
4.2300541992e+03
4.1709121094e+03
4.2577866211e+03
4.2577866211e+03
4.1709121094e+03
4.2300541992e+03
3.0917700195e+03
3.0459047852e+03
3.1158078613e+03
3.1158078613e+03
3.0459047852e+03
3.0917700195e+03
1.9602237549e+03
1.9292894287e+03
1.9717597656e+03
1.9717597656e+03
1.9292894287e+03
1.9602237549e+03
8.3001928711e+02
8.1295385742e+02
8.2690496826e+02
8.2690496826e+02
8.1295385742e+02
8.3001928711e+02
-3.0321520996e+02
-3.0561462402e+02
-3.2060235596e+02
-3.2060235596e+02
-3.0561462402e+02
-3.0321520996e+02
-1.4409531250e+03
-1.4287047119e+03
-1.4730994873e+03
-1.4730994873e+03
-1.4287047119e+03
-1.4409531250e+03
-2.5852678223e+03
-2.5580761719e+03
-2.6314941406e+03
-2.6314941406e+03
-2.5580761719e+03
-2.5852678223e+03
-3.7386345215e+03
-3.6966057129e+03
-3.7995595703e+03
-3.7995595703e+03
-3.6966057129e+03
-3.7386345215e+03
-4.9085698242e+03
-4.8486293945e+03
-4.9785180664e+03
-4.9785180664e+03
-4.8486293945e+03
-4.9085698242e+03
-6.1013525391e+03
-6.0246225586e+03
-6.1698261719e+03
-6.1698261719e+03
-6.0246225586e+03
-6.1013530273e+03
-7.3294716797e+03
-7.2236474609e+03
-7.3761127930e+03
-7.3761132812e+03
-7.2236474609e+03
-7.3294716797e+03
5.3106997070e+03
5.5790795898e+03
5.4880664062e+03
5.4880664062e+03
5.5790795898e+03
5.3106992188e+03
4.1209687500e+03
4.3929121094e+03
4.3373637695e+03
4.3373637695e+03
4.3929121094e+03
4.1209682617e+03
3.0266435547e+03
3.2146174316e+03
3.1789567871e+03
3.1789567871e+03
3.2146171875e+03
3.0266433105e+03
1.9276907959e+03
2.0432238770e+03
2.0178865967e+03
2.0178865967e+03
2.0432238770e+03
1.9276906738e+03
8.2732189941e+02
8.6707830811e+02
8.5464349365e+02
8.5464349365e+02
8.6707830811e+02
8.2732189941e+02
-2.7692068481e+02
-3.1344760132e+02
-3.1286404419e+02
-3.1286404419e+02
-3.1344760132e+02
-2.7692062378e+02
-1.3846724854e+03
-1.4991079102e+03
-1.4849228516e+03
-1.4849227295e+03
-1.4991077881e+03
-1.3846723633e+03
-2.4961860352e+03
-2.6901992188e+03
-2.6631735840e+03
-2.6631735840e+03
-2.6901992188e+03
-2.4961857910e+03
-3.6111096191e+03
-3.8878444824e+03
-3.8475732422e+03
-3.8475732422e+03
-3.8878442383e+03
-3.6111093750e+03
-4.7326738281e+03
-5.0922583008e+03
-5.0424785156e+03
-5.0424785156e+03
-5.0922578125e+03
-4.7326733398e+03
-5.8635625000e+03
-6.3202172852e+03
-6.2480893555e+03
-6.2480893555e+03
-6.3202167969e+03
-5.8635620117e+03
-7.1339648438e+03
-7.5823291016e+03
-7.4625327148e+03
-7.4625327148e+03
-7.5823286133e+03
-7.1339643555e+03
5.6233271484e+03
5.3983745117e+03
5.4077617188e+03
5.4077617188e+03
5.3983745117e+03
5.6233271484e+03
4.4845126953e+03
4.2791708984e+03
4.2707802734e+03
4.2707802734e+03
4.2791708984e+03
4.4845126953e+03
3.3064152832e+03
3.1443000488e+03
3.1366665039e+03
3.1366665039e+03
3.1443000488e+03
3.3064152832e+03
2.1113120117e+03
2.0054375000e+03
1.9985883789e+03
1.9985883789e+03
2.0054375000e+03
2.1113122559e+03
9.0783709717e+02
8.6088885498e+02
8.5686187744e+02
8.5686187744e+02
8.6088885498e+02
9.0783715820e+02
-3.0379626465e+02
-2.8901068115e+02
-2.8959255981e+02
-2.8959255981e+02
-2.8901068115e+02
-3.0379626465e+02
-1.5233343506e+03
-1.4452032471e+03
-1.4420721436e+03
-1.4420721436e+03
-1.4452033691e+03
-1.5233344727e+03
-2.7510937500e+03
-2.6081101074e+03
-2.6009035645e+03
-2.6009035645e+03
-2.6081101074e+03
-2.7510937500e+03
-3.9861855469e+03
-3.7780351562e+03
-3.7672675781e+03
-3.7672675781e+03
-3.7780351562e+03
-3.9861855469e+03
-5.2266894531e+03
-4.9527915039e+03
-4.9403012695e+03
-4.9403012695e+03
-4.9527919922e+03
-5.2266894531e+03
-6.4560415039e+03
-6.1306665039e+03
-6.1184536133e+03
-6.1184536133e+03
-6.1306665039e+03
-6.4560415039e+03
-7.6386684570e+03
-7.2929370117e+03
-7.3046718750e+03
-7.3046718750e+03
-7.2929375000e+03
-7.6386684570e+03
5.6455351562e+03
5.4256997070e+03
5.4341777344e+03
5.4341777344e+03
5.4257001953e+03
5.6455351562e+03
4.5024228516e+03
4.3009355469e+03
4.2931289062e+03
4.2931289062e+03
4.3009355469e+03
4.5024228516e+03
3.3221723633e+03
3.1626889648e+03
3.1547121582e+03
3.1547121582e+03
3.1626889648e+03
3.3221723633e+03
2.1237131348e+03
2.0201322021e+03
2.0126215820e+03
2.0126215820e+03
2.0201322021e+03
2.1237133789e+03
9.1621520996e+02
8.7154199219e+02
8.6673675537e+02
8.6673675537e+02
8.7154199219e+02
9.1621520996e+02
-2.9986492920e+02
-2.8289523315e+02
-2.8440234375e+02
-2.8440234375e+02
-2.8289523315e+02
-2.9986492920e+02
-1.5243704834e+03
-1.4439588623e+03
-1.4415441895e+03
-1.4415441895e+03
-1.4439588623e+03
-1.5243706055e+03
-2.7575971680e+03
-2.6122656250e+03
-2.6060234375e+03
-2.6060234375e+03
-2.6122656250e+03
-2.7575971680e+03
-3.9988054199e+03
-3.7880305176e+03
-3.7776914062e+03
-3.7776914062e+03
-3.7880305176e+03
-3.9988056641e+03
-5.2463281250e+03
-4.9693208008e+03
-4.9571206055e+03
-4.9571206055e+03
-4.9693208008e+03
-5.2463286133e+03
-6.4844790039e+03
-6.1539687500e+03
-6.1403793945e+03
-6.1403793945e+03
-6.1539687500e+03
-6.4844790039e+03
-7.6712358398e+03
-7.3188144531e+03
-7.3317548828e+03
-7.3317548828e+03
-7.3188144531e+03
-7.6712363281e+03
5.3838544922e+03
5.6536669922e+03
5.5634174805e+03
5.5634174805e+03
5.6536669922e+03
5.3838540039e+03
4.1822500000e+03
4.4570834961e+03
4.4022646484e+03
4.4022646484e+03
4.4570834961e+03
4.1822495117e+03
3.0767053223e+03
3.2675573730e+03
3.2328112793e+03
3.2328112793e+03
3.2675573730e+03
3.0767053223e+03
1.9661778564e+03
2.0844948730e+03
2.0598752441e+03
2.0598752441e+03
2.0844948730e+03
1.9661778564e+03
8.5340667725e+02
8.9577203369e+02
8.8395178223e+02
8.8395172119e+02
8.9577203369e+02
8.5340667725e+02
-2.6433831787e+02
-2.9819781494e+02
-2.9694448853e+02
-2.9694448853e+02
-2.9819778442e+02
-2.6433828735e+02
-1.3866070557e+03
-1.4984620361e+03
-1.4838420410e+03
-1.4838419189e+03
-1.4984620361e+03
-1.3866069336e+03
-2.5138144531e+03
-2.7052353516e+03
-2.6773952637e+03
-2.6773952637e+03
-2.7052351074e+03
-2.5138144531e+03
-3.6456848145e+03
-3.9198242188e+03
-3.8790500488e+03
-3.8790500488e+03
-3.9198239746e+03
-3.6456845703e+03
-4.7854526367e+03
-5.1421645508e+03
-5.0913276367e+03
-5.0913276367e+03
-5.1421640625e+03
-4.7854521484e+03
-5.9347436523e+03
-6.3889458008e+03
-6.3161523438e+03
-6.3161518555e+03
-6.3889458008e+03
-5.9347431641e+03
-7.2244365234e+03
-7.6709174805e+03
-7.5496000977e+03
-7.5496000977e+03
-7.6709174805e+03
-7.2244360352e+03
5.5063710938e+03
5.4228056641e+03
5.5202001953e+03
5.5202001953e+03
5.4228061523e+03
5.5063710938e+03
4.3353583984e+03
4.2752563477e+03
4.3621557617e+03
4.3621557617e+03
4.2752563477e+03
4.3353583984e+03
3.1774023438e+03
3.1316467285e+03
3.2021982422e+03
3.2021982422e+03
3.1316467285e+03
3.1774025879e+03
2.0256857910e+03
1.9952725830e+03
2.0387375488e+03
2.0387375488e+03
1.9952725830e+03
2.0256857910e+03
8.7434838867e+02
8.5806756592e+02
8.7311846924e+02
8.7311853027e+02
8.5806756592e+02
8.7434838867e+02
-2.8112451172e+02
-2.8283251953e+02
-2.9680868530e+02
-2.9680868530e+02
-2.8283251953e+02
-2.8112448120e+02
-1.4425937500e+03
-1.4296284180e+03
-1.4727817383e+03
-1.4727817383e+03
-1.4296284180e+03
-1.4425937500e+03
-2.6121281738e+03
-2.5843334961e+03
-2.6570532227e+03
-2.6570532227e+03
-2.5843334961e+03
-2.6121281738e+03
-3.7921269531e+03
-3.7497929688e+03
-3.8517629395e+03
-3.8517629395e+03
-3.7497929688e+03
-3.7921271973e+03
-4.9899580078e+03
-4.9305634766e+03
-5.0605532227e+03
-5.0605532227e+03
-4.9305634766e+03
-4.9899580078e+03
-6.2117949219e+03
-6.1373955078e+03
-6.2831499023e+03
-6.2831503906e+03
-6.1373955078e+03
-6.2117949219e+03
-7.4723266602e+03
-7.3714414062e+03
-7.5250087891e+03
-7.5250087891e+03
-7.3714414062e+03
-7.4723271484e+03
5.4105668945e+03
5.4423383789e+03
5.3822128906e+03
5.3822128906e+03
5.4423383789e+03
5.4105668945e+03
4.2665341797e+03
4.3046308594e+03
4.2520239258e+03
4.2520239258e+03
4.3046308594e+03
4.2665341797e+03
3.1374770508e+03
3.1549218750e+03
3.1191418457e+03
3.1191416016e+03
3.1549218750e+03
3.1374770508e+03
1.9981539307e+03
2.0073337402e+03
1.9833555908e+03
1.9833555908e+03
2.0073337402e+03
1.9981539307e+03
8.5673266602e+02
8.5634918213e+02
8.4531829834e+02
8.4531829834e+02
8.5634918213e+02
8.5673272705e+02
-2.8912725830e+02
-2.9845736694e+02
-2.9690869141e+02
-2.9690869141e+02
-2.9845736694e+02
-2.8912725830e+02
-1.4409781494e+03
-1.4594815674e+03
-1.4453270264e+03
-1.4453270264e+03
-1.4594815674e+03
-1.4409781494e+03
-2.6009855957e+03
-2.6287287598e+03
-2.6020063477e+03
-2.6020061035e+03
-2.6287287598e+03
-2.6009855957e+03
-3.7711408691e+03
-3.8088046875e+03
-3.7691665039e+03
-3.7691665039e+03
-3.8088046875e+03
-3.7711408691e+03
-4.9527841797e+03
-4.9997626953e+03
-4.9486357422e+03
-4.9486357422e+03
-4.9997626953e+03
-4.9527841797e+03
-6.1391821289e+03
-6.2071562500e+03
-6.1396640625e+03
-6.1396640625e+03
-6.2071562500e+03
-6.1391821289e+03
-7.3401289062e+03
-7.4088295898e+03
-7.3406108398e+03
-7.3406108398e+03
-7.4088295898e+03
-7.3401289062e+03
5.3357456055e+03
5.3074838867e+03
5.3237358398e+03
5.3237358398e+03
5.3074838867e+03
5.3357460938e+03
4.1878901367e+03
4.1830576172e+03
4.2033388672e+03
4.2033388672e+03
4.1830576172e+03
4.1878906250e+03
3.0747795410e+03
3.0619936523e+03
3.0791772461e+03
3.0791772461e+03
3.0619936523e+03
3.0747795410e+03
1.9536862793e+03
1.9429500732e+03
1.9513906250e+03
1.9513906250e+03
1.9429500732e+03
1.9536862793e+03
8.2780438232e+02
8.1935333252e+02
8.2077954102e+02
8.2077954102e+02
8.1935333252e+02
8.2780444336e+02
-3.0427066040e+02
-3.0912493896e+02
-3.1436056519e+02
-3.1436056519e+02
-3.0912493896e+02
-3.0427066040e+02
-1.4425646973e+03
-1.4436514893e+03
-1.4552449951e+03
-1.4552449951e+03
-1.4436514893e+03
-1.4425646973e+03
-2.5880085449e+03
-2.5851643066e+03
-2.6033386230e+03
-2.6033386230e+03
-2.5851643066e+03
-2.5880085449e+03
-3.7400485840e+03
-3.7346320801e+03
-3.7596811523e+03
-3.7596811523e+03
-3.7346320801e+03
-3.7400485840e+03
-4.9010937500e+03
-4.8922968750e+03
-4.9261025391e+03
-4.9261025391e+03
-4.8922968750e+03
-4.9010937500e+03
-6.0632817383e+03
-6.0644111328e+03
-6.1012983398e+03
-6.1012983398e+03
-6.0644111328e+03
-6.0632817383e+03
-7.2917988281e+03
-7.2579521484e+03
-7.2848056641e+03
-7.2848056641e+03
-7.2579521484e+03
-7.2917988281e+03
5.1987148438e+03
5.2075644531e+03
5.1883251953e+03
5.1883251953e+03
5.2075644531e+03
5.1987148438e+03
4.0856914062e+03
4.1031010742e+03
4.0878884277e+03
4.0878884277e+03
4.1031010742e+03
4.0856911621e+03
2.9869199219e+03
2.9934707031e+03
2.9870886230e+03
2.9870886230e+03
2.9934707031e+03
2.9869199219e+03
1.8865545654e+03
1.8888474121e+03
1.8835136719e+03
1.8835136719e+03
1.8888474121e+03
1.8865545654e+03
7.8405139160e+02
7.8146276855e+02
7.7789849854e+02
7.7789849854e+02
7.8146276855e+02
7.8405139160e+02
-3.2301937866e+02
-3.2972015381e+02
-3.3157858276e+02
-3.3157858276e+02
-3.2972015381e+02
-3.2301934814e+02
-1.4353852539e+03
-1.4461813965e+03
-1.4461929932e+03
-1.4461929932e+03
-1.4461813965e+03
-1.4353852539e+03
-2.5538015137e+03
-2.5688764648e+03
-2.5672226562e+03
-2.5672226562e+03
-2.5688764648e+03
-2.5538015137e+03
-3.6794914551e+03
-3.6995502930e+03
-3.6961289062e+03
-3.6961289062e+03
-3.6995502930e+03
-3.6794914551e+03
-4.8141015625e+03
-4.8391254883e+03
-4.8348247070e+03
-4.8348247070e+03
-4.8391254883e+03
-4.8141015625e+03
-5.9627519531e+03
-5.9975068359e+03
-5.9829438477e+03
-5.9829438477e+03
-5.9975068359e+03
-5.9627519531e+03
-7.1251484375e+03
-7.1601440430e+03
-7.1442104492e+03
-7.1442104492e+03
-7.1601440430e+03
-7.1251484375e+03
5.0549448242e+03
5.0434506836e+03
5.0430014648e+03
5.0430019531e+03
5.0434511719e+03
5.0549448242e+03
3.9562717285e+03
3.9644826660e+03
3.9678835449e+03
3.9678835449e+03
3.9644826660e+03
3.9562717285e+03
2.8887253418e+03
2.8852712402e+03
2.8901198730e+03
2.8901198730e+03
2.8852712402e+03
2.8887255859e+03
1.8127515869e+03
1.8090798340e+03
1.8105822754e+03
1.8105822754e+03
1.8090798340e+03
1.8127515869e+03
7.3525415039e+02
7.3045574951e+02
7.2969732666e+02
7.2969732666e+02
7.3045574951e+02
7.3525415039e+02
-3.4613034058e+02
-3.5106085205e+02
-3.5411596680e+02
-3.5411596680e+02
-3.5106082153e+02
-3.4613034058e+02
-1.4319171143e+03
-1.4370311279e+03
-1.4422308350e+03
-1.4422308350e+03
-1.4370311279e+03
-1.4319171143e+03
-2.5235104980e+03
-2.5286557617e+03
-2.5361469727e+03
-2.5361469727e+03
-2.5286557617e+03
-2.5235102539e+03
-3.6210222168e+03
-3.6274138184e+03
-3.6372109375e+03
-3.6372109375e+03
-3.6274138184e+03
-3.6210222168e+03
-4.7282163086e+03
-4.7341318359e+03
-4.7474335938e+03
-4.7474335938e+03
-4.7341318359e+03
-4.7282163086e+03
-5.8326660156e+03
-5.8534501953e+03
-5.8664111328e+03
-5.8664111328e+03
-5.8534501953e+03
-5.8326660156e+03
-6.9931362305e+03
-6.9850390625e+03
-6.9926079102e+03
-6.9926079102e+03
-6.9850390625e+03
-6.9931362305e+03
4.8708725586e+03
4.8718447266e+03
4.8614326172e+03
4.8614326172e+03
4.8718447266e+03
4.8708725586e+03
3.8085654297e+03
3.8207817383e+03
3.8149921875e+03
3.8149921875e+03
3.8207817383e+03
3.8085654297e+03
2.7651418457e+03
2.7684736328e+03
2.7685622559e+03
2.7685622559e+03
2.7684736328e+03
2.7651418457e+03
1.7211477051e+03
1.7215898438e+03
1.7202751465e+03
1.7202751465e+03
1.7215899658e+03
1.7211477051e+03
6.7543682861e+02
6.7306262207e+02
6.7143908691e+02
6.7143908691e+02
6.7306262207e+02
6.7543682861e+02
-3.7334689331e+02
-3.7780807495e+02
-3.7970626831e+02
-3.7970626831e+02
-3.7780807495e+02
-3.7334689331e+02
-1.4257567139e+03
-1.4322469482e+03
-1.4342626953e+03
-1.4342626953e+03
-1.4322469482e+03
-1.4257567139e+03
-2.4825151367e+03
-2.4912141113e+03
-2.4935595703e+03
-2.4935595703e+03
-2.4912141113e+03
-2.4825151367e+03
-3.5446071777e+03
-3.5562219238e+03
-3.5589074707e+03
-3.5589074707e+03
-3.5562219238e+03
-3.5446071777e+03
-4.6122954102e+03
-4.6275126953e+03
-4.6320439453e+03
-4.6320439453e+03
-4.6275126953e+03
-4.6122954102e+03
-5.6912993164e+03
-5.7143852539e+03
-5.7118935547e+03
-5.7118935547e+03
-5.7143847656e+03
-5.6912993164e+03
-6.7889628906e+03
-6.8080429688e+03
-6.8014057617e+03
-6.8014057617e+03
-6.8080429688e+03
-6.7889628906e+03
4.6690869141e+03
4.6633398438e+03
4.6592680664e+03
4.6592680664e+03
4.6633398438e+03
4.6690874023e+03
3.6355393066e+03
3.6467929688e+03
3.6461779785e+03
3.6461779785e+03
3.6467929688e+03
3.6355393066e+03
2.6295720215e+03
2.6299277344e+03
2.6325830078e+03
2.6325830078e+03
2.6299277344e+03
2.6295722656e+03
1.6185715332e+03
1.6181585693e+03
1.6189045410e+03
1.6189045410e+03
1.6181585693e+03
1.6185715332e+03
6.0810321045e+02
6.0576794434e+02
6.0530584717e+02
6.0530584717e+02
6.0576794434e+02
6.0810321045e+02
-4.0442129517e+02
-4.0769439697e+02
-4.0940875244e+02
-4.0940872192e+02
-4.0769439697e+02
-4.0442129517e+02
-1.4194112549e+03
-1.4236953125e+03
-1.4265379639e+03
-1.4265379639e+03
-1.4236953125e+03
-1.4194112549e+03
-2.4379777832e+03
-2.4431752930e+03
-2.4472971191e+03
-2.4472971191e+03
-2.4431752930e+03
-2.4379777832e+03
-3.4600988770e+03
-3.4674162598e+03
-3.4728830566e+03
-3.4728830566e+03
-3.4674162598e+03
-3.4600988770e+03
-4.4898852539e+03
-4.4975366211e+03
-4.5050458984e+03
-4.5050458984e+03
-4.4975366211e+03
-4.4898852539e+03
-5.5165244141e+03
-5.5383422852e+03
-5.5436254883e+03
-5.5436254883e+03
-5.5383422852e+03
-5.5165244141e+03
-6.5865278320e+03
-6.5859624023e+03
-6.5882905273e+03
-6.5882905273e+03
-6.5859624023e+03
-6.5865278320e+03
4.4383408203e+03
4.4378789062e+03
4.4304848633e+03
4.4304848633e+03
4.4378789062e+03
4.4383408203e+03
3.4450500488e+03
3.4571218262e+03
3.4543615723e+03
3.4543615723e+03
3.4571218262e+03
3.4450500488e+03
2.4740239258e+03
2.4776313477e+03
2.4795739746e+03
2.4795739746e+03
2.4776315918e+03
2.4740239258e+03
1.5030200195e+03
1.5044302979e+03
1.5047005615e+03
1.5047005615e+03
1.5044302979e+03
1.5030201416e+03
5.3245611572e+02
5.3172991943e+02
5.3136901855e+02
5.3136901855e+02
5.3172991943e+02
5.3245611572e+02
-4.3895471191e+02
-4.4121505737e+02
-4.4224685669e+02
-4.4224685669e+02
-4.4121505737e+02
-4.3895468140e+02
-1.4116658936e+03
-1.4154079590e+03
-1.4169748535e+03
-1.4169748535e+03
-1.4154079590e+03
-1.4116658936e+03
-2.3863825684e+03
-2.3917619629e+03
-2.3940708008e+03
-2.3940708008e+03
-2.3917619629e+03
-2.3863825684e+03
-3.3640043945e+03
-3.3716735840e+03
-3.3746789551e+03
-3.3746789551e+03
-3.3716735840e+03
-3.3640043945e+03
-4.3444091797e+03
-4.3550708008e+03
-4.3603930664e+03
-4.3603930664e+03
-4.3550708008e+03
-4.3444091797e+03
-5.3310986328e+03
-5.3498779297e+03
-5.3501386719e+03
-5.3501386719e+03
-5.3498779297e+03
-5.3310986328e+03
-6.3376655273e+03
-6.3498198242e+03
-6.3457583008e+03
-6.3457583008e+03
-6.3498198242e+03
-6.3376655273e+03
4.1884252930e+03
4.1856459961e+03
4.1810512695e+03
4.1810512695e+03
4.1856459961e+03
4.1884252930e+03
3.2344555664e+03
3.2468469238e+03
3.2457985840e+03
3.2457985840e+03
3.2468469238e+03
3.2344555664e+03
2.3062636719e+03
2.3092170410e+03
2.3120324707e+03
2.3120324707e+03
2.3092170410e+03
2.3062636719e+03
1.3769875488e+03
1.3789707031e+03
1.3802907715e+03
1.3802907715e+03
1.3789707031e+03
1.3769875488e+03
4.5007489014e+02
4.5009439087e+02
4.5050714111e+02
4.5050714111e+02
4.5009442139e+02
4.5007492065e+02
-4.7643292236e+02
-4.7745806885e+02
-4.7797695923e+02
-4.7797695923e+02
-4.7745803833e+02
-4.7643289185e+02
-1.4029335938e+03
-1.4050968018e+03
-1.4064536133e+03
-1.4064536133e+03
-1.4050968018e+03
-1.4029335938e+03
-2.3302836914e+03
-2.3335400391e+03
-2.3358862305e+03
-2.3358862305e+03
-2.3335400391e+03
-2.3302836914e+03
-3.2583085938e+03
-3.2638068848e+03
-3.2672951660e+03
-3.2672951660e+03
-3.2638068848e+03
-3.2583085938e+03
-4.1906074219e+03
-4.1969565430e+03
-4.2021777344e+03
-4.2021777344e+03
-4.1969565430e+03
-4.1906074219e+03
-5.1188803711e+03
-5.1378071289e+03
-5.1401655273e+03
-5.1401655273e+03
-5.1378066406e+03
-5.1188803711e+03
-6.0797065430e+03
-6.0815380859e+03
-6.0817915039e+03
-6.0817915039e+03
-6.0815380859e+03
-6.0797065430e+03
3.9162858887e+03
3.9161320801e+03
3.9104667969e+03
3.9104667969e+03
3.9161320801e+03
3.9162858887e+03
3.0077172852e+03
3.0205000000e+03
3.0191711426e+03
3.0191711426e+03
3.0205000000e+03
3.0077172852e+03
2.1235739746e+03
2.1284792480e+03
2.1313725586e+03
2.1313725586e+03
2.1284792480e+03
2.1235742188e+03
1.2407728271e+03
1.2440043945e+03
1.2454732666e+03
1.2454732666e+03
1.2440043945e+03
1.2407729492e+03
3.6132980347e+02
3.6277514648e+02
3.6362380981e+02
3.6362380981e+02
3.6277517700e+02
3.6132980347e+02
-5.1648602295e+02
-5.1631610107e+02
-5.1617877197e+02
-5.1617877197e+02
-5.1631610107e+02
-5.1648596191e+02
-1.3928504639e+03
-1.3939122314e+03
-1.3943729248e+03
-1.3943729248e+03
-1.3939121094e+03
-1.3928504639e+03
-2.2683806152e+03
-2.2708205566e+03
-2.2720893555e+03
-2.2720893555e+03
-2.2708203125e+03
-2.2683806152e+03
-3.1438205566e+03
-3.1482770996e+03
-3.1502900391e+03
-3.1502900391e+03
-3.1482770996e+03
-3.1438205566e+03
-4.0190734863e+03
-4.0260742188e+03
-4.0302905273e+03
-4.0302905273e+03
-4.0260742188e+03
-4.0190734863e+03
-4.8956352539e+03
-4.9109189453e+03
-4.9112617188e+03
-4.9112617188e+03
-4.9109189453e+03
-4.8956352539e+03
-5.7895385742e+03
-5.7974667969e+03
-5.7943593750e+03
-5.7943593750e+03
-5.7974667969e+03
-5.7895385742e+03
3.6267055664e+03
3.6261374512e+03
3.6218908691e+03
3.6218908691e+03
3.6261374512e+03
3.6267055664e+03
2.7657749023e+03
2.7789042969e+03
2.7783774414e+03
2.7783774414e+03
2.7789042969e+03
2.7657749023e+03
1.9295292969e+03
1.9347259521e+03
1.9381661377e+03
1.9381661377e+03
1.9347259521e+03
1.9295292969e+03
1.0962180176e+03
1.1004649658e+03
1.1026627197e+03
1.1026627197e+03
1.1004649658e+03
1.0962180176e+03
2.6718499756e+02
2.6965679932e+02
2.7113943481e+02
2.7113943481e+02
2.6965679932e+02
2.6718499756e+02
-5.5851617432e+02
-5.5701300049e+02
-5.5628717041e+02
-5.5628717041e+02
-5.5701300049e+02
-5.5851617432e+02
-1.3814254150e+03
-1.3810003662e+03
-1.3809716797e+03
-1.3809716797e+03
-1.3810003662e+03
-1.3814254150e+03
-2.2021577148e+03
-2.2028061523e+03
-2.2036206055e+03
-2.2036206055e+03
-2.2028061523e+03
-2.2021577148e+03
-3.0204299316e+03
-3.0231892090e+03
-3.0250363770e+03
-3.0250363770e+03
-3.0231892090e+03
-3.0204299316e+03
-3.8391315918e+03
-3.8430688477e+03
-3.8465522461e+03
-3.8465522461e+03
-3.8430688477e+03
-3.8391313477e+03
-4.6518706055e+03
-4.6667968750e+03
-4.6674970703e+03
-4.6674970703e+03
-4.6667968750e+03
-4.6518706055e+03
-5.4877592773e+03
-5.4897788086e+03
-5.4888959961e+03
-5.4888959961e+03
-5.4897788086e+03
-5.4877592773e+03
3.3204843750e+03
3.3211643066e+03
3.3169143066e+03
3.3169143066e+03
3.3211643066e+03
3.3204843750e+03
2.5097031250e+03
2.5232270508e+03
2.5229790039e+03
2.5229790039e+03
2.5232270508e+03
2.5097033691e+03
1.7251409912e+03
1.7316890869e+03
1.7353597412e+03
1.7353597412e+03
1.7316890869e+03
1.7251409912e+03
9.4355981445e+02
9.4882940674e+02
9.5142150879e+02
9.5142150879e+02
9.4882940674e+02
9.4355981445e+02
1.6861306763e+02
1.7239671326e+02
1.7445610046e+02
1.7445610046e+02
1.7239672852e+02
1.6861308289e+02
-6.0213763428e+02
-5.9942706299e+02
-5.9801672363e+02
-5.9801672363e+02
-5.9942706299e+02
-6.0213763428e+02
-1.3684664307e+03
-1.3668032227e+03
-1.3659562988e+03
-1.3659562988e+03
-1.3668032227e+03
-1.3684664307e+03
-2.1308945312e+03
-2.1304230957e+03
-2.1303486328e+03
-2.1303486328e+03
-2.1304228516e+03
-2.1308945312e+03
-2.8899885254e+03
-2.8913388672e+03
-2.8920019531e+03
-2.8920019531e+03
-2.8913388672e+03
-2.8899885254e+03
-3.6456250000e+03
-3.6491828613e+03
-3.6518312988e+03
-3.6518312988e+03
-3.6491828613e+03
-3.6456250000e+03
-4.3981420898e+03
-4.4097377930e+03
-4.4093559570e+03
-4.4093559570e+03
-4.4097377930e+03
-4.3981420898e+03
-5.1631328125e+03
-5.1680449219e+03
-5.1652607422e+03
-5.1652607422e+03
-5.1680449219e+03
-5.1631328125e+03
2.9991840820e+03
3.0005761719e+03
2.9969882812e+03
2.9969882812e+03
3.0005761719e+03
2.9991840820e+03
2.2432875977e+03
2.2569077148e+03
2.2571372070e+03
2.2571372070e+03
2.2569077148e+03
2.2432875977e+03
1.5106235352e+03
1.5178182373e+03
1.5219357910e+03
1.5219357910e+03
1.5178182373e+03
1.5106235352e+03
7.8526153564e+02
7.9171258545e+02
7.9483941650e+02
7.9483941650e+02
7.9171258545e+02
7.8526153564e+02
6.5996437073e+01
7.0926445007e+01
7.3504455566e+01
7.3504455566e+01
7.0926452637e+01
6.5996444702e+01
-6.4681860352e+02
-6.4272052002e+02
-6.4076171875e+02
-6.4076171875e+02
-6.4272052002e+02
-6.4681860352e+02
-1.3539670410e+03
-1.3508151855e+03
-1.3494465332e+03
-1.3494465332e+03
-1.3508151855e+03
-1.3539670410e+03
-2.0558298340e+03
-2.0536542969e+03
-2.0530195312e+03
-2.0530195312e+03
-2.0536542969e+03
-2.0558298340e+03
-2.7520278320e+03
-2.7517407227e+03
-2.7520322266e+03
-2.7520322266e+03
-2.7517407227e+03
-2.7520278320e+03
-3.4448891602e+03
-3.4459487305e+03
-3.4477712402e+03
-3.4477712402e+03
-3.4459487305e+03
-3.4448891602e+03
-4.1291591797e+03
-4.1397114258e+03
-4.1392080078e+03
-4.1392080078e+03
-4.1397114258e+03
-4.1291591797e+03
-4.8281508789e+03
-4.8292490234e+03
-4.8277587891e+03
-4.8277587891e+03
-4.8292490234e+03
-4.8281508789e+03
2.6666618652e+03
2.6681647949e+03
2.6652731934e+03
2.6652731934e+03
2.6681647949e+03
2.6666618652e+03
1.9642698975e+03
1.9782764893e+03
1.9790727539e+03
1.9790727539e+03
1.9782764893e+03
1.9642698975e+03
1.2903160400e+03
1.2985245361e+03
1.3028780518e+03
1.3028780518e+03
1.2985245361e+03
1.2903161621e+03
6.2048254395e+02
6.2768627930e+02
6.3131921387e+02
6.3131921387e+02
6.2768627930e+02
6.2048254395e+02
-3.9160385132e+01
-3.3126789093e+01
-2.9891662598e+01
-2.9891658783e+01
-3.3126781464e+01
-3.9160373688e+01
-6.9209234619e+02
-6.8693243408e+02
-6.8423504639e+02
-6.8423504639e+02
-6.8693243408e+02
-6.9209234619e+02
-1.3376723633e+03
-1.3333936768e+03
-1.3311856689e+03
-1.3311856689e+03
-1.3333936768e+03
-1.3376723633e+03
-1.9763258057e+03
-1.9730715332e+03
-1.9715533447e+03
-1.9715533447e+03
-1.9730715332e+03
-1.9763258057e+03
-2.6084748535e+03
-2.6068361816e+03
-2.6060246582e+03
-2.6060246582e+03
-2.6068361816e+03
-2.6084746094e+03
-3.2337402344e+03
-3.2340415039e+03
-3.2349931641e+03
-3.2349931641e+03
-3.2340415039e+03
-3.2337402344e+03
-3.8521870117e+03
-3.8599057617e+03
-3.8585341797e+03
-3.8585341797e+03
-3.8599057617e+03
-3.8521870117e+03
-4.4769985352e+03
-4.4795917969e+03
-4.4768139648e+03
-4.4768139648e+03
-4.4795917969e+03
-4.4769985352e+03
2.3205776367e+03
2.3238981934e+03
2.3210095215e+03
2.3210095215e+03
2.3238981934e+03
2.3205776367e+03
1.6803778076e+03
1.6942298584e+03
1.6951336670e+03
1.6951336670e+03
1.6942298584e+03
1.6803778076e+03
1.0603275146e+03
1.0692044678e+03
1.0738778076e+03
1.0738778076e+03
1.0692044678e+03
1.0603275146e+03
4.5288455200e+02
4.6140213013e+02
4.6536535645e+02
4.6536535645e+02
4.6140213013e+02
4.5288458252e+02
-1.4712826538e+02
-1.3983422852e+02
-1.3628305054e+02
-1.3628305054e+02
-1.3983421326e+02
-1.4712825012e+02
-7.3769354248e+02
-7.3107183838e+02
-7.2802545166e+02
-7.2802545166e+02
-7.3107177734e+02
-7.3769354248e+02
-1.3198034668e+03
-1.3139564209e+03
-1.3114042969e+03
-1.3114042969e+03
-1.3139564209e+03
-1.3198034668e+03
-1.8936599121e+03
-1.8886451416e+03
-1.8867265625e+03
-1.8867265625e+03
-1.8886451416e+03
-1.8936599121e+03
-2.4588132324e+03
-2.4554301758e+03
-2.4543232422e+03
-2.4543232422e+03
-2.4554301758e+03
-2.4588132324e+03
-3.0173286133e+03
-3.0153198242e+03
-3.0156069336e+03
-3.0156069336e+03
-3.0153198242e+03
-3.0173286133e+03
-3.5642753906e+03
-3.5702897949e+03
-3.5689367676e+03
-3.5689367676e+03
-3.5702897949e+03
-3.5642751465e+03
-4.1184179688e+03
-4.1179912109e+03
-4.1163085938e+03
-4.1163085938e+03
-4.1179907227e+03
-4.1184179688e+03
1.9693488770e+03
1.9712186279e+03
1.9698140869e+03
1.9698140869e+03
1.9712186279e+03
1.9693488770e+03
1.3833510742e+03
1.3972795410e+03
1.3993121338e+03
1.3993121338e+03
1.3972795410e+03
1.3833510742e+03
8.2988287354e+02
8.3954968262e+02
8.4458935547e+02
8.4458935547e+02
8.3954968262e+02
8.2988287354e+02
2.7995535278e+02
2.8874859619e+02
2.9336926270e+02
2.9336926270e+02
2.8874862671e+02
2.7995535278e+02
-2.5597933960e+02
-2.4808135986e+02
-2.4368367004e+02
-2.4368367004e+02
-2.4808135986e+02
-2.5597933960e+02
-7.8278833008e+02
-7.7556750488e+02
-7.7154724121e+02
-7.7154724121e+02
-7.7556750488e+02
-7.8278833008e+02
-1.2996577148e+03
-1.2931623535e+03
-1.2895220947e+03
-1.2895220947e+03
-1.2931623535e+03
-1.2996577148e+03
-1.8069133301e+03
-1.8012807617e+03
-1.7982153320e+03
-1.7982153320e+03
-1.8012807617e+03
-1.8069133301e+03
-2.3048176270e+03
-2.3005539551e+03
-2.2981394043e+03
-2.2981394043e+03
-2.3005539551e+03
-2.3048176270e+03
-2.7924497070e+03
-2.7899150391e+03
-2.7890170898e+03
-2.7890170898e+03
-2.7899150391e+03
-2.7924497070e+03
-3.2706455078e+03
-3.2746306152e+03
-3.2720390625e+03
-3.2720390625e+03
-3.2746306152e+03
-3.2706455078e+03
-3.7484963379e+03
-3.7493583984e+03
-3.7463620605e+03
-3.7463620605e+03
-3.7493583984e+03
-3.7484963379e+03
1.6033218994e+03
1.6088662109e+03
1.6062753906e+03
1.6062753906e+03
1.6088662109e+03
1.6033218994e+03
1.0892250977e+03
1.1033100586e+03
1.1042744141e+03
1.1042744141e+03
1.1033100586e+03
1.0892250977e+03
5.8797802734e+02
5.9820184326e+02
6.0284674072e+02
6.0284674072e+02
5.9820184326e+02
5.8797802734e+02
1.0675750732e+02
1.1715353394e+02
1.2148325348e+02
1.2148325348e+02
1.1715353394e+02
1.0675751495e+02
-3.6638677979e+02
-3.5677618408e+02
-3.5273440552e+02
-3.5273440552e+02
-3.5677618408e+02
-3.6638677979e+02
-8.2775146484e+02
-8.1861578369e+02
-8.1501287842e+02
-8.1501287842e+02
-8.1861578369e+02
-8.2775140381e+02
-1.2781618652e+03
-1.2696081543e+03
-1.2664497070e+03
-1.2664497070e+03
-1.2696081543e+03
-1.2781618652e+03
-1.7176878662e+03
-1.7098088379e+03
-1.7072161865e+03
-1.7072161865e+03
-1.7098088379e+03
-1.7176877441e+03
-2.1459824219e+03
-2.1394729004e+03
-2.1376059570e+03
-2.1376059570e+03
-2.1394729004e+03
-2.1459824219e+03
-2.5651530762e+03
-2.5598818359e+03
-2.5593188477e+03
-2.5593188477e+03
-2.5598818359e+03
-2.5651530762e+03
-2.9694409180e+03
-2.9706921387e+03
-2.9693327637e+03
-2.9693327637e+03
-2.9706921387e+03
-2.9694409180e+03
-3.3747612305e+03
-3.3724301758e+03
-3.3712133789e+03
-3.3712133789e+03
-3.3724301758e+03
-3.3747612305e+03
1.2418780518e+03
1.2423593750e+03
1.2429417725e+03
1.2429417725e+03
1.2423593750e+03
1.2418780518e+03
7.7682440186e+02
7.8869079590e+02
7.9262921143e+02
7.9262921143e+02
7.8869079590e+02
7.7682440186e+02
3.5404092407e+02
3.6397406006e+02
3.7019656372e+02
3.7019656372e+02
3.6397406006e+02
3.5404092407e+02
-6.9657005310e+01
-6.0458141327e+01
-5.4542022705e+01
-5.4542018890e+01
-6.0458137512e+01
-6.9657005310e+01
-4.7617010498e+02
-4.6778149414e+02
-4.6193267822e+02
-4.6193264771e+02
-4.6778149414e+02
-4.7617010498e+02
-8.7098266602e+02
-8.6314874268e+02
-8.5743151855e+02
-8.5743151855e+02
-8.6314874268e+02
-8.7098266602e+02
-1.2536505127e+03
-1.2464055176e+03
-1.2408342285e+03
-1.2408342285e+03
-1.2464055176e+03
-1.2536505127e+03
-1.6244487305e+03
-1.6179077148e+03
-1.6126713867e+03
-1.6126713867e+03
-1.6179077148e+03
-1.6244487305e+03
-1.9833519287e+03
-1.9779450684e+03
-1.9731771240e+03
-1.9731771240e+03
-1.9779450684e+03
-1.9833519287e+03
-2.3289521484e+03
-2.3252370605e+03
-2.3216022949e+03
-2.3216022949e+03
-2.3252370605e+03
-2.3289521484e+03
-2.6645270996e+03
-2.6662553711e+03
-2.6615742188e+03
-2.6615742188e+03
-2.6662553711e+03
-2.6645270996e+03
-2.9924455566e+03
-2.9929692383e+03
-2.9892333984e+03
-2.9892333984e+03
-2.9929692383e+03
-2.9924455566e+03
8.5734436035e+02
8.6641296387e+02
8.6267584229e+02
8.6267584229e+02
8.6641296387e+02
8.5734436035e+02
4.8349069214e+02
4.9919241333e+02
4.9830648804e+02
4.9830648804e+02
4.9919241333e+02
4.8349069214e+02
1.0276127625e+02
1.1480085754e+02
1.1724727631e+02
1.1724728394e+02
1.1480085754e+02
1.0276127625e+02
-2.4713583374e+02
-2.3456320190e+02
-2.3178627014e+02
-2.3178627014e+02
-2.3456320190e+02
-2.4713583374e+02
-5.8754284668e+02
-5.7489044189e+02
-5.7210223389e+02
-5.7210223389e+02
-5.7489044189e+02
-5.8754284668e+02
-9.1518469238e+02
-9.0245062256e+02
-9.0002563477e+02
-9.0002563477e+02
-9.0245062256e+02
-9.1518469238e+02
-1.2301763916e+03
-1.2175727539e+03
-1.2156790771e+03
-1.2156790771e+03
-1.2175727539e+03
-1.2301763916e+03
-1.5321514893e+03
-1.5198485107e+03
-1.5186542969e+03
-1.5186541748e+03
-1.5198485107e+03
-1.5321514893e+03
-1.8207463379e+03
-1.8093134766e+03
-1.8089769287e+03
-1.8089769287e+03
-1.8093134766e+03
-1.8207463379e+03
-2.0975498047e+03
-2.0868889160e+03
-2.0879362793e+03
-2.0879362793e+03
-2.0868889160e+03
-2.0975498047e+03
-2.3546184082e+03
-2.3491479492e+03
-2.3500346680e+03
-2.3500346680e+03
-2.3491479492e+03
-2.3546184082e+03
-2.6100607910e+03
-2.6044108887e+03
-2.6050512695e+03
-2.6050512695e+03
-2.6044108887e+03
-2.6100607910e+03
5.0405166626e+02
5.0224032593e+02
5.1092703247e+02
5.1092706299e+02
5.0224032593e+02
5.0405169678e+02
1.5344993591e+02
1.6060083008e+02
1.7231158447e+02
1.7231158447e+02
1.6060083008e+02
1.5344993591e+02
-1.2937440491e+02
-1.1987077332e+02
-1.0586338043e+02
-1.0586337280e+02
-1.1987076569e+02
-1.2937440491e+02
-4.2319293213e+02
-4.1260125732e+02
-3.9844104004e+02
-3.9844104004e+02
-4.1260125732e+02
-4.2319293213e+02
-7.0146252441e+02
-6.9119531250e+02
-6.7676226807e+02
-6.7676226807e+02
-6.9119531250e+02
-7.0146252441e+02
-9.6432781982e+02
-9.5465216064e+02
-9.3992053223e+02
-9.3992047119e+02
-9.5465216064e+02
-9.6432781982e+02
-1.2103131104e+03
-1.2015826416e+03
-1.1865085449e+03
-1.1865085449e+03
-1.2015826416e+03
-1.2103131104e+03
-1.4398759766e+03
-1.4324561768e+03
-1.4172388916e+03
-1.4172388916e+03
-1.4324561768e+03
-1.4398759766e+03
-1.6540717773e+03
-1.6484510498e+03
-1.6334125977e+03
-1.6334125977e+03
-1.6484510498e+03
-1.6540717773e+03
-1.8534478760e+03
-1.8501754150e+03
-1.8360936279e+03
-1.8360936279e+03
-1.8501754150e+03
-1.8534478760e+03
-2.0448459473e+03
-2.0454848633e+03
-2.0320621338e+03
-2.0320621338e+03
-2.0454848633e+03
-2.0448459473e+03
-2.2164196777e+03
-2.2165463867e+03
-2.2065151367e+03
-2.2065151367e+03
-2.2165463867e+03
-2.2164196777e+03
1.0353834534e+02
1.2563061523e+02
1.1050944519e+02
1.1050943756e+02
1.2563060760e+02
1.0353833008e+02
-1.0733960724e+02
-7.6347007751e+01
-8.7322998047e+01
-8.7323005676e+01
-7.6347015381e+01
-1.0733963013e+02
-3.8027941895e+02
-3.5387002563e+02
-3.6353533936e+02
-3.6353533936e+02
-3.5387002563e+02
-3.8027941895e+02
-6.1353314209e+02
-5.8912280273e+02
-5.9973431396e+02
-5.9973431396e+02
-5.8912280273e+02
-6.1353314209e+02
-8.2509008789e+02
-8.0103912354e+02
-8.1279150391e+02
-8.1279150391e+02
-8.0103912354e+02
-8.2509014893e+02
-1.0181718140e+03
-9.9332037354e+02
-1.0062084961e+03
-1.0062084961e+03
-9.9332037354e+02
-1.0181718140e+03
-1.1954659424e+03
-1.1691954346e+03
-1.1831312256e+03
-1.1831312256e+03
-1.1691954346e+03
-1.1954659424e+03
-1.3563020020e+03
-1.3285406494e+03
-1.3434099121e+03
-1.3434099121e+03
-1.3285406494e+03
-1.3563020020e+03
-1.4981617432e+03
-1.4698649902e+03
-1.4855150146e+03
-1.4855150146e+03
-1.4698649902e+03
-1.4981617432e+03
-1.6200915527e+03
-1.5927728271e+03
-1.6092623291e+03
-1.6092623291e+03
-1.5927729492e+03
-1.6200915527e+03
-1.7166501465e+03
-1.6960036621e+03
-1.7119257812e+03
-1.7119257812e+03
-1.6960036621e+03
-1.7166502686e+03
-1.8191660156e+03
-1.8066325684e+03
-1.8231673584e+03
-1.8231673584e+03
-1.8066325684e+03
-1.8191660156e+03
-1.3370315552e+02
-1.8808399963e+02
-1.9212033081e+02
-1.9212033081e+02
-1.8808398438e+02
-1.3370312500e+02
-4.5608486938e+02
-5.1094085693e+02
-5.1483660889e+02
-5.1483660889e+02
-5.1094082642e+02
-4.5608483887e+02
-6.0870251465e+02
-6.6762066650e+02
-6.6947290039e+02
-6.6947290039e+02
-6.6762066650e+02
-6.0870245361e+02
-7.4042407227e+02
-8.0115472412e+02
-8.0225384521e+02
-8.0225384521e+02
-8.0115472412e+02
-7.4042401123e+02
-8.6335693359e+02
-9.2677648926e+02
-9.2674743652e+02
-9.2674743652e+02
-9.2677648926e+02
-8.6335687256e+02
-9.8273968506e+02
-1.0487421875e+03
-1.0476063232e+03
-1.0476063232e+03
-1.0487421875e+03
-9.8273962402e+02
-1.0957464600e+03
-1.1638088379e+03
-1.1614952393e+03
-1.1614952393e+03
-1.1638088379e+03
-1.0957464600e+03
-1.1979399414e+03
-1.2667719727e+03
-1.2632844238e+03
-1.2632844238e+03
-1.2667719727e+03
-1.1979398193e+03
-1.2836616211e+03
-1.3511712646e+03
-1.3466168213e+03
-1.3466166992e+03
-1.3511712646e+03
-1.2836616211e+03
-1.3443441162e+03
-1.4081347656e+03
-1.4030345459e+03
-1.4030345459e+03
-1.4081347656e+03
-1.3443441162e+03
-1.3734761963e+03
-1.4321450195e+03
-1.4271080322e+03
-1.4271080322e+03
-1.4321450195e+03
-1.3734761963e+03
-1.3471794434e+03
-1.4002766113e+03
-1.3922958984e+03
-1.3922958984e+03
-1.4002766113e+03
-1.3471794434e+03
-9.6779199219e+02
-9.6582666016e+02
-9.6843994141e+02
-9.6843994141e+02
-9.6582666016e+02
-9.6779199219e+02
-8.6188378906e+02
-8.5191973877e+02
-8.5542987061e+02
-8.5542987061e+02
-8.5191979980e+02
-8.6188378906e+02
-8.5975689697e+02
-8.3882373047e+02
-8.4136492920e+02
-8.4136492920e+02
-8.3882373047e+02
-8.5975689697e+02
-9.0112622070e+02
-8.7197192383e+02
-8.7207269287e+02
-8.7207269287e+02
-8.7197192383e+02
-9.0112628174e+02
-9.6596569824e+02
-9.2968817139e+02
-9.2753393555e+02
-9.2753393555e+02
-9.2968817139e+02
-9.6596569824e+02
-1.0393398438e+03
-9.9696331787e+02
-9.9271905518e+02
-9.9271905518e+02
-9.9696331787e+02
-1.0393398438e+03
-1.1106813965e+03
-1.0629443359e+03
-1.0566529541e+03
-1.0566529541e+03
-1.0629443359e+03
-1.1106815186e+03
-1.1704865723e+03
-1.1177852783e+03
-1.1092061768e+03
-1.1092060547e+03
-1.1177852783e+03
-1.1704865723e+03
-1.2086165771e+03
-1.1507482910e+03
-1.1394274902e+03
-1.1394273682e+03
-1.1507482910e+03
-1.2086165771e+03
-1.2131922607e+03
-1.1493558350e+03
-1.1344365234e+03
-1.1344365234e+03
-1.1493558350e+03
-1.2131923828e+03
-1.1635587158e+03
-1.0902391357e+03
-1.0728572998e+03
-1.0728572998e+03
-1.0902392578e+03
-1.1635587158e+03
-1.0254199219e+03
-9.5010504150e+02
-9.3546343994e+02
-9.3546343994e+02
-9.5010510254e+02
-1.0254200439e+03
