8.8186157227e+01
6.3768589020e+01
5.6732780457e+01
5.6732769012e+01
6.3768600464e+01
8.8186164856e+01
-1.0888887405e+01
-5.9100136757e+00
-4.1222076416e+01
-4.1222091675e+01
-5.9100275040e+00
-1.0888905525e+01
-5.1715435028e+01
-1.0603116608e+02
-6.7198715210e+00
-6.7198266983e+00
-1.0603109741e+02
-5.1715427399e+01
-1.3629139709e+02
-6.2277275085e+01
-3.9981030273e+02
-3.9981048584e+02
-6.2277530670e+01
-1.3629148865e+02
-5.1741062164e+01
-9.2704565430e+02
7.8776678467e+02
7.8776776123e+02
-9.2704455566e+02
-5.1740921021e+01
-3.2693676758e+02
4.1443670654e+02
-6.7715019531e+03
-6.7715048828e+03
4.1443286133e+02
-3.2693658447e+02
-6.2470678711e+02
1.7741700439e+03
-1.6465718750e+04
-1.6465728516e+04
1.7741596680e+03
-6.2470697021e+02
-5.0622714996e+01
-2.1121831055e+03
-1.5964196777e+03
-1.5964195557e+03
-2.1121818848e+03
-5.0621669769e+01
-3.6770425415e+02
-7.7506866455e+02
-1.4722653809e+03
-1.4722659912e+03
-7.7506884766e+02
-3.6770394897e+02
-2.8283587646e+02
-5.5998907471e+02
-5.3646441650e+02
-5.3646447754e+02
-5.5998895264e+02
-2.8283563232e+02
-2.6285568237e+02
-3.0724209595e+02
-3.8189715576e+02
-3.8189721680e+02
-3.0724209595e+02
-2.6285559082e+02
-1.2223707581e+02
-1.4678767395e+02
-1.4151217651e+02
-1.4151219177e+02
-1.4678764343e+02
-1.2223703766e+02
2.5869717407e+02
2.1542968750e+02
1.8861567688e+02
1.8861566162e+02
2.1542968750e+02
2.5869720459e+02
5.1233539581e+01
-1.4190934181e+01
-2.1411197662e+01
-2.1411199570e+01
-1.4190939903e+01
5.1233562469e+01
-1.3375602722e+02
-2.0999917603e+02
-3.4578268433e+02
-3.4578274536e+02
-2.0999926758e+02
-1.3375601196e+02
-2.8516888428e+02
-6.0809094238e+02
-3.8885983276e+02
-3.8885974121e+02
-6.0809082031e+02
-2.8516879272e+02
-5.5350628662e+02
-7.5632263184e+02
-2.4279526367e+03
-2.4279536133e+03
-7.5632348633e+02
-5.5350610352e+02
-5.3556811523e+02
-2.5343347168e+03
-4.8521215820e+02
-4.8521136475e+02
-2.5343339844e+03
-5.3556781006e+02
-5.6544433594e+02
-4.1256362305e+03
1.9576289062e+03
1.9576322021e+03
-4.1256328125e+03
-5.6544372559e+02
-1.1994575195e+03
-1.8151271973e+03
-5.1980615234e+03
-5.1980629883e+03
-1.8151286621e+03
-1.1994572754e+03
-1.1497927246e+03
-1.9887287598e+03
-2.1360175781e+03
-2.1360175781e+03
-1.9887285156e+03
-1.1497923584e+03
-1.1517291260e+03
-1.3912117920e+03
-1.7323535156e+03
-1.7323536377e+03
-1.3912117920e+03
-1.1517290039e+03
-9.7327130127e+02
-1.0934349365e+03
-1.1547319336e+03
-1.1547319336e+03
-1.0934349365e+03
-9.7327117920e+02
-7.3161065674e+02
-7.6157745361e+02
-7.9162152100e+02
-7.9162152100e+02
-7.6157745361e+02
-7.3161059570e+02
3.2411019897e+02
2.9431677246e+02
2.8446585083e+02
2.8446585083e+02
2.9431677246e+02
3.2411019897e+02
5.3300804138e+01
2.9025400162e+01
-1.2149925232e+01
-1.2149950027e+01
2.9025381088e+01
5.3300781250e+01
-2.3396362305e+02
-3.0122167969e+02
-2.6079574585e+02
-2.6079574585e+02
-3.0122161865e+02
-2.3396363831e+02
-5.7027703857e+02
-5.8788604736e+02
-9.4165405273e+02
-9.4165417480e+02
-5.8788616943e+02
-5.7027709961e+02
-8.5739587402e+02
-1.1102424316e+03
-4.2496432495e+02
-4.2496401978e+02
-1.1102420654e+03
-8.5739587402e+02
-1.3789595947e+03
-6.2272393799e+02
-1.2749356689e+03
-1.2749360352e+03
-6.2272418213e+02
-1.3789595947e+03
-1.7801933594e+03
-1.4087440491e+02
-2.5404924316e+03
-2.5404938965e+03
-1.4087596130e+02
-1.7801933594e+03
-1.6172918701e+03
-1.6467222900e+03
4.3928012085e+02
4.3928070068e+02
-1.6467214355e+03
-1.6172918701e+03
-1.7284938965e+03
-1.5226717529e+03
-1.9697833252e+03
-1.9697836914e+03
-1.5226721191e+03
-1.7284940186e+03
-1.6990872803e+03
-1.7367818604e+03
-1.6956125488e+03
-1.6956125488e+03
-1.7367818604e+03
-1.6990872803e+03
-1.6763420410e+03
-1.6674429932e+03
-1.7339576416e+03
-1.7339577637e+03
-1.6674429932e+03
-1.6763420410e+03
-1.6040699463e+03
-1.6150883789e+03
-1.6288415527e+03
-1.6288415527e+03
-1.6150883789e+03
-1.6040699463e+03
4.1375100708e+02
4.1700836182e+02
4.0948452759e+02
4.0948452759e+02
4.1700833130e+02
4.1375097656e+02
1.2884429932e+02
1.3949371338e+02
1.5789962769e+02
1.5789962769e+02
1.3949369812e+02
1.2884426880e+02
-1.8000288391e+02
-1.3822000122e+02
-1.9730438232e+02
-1.9730441284e+02
-1.3822004700e+02
-1.8000292969e+02
-4.7686563110e+02
-4.3169543457e+02
-1.9379812622e+02
-1.9379806519e+02
-4.3169540405e+02
-4.7686566162e+02
-8.0110168457e+02
-5.0006680298e+02
-8.0674725342e+02
-8.0674743652e+02
-5.0006707764e+02
-8.0110174561e+02
-9.1336236572e+02
-1.1003869629e+03
-8.2148101807e+02
-8.2148083496e+02
-1.1003868408e+03
-9.1336254883e+02
-1.0494674072e+03
-1.6966414795e+03
-5.9051068115e+02
-5.9050982666e+02
-1.6966407471e+03
-1.0494676514e+03
-1.4820285645e+03
-1.1776859131e+03
-2.4289726562e+03
-2.4289729004e+03
-1.1776864014e+03
-1.4820285645e+03
-1.6609346924e+03
-1.6144598389e+03
-1.1279993896e+03
-1.1279991455e+03
-1.6144595947e+03
-1.6609346924e+03
-1.8596287842e+03
-1.7482445068e+03
-1.7824877930e+03
-1.7824877930e+03
-1.7482445068e+03
-1.8596287842e+03
-2.0164692383e+03
-1.9882117920e+03
-1.9341956787e+03
-1.9341955566e+03
-1.9882117920e+03
-2.0164692383e+03
-2.2033234863e+03
-2.1874340820e+03
-2.1851604004e+03
-2.1851604004e+03
-2.1874340820e+03
-2.2033234863e+03
7.3513232422e+02
7.4038732910e+02
7.4671063232e+02
7.4671063232e+02
7.4038732910e+02
7.3513232422e+02
3.8800830078e+02
4.0418264771e+02
3.9570416260e+02
3.9570416260e+02
4.0418261719e+02
3.8800827026e+02
6.1597366333e+01
7.2595779419e+01
1.4179585266e+02
1.4179586792e+02
7.2595779419e+01
6.1597347260e+01
-2.6202108765e+02
-2.3580043030e+02
-3.5850558472e+02
-3.5850558472e+02
-2.3580044556e+02
-2.6202111816e+02
-5.3998480225e+02
-6.9879620361e+02
-5.2676208496e+02
-5.2676196289e+02
-6.9879608154e+02
-5.3998480225e+02
-9.4235040283e+02
-8.5056927490e+02
-9.3637646484e+02
-9.3637652588e+02
-8.5056933594e+02
-9.4235034180e+02
-1.3054532471e+03
-9.7472290039e+02
-1.4327818604e+03
-1.4327823486e+03
-9.7472332764e+02
-1.3054531250e+03
-1.4568354492e+03
-1.6746094971e+03
-9.0613409424e+02
-9.0613397217e+02
-1.6746093750e+03
-1.4568353271e+03
-1.7559433594e+03
-1.7677604980e+03
-2.1303579102e+03
-2.1303581543e+03
-1.7677604980e+03
-1.7559433594e+03
-2.0233537598e+03
-2.0581018066e+03
-1.9771896973e+03
-1.9771895752e+03
-2.0581015625e+03
-2.0233537598e+03
-2.2929860840e+03
-2.2918767090e+03
-2.3095966797e+03
-2.3095966797e+03
-2.2918767090e+03
-2.2929860840e+03
-2.5576213379e+03
-2.5567897949e+03
-2.5437473145e+03
-2.5437473145e+03
-2.5567897949e+03
-2.5576213379e+03
1.1216320801e+03
1.1230202637e+03
1.1189576416e+03
1.1189576416e+03
1.1230202637e+03
1.1216320801e+03
6.8992358398e+02
6.9759936523e+02
7.1122869873e+02
7.1122869873e+02
6.9759936523e+02
6.8992358398e+02
2.8333609009e+02
2.8489019775e+02
2.4196078491e+02
2.4196078491e+02
2.8489019775e+02
2.8333605957e+02
-1.1083598328e+02
-1.3195971680e+02
-5.5346733093e+01
-5.5346717834e+01
-1.3195971680e+02
-1.1083599091e+02
-5.2616705322e+02
-4.2780001831e+02
-5.0909133911e+02
-5.0909140015e+02
-4.2780014038e+02
-5.2616711426e+02
-8.4369921875e+02
-8.8028308105e+02
-8.3787036133e+02
-8.3787036133e+02
-8.8028308105e+02
-8.4369927979e+02
-1.1720192871e+03
-1.3348210449e+03
-1.1121416016e+03
-1.1121414795e+03
-1.3348209229e+03
-1.1720194092e+03
-1.6147698975e+03
-1.4596688232e+03
-1.9082381592e+03
-1.9082382812e+03
-1.4596689453e+03
-1.6147698975e+03
-1.9391932373e+03
-1.9373310547e+03
-1.6756796875e+03
-1.6756796875e+03
-1.9373309326e+03
-1.9391932373e+03
-2.2710412598e+03
-2.2613017578e+03
-2.3425231934e+03
-2.3425231934e+03
-2.2613017578e+03
-2.2710412598e+03
-2.5933063965e+03
-2.6036967773e+03
-2.5867114258e+03
-2.5867114258e+03
-2.6036967773e+03
-2.5933063965e+03
-2.9111618652e+03
-2.9134323730e+03
-2.9193298340e+03
-2.9193298340e+03
-2.9134323730e+03
-2.9111618652e+03
1.4781982422e+03
1.4810654297e+03
1.4806148682e+03
1.4806148682e+03
1.4810654297e+03
1.4781982422e+03
9.8405676270e+02
9.9742749023e+02
9.8742999268e+02
9.8742999268e+02
9.9742749023e+02
9.8405676270e+02
5.1159375000e+02
5.2434088135e+02
5.5988043213e+02
5.5988043213e+02
5.2434082031e+02
5.1159375000e+02
4.8884899139e+01
8.2778312683e+01
4.3786823273e+01
4.3786811829e+01
8.2778289795e+01
4.8884876251e+01
-3.7780432129e+02
-4.1919949341e+02
-3.7221246338e+02
-3.7221240234e+02
-4.1919943237e+02
-3.7780435181e+02
-8.5168676758e+02
-8.1676519775e+02
-8.3705340576e+02
-8.3705340576e+02
-8.1676519775e+02
-8.5168670654e+02
-1.3006143799e+03
-1.1991735840e+03
-1.3066440430e+03
-1.3066441650e+03
-1.1991737061e+03
-1.3006142578e+03
-1.6635019531e+03
-1.7512316895e+03
-1.4857204590e+03
-1.4857203369e+03
-1.7512315674e+03
-1.6635019531e+03
-2.0908041992e+03
-2.0765554199e+03
-2.2549580078e+03
-2.2549582520e+03
-2.0765554199e+03
-2.0908044434e+03
-2.4964382324e+03
-2.4899746094e+03
-2.4200922852e+03
-2.4200922852e+03
-2.4899746094e+03
-2.4964382324e+03
-2.8840712891e+03
-2.8811516113e+03
-2.8953618164e+03
-2.8953618164e+03
-2.8811516113e+03
-2.8840712891e+03
-3.2740407715e+03
-3.2725295410e+03
-3.2667136230e+03
-3.2667136230e+03
-3.2725295410e+03
-3.2740407715e+03
1.8345986328e+03
1.8385750732e+03
1.8352886963e+03
1.8352886963e+03
1.8385750732e+03
1.8345986328e+03
1.2769316406e+03
1.2918176270e+03
1.3030098877e+03
1.3030098877e+03
1.2918176270e+03
1.2769316406e+03
7.4490350342e+02
7.5469213867e+02
7.3972210693e+02
7.3972210693e+02
7.5469213867e+02
7.4490344238e+02
2.2376083374e+02
2.1574609375e+02
2.4597248840e+02
2.4597250366e+02
2.1574609375e+02
2.2376081848e+02
-3.0445516968e+02
-2.6818197632e+02
-2.8596856689e+02
-2.8596859741e+02
-2.6818203735e+02
-3.0445516968e+02
-7.8571728516e+02
-7.9624884033e+02
-7.7591882324e+02
-7.7591888428e+02
-7.9624884033e+02
-7.8571728516e+02
-1.2690715332e+03
-1.3165104980e+03
-1.2510145264e+03
-1.2510144043e+03
-1.3165104980e+03
-1.2690715332e+03
-1.7903898926e+03
-1.7256187744e+03
-1.8753737793e+03
-1.8753737793e+03
-1.7256187744e+03
-1.7903898926e+03
-2.2524843750e+03
-2.2565429688e+03
-2.1326528320e+03
-2.1326528320e+03
-2.2565429688e+03
-2.2524843750e+03
-2.7145749512e+03
-2.7148210449e+03
-2.7678061523e+03
-2.7678061523e+03
-2.7148212891e+03
-2.7145749512e+03
-3.1728222656e+03
-3.1764804688e+03
-3.1584382324e+03
-3.1584382324e+03
-3.1764804688e+03
-3.1728222656e+03
-3.6276606445e+03
-3.6260751953e+03
-3.6263041992e+03
-3.6263041992e+03
-3.6260751953e+03
-3.6276606445e+03
2.1837014160e+03
2.1864987793e+03
2.1861640625e+03
2.1861640625e+03
2.1864987793e+03
2.1837014160e+03
1.5649311523e+03
1.5778483887e+03
1.5722458496e+03
1.5722458496e+03
1.5778483887e+03
1.5649311523e+03
9.7011492920e+02
9.7799188232e+02
9.9567694092e+02
9.9567694092e+02
9.7799188232e+02
9.7011486816e+02
3.8235812378e+02
4.0237078857e+02
3.9136569214e+02
3.9136569214e+02
4.0237075806e+02
3.8235812378e+02
-1.8315594482e+02
-1.9160595703e+02
-1.7571743774e+02
-1.7571742249e+02
-1.9160594177e+02
-1.8315596008e+02
-7.6395550537e+02
-7.4418597412e+02
-7.5252008057e+02
-7.5252001953e+02
-7.4418603516e+02
-7.6395550537e+02
-1.3269664307e+03
-1.2880178223e+03
-1.3217540283e+03
-1.3217540283e+03
-1.2880178223e+03
-1.3269664307e+03
-1.8521428223e+03
-1.8823344727e+03
-1.7900897217e+03
-1.7900897217e+03
-1.8823344727e+03
-1.8521428223e+03
-2.4015668945e+03
-2.3901621094e+03
-2.4689130859e+03
-2.4689130859e+03
-2.3901621094e+03
-2.4015668945e+03
-2.9364829102e+03
-2.9304340820e+03
-2.8896943359e+03
-2.8896943359e+03
-2.9304340820e+03
-2.9364829102e+03
-3.4544299316e+03
-3.4599572754e+03
-3.4716240234e+03
-3.4716240234e+03
-3.4599572754e+03
-3.4544299316e+03
-3.9808981934e+03
-3.9802236328e+03
-3.9749333496e+03
-3.9749333496e+03
-3.9802236328e+03
-3.9808981934e+03
2.5242875977e+03
2.5266921387e+03
2.5223603516e+03
2.5223603516e+03
2.5266921387e+03
2.5242875977e+03
1.8463251953e+03
1.8610413818e+03
1.8670249023e+03
1.8670249023e+03
1.8610413818e+03
1.8463251953e+03
1.1938452148e+03
1.2039114990e+03
1.2001297607e+03
1.2001297607e+03
1.2039114990e+03
1.1938450928e+03
5.5069799805e+02
5.5118475342e+02
5.6400262451e+02
5.6400262451e+02
5.5118475342e+02
5.5069799805e+02
-9.1559066772e+01
-7.5506813049e+01
-7.9001396179e+01
-7.9001403809e+01
-7.5506835938e+01
-9.1559074402e+01
-7.0975231934e+02
-7.1294708252e+02
-7.0212823486e+02
-7.0212823486e+02
-7.1294708252e+02
-7.0975231934e+02
-1.3264865723e+03
-1.3414539795e+03
-1.3160229492e+03
-1.3160229492e+03
-1.3414539795e+03
-1.3264865723e+03
-1.9532222900e+03
-1.9274581299e+03
-1.9791684570e+03
-1.9791684570e+03
-1.9274582520e+03
-1.9532222900e+03
-2.5503857422e+03
-2.5531916504e+03
-2.4995534668e+03
-2.4995534668e+03
-2.5531916504e+03
-2.5503857422e+03
-3.1447106934e+03
-3.1464528809e+03
-3.1763364258e+03
-3.1763364258e+03
-3.1464528809e+03
-3.1447106934e+03
-3.7349067383e+03
-3.7396376953e+03
-3.7266293945e+03
-3.7266293945e+03
-3.7396376953e+03
-3.7349067383e+03
-4.3266162109e+03
-4.3276616211e+03
-4.3273115234e+03
-4.3273115234e+03
-4.3276616211e+03
-4.3266162109e+03
2.8582238770e+03
2.8599958496e+03
2.8582729492e+03
2.8582729492e+03
2.8599958496e+03
2.8582238770e+03
2.1223334961e+03
2.1360981445e+03
2.1332478027e+03
2.1332478027e+03
2.1360981445e+03
2.1223334961e+03
1.4123488770e+03
1.4189487305e+03
1.4287502441e+03
1.4287502441e+03
1.4189487305e+03
1.4123488770e+03
7.0746801758e+02
7.1921563721e+02
7.1738769531e+02
7.1738769531e+02
7.1921557617e+02
7.0746801758e+02
1.6750183105e+01
1.6771120071e+01
2.4000825882e+01
2.4000831604e+01
1.6771123886e+01
1.6750171661e+01
-6.7711816406e+02
-6.6588372803e+02
-6.6853051758e+02
-6.6853051758e+02
-6.6588372803e+02
-6.7711816406e+02
-1.3588507080e+03
-1.3424038086e+03
-1.3552686768e+03
-1.3552686768e+03
-1.3424038086e+03
-1.3588507080e+03
-2.0228485107e+03
-2.0327331543e+03
-1.9989703369e+03
-1.9989703369e+03
-2.0327331543e+03
-2.0228486328e+03
-2.6938757324e+03
-2.6886740723e+03
-2.7222822266e+03
-2.7222822266e+03
-2.6886740723e+03
-2.6938757324e+03
-3.3560605469e+03
-3.3538496094e+03
-3.3339130859e+03
-3.3339130859e+03
-3.3538496094e+03
-3.3560605469e+03
-4.0049379883e+03
-4.0151386719e+03
-4.0228469238e+03
-4.0228469238e+03
-4.0151386719e+03
-4.0049379883e+03
-4.6679726562e+03
-4.6676284180e+03
-4.6631860352e+03
-4.6631860352e+03
-4.6676284180e+03
-4.6679726562e+03
3.1824174805e+03
3.1841237793e+03
3.1793071289e+03
3.1793071289e+03
3.1841237793e+03
3.1824174805e+03
2.3910019531e+03
2.4053046875e+03
2.4079199219e+03
2.4079199219e+03
2.4053046875e+03
2.3910019531e+03
1.6253728027e+03
1.6338662109e+03
1.6344923096e+03
1.6344923096e+03
1.6338662109e+03
1.6253728027e+03
8.6686865234e+02
8.7031793213e+02
8.7661755371e+02
8.7661755371e+02
8.7031793213e+02
8.6686865234e+02
1.1196397400e+02
1.2048162842e+02
1.2045793152e+02
1.2045792389e+02
1.2048161316e+02
1.1196396637e+02
-6.2968969727e+02
-6.3000213623e+02
-6.2491357422e+02
-6.2491363525e+02
-6.3000213623e+02
-6.2968969727e+02
-1.3686960449e+03
-1.3733002930e+03
-1.3620755615e+03
-1.3620755615e+03
-1.3733001709e+03
-1.3686960449e+03
-2.1083222656e+03
-2.0984538574e+03
-2.1177724609e+03
-2.1177724609e+03
-2.0984538574e+03
-2.1083222656e+03
-2.8331701660e+03
-2.8353308105e+03
-2.8132746582e+03
-2.8132746582e+03
-2.8353308105e+03
-2.8331701660e+03
-3.5547011719e+03
-3.5579611816e+03
-3.5744658203e+03
-3.5744658203e+03
-3.5579611816e+03
-3.5547011719e+03
-4.2727885742e+03
-4.2808759766e+03
-4.2729233398e+03
-4.2729233398e+03
-4.2808759766e+03
-4.2727885742e+03
-4.9975419922e+03
-5.0009902344e+03
-4.9995800781e+03
-4.9995800781e+03
-5.0009902344e+03
-4.9975419922e+03
3.4971313477e+03
3.4973435059e+03
3.4944042969e+03
3.4944042969e+03
3.4973435059e+03
3.4971313477e+03
2.6515566406e+03
2.6655976562e+03
2.6639450684e+03
2.6639450684e+03
2.6655974121e+03
2.6515566406e+03
1.8332437744e+03
1.8388518066e+03
1.8450725098e+03
1.8450725098e+03
1.8388518066e+03
1.8332437744e+03
1.0180664062e+03
1.0253194580e+03
1.0261766357e+03
1.0261766357e+03
1.0253194580e+03
1.0180664062e+03
2.1243522644e+02
2.1387710571e+02
2.1766230774e+02
2.1766230774e+02
2.1387710571e+02
2.1243522644e+02
-5.9250555420e+02
-5.8678796387e+02
-5.8713720703e+02
-5.8713720703e+02
-5.8678796387e+02
-5.9250561523e+02
-1.3896479492e+03
-1.3831135254e+03
-1.3888546143e+03
-1.3888546143e+03
-1.3831135254e+03
-1.3896479492e+03
-2.1781855469e+03
-2.1821035156e+03
-2.1694824219e+03
-2.1694824219e+03
-2.1821035156e+03
-2.1781855469e+03
-2.9674826660e+03
-2.9670517578e+03
-2.9822258301e+03
-2.9822258301e+03
-2.9670517578e+03
-2.9674826660e+03
-3.7525710449e+03
-3.7535895996e+03
-3.7458762207e+03
-3.7458762207e+03
-3.7535895996e+03
-3.7525710449e+03
-4.5270541992e+03
-4.5407958984e+03
-4.5457280273e+03
-4.5457280273e+03
-4.5407958984e+03
-4.5270541992e+03
-5.3220590820e+03
-5.3220244141e+03
-5.3188999023e+03
-5.3188999023e+03
-5.3220244141e+03
-5.3220590820e+03
3.7988608398e+03
3.7999396973e+03
3.7942321777e+03
3.7942321777e+03
3.7999396973e+03
3.7988608398e+03
2.9029104004e+03
2.9167802734e+03
2.9171362305e+03
2.9171362305e+03
2.9167802734e+03
2.9029104004e+03
2.0325439453e+03
2.0393139648e+03
2.0413540039e+03
2.0413540039e+03
2.0393139648e+03
2.0325439453e+03
1.1671368408e+03
1.1706582031e+03
1.1740087891e+03
1.1740087891e+03
1.1706582031e+03
1.1671368408e+03
3.0526199341e+02
3.0975723267e+02
3.1031784058e+02
3.1031784058e+02
3.0975723267e+02
3.0526199341e+02
-5.4919897461e+02
-5.4931250000e+02
-5.4745007324e+02
-5.4745007324e+02
-5.4931250000e+02
-5.4919897461e+02
-1.4014089355e+03
-1.4035936279e+03
-1.3987991943e+03
-1.3987991943e+03
-1.4035936279e+03
-1.4014089355e+03
-2.2521835938e+03
-2.2498771973e+03
-2.2582988281e+03
-2.2582988281e+03
-2.2498771973e+03
-2.2521835938e+03
-3.0960444336e+03
-3.0993920898e+03
-3.0912275391e+03
-3.0912275391e+03
-3.0993920898e+03
-3.0960444336e+03
-3.9374162598e+03
-3.9431337891e+03
-3.9532912598e+03
-3.9532912598e+03
-3.9431337891e+03
-3.9374162598e+03
-4.7778217773e+03
-4.7896733398e+03
-4.7852739258e+03
-4.7852739258e+03
-4.7896733398e+03
-4.7778217773e+03
-5.6290869141e+03
-5.6354780273e+03
-5.6328100586e+03
-5.6328100586e+03
-5.6354780273e+03
-5.6290869141e+03
4.0886362305e+03
4.0868549805e+03
4.0832434082e+03
4.0832434082e+03
4.0868549805e+03
4.0886362305e+03
3.1427436523e+03
3.1564270020e+03
3.1552285156e+03
3.1552285156e+03
3.1564270020e+03
3.1427436523e+03
2.2253715820e+03
2.2293945312e+03
2.2338474121e+03
2.2338474121e+03
2.2293945312e+03
2.2253715820e+03
1.3085435791e+03
1.3127545166e+03
1.3141066895e+03
1.3141066895e+03
1.3127545166e+03
1.3085435791e+03
3.9820681763e+02
3.9878417969e+02
4.0063241577e+02
4.0063241577e+02
3.9878417969e+02
3.9820681763e+02
-5.1112277222e+02
-5.0922821045e+02
-5.0933071899e+02
-5.0933071899e+02
-5.0922821045e+02
-5.1112280273e+02
-1.4161243896e+03
-1.4148120117e+03
-1.4182901611e+03
-1.4182901611e+03
-1.4148120117e+03
-1.4161243896e+03
-2.3174707031e+03
-2.3206054688e+03
-2.3167919922e+03
-2.3167919922e+03
-2.3206054688e+03
-2.3174707031e+03
-3.2184062500e+03
-3.2213945312e+03
-3.2298767090e+03
-3.2298767090e+03
-3.2213945312e+03
-3.2184062500e+03
-4.1192543945e+03
-4.1228115234e+03
-4.1221240234e+03
-4.1221240234e+03
-4.1228115234e+03
-4.1192543945e+03
-5.0111020508e+03
-5.0282832031e+03
-5.0323833008e+03
-5.0323833008e+03
-5.0282832031e+03
-5.0111020508e+03
-5.9316645508e+03
-5.9311259766e+03
-5.9297426758e+03
-5.9297426758e+03
-5.9311259766e+03
-5.9316645508e+03
4.3608774414e+03
4.3617192383e+03
4.3544873047e+03
4.3544873047e+03
4.3617192383e+03
4.3608774414e+03
3.3713518066e+03
3.3848393555e+03
3.3831437988e+03
3.3831437988e+03
3.3848393555e+03
3.3713518066e+03
2.4062268066e+03
2.4116552734e+03
2.4136489258e+03
2.4136489258e+03
2.4116552734e+03
2.4062268066e+03
1.4444145508e+03
1.4469832764e+03
1.4484603271e+03
1.4484603271e+03
1.4469832764e+03
1.4444145508e+03
4.8475643921e+02
4.8642761230e+02
4.8650805664e+02
4.8650805664e+02
4.8642761230e+02
4.8475643921e+02
-4.7133996582e+02
-4.7265319824e+02
-4.7267636108e+02
-4.7267636108e+02
-4.7265319824e+02
-4.7133996582e+02
-1.4265684814e+03
-1.4294661865e+03
-1.4280415039e+03
-1.4280415039e+03
-1.4294661865e+03
-1.4265684814e+03
-2.3811955566e+03
-2.3835668945e+03
-2.3883093262e+03
-2.3883093262e+03
-2.3835668945e+03
-2.3811955566e+03
-3.3337058105e+03
-3.3395251465e+03
-3.3375644531e+03
-3.3375644531e+03
-3.3395251465e+03
-3.3337058105e+03
-4.2854067383e+03
-4.2943969727e+03
-4.3018530273e+03
-4.3018530273e+03
-4.2943969727e+03
-4.2854067383e+03
-5.2402221680e+03
-5.2558183594e+03
-5.2529980469e+03
-5.2529980469e+03
-5.2558183594e+03
-5.2402221680e+03
-6.2079189453e+03
-6.2187060547e+03
-6.2144086914e+03
-6.2144086914e+03
-6.2187060547e+03
-6.2079189453e+03
4.6194282227e+03
4.6147041016e+03
4.6114096680e+03
4.6114096680e+03
4.6147041016e+03
4.6194282227e+03
3.5843134766e+03
3.5969165039e+03
3.5966230469e+03
3.5966230469e+03
3.5969165039e+03
3.5843134766e+03
2.5795756836e+03
2.5812102051e+03
2.5850600586e+03
2.5850600586e+03
2.5812102051e+03
2.5795756836e+03
1.5720592041e+03
1.5734769287e+03
1.5747923584e+03
1.5747923584e+03
1.5734769287e+03
1.5720592041e+03
5.6858947754e+02
5.6737402344e+02
5.6798370361e+02
5.6798370361e+02
5.6737402344e+02
5.6858947754e+02
-4.3497705078e+02
-4.3601196289e+02
-4.3683444214e+02
-4.3683444214e+02
-4.3601196289e+02
-4.3497705078e+02
-1.4371723633e+03
-1.4390645752e+03
-1.4424348145e+03
-1.4424348145e+03
-1.4390645752e+03
-1.4371723633e+03
-2.4391459961e+03
-2.4430432129e+03
-2.4439633789e+03
-2.4439633789e+03
-2.4430432129e+03
-2.4391459961e+03
-3.4418950195e+03
-3.4470493164e+03
-3.4541188965e+03
-3.4541188965e+03
-3.4470493164e+03
-3.4418950195e+03
-4.4481943359e+03
-4.4532578125e+03
-4.4574794922e+03
-4.4574794922e+03
-4.4532578125e+03
-4.4481943359e+03
-5.4461225586e+03
-5.4661743164e+03
-5.4719536133e+03
-5.4719536133e+03
-5.4661743164e+03
-5.4461225586e+03
-6.4836875000e+03
-6.4805219727e+03
-6.4817490234e+03
-6.4817490234e+03
-6.4805219727e+03
-6.4836875000e+03
4.8539448242e+03
4.8561337891e+03
4.8458295898e+03
4.8458295898e+03
4.8561337891e+03
4.8539448242e+03
3.7843752441e+03
3.7982604980e+03
3.7930375977e+03
3.7930375977e+03
3.7982602539e+03
3.7843752441e+03
2.7363320312e+03
2.7414196777e+03
2.7417834473e+03
2.7417834473e+03
2.7414196777e+03
2.7363320312e+03
1.6906020508e+03
1.6924780273e+03
1.6919615479e+03
1.6919615479e+03
1.6924780273e+03
1.6906020508e+03
6.4536468506e+02
6.4498895264e+02
6.4396746826e+02
6.4396746826e+02
6.4498895264e+02
6.4536468506e+02
-3.9937597656e+02
-4.0250329590e+02
-4.0370532227e+02
-4.0370532227e+02
-4.0250329590e+02
-3.9937594604e+02
-1.4451325684e+03
-1.4502199707e+03
-1.4503903809e+03
-1.4503903809e+03
-1.4502199707e+03
-1.4451325684e+03
-2.4921286621e+03
-2.4986831055e+03
-2.5016250000e+03
-2.5016250000e+03
-2.4986831055e+03
-2.4921286621e+03
-3.5403774414e+03
-3.5501577148e+03
-3.5501567383e+03
-3.5501567383e+03
-3.5501577148e+03
-3.5403774414e+03
-4.5903754883e+03
-4.6040336914e+03
-4.6090034180e+03
-4.6090034180e+03
-4.6040336914e+03
-4.5903754883e+03
-5.6485434570e+03
-5.6689267578e+03
-5.6642187500e+03
-5.6642187500e+03
-5.6689267578e+03
-5.6485434570e+03
-6.7181284180e+03
-6.7365483398e+03
-6.7291865234e+03
-6.7291865234e+03
-6.7365483398e+03
-6.7181279297e+03
5.0757124023e+03
5.0650039062e+03
5.0652470703e+03
5.0652470703e+03
5.0650039062e+03
5.0757124023e+03
3.9637526855e+03
3.9729663086e+03
3.9770539551e+03
3.9770539551e+03
3.9729663086e+03
3.9637526855e+03
2.8854904785e+03
2.8830124512e+03
2.8889702148e+03
2.8889702148e+03
2.8830124512e+03
2.8854904785e+03
1.8009897461e+03
1.7986241455e+03
1.8009426270e+03
1.8009426270e+03
1.7986241455e+03
1.8009897461e+03
7.1789239502e+02
7.1411187744e+02
7.1425756836e+02
7.1425756836e+02
7.1411187744e+02
7.1789239502e+02
-3.6687710571e+02
-3.7019796753e+02
-3.7233792114e+02
-3.7233792114e+02
-3.7019796753e+02
-3.6687710571e+02
-1.4528585205e+03
-1.4562879639e+03
-1.4614218750e+03
-1.4614218750e+03
-1.4562879639e+03
-1.4528585205e+03
-2.5414873047e+03
-2.5451777344e+03
-2.5509052734e+03
-2.5509052734e+03
-2.5451777344e+03
-2.5414873047e+03
-3.6330158691e+03
-3.6376105957e+03
-3.6478261719e+03
-3.6478261719e+03
-3.6376105957e+03
-3.6330158691e+03
-4.7305722656e+03
-4.7343115234e+03
-4.7458955078e+03
-4.7458955078e+03
-4.7343115234e+03
-4.7305722656e+03
-5.8204619141e+03
-5.8398784180e+03
-5.8531015625e+03
-5.8531015625e+03
-5.8398784180e+03
-5.8204619141e+03
-6.9642050781e+03
-6.9530766602e+03
-6.9602167969e+03
-6.9602167969e+03
-6.9530766602e+03
-6.9642050781e+03
5.2615625000e+03
5.2715400391e+03
5.2519580078e+03
5.2519580078e+03
5.2715400391e+03
5.2615625000e+03
4.1282988281e+03
4.1477485352e+03
4.1322719727e+03
4.1322719727e+03
4.1477485352e+03
4.1282988281e+03
3.0120390625e+03
3.0204096680e+03
3.0139145508e+03
3.0139145508e+03
3.0204096680e+03
3.0120390625e+03
1.8965219727e+03
1.9003078613e+03
1.8951835938e+03
1.8951835938e+03
1.9003078613e+03
1.8965219727e+03
7.8082049561e+02
7.7986846924e+02
7.7661279297e+02
7.7661279297e+02
7.7986846924e+02
7.8082049561e+02
-3.3675384521e+02
-3.4224636841e+02
-3.4373852539e+02
-3.4373852539e+02
-3.4224636841e+02
-3.3675384521e+02
-1.4572825928e+03
-1.4668906250e+03
-1.4657727051e+03
-1.4657727051e+03
-1.4668906250e+03
-1.4572825928e+03
-2.5811281738e+03
-2.5949074707e+03
-2.5931713867e+03
-2.5931713867e+03
-2.5949074707e+03
-2.5811281738e+03
-3.7091538086e+03
-3.7280495605e+03
-3.7229194336e+03
-3.7229194336e+03
-3.7280495605e+03
-3.7091538086e+03
-4.8430024414e+03
-4.8671030273e+03
-4.8623164062e+03
-4.8623164062e+03
-4.8671030273e+03
-4.8430024414e+03
-5.9882255859e+03
-6.0213569336e+03
-6.0047250977e+03
-6.0047250977e+03
-6.0213569336e+03
-5.9882255859e+03
-7.1401625977e+03
-7.1761997070e+03
-7.1588901367e+03
-7.1588901367e+03
-7.1761997070e+03
-7.1401621094e+03
5.4442695312e+03
5.4160312500e+03
5.4334995117e+03
5.4334995117e+03
5.4160312500e+03
5.4442695312e+03
4.2699272461e+03
4.2650058594e+03
4.2869326172e+03
4.2869326172e+03
4.2650058594e+03
4.2699272461e+03
3.1324072266e+03
3.1195156250e+03
3.1383771973e+03
3.1383774414e+03
3.1195156250e+03
3.1324072266e+03
1.9882810059e+03
1.9778830566e+03
1.9876575928e+03
1.9876575928e+03
1.9778830566e+03
1.9882810059e+03
8.4141839600e+02
8.3341082764e+02
8.3593200684e+02
8.3593200684e+02
8.3341082764e+02
8.4141839600e+02
-3.0990371704e+02
-3.1377346802e+02
-3.1807293701e+02
-3.1807293701e+02
-3.1377346802e+02
-3.0990368652e+02
-1.4651945801e+03
-1.4650654297e+03
-1.4764572754e+03
-1.4764572754e+03
-1.4650653076e+03
-1.4651945801e+03
-2.6253439941e+03
-2.6210893555e+03
-2.6385097656e+03
-2.6385097656e+03
-2.6210893555e+03
-2.6253439941e+03
-3.7895729980e+03
-3.7825378418e+03
-3.8081936035e+03
-3.8081936035e+03
-3.7825378418e+03
-3.7895729980e+03
-4.9599248047e+03
-4.9492661133e+03
-4.9831254883e+03
-4.9831254883e+03
-4.9492661133e+03
-4.9599248047e+03
-6.1281201172e+03
-6.1278466797e+03
-6.1659731445e+03
-6.1659731445e+03
-6.1278466797e+03
-6.1281201172e+03
-7.3629477539e+03
-7.3246425781e+03
-7.3525415039e+03
-7.3525415039e+03
-7.3246425781e+03
-7.3629477539e+03
5.5681586914e+03
5.6009794922e+03
5.5379941406e+03
5.5379941406e+03
5.6009794922e+03
5.5681586914e+03
4.3896542969e+03
4.4306123047e+03
4.3752324219e+03
4.3752324219e+03
4.4306123047e+03
4.3896538086e+03
3.2284138184e+03
3.2483793945e+03
3.2106870117e+03
3.2106867676e+03
3.2483793945e+03
3.2284138184e+03
2.0586030273e+03
2.0698256836e+03
2.0446231689e+03
2.0446231689e+03
2.0698256836e+03
2.0586030273e+03
8.8808227539e+02
8.8941534424e+02
8.7779022217e+02
8.7779022217e+02
8.8941534424e+02
8.8808227539e+02
-2.8533267212e+02
-2.9353643799e+02
-2.9204776001e+02
-2.9204776001e+02
-2.9353643799e+02
-2.8533267212e+02
-1.4634484863e+03
-1.4811335449e+03
-1.4659909668e+03
-1.4659909668e+03
-1.4811335449e+03
-1.4634483643e+03
-2.6482629395e+03
-2.6754743652e+03
-2.6476262207e+03
-2.6476259766e+03
-2.6754743652e+03
-2.6482629395e+03
-3.8416054688e+03
-3.8789816895e+03
-3.8366826172e+03
-3.8366826172e+03
-3.8789816895e+03
-3.8416054688e+03
-5.0443984375e+03
-5.0915405273e+03
-5.0376801758e+03
-5.0376801758e+03
-5.0915405273e+03
-5.0443984375e+03
-6.2488579102e+03
-6.3179165039e+03
-6.2465732422e+03
-6.2465732422e+03
-6.3179165039e+03
-6.2488579102e+03
-7.4627197266e+03
-7.5361333008e+03
-7.4641308594e+03
-7.4641308594e+03
-7.5361333008e+03
-7.4627197266e+03
5.7133818359e+03
5.6278740234e+03
5.7315278320e+03
5.7315278320e+03
5.6278740234e+03
5.7133818359e+03
4.5022470703e+03
4.4391254883e+03
4.5312856445e+03
4.5312861328e+03
4.4391254883e+03
4.5022470703e+03
3.3055974121e+03
3.2564104004e+03
3.3307587891e+03
3.3307587891e+03
3.2564104004e+03
3.3055974121e+03
2.1158483887e+03
2.0822810059e+03
2.1278081055e+03
2.1278081055e+03
2.0822810059e+03
2.1158483887e+03
9.2718731689e+02
9.0817041016e+02
9.2369635010e+02
9.2369635010e+02
9.0817041016e+02
9.2718737793e+02
-2.6497473145e+02
-2.6859307861e+02
-2.8350347900e+02
-2.8350347900e+02
-2.6859307861e+02
-2.6497473145e+02
-1.4622080078e+03
-1.4504270020e+03
-1.4962875977e+03
-1.4962875977e+03
-1.4504270020e+03
-1.4622080078e+03
-2.6667050781e+03
-2.6391933594e+03
-2.7156164551e+03
-2.7156164551e+03
-2.6391933594e+03
-2.6667050781e+03
-3.8810742188e+03
-3.8379387207e+03
-3.9454592285e+03
-3.9454592285e+03
-3.8379387207e+03
-3.8810742188e+03
-5.1132641602e+03
-5.0512177734e+03
-5.1871362305e+03
-5.1871362305e+03
-5.0512177734e+03
-5.1132641602e+03
-6.3697739258e+03
-6.2900800781e+03
-6.4421386719e+03
-6.4421386719e+03
-6.2900800781e+03
-6.3697744141e+03
-7.6643613281e+03
-7.5535688477e+03
-7.7132402344e+03
-7.7132402344e+03
-7.5535688477e+03
-7.6643618164e+03
5.6373188477e+03
5.9208940430e+03
5.8244038086e+03
5.8244038086e+03
5.9208940430e+03
5.6373188477e+03
4.3863105469e+03
4.6741733398e+03
4.6150585938e+03
4.6150585938e+03
4.6741733398e+03
4.3863100586e+03
3.2358437500e+03
3.4356118164e+03
3.3973554688e+03
3.3973554688e+03
3.4356118164e+03
3.2358435059e+03
2.0801936035e+03
2.2039926758e+03
2.1765505371e+03
2.1765505371e+03
2.2039924316e+03
2.0801936035e+03
9.2280560303e+02
9.6703662109e+02
9.5315570068e+02
9.5315570068e+02
9.6703662109e+02
9.2280554199e+02
-2.3892109680e+02
-2.7487216187e+02
-2.7507131958e+02
-2.7507131958e+02
-2.7487213135e+02
-2.3892106628e+02
-1.4046019287e+03
-1.5225399170e+03
-1.5084294434e+03
-1.5084294434e+03
-1.5225399170e+03
-1.4046018066e+03
-2.5745139160e+03
-2.7762934570e+03
-2.7486616211e+03
-2.7486616211e+03
-2.7762934570e+03
-2.5745136719e+03
-3.7483095703e+03
-4.0373256836e+03
-3.9957446289e+03
-3.9957446289e+03
-4.0373256836e+03
-3.7483093262e+03
-4.9293959961e+03
-5.3058881836e+03
-5.2542490234e+03
-5.2542490234e+03
-5.3058876953e+03
-4.9293959961e+03
-6.1206987305e+03
-6.5996313477e+03
-6.5244047852e+03
-6.5244047852e+03
-6.5996313477e+03
-6.1206982422e+03
-7.4587153320e+03
-7.9295947266e+03
-7.8042504883e+03
-7.8042504883e+03
-7.9295947266e+03
-7.4587148438e+03
5.9658300781e+03
5.7274462891e+03
5.7371977539e+03
5.7371977539e+03
5.7274467773e+03
5.9658300781e+03
4.7701528320e+03
4.5518842773e+03
4.5427851562e+03
4.5427851562e+03
4.5518842773e+03
4.7701533203e+03
3.5323549805e+03
3.3593344727e+03
3.3509887695e+03
3.3509887695e+03
3.3593347168e+03
3.5323552246e+03
2.2762541504e+03
2.1621704102e+03
2.1546425781e+03
2.1546425781e+03
2.1621706543e+03
2.2762543945e+03
1.0108853760e+03
9.5864471436e+02
9.5406311035e+02
9.5406311035e+02
9.5864471436e+02
1.0108854370e+03
-2.6352743530e+02
-2.5090100098e+02
-2.5186587524e+02
-2.5186587524e+02
-2.5090100098e+02
-2.6352743530e+02
-1.5467384033e+03
-1.4674670410e+03
-1.4645290527e+03
-1.4645290527e+03
-1.4674670410e+03
-1.5467385254e+03
-2.8390983887e+03
-2.6915102539e+03
-2.6842814941e+03
-2.6842814941e+03
-2.6915102539e+03
-2.8390986328e+03
-4.1396860352e+03
-3.9233713379e+03
-3.9123759766e+03
-3.9123759766e+03
-3.9233715820e+03
-4.1396860352e+03
-5.4465214844e+03
-5.1607597656e+03
-5.1479482422e+03
-5.1479482422e+03
-5.1607597656e+03
-5.4465214844e+03
-6.7421342773e+03
-6.4019482422e+03
-6.3893623047e+03
-6.3893623047e+03
-6.4019482422e+03
-6.7421342773e+03
-7.9895400391e+03
-7.6272768555e+03
-7.6397451172e+03
-7.6397451172e+03
-7.6272768555e+03
-7.9895400391e+03
5.9881347656e+03
5.7551801758e+03
5.7639907227e+03
5.7639907227e+03
5.7551801758e+03
5.9881352539e+03
4.7881552734e+03
4.5739350586e+03
4.5654599609e+03
4.5654599609e+03
4.5739350586e+03
4.7881557617e+03
3.5482895508e+03
3.3780275879e+03
3.3693300781e+03
3.3693300781e+03
3.3780275879e+03
3.5482897949e+03
2.2888481445e+03
2.1771665039e+03
2.1689406738e+03
2.1689406738e+03
2.1771665039e+03
2.2888481445e+03
1.0194364014e+03
9.6957916260e+02
9.6418359375e+02
9.6418359375e+02
9.6957916260e+02
1.0194364014e+03
-2.5946942139e+02
-2.4455050659e+02
-2.4649063110e+02
-2.4649063110e+02
-2.4455050659e+02
-2.5946942139e+02
-1.5477213135e+03
-1.4660532227e+03
-1.4638707275e+03
-1.4638707275e+03
-1.4660532227e+03
-1.5477214355e+03
-2.8456481934e+03
-2.6955925293e+03
-2.6893764648e+03
-2.6893764648e+03
-2.6955925293e+03
-2.8456481934e+03
-4.1524887695e+03
-3.9334130859e+03
-3.9228747559e+03
-3.9228747559e+03
-3.9334130859e+03
-4.1524887695e+03
-5.4665244141e+03
-5.1774916992e+03
-5.1649863281e+03
-5.1649863281e+03
-5.1774921875e+03
-5.4665249023e+03
-6.7712060547e+03
-6.4256293945e+03
-6.4116142578e+03
-6.4116142578e+03
-6.4256293945e+03
-6.7712060547e+03
-8.0227514648e+03
-7.6535083008e+03
-7.6672568359e+03
-7.6672568359e+03
-7.6535083008e+03
-8.0227514648e+03
5.7112060547e+03
5.9962988281e+03
5.9006206055e+03
5.9006206055e+03
5.9962988281e+03
5.7112055664e+03
4.4482783203e+03
4.7391821289e+03
4.6808461914e+03
4.6808457031e+03
4.7391821289e+03
4.4482778320e+03
3.2865810547e+03
3.4893735352e+03
3.4520722656e+03
3.4520722656e+03
3.4893735352e+03
3.2865808105e+03
2.1193244629e+03
2.2460463867e+03
2.2193613281e+03
2.2193613281e+03
2.2460463867e+03
2.1193244629e+03
9.4945117188e+02
9.9642254639e+02
9.8318078613e+02
9.8318078613e+02
9.9642254639e+02
9.4945111084e+02
-2.2591958618e+02
-2.5907098389e+02
-2.5856579590e+02
-2.5856579590e+02
-2.5907098389e+02
-2.2591955566e+02
-1.4063175049e+03
-1.5215472412e+03
-1.5069799805e+03
-1.5069799805e+03
-1.5215472412e+03
-1.4063173828e+03
-2.5921904297e+03
-2.7912458496e+03
-2.7627629395e+03
-2.7627629395e+03
-2.7912456055e+03
-2.5921901855e+03
-3.7832658691e+03
-4.0695573730e+03
-4.0274448242e+03
-4.0274448242e+03
-4.0695571289e+03
-3.7832656250e+03
-4.9829604492e+03
-5.3564394531e+03
-5.3036977539e+03
-5.3036977539e+03
-5.3564394531e+03
-4.9829604492e+03
-6.1930864258e+03
-6.6694487305e+03
-6.5935297852e+03
-6.5935297852e+03
-6.6694487305e+03
-6.1930859375e+03
-7.5508754883e+03
-8.0197934570e+03
-7.8928691406e+03
-7.8928686523e+03
-8.0197929688e+03
-7.5508750000e+03
5.8383940430e+03
5.7499086914e+03
5.8531557617e+03
5.8531557617e+03
5.7499086914e+03
5.8383940430e+03
4.6089160156e+03
4.5447456055e+03
4.6369213867e+03
4.6369213867e+03
4.5447456055e+03
4.6089165039e+03
3.3925041504e+03
3.3434160156e+03
3.4184460449e+03
3.4184460449e+03
3.3434160156e+03
3.3925043945e+03
2.1824677734e+03
2.1494375000e+03
2.1960004883e+03
2.1960004883e+03
2.1494377441e+03
2.1824677734e+03
9.7250384521e+02
9.5430371094e+02
9.7098834229e+02
9.7098834229e+02
9.5430377197e+02
9.7250390625e+02
-2.4213365173e+02
-2.4502627563e+02
-2.5887823486e+02
-2.5887823486e+02
-2.4502627563e+02
-2.4213363647e+02
-1.4634173584e+03
-1.4508801270e+03
-1.4954381104e+03
-1.4954381104e+03
-1.4508801270e+03
-1.4634173584e+03
-2.6935358887e+03
-2.6653886719e+03
-2.7410734863e+03
-2.7410734863e+03
-2.6653886719e+03
-2.6935358887e+03
-3.9350246582e+03
-3.8915590820e+03
-3.9980495605e+03
-3.9980498047e+03
-3.8915590820e+03
-3.9350246582e+03
-5.1956694336e+03
-5.1341831055e+03
-5.2701982422e+03
-5.2701982422e+03
-5.1341831055e+03
-5.1956699219e+03
-6.4818735352e+03
-6.4045976562e+03
-6.5572407227e+03
-6.5572407227e+03
-6.4045976562e+03
-6.4818735352e+03
-7.8096533203e+03
-7.7040332031e+03
-7.8648696289e+03
-7.8648696289e+03
-7.7040332031e+03
-7.8096533203e+03
5.7355498047e+03
5.7686601562e+03
5.7047534180e+03
5.7047534180e+03
5.7686601562e+03
5.7355498047e+03
4.5343959961e+03
4.5743300781e+03
4.5182978516e+03
4.5182978516e+03
4.5743295898e+03
4.5343959961e+03
3.3488127441e+03
3.3670527344e+03
3.3286933594e+03
3.3286933594e+03
3.3670527344e+03
3.3488127441e+03
2.1520869141e+03
2.1616733398e+03
2.1357443848e+03
2.1357443848e+03
2.1616733398e+03
2.1520869141e+03
9.5289733887e+02
9.5243548584e+02
9.4012884521e+02
9.4012884521e+02
9.5243554688e+02
9.5289733887e+02
-2.5124029541e+02
-2.6111300659e+02
-2.6018453979e+02
-2.6018453979e+02
-2.6111297607e+02
-2.5124028015e+02
-1.4619681396e+03
-1.4815008545e+03
-1.4673127441e+03
-1.4673127441e+03
-1.4815008545e+03
-1.4619680176e+03
-2.6815751953e+03
-2.7108476562e+03
-2.6834423828e+03
-2.6834423828e+03
-2.7108476562e+03
-2.6815751953e+03
-3.9121679688e+03
-3.9519038086e+03
-3.9109167480e+03
-3.9109167480e+03
-3.9519038086e+03
-3.9121679688e+03
-5.1551547852e+03
-5.2047441406e+03
-5.1516821289e+03
-5.1516821289e+03
-5.2047441406e+03
-5.1551547852e+03
-6.4035449219e+03
-6.4752451172e+03
-6.4049550781e+03
-6.4049550781e+03
-6.4752451172e+03
-6.4035444336e+03
-7.6673330078e+03
-7.7401279297e+03
-7.6690585938e+03
-7.6690585938e+03
-7.7401279297e+03
-7.6673330078e+03
5.6536816406e+03
5.6236269531e+03
5.6408007812e+03
5.6408007812e+03
5.6236269531e+03
5.6536816406e+03
4.4492104492e+03
4.4436054688e+03
4.4650092773e+03
4.4650092773e+03
4.4436054688e+03
4.4492104492e+03
3.2808017578e+03
3.2668474121e+03
3.2849897461e+03
3.2849897461e+03
3.2668474121e+03
3.2808017578e+03
2.1037792969e+03
2.0919416504e+03
2.1008779297e+03
2.1008779297e+03
2.0919416504e+03
2.1037792969e+03
9.2142169189e+02
9.1197686768e+02
9.1352740479e+02
9.1352740479e+02
9.1197686768e+02
9.2142169189e+02
-2.6771963501e+02
-2.7339144897e+02
-2.7885559082e+02
-2.7885559082e+02
-2.7339141846e+02
-2.6771963501e+02
-1.4636762695e+03
-1.4653892822e+03
-1.4775463867e+03
-1.4775463867e+03
-1.4653892822e+03
-1.4636762695e+03
-2.6674326172e+03
-2.6650092773e+03
-2.6840915527e+03
-2.6840915527e+03
-2.6650090332e+03
-2.6674326172e+03
-3.8784152832e+03
-3.8732832031e+03
-3.8995969238e+03
-3.8995969238e+03
-3.8732832031e+03
-3.8784152832e+03
-5.0991928711e+03
-5.0904760742e+03
-5.1259951172e+03
-5.1259951172e+03
-5.0904760742e+03
-5.0991928711e+03
-6.3214428711e+03
-6.3231899414e+03
-6.3619375000e+03
-6.3619375000e+03
-6.3231899414e+03
-6.3214428711e+03
-7.6141274414e+03
-7.5787607422e+03
-7.6069501953e+03
-7.6069501953e+03
-7.5787607422e+03
-7.6141274414e+03
5.5066914062e+03
5.5156909180e+03
5.4952075195e+03
5.4952075195e+03
5.5156909180e+03
5.5066914062e+03
4.3389584961e+03
4.3570566406e+03
4.3407885742e+03
4.3407885742e+03
4.3570566406e+03
4.3389584961e+03
3.1860424805e+03
3.1927399902e+03
3.1857531738e+03
3.1857531738e+03
3.1927399902e+03
3.1860424805e+03
2.0312145996e+03
2.0334389648e+03
2.0275695801e+03
2.0275695801e+03
2.0334390869e+03
2.0312145996e+03
8.7392620850e+02
8.7101232910e+02
8.6700225830e+02
8.6700225830e+02
8.7101232910e+02
8.7392620850e+02
-2.8839187622e+02
-2.9563665771e+02
-2.9785336304e+02
-2.9785336304e+02
-2.9563665771e+02
-2.8839187622e+02
-1.4565039062e+03
-1.4680656738e+03
-1.4683421631e+03
-1.4683421631e+03
-1.4680656738e+03
-1.4565039062e+03
-2.6312072754e+03
-2.6472819824e+03
-2.6458100586e+03
-2.6458100586e+03
-2.6472819824e+03
-2.6312072754e+03
-3.8137951660e+03
-3.8351245117e+03
-3.8317941895e+03
-3.8317941895e+03
-3.8351242676e+03
-3.8137951660e+03
-5.0059965820e+03
-5.0325698242e+03
-5.0283198242e+03
-5.0283198242e+03
-5.0325698242e+03
-5.0059965820e+03
-6.2132402344e+03
-6.2500527344e+03
-6.2349931641e+03
-6.2349931641e+03
-6.2500527344e+03
-6.2132402344e+03
-7.4349257812e+03
-7.4722563477e+03
-7.4557622070e+03
-7.4557622070e+03
-7.4722563477e+03
-7.4349257812e+03
5.3521064453e+03
5.3398022461e+03
5.3392529297e+03
5.3392529297e+03
5.3398022461e+03
5.3521069336e+03
4.2000454102e+03
4.2083447266e+03
4.2118344727e+03
4.2118344727e+03
4.2083447266e+03
4.2000454102e+03
3.0803527832e+03
3.0764221191e+03
3.0814460449e+03
3.0814460449e+03
3.0764221191e+03
3.0803527832e+03
1.9516561279e+03
1.9474812012e+03
1.9489915771e+03
1.9489915771e+03
1.9474812012e+03
1.9516561279e+03
8.2116656494e+02
8.1580474854e+02
8.1493615723e+02
8.1493615723e+02
8.1580474854e+02
8.2116656494e+02
-3.1358441162e+02
-3.1909158325e+02
-3.2237991333e+02
-3.2237991333e+02
-3.1909158325e+02
-3.1358438110e+02
-1.4531412354e+03
-1.4588450928e+03
-1.4643934326e+03
-1.4643934326e+03
-1.4588450928e+03
-1.4531412354e+03
-2.5989780273e+03
-2.6047167969e+03
-2.6126794434e+03
-2.6126794434e+03
-2.6047167969e+03
-2.5989780273e+03
-3.7512099609e+03
-3.7582626953e+03
-3.7686562500e+03
-3.7686562500e+03
-3.7582626953e+03
-3.7512099609e+03
-4.9137988281e+03
-4.9203486328e+03
-4.9344296875e+03
-4.9344296875e+03
-4.9203486328e+03
-4.9137988281e+03
-6.0736264648e+03
-6.0958583984e+03
-6.1095839844e+03
-6.1095839844e+03
-6.0958583984e+03
-6.0736264648e+03
-7.2927963867e+03
-7.2844389648e+03
-7.2925014648e+03
-7.2925014648e+03
-7.2844389648e+03
-7.2927963867e+03
5.1553286133e+03
5.1561025391e+03
5.1450156250e+03
5.1450156250e+03
5.1561025391e+03
5.1553286133e+03
4.0417092285e+03
4.0543720703e+03
4.0481362305e+03
4.0481362305e+03
4.0543720703e+03
4.0417092285e+03
2.9478215332e+03
2.9511608887e+03
2.9511079102e+03
2.9511079102e+03
2.9511608887e+03
2.9478215332e+03
1.8531973877e+03
1.8534956055e+03
1.8519827881e+03
1.8519827881e+03
1.8534956055e+03
1.8531973877e+03
7.5664178467e+02
7.5397528076e+02
7.5213677979e+02
7.5213677979e+02
7.5397528076e+02
7.5664178467e+02
-3.4326470947e+02
-3.4813073730e+02
-3.5025888062e+02
-3.5025888062e+02
-3.4813073730e+02
-3.4326470947e+02
-1.4470968018e+03
-1.4541038818e+03
-1.4563580322e+03
-1.4563580322e+03
-1.4541038818e+03
-1.4470968018e+03
-2.5556076660e+03
-2.5649475098e+03
-2.5675510254e+03
-2.5675510254e+03
-2.5649475098e+03
-2.5556076660e+03
-3.6698269043e+03
-3.6822434082e+03
-3.6852062988e+03
-3.6852062988e+03
-3.6822434082e+03
-3.6698269043e+03
-4.7900244141e+03
-4.8062470703e+03
-4.8111513672e+03
-4.8111513672e+03
-4.8062470703e+03
-4.7900244141e+03
-5.9222480469e+03
-5.9467387695e+03
-5.9442358398e+03
-5.9442358398e+03
-5.9467387695e+03
-5.9222480469e+03
-7.0739321289e+03
-7.0944335938e+03
-7.0875971680e+03
-7.0875971680e+03
-7.0944335938e+03
-7.0739316406e+03
4.9398095703e+03
4.9336127930e+03
4.9292377930e+03
4.9292377930e+03
4.9336127930e+03
4.9398095703e+03
3.8568908691e+03
3.8685153809e+03
3.8677714844e+03
3.8677714844e+03
3.8685153809e+03
3.8568911133e+03
2.8027373047e+03
2.8029538574e+03
2.8056748047e+03
2.8056748047e+03
2.8029538574e+03
2.8027375488e+03
1.7432523193e+03
1.7426516113e+03
1.7433789062e+03
1.7433789062e+03
1.7426516113e+03
1.7432523193e+03
6.8425000000e+02
6.8162866211e+02
6.8108654785e+02
6.8108654785e+02
6.8162866211e+02
6.8425006104e+02
-3.7697549438e+02
-3.8058697510e+02
-3.8244860840e+02
-3.8244860840e+02
-3.8058697510e+02
-3.7697546387e+02
-1.4408446045e+03
-1.4455217285e+03
-1.4485737305e+03
-1.4485737305e+03
-1.4455217285e+03
-1.4408446045e+03
-2.5085131836e+03
-2.5141533203e+03
-2.5185549316e+03
-2.5185549316e+03
-2.5141533203e+03
-2.5085131836e+03
-3.5799487305e+03
-3.5878220215e+03
-3.5936433105e+03
-3.5936433105e+03
-3.5878220215e+03
-3.5799487305e+03
-4.6594565430e+03
-4.6676884766e+03
-4.6756572266e+03
-4.6756572266e+03
-4.6676884766e+03
-4.6594565430e+03
-5.7356093750e+03
-5.7587934570e+03
-5.7644301758e+03
-5.7644301758e+03
-5.7587934570e+03
-5.7356093750e+03
-6.8574980469e+03
-6.8570424805e+03
-6.8596020508e+03
-6.8596020508e+03
-6.8570424805e+03
-6.8574980469e+03
4.6941381836e+03
4.6934985352e+03
4.6856308594e+03
4.6856308594e+03
4.6934985352e+03
4.6941381836e+03
3.6537602539e+03
3.6663503418e+03
3.6633542480e+03
3.6633542480e+03
3.6663503418e+03
3.6537602539e+03
2.6367255859e+03
2.6404453125e+03
2.6424106445e+03
2.6424106445e+03
2.6404453125e+03
2.6367255859e+03
1.6196951904e+03
1.6211041260e+03
1.6213334961e+03
1.6213334961e+03
1.6211041260e+03
1.6196951904e+03
6.0310949707e+02
6.0227239990e+02
6.0183972168e+02
6.0183978271e+02
6.0227239990e+02
6.0310949707e+02
-4.1436184692e+02
-4.1681488037e+02
-4.1795321655e+02
-4.1795321655e+02
-4.1681484985e+02
-4.1436184692e+02
-1.4331850586e+03
-1.4372008057e+03
-1.4389040527e+03
-1.4389040527e+03
-1.4372008057e+03
-1.4331850586e+03
-2.4540844727e+03
-2.4598293457e+03
-2.4623159180e+03
-2.4623159180e+03
-2.4598293457e+03
-2.4540844727e+03
-3.4779846191e+03
-3.4861469727e+03
-3.4893691406e+03
-3.4893691406e+03
-3.4861469727e+03
-3.4779846191e+03
-4.5047416992e+03
-4.5160727539e+03
-4.5217314453e+03
-4.5217314453e+03
-4.5160727539e+03
-4.5047416992e+03
-5.5380537109e+03
-5.5579174805e+03
-5.5582363281e+03
-5.5582363281e+03
-5.5579174805e+03
-5.5380537109e+03
-6.5919472656e+03
-6.6050405273e+03
-6.6008618164e+03
-6.6008618164e+03
-6.6050405273e+03
-6.5919472656e+03
4.4285498047e+03
4.4255385742e+03
4.4206352539e+03
4.4206352539e+03
4.4255385742e+03
4.4285498047e+03
3.4298110352e+03
3.4427495117e+03
3.4415788574e+03
3.4415788574e+03
3.4427495117e+03
3.4298110352e+03
2.4580820312e+03
2.4611550293e+03
2.4640837402e+03
2.4640837402e+03
2.4611550293e+03
2.4580820312e+03
1.4852764893e+03
1.4873239746e+03
1.4887021484e+03
1.4887021484e+03
1.4873239746e+03
1.4852764893e+03
5.1500054932e+02
5.1498760986e+02
5.1541473389e+02
5.1541473389e+02
5.1498760986e+02
5.1500061035e+02
-4.5478961182e+02
-4.5590261841e+02
-4.5645617676e+02
-4.5645617676e+02
-4.5590261841e+02
-4.5478958130e+02
-1.4244890137e+03
-1.4268000488e+03
-1.4282377930e+03
-1.4282377930e+03
-1.4268000488e+03
-1.4244890137e+03
-2.3949765625e+03
-2.3984399414e+03
-2.4009221191e+03
-2.4009221191e+03
-2.3984399414e+03
-2.3949763184e+03
-3.3660522461e+03
-3.3718789062e+03
-3.3755678711e+03
-3.3755678711e+03
-3.3718789062e+03
-3.3660522461e+03
-4.3414648438e+03
-4.3482001953e+03
-4.3537084961e+03
-4.3537084961e+03
-4.3482001953e+03
-4.3414648438e+03
-5.3124360352e+03
-5.3324506836e+03
-5.3349575195e+03
-5.3349575195e+03
-5.3324506836e+03
-5.3124360352e+03
-6.3174707031e+03
-6.3195102539e+03
-6.3198554688e+03
-6.3198554688e+03
-6.3195102539e+03
-6.3174707031e+03
4.1400571289e+03
4.1398359375e+03
4.1338149414e+03
4.1338149414e+03
4.1398359375e+03
4.1400571289e+03
3.1891894531e+03
3.2026193848e+03
3.2011684570e+03
3.2011684570e+03
3.2026193848e+03
3.1891894531e+03
2.2640068359e+03
2.2691989746e+03
2.2722216797e+03
2.2722216797e+03
2.2691989746e+03
2.2640068359e+03
1.3403477783e+03
1.3437833252e+03
1.3453359375e+03
1.3453359375e+03
1.3437833252e+03
1.3403477783e+03
4.2031234741e+02
4.2187283325e+02
4.2277767944e+02
4.2277767944e+02
4.2187283325e+02
4.2031234741e+02
-4.9787927246e+02
-4.9766009521e+02
-4.9750262451e+02
-4.9750262451e+02
-4.9766009521e+02
-4.9787924194e+02
-1.4143992920e+03
-1.4154774170e+03
-1.4159509277e+03
-1.4159509277e+03
-1.4154774170e+03
-1.4143992920e+03
-2.3298698730e+03
-2.3324025879e+03
-2.3337294922e+03
-2.3337294922e+03
-2.3324023438e+03
-2.3298696289e+03
-3.2450385742e+03
-3.2496999512e+03
-3.2518137207e+03
-3.2518137207e+03
-3.2496999512e+03
-3.2450385742e+03
-4.1597812500e+03
-4.1671455078e+03
-4.1715761719e+03
-4.1715761719e+03
-4.1671455078e+03
-4.1597812500e+03
-5.0756577148e+03
-5.0917397461e+03
-5.0920888672e+03
-5.0920888672e+03
-5.0917397461e+03
-5.0756577148e+03
-6.0092905273e+03
-6.0178232422e+03
-6.0146147461e+03
-6.0146147461e+03
-6.0178232422e+03
-6.0092905273e+03
3.8337397461e+03
3.8331203613e+03
3.8286125488e+03
3.8286125488e+03
3.8331203613e+03
3.8337397461e+03
2.9330493164e+03
2.9468764648e+03
2.9462912598e+03
2.9462912598e+03
2.9468764648e+03
2.9330493164e+03
2.0583625488e+03
2.0639099121e+03
2.0675417480e+03
2.0675417480e+03
2.0639099121e+03
2.0583625488e+03
1.1869182129e+03
1.1914661865e+03
1.1938212891e+03
1.1938212891e+03
1.1914661865e+03
1.1869183350e+03
3.2014315796e+02
3.2283261108e+02
3.2444088745e+02
3.2444088745e+02
3.2283261108e+02
3.2014315796e+02
-5.4295153809e+02
-5.4128021240e+02
-5.4046740723e+02
-5.4046734619e+02
-5.4128015137e+02
-5.4295153809e+02
-1.4028970947e+03
-1.4023594971e+03
-1.4022821045e+03
-1.4022821045e+03
-1.4023594971e+03
-1.4028970947e+03
-2.2603110352e+03
-2.2609052734e+03
-2.2617182617e+03
-2.2617182617e+03
-2.2609052734e+03
-2.2603110352e+03
-3.1148759766e+03
-3.1176970215e+03
-3.1196025391e+03
-3.1196025391e+03
-3.1176970215e+03
-3.1148759766e+03
-3.9695715332e+03
-3.9736518555e+03
-3.9772758789e+03
-3.9772758789e+03
-3.9736518555e+03
-3.9695715332e+03
-4.8176489258e+03
-4.8333339844e+03
-4.8340390625e+03
-4.8340390625e+03
-4.8333339844e+03
-4.8176489258e+03
-5.6896308594e+03
-5.6918281250e+03
-5.6909394531e+03
-5.6909394531e+03
-5.6918281250e+03
-5.6896308594e+03
3.5105383301e+03
3.5112807617e+03
3.5067707520e+03
3.5067707520e+03
3.5112807617e+03
3.5105383301e+03
2.6625646973e+03
2.6768657227e+03
2.6765881348e+03
2.6765881348e+03
2.6768657227e+03
2.6625646973e+03
1.8422368164e+03
1.8492640381e+03
1.8531567383e+03
1.8531567383e+03
1.8492640381e+03
1.8422368164e+03
1.0252928467e+03
1.0309824219e+03
1.0337722168e+03
1.0337722168e+03
1.0309825439e+03
1.0252928467e+03
2.1551539612e+02
2.1964796448e+02
2.2188433838e+02
2.2188433838e+02
2.1964796448e+02
2.1551541138e+02
-5.8959405518e+02
-5.8658758545e+02
-5.8503210449e+02
-5.8503210449e+02
-5.8658758545e+02
-5.8959399414e+02
-1.3897882080e+03
-1.3878834229e+03
-1.3869222412e+03
-1.3869222412e+03
-1.3878834229e+03
-1.3897880859e+03
-2.1855815430e+03
-2.1849340820e+03
-2.1847890625e+03
-2.1847890625e+03
-2.1849340820e+03
-2.1855815430e+03
-2.9775224609e+03
-2.9787978516e+03
-2.9794345703e+03
-2.9794345703e+03
-2.9787978516e+03
-2.9775224609e+03
-3.7654645996e+03
-3.7690937500e+03
-3.7718171387e+03
-3.7718171387e+03
-3.7690937500e+03
-3.7654643555e+03
-4.5497070312e+03
-4.5618100586e+03
-4.5613486328e+03
-4.5613486328e+03
-4.5618100586e+03
-4.5497070312e+03
-5.3464550781e+03
-5.3517124023e+03
-5.3488164062e+03
-5.3488164062e+03
-5.3517124023e+03
-5.3464550781e+03
3.1721845703e+03
3.1736843262e+03
3.1699003906e+03
3.1699003906e+03
3.1736843262e+03
3.1721848145e+03
2.3817626953e+03
2.3962084961e+03
2.3964575195e+03
2.3964575195e+03
2.3962084961e+03
2.3817626953e+03
1.6159660645e+03
1.6237171631e+03
1.6281063232e+03
1.6281063232e+03
1.6237171631e+03
1.6159660645e+03
8.5807702637e+02
8.6504943848e+02
8.6843359375e+02
8.6843359375e+02
8.6504949951e+02
8.5807702637e+02
1.0689686584e+02
1.1228151703e+02
1.1509590149e+02
1.1509590912e+02
1.1228152466e+02
1.0689687347e+02
-6.3722229004e+02
-6.3271020508e+02
-6.3054559326e+02
-6.3054559326e+02
-6.3271020508e+02
-6.3722229004e+02
-1.3750539551e+03
-1.3715357666e+03
-1.3699936523e+03
-1.3699936523e+03
-1.3715357666e+03
-1.3750538330e+03
-2.1069658203e+03
-2.1044770508e+03
-2.1037106934e+03
-2.1037106934e+03
-2.1044770508e+03
-2.1069658203e+03
-2.8325410156e+03
-2.8320473633e+03
-2.8322619629e+03
-2.8322619629e+03
-2.8320473633e+03
-2.8325410156e+03
-3.5541413574e+03
-3.5550888672e+03
-3.5569145508e+03
-3.5569145508e+03
-3.5550888672e+03
-3.5541413574e+03
-4.2662568359e+03
-4.2772324219e+03
-4.2766210938e+03
-4.2766210938e+03
-4.2772324219e+03
-4.2662568359e+03
-4.9931928711e+03
-4.9943769531e+03
-4.9928115234e+03
-4.9928115234e+03
-4.9943769531e+03
-4.9931928711e+03
2.8227299805e+03
2.8244167480e+03
2.8213503418e+03
2.8213503418e+03
2.8244167480e+03
2.8227299805e+03
2.0883679199e+03
2.1032614746e+03
2.1041130371e+03
2.1041130371e+03
2.1032614746e+03
2.0883679199e+03
1.3840501709e+03
1.3929199219e+03
1.3975769043e+03
1.3975769043e+03
1.3929199219e+03
1.3840501709e+03
6.8445867920e+02
6.9228393555e+02
6.9621539307e+02
6.9621539307e+02
6.9228393555e+02
6.8445867920e+02
-4.1538586617e+00
2.4480638504e+00
5.9695754051e+00
5.9695801735e+00
2.4480707645e+00
-4.1538481712e+00
-6.8534185791e+02
-6.7965496826e+02
-6.7669622803e+02
-6.7669622803e+02
-6.7965490723e+02
-6.8534185791e+02
-1.3584315186e+03
-1.3536702881e+03
-1.3512275391e+03
-1.3512275391e+03
-1.3536702881e+03
-1.3584313965e+03
-2.0238327637e+03
-2.0201527100e+03
-2.0184394531e+03
-2.0184394531e+03
-2.0201527100e+03
-2.0238327637e+03
-2.6819323730e+03
-2.6799577637e+03
-2.6789948730e+03
-2.6789948730e+03
-2.6799577637e+03
-2.6819323730e+03
-3.3323378906e+03
-3.3324399414e+03
-3.3333300781e+03
-3.3333300781e+03
-3.3324399414e+03
-3.3323378906e+03
-3.9749958496e+03
-3.9829316406e+03
-3.9813935547e+03
-3.9813935547e+03
-3.9829316406e+03
-3.9749958496e+03
-4.6236577148e+03
-4.6263837891e+03
-4.6234755859e+03
-4.6234755859e+03
-4.6263837891e+03
-4.6236577148e+03
2.4598186035e+03
2.4633820801e+03
2.4603679199e+03
2.4603679199e+03
2.4633820801e+03
2.4598186035e+03
1.7904134521e+03
1.8051864014e+03
1.8061885986e+03
1.8061885986e+03
1.8051864014e+03
1.7904134521e+03
1.1425625000e+03
1.1521672363e+03
1.1571837158e+03
1.1571837158e+03
1.1521672363e+03
1.1425625000e+03
5.0822805786e+02
5.1746051025e+02
5.2177148438e+02
5.2177148438e+02
5.1746051025e+02
5.0822805786e+02
-1.1786415100e+02
-1.0990407562e+02
-1.0601630402e+02
-1.0601629639e+02
-1.0990406799e+02
-1.1786413574e+02
-7.3366198730e+02
-7.2640460205e+02
-7.2304528809e+02
-7.2304528809e+02
-7.2640460205e+02
-7.3366198730e+02
-1.3401457520e+03
-1.3337011719e+03
-1.3308631592e+03
-1.3308631592e+03
-1.3337011719e+03
-1.3401457520e+03
-1.9374947510e+03
-1.9319285889e+03
-1.9297608643e+03
-1.9297608643e+03
-1.9319285889e+03
-1.9374946289e+03
-2.5252250977e+03
-2.5213852539e+03
-2.5200798340e+03
-2.5200798340e+03
-2.5213852539e+03
-2.5252250977e+03
-3.1053845215e+03
-3.1030168457e+03
-3.1031833496e+03
-3.1031833496e+03
-3.1030168457e+03
-3.1053845215e+03
-3.6728859863e+03
-3.6790021973e+03
-3.6774511719e+03
-3.6774511719e+03
-3.6790021973e+03
-3.6728859863e+03
-4.2471147461e+03
-4.2466596680e+03
-4.2448554688e+03
-4.2448554688e+03
-4.2466596680e+03
-4.2471147461e+03
2.0921840820e+03
2.0943347168e+03
2.0928322754e+03
2.0928322754e+03
2.0943347168e+03
2.0921840820e+03
1.4793994141e+03
1.4942890625e+03
1.4964530029e+03
1.4964530029e+03
1.4942890625e+03
1.4793994141e+03
9.0097576904e+02
9.1146105957e+02
9.1686968994e+02
9.1686968994e+02
9.1146105957e+02
9.0097576904e+02
3.2684756470e+02
3.3643490601e+02
3.4143664551e+02
3.4143664551e+02
3.3643490601e+02
3.2684759521e+02
-2.3226728821e+02
-2.2361166382e+02
-2.1883615112e+02
-2.1883613586e+02
-2.2361164856e+02
-2.3226727295e+02
-7.8132330322e+02
-7.7337548828e+02
-7.6899389648e+02
-7.6899389648e+02
-7.7337548828e+02
-7.8132330322e+02
-1.3194755859e+03
-1.3122893066e+03
-1.3083083496e+03
-1.3083082275e+03
-1.3122893066e+03
-1.3194754639e+03
-1.8470316162e+03
-1.8407561035e+03
-1.8373836670e+03
-1.8373836670e+03
-1.8407561035e+03
-1.8470316162e+03
-2.3642058105e+03
-2.3593779297e+03
-2.3566972656e+03
-2.3566972656e+03
-2.3593779297e+03
-2.3642058105e+03
-2.8700812988e+03
-2.8671132812e+03
-2.8660288086e+03
-2.8660288086e+03
-2.8671132812e+03
-2.8700812988e+03
-3.3653024902e+03
-3.3692307129e+03
-3.3664006348e+03
-3.3664006348e+03
-3.3692307129e+03
-3.3653024902e+03
-3.8594843750e+03
-3.8602993164e+03
-3.8571596680e+03
-3.8571596680e+03
-3.8602993164e+03
-3.8594843750e+03
1.7098295898e+03
1.7157272949e+03
1.7130819092e+03
1.7130819092e+03
1.7157272949e+03
1.7098295898e+03
1.1718728027e+03
1.1869383545e+03
1.1880798340e+03
1.1880798340e+03
1.1869383545e+03
1.1718728027e+03
6.4804736328e+02
6.5912609863e+02
6.6417626953e+02
6.6417626953e+02
6.5912609863e+02
6.4804736328e+02
1.4548103333e+02
1.5674630737e+02
1.6150241089e+02
1.6150241089e+02
1.5674630737e+02
1.4548103333e+02
-3.4801965332e+02
-3.3756723022e+02
-3.3310101318e+02
-3.3310101318e+02
-3.3756723022e+02
-3.4801965332e+02
-8.2870373535e+02
-8.1874487305e+02
-8.1473596191e+02
-8.1473596191e+02
-8.1874487305e+02
-8.2870373535e+02
-1.2973767090e+03
-1.2880272217e+03
-1.2844864502e+03
-1.2844864502e+03
-1.2880272217e+03
-1.2973767090e+03
-1.7540809326e+03
-1.7454442139e+03
-1.7425029297e+03
-1.7425029297e+03
-1.7454442139e+03
-1.7540809326e+03
-2.1984443359e+03
-2.1912570801e+03
-2.1890895996e+03
-2.1890895996e+03
-2.1912570801e+03
-2.1984443359e+03
-2.6325144043e+03
-2.6266557617e+03
-2.6258664551e+03
-2.6258664551e+03
-2.6266557617e+03
-2.6325144043e+03
-3.0504929199e+03
-3.0515507812e+03
-3.0499245605e+03
-3.0499245605e+03
-3.0515507812e+03
-3.0504929199e+03
-3.4685332031e+03
-3.4660649414e+03
-3.4646948242e+03
-3.4646948242e+03
-3.4660649414e+03
-3.4685332031e+03
1.3327919922e+03
1.3336236572e+03
1.3341728516e+03
1.3341728516e+03
1.3336236572e+03
1.3327919922e+03
8.4596691895e+02
8.5882598877e+02
8.6295031738e+02
8.6295031738e+02
8.5882598877e+02
8.4596691895e+02
4.0361053467e+02
4.1449258423e+02
4.2111929321e+02
4.2111932373e+02
4.1449258423e+02
4.0361053467e+02
-3.8842067719e+01
-2.8704313278e+01
-2.2356657028e+01
-2.2356653214e+01
-2.8704309464e+01
-3.8842060089e+01
-4.6291760254e+02
-4.5361608887e+02
-4.4733023071e+02
-4.4733023071e+02
-4.5361608887e+02
-4.6291760254e+02
-8.7416662598e+02
-8.6544335938e+02
-8.5929400635e+02
-8.5929400635e+02
-8.6544329834e+02
-8.7416662598e+02
-1.2721320801e+03
-1.2640272217e+03
-1.2580332031e+03
-1.2580332031e+03
-1.2640272217e+03
-1.2721320801e+03
-1.6570753174e+03
-1.6497152100e+03
-1.6440781250e+03
-1.6440781250e+03
-1.6497152100e+03
-1.6570753174e+03
-2.0289169922e+03
-2.0227623291e+03
-2.0176268311e+03
-2.0176268311e+03
-2.0227623291e+03
-2.0289169922e+03
-2.3862731934e+03
-2.3819382324e+03
-2.3780083008e+03
-2.3780083008e+03
-2.3819382324e+03
-2.3862731934e+03
-2.7321403809e+03
-2.7335590820e+03
-2.7285883789e+03
-2.7285883789e+03
-2.7335590820e+03
-2.7321403809e+03
-3.0694575195e+03
-3.0697683105e+03
-3.0658884277e+03
-3.0658884277e+03
-3.0697683105e+03
-3.0694575195e+03
9.3236505127e+02
9.4184936523e+02
9.3812994385e+02
9.3812994385e+02
9.4184936523e+02
9.3236505127e+02
5.4013305664e+02
5.5681933594e+02
5.5620196533e+02
5.5620196533e+02
5.5681933594e+02
5.4013305664e+02
1.4189227295e+02
1.5483554077e+02
1.5775415039e+02
1.5775415039e+02
1.5483554077e+02
1.4189227295e+02
-2.2395408630e+02
-2.1044261169e+02
-2.0716241455e+02
-2.0716241455e+02
-2.1044261169e+02
-2.2395408630e+02
-5.7913482666e+02
-5.6554003906e+02
-5.6224273682e+02
-5.6224273682e+02
-5.6554003906e+02
-5.7913482666e+02
-9.2039501953e+02
-9.0671527100e+02
-9.0379705811e+02
-9.0379705811e+02
-9.0671527100e+02
-9.2039501953e+02
-1.2478248291e+03
-1.2342818604e+03
-1.2319210205e+03
-1.2319210205e+03
-1.2342818604e+03
-1.2478248291e+03
-1.5610192871e+03
-1.5477932129e+03
-1.5461678467e+03
-1.5461678467e+03
-1.5477932129e+03
-1.5610192871e+03
-1.8595858154e+03
-1.8472763672e+03
-1.8465567627e+03
-1.8465567627e+03
-1.8472763672e+03
-1.8595858154e+03
-2.1450102539e+03
-2.1335410156e+03
-2.1342719727e+03
-2.1342719727e+03
-2.1335410156e+03
-2.1450102539e+03
-2.4094455566e+03
-2.4035180664e+03
-2.4040830078e+03
-2.4040830078e+03
-2.4035180664e+03
-2.4094455566e+03
-2.6707292480e+03
-2.6648620605e+03
-2.6653222656e+03
-2.6653222656e+03
-2.6648620605e+03
-2.6707292480e+03
5.6452130127e+02
5.6307226562e+02
5.7171820068e+02
5.7171820068e+02
5.6307226562e+02
5.6452130127e+02
1.9693988037e+02
2.0501145935e+02
2.1684814453e+02
2.1684815979e+02
2.0501145935e+02
1.9693988037e+02
-9.9996940613e+01
-8.9489875793e+01
-7.5179199219e+01
-7.5179191589e+01
-8.9489875793e+01
-9.9996932983e+01
-4.0713809204e+02
-3.9550933838e+02
-3.8099533081e+02
-3.8099530029e+02
-3.9550933838e+02
-4.0713809204e+02
-6.9757403564e+02
-6.8628637695e+02
-6.7147546387e+02
-6.7147546387e+02
-6.8628637695e+02
-6.9757403564e+02
-9.7136193848e+02
-9.6069488525e+02
-9.4557000732e+02
-9.4556994629e+02
-9.6069488525e+02
-9.7136193848e+02
-1.2269803467e+03
-1.2173015137e+03
-1.2018214111e+03
-1.2018214111e+03
-1.2173015137e+03
-1.2269803467e+03
-1.4648771973e+03
-1.4565690918e+03
-1.4409458008e+03
-1.4409458008e+03
-1.4565690918e+03
-1.4648771973e+03
-1.6860806885e+03
-1.6796585693e+03
-1.6642336426e+03
-1.6642336426e+03
-1.6796585693e+03
-1.6860806885e+03
-1.8911889648e+03
-1.8872301025e+03
-1.8728308105e+03
-1.8728308105e+03
-1.8872301025e+03
-1.8911889648e+03
-2.0866547852e+03
-2.0867839355e+03
-2.0731108398e+03
-2.0731108398e+03
-2.0867839355e+03
-2.0866547852e+03
-2.2614328613e+03
-2.2612141113e+03
-2.2511362305e+03
-2.2511362305e+03
-2.2612141113e+03
-2.2614328613e+03
1.4784449768e+02
1.7040072632e+02
1.5559521484e+02
1.5559519958e+02
1.7040072632e+02
1.4784448242e+02
-7.5206909180e+01
-4.3231708527e+01
-5.3582565308e+01
-5.3582569122e+01
-4.3231719971e+01
-7.5206932068e+01
-3.6065896606e+02
-3.3332620239e+02
-3.4216662598e+02
-3.4216662598e+02
-3.3332620239e+02
-3.6065896606e+02
-6.0482708740e+02
-5.7950158691e+02
-5.8927575684e+02
-5.8927575684e+02
-5.7950158691e+02
-6.0482708740e+02
-8.2579492188e+02
-8.0081030273e+02
-8.1174938965e+02
-8.1174938965e+02
-8.0081030273e+02
-8.2579492188e+02
-1.0269755859e+03
-1.0011403809e+03
-1.0132543945e+03
-1.0132543945e+03
-1.0011403809e+03
-1.0269755859e+03
-1.2111442871e+03
-1.1838249512e+03
-1.1970325928e+03
-1.1970325928e+03
-1.1838249512e+03
-1.2111442871e+03
-1.3776145020e+03
-1.3487471924e+03
-1.3629399414e+03
-1.3629399414e+03
-1.3487471924e+03
-1.3776145020e+03
-1.5237945557e+03
-1.4943923340e+03
-1.5094272461e+03
-1.5094272461e+03
-1.4943923340e+03
-1.5237946777e+03
-1.6485893555e+03
-1.6202843018e+03
-1.6362342529e+03
-1.6362342529e+03
-1.6202844238e+03
-1.6485893555e+03
-1.7467884521e+03
-1.7255987549e+03
-1.7410435791e+03
-1.7410435791e+03
-1.7255987549e+03
-1.7467885742e+03
-1.8486697998e+03
-1.8360341797e+03
-1.8522561035e+03
-1.8522561035e+03
-1.8360341797e+03
-1.8486697998e+03
-1.0337490082e+02
-1.5641616821e+02
-1.6055541992e+02
-1.6055541992e+02
-1.5641615295e+02
-1.0337487030e+02
-4.3940478516e+02
-4.9238607788e+02
-4.9615655518e+02
-4.9615655518e+02
-4.9238604736e+02
-4.3940472412e+02
-6.0075927734e+02
-6.5776025391e+02
-6.5935430908e+02
-6.5935430908e+02
-6.5776025391e+02
-6.0075927734e+02
-7.3928033447e+02
-7.9809490967e+02
-7.9885864258e+02
-7.9885864258e+02
-7.9809490967e+02
-7.3928027344e+02
-8.6796740723e+02
-9.2956048584e+02
-9.2912939453e+02
-9.2912939453e+02
-9.2956048584e+02
-8.6796734619e+02
-9.9230548096e+02
-1.0566021729e+03
-1.0550144043e+03
-1.0550144043e+03
-1.0566020508e+03
-9.9230548096e+02
-1.1094616699e+03
-1.1759335938e+03
-1.1731265869e+03
-1.1731265869e+03
-1.1759335938e+03
-1.1094615479e+03
-1.2148610840e+03
-1.2821746826e+03
-1.2781625977e+03
-1.2781625977e+03
-1.2821746826e+03
-1.2148609619e+03
-1.3025996094e+03
-1.3685920410e+03
-1.3634980469e+03
-1.3634980469e+03
-1.3685920410e+03
-1.3025996094e+03
-1.3638330078e+03
-1.4260323486e+03
-1.4204257812e+03
-1.4204257812e+03
-1.4260323486e+03
-1.3638328857e+03
-1.3914718018e+03
-1.4485411377e+03
-1.4430427246e+03
-1.4430427246e+03
-1.4485411377e+03
-1.3914718018e+03
-1.3634541016e+03
-1.4152823486e+03
-1.4069572754e+03
-1.4069572754e+03
-1.4152823486e+03
-1.3634541016e+03
-9.6215289307e+02
-9.6194232178e+02
-9.6487988281e+02
-9.6487988281e+02
-9.6194232178e+02
-9.6215289307e+02
-8.5902703857e+02
-8.5026763916e+02
-8.5401092529e+02
-8.5401092529e+02
-8.5026763916e+02
-8.5902703857e+02
-8.5969281006e+02
-8.3940417480e+02
-8.4203894043e+02
-8.4203894043e+02
-8.3940423584e+02
-8.5969281006e+02
-9.0445227051e+02
-8.7558355713e+02
-8.7563220215e+02
-8.7563220215e+02
-8.7558361816e+02
-9.0445233154e+02
-9.7280950928e+02
-9.3653521729e+02
-9.3422308350e+02
-9.3422308350e+02
-9.3653527832e+02
-9.7280950928e+02
-1.0494639893e+03
-1.0068643188e+03
-1.0023756104e+03
-1.0023756104e+03
-1.0068643188e+03
-1.0494639893e+03
-1.1234787598e+03
-1.0753265381e+03
-1.0687111816e+03
-1.0687111816e+03
-1.0753266602e+03
-1.1234787598e+03
-1.1849711914e+03
-1.1316789551e+03
-1.1226888428e+03
-1.1226888428e+03
-1.1316789551e+03
-1.1849713135e+03
-1.2233553467e+03
-1.1647103271e+03
-1.1528808594e+03
-1.1528808594e+03
-1.1647103271e+03
-1.2233553467e+03
-1.2260634766e+03
-1.1612353516e+03
-1.1457032471e+03
-1.1457031250e+03
-1.1612353516e+03
-1.2260634766e+03
-1.1713979492e+03
-1.0967573242e+03
-1.0787976074e+03
-1.0787976074e+03
-1.0967574463e+03
-1.1713979492e+03
-1.0209057617e+03
-9.4436492920e+02
-9.2940600586e+02
-9.2940594482e+02
-9.4436492920e+02
-1.0209058228e+03
