2.9184823990e+01
1.3323826790e+00
7.1523272991e-01
7.1522021294e-01
1.3324023485e+00
2.9184850693e+01
-5.7533210754e+01
-7.1915344238e+01
-1.1989423370e+02
-1.1989427185e+02
-7.1915351868e+01
-5.7533199310e+01
-6.1978481293e+01
-1.9468348694e+02
-9.5051620483e+01
-9.5051612854e+01
-1.9468339539e+02
-6.1978397369e+01
-1.4621809387e+02
-1.8832087708e+02
-6.5916491699e+02
-6.5916522217e+02
-1.8832118225e+02
-1.4621806335e+02
2.0497676849e+01
-1.3182913818e+03
3.9977798462e+02
3.9977874756e+02
-1.3182901611e+03
2.0498178482e+01
-3.8609942627e+02
1.0202761230e+03
-1.0934711914e+04
-1.0934716797e+04
1.0202694092e+03
-3.8609927368e+02
-4.4950900269e+02
1.2942008057e+03
-1.3060859375e+04
-1.3060866211e+04
1.2941927490e+03
-4.4950891113e+02
1.2498044014e+01
-1.5831650391e+03
-1.0746361542e+02
-1.0746304321e+02
-1.5831638184e+03
1.2498744011e+01
-2.0467716980e+02
-3.4516296387e+02
-8.8606115723e+02
-8.8606158447e+02
-3.4516323853e+02
-2.0467706299e+02
-1.1894386292e+02
-2.9597445679e+02
-2.0884133911e+02
-2.0884136963e+02
-2.9597433472e+02
-1.1894373322e+02
-1.1869165802e+02
-1.4241130066e+02
-1.9700839233e+02
-1.9700843811e+02
-1.4241130066e+02
-1.1869162750e+02
-2.2437931061e+01
-5.0332752228e+01
-4.7409130096e+01
-4.7409141541e+01
-5.0332729340e+01
-2.2437896729e+01
-8.4959815979e+01
-1.2873837280e+02
-1.5480026245e+02
-1.5480026245e+02
-1.2873837280e+02
-8.4959777832e+01
-2.5651568604e+02
-3.4652682495e+02
-3.6070385742e+02
-3.6070385742e+02
-3.4652682495e+02
-2.5651562500e+02
-4.1407540894e+02
-5.4090423584e+02
-7.4253088379e+02
-7.4253094482e+02
-5.4090435791e+02
-4.1407534790e+02
-5.1378527832e+02
-1.0329995117e+03
-8.6099212646e+02
-8.6099200439e+02
-1.0329992676e+03
-5.1378503418e+02
-7.2554064941e+02
-1.1360460205e+03
-3.6329328613e+03
-3.6329340820e+03
-1.1360471191e+03
-7.2554040527e+02
-4.8005957031e+02
-3.3033283691e+03
6.1812767029e+01
6.1814529419e+01
-3.3033264160e+03
-4.8005908203e+02
-4.9382827759e+02
-3.6488696289e+03
5.6838250732e+02
5.6838482666e+02
-3.6488671875e+03
-4.9382772827e+02
-8.7906225586e+02
-1.3846538086e+03
-4.2497187500e+03
-4.2497202148e+03
-1.3846550293e+03
-8.7906195068e+02
-7.2031884766e+02
-1.3495709229e+03
-1.2621309814e+03
-1.2621308594e+03
-1.3495706787e+03
-7.2031860352e+02
-6.5452392578e+02
-8.1487213135e+02
-1.0602824707e+03
-1.0602825928e+03
-8.1487225342e+02
-6.5452386475e+02
-4.9910046387e+02
-5.9958673096e+02
-6.2518011475e+02
-6.2518011475e+02
-5.9958673096e+02
-4.9910040283e+02
-3.2320132446e+02
-3.6364141846e+02
-3.9029086304e+02
-3.9029086304e+02
-3.6364138794e+02
-3.2320129395e+02
-4.3669354248e+02
-4.6636376953e+02
-4.7960501099e+02
-4.7960501099e+02
-4.6636376953e+02
-4.3669354248e+02
-5.8493255615e+02
-6.0891717529e+02
-6.6895080566e+02
-6.6895086670e+02
-6.0891723633e+02
-5.8493261719e+02
-7.5077020264e+02
-8.3357110596e+02
-8.0027288818e+02
-8.0027288818e+02
-8.3357104492e+02
-7.5077020264e+02
-9.6086932373e+02
-9.4014404297e+02
-1.4239916992e+03
-1.4239919434e+03
-9.4014422607e+02
-9.6086938477e+02
-1.0975538330e+03
-1.2993681641e+03
-9.6791595459e+01
-9.6791213989e+01
-1.2993676758e+03
-1.0975538330e+03
-1.5031153564e+03
-3.4613031006e+02
-1.4799931641e+03
-1.4799938965e+03
-3.4613110352e+02
-1.5031152344e+03
-1.5917788086e+03
-2.3852102661e+02
-1.7375422363e+03
-1.7375432129e+03
-2.3852207947e+02
-1.5917788086e+03
-1.2691303711e+03
-1.4059603271e+03
1.0590756226e+02
1.0590799713e+02
-1.4059597168e+03
-1.2691303711e+03
-1.2221785889e+03
-1.1455693359e+03
-1.6390416260e+03
-1.6390418701e+03
-1.1455695801e+03
-1.2221785889e+03
-1.0843620605e+03
-1.1561627197e+03
-1.1218157959e+03
-1.1218157959e+03
-1.1561627197e+03
-1.0843620605e+03
-9.8146276855e+02
-9.9612145996e+02
-1.0601881104e+03
-1.0601881104e+03
-9.9612145996e+02
-9.8146276855e+02
-8.8456744385e+02
-9.0858624268e+02
-9.2229541016e+02
-9.2229541016e+02
-9.0858624268e+02
-8.8456744385e+02
-6.6133691406e+02
-6.5705847168e+02
-6.6373608398e+02
-6.6373608398e+02
-6.5705853271e+02
-6.6133691406e+02
-7.0680346680e+02
-6.9705627441e+02
-6.6764068604e+02
-6.6764068604e+02
-6.9705627441e+02
-7.0680346680e+02
-7.9238879395e+02
-7.2710955811e+02
-7.9010009766e+02
-7.9010009766e+02
-7.2710961914e+02
-7.9238885498e+02
-8.6929882812e+02
-8.0466180420e+02
-4.2565460205e+02
-4.2565447998e+02
-8.0466174316e+02
-8.6929882812e+02
-9.7747814941e+02
-6.4664538574e+02
-1.2544810791e+03
-1.2544813232e+03
-6.4664569092e+02
-9.7747821045e+02
-8.5163464355e+02
-1.2296264648e+03
-7.7389239502e+02
-7.7389196777e+02
-1.2296260986e+03
-8.5163488770e+02
-8.8104455566e+02
-1.3643358154e+03
-7.3937213135e+02
-7.3937152100e+02
-1.3643353271e+03
-8.8104479980e+02
-1.1260108643e+03
-8.0580810547e+02
-1.6249311523e+03
-1.6249313965e+03
-8.0580847168e+02
-1.1260108643e+03
-1.1313079834e+03
-1.0686600342e+03
-6.4046380615e+02
-6.4046362305e+02
-1.0686600342e+03
-1.1313079834e+03
-1.1661108398e+03
-1.0861376953e+03
-1.1408059082e+03
-1.1408059082e+03
-1.0861376953e+03
-1.1661108398e+03
-1.1871230469e+03
-1.1729766846e+03
-1.1354792480e+03
-1.1354792480e+03
-1.1729766846e+03
-1.1871230469e+03
-1.2489598389e+03
-1.2413068848e+03
-1.2449919434e+03
-1.2449919434e+03
-1.2413068848e+03
-1.2489598389e+03
-6.0127600098e+02
-6.0013513184e+02
-5.9040698242e+02
-5.9040698242e+02
-6.0013513184e+02
-6.0127606201e+02
-6.5066357422e+02
-6.4488800049e+02
-6.5888763428e+02
-6.5888763428e+02
-6.4488806152e+02
-6.5066357422e+02
-7.0016528320e+02
-7.1067059326e+02
-6.2746533203e+02
-6.2746527100e+02
-7.1067059326e+02
-7.0016534424e+02
-7.5863897705e+02
-7.6413586426e+02
-9.9979003906e+02
-9.9979010010e+02
-7.6413586426e+02
-7.5863903809e+02
-7.8912957764e+02
-1.0014650269e+03
-6.6678521729e+02
-6.6678503418e+02
-1.0014648438e+03
-7.8912957764e+02
-9.7629608154e+02
-8.0853546143e+02
-9.5118774414e+02
-9.5118792725e+02
-8.0853564453e+02
-9.7629595947e+02
-1.0584592285e+03
-8.3498254395e+02
-1.0505163574e+03
-1.0505166016e+03
-8.3498278809e+02
-1.0584591064e+03
-9.9638507080e+02
-1.2161763916e+03
-7.4719799805e+02
-7.4719787598e+02
-1.2161762695e+03
-9.9638500977e+02
-1.0940079346e+03
-1.1091462402e+03
-1.3954532471e+03
-1.3954532471e+03
-1.1091462402e+03
-1.0940079346e+03
-1.1676137695e+03
-1.1891820068e+03
-1.1066655273e+03
-1.1066655273e+03
-1.1891818848e+03
-1.1676138916e+03
-1.2507991943e+03
-1.2488588867e+03
-1.2650749512e+03
-1.2650749512e+03
-1.2488588867e+03
-1.2507991943e+03
-1.3367138672e+03
-1.3366701660e+03
-1.3258745117e+03
-1.3258745117e+03
-1.3366701660e+03
-1.3367138672e+03
-4.9714202881e+02
-5.0058096313e+02
-5.0647717285e+02
-5.0647717285e+02
-5.0058096313e+02
-4.9714205933e+02
-5.8337322998e+02
-5.9047802734e+02
-5.7702209473e+02
-5.7702209473e+02
-5.9047802734e+02
-5.8337329102e+02
-6.6435809326e+02
-6.7220831299e+02
-7.4251672363e+02
-7.4251672363e+02
-6.7220831299e+02
-6.6435809326e+02
-7.4680578613e+02
-7.6716491699e+02
-6.2161566162e+02
-6.2161566162e+02
-7.6716491699e+02
-7.4680578613e+02
-8.5721868896e+02
-7.3458648682e+02
-9.1114782715e+02
-9.1114794922e+02
-7.3458660889e+02
-8.5721868896e+02
-8.6408117676e+02
-9.5044177246e+02
-8.9956994629e+02
-8.9956982422e+02
-9.5044171143e+02
-8.6408129883e+02
-9.3711334229e+02
-1.0532747803e+03
-9.6902526855e+02
-9.6902508545e+02
-1.0532746582e+03
-9.3711340332e+02
-1.1004898682e+03
-9.6748303223e+02
-1.2275292969e+03
-1.2275294189e+03
-9.6748315430e+02
-1.1004898682e+03
-1.1569274902e+03
-1.1699421387e+03
-9.8401892090e+02
-9.8401885986e+02
-1.1699421387e+03
-1.1569274902e+03
-1.2372543945e+03
-1.2420397949e+03
-1.3183526611e+03
-1.3183526611e+03
-1.2420399170e+03
-1.2372543945e+03
-1.3194985352e+03
-1.3297105713e+03
-1.3159743652e+03
-1.3159743652e+03
-1.3297105713e+03
-1.3194985352e+03
-1.4010393066e+03
-1.4048469238e+03
-1.4112054443e+03
-1.4112054443e+03
-1.4048469238e+03
-1.4010394287e+03
-4.1747784424e+02
-4.1797607422e+02
-4.1656842041e+02
-4.1656842041e+02
-4.1797607422e+02
-4.1747784424e+02
-5.1692980957e+02
-5.1355444336e+02
-5.2888500977e+02
-5.2888500977e+02
-5.1355444336e+02
-5.1692980957e+02
-6.1580804443e+02
-6.0958624268e+02
-5.5889801025e+02
-5.5889801025e+02
-6.0958624268e+02
-6.1580810547e+02
-7.1160675049e+02
-6.9061529541e+02
-7.8246081543e+02
-7.8246081543e+02
-6.9061535645e+02
-7.1160675049e+02
-7.8477435303e+02
-8.5680743408e+02
-7.6609344482e+02
-7.6609338379e+02
-8.5680737305e+02
-7.8477441406e+02
-9.2691284180e+02
-8.7973382568e+02
-9.0356292725e+02
-9.0356298828e+02
-8.7973388672e+02
-9.2691278076e+02
-1.0281647949e+03
-9.6499835205e+02
-1.0034532471e+03
-1.0034533081e+03
-9.6499841309e+02
-1.0281646729e+03
-1.0739034424e+03
-1.1553184814e+03
-1.0144998169e+03
-1.0144997559e+03
-1.1553184814e+03
-1.0739034424e+03
-1.1918293457e+03
-1.1766596680e+03
-1.2992972412e+03
-1.2992972412e+03
-1.1766596680e+03
-1.1918293457e+03
-1.2909826660e+03
-1.2861651611e+03
-1.2291445312e+03
-1.2291445312e+03
-1.2861651611e+03
-1.2909826660e+03
-1.3851579590e+03
-1.3835811768e+03
-1.3992064209e+03
-1.3992064209e+03
-1.3835811768e+03
-1.3851580811e+03
-1.4837868652e+03
-1.4840056152e+03
-1.4810887451e+03
-1.4810887451e+03
-1.4840056152e+03
-1.4837868652e+03
-3.3240927124e+02
-3.3128640747e+02
-3.3380545044e+02
-3.3380545044e+02
-3.3128640747e+02
-3.3240927124e+02
-4.4935269165e+02
-4.4648074341e+02
-4.3308111572e+02
-4.3308111572e+02
-4.4648077393e+02
-4.4935272217e+02
-5.6015924072e+02
-5.6185900879e+02
-5.9644854736e+02
-5.9644854736e+02
-5.6185900879e+02
-5.6015924072e+02
-6.7243310547e+02
-6.8791558838e+02
-6.3075750732e+02
-6.3075750732e+02
-6.8791558838e+02
-6.7243316650e+02
-8.0066522217e+02
-7.5796221924e+02
-8.0452160645e+02
-8.0452160645e+02
-7.5796228027e+02
-8.0066528320e+02
-8.8331463623e+02
-9.1110723877e+02
-8.9664324951e+02
-8.9664324951e+02
-9.1110717773e+02
-8.8331469727e+02
-9.9178002930e+02
-1.0284846191e+03
-1.0072073364e+03
-1.0072072754e+03
-1.0284844971e+03
-9.9178009033e+02
-1.1348215332e+03
-1.0858142090e+03
-1.1626214600e+03
-1.1626215820e+03
-1.0858143311e+03
-1.1348215332e+03
-1.2297061768e+03
-1.2429802246e+03
-1.1646126709e+03
-1.1646126709e+03
-1.2429802246e+03
-1.2297061768e+03
-1.3384108887e+03
-1.3420206299e+03
-1.3841595459e+03
-1.3841595459e+03
-1.3420206299e+03
-1.3384108887e+03
-1.4501009521e+03
-1.4509378662e+03
-1.4365968018e+03
-1.4365968018e+03
-1.4509378662e+03
-1.4501009521e+03
-1.5603879395e+03
-1.5594017334e+03
-1.5611848145e+03
-1.5611848145e+03
-1.5594017334e+03
-1.5603879395e+03
-2.5112841797e+02
-2.5100685120e+02
-2.4914094543e+02
-2.4914096069e+02
-2.5100686646e+02
-2.5112843323e+02
-3.8237475586e+02
-3.8153689575e+02
-3.9195101929e+02
-3.9195101929e+02
-3.8153689575e+02
-3.8237475586e+02
-5.1189877319e+02
-5.0988021851e+02
-4.8510635376e+02
-4.8510638428e+02
-5.0988024902e+02
-5.1189877319e+02
-6.4014013672e+02
-6.2745642090e+02
-6.6168249512e+02
-6.6168249512e+02
-6.2745642090e+02
-6.4014013672e+02
-7.5574530029e+02
-7.7956262207e+02
-7.5406225586e+02
-7.5406225586e+02
-7.7956262207e+02
-7.5574530029e+02
-9.0018780518e+02
-8.8152783203e+02
-8.9108032227e+02
-8.9108032227e+02
-8.8152789307e+02
-9.0018780518e+02
-1.0273035889e+03
-1.0038664551e+03
-1.0168085327e+03
-1.0168085327e+03
-1.0038665161e+03
-1.0273035889e+03
-1.1320518799e+03
-1.1606835938e+03
-1.1175810547e+03
-1.1175810547e+03
-1.1606834717e+03
-1.1320518799e+03
-1.2676002197e+03
-1.2573070068e+03
-1.3068541260e+03
-1.3068541260e+03
-1.2573070068e+03
-1.2676002197e+03
-1.3924840088e+03
-1.3903747559e+03
-1.3607501221e+03
-1.3607501221e+03
-1.3903747559e+03
-1.3924840088e+03
-1.5136802979e+03
-1.5162812500e+03
-1.5276706543e+03
-1.5276706543e+03
-1.5162812500e+03
-1.5136802979e+03
-1.6401110840e+03
-1.6399807129e+03
-1.6369362793e+03
-1.6369362793e+03
-1.6399807129e+03
-1.6401110840e+03
-1.7168028259e+02
-1.7166390991e+02
-1.7434120178e+02
-1.7434121704e+02
-1.7166390991e+02
-1.7168029785e+02
-3.1811499023e+02
-3.1460778809e+02
-3.0657943726e+02
-3.0657943726e+02
-3.1460778809e+02
-3.1811499023e+02
-4.5907785034e+02
-4.5824768066e+02
-4.7390750122e+02
-4.7390750122e+02
-4.5824768066e+02
-4.5907785034e+02
-6.0001678467e+02
-6.0723571777e+02
-5.8571472168e+02
-5.8571472168e+02
-6.0723577881e+02
-6.0001678467e+02
-7.4856085205e+02
-7.3355596924e+02
-7.4721551514e+02
-7.4721551514e+02
-7.3355603027e+02
-7.4856085205e+02
-8.7756225586e+02
-8.8896972656e+02
-8.8174615479e+02
-8.8174615479e+02
-8.8896972656e+02
-8.7756231689e+02
-1.0168541870e+03
-1.0311442871e+03
-1.0221596069e+03
-1.0221596069e+03
-1.0311441650e+03
-1.0168542480e+03
-1.1693631592e+03
-1.1519125977e+03
-1.1764874268e+03
-1.1764874268e+03
-1.1519125977e+03
-1.1693631592e+03
-1.3009802246e+03
-1.3083033447e+03
-1.2772319336e+03
-1.2772319336e+03
-1.3083033447e+03
-1.3009802246e+03
-1.4395169678e+03
-1.4411090088e+03
-1.4622822266e+03
-1.4622822266e+03
-1.4411090088e+03
-1.4395169678e+03
-1.5791715088e+03
-1.5794677734e+03
-1.5701604004e+03
-1.5701604004e+03
-1.5794677734e+03
-1.5791715088e+03
-1.7191209717e+03
-1.7193175049e+03
-1.7208283691e+03
-1.7208283691e+03
-1.7193175049e+03
-1.7191209717e+03
-9.2975265503e+01
-9.2627265930e+01
-9.1512405396e+01
-9.1512405396e+01
-9.2627273560e+01
-9.2975280762e+01
-2.5330029297e+02
-2.5181417847e+02
-2.5766397095e+02
-2.5766397095e+02
-2.5181417847e+02
-2.5330030823e+02
-4.1033514404e+02
-4.0955059814e+02
-3.9798345947e+02
-3.9798345947e+02
-4.0955059814e+02
-4.1033517456e+02
-5.6723425293e+02
-5.6115234375e+02
-5.7364019775e+02
-5.7364019775e+02
-5.6115234375e+02
-5.6723425293e+02
-7.1762786865e+02
-7.2576226807e+02
-7.1727954102e+02
-7.1727954102e+02
-7.2576226807e+02
-7.1762786865e+02
-8.7974780273e+02
-8.7161560059e+02
-8.7640728760e+02
-8.7640728760e+02
-8.7161566162e+02
-8.7974780273e+02
-1.0343344727e+03
-1.0248037109e+03
-1.0308193359e+03
-1.0308193359e+03
-1.0248037109e+03
-1.0343345947e+03
-1.1798731689e+03
-1.1902302246e+03
-1.1756697998e+03
-1.1756697998e+03
-1.1902302246e+03
-1.1798731689e+03
-1.3380585938e+03
-1.3334166260e+03
-1.3531271973e+03
-1.3531271973e+03
-1.3334166260e+03
-1.3380585938e+03
-1.4909438477e+03
-1.4906151123e+03
-1.4767131348e+03
-1.4767131348e+03
-1.4906151123e+03
-1.4909438477e+03
-1.6416390381e+03
-1.6448823242e+03
-1.6516744385e+03
-1.6516744385e+03
-1.6448823242e+03
-1.6416390381e+03
-1.7977036133e+03
-1.7971710205e+03
-1.7947209473e+03
-1.7947209473e+03
-1.7971710205e+03
-1.7977036133e+03
-1.5557640076e+01
-1.5533796310e+01
-1.7629648209e+01
-1.7629650116e+01
-1.5533802986e+01
-1.5557650566e+01
-1.9075401306e+02
-1.8743887329e+02
-1.8320086670e+02
-1.8320086670e+02
-1.8743887329e+02
-1.9075402832e+02
-3.6052627563e+02
-3.5915719604e+02
-3.6567205811e+02
-3.6567205811e+02
-3.5915722656e+02
-3.6052627563e+02
-5.2978314209e+02
-5.3228778076e+02
-5.2389807129e+02
-5.2389807129e+02
-5.3228778076e+02
-5.2978320312e+02
-7.0221777344e+02
-6.9633630371e+02
-7.0100720215e+02
-7.0100720215e+02
-6.9633636475e+02
-7.0221777344e+02
-8.6623065186e+02
-8.7086303711e+02
-8.6719543457e+02
-8.6719543457e+02
-8.7086303711e+02
-8.6623065186e+02
-1.0342276611e+03
-1.0399022217e+03
-1.0355312500e+03
-1.0355312500e+03
-1.0399022217e+03
-1.0342276611e+03
-1.2070812988e+03
-1.2006506348e+03
-1.2095452881e+03
-1.2095452881e+03
-1.2006506348e+03
-1.2070812988e+03
-1.3710317383e+03
-1.3744416504e+03
-1.3622192383e+03
-1.3622192383e+03
-1.3744416504e+03
-1.3710317383e+03
-1.5380859375e+03
-1.5390693359e+03
-1.5492864990e+03
-1.5492864990e+03
-1.5390693359e+03
-1.5380859375e+03
-1.7053779297e+03
-1.7064791260e+03
-1.7011486816e+03
-1.7011486816e+03
-1.7064791260e+03
-1.7053779297e+03
-1.8742583008e+03
-1.8748120117e+03
-1.8754068604e+03
-1.8754068604e+03
-1.8748120117e+03
-1.8742583008e+03
6.0390804291e+01
6.0592315674e+01
6.0927833557e+01
6.0927829742e+01
6.0592311859e+01
6.0390792847e+01
-1.2838731384e+02
-1.2600655365e+02
-1.2898899841e+02
-1.2898899841e+02
-1.2600656128e+02
-1.2838732910e+02
-3.1250833130e+02
-3.1170288086e+02
-3.0616336060e+02
-3.0616336060e+02
-3.1170288086e+02
-3.1250836182e+02
-4.9675552368e+02
-4.9376031494e+02
-4.9827716064e+02
-4.9827716064e+02
-4.9376031494e+02
-4.9675552368e+02
-6.7752203369e+02
-6.8029833984e+02
-6.7681744385e+02
-6.7681744385e+02
-6.8029833984e+02
-6.7752203369e+02
-8.6285992432e+02
-8.5925909424e+02
-8.6145141602e+02
-8.6145141602e+02
-8.5925909424e+02
-8.6285998535e+02
-1.0447646484e+03
-1.0408571777e+03
-1.0437629395e+03
-1.0437629395e+03
-1.0408571777e+03
-1.0447646484e+03
-1.2229432373e+03
-1.2268729248e+03
-1.2213831787e+03
-1.2213831787e+03
-1.2268729248e+03
-1.2229432373e+03
-1.4060312500e+03
-1.4043819580e+03
-1.4124864502e+03
-1.4124864502e+03
-1.4043819580e+03
-1.4060312500e+03
-1.5867702637e+03
-1.5869910889e+03
-1.5809649658e+03
-1.5809649658e+03
-1.5869910889e+03
-1.5867702637e+03
-1.7657304688e+03
-1.7690157471e+03
-1.7726964111e+03
-1.7726964111e+03
-1.7690157471e+03
-1.7657304688e+03
-1.9504737549e+03
-1.9497910156e+03
-1.9480965576e+03
-1.9480965576e+03
-1.9497910156e+03
-1.9504737549e+03
1.3450358582e+02
1.3471359253e+02
1.3301483154e+02
1.3301481628e+02
1.3471359253e+02
1.3450358582e+02
-6.8147933960e+01
-6.4891517639e+01
-6.2829792023e+01
-6.2829795837e+01
-6.4891525269e+01
-6.8147941589e+01
-2.6525463867e+02
-2.6389001465e+02
-2.6625863647e+02
-2.6625863647e+02
-2.6389001465e+02
-2.6525463867e+02
-4.6179812622e+02
-4.6226171875e+02
-4.5867309570e+02
-4.5867309570e+02
-4.6226171875e+02
-4.6179815674e+02
-6.5938726807e+02
-6.5679895020e+02
-6.5854992676e+02
-6.5854992676e+02
-6.5679895020e+02
-6.5938726807e+02
-8.5318975830e+02
-8.5498651123e+02
-8.5321850586e+02
-8.5321850586e+02
-8.5498651123e+02
-8.5318975830e+02
-1.0483828125e+03
-1.0506560059e+03
-1.0485198975e+03
-1.0485198975e+03
-1.0506560059e+03
-1.0483828125e+03
-1.2451838379e+03
-1.2428977051e+03
-1.2465290527e+03
-1.2465290527e+03
-1.2428977051e+03
-1.2451838379e+03
-1.4382000732e+03
-1.4399537354e+03
-1.4350832520e+03
-1.4350832520e+03
-1.4399537354e+03
-1.4382000732e+03
-1.6323646240e+03
-1.6334997559e+03
-1.6385151367e+03
-1.6385151367e+03
-1.6334997559e+03
-1.6323646240e+03
-1.8267595215e+03
-1.8287196045e+03
-1.8257584229e+03
-1.8257584229e+03
-1.8287196045e+03
-1.8267595215e+03
-2.0235643311e+03
-2.0244792480e+03
-2.0241735840e+03
-2.0241735840e+03
-2.0244792480e+03
-2.0235643311e+03
2.0667340088e+02
2.0664843750e+02
2.0649276733e+02
2.0649276733e+02
2.0664843750e+02
2.0667340088e+02
-9.2231492996e+00
-6.2219967842e+00
-7.6625561714e+00
-7.6625571251e+00
-6.2220015526e+00
-9.2231578827e+00
-2.1930181885e+02
-2.1833952332e+02
-2.1543376160e+02
-2.1543376160e+02
-2.1833952332e+02
-2.1930183411e+02
-4.2962295532e+02
-4.2788589478e+02
-4.2944882202e+02
-4.2944882202e+02
-4.2788589478e+02
-4.2962295532e+02
-6.3786322021e+02
-6.3865661621e+02
-6.3700592041e+02
-6.3700592041e+02
-6.3865661621e+02
-6.3786328125e+02
-8.4774230957e+02
-8.4606530762e+02
-8.4701593018e+02
-8.4701593018e+02
-8.4606530762e+02
-8.4774230957e+02
-1.0559215088e+03
-1.0543006592e+03
-1.0557747803e+03
-1.0557747803e+03
-1.0543006592e+03
-1.0559215088e+03
-1.2625029297e+03
-1.2640472412e+03
-1.2619416504e+03
-1.2619416504e+03
-1.2640472412e+03
-1.2625029297e+03
-1.4708178711e+03
-1.4704890137e+03
-1.4742021484e+03
-1.4742021484e+03
-1.4704890137e+03
-1.4708178711e+03
-1.6784147949e+03
-1.6787554932e+03
-1.6765555420e+03
-1.6765555420e+03
-1.6787554932e+03
-1.6784147949e+03
-1.8840643311e+03
-1.8875341797e+03
-1.8896274414e+03
-1.8896274414e+03
-1.8875341797e+03
-1.8840643311e+03
-2.0965764160e+03
-2.0955720215e+03
-2.0945925293e+03
-2.0945925293e+03
-2.0955720215e+03
-2.0965764160e+03
2.7602130127e+02
2.7646881104e+02
2.7486895752e+02
2.7486895752e+02
2.7646881104e+02
2.7602130127e+02
4.7643291473e+01
5.1025211334e+01
5.1892883301e+01
5.1892879486e+01
5.1025207520e+01
4.7643283844e+01
-1.7505645752e+02
-1.7371012878e+02
-1.7424208069e+02
-1.7424208069e+02
-1.7371014404e+02
-1.7505645752e+02
-3.9717172241e+02
-3.9684188843e+02
-3.9505819702e+02
-3.9505819702e+02
-3.9684188843e+02
-3.9717172241e+02
-6.1938525391e+02
-6.1814849854e+02
-6.1872412109e+02
-6.1872412109e+02
-6.1814849854e+02
-6.1938525391e+02
-8.3976885986e+02
-8.4051867676e+02
-8.3960784912e+02
-8.3960784912e+02
-8.4051867676e+02
-8.3976885986e+02
-1.0605224609e+03
-1.0616154785e+03
-1.0604965820e+03
-1.0604965820e+03
-1.0616154785e+03
-1.0605224609e+03
-1.2816938477e+03
-1.2812279053e+03
-1.2827684326e+03
-1.2827684326e+03
-1.2812279053e+03
-1.2816938477e+03
-1.5012684326e+03
-1.5026322021e+03
-1.5005913086e+03
-1.5005913086e+03
-1.5026322021e+03
-1.5012684326e+03
-1.7210771484e+03
-1.7227204590e+03
-1.7252933350e+03
-1.7252933350e+03
-1.7227204590e+03
-1.7210771484e+03
-1.9416614990e+03
-1.9443804932e+03
-1.9424309082e+03
-1.9424309082e+03
-1.9443804932e+03
-1.9416614990e+03
-2.1647509766e+03
-2.1664418945e+03
-2.1652583008e+03
-2.1652583008e+03
-2.1664418945e+03
-2.1647509766e+03
3.4319409180e+02
3.4281909180e+02
3.4248468018e+02
3.4248468018e+02
3.4281906128e+02
3.4319409180e+02
1.0203855133e+02
1.0543730164e+02
1.0486770630e+02
1.0486770630e+02
1.0543729401e+02
1.0203854370e+02
-1.3218975830e+02
-1.3116368103e+02
-1.2936338806e+02
-1.2936338806e+02
-1.3116368103e+02
-1.3218977356e+02
-3.6686856079e+02
-3.6561447144e+02
-3.6606509399e+02
-3.6606509399e+02
-3.6561447144e+02
-3.6686856079e+02
-6.0010784912e+02
-6.0008294678e+02
-5.9930541992e+02
-5.9930541992e+02
-6.0008294678e+02
-6.0010784912e+02
-8.3381726074e+02
-8.3286102295e+02
-8.3341693115e+02
-8.3341693115e+02
-8.3286102295e+02
-8.3381726074e+02
-1.0666029053e+03
-1.0657867432e+03
-1.0668068848e+03
-1.0668068848e+03
-1.0657867432e+03
-1.0666029053e+03
-1.2986978760e+03
-1.2991760254e+03
-1.2987388916e+03
-1.2987388916e+03
-1.2991760254e+03
-1.2986978760e+03
-1.5313426514e+03
-1.5313658447e+03
-1.5336582031e+03
-1.5336582031e+03
-1.5313658447e+03
-1.5313426514e+03
-1.7641889648e+03
-1.7643060303e+03
-1.7642469482e+03
-1.7642469482e+03
-1.7643060303e+03
-1.7641889648e+03
-1.9945709229e+03
-1.9981915283e+03
-2.0000532227e+03
-2.0000532227e+03
-1.9981915283e+03
-1.9945709229e+03
-2.2338183594e+03
-2.2319082031e+03
-2.2317998047e+03
-2.2317998047e+03
-2.2319082031e+03
-2.2338183594e+03
4.0612698364e+02
4.0703277588e+02
4.0517895508e+02
4.0517895508e+02
4.0703277588e+02
4.0612698364e+02
1.5435163879e+02
1.5800346375e+02
1.5802911377e+02
1.5802911377e+02
1.5800344849e+02
1.5435162354e+02
-9.1807678223e+01
-9.0413566589e+01
-9.0174438477e+01
-9.0174438477e+01
-9.0413566589e+01
-9.1807678223e+01
-3.3730178833e+02
-3.3672314453e+02
-3.3559594727e+02
-3.3559594727e+02
-3.3672314453e+02
-3.3730178833e+02
-5.8248687744e+02
-5.8199505615e+02
-5.8189221191e+02
-5.8189221191e+02
-5.8199505615e+02
-5.8248687744e+02
-8.2672418213e+02
-8.2737152100e+02
-8.2657934570e+02
-8.2657934570e+02
-8.2737152100e+02
-8.2672418213e+02
-1.0709802246e+03
-1.0720587158e+03
-1.0710672607e+03
-1.0710672607e+03
-1.0720587158e+03
-1.0709802246e+03
-1.3152722168e+03
-1.3161003418e+03
-1.3163126221e+03
-1.3163126221e+03
-1.3161003418e+03
-1.3152722168e+03
-1.5589172363e+03
-1.5608695068e+03
-1.5594715576e+03
-1.5594715576e+03
-1.5608695068e+03
-1.5589172363e+03
-1.8025699463e+03
-1.8052852783e+03
-1.8061148682e+03
-1.8061148682e+03
-1.8052852783e+03
-1.8025699463e+03
-2.0478936768e+03
-2.0517355957e+03
-2.0492434082e+03
-2.0492434082e+03
-2.0517355957e+03
-2.0478936768e+03
-2.2947919922e+03
-2.2982446289e+03
-2.2957687988e+03
-2.2957687988e+03
-2.2982446289e+03
-2.2947919922e+03
4.6714916992e+02
4.6596438599e+02
4.6597271729e+02
4.6597271729e+02
4.6596438599e+02
4.6714916992e+02
2.0297186279e+02
2.0644367981e+02
2.0672184753e+02
2.0672184753e+02
2.0644367981e+02
2.0297184753e+02
-5.3063251495e+01
-5.2091667175e+01
-5.0647193909e+01
-5.0647193909e+01
-5.2091670990e+01
-5.3063251495e+01
-3.0979937744e+02
-3.0866717529e+02
-3.0883175659e+02
-3.0883175659e+02
-3.0866717529e+02
-3.0979937744e+02
-5.6547119141e+02
-5.6486206055e+02
-5.6489978027e+02
-5.6489978027e+02
-5.6486206055e+02
-5.6547119141e+02
-8.2117382812e+02
-8.2006774902e+02
-8.2112213135e+02
-8.2112213135e+02
-8.2006774902e+02
-8.2117388916e+02
-1.0763524170e+03
-1.0752142334e+03
-1.0769151611e+03
-1.0769151611e+03
-1.0752142334e+03
-1.0763524170e+03
-1.3313150635e+03
-1.3305363770e+03
-1.3319630127e+03
-1.3319630127e+03
-1.3305363770e+03
-1.3313150635e+03
-1.5864979248e+03
-1.5856110840e+03
-1.5886855469e+03
-1.5886855469e+03
-1.5856110840e+03
-1.5864979248e+03
-1.8421994629e+03
-1.8410996094e+03
-1.8437537842e+03
-1.8437537842e+03
-1.8410996094e+03
-1.8421994629e+03
-2.0949399414e+03
-2.0976528320e+03
-2.1015891113e+03
-2.1015891113e+03
-2.0976528320e+03
-2.0949399414e+03
-2.3597004395e+03
-2.3552875977e+03
-2.3571667480e+03
-2.3571667480e+03
-2.3552875977e+03
-2.3597004395e+03
5.2154565430e+02
5.2377856445e+02
5.2077587891e+02
5.2077587891e+02
5.2377856445e+02
5.2154565430e+02
2.4934851074e+02
2.5377491760e+02
2.5252738953e+02
2.5252738953e+02
2.5377491760e+02
2.4934851074e+02
-1.7497222900e+01
-1.5991819382e+01
-1.5670054436e+01
-1.5670054436e+01
-1.5991819382e+01
-1.7497224808e+01
-2.8371026611e+02
-2.8333569336e+02
-2.8220556641e+02
-2.8220556641e+02
-2.8333569336e+02
-2.8371026611e+02
-5.4932104492e+02
-5.4992126465e+02
-5.4874359131e+02
-5.4874359131e+02
-5.4992126465e+02
-5.4932104492e+02
-8.1439947510e+02
-8.1627691650e+02
-8.1429919434e+02
-8.1429919434e+02
-8.1627691650e+02
-8.1439947510e+02
-1.0794117432e+03
-1.0822573242e+03
-1.0796480713e+03
-1.0796480713e+03
-1.0822573242e+03
-1.0794117432e+03
-1.3443984375e+03
-1.3479967041e+03
-1.3454682617e+03
-1.3454682617e+03
-1.3479967041e+03
-1.3443984375e+03
-1.6092840576e+03
-1.6142205811e+03
-1.6104205322e+03
-1.6104205322e+03
-1.6142205811e+03
-1.6092839355e+03
-1.8747080078e+03
-1.8807893066e+03
-1.8774570312e+03
-1.8774570312e+03
-1.8807893066e+03
-1.8747080078e+03
-2.1422116699e+03
-2.1499831543e+03
-2.1432226562e+03
-2.1432226562e+03
-2.1499831543e+03
-2.1422116699e+03
-2.4094104004e+03
-2.4178774414e+03
-2.4117167969e+03
-2.4117167969e+03
-2.4178774414e+03
-2.4094104004e+03
5.7502752686e+02
5.7167382812e+02
5.7405029297e+02
5.7405029297e+02
5.7167382812e+02
5.7502752686e+02
2.9063058472e+02
2.9321493530e+02
2.9565924072e+02
2.9565924072e+02
2.9321493530e+02
2.9063058472e+02
1.5574601173e+01
1.6529325485e+01
1.8561664581e+01
1.8561666489e+01
1.6529325485e+01
1.5574602127e+01
-2.5998672485e+02
-2.5821194458e+02
-2.5867050171e+02
-2.5867050171e+02
-2.5821194458e+02
-2.5998672485e+02
-5.3502581787e+02
-5.3266381836e+02
-5.3455993652e+02
-5.3455993652e+02
-5.3266381836e+02
-5.3502581787e+02
-8.1026580811e+02
-8.0669885254e+02
-8.1048205566e+02
-8.1048205566e+02
-8.0669885254e+02
-8.1026580811e+02
-1.0854638672e+03
-1.0808594971e+03
-1.0863441162e+03
-1.0863441162e+03
-1.0808594971e+03
-1.0854638672e+03
-1.3607874756e+03
-1.3552651367e+03
-1.3620391846e+03
-1.3620391846e+03
-1.3552651367e+03
-1.3607874756e+03
-1.6360709229e+03
-1.6297357178e+03
-1.6388327637e+03
-1.6388327637e+03
-1.6297357178e+03
-1.6360709229e+03
-1.9113865967e+03
-1.9042714844e+03
-1.9151159668e+03
-1.9151159668e+03
-1.9042714844e+03
-1.9113865967e+03
-2.1847880859e+03
-2.1802260742e+03
-2.1926166992e+03
-2.1926166992e+03
-2.1802260742e+03
-2.1847880859e+03
-2.4730810547e+03
-2.4598789062e+03
-2.4688627930e+03
-2.4688627930e+03
-2.4598789062e+03
-2.4730810547e+03
6.1646215820e+02
6.2269079590e+02
6.1424731445e+02
6.1424731445e+02
6.2269079590e+02
6.1646215820e+02
3.2823095703e+02
3.3558276367e+02
3.3038702393e+02
3.3038702393e+02
3.3558276367e+02
3.2823095703e+02
4.5799949646e+01
4.7860698700e+01
4.7049648285e+01
4.7049648285e+01
4.7860698700e+01
4.5799949646e+01
-2.3732513428e+02
-2.3766177368e+02
-2.3517370605e+02
-2.3517370605e+02
-2.3766177368e+02
-2.3732513428e+02
-5.1990338135e+02
-5.2271398926e+02
-5.1709912109e+02
-5.1709912109e+02
-5.2271398926e+02
-5.1990338135e+02
-8.0233215332e+02
-8.0759075928e+02
-7.9856158447e+02
-7.9856152344e+02
-8.0759069824e+02
-8.0233215332e+02
-1.0850856934e+03
-1.0926463623e+03
-1.0802294922e+03
-1.0802294922e+03
-1.0926463623e+03
-1.0850856934e+03
-1.3686103516e+03
-1.3783371582e+03
-1.3628492432e+03
-1.3628492432e+03
-1.3783371582e+03
-1.3686103516e+03
-1.6532384033e+03
-1.6653483887e+03
-1.6460047607e+03
-1.6460047607e+03
-1.6653483887e+03
-1.6532382812e+03
-1.9392030029e+03
-1.9533837891e+03
-1.9313074951e+03
-1.9313074951e+03
-1.9533837891e+03
-1.9392028809e+03
-2.2237675781e+03
-2.2430810547e+03
-2.2167526855e+03
-2.2167526855e+03
-2.2430810547e+03
-2.2237673340e+03
-2.5085229492e+03
-2.5280798340e+03
-2.5028854980e+03
-2.5028854980e+03
-2.5280798340e+03
-2.5085229492e+03
6.6344012451e+02
6.4990252686e+02
6.6091265869e+02
6.6091265869e+02
6.4990252686e+02
6.6344018555e+02
3.6471340942e+02
3.5957907104e+02
3.6737084961e+02
3.6737088013e+02
3.5957907104e+02
3.6471343994e+02
7.2403289795e+01
7.0714668274e+01
7.3638053894e+01
7.3638053894e+01
7.0714675903e+01
7.2403297424e+01
-2.1856887817e+02
-2.1596495056e+02
-2.2058529663e+02
-2.2058529663e+02
-2.1596493530e+02
-2.1856887817e+02
-5.0845449829e+02
-5.0204190063e+02
-5.1400555420e+02
-5.1400555420e+02
-5.0204190063e+02
-5.0845449829e+02
-7.9815625000e+02
-7.8773516846e+02
-8.0736108398e+02
-8.0736108398e+02
-7.8773516846e+02
-7.9815625000e+02
-1.0878303223e+03
-1.0735506592e+03
-1.1007962646e+03
-1.1007962646e+03
-1.0735506592e+03
-1.0878303223e+03
-1.3779812012e+03
-1.3599168701e+03
-1.3945637207e+03
-1.3945638428e+03
-1.3599168701e+03
-1.3779812012e+03
-1.6694180908e+03
-1.6475644531e+03
-1.6899168701e+03
-1.6899168701e+03
-1.6475644531e+03
-1.6694180908e+03
-1.9642443848e+03
-1.9380017090e+03
-1.9868850098e+03
-1.9868850098e+03
-1.9380017090e+03
-1.9642443848e+03
-2.2652172852e+03
-2.2342165527e+03
-2.2866699219e+03
-2.2866699219e+03
-2.2342165527e+03
-2.2652172852e+03
-2.5715065918e+03
-2.5359577637e+03
-2.5900449219e+03
-2.5900449219e+03
-2.5359577637e+03
-2.5715068359e+03
6.7797747803e+02
7.1321759033e+02
7.0010998535e+02
7.0010998535e+02
7.1321759033e+02
6.7797747803e+02
3.7532870483e+02
4.0582156372e+02
3.9965591431e+02
3.9965591431e+02
4.0582156372e+02
3.7532867432e+02
9.0078918457e+01
9.8217689514e+01
9.7465530396e+01
9.7465530396e+01
9.8217689514e+01
9.0078918457e+01
-1.9535336304e+02
-2.0697615051e+02
-2.0452189636e+02
-2.0452189636e+02
-2.0697613525e+02
-1.9535334778e+02
-4.8011578369e+02
-5.1201873779e+02
-5.0614797974e+02
-5.0614797974e+02
-5.1201873779e+02
-4.8011575317e+02
-7.6467645264e+02
-8.1677575684e+02
-8.0736517334e+02
-8.0736517334e+02
-8.1677575684e+02
-7.6467639160e+02
-1.0490028076e+03
-1.1213543701e+03
-1.1084036865e+03
-1.1084036865e+03
-1.1213543701e+03
-1.0490028076e+03
-1.3331228027e+03
-1.4257847900e+03
-1.4096113281e+03
-1.4096113281e+03
-1.4257847900e+03
-1.3331226807e+03
-1.6168133545e+03
-1.7303859863e+03
-1.7108281250e+03
-1.7108281250e+03
-1.7303859863e+03
-1.6168132324e+03
-1.9010163574e+03
-2.0351700439e+03
-2.0136746826e+03
-2.0136746826e+03
-2.0351700439e+03
-1.9010162354e+03
-2.1864472656e+03
-2.3452514648e+03
-2.3182468262e+03
-2.3182468262e+03
-2.3452514648e+03
-2.1864470215e+03
-2.5153144531e+03
-2.6661801758e+03
-2.6246452637e+03
-2.6246452637e+03
-2.6661799316e+03
-2.5153142090e+03
7.4815673828e+02
7.2201617432e+02
7.2508795166e+02
7.2508795166e+02
7.2201623535e+02
7.4815673828e+02
4.3523605347e+02
4.1864419556e+02
4.1955053711e+02
4.1955053711e+02
4.1864419556e+02
4.3523608398e+02
1.2110092926e+02
1.1640872955e+02
1.1788265228e+02
1.1788265991e+02
1.1640873718e+02
1.2110093689e+02
-1.9467514038e+02
-1.8399470520e+02
-1.8247552490e+02
-1.8247552490e+02
-1.8399470520e+02
-1.9467514038e+02
-5.1042770386e+02
-4.8394073486e+02
-4.8162878418e+02
-4.8162878418e+02
-4.8394073486e+02
-5.1042770386e+02
-8.2642413330e+02
-7.8357305908e+02
-7.8041699219e+02
-7.8041699219e+02
-7.8357305908e+02
-8.2642413330e+02
-1.1425936279e+03
-1.0832326660e+03
-1.0790983887e+03
-1.0790983887e+03
-1.0832326660e+03
-1.1425936279e+03
-1.4589722900e+03
-1.3829993896e+03
-1.3777551270e+03
-1.3777551270e+03
-1.3829993896e+03
-1.4589722900e+03
-1.7752399902e+03
-1.6827724609e+03
-1.6766611328e+03
-1.6766611328e+03
-1.6827725830e+03
-1.7752401123e+03
-2.0904597168e+03
-1.9817138672e+03
-1.9750245361e+03
-1.9750245361e+03
-1.9817138672e+03
-2.0904597168e+03
-2.3996591797e+03
-2.2783554688e+03
-2.2722895508e+03
-2.2722895508e+03
-2.2783554688e+03
-2.3996594238e+03
-2.6875310059e+03
-2.5660505371e+03
-2.5685461426e+03
-2.5685461426e+03
-2.5660505371e+03
-2.6875310059e+03
7.7078479004e+02
7.4530786133e+02
7.4801971436e+02
7.4801977539e+02
7.4530786133e+02
7.7078485107e+02
4.5370013428e+02
4.3794723511e+02
4.3884609985e+02
4.3884609985e+02
4.3794726562e+02
4.5370016479e+02
1.3578636169e+02
1.3174276733e+02
1.3299085999e+02
1.3299085999e+02
1.3174278259e+02
1.3578637695e+02
-1.8394209290e+02
-1.7264764404e+02
-1.7126510620e+02
-1.7126510620e+02
-1.7264762878e+02
-1.8394209290e+02
-5.0379141235e+02
-4.7667700195e+02
-4.7463278198e+02
-4.7463278198e+02
-4.7667700195e+02
-5.0379144287e+02
-8.2392974854e+02
-7.8051104736e+02
-7.7756719971e+02
-7.7756719971e+02
-7.8051104736e+02
-8.2392974854e+02
-1.1443829346e+03
-1.0844428711e+03
-1.0804713135e+03
-1.0804713135e+03
-1.0844428711e+03
-1.1443829346e+03
-1.4651978760e+03
-1.3886030273e+03
-1.3836448975e+03
-1.3836448975e+03
-1.3886030273e+03
-1.4651978760e+03
-1.7860599365e+03
-1.6929110107e+03
-1.6868233643e+03
-1.6868233643e+03
-1.6929110107e+03
-1.7860600586e+03
-2.1061882324e+03
-1.9965960693e+03
-1.9899803467e+03
-1.9899803467e+03
-1.9965961914e+03
-2.1061882324e+03
-2.4208674316e+03
-2.2980041504e+03
-2.2912958984e+03
-2.2912958984e+03
-2.2980043945e+03
-2.4208674316e+03
-2.7128356934e+03
-2.5889191895e+03
-2.5916794434e+03
-2.5916794434e+03
-2.5889191895e+03
-2.7128356934e+03
7.4644659424e+02
7.8188122559e+02
7.6879327393e+02
7.6879327393e+02
7.8188122559e+02
7.4644659424e+02
4.3153341675e+02
4.6278417969e+02
4.5665588379e+02
4.5665585327e+02
4.6278417969e+02
4.3153338623e+02
1.3435487366e+02
1.4325280762e+02
1.4281033325e+02
1.4281033325e+02
1.4325280762e+02
1.3435487366e+02
-1.6312748718e+02
-1.7399559021e+02
-1.7141722107e+02
-1.7141722107e+02
-1.7399559021e+02
-1.6312747192e+02
-4.6005114746e+02
-4.9126794434e+02
-4.8516290283e+02
-4.8516290283e+02
-4.9126794434e+02
-4.6005111694e+02
-7.5705615234e+02
-8.0842779541e+02
-7.9887158203e+02
-7.9887152100e+02
-8.0842773438e+02
-7.5705615234e+02
-1.0540471191e+03
-1.1257032471e+03
-1.1126617432e+03
-1.1126616211e+03
-1.1257031250e+03
-1.0540471191e+03
-1.3511218262e+03
-1.4431336670e+03
-1.4266993408e+03
-1.4266993408e+03
-1.4431336670e+03
-1.3511217041e+03
-1.6481597900e+03
-1.7610595703e+03
-1.7414375000e+03
-1.7414375000e+03
-1.7610594482e+03
-1.6481596680e+03
-1.9460552979e+03
-2.0794284668e+03
-2.0575654297e+03
-2.0575654297e+03
-2.0794284668e+03
-1.9460551758e+03
-2.2452106934e+03
-2.4033925781e+03
-2.3761877441e+03
-2.3761877441e+03
-2.4033925781e+03
-2.2452104492e+03
-2.5881591797e+03
-2.7383344727e+03
-2.6961313477e+03
-2.6961313477e+03
-2.7383342285e+03
-2.5881589355e+03
7.7688848877e+02
7.6314019775e+02
7.7402691650e+02
7.7402691650e+02
7.6314025879e+02
7.7688848877e+02
4.5794299316e+02
4.5310260010e+02
4.6111376953e+02
4.6111376953e+02
4.5310260010e+02
4.5794299316e+02
1.4578930664e+02
1.4433868408e+02
1.4746035767e+02
1.4746035767e+02
1.4433868408e+02
1.4578932190e+02
-1.6511752319e+02
-1.6225260925e+02
-1.6646005249e+02
-1.6646005249e+02
-1.6225259399e+02
-1.6511752319e+02
-4.7517028809e+02
-4.6846255493e+02
-4.8018078613e+02
-4.8018078613e+02
-4.6846255493e+02
-4.7517028809e+02
-7.8523553467e+02
-7.7463549805e+02
-7.9393792725e+02
-7.9393792725e+02
-7.7463549805e+02
-7.8523553467e+02
-1.0956644287e+03
-1.0812406006e+03
-1.1081369629e+03
-1.1081369629e+03
-1.0812406006e+03
-1.0956644287e+03
-1.4069812012e+03
-1.3887862549e+03
-1.4233439941e+03
-1.4233439941e+03
-1.3887863770e+03
-1.4069812012e+03
-1.7198999023e+03
-1.6980977783e+03
-1.7401638184e+03
-1.7401639404e+03
-1.6980977783e+03
-1.7198999023e+03
-2.0366074219e+03
-2.0107288818e+03
-2.0598491211e+03
-2.0598491211e+03
-2.0107288818e+03
-2.0366074219e+03
-2.3597229004e+03
-2.3298293457e+03
-2.3824589844e+03
-2.3824589844e+03
-2.3298293457e+03
-2.3597229004e+03
-2.6897111816e+03
-2.6559602051e+03
-2.7104033203e+03
-2.7104033203e+03
-2.6559602051e+03
-2.6897114258e+03
7.7236962891e+02
7.7870666504e+02
7.7016503906e+02
7.7016503906e+02
7.7870666504e+02
7.7236962891e+02
4.5675534058e+02
4.6427154541e+02
4.5885693359e+02
4.5885693359e+02
4.6427154541e+02
4.5675534058e+02
1.4734243774e+02
1.4922047424e+02
1.4853094482e+02
1.4853094482e+02
1.4922048950e+02
1.4734245300e+02
-1.6318019104e+02
-1.6374700928e+02
-1.6146563721e+02
-1.6146563721e+02
-1.6374699402e+02
-1.6318017578e+02
-4.7334933472e+02
-4.7656109619e+02
-4.7095547485e+02
-4.7095547485e+02
-4.7656109619e+02
-4.7334933472e+02
-7.8387292480e+02
-7.8947485352e+02
-7.8063128662e+02
-7.8063128662e+02
-7.8947485352e+02
-7.8387292480e+02
-1.0951047363e+03
-1.1030994873e+03
-1.0909771729e+03
-1.0909771729e+03
-1.1030994873e+03
-1.0951046143e+03
-1.4076085205e+03
-1.4179638672e+03
-1.4025487061e+03
-1.4025487061e+03
-1.4179638672e+03
-1.4076085205e+03
-1.7219519043e+03
-1.7347774658e+03
-1.7159665527e+03
-1.7159665527e+03
-1.7347774658e+03
-1.7219519043e+03
-2.0384322510e+03
-2.0534284668e+03
-2.0315725098e+03
-2.0315723877e+03
-2.0534284668e+03
-2.0384321289e+03
-2.3546662598e+03
-2.3750764160e+03
-2.3491711426e+03
-2.3491711426e+03
-2.3750764160e+03
-2.3546660156e+03
-2.6733146973e+03
-2.6927377930e+03
-2.6677687988e+03
-2.6677687988e+03
-2.6927377930e+03
-2.6733146973e+03
7.7130804443e+02
7.6774670410e+02
7.6984686279e+02
7.6984686279e+02
7.6774670410e+02
7.7130804443e+02
4.5217187500e+02
4.5513388062e+02
4.5763778687e+02
4.5763778687e+02
4.5513388062e+02
4.5217187500e+02
1.4309167480e+02
1.4399246216e+02
1.4579841614e+02
1.4579841614e+02
1.4399246216e+02
1.4309167480e+02
-1.6679237366e+02
-1.6523620605e+02
-1.6564805603e+02
-1.6564804077e+02
-1.6523619080e+02
-1.6679235840e+02
-4.7665563965e+02
-4.7449679565e+02
-4.7672540283e+02
-4.7672540283e+02
-4.7449679565e+02
-4.7665563965e+02
-7.8705017090e+02
-7.8395910645e+02
-7.8792022705e+02
-7.8792022705e+02
-7.8395910645e+02
-7.8705017090e+02
-1.0981135254e+03
-1.0940545654e+03
-1.0996784668e+03
-1.0996784668e+03
-1.0940545654e+03
-1.0981135254e+03
-1.4101124268e+03
-1.4050491943e+03
-1.4124033203e+03
-1.4124033203e+03
-1.4050491943e+03
-1.4101124268e+03
-1.7228067627e+03
-1.7171275635e+03
-1.7263021240e+03
-1.7263021240e+03
-1.7171275635e+03
-1.7228067627e+03
-2.0367229004e+03
-2.0303045654e+03
-2.0418651123e+03
-2.0418651123e+03
-2.0303045654e+03
-2.0367229004e+03
-2.3496911621e+03
-2.3461115723e+03
-2.3585261230e+03
-2.3585261230e+03
-2.3461115723e+03
-2.3496911621e+03
-2.6793542480e+03
-2.6671135254e+03
-2.6761242676e+03
-2.6761242676e+03
-2.6671135254e+03
-2.6793542480e+03
7.5486981201e+02
7.5704730225e+02
7.5390447998e+02
7.5390447998e+02
7.5704730225e+02
7.5486981201e+02
4.4146826172e+02
4.4619223022e+02
4.4459237671e+02
4.4459237671e+02
4.4619223022e+02
4.4146826172e+02
1.3409307861e+02
1.3548429871e+02
1.3612777710e+02
1.3612779236e+02
1.3548431396e+02
1.3409307861e+02
-1.7315347290e+02
-1.7291796875e+02
-1.7211471558e+02
-1.7211471558e+02
-1.7291796875e+02
-1.7315345764e+02
-4.7999774170e+02
-4.8108618164e+02
-4.7983267212e+02
-4.7983264160e+02
-4.8108618164e+02
-4.7999774170e+02
-7.8715301514e+02
-7.8933068848e+02
-7.8764776611e+02
-7.8764776611e+02
-7.8933068848e+02
-7.8715301514e+02
-1.0947901611e+03
-1.0980457764e+03
-1.0958901367e+03
-1.0958901367e+03
-1.0980457764e+03
-1.0947901611e+03
-1.4031395264e+03
-1.4075167236e+03
-1.4049382324e+03
-1.4049382324e+03
-1.4075167236e+03
-1.4031395264e+03
-1.7125883789e+03
-1.7182666016e+03
-1.7152435303e+03
-1.7152435303e+03
-1.7182666016e+03
-1.7125883789e+03
-2.0235660400e+03
-2.0305373535e+03
-2.0272607422e+03
-2.0272607422e+03
-2.0305373535e+03
-2.0235659180e+03
-2.3377541504e+03
-2.3471250000e+03
-2.3410234375e+03
-2.3410234375e+03
-2.3471250000e+03
-2.3377541504e+03
-2.6546882324e+03
-2.6636491699e+03
-2.6575446777e+03
-2.6575446777e+03
-2.6636491699e+03
-2.6546882324e+03
7.3401898193e+02
7.3271612549e+02
7.3228863525e+02
7.3228863525e+02
7.3271612549e+02
7.3401898193e+02
4.2244155884e+02
4.2645977783e+02
4.2696136475e+02
4.2696136475e+02
4.2645977783e+02
4.2244158936e+02
1.1995662689e+02
1.2088955688e+02
1.2192816925e+02
1.2192816925e+02
1.2088956451e+02
1.1995663452e+02
-1.8358122253e+02
-1.8275308228e+02
-1.8264093018e+02
-1.8264093018e+02
-1.8275306702e+02
-1.8358122253e+02
-4.8677047729e+02
-4.8627166748e+02
-4.8677874756e+02
-4.8677874756e+02
-4.8627166748e+02
-4.8677047729e+02
-7.9020910645e+02
-7.8976562500e+02
-7.9088708496e+02
-7.9088708496e+02
-7.8976562500e+02
-7.9020904541e+02
-1.0941097412e+03
-1.0937396240e+03
-1.0954304199e+03
-1.0954304199e+03
-1.0937396240e+03
-1.0941097412e+03
-1.3988861084e+03
-1.3985527344e+03
-1.4008507080e+03
-1.4008507080e+03
-1.3985527344e+03
-1.3988861084e+03
-1.7045670166e+03
-1.7046092529e+03
-1.7075111084e+03
-1.7075111084e+03
-1.7046092529e+03
-1.7045670166e+03
-2.0123052979e+03
-2.0122279053e+03
-2.0160751953e+03
-2.0160751953e+03
-2.0122279053e+03
-2.0123052979e+03
-2.3184470215e+03
-2.3225375977e+03
-2.3263576660e+03
-2.3263576660e+03
-2.3225375977e+03
-2.3184470215e+03
-2.6392390137e+03
-2.6357856445e+03
-2.6379494629e+03
-2.6379494629e+03
-2.6357856445e+03
-2.6392390137e+03
7.0231408691e+02
7.0314099121e+02
7.0123309326e+02
7.0123309326e+02
7.0314105225e+02
7.0231414795e+02
3.9777447510e+02
4.0189511108e+02
4.0130853271e+02
4.0130853271e+02
4.0189511108e+02
3.9777447510e+02
9.9930610657e+01
1.0124672699e+02
1.0216710663e+02
1.0216710663e+02
1.0124672699e+02
9.9930618286e+01
-1.9784960938e+02
-1.9727017212e+02
-1.9678591919e+02
-1.9678591919e+02
-1.9727017212e+02
-1.9784959412e+02
-4.9531039429e+02
-4.9552896118e+02
-4.9514230347e+02
-4.9514230347e+02
-4.9552893066e+02
-4.9531039429e+02
-7.9307263184e+02
-7.9386444092e+02
-7.9357006836e+02
-7.9357006836e+02
-7.9386444092e+02
-7.9307263184e+02
-1.0912814941e+03
-1.0926254883e+03
-1.0923764648e+03
-1.0923764648e+03
-1.0926254883e+03
-1.0912814941e+03
-1.3901923828e+03
-1.3921308594e+03
-1.3919859619e+03
-1.3919859619e+03
-1.3921308594e+03
-1.3901923828e+03
-1.6901699219e+03
-1.6928870850e+03
-1.6928551025e+03
-1.6928551025e+03
-1.6928870850e+03
-1.6901699219e+03
-1.9911890869e+03
-1.9949128418e+03
-1.9954101562e+03
-1.9954101562e+03
-1.9949128418e+03
-1.9911890869e+03
-2.2952021484e+03
-2.3009584961e+03
-2.2995166016e+03
-2.2995166016e+03
-2.3009584961e+03
-2.2952021484e+03
-2.6042709961e+03
-2.6085095215e+03
-2.6058940430e+03
-2.6058940430e+03
-2.6085095215e+03
-2.6042709961e+03
6.6404284668e+02
6.6360797119e+02
6.6263366699e+02
6.6263366699e+02
6.6360797119e+02
6.6404284668e+02
3.6545721436e+02
3.6958026123e+02
3.6960647583e+02
3.6960647583e+02
3.6958026123e+02
3.6545724487e+02
7.5004615784e+01
7.6083580017e+01
7.7021911621e+01
7.7021911621e+01
7.6083587646e+01
7.5004623413e+01
-2.1607141113e+02
-2.1528538513e+02
-2.1495880127e+02
-2.1495880127e+02
-2.1528538513e+02
-2.1607139587e+02
-5.0672265625e+02
-5.0649053955e+02
-5.0651074219e+02
-5.0651074219e+02
-5.0649053955e+02
-5.0672265625e+02
-7.9751928711e+02
-7.9756494141e+02
-7.9793420410e+02
-7.9793420410e+02
-7.9756494141e+02
-7.9751928711e+02
-1.0887083740e+03
-1.0890534668e+03
-1.0897318115e+03
-1.0897318115e+03
-1.0890534668e+03
-1.0887083740e+03
-1.3806588135e+03
-1.3812777100e+03
-1.3823040771e+03
-1.3823040771e+03
-1.3812777100e+03
-1.3806588135e+03
-1.6733666992e+03
-1.6745977783e+03
-1.6759865723e+03
-1.6759865723e+03
-1.6745977783e+03
-1.6733666992e+03
-1.9682236328e+03
-1.9695158691e+03
-1.9714486084e+03
-1.9714486084e+03
-1.9695158691e+03
-1.9682236328e+03
-2.2620368652e+03
-2.2672456055e+03
-2.2685544434e+03
-2.2685544434e+03
-2.2672456055e+03
-2.2620368652e+03
-2.5678681641e+03
-2.5669458008e+03
-2.5673559570e+03
-2.5673559570e+03
-2.5669458008e+03
-2.5678681641e+03
6.1657592773e+02
6.1697436523e+02
6.1551599121e+02
6.1551599121e+02
6.1697436523e+02
6.1657598877e+02
3.2691311646e+02
3.3089630127e+02
3.3063796997e+02
3.3063796997e+02
3.3089630127e+02
3.2691311646e+02
4.4411792755e+01
4.5707454681e+01
4.6668144226e+01
4.6668148041e+01
4.5707462311e+01
4.4411804199e+01
-2.3820777893e+02
-2.3749496460e+02
-2.3705619812e+02
-2.3705619812e+02
-2.3749496460e+02
-2.3820777893e+02
-5.2029730225e+02
-5.2022332764e+02
-5.1998919678e+02
-5.1998919678e+02
-5.2022332764e+02
-5.2029730225e+02
-8.0257757568e+02
-8.0294610596e+02
-8.0291442871e+02
-8.0291442871e+02
-8.0294610596e+02
-8.0257757568e+02
-1.0851448975e+03
-1.0859343262e+03
-1.0860609131e+03
-1.0860609131e+03
-1.0859343262e+03
-1.0851448975e+03
-1.3682840576e+03
-1.3695275879e+03
-1.3698674316e+03
-1.3698674316e+03
-1.3695275879e+03
-1.3682840576e+03
-1.6524122314e+03
-1.6542794189e+03
-1.6548133545e+03
-1.6548133545e+03
-1.6542794189e+03
-1.6524122314e+03
-1.9373764648e+03
-1.9400717773e+03
-1.9412692871e+03
-1.9412692871e+03
-1.9400717773e+03
-1.9373764648e+03
-2.2245461426e+03
-2.2294167480e+03
-2.2292111816e+03
-2.2292111816e+03
-2.2294167480e+03
-2.2245461426e+03
-2.5179331055e+03
-2.5205222168e+03
-2.5189182129e+03
-2.5189182129e+03
-2.5205222168e+03
-2.5179331055e+03
5.6152453613e+02
5.6151513672e+02
5.6042205811e+02
5.6042205811e+02
5.6151513672e+02
5.6152453613e+02
2.8144439697e+02
2.8542126465e+02
2.8536209106e+02
2.8536209106e+02
2.8542129517e+02
2.8144439697e+02
8.6660118103e+00
9.8799219131e+00
1.0819767952e+01
1.0819770813e+01
9.8799285889e+00
8.6660223007e+00
-2.6413018799e+02
-2.6326641846e+02
-2.6285919189e+02
-2.6285919189e+02
-2.6326641846e+02
-2.6413018799e+02
-5.3649694824e+02
-5.3621966553e+02
-5.3608258057e+02
-5.3608258057e+02
-5.3621966553e+02
-5.3649688721e+02
-8.0877142334e+02
-8.0880987549e+02
-8.0894586182e+02
-8.0894586182e+02
-8.0880987549e+02
-8.0877142334e+02
-1.0812805176e+03
-1.0816594238e+03
-1.0820325928e+03
-1.0820325928e+03
-1.0816594238e+03
-1.0812805176e+03
-1.3543531494e+03
-1.3550566406e+03
-1.3557042236e+03
-1.3557042236e+03
-1.3550566406e+03
-1.3543531494e+03
-1.6279272461e+03
-1.6292711182e+03
-1.6302353516e+03
-1.6302353516e+03
-1.6292711182e+03
-1.6279272461e+03
-1.9033818359e+03
-1.9049210205e+03
-1.9063513184e+03
-1.9063513184e+03
-1.9049210205e+03
-1.9033818359e+03
-2.1781684570e+03
-2.1831728516e+03
-2.1837568359e+03
-2.1837568359e+03
-2.1831728516e+03
-2.1781684570e+03
-2.4630393066e+03
-2.4630339355e+03
-2.4629042969e+03
-2.4629042969e+03
-2.4630339355e+03
-2.4630393066e+03
4.9831097412e+02
4.9854440308e+02
4.9738070679e+02
4.9738070679e+02
4.9854443359e+02
4.9831097412e+02
2.2936888123e+02
2.3325210571e+02
2.3314825439e+02
2.3314825439e+02
2.3325212097e+02
2.2936888123e+02
-3.2152076721e+01
-3.0832439423e+01
-2.9872444153e+01
-2.9872442245e+01
-3.0832431793e+01
-3.2152065277e+01
-2.9395104980e+02
-2.9311416626e+02
-2.9263162231e+02
-2.9263162231e+02
-2.9311416626e+02
-2.9395101929e+02
-5.5482360840e+02
-5.5453930664e+02
-5.5427484131e+02
-5.5427484131e+02
-5.5453930664e+02
-5.5482360840e+02
-8.1574908447e+02
-8.1585131836e+02
-8.1580438232e+02
-8.1580438232e+02
-8.1585131836e+02
-8.1574908447e+02
-1.0767039795e+03
-1.0771702881e+03
-1.0773004150e+03
-1.0773004150e+03
-1.0771702881e+03
-1.0767039795e+03
-1.3379808350e+03
-1.3388382568e+03
-1.3391994629e+03
-1.3391994629e+03
-1.3388382568e+03
-1.3379808350e+03
-1.6000412598e+03
-1.6014635010e+03
-1.6020214844e+03
-1.6020214844e+03
-1.6014635010e+03
-1.6000411377e+03
-1.8626776123e+03
-1.8647768555e+03
-1.8659693604e+03
-1.8659693604e+03
-1.8647768555e+03
-1.8626776123e+03
-2.1268840332e+03
-2.1312104492e+03
-2.1312910156e+03
-2.1312910156e+03
-2.1312104492e+03
-2.1268840332e+03
-2.3972758789e+03
-2.3990722656e+03
-2.3978823242e+03
-2.3978823242e+03
-2.3990722656e+03
-2.3972758789e+03
4.2725274658e+02
4.2756716919e+02
4.2647677612e+02
4.2647677612e+02
4.2756716919e+02
4.2725274658e+02
1.7127122498e+02
1.7502294922e+02
1.7498925781e+02
1.7498925781e+02
1.7502296448e+02
1.7127124023e+02
-7.8314399719e+01
-7.6971992493e+01
-7.6016723633e+01
-7.6016716003e+01
-7.6971992493e+01
-7.8314392090e+01
-3.2715625000e+02
-3.2615902710e+02
-3.2569931030e+02
-3.2569931030e+02
-3.2615902710e+02
-3.2715621948e+02
-5.7562615967e+02
-5.7519079590e+02
-5.7495623779e+02
-5.7495623779e+02
-5.7519079590e+02
-5.7562615967e+02
-8.2363476562e+02
-8.2350085449e+02
-8.2349871826e+02
-8.2349871826e+02
-8.2350085449e+02
-8.2363476562e+02
-1.0716477051e+03
-1.0718436279e+03
-1.0720443115e+03
-1.0720443115e+03
-1.0718436279e+03
-1.0716477051e+03
-1.3199483643e+03
-1.3204663086e+03
-1.3209036865e+03
-1.3209036865e+03
-1.3204663086e+03
-1.3199483643e+03
-1.5684017334e+03
-1.5695114746e+03
-1.5702368164e+03
-1.5702368164e+03
-1.5695114746e+03
-1.5684017334e+03
-1.8183857422e+03
-1.8197745361e+03
-1.8209327393e+03
-1.8209327393e+03
-1.8197745361e+03
-1.8183857422e+03
-2.0676313477e+03
-2.0720595703e+03
-2.0723735352e+03
-2.0723735352e+03
-2.0720595703e+03
-2.0676313477e+03
-2.3254760742e+03
-2.3257268066e+03
-2.3254086914e+03
-2.3254086914e+03
-2.3257268066e+03
-2.3254760742e+03
3.4913085938e+02
3.4924996948e+02
3.4837924194e+02
3.4837924194e+02
3.4924996948e+02
3.4913085938e+02
1.0638458252e+02
1.1012156677e+02
1.1014924622e+02
1.1014924622e+02
1.1012157440e+02
1.0638459015e+02
-1.2864872742e+02
-1.2728461456e+02
-1.2633470154e+02
-1.2633470154e+02
-1.2728460693e+02
-1.2864871216e+02
-3.6422827148e+02
-3.6327944946e+02
-3.6272094727e+02
-3.6272094727e+02
-3.6327944946e+02
-3.6422827148e+02
-5.9829656982e+02
-5.9781762695e+02
-5.9746380615e+02
-5.9746380615e+02
-5.9781762695e+02
-5.9829656982e+02
-8.3228082275e+02
-8.3214422607e+02
-8.3199591064e+02
-8.3199591064e+02
-8.3214422607e+02
-8.3228082275e+02
-1.0659619141e+03
-1.0661459961e+03
-1.0661665039e+03
-1.0661665039e+03
-1.0661459961e+03
-1.0659619141e+03
-1.2996296387e+03
-1.3001562500e+03
-1.3003961182e+03
-1.3003961182e+03
-1.3001562500e+03
-1.2996296387e+03
-1.5338032227e+03
-1.5348548584e+03
-1.5352830811e+03
-1.5352830811e+03
-1.5348548584e+03
-1.5338032227e+03
-1.7680815430e+03
-1.7696843262e+03
-1.7706953125e+03
-1.7706953125e+03
-1.7696843262e+03
-1.7680815430e+03
-2.0035599365e+03
-2.0072867432e+03
-2.0073586426e+03
-2.0073586426e+03
-2.0072867432e+03
-2.0035599365e+03
-2.2443056641e+03
-2.2456791992e+03
-2.2446640625e+03
-2.2446640625e+03
-2.2456791992e+03
-2.2443056641e+03
2.6314910889e+02
2.6381753540e+02
2.6274856567e+02
2.6274856567e+02
2.6381753540e+02
2.6314910889e+02
3.6740619659e+01
4.0212203979e+01
4.0207214355e+01
4.0207214355e+01
4.0212207794e+01
3.6740627289e+01
-1.8456185913e+02
-1.8310627747e+02
-1.8214624023e+02
-1.8214624023e+02
-1.8310626221e+02
-1.8456184387e+02
-4.0402246094e+02
-4.0284887695e+02
-4.0235250854e+02
-4.0235250854e+02
-4.0284887695e+02
-4.0402246094e+02
-6.2332220459e+02
-6.2266607666e+02
-6.2236022949e+02
-6.2236022949e+02
-6.2266607666e+02
-6.2332220459e+02
-8.4167999268e+02
-8.4129351807e+02
-8.4118554688e+02
-8.4118554688e+02
-8.4129351807e+02
-8.4167999268e+02
-1.0597589111e+03
-1.0596689453e+03
-1.0597363281e+03
-1.0597363281e+03
-1.0596689453e+03
-1.0597589111e+03
-1.2777869873e+03
-1.2779920654e+03
-1.2782669678e+03
-1.2782669678e+03
-1.2779920654e+03
-1.2777869873e+03
-1.4955156250e+03
-1.4962340088e+03
-1.4967614746e+03
-1.4967614746e+03
-1.4962340088e+03
-1.4955156250e+03
-1.7144982910e+03
-1.7155417480e+03
-1.7164490967e+03
-1.7164490967e+03
-1.7155417480e+03
-1.7144982910e+03
-1.9322062988e+03
-1.9358881836e+03
-1.9360863037e+03
-1.9360863037e+03
-1.9358881836e+03
-1.9322062988e+03
-2.1573386230e+03
-2.1574716797e+03
-2.1571628418e+03
-2.1571628418e+03
-2.1574716797e+03
-2.1573386230e+03
1.7161538696e+02
1.7153083801e+02
1.7102415466e+02
1.7102415466e+02
1.7153085327e+02
1.7161538696e+02
-4.0005722046e+01
-3.6507045746e+01
-3.6286991119e+01
-3.6286987305e+01
-3.6507041931e+01
-4.0005714417e+01
-2.4322261047e+02
-2.4181739807e+02
-2.4087510681e+02
-2.4087509155e+02
-2.4181738281e+02
-2.4322259521e+02
-4.4769000244e+02
-4.4667687988e+02
-4.4602175903e+02
-4.4602175903e+02
-4.4667687988e+02
-4.4769000244e+02
-6.4978240967e+02
-6.4914776611e+02
-6.4865991211e+02
-6.4865991211e+02
-6.4914776611e+02
-6.4978240967e+02
-8.5167486572e+02
-8.5133074951e+02
-8.5102142334e+02
-8.5102142334e+02
-8.5133074951e+02
-8.5167486572e+02
-1.0529034424e+03
-1.0528371582e+03
-1.0526767578e+03
-1.0526767578e+03
-1.0528371582e+03
-1.0529034424e+03
-1.2537408447e+03
-1.2539729004e+03
-1.2540061035e+03
-1.2540061035e+03
-1.2539729004e+03
-1.2537407227e+03
-1.4547888184e+03
-1.4554962158e+03
-1.4557091064e+03
-1.4557091064e+03
-1.4554962158e+03
-1.4547888184e+03
-1.6551829834e+03
-1.6563210449e+03
-1.6570650635e+03
-1.6570650635e+03
-1.6563210449e+03
-1.6551829834e+03
-1.8567919922e+03
-1.8598358154e+03
-1.8597380371e+03
-1.8597380371e+03
-1.8598358154e+03
-1.8567919922e+03
-2.0619667969e+03
-2.0631579590e+03
-2.0621530762e+03
-2.0621530762e+03
-2.0631579590e+03
-2.0619667969e+03
7.2008041382e+01
7.3202301025e+01
7.2080261230e+01
7.2080261230e+01
7.3202301025e+01
7.2008049011e+01
-1.1950733185e+02
-1.1630918884e+02
-1.1640878296e+02
-1.1640878296e+02
-1.1630918884e+02
-1.1950732422e+02
-3.0815707397e+02
-3.0660153198e+02
-3.0570275879e+02
-3.0570272827e+02
-3.0660153198e+02
-3.0815707397e+02
-4.9311337280e+02
-4.9170352173e+02
-4.9121762085e+02
-4.9121762085e+02
-4.9170352173e+02
-4.9311337280e+02
-6.7845623779e+02
-6.7749591064e+02
-6.7718426514e+02
-6.7718426514e+02
-6.7749591064e+02
-6.7845623779e+02
-8.6233801270e+02
-8.6161248779e+02
-8.6147174072e+02
-8.6147174072e+02
-8.6161248779e+02
-8.6233801270e+02
-1.0456076660e+03
-1.0451312256e+03
-1.0451394043e+03
-1.0451394043e+03
-1.0451312256e+03
-1.0456076660e+03
-1.2284434814e+03
-1.2282135010e+03
-1.2283972168e+03
-1.2283972168e+03
-1.2282135010e+03
-1.2284434814e+03
-1.4104704590e+03
-1.4106683350e+03
-1.4110535889e+03
-1.4110535889e+03
-1.4106683350e+03
-1.4104704590e+03
-1.5937008057e+03
-1.5942504883e+03
-1.5949509277e+03
-1.5949509277e+03
-1.5942504883e+03
-1.5937008057e+03
-1.7745017090e+03
-1.7772535400e+03
-1.7775015869e+03
-1.7775015869e+03
-1.7772535400e+03
-1.7745017090e+03
-1.9620186768e+03
-1.9617119141e+03
-1.9615981445e+03
-1.9615981445e+03
-1.9617119141e+03
-1.9620186768e+03
-3.0809688568e+01
-3.1396549225e+01
-3.1328823090e+01
-3.1328823090e+01
-3.1396543503e+01
-3.0809679031e+01
-2.0725851440e+02
-2.0424096680e+02
-2.0355093384e+02
-2.0355093384e+02
-2.0424095154e+02
-2.0725849915e+02
-3.7332760620e+02
-3.7194406128e+02
-3.7086279297e+02
-3.7086279297e+02
-3.7194406128e+02
-3.7332760620e+02
-5.4247875977e+02
-5.4153161621e+02
-5.4066912842e+02
-5.4066912842e+02
-5.4153161621e+02
-5.4247875977e+02
-7.0799908447e+02
-7.0736962891e+02
-7.0661053467e+02
-7.0661053467e+02
-7.0736956787e+02
-7.0799908447e+02
-8.7317749023e+02
-8.7277954102e+02
-8.7214965820e+02
-8.7214965820e+02
-8.7277954102e+02
-8.7317749023e+02
-1.0374135742e+03
-1.0372486572e+03
-1.0367364502e+03
-1.0367364502e+03
-1.0372486572e+03
-1.0374135742e+03
-1.2009416504e+03
-1.2010306396e+03
-1.2006820068e+03
-1.2006820068e+03
-1.2010306396e+03
-1.2009416504e+03
-1.3643781738e+03
-1.3648546143e+03
-1.3646788330e+03
-1.3646788330e+03
-1.3648546143e+03
-1.3643781738e+03
-1.5260561523e+03
-1.5268337402e+03
-1.5270980225e+03
-1.5270980225e+03
-1.5268337402e+03
-1.5260561523e+03
-1.6897500000e+03
-1.6921909180e+03
-1.6916118164e+03
-1.6916118164e+03
-1.6921909180e+03
-1.6897500000e+03
-1.8542261963e+03
-1.8555369873e+03
-1.8543142090e+03
-1.8543142090e+03
-1.8555369873e+03
-1.8542261963e+03
-1.4300233459e+02
-1.4081903076e+02
-1.4243684387e+02
-1.4243684387e+02
-1.4081903076e+02
-1.4300233459e+02
-2.9397015381e+02
-2.9073907471e+02
-2.9156198120e+02
-2.9156198120e+02
-2.9073907471e+02
-2.9397015381e+02
-4.4679318237e+02
-4.4504342651e+02
-4.4472140503e+02
-4.4472140503e+02
-4.4504342651e+02
-4.4679315186e+02
-5.9239984131e+02
-5.9059643555e+02
-5.9052258301e+02
-5.9052258301e+02
-5.9059643555e+02
-5.9239984131e+02
-7.3941125488e+02
-7.3789892578e+02
-7.3798474121e+02
-7.3798474121e+02
-7.3789886475e+02
-7.3941125488e+02
-8.8468688965e+02
-8.8335583496e+02
-8.8360571289e+02
-8.8360571289e+02
-8.8335583496e+02
-8.8468688965e+02
-1.0289975586e+03
-1.0278604736e+03
-1.0282463379e+03
-1.0282463379e+03
-1.0278604736e+03
-1.0289975586e+03
-1.1724766846e+03
-1.1715380859e+03
-1.1720712891e+03
-1.1720712891e+03
-1.1715380859e+03
-1.1724766846e+03
-1.3147861328e+03
-1.3142269287e+03
-1.3149201660e+03
-1.3149201660e+03
-1.3142269287e+03
-1.3147860107e+03
-1.4586343994e+03
-1.4584239502e+03
-1.4594438477e+03
-1.4594438477e+03
-1.4584239502e+03
-1.4586343994e+03
-1.5977580566e+03
-1.5991638184e+03
-1.6001247559e+03
-1.6001247559e+03
-1.5991638184e+03
-1.5977580566e+03
-1.7442357178e+03
-1.7430450439e+03
-1.7436225586e+03
-1.7436225586e+03
-1.7430450439e+03
-1.7442357178e+03
-2.5335148621e+02
-2.5590538025e+02
-2.5463906860e+02
-2.5463906860e+02
-2.5590538025e+02
-2.5335147095e+02
-3.9222106934e+02
-3.9121902466e+02
-3.8914541626e+02
-3.8914541626e+02
-3.9121902466e+02
-3.9222103882e+02
-5.1501605225e+02
-5.1468145752e+02
-5.1263751221e+02
-5.1263751221e+02
-5.1468145752e+02
-5.1501605225e+02
-6.4545758057e+02
-6.4554992676e+02
-6.4382623291e+02
-6.4382623291e+02
-6.4554992676e+02
-6.4545758057e+02
-7.7102221680e+02
-7.7147399902e+02
-7.6982135010e+02
-7.6982135010e+02
-7.7147393799e+02
-7.7102221680e+02
-8.9575189209e+02
-8.9640960693e+02
-8.9480847168e+02
-8.9480847168e+02
-8.9640960693e+02
-8.9575189209e+02
-1.0192543945e+03
-1.0201021118e+03
-1.0185458374e+03
-1.0185458374e+03
-1.0201020508e+03
-1.0192543945e+03
-1.1417250977e+03
-1.1427664795e+03
-1.1413007812e+03
-1.1413007812e+03
-1.1427664795e+03
-1.1417250977e+03
-1.2635782471e+03
-1.2648769531e+03
-1.2635108643e+03
-1.2635108643e+03
-1.2648769531e+03
-1.2635782471e+03
-1.3824707031e+03
-1.3840466309e+03
-1.3828719482e+03
-1.3828719482e+03
-1.3840466309e+03
-1.3824707031e+03
-1.5061356201e+03
-1.5093267822e+03
-1.5072706299e+03
-1.5072706299e+03
-1.5093267822e+03
-1.5061356201e+03
-1.6254843750e+03
-1.6282374268e+03
-1.6261861572e+03
-1.6261861572e+03
-1.6282374268e+03
-1.6254843750e+03
-3.7772415161e+02
-3.7284286499e+02
-3.7640969849e+02
-3.7640969849e+02
-3.7284286499e+02
-3.7772415161e+02
-4.8009722900e+02
-4.7488507080e+02
-4.7848101807e+02
-4.7848101807e+02
-4.7488507080e+02
-4.8009722900e+02
-5.9732849121e+02
-5.9396917725e+02
-5.9646044922e+02
-5.9646044922e+02
-5.9396917725e+02
-5.9732849121e+02
-7.0076562500e+02
-6.9728051758e+02
-6.9956719971e+02
-6.9956719971e+02
-6.9728051758e+02
-7.0076556396e+02
-8.0590869141e+02
-8.0231182861e+02
-8.0455261230e+02
-8.0455261230e+02
-8.0231182861e+02
-8.0590869141e+02
-9.0951000977e+02
-9.0585607910e+02
-9.0818939209e+02
-9.0818939209e+02
-9.0585607910e+02
-9.0951000977e+02
-1.0118359375e+03
-1.0082288818e+03
-1.0107261353e+03
-1.0107261353e+03
-1.0082288818e+03
-1.0118359375e+03
-1.1128391113e+03
-1.1093670654e+03
-1.1121011963e+03
-1.1121011963e+03
-1.1093670654e+03
-1.1128391113e+03
-1.2123427734e+03
-1.2092226562e+03
-1.2122637939e+03
-1.2122637939e+03
-1.2092226562e+03
-1.2123427734e+03
-1.3130541992e+03
-1.3101102295e+03
-1.3137208252e+03
-1.3137208252e+03
-1.3101102295e+03
-1.3130541992e+03
-1.4043400879e+03
-1.4022144775e+03
-1.4059737549e+03
-1.4059737549e+03
-1.4022144775e+03
-1.4043400879e+03
-1.5088438721e+03
-1.5050546875e+03
-1.5076789551e+03
-1.5076789551e+03
-1.5050546875e+03
-1.5088438721e+03
-4.8334771729e+02
-4.8809777832e+02
-4.7891271973e+02
-4.7891268921e+02
-4.8809777832e+02
-4.8334768677e+02
-5.9161499023e+02
-5.9406158447e+02
-5.8353717041e+02
-5.8353717041e+02
-5.9406158447e+02
-5.9161499023e+02
-6.6657891846e+02
-6.6739263916e+02
-6.5638134766e+02
-6.5638134766e+02
-6.6739263916e+02
-6.6657891846e+02
-7.5778131104e+02
-7.5775616455e+02
-7.4692883301e+02
-7.4692883301e+02
-7.5775610352e+02
-7.5778131104e+02
-8.4527124023e+02
-8.4517388916e+02
-8.3432818604e+02
-8.3432818604e+02
-8.4517388916e+02
-8.4527124023e+02
-9.2972662354e+02
-9.2971643066e+02
-9.1880212402e+02
-9.1880212402e+02
-9.2971643066e+02
-9.2972662354e+02
-1.0099911499e+03
-1.0102854004e+03
-9.9926556396e+02
-9.9926556396e+02
-1.0102854004e+03
-1.0099911499e+03
-1.0863209229e+03
-1.0871312256e+03
-1.0760455322e+03
-1.0760455322e+03
-1.0871312256e+03
-1.0863209229e+03
-1.1599157715e+03
-1.1614586182e+03
-1.1503771973e+03
-1.1503771973e+03
-1.1614586182e+03
-1.1599157715e+03
-1.2305649414e+03
-1.2332668457e+03
-1.2223157959e+03
-1.2223157959e+03
-1.2332668457e+03
-1.2305649414e+03
-1.3114383545e+03
-1.3162336426e+03
-1.3053707275e+03
-1.3053707275e+03
-1.3162336426e+03
-1.3114383545e+03
-1.3747167969e+03
-1.3786624756e+03
-1.3692579346e+03
-1.3692579346e+03
-1.3786624756e+03
-1.3747167969e+03
-6.1182092285e+02
-5.9557641602e+02
-6.1401885986e+02
-6.1401885986e+02
-5.9557641602e+02
-6.1182098389e+02
-6.5557305908e+02
-6.3558508301e+02
-6.5337145996e+02
-6.5337145996e+02
-6.3558514404e+02
-6.5557305908e+02
-7.5118029785e+02
-7.3374664307e+02
-7.5220477295e+02
-7.5220483398e+02
-7.3374664307e+02
-7.5118029785e+02
-8.2562609863e+02
-8.0972845459e+02
-8.2895556641e+02
-8.2895556641e+02
-8.0972845459e+02
-8.2562609863e+02
-8.9342340088e+02
-8.7806628418e+02
-8.9794714355e+02
-8.9794714355e+02
-8.7806628418e+02
-8.9342340088e+02
-9.5542907715e+02
-9.4005078125e+02
-9.6041821289e+02
-9.6041821289e+02
-9.4005084229e+02
-9.5542907715e+02
-1.0134780884e+03
-9.9768029785e+02
-1.0183826294e+03
-1.0183826294e+03
-9.9768029785e+02
-1.0134780884e+03
-1.0673410645e+03
-1.0509033203e+03
-1.0717810059e+03
-1.0717810059e+03
-1.0509033203e+03
-1.0673410645e+03
-1.1152790527e+03
-1.0983095703e+03
-1.1191478271e+03
-1.1191478271e+03
-1.0983095703e+03
-1.1152790527e+03
-1.1572991943e+03
-1.1397896729e+03
-1.1604719238e+03
-1.1604719238e+03
-1.1397896729e+03
-1.1572991943e+03
-1.1836477051e+03
-1.1670859375e+03
-1.1866821289e+03
-1.1866821289e+03
-1.1670859375e+03
-1.1836477051e+03
-1.2442175293e+03
-1.2315297852e+03
-1.2506844482e+03
-1.2506844482e+03
-1.2315297852e+03
-1.2442175293e+03
-6.0878717041e+02
-6.7541607666e+02
-6.7667462158e+02
-6.7667462158e+02
-6.7541607666e+02
-6.0878710938e+02
-7.5437231445e+02
-8.2715527344e+02
-8.3091198730e+02
-8.3091198730e+02
-8.2715527344e+02
-7.5437225342e+02
-7.9534899902e+02
-8.7263397217e+02
-8.7588507080e+02
-8.7588507080e+02
-8.7263397217e+02
-7.9534893799e+02
-8.3184722900e+02
-9.1116271973e+02
-9.1461602783e+02
-9.1461602783e+02
-9.1116271973e+02
-8.3184722900e+02
-8.6673895264e+02
-9.4776672363e+02
-9.5107440186e+02
-9.5107440186e+02
-9.4776666260e+02
-8.6673889160e+02
-9.0366162109e+02
-9.8580688477e+02
-9.8885455322e+02
-9.8885455322e+02
-9.8580688477e+02
-9.0366156006e+02
-9.4137091064e+02
-1.0240961914e+03
-1.0267485352e+03
-1.0267485352e+03
-1.0240960693e+03
-9.4137084961e+02
-9.7831695557e+02
-1.0608571777e+03
-1.0630062256e+03
-1.0630062256e+03
-1.0608570557e+03
-9.7831689453e+02
-1.0127420044e+03
-1.0939257812e+03
-1.0954971924e+03
-1.0954971924e+03
-1.0939256592e+03
-1.0127419434e+03
-1.0396533203e+03
-1.1181927490e+03
-1.1191264648e+03
-1.1191264648e+03
-1.1181927490e+03
-1.0396533203e+03
-1.0576470947e+03
-1.1314178467e+03
-1.1322292480e+03
-1.1322292480e+03
-1.1314177246e+03
-1.0576470947e+03
-1.0079813232e+03
-1.0736967773e+03
-1.0708382568e+03
-1.0708382568e+03
-1.0736967773e+03
-1.0079812622e+03
-1.0320233154e+03
-1.0027800903e+03
-9.9960583496e+02
-9.9960577393e+02
-1.0027801514e+03
-1.0320234375e+03
-9.3572448730e+02
-9.0518395996e+02
-9.0339965820e+02
-9.0339965820e+02
-9.0518402100e+02
-9.3572448730e+02
-9.1341015625e+02
-8.8005218506e+02
-8.7924127197e+02
-8.7924127197e+02
-8.8005224609e+02
-9.1341015625e+02
-9.1416326904e+02
-8.7809906006e+02
-8.7709283447e+02
-8.7709283447e+02
-8.7809906006e+02
-9.1416326904e+02
-9.2890313721e+02
-8.9031072998e+02
-8.8877459717e+02
-8.8877459717e+02
-8.9031072998e+02
-9.2890313721e+02
-9.5021813965e+02
-9.0945281982e+02
-9.0729693604e+02
-9.0729693604e+02
-9.0945281982e+02
-9.5021813965e+02
-9.7416772461e+02
-9.3159338379e+02
-9.2876245117e+02
-9.2876245117e+02
-9.3159338379e+02
-9.7416772461e+02
-9.9767364502e+02
-9.5355603027e+02
-9.4991174316e+02
-9.4991174316e+02
-9.5355603027e+02
-9.9767364502e+02
-1.0179556885e+03
-9.7229730225e+02
-9.6756188965e+02
-9.6756188965e+02
-9.7229736328e+02
-1.0179557495e+03
-1.0337116699e+03
-9.8615295410e+02
-9.7967034912e+02
-9.7967034912e+02
-9.8615295410e+02
-1.0337116699e+03
-1.0406162109e+03
-9.8943750000e+02
-9.8076422119e+02
-9.8076422119e+02
-9.8943756104e+02
-1.0406162109e+03
-1.0585388184e+03
-1.0056799316e+03
-9.9683801270e+02
-9.9683801270e+02
-1.0056799927e+03
-1.0585388184e+03
