6.6594284058e+01
3.9909023285e+01
3.5435688019e+01
3.5435676575e+01
3.9909038544e+01
6.6594306946e+01
-2.2163242340e+01
-2.6801742554e+01
-6.8692451477e+01
-6.8692481995e+01
-2.6801753998e+01
-2.2163246155e+01
-4.1985824585e+01
-1.3278265381e+02
-3.1598365784e+01
-3.1598339081e+01
-1.3278257751e+02
-4.1985782623e+01
-1.2492071533e+02
-9.7033943176e+01
-4.9892141724e+02
-4.9892166138e+02
-9.7034233093e+01
-1.2492075348e+02
-5.7059464455e+00
-1.0864061279e+03
6.8355810547e+02
6.8355902100e+02
-1.0864049072e+03
-5.7056479454e+00
-3.4519046021e+02
6.9939868164e+02
-8.6559746094e+03
-8.6559794922e+03
6.9939355469e+02
-3.4519027710e+02
-5.3798852539e+02
1.5628884277e+03
-1.5052736328e+04
-1.5052745117e+04
1.5628790283e+03
-5.3798852539e+02
-1.6771293640e+01
-1.8732135010e+03
-8.3091601562e+02
-8.3091571045e+02
-1.8732121582e+03
-1.6770395279e+01
-2.8874771118e+02
-5.5911529541e+02
-1.1787379150e+03
-1.1787384033e+03
-5.5911553955e+02
-2.8874749756e+02
-2.0169783020e+02
-4.2912911987e+02
-3.6884652710e+02
-3.6884658813e+02
-4.2912899780e+02
-2.0169764709e+02
-1.9423890686e+02
-2.2802726746e+02
-2.9170275879e+02
-2.9170278931e+02
-2.2802726746e+02
-1.9423884583e+02
-7.7144615173e+01
-1.0346906281e+02
-9.8349731445e+01
-9.8349746704e+01
-1.0346903229e+02
-7.7144577026e+01
1.1918524933e+02
7.4608207703e+01
4.8260524750e+01
4.8260517120e+01
7.4608207703e+01
1.1918527985e+02
-6.3601577759e+01
-1.4044177246e+02
-1.4859004211e+02
-1.4859004211e+02
-1.4044177246e+02
-6.3601539612e+01
-2.3157493591e+02
-3.2760116577e+02
-4.8956127930e+02
-4.8956137085e+02
-3.2760128784e+02
-2.3157489014e+02
-3.6162973022e+02
-7.6579522705e+02
-5.5013171387e+02
-5.5013165283e+02
-7.6579504395e+02
-3.6162954712e+02
-6.1175146484e+02
-9.0635876465e+02
-2.9429467773e+03
-2.9429477539e+03
-9.0635974121e+02
-6.1175122070e+02
-4.9776248169e+02
-2.8953757324e+03
-2.8001278687e+02
-2.8001156616e+02
-2.8953745117e+03
-4.9776208496e+02
-5.2816448975e+02
-3.9421103516e+03
1.2486888428e+03
1.2486916504e+03
-3.9421071777e+03
-5.2816381836e+02
-1.0535463867e+03
-1.6357891846e+03
-4.8385219727e+03
-4.8385234375e+03
-1.6357905273e+03
-1.0535460205e+03
-9.5423724365e+02
-1.7034279785e+03
-1.7335543213e+03
-1.7335543213e+03
-1.7034277344e+03
-9.5423687744e+02
-9.2531085205e+02
-1.1274521484e+03
-1.4244761963e+03
-1.4244761963e+03
-1.1274521484e+03
-9.2531072998e+02
-7.6044030762e+02
-8.7197088623e+02
-9.1498382568e+02
-9.1498382568e+02
-8.7197082520e+02
-7.6044018555e+02
-5.5568194580e+02
-5.9090960693e+02
-6.1899920654e+02
-6.1899920654e+02
-5.9090960693e+02
-5.5568188477e+02
3.4034624696e-02
-3.0925666809e+01
-4.2414474487e+01
-4.2414485931e+01
-3.0925664902e+01
3.4030050039e-02
-2.0961351013e+02
-2.3567710876e+02
-2.8595343018e+02
-2.8595346069e+02
-2.3567713928e+02
-2.0961354065e+02
-4.4169161987e+02
-5.1913977051e+02
-4.8204888916e+02
-4.8204888916e+02
-5.1913970947e+02
-4.4169161987e+02
-7.2355401611e+02
-7.3222662354e+02
-1.1544558105e+03
-1.1544559326e+03
-7.3222674561e+02
-7.2355407715e+02
-9.4792639160e+02
-1.1864517822e+03
-2.8957992554e+02
-2.8957958984e+02
-1.1864512939e+03
-9.4792645264e+02
-1.4270235596e+03
-4.8373635864e+02
-1.3384045410e+03
-1.3384051514e+03
-4.8373687744e+02
-1.4270235596e+03
-1.6943541260e+03
-1.7329815674e+02
-2.1216450195e+03
-2.1216462402e+03
-1.7329946899e+02
-1.6943541260e+03
-1.4625120850e+03
-1.5400953369e+03
3.0001330566e+02
3.0001382446e+02
-1.5400947266e+03
-1.4625122070e+03
-1.5062172852e+03
-1.3636798096e+03
-1.8479693604e+03
-1.8479697266e+03
-1.3636800537e+03
-1.5062174072e+03
-1.4332650146e+03
-1.4903150635e+03
-1.4536916504e+03
-1.4536916504e+03
-1.4903149414e+03
-1.4332650146e+03
-1.3807344971e+03
-1.3839370117e+03
-1.4510295410e+03
-1.4510295410e+03
-1.3839370117e+03
-1.3807344971e+03
-1.3073775635e+03
-1.3249741211e+03
-1.3390090332e+03
-1.3390090332e+03
-1.3249741211e+03
-1.3073775635e+03
-5.0421245575e+01
-4.7518993378e+01
-5.5108474731e+01
-5.5108482361e+01
-4.7519012451e+01
-5.0421272278e+01
-2.2408221436e+02
-2.1546777344e+02
-1.9292092896e+02
-1.9292092896e+02
-2.1546777344e+02
-2.2408222961e+02
-4.3101434326e+02
-3.8065402222e+02
-4.4398138428e+02
-4.4398141479e+02
-3.8065408325e+02
-4.3101437378e+02
-6.3000927734e+02
-5.7454675293e+02
-2.7164450073e+02
-2.7164443970e+02
-5.7454675293e+02
-6.3000927734e+02
-8.5971746826e+02
-5.4097137451e+02
-9.6487683105e+02
-9.6487701416e+02
-5.4097167969e+02
-8.5971752930e+02
-8.6603332520e+02
-1.1409337158e+03
-7.9127239990e+02
-7.9127209473e+02
-1.1409335938e+03
-8.6603356934e+02
-9.5893035889e+02
-1.5343355713e+03
-6.8013146973e+02
-6.8013073730e+02
-1.5343349609e+03
-9.5893060303e+02
-1.3159733887e+03
-1.0022316895e+03
-2.0575134277e+03
-2.0575136719e+03
-1.0022321167e+03
-1.3159735107e+03
-1.4260322266e+03
-1.3688714600e+03
-8.9831292725e+02
-8.9831274414e+02
-1.3688713379e+03
-1.4260322266e+03
-1.5608151855e+03
-1.4631066895e+03
-1.5079786377e+03
-1.5079786377e+03
-1.4631066895e+03
-1.5608151855e+03
-1.6688020020e+03
-1.6476796875e+03
-1.6011562500e+03
-1.6011562500e+03
-1.6476796875e+03
-1.6688020020e+03
-1.8140450439e+03
-1.8021966553e+03
-1.8029208984e+03
-1.8029208984e+03
-1.8021966553e+03
-1.8140450439e+03
1.6020153809e+02
1.6313482666e+02
1.7100819397e+02
1.7100819397e+02
1.6313481140e+02
1.6020152283e+02
-5.0574214935e+01
-3.9904914856e+01
-5.1100929260e+01
-5.1100936890e+01
-3.9904933929e+01
-5.0574234009e+01
-2.5196218872e+02
-2.5080630493e+02
-1.7437265015e+02
-1.7437261963e+02
-2.5080628967e+02
-2.5196220398e+02
-4.5725869751e+02
-4.4697137451e+02
-6.1966802979e+02
-6.1966809082e+02
-4.4697140503e+02
-4.5725872803e+02
-6.2634783936e+02
-8.1331347656e+02
-5.8214312744e+02
-5.8214300537e+02
-8.1331329346e+02
-6.2634783936e+02
-9.3817907715e+02
-8.1426184082e+02
-9.2214538574e+02
-9.2214556885e+02
-8.1426196289e+02
-9.3817895508e+02
-1.1817393799e+03
-9.0210687256e+02
-1.2276508789e+03
-1.2276512451e+03
-9.0210717773e+02
-1.1817392578e+03
-1.2438405762e+03
-1.4665545654e+03
-8.3929083252e+02
-8.3929064941e+02
-1.4665544434e+03
-1.2438405762e+03
-1.4619958496e+03
-1.4786907959e+03
-1.8127264404e+03
-1.8127265625e+03
-1.4786909180e+03
-1.4619958496e+03
-1.6543748779e+03
-1.6842031250e+03
-1.6011785889e+03
-1.6011785889e+03
-1.6842031250e+03
-1.6543748779e+03
-1.8538906250e+03
-1.8530854492e+03
-1.8705711670e+03
-1.8705711670e+03
-1.8530854492e+03
-1.8538906250e+03
-2.0544001465e+03
-2.0542189941e+03
-2.0420681152e+03
-2.0420681152e+03
-2.0542189941e+03
-2.0544001465e+03
4.2659149170e+02
4.2526855469e+02
4.2030511475e+02
4.2030511475e+02
4.2526852417e+02
4.2659149170e+02
1.5068637085e+02
1.5068249512e+02
1.6406684875e+02
1.6406684875e+02
1.5068249512e+02
1.5068635559e+02
-1.1053363800e+02
-1.1514395905e+02
-1.7152725220e+02
-1.7152726746e+02
-1.1514397430e+02
-1.1053365326e+02
-3.6733441162e+02
-3.8981985474e+02
-2.8513220215e+02
-2.8513217163e+02
-3.8981985474e+02
-3.6733441162e+02
-6.5029846191e+02
-5.4121984863e+02
-6.5702941895e+02
-6.5702954102e+02
-5.4121997070e+02
-6.5029846191e+02
-8.3316540527e+02
-8.9282672119e+02
-8.4912182617e+02
-8.4912176514e+02
-8.9282666016e+02
-8.3316552734e+02
-1.0538674316e+03
-1.1954162598e+03
-1.0514171143e+03
-1.0514168701e+03
-1.1954161377e+03
-1.0538675537e+03
-1.3807855225e+03
-1.2353344727e+03
-1.5935895996e+03
-1.5935897217e+03
-1.2353345947e+03
-1.3807856445e+03
-1.5952376709e+03
-1.6006107178e+03
-1.3715318604e+03
-1.3715318604e+03
-1.6006107178e+03
-1.5952376709e+03
-1.8262122803e+03
-1.8246694336e+03
-1.9058044434e+03
-1.9058044434e+03
-1.8246694336e+03
-1.8262122803e+03
-2.0549643555e+03
-2.0663842773e+03
-2.0511643066e+03
-2.0511643066e+03
-2.0663842773e+03
-2.0549643555e+03
-2.2831550293e+03
-2.2865004883e+03
-2.2928474121e+03
-2.2928474121e+03
-2.2865004883e+03
-2.2831550293e+03
6.6395257568e+02
6.6482006836e+02
6.6512725830e+02
6.6512725830e+02
6.6482006836e+02
6.6395257568e+02
3.4626080322e+02
3.5412783813e+02
3.4134020996e+02
3.4134020996e+02
3.5412780762e+02
3.4626077271e+02
3.9333374023e+01
4.8405872345e+01
9.0405593872e+01
9.0405586243e+01
4.8405857086e+01
3.9333358765e+01
-2.6226306152e+02
-2.3476925659e+02
-2.9585623169e+02
-2.9585623169e+02
-2.3476927185e+02
-2.6226309204e+02
-5.3484741211e+02
-5.9153344727e+02
-5.3117633057e+02
-5.3117626953e+02
-5.9153338623e+02
-5.3484741211e+02
-8.6654840088e+02
-8.2771484375e+02
-8.4957226562e+02
-8.4957226562e+02
-8.2771490479e+02
-8.6654840088e+02
-1.1674050293e+03
-1.0855161133e+03
-1.1525257568e+03
-1.1525258789e+03
-1.0855162354e+03
-1.1674049072e+03
-1.3970008545e+03
-1.4838720703e+03
-1.2801296387e+03
-1.2801296387e+03
-1.4838719482e+03
-1.3970008545e+03
-1.6968388672e+03
-1.6833336182e+03
-1.8376197510e+03
-1.8376197510e+03
-1.6833336182e+03
-1.6968389893e+03
-1.9778439941e+03
-1.9726306152e+03
-1.9079665527e+03
-1.9079665527e+03
-1.9726306152e+03
-1.9778441162e+03
-2.2483352051e+03
-2.2467282715e+03
-2.2621943359e+03
-2.2621943359e+03
-2.2467282715e+03
-2.2483352051e+03
-2.5242744141e+03
-2.5237863770e+03
-2.5193349609e+03
-2.5193349609e+03
-2.5237863770e+03
-2.5242744141e+03
9.0257061768e+02
9.0488452148e+02
9.0193591309e+02
9.0193591309e+02
9.0488452148e+02
9.0257061768e+02
5.4074725342e+02
5.4951049805e+02
5.6160638428e+02
5.6160638428e+02
5.4951043701e+02
5.4074725342e+02
1.9454382324e+02
1.9809696960e+02
1.7409216309e+02
1.7409216309e+02
1.9809696960e+02
1.9454380798e+02
-1.4754887390e+02
-1.6033131409e+02
-1.2024190521e+02
-1.2024189758e+02
-1.6033132935e+02
-1.4754888916e+02
-5.0231359863e+02
-4.6409201050e+02
-4.9175015259e+02
-4.9175021362e+02
-4.6409207153e+02
-5.0231362915e+02
-8.1171331787e+02
-8.3073907471e+02
-8.1358801270e+02
-8.1358807373e+02
-8.3073907471e+02
-8.1171331787e+02
-1.1352922363e+03
-1.1781093750e+03
-1.1392163086e+03
-1.1392161865e+03
-1.1781093750e+03
-1.1352922363e+03
-1.4969526367e+03
-1.4397972412e+03
-1.5533193359e+03
-1.5533193359e+03
-1.4397972412e+03
-1.4969526367e+03
-1.8053500977e+03
-1.8146141357e+03
-1.7118780518e+03
-1.7118780518e+03
-1.8146141357e+03
-1.8053500977e+03
-2.1218078613e+03
-2.1246574707e+03
-2.1737355957e+03
-2.1737355957e+03
-2.1246574707e+03
-2.1218078613e+03
-2.4391853027e+03
-2.4421789551e+03
-2.4259338379e+03
-2.4259338379e+03
-2.4421789551e+03
-2.4391853027e+03
-2.7560888672e+03
-2.7548598633e+03
-2.7558767090e+03
-2.7558767090e+03
-2.7548598633e+03
-2.7560888672e+03
1.1340765381e+03
1.1353448486e+03
1.1360249023e+03
1.1360249023e+03
1.1353448486e+03
1.1340765381e+03
7.3103955078e+02
7.3776330566e+02
7.2983276367e+02
7.2983276367e+02
7.3776330566e+02
7.3103948975e+02
3.4093518066e+02
3.4531604004e+02
3.6560461426e+02
3.6560461426e+02
3.4531604004e+02
3.4093518066e+02
-4.5981834412e+01
-2.9852870941e+01
-5.0412235260e+01
-5.0412242889e+01
-2.9852882385e+01
-4.5981849670e+01
-4.1583776855e+02
-4.3205764771e+02
-4.1444808960e+02
-4.1444805908e+02
-4.3205761719e+02
-4.1583779907e+02
-8.0837304688e+02
-7.9016851807e+02
-7.9965606689e+02
-7.9965600586e+02
-7.9016857910e+02
-8.0837304688e+02
-1.1845445557e+03
-1.1539532471e+03
-1.1749244385e+03
-1.1749245605e+03
-1.1539533691e+03
-1.1845445557e+03
-1.5310278320e+03
-1.5616196289e+03
-1.4946580811e+03
-1.4946580811e+03
-1.5616196289e+03
-1.5310278320e+03
-1.9063853760e+03
-1.8961203613e+03
-1.9616187744e+03
-1.9616187744e+03
-1.8961203613e+03
-1.9063854980e+03
-2.2701245117e+03
-2.2664221191e+03
-2.2307595215e+03
-2.2307595215e+03
-2.2664221191e+03
-2.2701245117e+03
-2.6244653320e+03
-2.6292219238e+03
-2.6412297363e+03
-2.6412297363e+03
-2.6292219238e+03
-2.6244653320e+03
-2.9876555176e+03
-2.9873088379e+03
-2.9830283203e+03
-2.9830283203e+03
-2.9873088379e+03
-2.9876555176e+03
1.3586442871e+03
1.3597357178e+03
1.3561914062e+03
1.3561914062e+03
1.3597357178e+03
1.3586442871e+03
9.1534234619e+02
9.2444653320e+02
9.3126617432e+02
9.3126617432e+02
9.2444653320e+02
9.1534234619e+02
4.8757421875e+02
4.9281753540e+02
4.8368569946e+02
4.8368569946e+02
4.9281753540e+02
4.8757421875e+02
6.4088790894e+01
6.0188705444e+01
7.5659378052e+01
7.5659385681e+01
6.0188701630e+01
6.4088775635e+01
-3.6346334839e+02
-3.4867895508e+02
-3.5581744385e+02
-3.5581744385e+02
-3.4867898560e+02
-3.6346334839e+02
-7.6995532227e+02
-7.7747204590e+02
-7.6842858887e+02
-7.6842858887e+02
-7.7747204590e+02
-7.6995532227e+02
-1.1813061523e+03
-1.1963942871e+03
-1.1810734863e+03
-1.1810734863e+03
-1.1963942871e+03
-1.1813061523e+03
-1.6052552490e+03
-1.5837954102e+03
-1.6217355957e+03
-1.6217355957e+03
-1.5837954102e+03
-1.6052552490e+03
-2.0045213623e+03
-2.0101748047e+03
-1.9675034180e+03
-1.9675034180e+03
-2.0101749268e+03
-2.0045213623e+03
-2.4068825684e+03
-2.4091540527e+03
-2.4354873047e+03
-2.4354873047e+03
-2.4091540527e+03
-2.4068825684e+03
-2.8087416992e+03
-2.8118337402e+03
-2.8006408691e+03
-2.8006408691e+03
-2.8118337402e+03
-2.8087416992e+03
-3.2133935547e+03
-3.2139497070e+03
-3.2144689941e+03
-3.2144689941e+03
-3.2139497070e+03
-3.2133935547e+03
1.5778398438e+03
1.5788120117e+03
1.5784641113e+03
1.5784641113e+03
1.5788120117e+03
1.5778398438e+03
1.0956569824e+03
1.1034521484e+03
1.0992586670e+03
1.0992586670e+03
1.1034521484e+03
1.0956569824e+03
6.2859600830e+02
6.3194378662e+02
6.4212646484e+02
6.4212646484e+02
6.3194378662e+02
6.2859600830e+02
1.6344828796e+02
1.7218653870e+02
1.6590039062e+02
1.6590037537e+02
1.7218652344e+02
1.6344827271e+02
-2.9165322876e+02
-2.9584020996e+02
-2.8910098267e+02
-2.8910098267e+02
-2.9584020996e+02
-2.9165322876e+02
-7.5460791016e+02
-7.4542211914e+02
-7.4950463867e+02
-7.4950463867e+02
-7.4542211914e+02
-7.5460791016e+02
-1.2084309082e+03
-1.1958415527e+03
-1.2044580078e+03
-1.2044580078e+03
-1.1958415527e+03
-1.2084309082e+03
-1.6493974609e+03
-1.6601257324e+03
-1.6365217285e+03
-1.6365217285e+03
-1.6601257324e+03
-1.6493974609e+03
-2.1010935059e+03
-2.0965251465e+03
-2.1236669922e+03
-2.1236669922e+03
-2.0965251465e+03
-2.1010935059e+03
-2.5464624023e+03
-2.5455141602e+03
-2.5285031738e+03
-2.5285031738e+03
-2.5455141602e+03
-2.5464624023e+03
-2.9848933105e+03
-2.9921879883e+03
-2.9997353516e+03
-2.9997353516e+03
-2.9921879883e+03
-2.9848933105e+03
-3.4348635254e+03
-3.4343508301e+03
-3.4307331543e+03
-3.4307331543e+03
-3.4343508301e+03
-3.4348635254e+03
1.7896466064e+03
1.7905665283e+03
1.7870926514e+03
1.7870926514e+03
1.7905665283e+03
1.7896466064e+03
1.2698354492e+03
1.2788493652e+03
1.2821997070e+03
1.2821997070e+03
1.2788493652e+03
1.2698354492e+03
7.6603424072e+02
7.7095086670e+02
7.6841082764e+02
7.6841082764e+02
7.7095080566e+02
7.6603417969e+02
2.6584820557e+02
2.6611572266e+02
2.7275369263e+02
2.7275369263e+02
2.6611572266e+02
2.6584817505e+02
-2.3450061035e+02
-2.2763461304e+02
-2.2951310730e+02
-2.2951312256e+02
-2.2763462830e+02
-2.3450062561e+02
-7.2446905518e+02
-7.2709912109e+02
-7.2271520996e+02
-7.2271520996e+02
-7.2709912109e+02
-7.2446905518e+02
-1.2154764404e+03
-1.2208698730e+03
-1.2138039551e+03
-1.2138039551e+03
-1.2208698730e+03
-1.2154764404e+03
-1.7097938232e+03
-1.7018002930e+03
-1.7157805176e+03
-1.7157805176e+03
-1.7018002930e+03
-1.7097938232e+03
-2.1927539062e+03
-2.1959111328e+03
-2.1787756348e+03
-2.1787756348e+03
-2.1959111328e+03
-2.1927539062e+03
-2.6764013672e+03
-2.6788552246e+03
-2.6926179199e+03
-2.6926179199e+03
-2.6788552246e+03
-2.6764013672e+03
-3.1591291504e+03
-3.1641843262e+03
-3.1575229492e+03
-3.1575229492e+03
-3.1641843262e+03
-3.1591291504e+03
-3.6477646484e+03
-3.6495522461e+03
-3.6489958496e+03
-3.6489958496e+03
-3.6495522461e+03
-3.6477646484e+03
1.9943236084e+03
1.9945500488e+03
1.9932628174e+03
1.9932628174e+03
1.9945500488e+03
1.9943236084e+03
1.4382364502e+03
1.4469017334e+03
1.4447786865e+03
1.4447786865e+03
1.4469017334e+03
1.4382363281e+03
8.9904486084e+02
9.0218060303e+02
9.0791491699e+02
9.0791491699e+02
9.0218060303e+02
8.9904486084e+02
3.6091751099e+02
3.6605020142e+02
3.6462631226e+02
3.6462631226e+02
3.6605020142e+02
3.6091748047e+02
-1.7078065491e+02
-1.7146562195e+02
-1.6820526123e+02
-1.6820526123e+02
-1.7146562195e+02
-1.7078067017e+02
-7.0464483643e+02
-7.0015429688e+02
-7.0155694580e+02
-7.0155694580e+02
-7.0015429688e+02
-7.0464483643e+02
-1.2332531738e+03
-1.2281851807e+03
-1.2322243652e+03
-1.2322243652e+03
-1.2281851807e+03
-1.2332531738e+03
-1.7560794678e+03
-1.7602487793e+03
-1.7514566650e+03
-1.7514566650e+03
-1.7602487793e+03
-1.7560794678e+03
-2.2822666016e+03
-2.2813908691e+03
-2.2931938477e+03
-2.2931938477e+03
-2.2813911133e+03
-2.2822666016e+03
-2.8057070312e+03
-2.8064968262e+03
-2.7996516113e+03
-2.7996516113e+03
-2.8064968262e+03
-2.8057070312e+03
-3.3235393066e+03
-3.3324492188e+03
-3.3368789062e+03
-3.3368789062e+03
-3.3324492188e+03
-3.3235393066e+03
-3.8560122070e+03
-3.8554643555e+03
-3.8528269043e+03
-3.8528269043e+03
-3.8554643555e+03
-3.8560122070e+03
2.1897075195e+03
2.1906154785e+03
2.1869023438e+03
2.1869023438e+03
2.1906154785e+03
2.1897075195e+03
1.5997696533e+03
1.6087882080e+03
1.6100351562e+03
1.6100351562e+03
1.6087882080e+03
1.5997696533e+03
1.0260863037e+03
1.0303546143e+03
1.0305295410e+03
1.0305295410e+03
1.0303546143e+03
1.0260863037e+03
4.5519671631e+02
4.5679531860e+02
4.6005392456e+02
4.6005392456e+02
4.5679531860e+02
4.5519671631e+02
-1.1455740356e+02
-1.1102832031e+02
-1.1139917755e+02
-1.1139918518e+02
-1.1102832794e+02
-1.1455741119e+02
-6.7887524414e+02
-6.7980444336e+02
-6.7795007324e+02
-6.7795007324e+02
-6.7980444336e+02
-6.7887524414e+02
-1.2429409180e+03
-1.2451993408e+03
-1.2419484863e+03
-1.2419484863e+03
-1.2451993408e+03
-1.2429409180e+03
-1.8073629150e+03
-1.8050748291e+03
-1.8110118408e+03
-1.8110118408e+03
-1.8050749512e+03
-1.8073629150e+03
-2.3667316895e+03
-2.3694062500e+03
-2.3628906250e+03
-2.3628906250e+03
-2.3694062500e+03
-2.3667316895e+03
-2.9259111328e+03
-2.9294406738e+03
-2.9371992188e+03
-2.9371992188e+03
-2.9294406738e+03
-2.9259111328e+03
-3.4850979004e+03
-3.4923356934e+03
-3.4885966797e+03
-3.4885966797e+03
-3.4923356934e+03
-3.4850979004e+03
-4.0525195312e+03
-4.0557875977e+03
-4.0540527344e+03
-4.0540527344e+03
-4.0557875977e+03
-4.0525195312e+03
2.3767453613e+03
2.3759501953e+03
2.3741621094e+03
2.3741621094e+03
2.3759501953e+03
2.3767453613e+03
1.7533016357e+03
1.7623720703e+03
1.7613018799e+03
1.7613018799e+03
1.7623719482e+03
1.7533016357e+03
1.1483986816e+03
1.1510765381e+03
1.1548593750e+03
1.1548593750e+03
1.1510765381e+03
1.1483986816e+03
5.4341375732e+02
5.4662194824e+02
5.4680438232e+02
5.4680438232e+02
5.4662194824e+02
5.4341369629e+02
-5.7124301910e+01
-5.7058414459e+01
-5.5345958710e+01
-5.5345958710e+01
-5.7058414459e+01
-5.7124309540e+01
-6.5799298096e+02
-6.5610034180e+02
-6.5658160400e+02
-6.5658160400e+02
-6.5610034180e+02
-6.5799298096e+02
-1.2559206543e+03
-1.2543588867e+03
-1.2566763916e+03
-1.2566763916e+03
-1.2543588867e+03
-1.2559206543e+03
-1.8513654785e+03
-1.8536607666e+03
-1.8507441406e+03
-1.8507441406e+03
-1.8536607666e+03
-1.8513654785e+03
-2.4476789551e+03
-2.4489658203e+03
-2.4550737305e+03
-2.4550737305e+03
-2.4489658203e+03
-2.4476789551e+03
-3.0438815918e+03
-3.0457968750e+03
-3.0443623047e+03
-3.0443623047e+03
-3.0457968750e+03
-3.0438815918e+03
-3.6348959961e+03
-3.6454301758e+03
-3.6485080566e+03
-3.6485080566e+03
-3.6454301758e+03
-3.6348959961e+03
-4.2448388672e+03
-4.2437783203e+03
-4.2423159180e+03
-4.2423159180e+03
-4.2437783203e+03
-4.2448388672e+03
2.5517609863e+03
2.5529326172e+03
2.5484931641e+03
2.5484931641e+03
2.5529326172e+03
2.5517609863e+03
1.8992907715e+03
1.9084333496e+03
1.9081269531e+03
1.9081269531e+03
1.9084333496e+03
1.8992907715e+03
1.2627126465e+03
1.2665465088e+03
1.2676292725e+03
1.2676292725e+03
1.2665465088e+03
1.2627126465e+03
6.2839526367e+02
6.3017529297e+02
6.3185931396e+02
6.3185931396e+02
6.3017529297e+02
6.2839520264e+02
-4.7713541985e+00
-3.0546195507e+00
-3.0878863335e+00
-3.0878870487e+00
-3.0546236038e+00
-4.7713589668e+00
-6.3514031982e+02
-6.3592651367e+02
-6.3536071777e+02
-6.3536071777e+02
-6.3592651367e+02
-6.3514031982e+02
-1.2652072754e+03
-1.2670009766e+03
-1.2656804199e+03
-1.2656804199e+03
-1.2670009766e+03
-1.2652072754e+03
-1.8951829834e+03
-1.8959477539e+03
-1.8989542236e+03
-1.8989542236e+03
-1.8959477539e+03
-1.8951829834e+03
-2.5233522949e+03
-2.5268339844e+03
-2.5247399902e+03
-2.5247399902e+03
-2.5268339844e+03
-2.5233522949e+03
-3.1513916016e+03
-3.1566145020e+03
-3.1616413574e+03
-3.1616413574e+03
-3.1566145020e+03
-3.1513916016e+03
-3.7814580078e+03
-3.7908085938e+03
-3.7882734375e+03
-3.7882734375e+03
-3.7908085938e+03
-3.7814580078e+03
-4.4205747070e+03
-4.4262539062e+03
-4.4231528320e+03
-4.4231528320e+03
-4.4262539062e+03
-4.4205747070e+03
2.7180007324e+03
2.7155708008e+03
2.7139602051e+03
2.7139602051e+03
2.7155708008e+03
2.7180007324e+03
2.0347442627e+03
2.0437174072e+03
2.0436462402e+03
2.0436462402e+03
2.0437174072e+03
2.0347442627e+03
1.3720034180e+03
1.3737312012e+03
1.3768558350e+03
1.3768558350e+03
1.3737312012e+03
1.3720034180e+03
7.0755847168e+02
7.0934014893e+02
7.1009643555e+02
7.1009643555e+02
7.0934014893e+02
7.0755847168e+02
4.6254158020e+01
4.6039707184e+01
4.6899738312e+01
4.6899738312e+01
4.6039703369e+01
4.6254154205e+01
-6.1512866211e+02
-6.1481512451e+02
-6.1531909180e+02
-6.1531909180e+02
-6.1481512451e+02
-6.1512866211e+02
-1.2751782227e+03
-1.2753806152e+03
-1.2773905029e+03
-1.2773905029e+03
-1.2753806152e+03
-1.2751782227e+03
-1.9346582031e+03
-1.9365399170e+03
-1.9366772461e+03
-1.9366772461e+03
-1.9365399170e+03
-1.9346582031e+03
-2.5947199707e+03
-2.5970371094e+03
-2.6016308594e+03
-2.6016308594e+03
-2.5970371094e+03
-2.5947199707e+03
-3.2566872559e+03
-3.2590109863e+03
-3.2610517578e+03
-3.2610517578e+03
-3.2590109863e+03
-3.2566872559e+03
-3.9131813965e+03
-3.9250314941e+03
-3.9287456055e+03
-3.9287456055e+03
-3.9250314941e+03
-3.9131813965e+03
-4.5946962891e+03
-4.5917744141e+03
-4.5920297852e+03
-4.5920297852e+03
-4.5917744141e+03
-4.5946962891e+03
2.8681916504e+03
2.8706376953e+03
2.8644760742e+03
2.8644760742e+03
2.8706376953e+03
2.8681916504e+03
2.1622727051e+03
2.1720229492e+03
2.1694926758e+03
2.1694926758e+03
2.1720229492e+03
2.1622727051e+03
1.4707661133e+03
1.4747320557e+03
1.4753856201e+03
1.4753856201e+03
1.4747320557e+03
1.4707661133e+03
7.8134777832e+02
7.8317553711e+02
7.8366693115e+02
7.8366693115e+02
7.8317553711e+02
7.8134777832e+02
9.2666427612e+01
9.3244239807e+01
9.3040580750e+01
9.3040580750e+01
9.3244239807e+01
9.2666419983e+01
-5.9496148682e+02
-5.9638244629e+02
-5.9637365723e+02
-5.9637365723e+02
-5.9638244629e+02
-5.9496148682e+02
-1.2828277588e+03
-1.2854962158e+03
-1.2848725586e+03
-1.2848725586e+03
-1.2854962158e+03
-1.2828277588e+03
-1.9710830078e+03
-1.9744020996e+03
-1.9757434082e+03
-1.9757434082e+03
-1.9744020996e+03
-1.9710830078e+03
-2.6594291992e+03
-2.6650046387e+03
-2.6640751953e+03
-2.6640751953e+03
-2.6650046387e+03
-2.6594291992e+03
-3.3485117188e+03
-3.3564633789e+03
-3.3592060547e+03
-3.3592060547e+03
-3.3564633789e+03
-3.3485117188e+03
-4.0423364258e+03
-4.0545329590e+03
-4.0506008301e+03
-4.0506008301e+03
-4.0545329590e+03
-4.0423364258e+03
-4.7437143555e+03
-4.7539570312e+03
-4.7485024414e+03
-4.7485024414e+03
-4.7539570312e+03
-4.7437143555e+03
3.0112067871e+03
3.0051931152e+03
3.0057160645e+03
3.0057160645e+03
3.0051931152e+03
3.0112067871e+03
2.2762854004e+03
2.2837070312e+03
2.2865241699e+03
2.2865241699e+03
2.2837070312e+03
2.2762854004e+03
1.5647130127e+03
1.5644599609e+03
1.5687283936e+03
1.5687283936e+03
1.5644599609e+03
1.5647130127e+03
8.4969329834e+02
8.4964752197e+02
8.5120776367e+02
8.5120776367e+02
8.4964752197e+02
8.4969329834e+02
1.3648838806e+02
1.3544049072e+02
1.3585408020e+02
1.3585408020e+02
1.3544049072e+02
1.3648838806e+02
-5.7715856934e+02
-5.7771044922e+02
-5.7898870850e+02
-5.7898870850e+02
-5.7771044922e+02
-5.7715856934e+02
-1.2907346191e+03
-1.2913153076e+03
-1.2944809570e+03
-1.2944809570e+03
-1.2913153076e+03
-1.2907346191e+03
-2.0051745605e+03
-2.0060593262e+03
-2.0094605713e+03
-2.0094605713e+03
-2.0060593262e+03
-2.0051746826e+03
-2.7208417969e+03
-2.7221430664e+03
-2.7286845703e+03
-2.7286845703e+03
-2.7221430664e+03
-2.7208417969e+03
-3.4395297852e+03
-3.4402919922e+03
-3.4474116211e+03
-3.4474116211e+03
-3.4402919922e+03
-3.4395297852e+03
-4.1525004883e+03
-4.1633227539e+03
-4.1718813477e+03
-4.1718813477e+03
-4.1633227539e+03
-4.1525004883e+03
-4.8988588867e+03
-4.8905307617e+03
-4.8948652344e+03
-4.8948652344e+03
-4.8905307617e+03
-4.8988588867e+03
3.1304929199e+03
3.1381962891e+03
3.1265698242e+03
3.1265698242e+03
3.1381962891e+03
3.1304929199e+03
2.3817814941e+03
2.3952202148e+03
2.3865771484e+03
2.3865771484e+03
2.3952202148e+03
2.3817814941e+03
1.6449185791e+03
1.6510206299e+03
1.6480507812e+03
1.6480507812e+03
1.6510206299e+03
1.6449185791e+03
9.0953613281e+02
9.1260174561e+02
9.1070581055e+02
9.1070581055e+02
9.1260174561e+02
9.0953613281e+02
1.7491189575e+02
1.7496556091e+02
1.7413369751e+02
1.7413369751e+02
1.7496556091e+02
1.7491189575e+02
-5.5985919189e+02
-5.6284893799e+02
-5.6235137939e+02
-5.6235137939e+02
-5.6284893799e+02
-5.5985919189e+02
-1.2955996094e+03
-1.3012528076e+03
-1.2990489502e+03
-1.2990489502e+03
-1.3012528076e+03
-1.2955996094e+03
-2.0325233154e+03
-2.0407564697e+03
-2.0382125244e+03
-2.0382125244e+03
-2.0407564697e+03
-2.0325233154e+03
-2.7710429688e+03
-2.7826513672e+03
-2.7776953125e+03
-2.7776953125e+03
-2.7826513672e+03
-2.7710429688e+03
-3.5123864746e+03
-3.5272778320e+03
-3.5226965332e+03
-3.5226965332e+03
-3.5272778320e+03
-3.5123864746e+03
-4.2600317383e+03
-4.2806699219e+03
-4.2681611328e+03
-4.2681611328e+03
-4.2806699219e+03
-4.2600317383e+03
-5.0115952148e+03
-5.0332705078e+03
-5.0205410156e+03
-5.0205410156e+03
-5.0332705078e+03
-5.0115952148e+03
3.2498491211e+03
3.2331196289e+03
3.2440329590e+03
3.2440329590e+03
3.2331196289e+03
3.2498491211e+03
2.4725253906e+03
2.4718659668e+03
2.4854558105e+03
2.4854558105e+03
2.4718659668e+03
2.4725253906e+03
1.7211951904e+03
1.7153710938e+03
1.7270742188e+03
1.7270742188e+03
1.7153710938e+03
1.7211951904e+03
9.6655560303e+02
9.6258123779e+02
9.6820892334e+02
9.6820892334e+02
9.6258123779e+02
9.6655560303e+02
2.1147325134e+02
2.0910473633e+02
2.1012789917e+02
2.1012789917e+02
2.0910473633e+02
2.1147325134e+02
-5.4539404297e+02
-5.4492041016e+02
-5.4845886230e+02
-5.4845886230e+02
-5.4492041016e+02
-5.4539404297e+02
-1.3036350098e+03
-1.3004906006e+03
-1.3086539307e+03
-1.3086539307e+03
-1.3004906006e+03
-1.3036350098e+03
-2.0638034668e+03
-2.0579965820e+03
-2.0700461426e+03
-2.0700461426e+03
-2.0579965820e+03
-2.0638034668e+03
-2.8254096680e+03
-2.8177141113e+03
-2.8353002930e+03
-2.8353002930e+03
-2.8177141113e+03
-2.8254096680e+03
-3.5895190430e+03
-3.5795673828e+03
-3.6024399414e+03
-3.6024399414e+03
-3.5795673828e+03
-3.5895190430e+03
-4.3509838867e+03
-4.3477128906e+03
-4.3736503906e+03
-4.3736503906e+03
-4.3477128906e+03
-4.3509838867e+03
-5.1534057617e+03
-5.1265058594e+03
-5.1455283203e+03
-5.1455283203e+03
-5.1265058594e+03
-5.1534057617e+03
3.3296977539e+03
3.3521643066e+03
3.3144926758e+03
3.3144926758e+03
3.3521643066e+03
3.3296977539e+03
2.5502971191e+03
2.5772177734e+03
2.5449992676e+03
2.5449992676e+03
2.5772177734e+03
2.5502971191e+03
1.7831213379e+03
1.7961149902e+03
1.7755656738e+03
1.7755655518e+03
1.7961149902e+03
1.7831213379e+03
1.0118541870e+03
1.0189019775e+03
1.0066406250e+03
1.0066406250e+03
1.0189019775e+03
1.0118541870e+03
2.4120625305e+02
2.4171701050e+02
2.3830177307e+02
2.3830177307e+02
2.4171702576e+02
2.4120625305e+02
-5.3010797119e+02
-5.3591394043e+02
-5.3061273193e+02
-5.3061273193e+02
-5.3591394043e+02
-5.3010791016e+02
-1.3032845459e+03
-1.3152871094e+03
-1.3009863281e+03
-1.3009863281e+03
-1.3152871094e+03
-1.3032845459e+03
-2.0795932617e+03
-2.0977304688e+03
-2.0750776367e+03
-2.0750776367e+03
-2.0977304688e+03
-2.0795930176e+03
-2.8601469727e+03
-2.8848593750e+03
-2.8525600586e+03
-2.8525600586e+03
-2.8848593750e+03
-2.8601469727e+03
-3.6456005859e+03
-3.6764545898e+03
-3.6365686035e+03
-3.6365686035e+03
-3.6764545898e+03
-3.6456003418e+03
-4.4302871094e+03
-4.4753789062e+03
-4.4240087891e+03
-4.4240087891e+03
-4.4753789062e+03
-4.4302871094e+03
-5.2203408203e+03
-5.2669824219e+03
-5.2155219727e+03
-5.2155219727e+03
-5.2669824219e+03
-5.2203408203e+03
3.4278852539e+03
3.3750920410e+03
3.4376523438e+03
3.4376523438e+03
3.3750920410e+03
3.4278852539e+03
2.6247712402e+03
2.5886447754e+03
2.6436049805e+03
2.6436049805e+03
2.5886447754e+03
2.6247712402e+03
1.8341356201e+03
1.8073074951e+03
1.8502904053e+03
1.8502904053e+03
1.8073074951e+03
1.8341356201e+03
1.0487260742e+03
1.0325975342e+03
1.0563695068e+03
1.0563695068e+03
1.0325975342e+03
1.0487260742e+03
2.6544720459e+02
2.5908761597e+02
2.6310552979e+02
2.6310552979e+02
2.5908764648e+02
2.6544720459e+02
-5.1872454834e+02
-5.1479400635e+02
-5.3088006592e+02
-5.3088006592e+02
-5.1479400635e+02
-5.1872454834e+02
-1.3047072754e+03
-1.2905906982e+03
-1.3270057373e+03
-1.3270057373e+03
-1.2905908203e+03
-1.3047073975e+03
-2.0938989258e+03
-2.0694855957e+03
-2.1258886719e+03
-2.1258886719e+03
-2.0694855957e+03
-2.0938989258e+03
-2.8880363770e+03
-2.8534104004e+03
-2.9302014160e+03
-2.9302014160e+03
-2.8534104004e+03
-2.8880363770e+03
-3.6922307129e+03
-3.6454663086e+03
-3.7406333008e+03
-3.7406335449e+03
-3.6454663086e+03
-3.6922309570e+03
-4.5113872070e+03
-4.4528779297e+03
-4.5584819336e+03
-4.5584819336e+03
-4.4528779297e+03
-4.5113876953e+03
-5.3514428711e+03
-5.2748930664e+03
-5.3855634766e+03
-5.3855634766e+03
-5.2748930664e+03
-5.3514428711e+03
3.3856174316e+03
3.5611738281e+03
3.5024802246e+03
3.5024802246e+03
3.5611735840e+03
3.3856171875e+03
2.5605935059e+03
2.7357993164e+03
2.7010407715e+03
2.7010407715e+03
2.7357993164e+03
2.5605935059e+03
1.7997508545e+03
1.9158886719e+03
1.8951617432e+03
1.8951617432e+03
1.9158886719e+03
1.7997507324e+03
1.0369267578e+03
1.1019210205e+03
1.0885932617e+03
1.0885932617e+03
1.1019210205e+03
1.0369267578e+03
2.7413208008e+02
2.8602679443e+02
2.8169076538e+02
2.8169076538e+02
2.8602679443e+02
2.7413208008e+02
-4.9025982666e+02
-5.3151202393e+02
-5.2675524902e+02
-5.2675518799e+02
-5.3151202393e+02
-4.9025976562e+02
-1.2560148926e+03
-1.3511638184e+03
-1.3369853516e+03
-1.3369853516e+03
-1.3511638184e+03
-1.2560147705e+03
-2.0232687988e+03
-2.1730847168e+03
-2.1500732422e+03
-2.1500732422e+03
-2.1730844727e+03
-2.0232686768e+03
-2.7916865234e+03
-2.9980246582e+03
-2.9658969727e+03
-2.9658969727e+03
-2.9980246582e+03
-2.7916862793e+03
-3.5635019531e+03
-3.8260507812e+03
-3.7876120605e+03
-3.7876118164e+03
-3.8260507812e+03
-3.5635017090e+03
-4.3402626953e+03
-4.6689252930e+03
-4.6153076172e+03
-4.6153071289e+03
-4.6689252930e+03
-4.3402622070e+03
-5.2152109375e+03
-5.5349311523e+03
-5.4477885742e+03
-5.4477885742e+03
-5.5349311523e+03
-5.2152104492e+03
3.6015456543e+03
3.4572990723e+03
3.4643269043e+03
3.4643269043e+03
3.4572990723e+03
3.6015458984e+03
2.8016713867e+03
2.6735212402e+03
2.6691645508e+03
2.6691645508e+03
2.6735214844e+03
2.8016713867e+03
1.9788532715e+03
1.8815091553e+03
1.8778875732e+03
1.8778875732e+03
1.8815092773e+03
1.9788533936e+03
1.1461243896e+03
1.0886285400e+03
1.0855419922e+03
1.0855419922e+03
1.0886286621e+03
1.1461245117e+03
3.0951208496e+02
2.9341110229e+02
2.9236242676e+02
2.9236242676e+02
2.9341110229e+02
3.0951208496e+02
-5.3090167236e+02
-5.0392422485e+02
-5.0257318115e+02
-5.0257318115e+02
-5.0392422485e+02
-5.3090167236e+02
-1.3748791504e+03
-1.3040241699e+03
-1.3000895996e+03
-1.3000895996e+03
-1.3040241699e+03
-1.3748792725e+03
-2.2225808105e+03
-2.1071367188e+03
-2.1003813477e+03
-2.1003813477e+03
-2.1071367188e+03
-2.2225810547e+03
-3.0733376465e+03
-2.9133776855e+03
-2.9042333984e+03
-2.9042333984e+03
-2.9133776855e+03
-3.0733378906e+03
-3.9256198730e+03
-3.7211564941e+03
-3.7108071289e+03
-3.7108071289e+03
-3.7211564941e+03
-3.9256201172e+03
-4.7679687500e+03
-4.5288598633e+03
-4.5190151367e+03
-4.5190151367e+03
-4.5288598633e+03
-4.7679692383e+03
-5.5732084961e+03
-5.3230634766e+03
-5.3306938477e+03
-5.3306938477e+03
-5.3230634766e+03
-5.5732084961e+03
3.6234411621e+03
3.4824636230e+03
3.4887846680e+03
3.4887846680e+03
3.4824636230e+03
3.6234411621e+03
2.8193256836e+03
2.6938291016e+03
2.6898146973e+03
2.6898146973e+03
2.6938291016e+03
2.8193256836e+03
1.9937867432e+03
1.8982855225e+03
1.8943699951e+03
1.8943699951e+03
1.8982855225e+03
1.9937868652e+03
1.1575555420e+03
1.1016801758e+03
1.0981484375e+03
1.0981484375e+03
1.1016801758e+03
1.1575555420e+03
3.1698522949e+02
3.0249285889e+02
3.0087783813e+02
3.0087783813e+02
3.0249285889e+02
3.1698522949e+02
-5.2765362549e+02
-4.9915240479e+02
-4.9843057251e+02
-4.9843057251e+02
-4.9915240479e+02
-5.2765362549e+02
-1.3762177734e+03
-1.3037836914e+03
-1.3003348389e+03
-1.3003348389e+03
-1.3037836914e+03
-1.3762178955e+03
-2.2288566895e+03
-2.1117814941e+03
-2.1057070312e+03
-2.1057070312e+03
-2.1117814941e+03
-2.2288566895e+03
-3.0849880371e+03
-2.9232158203e+03
-2.9143310547e+03
-2.9143310547e+03
-2.9232160645e+03
-3.0849882812e+03
-3.9432900391e+03
-3.7366691895e+03
-3.7265207520e+03
-3.7265207520e+03
-3.7366691895e+03
-3.9432900391e+03
-4.7929248047e+03
-4.5501894531e+03
-4.5392783203e+03
-4.5392783203e+03
-4.5501894531e+03
-4.7929252930e+03
-5.6022495117e+03
-5.3471552734e+03
-5.3555751953e+03
-5.3555751953e+03
-5.3471552734e+03
-5.6022495117e+03
3.4552739258e+03
3.6317526855e+03
3.5735251465e+03
3.5735249023e+03
3.6317526855e+03
3.4552736816e+03
2.6185012207e+03
2.7957033691e+03
2.7613842773e+03
2.7613842773e+03
2.7957033691e+03
2.6185009766e+03
1.8463895264e+03
1.9645300293e+03
1.9444697266e+03
1.9444696045e+03
1.9645300293e+03
1.8463894043e+03
1.0720500488e+03
1.1389920654e+03
1.1261418457e+03
1.1261418457e+03
1.1389920654e+03
1.0720500488e+03
2.9721173096e+02
3.1092431641e+02
3.0704946899e+02
3.0704946899e+02
3.1092431641e+02
2.9721173096e+02
-4.7998138428e+02
-5.1936260986e+02
-5.1414855957e+02
-5.1414855957e+02
-5.1936260986e+02
-4.7998135376e+02
-1.2592141113e+03
-1.3525549316e+03
-1.3380789795e+03
-1.3380789795e+03
-1.3525548096e+03
-1.2592139893e+03
-2.0407414551e+03
-2.1887592773e+03
-2.1651589355e+03
-2.1651589355e+03
-2.1887592773e+03
-2.0407412109e+03
-2.8243088379e+03
-3.0288356934e+03
-2.9963808594e+03
-2.9963808594e+03
-3.0288356934e+03
-2.8243088379e+03
-3.6121313477e+03
-3.8726596680e+03
-3.8334409180e+03
-3.8334409180e+03
-3.8726596680e+03
-3.6121311035e+03
-4.4050146484e+03
-4.7319550781e+03
-4.6778471680e+03
-4.6778471680e+03
-4.7319550781e+03
-4.4050141602e+03
-5.2966791992e+03
-5.6149980469e+03
-5.5266865234e+03
-5.5266865234e+03
-5.6149975586e+03
-5.2966787109e+03
3.5449047852e+03
3.4903542480e+03
3.5526057129e+03
3.5526057129e+03
3.4903542480e+03
3.5449050293e+03
2.7230544434e+03
2.6864914551e+03
2.7415410156e+03
2.7415410156e+03
2.6864914551e+03
2.7230544434e+03
1.9130871582e+03
1.8864276123e+03
1.9298658447e+03
1.9298658447e+03
1.8864276123e+03
1.9130871582e+03
1.1080070801e+03
1.0922988281e+03
1.1168215332e+03
1.1168215332e+03
1.0922988281e+03
1.1080070801e+03
3.0440176392e+02
2.9863134766e+02
3.0339712524e+02
3.0339712524e+02
2.9863134766e+02
3.0440179443e+02
-5.0081597900e+02
-4.9640075684e+02
-5.1175726318e+02
-5.1175726318e+02
-4.9640075684e+02
-5.0081597900e+02
-1.3088665771e+03
-1.2942667236e+03
-1.3298068848e+03
-1.3298068848e+03
-1.2942668457e+03
-1.3088665771e+03
-2.1211467285e+03
-2.0963232422e+03
-2.1522722168e+03
-2.1522722168e+03
-2.0963232422e+03
-2.1211467285e+03
-2.9393032227e+03
-2.9045175781e+03
-2.9806062012e+03
-2.9806062012e+03
-2.9045175781e+03
-2.9393034668e+03
-3.7683864746e+03
-3.7220874023e+03
-3.8173950195e+03
-3.8173950195e+03
-3.7220874023e+03
-3.7683864746e+03
-4.6131660156e+03
-4.5564721680e+03
-4.6624467773e+03
-4.6624467773e+03
-4.5564721680e+03
-4.6131660156e+03
-5.4814140625e+03
-5.4084521484e+03
-5.5198803711e+03
-5.5198803711e+03
-5.4084521484e+03
-5.4814140625e+03
3.4882346191e+03
3.5109362793e+03
3.4727260742e+03
3.4727260742e+03
3.5109362793e+03
3.4882346191e+03
2.6847370605e+03
2.7111628418e+03
2.6784904785e+03
2.6784904785e+03
2.7111628418e+03
2.6847370605e+03
1.8926408691e+03
1.9046030273e+03
1.8837451172e+03
1.8837451172e+03
1.9046031494e+03
1.8926408691e+03
1.0948453369e+03
1.1008907471e+03
1.0881447754e+03
1.0881447754e+03
1.1008907471e+03
1.0948453369e+03
2.9661212158e+02
2.9595971680e+02
2.9216891479e+02
2.9216891479e+02
2.9595971680e+02
2.9661215210e+02
-5.0363284302e+02
-5.1050238037e+02
-5.0558959961e+02
-5.0558959961e+02
-5.1050238037e+02
-5.0363281250e+02
-1.3069294434e+03
-1.3201286621e+03
-1.3064779053e+03
-1.3064777832e+03
-1.3201286621e+03
-1.3069293213e+03
-2.1147470703e+03
-2.1342817383e+03
-2.1119067383e+03
-2.1119067383e+03
-2.1342817383e+03
-2.1147468262e+03
-2.9284423828e+03
-2.9547468262e+03
-2.9234008789e+03
-2.9234006348e+03
-2.9547468262e+03
-2.9284423828e+03
-3.7489440918e+03
-3.7814836426e+03
-3.7421306152e+03
-3.7421306152e+03
-3.7814836426e+03
-3.7489440918e+03
-4.5711743164e+03
-4.6181718750e+03
-4.5675595703e+03
-4.5675595703e+03
-4.6181718750e+03
-4.5711738281e+03
-5.4028955078e+03
-5.4491494141e+03
-5.3982978516e+03
-5.3982978516e+03
-5.4491494141e+03
-5.4028950195e+03
3.4491879883e+03
3.4313540039e+03
3.4419733887e+03
3.4419733887e+03
3.4313540039e+03
3.4491882324e+03
2.6403908691e+03
2.6395295410e+03
2.6528481445e+03
2.6528481445e+03
2.6395295410e+03
2.6403908691e+03
1.8574788818e+03
1.8510491943e+03
1.8622541504e+03
1.8622541504e+03
1.8510491943e+03
1.8574788818e+03
1.0699967041e+03
1.0651339111e+03
1.0703181152e+03
1.0703181152e+03
1.0651339111e+03
1.0699967041e+03
2.8041253662e+02
2.7716748047e+02
2.7751281738e+02
2.7751281738e+02
2.7716748047e+02
2.8041256714e+02
-5.1237701416e+02
-5.1309863281e+02
-5.1735034180e+02
-5.1735034180e+02
-5.1309863281e+02
-5.1237695312e+02
-1.3084018555e+03
-1.3065030518e+03
-1.3151494141e+03
-1.3151494141e+03
-1.3065030518e+03
-1.3084018555e+03
-2.1082966309e+03
-2.1036838379e+03
-2.1168884277e+03
-2.1168884277e+03
-2.1036838379e+03
-2.1082966309e+03
-2.9116325684e+03
-2.9052600098e+03
-2.9232373047e+03
-2.9232373047e+03
-2.9052600098e+03
-2.9116325684e+03
-3.7199533691e+03
-3.7113586426e+03
-3.7354445801e+03
-3.7354445801e+03
-3.7113586426e+03
-3.7199533691e+03
-4.5279555664e+03
-4.5262221680e+03
-4.5524897461e+03
-4.5524897461e+03
-4.5262221680e+03
-4.5279555664e+03
-5.3797250977e+03
-5.3548334961e+03
-5.3740107422e+03
-5.3740107422e+03
-5.3548334961e+03
-5.3797250977e+03
3.3659262695e+03
3.3730812988e+03
3.3608940430e+03
3.3608940430e+03
3.3730812988e+03
3.3659262695e+03
2.5805451660e+03
2.5933659668e+03
2.5841232910e+03
2.5841232910e+03
2.5933659668e+03
2.5805451660e+03
1.8060372314e+03
1.8111628418e+03
1.8080587158e+03
1.8080587158e+03
1.8111628418e+03
1.8060372314e+03
1.0313073730e+03
1.0334505615e+03
1.0310051270e+03
1.0310051270e+03
1.0334505615e+03
1.0313073730e+03
2.5598132324e+02
2.5473808289e+02
2.5352220154e+02
2.5352220154e+02
2.5473809814e+02
2.5598132324e+02
-5.2159960938e+02
-5.2568365479e+02
-5.2571789551e+02
-5.2571789551e+02
-5.2568359375e+02
-5.2159960938e+02
-1.3019399414e+03
-1.3088402100e+03
-1.3075889893e+03
-1.3075889893e+03
-1.3088402100e+03
-1.3019399414e+03
-2.0855607910e+03
-2.0953930664e+03
-2.0929812012e+03
-2.0929812012e+03
-2.0953930664e+03
-2.0855607910e+03
-2.8733037109e+03
-2.8865573730e+03
-2.8829194336e+03
-2.8829194336e+03
-2.8865573730e+03
-2.8733034668e+03
-3.6663220215e+03
-3.6829526367e+03
-3.6786833496e+03
-3.6786833496e+03
-3.6829526367e+03
-3.6663217773e+03
-4.4680932617e+03
-4.4914340820e+03
-4.4800634766e+03
-4.4800634766e+03
-4.4914340820e+03
-4.4680932617e+03
-5.2792290039e+03
-5.3018330078e+03
-5.2895625000e+03
-5.2895625000e+03
-5.3018330078e+03
-5.2792290039e+03
3.2791352539e+03
3.2721799316e+03
3.2720666504e+03
3.2720666504e+03
3.2721799316e+03
3.2791352539e+03
2.5016213379e+03
2.5087795410e+03
2.5113542480e+03
2.5113542480e+03
2.5087795410e+03
2.5016213379e+03
1.7471156006e+03
1.7460427246e+03
1.7496182861e+03
1.7496182861e+03
1.7460427246e+03
1.7471156006e+03
9.8745056152e+02
9.8626385498e+02
9.8748925781e+02
9.8748931885e+02
9.8626385498e+02
9.8745056152e+02
2.2750480652e+02
2.2553358459e+02
2.2518640137e+02
2.2518640137e+02
2.2553358459e+02
2.2750482178e+02
-5.3441186523e+02
-5.3646069336e+02
-5.3839270020e+02
-5.3839270020e+02
-5.3646069336e+02
-5.3441186523e+02
-1.2986628418e+03
-1.3008342285e+03
-1.3042434082e+03
-1.3042434082e+03
-1.3008342285e+03
-1.2986628418e+03
-2.0662377930e+03
-2.0684331055e+03
-2.0734216309e+03
-2.0734216309e+03
-2.0684331055e+03
-2.0662377930e+03
-2.8372231445e+03
-2.8402836914e+03
-2.8468571777e+03
-2.8468571777e+03
-2.8402836914e+03
-2.8372231445e+03
-3.6142473145e+03
-3.6169890137e+03
-3.6259943848e+03
-3.6259943848e+03
-3.6169890137e+03
-3.6142473145e+03
-4.3887675781e+03
-4.4017416992e+03
-4.4105073242e+03
-4.4105073242e+03
-4.4017416992e+03
-4.3887675781e+03
-5.2007895508e+03
-5.1943852539e+03
-5.1993388672e+03
-5.1993388672e+03
-5.1943852539e+03
-5.2007895508e+03
3.1635825195e+03
3.1652145996e+03
3.1585888672e+03
3.1585888672e+03
3.1652145996e+03
3.1635825195e+03
2.4104465332e+03
2.4197224121e+03
2.4163537598e+03
2.4163537598e+03
2.4197224121e+03
2.4104465332e+03
1.6711477051e+03
1.6741008301e+03
1.6748093262e+03
1.6748094482e+03
1.6741008301e+03
1.6711477051e+03
9.3195812988e+02
9.3291174316e+02
9.3258337402e+02
9.3258337402e+02
9.3291174316e+02
9.3195812988e+02
1.9215184021e+02
1.9114413452e+02
1.9060011292e+02
1.9060011292e+02
1.9114414978e+02
1.9215185547e+02
-5.4928320312e+02
-5.5173321533e+02
-5.5247052002e+02
-5.5247052002e+02
-5.5173321533e+02
-5.4928320312e+02
-1.2927510986e+03
-1.2965939941e+03
-1.2974093018e+03
-1.2974093018e+03
-1.2965939941e+03
-1.2927509766e+03
-2.0387841797e+03
-2.0441356201e+03
-2.0451750488e+03
-2.0451749268e+03
-2.0441356201e+03
-2.0387840576e+03
-2.7881027832e+03
-2.7954509277e+03
-2.7967280273e+03
-2.7967280273e+03
-2.7954509277e+03
-2.7881025391e+03
-3.5408884277e+03
-3.5506982422e+03
-3.5532607422e+03
-3.5532607422e+03
-3.5506982422e+03
-3.5408884277e+03
-4.3010937500e+03
-4.3163803711e+03
-4.3141127930e+03
-4.3141127930e+03
-4.3163803711e+03
-4.3010937500e+03
-5.0747163086e+03
-5.0864487305e+03
-5.0812075195e+03
-5.0812075195e+03
-5.0864487305e+03
-5.0747158203e+03
3.0358210449e+03
3.0325410156e+03
3.0300429688e+03
3.0300429688e+03
3.0325410156e+03
3.0358212891e+03
2.3010449219e+03
2.3097871094e+03
2.3097141113e+03
2.3097141113e+03
2.3097871094e+03
2.3010451660e+03
1.5863867188e+03
1.5873497314e+03
1.5894798584e+03
1.5894798584e+03
1.5873497314e+03
1.5863868408e+03
8.6850439453e+02
8.6894140625e+02
8.6967993164e+02
8.6967993164e+02
8.6894140625e+02
8.6850439453e+02
1.5131512451e+02
1.5040274048e+02
1.5029182434e+02
1.5029182434e+02
1.5040274048e+02
1.5131513977e+02
-5.6700506592e+02
-5.6856439209e+02
-5.6954217529e+02
-5.6954217529e+02
-5.6856439209e+02
-5.6700506592e+02
-1.2867950439e+03
-1.2890565186e+03
-1.2908100586e+03
-1.2908100586e+03
-1.2890565186e+03
-1.2867949219e+03
-2.0088756104e+03
-2.0117720947e+03
-2.0144045410e+03
-2.0144045410e+03
-2.0117720947e+03
-2.0088756104e+03
-2.7332585449e+03
-2.7376267090e+03
-2.7411784668e+03
-2.7411784668e+03
-2.7376267090e+03
-2.7332585449e+03
-3.4629050293e+03
-3.4674816895e+03
-3.4724509277e+03
-3.4724509277e+03
-3.4674816895e+03
-3.4629050293e+03
-4.1904160156e+03
-4.2046977539e+03
-4.2080791016e+03
-4.2080791016e+03
-4.2046977539e+03
-4.1904160156e+03
-4.9476845703e+03
-4.9466796875e+03
-4.9478920898e+03
-4.9478920898e+03
-4.9466796875e+03
-4.9476845703e+03
2.8866813965e+03
2.8870012207e+03
2.8822619629e+03
2.8822619629e+03
2.8870012207e+03
2.8866813965e+03
2.1791123047e+03
2.1880146484e+03
2.1864875488e+03
2.1864875488e+03
2.1880146484e+03
2.1791123047e+03
1.4874605713e+03
1.4902983398e+03
1.4919887695e+03
1.4919888916e+03
1.4902983398e+03
1.4874605713e+03
7.9588494873e+02
7.9718914795e+02
7.9763330078e+02
7.9763330078e+02
7.9718914795e+02
7.9588494873e+02
1.0476900482e+02
1.0456969452e+02
1.0456114960e+02
1.0456115723e+02
1.0456970215e+02
1.0476901245e+02
-5.8691912842e+02
-5.8818640137e+02
-5.8866668701e+02
-5.8866668701e+02
-5.8818640137e+02
-5.8691906738e+02
-1.2795192871e+03
-1.2818098145e+03
-1.2826591797e+03
-1.2826591797e+03
-1.2818098145e+03
-1.2795192871e+03
-1.9735887451e+03
-1.9770004883e+03
-1.9783597412e+03
-1.9783597412e+03
-1.9770004883e+03
-1.9735887451e+03
-2.6698469238e+03
-2.6748261719e+03
-2.6766621094e+03
-2.6766621094e+03
-2.6748261719e+03
-2.6698469238e+03
-3.3682324219e+03
-3.3752316895e+03
-3.3786811523e+03
-3.3786811523e+03
-3.3752316895e+03
-3.3682324219e+03
-4.0712058105e+03
-4.0838593750e+03
-4.0838259277e+03
-4.0838259277e+03
-4.0838593750e+03
-4.0712058105e+03
-4.7890927734e+03
-4.7964384766e+03
-4.7932080078e+03
-4.7932080078e+03
-4.7964384766e+03
-4.7890927734e+03
2.7231284180e+03
2.7216440430e+03
2.7187170410e+03
2.7187170410e+03
2.7216440430e+03
2.7231284180e+03
2.0419547119e+03
2.0510236816e+03
2.0505581055e+03
2.0505581055e+03
2.0510236816e+03
2.0419547119e+03
1.3791047363e+03
1.3813668213e+03
1.3834713135e+03
1.3834713135e+03
1.3813668213e+03
1.3791047363e+03
7.1535412598e+02
7.1693615723e+02
7.1790753174e+02
7.1790753174e+02
7.1693615723e+02
7.1535412598e+02
5.3082397461e+01
5.3270416260e+01
5.3593826294e+01
5.3593830109e+01
5.3270427704e+01
5.3082408905e+01
-6.0908172607e+02
-6.0962432861e+02
-6.0995202637e+02
-6.0995202637e+02
-6.0962432861e+02
-6.0908172607e+02
-1.2715242920e+03
-1.2728627930e+03
-1.2737678223e+03
-1.2737677002e+03
-1.2728627930e+03
-1.2715242920e+03
-1.9349223633e+03
-1.9370192871e+03
-1.9386026611e+03
-1.9386026611e+03
-1.9370192871e+03
-1.9349223633e+03
-2.5991953125e+03
-2.6028430176e+03
-2.6052055664e+03
-2.6052055664e+03
-2.6028430176e+03
-2.5991953125e+03
-3.2670302734e+03
-3.2712238770e+03
-3.2747941895e+03
-3.2747941895e+03
-3.2712238770e+03
-3.2670302734e+03
-3.9327485352e+03
-3.9455390625e+03
-3.9470671387e+03
-3.9470671387e+03
-3.9455390625e+03
-3.9327485352e+03
-4.6218300781e+03
-4.6226347656e+03
-4.6225068359e+03
-4.6225068359e+03
-4.6226342773e+03
-4.6218300781e+03
2.5423159180e+03
2.5424956055e+03
2.5388344727e+03
2.5388344727e+03
2.5424956055e+03
2.5423159180e+03
1.8923031006e+03
1.9013437500e+03
1.9006368408e+03
1.9006368408e+03
1.9013437500e+03
1.8923031006e+03
1.2594105225e+03
1.2627369385e+03
1.2648536377e+03
1.2648536377e+03
1.2627369385e+03
1.2594105225e+03
6.2697991943e+02
6.2911773682e+02
6.3013861084e+02
6.3013861084e+02
6.2911773682e+02
6.2697991943e+02
-3.4003381729e+00
-2.5323231220e+00
-1.9682753086e+00
-1.9682724476e+00
-2.5323154926e+00
-3.4003255367e+00
-6.3315026855e+02
-6.3318035889e+02
-6.3311968994e+02
-6.3311968994e+02
-6.3318035889e+02
-6.3315026855e+02
-1.2624129639e+03
-1.2633012695e+03
-1.2636546631e+03
-1.2636546631e+03
-1.2633012695e+03
-1.2624129639e+03
-1.8917183838e+03
-1.8935540771e+03
-1.8944625244e+03
-1.8944625244e+03
-1.8935540771e+03
-1.8917182617e+03
-2.5217351074e+03
-2.5249553223e+03
-2.5263659668e+03
-2.5263659668e+03
-2.5249553223e+03
-2.5217351074e+03
-3.1524252930e+03
-3.1573303223e+03
-3.1602756348e+03
-3.1602756348e+03
-3.1573303223e+03
-3.1524252930e+03
-3.7849790039e+03
-3.7956179199e+03
-3.7958701172e+03
-3.7958701172e+03
-3.7956179199e+03
-3.7849790039e+03
-4.4313095703e+03
-4.4361508789e+03
-4.4337197266e+03
-4.4337197266e+03
-4.4361508789e+03
-4.4313095703e+03
2.3473205566e+03
2.3471132812e+03
2.3443137207e+03
2.3443137207e+03
2.3471132812e+03
2.3473205566e+03
1.7303466797e+03
1.7394783936e+03
1.7392293701e+03
1.7392293701e+03
1.7394783936e+03
1.7303468018e+03
1.1303294678e+03
1.1336838379e+03
1.1360404053e+03
1.1360404053e+03
1.1336838379e+03
1.1303294678e+03
5.3183239746e+02
5.3450537109e+02
5.3587451172e+02
5.3587451172e+02
5.3450537109e+02
5.3183239746e+02
-6.4381927490e+01
-6.2989055634e+01
-6.2142303467e+01
-6.2142303467e+01
-6.2989048004e+01
-6.4381912231e+01
-6.5892041016e+02
-6.5821282959e+02
-6.5790112305e+02
-6.5790112305e+02
-6.5821282959e+02
-6.5892034912e+02
-1.2523271484e+03
-1.2523787842e+03
-1.2525489502e+03
-1.2525489502e+03
-1.2523787842e+03
-1.2523271484e+03
-1.8451362305e+03
-1.8459331055e+03
-1.8466804199e+03
-1.8466804199e+03
-1.8459331055e+03
-1.8451361084e+03
-2.4371943359e+03
-2.4394416504e+03
-2.4408898926e+03
-2.4408898926e+03
-2.4394416504e+03
-2.4371943359e+03
-3.0307988281e+03
-3.0337988281e+03
-3.0363835449e+03
-3.0363835449e+03
-3.0337988281e+03
-3.0307988281e+03
-3.6214841309e+03
-3.6319870605e+03
-3.6325786133e+03
-3.6325786133e+03
-3.6319870605e+03
-3.6214841309e+03
-4.2300498047e+03
-4.2311606445e+03
-4.2303886719e+03
-4.2303886719e+03
-4.2311606445e+03
-4.2300498047e+03
2.1384626465e+03
2.1388718262e+03
2.1361047363e+03
2.1361047363e+03
2.1388718262e+03
2.1384626465e+03
1.5565296631e+03
1.5657138672e+03
1.5656053467e+03
1.5656053467e+03
1.5657138672e+03
1.5565296631e+03
9.9266198730e+02
9.9669848633e+02
9.9913940430e+02
9.9913940430e+02
9.9669848633e+02
9.9266204834e+02
4.2980316162e+02
4.3290643311e+02
4.3448010254e+02
4.3448010254e+02
4.3290646362e+02
4.2980316162e+02
-1.2911618042e+02
-1.2708055115e+02
-1.2591261292e+02
-1.2591261292e+02
-1.2708054352e+02
-1.2911616516e+02
-6.8613574219e+02
-6.8486645508e+02
-6.8416290283e+02
-6.8416290283e+02
-6.8486645508e+02
-6.8613574219e+02
-1.2410920410e+03
-1.2405593262e+03
-1.2402468262e+03
-1.2402468262e+03
-1.2405593262e+03
-1.2410920410e+03
-1.7944741211e+03
-1.7947623291e+03
-1.7949782715e+03
-1.7949782715e+03
-1.7947623291e+03
-1.7944739990e+03
-2.3468857422e+03
-2.3484277344e+03
-2.3491350098e+03
-2.3491350098e+03
-2.3484277344e+03
-2.3468857422e+03
-2.8982158203e+03
-2.9011860352e+03
-2.9032795410e+03
-2.9032795410e+03
-2.9011860352e+03
-2.8982158203e+03
-3.4490659180e+03
-3.4575473633e+03
-3.4574882812e+03
-3.4574882812e+03
-3.4575473633e+03
-3.4490659180e+03
-4.0108247070e+03
-4.0139733887e+03
-4.0118713379e+03
-4.0118713379e+03
-4.0139733887e+03
-4.0108247070e+03
1.9163619385e+03
1.9172955322e+03
1.9148201904e+03
1.9148201904e+03
1.9172955322e+03
1.9163619385e+03
1.3735186768e+03
1.3825711670e+03
1.3826835938e+03
1.3826835938e+03
1.3825711670e+03
1.3735186768e+03
8.4594158936e+02
8.5026074219e+02
8.5290240479e+02
8.5290240479e+02
8.5026074219e+02
8.4594158936e+02
3.2265054321e+02
3.2641854858e+02
3.2821829224e+02
3.2821829224e+02
3.2641854858e+02
3.2265054321e+02
-1.9765618896e+02
-1.9500721741e+02
-1.9362292480e+02
-1.9362292480e+02
-1.9500720215e+02
-1.9765617371e+02
-7.1453472900e+02
-7.1248260498e+02
-7.1154125977e+02
-7.1154125977e+02
-7.1248260498e+02
-7.1453472900e+02
-1.2287672119e+03
-1.2273862305e+03
-1.2268541260e+03
-1.2268541260e+03
-1.2273862305e+03
-1.2287672119e+03
-1.7407384033e+03
-1.7400347900e+03
-1.7400040283e+03
-1.7400040283e+03
-1.7400347900e+03
-1.7407384033e+03
-2.2502050781e+03
-2.2507873535e+03
-2.2513784180e+03
-2.2513784180e+03
-2.2507873535e+03
-2.2502050781e+03
-2.7592268066e+03
-2.7606628418e+03
-2.7623012695e+03
-2.7623012695e+03
-2.7606628418e+03
-2.7592268066e+03
-3.2638835449e+03
-3.2717900391e+03
-3.2717521973e+03
-3.2717521973e+03
-3.2717900391e+03
-3.2638835449e+03
-3.7814953613e+03
-3.7821420898e+03
-3.7811044922e+03
-3.7811044922e+03
-3.7821420898e+03
-3.7814953613e+03
1.6839349365e+03
1.6845711670e+03
1.6826967773e+03
1.6826967773e+03
1.6845711670e+03
1.6839349365e+03
1.1791187744e+03
1.1882803955e+03
1.1887755127e+03
1.1887755127e+03
1.1882803955e+03
1.1791187744e+03
6.9369195557e+02
6.9847784424e+02
7.0120043945e+02
7.0120043945e+02
6.9847784424e+02
6.9369195557e+02
2.0938502502e+02
2.1340162659e+02
2.1550341797e+02
2.1550341797e+02
2.1340164185e+02
2.0938502502e+02
-2.6878854370e+02
-2.6562420654e+02
-2.6383908081e+02
-2.6383908081e+02
-2.6562420654e+02
-2.6878854370e+02
-7.4380389404e+02
-7.4127221680e+02
-7.3987786865e+02
-7.3987786865e+02
-7.4127221680e+02
-7.4380389404e+02
-1.2151527100e+03
-1.2132459717e+03
-1.2121921387e+03
-1.2121921387e+03
-1.2132459717e+03
-1.2151527100e+03
-1.6832692871e+03
-1.6820688477e+03
-1.6814841309e+03
-1.6814841309e+03
-1.6820688477e+03
-1.6832692871e+03
-2.1487155762e+03
-2.1486264648e+03
-2.1485080566e+03
-2.1485080566e+03
-2.1486264648e+03
-2.1487153320e+03
-2.6110524902e+03
-2.6121811523e+03
-2.6132958984e+03
-2.6132958984e+03
-2.6121811523e+03
-2.6110524902e+03
-3.0710625000e+03
-3.0772185059e+03
-3.0766110840e+03
-3.0766110840e+03
-3.0772185059e+03
-3.0710625000e+03
-3.5380104980e+03
-3.5399326172e+03
-3.5378999023e+03
-3.5378999023e+03
-3.5399326172e+03
-3.5380104980e+03
1.4388787842e+03
1.4410274658e+03
1.4388790283e+03
1.4388790283e+03
1.4410274658e+03
1.4388787842e+03
9.7941033936e+02
9.8827233887e+02
9.8865356445e+02
9.8865356445e+02
9.8827233887e+02
9.7941033936e+02
5.3221673584e+02
5.3734667969e+02
5.4018804932e+02
5.4018804932e+02
5.3734674072e+02
5.3221673584e+02
9.2950813293e+01
9.7794792175e+01
9.9969467163e+01
9.9969474792e+01
9.7794799805e+01
9.2950820923e+01
-3.4302377319e+02
-3.3910244751e+02
-3.3726089478e+02
-3.3726086426e+02
-3.3910244751e+02
-3.4302377319e+02
-7.7383026123e+02
-7.7040258789e+02
-7.6892822266e+02
-7.6892822266e+02
-7.7040258789e+02
-7.7383026123e+02
-1.2004608154e+03
-1.1975869141e+03
-1.1964558105e+03
-1.1964558105e+03
-1.1975869141e+03
-1.2004608154e+03
-1.6231770020e+03
-1.6208769531e+03
-1.6201755371e+03
-1.6201755371e+03
-1.6208769531e+03
-1.6231770020e+03
-2.0416445312e+03
-2.0404437256e+03
-2.0402741699e+03
-2.0402741699e+03
-2.0404437256e+03
-2.0416445312e+03
-2.4579636230e+03
-2.4576303711e+03
-2.4583925781e+03
-2.4583925781e+03
-2.4576303711e+03
-2.4579636230e+03
-2.8679511719e+03
-2.8730539551e+03
-2.8726335449e+03
-2.8726335449e+03
-2.8730539551e+03
-2.8679511719e+03
-3.2865185547e+03
-3.2862241211e+03
-3.2852238770e+03
-3.2852236328e+03
-3.2862241211e+03
-3.2865185547e+03
1.1878896484e+03
1.1884029541e+03
1.1875904541e+03
1.1875904541e+03
1.1884029541e+03
1.1878896484e+03
7.6744116211e+02
7.7618945312e+02
7.7752362061e+02
7.7752362061e+02
7.7618945312e+02
7.6744116211e+02
3.6930743408e+02
3.7474349976e+02
3.7782760620e+02
3.7782760620e+02
3.7474349976e+02
3.6930743408e+02
-2.9025157928e+01
-2.4309812546e+01
-2.1644777298e+01
-2.1644773483e+01
-2.4309806824e+01
-2.9025150299e+01
-4.1868453979e+02
-4.1464111328e+02
-4.1216793823e+02
-4.1216793823e+02
-4.1464111328e+02
-4.1868453979e+02
-8.0393792725e+02
-8.0039080811e+02
-7.9819677734e+02
-7.9819677734e+02
-8.0039080811e+02
-8.0393792725e+02
-1.1841057129e+03
-1.1810758057e+03
-1.1791469727e+03
-1.1791469727e+03
-1.1810758057e+03
-1.1841057129e+03
-1.5595461426e+03
-1.5571104736e+03
-1.5555708008e+03
-1.5555708008e+03
-1.5571104736e+03
-1.5595461426e+03
-1.9307370605e+03
-1.9292309570e+03
-1.9281193848e+03
-1.9281193848e+03
-1.9292309570e+03
-1.9307370605e+03
-2.2965927734e+03
-2.2961274414e+03
-2.2960632324e+03
-2.2960632324e+03
-2.2961274414e+03
-2.2965927734e+03
-2.6591213379e+03
-2.6630334473e+03
-2.6615878906e+03
-2.6615878906e+03
-2.6630334473e+03
-2.6591213379e+03
-3.0237473145e+03
-3.0248732910e+03
-3.0226706543e+03
-3.0226706543e+03
-3.0248730469e+03
-3.0237473145e+03
9.2309326172e+02
9.2685968018e+02
9.2462719727e+02
9.2462719727e+02
9.2685968018e+02
9.2309326172e+02
5.5627630615e+02
5.6511853027e+02
5.6515258789e+02
5.6515258789e+02
5.6511853027e+02
5.5627630615e+02
1.9530186462e+02
2.0112725830e+02
2.0362753296e+02
2.0362753296e+02
2.0112727356e+02
1.9530187988e+02
-1.5214561462e+02
-1.4622535706e+02
-1.4409547424e+02
-1.4409545898e+02
-1.4622535706e+02
-1.5214559937e+02
-4.9656768799e+02
-4.9125405884e+02
-4.8938378906e+02
-4.8938378906e+02
-4.9125405884e+02
-4.9656768799e+02
-8.3452197266e+02
-8.2956951904e+02
-8.2802825928e+02
-8.2802819824e+02
-8.2956951904e+02
-8.3452197266e+02
-1.1668784180e+03
-1.1623471680e+03
-1.1611163330e+03
-1.1611163330e+03
-1.1623471680e+03
-1.1668784180e+03
-1.4937990723e+03
-1.4897307129e+03
-1.4888786621e+03
-1.4888786621e+03
-1.4897307129e+03
-1.4937990723e+03
-1.8150120850e+03
-1.8118681641e+03
-1.8114785156e+03
-1.8114785156e+03
-1.8118681641e+03
-1.8150120850e+03
-2.1329272461e+03
-2.1305617676e+03
-2.1310444336e+03
-2.1310444336e+03
-2.1305617676e+03
-2.1329272461e+03
-2.4418164062e+03
-2.4437714844e+03
-2.4437116699e+03
-2.4437116699e+03
-2.4437714844e+03
-2.4418164062e+03
-2.7560705566e+03
-2.7544262695e+03
-2.7540385742e+03
-2.7540385742e+03
-2.7544262695e+03
-2.7560705566e+03
6.6015399170e+02
6.5893426514e+02
6.5974627686e+02
6.5974627686e+02
6.5893426514e+02
6.6015399170e+02
3.2861950684e+02
3.3519494629e+02
3.3815289307e+02
3.3815289307e+02
3.3519494629e+02
3.2861950684e+02
2.7142601013e+01
3.2154472351e+01
3.6255252838e+01
3.6255256653e+01
3.2154476166e+01
2.7142606735e+01
-2.7922772217e+02
-2.7486743164e+02
-2.7116336060e+02
-2.7116336060e+02
-2.7486743164e+02
-2.7922772217e+02
-5.7468579102e+02
-5.7096960449e+02
-5.6735339355e+02
-5.6735339355e+02
-5.7096960449e+02
-5.7468579102e+02
-8.6420916748e+02
-8.6090789795e+02
-8.5739404297e+02
-8.5739404297e+02
-8.6090789795e+02
-8.6420916748e+02
-1.1473989258e+03
-1.1445172119e+03
-1.1411013184e+03
-1.1411011963e+03
-1.1445172119e+03
-1.1473989258e+03
-1.4245528564e+03
-1.4221480713e+03
-1.4189505615e+03
-1.4189505615e+03
-1.4221480713e+03
-1.4245528564e+03
-1.6958980713e+03
-1.6942319336e+03
-1.6913254395e+03
-1.6913254395e+03
-1.6942319336e+03
-1.6958980713e+03
-1.9597642822e+03
-1.9591107178e+03
-1.9569180908e+03
-1.9569180908e+03
-1.9591107178e+03
-1.9597642822e+03
-2.2211794434e+03
-2.2242319336e+03
-2.2209892578e+03
-2.2209892578e+03
-2.2242319336e+03
-2.2211791992e+03
-2.4785041504e+03
-2.4801684570e+03
-2.4772180176e+03
-2.4772180176e+03
-2.4801684570e+03
-2.4785041504e+03
3.7700659180e+02
3.8392044067e+02
3.8015374756e+02
3.8015374756e+02
3.8392044067e+02
3.7700659180e+02
1.1522695923e+02
1.2571710968e+02
1.2342857361e+02
1.2342857361e+02
1.2571710968e+02
1.1522695923e+02
-1.5781367493e+02
-1.5039193726e+02
-1.5042781067e+02
-1.5042781067e+02
-1.5039193726e+02
-1.5781367493e+02
-4.0842950439e+02
-4.0067343140e+02
-4.0050500488e+02
-4.0050497437e+02
-4.0067343140e+02
-4.0842950439e+02
-6.5555438232e+02
-6.4772747803e+02
-6.4756298828e+02
-6.4756298828e+02
-6.4772747803e+02
-6.5555438232e+02
-8.9585369873e+02
-8.8796234131e+02
-8.8805999756e+02
-8.8805999756e+02
-8.8796234131e+02
-8.9585369873e+02
-1.1295466309e+03
-1.1217503662e+03
-1.1222258301e+03
-1.1222258301e+03
-1.1217503662e+03
-1.1295466309e+03
-1.3564464111e+03
-1.3488675537e+03
-1.3498385010e+03
-1.3498385010e+03
-1.3488675537e+03
-1.3564464111e+03
-1.5763145752e+03
-1.5693576660e+03
-1.5709251709e+03
-1.5709251709e+03
-1.5693576660e+03
-1.5763145752e+03
-1.7912850342e+03
-1.7847678223e+03
-1.7873433838e+03
-1.7873433838e+03
-1.7847678223e+03
-1.7912850342e+03
-1.9925976562e+03
-1.9893034668e+03
-1.9917781982e+03
-1.9917781982e+03
-1.9893034668e+03
-1.9925976562e+03
-2.2000573730e+03
-2.1954973145e+03
-2.1970932617e+03
-2.1970932617e+03
-2.1954973145e+03
-2.2000573730e+03
1.1846063995e+02
1.1492148590e+02
1.2382006073e+02
1.2382006073e+02
1.1492149353e+02
1.1846065521e+02
-1.3014562988e+02
-1.2781999969e+02
-1.1677468109e+02
-1.1677468109e+02
-1.2781999969e+02
-1.3014562988e+02
-3.2698202515e+02
-3.2272415161e+02
-3.1030221558e+02
-3.1030221558e+02
-3.2272415161e+02
-3.2698202515e+02
-5.3840863037e+02
-5.3322937012e+02
-5.2088317871e+02
-5.2088317871e+02
-5.3322937012e+02
-5.3840863037e+02
-7.4036773682e+02
-7.3538897705e+02
-7.2289788818e+02
-7.2289788818e+02
-7.3538897705e+02
-7.4036773682e+02
-9.3338464355e+02
-9.2881024170e+02
-9.1611596680e+02
-9.1611596680e+02
-9.2881024170e+02
-9.3338464355e+02
-1.1161875000e+03
-1.1122982178e+03
-1.0993497314e+03
-1.0993497314e+03
-1.1122982178e+03
-1.1161875000e+03
-1.2892183838e+03
-1.2862955322e+03
-1.2732194824e+03
-1.2732194824e+03
-1.2862955322e+03
-1.2892183838e+03
-1.4536411133e+03
-1.4520328369e+03
-1.4390383301e+03
-1.4390383301e+03
-1.4520328369e+03
-1.4536409912e+03
-1.6096834717e+03
-1.6098242188e+03
-1.5973999023e+03
-1.5973999023e+03
-1.6098242188e+03
-1.6096834717e+03
-1.7666506348e+03
-1.7697781982e+03
-1.7576733398e+03
-1.7576733398e+03
-1.7697781982e+03
-1.7666506348e+03
-1.9071229248e+03
-1.9091251221e+03
-1.8993745117e+03
-1.8993745117e+03
-1.9091251221e+03
-1.9071229248e+03
-1.7725083923e+02
-1.5781675720e+02
-1.7459141541e+02
-1.7459143066e+02
-1.5781677246e+02
-1.7725085449e+02
-3.1618655396e+02
-2.9054266357e+02
-3.0485485840e+02
-3.0485485840e+02
-2.9054266357e+02
-3.1618655396e+02
-5.1412878418e+02
-4.9250067139e+02
-5.0652322388e+02
-5.0652322388e+02
-4.9250067139e+02
-5.1412878418e+02
-6.8122802734e+02
-6.6148614502e+02
-6.7646057129e+02
-6.7646057129e+02
-6.6148614502e+02
-6.8122808838e+02
-8.3446002197e+02
-8.1517053223e+02
-8.3111584473e+02
-8.3111584473e+02
-8.1517053223e+02
-8.3446002197e+02
-9.7595507812e+02
-9.5617541504e+02
-9.7300646973e+02
-9.7300646973e+02
-9.5617541504e+02
-9.7595507812e+02
-1.1079494629e+03
-1.0871522217e+03
-1.1047467041e+03
-1.1047467041e+03
-1.0871522217e+03
-1.1079494629e+03
-1.2299135742e+03
-1.2079743652e+03
-1.2261906738e+03
-1.2261906738e+03
-1.2079743652e+03
-1.2299135742e+03
-1.3397257080e+03
-1.3172502441e+03
-1.3358928223e+03
-1.3358928223e+03
-1.3172502441e+03
-1.3397257080e+03
-1.4370776367e+03
-1.4149052734e+03
-1.4339478760e+03
-1.4339478760e+03
-1.4149052734e+03
-1.4370777588e+03
-1.5149438477e+03
-1.4969108887e+03
-1.5150699463e+03
-1.5150699463e+03
-1.4969108887e+03
-1.5149439697e+03
-1.6115179443e+03
-1.5993212891e+03
-1.6173481445e+03
-1.6173481445e+03
-1.5993212891e+03
-1.6115179443e+03
-3.2298724365e+02
-3.8399441528e+02
-3.8716601562e+02
-3.8716601562e+02
-3.8399438477e+02
-3.2298721313e+02
-5.6668896484e+02
-6.3099993896e+02
-6.3528021240e+02
-6.3528021240e+02
-6.3099993896e+02
-5.6668890381e+02
-6.6929809570e+02
-7.3788696289e+02
-7.4085113525e+02
-7.4085113525e+02
-7.3788696289e+02
-6.6929809570e+02
-7.6049023438e+02
-8.3092498779e+02
-8.3357244873e+02
-8.3357244873e+02
-8.3092498779e+02
-7.6049023438e+02
-8.4767736816e+02
-9.2032513428e+02
-9.2225067139e+02
-9.2225067139e+02
-9.2032507324e+02
-8.4767730713e+02
-9.3499114990e+02
-1.0095571899e+03
-1.0107021484e+03
-1.0107021484e+03
-1.0095571289e+03
-9.3499114990e+02
-1.0199422607e+03
-1.0959207764e+03
-1.0961748047e+03
-1.0961748047e+03
-1.0959207764e+03
-1.0199421997e+03
-1.0991076660e+03
-1.1754505615e+03
-1.1747626953e+03
-1.1747626953e+03
-1.1754505615e+03
-1.0991075439e+03
-1.1683959961e+03
-1.2434160156e+03
-1.2418044434e+03
-1.2418044434e+03
-1.2434160156e+03
-1.1683959961e+03
-1.2208583984e+03
-1.2926119385e+03
-1.2903295898e+03
-1.2903295898e+03
-1.2926119385e+03
-1.2208582764e+03
-1.2528815918e+03
-1.3196129150e+03
-1.3172073975e+03
-1.3172073975e+03
-1.3196129150e+03
-1.2528814697e+03
-1.2280924072e+03
-1.2876962891e+03
-1.2818271484e+03
-1.2818271484e+03
-1.2876962891e+03
-1.2280924072e+03
-9.9821728516e+02
-9.8538177490e+02
-9.8583062744e+02
-9.8583062744e+02
-9.8538177490e+02
-9.9821728516e+02
-8.8498339844e+02
-8.6722613525e+02
-8.6897302246e+02
-8.6897302246e+02
-8.6722613525e+02
-8.8498339844e+02
-8.6981573486e+02
-8.4446240234e+02
-8.4607281494e+02
-8.4607281494e+02
-8.4446240234e+02
-8.6981573486e+02
-8.9228814697e+02
-8.6093835449e+02
-8.6101055908e+02
-8.6101055908e+02
-8.6093835449e+02
-8.9228814697e+02
-9.3601654053e+02
-8.9934777832e+02
-8.9783837891e+02
-8.9783837891e+02
-8.9934777832e+02
-9.3601660156e+02
-9.8869580078e+02
-9.4742431641e+02
-9.4438781738e+02
-9.4438781738e+02
-9.4742431641e+02
-9.8869580078e+02
-1.0422340088e+03
-9.9691351318e+02
-9.9235211182e+02
-9.9235205078e+02
-9.9691351318e+02
-1.0422340088e+03
-1.0895905762e+03
-1.0405389404e+03
-1.0342548828e+03
-1.0342548828e+03
-1.0405389404e+03
-1.0895906982e+03
-1.1234964600e+03
-1.0705773926e+03
-1.0621855469e+03
-1.0621855469e+03
-1.0705773926e+03
-1.1234964600e+03
-1.1363432617e+03
-1.0789299316e+03
-1.0676323242e+03
-1.0676323242e+03
-1.0789299316e+03
-1.1363432617e+03
-1.1140268555e+03
-1.0493103027e+03
-1.0354943848e+03
-1.0354943848e+03
-1.0493103027e+03
-1.1140269775e+03
-1.0462031250e+03
-9.7922210693e+02
-9.6674237061e+02
-9.6674237061e+02
-9.7922216797e+02
-1.0462032471e+03
