-1.4007751465e+01
-4.7619037628e+01
-8.1270637512e+01
-1.1422727203e+02
-1.4645303345e+02
-1.7769371033e+02
-2.0778614807e+02
-2.3655812073e+02
-2.6383831787e+02
-2.8948132324e+02
-3.1333105469e+02
-3.3526495361e+02
-3.5515133667e+02
-3.7289349365e+02
-3.8838967896e+02
-4.0157318115e+02
-4.1237716675e+02
-4.2076788330e+02
-4.2671868896e+02
-4.3022750854e+02
-4.3131674194e+02
-4.3000427246e+02
-4.2638415527e+02
-4.2046301270e+02
-4.1236590576e+02
-4.0217150879e+02
-3.9018017578e+02
-3.7644018555e+02
-3.6100421143e+02
-3.4407388306e+02
-3.2577612305e+02
-3.0639459229e+02
-2.8600881958e+02
-2.6491735840e+02
-2.4324726868e+02
-2.2127182007e+02
-1.9916696167e+02
-1.7718315125e+02
-1.5553057861e+02
-1.3444323730e+02
-1.1414982605e+02
-9.4872207642e+01
-7.6838661194e+01
-6.0266681671e+01
-4.5351566315e+01
-3.2333320618e+01
-2.1302648544e+01
-1.2610330582e+01
-6.0541062355e+00
-2.5679662228e+00
0.0000000000e+00
