-1.4703349113e+01
-4.9107921600e+01
-8.3534461975e+01
-1.1724966431e+02
-1.5021389771e+02
-1.8217047119e+02
-2.1295205688e+02
-2.4238378906e+02
-2.7029049683e+02
-2.9652401733e+02
-3.2092465210e+02
-3.4336715698e+02
-3.6371658325e+02
-3.8187384033e+02
-3.9773443604e+02
-4.1122988892e+02
-4.2229129028e+02
-4.3088381958e+02
-4.3697994995e+02
-4.4057708740e+02
-4.4169830322e+02
-4.4036129761e+02
-4.3666268921e+02
-4.3060913086e+02
-4.2232870483e+02
-4.1190118408e+02
-3.9963330078e+02
-3.8557684326e+02
-3.6978356934e+02
-3.5246151733e+02
-3.3373770142e+02
-3.1390481567e+02
-2.9304138184e+02
-2.7145465088e+02
-2.4927247620e+02
-2.2677552795e+02
-2.0414250183e+02
-1.8163021851e+02
-1.5945320129e+02
-1.3785136414e+02
-1.1705883789e+02
-9.7303222656e+01
-7.8818923950e+01
-6.1829326630e+01
-4.6535476685e+01
-3.3184329987e+01
-2.1869606018e+01
-1.2952746391e+01
-6.2249202728e+00
-2.6472516060e+00
0.0000000000e+00
