-3.2838836432e-06
2.2773332894e-01
1.9485838711e-01
1.9732911885e-01
1.7150066793e-01
1.5921106935e-01
1.4164540172e-01
1.2922962010e-01
1.1621805280e-01
1.0483603179e-01
9.4802536070e-02
8.5604548454e-02
7.8350499272e-02
7.1915231645e-02
6.7447051406e-02
6.3946522772e-02
6.2289744616e-02
6.1648380011e-02
6.2743313611e-02
6.4784109592e-02
6.8182460964e-02
7.2765268385e-02
7.6170243323e-02
8.6860924959e-02
1.0399413854e-01
1.2271391600e-01
1.2055281550e-01
1.1970844865e-01
1.2479261309e-01
1.3639886677e-01
1.4583726227e-01
1.5524062514e-01
1.6459110379e-01
1.7329011858e-01
1.8198078871e-01
1.8981011212e-01
1.9751299918e-01
2.0414231718e-01
2.1066518128e-01
2.1592631936e-01
2.2108252347e-01
2.2508199513e-01
2.2853165865e-01
2.3182868958e-01
2.3289814591e-01
2.3765309155e-01
2.3586568236e-01
2.4655613303e-01
2.2813464701e-01
2.4444334209e-01
0.0000000000e+00
