9.2743706703e-01
3.1629556656e+01
6.2146324158e+01
9.2226295471e+01
1.2171282196e+02
1.5038694763e+02
1.7808161926e+02
2.0460847473e+02
2.2980340576e+02
2.5350646973e+02
2.7556909180e+02
2.9585946655e+02
3.1425335693e+02
3.3064932251e+02
3.4495333862e+02
3.5709716797e+02
3.6702096558e+02
3.7469219971e+02
3.8008767700e+02
3.8321191406e+02
3.8407925415e+02
3.8273129272e+02
3.7921945190e+02
3.7362100220e+02
3.6602246094e+02
3.5653399658e+02
3.4527410889e+02
3.3238204956e+02
3.1800405884e+02
3.0230377197e+02
2.8545010376e+02
2.6762579346e+02
2.4901698303e+02
2.2981979370e+02
2.1023171997e+02
1.9045632935e+02
1.7069644165e+02
1.5115696716e+02
1.3203977966e+02
1.1354526520e+02
9.5867492676e+01
7.9197029114e+01
6.3712169647e+01
4.9589817047e+01
3.6981498718e+01
2.6049440384e+01
1.6898780823e+01
9.6794967651e+00
4.3991880417e+00
1.1845324039e+00
0.0000000000e+00
