1.2767177820e+00
3.7221405029e+01
7.2944618225e+01
1.0815840912e+02
1.4267744446e+02
1.7624734497e+02
2.0867379761e+02
2.3973522949e+02
2.6924194336e+02
2.9700424194e+02
3.2285031128e+02
3.4662316895e+02
3.6817871094e+02
3.8739550781e+02
4.0416433716e+02
4.1840292358e+02
4.3004177856e+02
4.3904083252e+02
4.4537350464e+02
4.4904367065e+02
4.5006884766e+02
4.4849685669e+02
4.4438882446e+02
4.3783471680e+02
4.2893695068e+02
4.1782427979e+02
4.0463644409e+02
3.8953634644e+02
3.7269598389e+02
3.5430673218e+02
3.3456680298e+02
3.1368975830e+02
2.9189367676e+02
2.6940759277e+02
2.4646267700e+02
2.2329660034e+02
2.0014674377e+02
1.7725251770e+02
1.5485026550e+02
1.3317448425e+02
1.1245265198e+02
9.2908226013e+01
7.4750556946e+01
5.8187595367e+01
4.3397628784e+01
3.0571830750e+01
1.9834184647e+01
1.1361884117e+01
5.1641016006e+00
1.3913007975e+00
0.0000000000e+00
