2.2008430958e+00
4.9135910034e+01
9.5891548157e+01
1.4225769043e+02
1.8808241272e+02
2.3317123413e+02
2.7736608887e+02
3.2048590088e+02
3.6237145996e+02
4.0285443115e+02
4.4177987671e+02
4.7899206543e+02
5.1434466553e+02
5.4769573975e+02
5.7891107178e+02
6.0786444092e+02
6.3443682861e+02
6.5851989746e+02
6.8001275635e+02
6.9882733154e+02
7.1488311768e+02
7.2811437988e+02
7.3846319580e+02
7.4588769531e+02
7.5035424805e+02
7.5184594727e+02
7.5035424805e+02
7.4588769531e+02
7.3846319580e+02
7.2811437988e+02
7.1488311768e+02
6.9882733154e+02
6.8001275635e+02
6.5851989746e+02
6.3443682861e+02
6.0786444092e+02
5.7891107178e+02
5.4769573975e+02
5.1434466553e+02
4.7899206543e+02
4.4177987671e+02
4.0285443115e+02
3.6237145996e+02
3.2048590088e+02
2.7736608887e+02
2.3317123413e+02
1.8808241272e+02
1.4225769043e+02
9.5891548157e+01
4.9135910034e+01
2.2008430958e+00
