-8.5652610779e+01
-3.9353256226e+01
1.7161596298e+01
7.9802276611e+01
-8.9201461792e+01
-4.7049045563e+01
1.1057553291e+01
7.3434204102e+01
-9.9301628113e+01
-4.4333576202e+01
9.2174949646e+00
7.2326820374e+01
-9.7984710693e+01
-6.3431697845e+01
7.5057965517e-01
6.4891014099e+01
-1.1767754364e+02
-4.6491310120e+01
3.0079426765e+00
6.9787338257e+01
-1.0650769043e+02
-9.2483642578e+01
-1.3473018646e+01
5.5844791412e+01
-1.5368463135e+02
-4.1806110382e+01
-5.5573306084e+00
6.7492927551e+01
-1.1708924103e+02
-1.6195106506e+02
-4.6228939056e+01
3.4931560516e+01
-2.4539143372e+02
-1.7757047653e+01
-1.9763196945e+01
5.5506538391e+01
-1.3525096130e+02
-3.6851947021e+02
-1.5371459961e+02
-1.0682599068e+01
-5.0664373779e+02
1.1286540985e+02
-4.8113960266e+01
-2.9005420685e+01
-2.4878591919e+02
-1.7770617676e+03
-8.6693615723e+02
6.7290176392e+01
-2.4877947998e+02
-1.7770390625e+03
-8.6689947510e+02
6.7270568848e+01
-5.0663845825e+02
1.1286986542e+02
-4.8106975555e+01
-2.9000839233e+01
-1.3524923706e+02
-3.6851727295e+02
-1.5372343445e+02
-1.0676244736e+01
-2.4538586426e+02
-1.7755825043e+01
-1.9757165909e+01
5.5503555298e+01
-1.1708714294e+02
-1.6195051575e+02
-4.6232776642e+01
3.4937656403e+01
-1.5368241882e+02
-4.1805526733e+01
-5.5538368225e+00
6.7492347717e+01
-1.0650733948e+02
-9.2484008789e+01
-1.3474253654e+01
5.5848266602e+01
-1.1767761993e+02
-4.6491584778e+01
3.0094058514e+00
6.9787971497e+01
-9.7985687256e+01
-6.3432792664e+01
7.4995261431e-01
6.4892944336e+01
-9.9303253174e+01
-4.4334800720e+01
9.2175722122e+00
7.2327400208e+01
-8.9203895569e+01
-4.7051082611e+01
1.1056488991e+01
7.3434906006e+01
-8.5656600952e+01
-3.9356189728e+01
1.7160863876e+01
7.9802658081e+01
-3.1346319580e+02
-1.3962739563e+02
5.5400077820e+01
2.6563964844e+02
-3.2379968262e+02
-1.4313560486e+02
4.9155647278e+01
2.5472993469e+02
-3.3401724243e+02
-1.5951737976e+02
3.6187038422e+01
2.4530583191e+02
-3.5445681763e+02
-1.6000535583e+02
3.3973834991e+01
2.3983282471e+02
-3.6310791016e+02
-1.9413258362e+02
1.0913301468e+01
2.2931182861e+02
-3.9917056274e+02
-1.7899719238e+02
1.5643804550e+01
2.2443344116e+02
-4.0005941772e+02
-2.5477870178e+02
-2.9880937576e+01
2.0638070679e+02
-4.7535049438e+02
-1.9159315491e+02
-7.6249346733e+00
1.9865927124e+02
-4.4257711792e+02
-3.8080197144e+02
-1.0970325470e+02
1.6410845947e+02
-6.2379620361e+02
-1.4694326782e+02
-1.5976781845e+01
1.4495982361e+02
-4.4371414185e+02
-7.3037384033e+02
-2.8979641724e+02
1.2529910278e+02
-7.9039190674e+02
5.6814440918e+02
2.6113882446e+02
-3.3556799889e+00
-7.9039422607e+02
5.6813293457e+02
2.6111364746e+02
-3.3390443325e+00
-4.4370739746e+02
-7.3037017822e+02
-2.8979803467e+02
1.2529737091e+02
-6.2378503418e+02
-1.4693731689e+02
-1.5968471527e+01
1.4495477295e+02
-4.4256845093e+02
-3.8079858398e+02
-1.0970649719e+02
1.6411224365e+02
-4.7534243774e+02
-1.9158868408e+02
-7.6202816963e+00
1.9865666199e+02
-4.0005438232e+02
-2.5477668762e+02
-2.9882236481e+01
2.0638392639e+02
-3.9916702271e+02
-1.7899519348e+02
1.5646061897e+01
2.2443411255e+02
-3.6310665894e+02
-1.9413235474e+02
1.0912916183e+01
2.2931446838e+02
-3.5445706177e+02
-1.6000559998e+02
3.3974487305e+01
2.3983436584e+02
-3.3401934814e+02
-1.5951905823e+02
3.6186244965e+01
2.4530763245e+02
-3.2380355835e+02
-1.4313842773e+02
4.9154666901e+01
2.5473107910e+02
-3.1347042847e+02
-1.3963301086e+02
5.5398235321e+01
2.6564138794e+02
-5.8646954346e+02
-2.6358187866e+02
8.1382431030e+01
4.4689572144e+02
-5.8513104248e+02
-2.6005654907e+02
8.4022590637e+01
4.4486007690e+02
-5.9614477539e+02
-2.5741516113e+02
8.6233306885e+01
4.3993542480e+02
-6.0247979736e+02
-2.7673236084e+02
7.0713279724e+01
4.3262091064e+02
-6.2285729980e+02
-2.6828387451e+02
7.6205337524e+01
4.2652044678e+02
-6.2273638916e+02
-3.0943627930e+02
4.5490100861e+01
4.1726025391e+02
-6.5532244873e+02
-2.6868548584e+02
7.0935516357e+01
4.1147955322e+02
-6.2721124268e+02
-3.5962530518e+02
1.1919849396e+01
4.0476290894e+02
-6.8823193359e+02
-2.1539385986e+02
9.7372360229e+01
4.0301675415e+02
-5.6290124512e+02
-4.5729428101e+02
-3.6610336304e+01
4.1614971924e+02
-7.1542419434e+02
7.5078948975e+01
2.4847772217e+02
4.0775668335e+02
-3.9628396606e+02
-8.5482385254e+02
-1.3940733337e+02
5.0662045288e+02
-3.9628033447e+02
-8.5481658936e+02
-1.3938876343e+02
5.0660614014e+02
-7.1542395020e+02
7.5076721191e+01
2.4847837830e+02
4.0775491333e+02
-5.6290185547e+02
-4.5729592896e+02
-3.6615463257e+01
4.1615087891e+02
-6.8823016357e+02
-2.1539147949e+02
9.7376373291e+01
4.0301129150e+02
-6.2720892334e+02
-3.5962475586e+02
1.1917429924e+01
4.0476318359e+02
-6.5531921387e+02
-2.6868289185e+02
7.0937889099e+01
4.1147631836e+02
-6.2273370361e+02
-3.0943511963e+02
4.5489356995e+01
4.1725979614e+02
-6.2285498047e+02
-2.6828222656e+02
7.6206481934e+01
4.2651907349e+02
-6.0247857666e+02
-2.7673187256e+02
7.0713081360e+01
4.3262075806e+02
-5.9614459229e+02
-2.5741494751e+02
8.6233787537e+01
4.3993542480e+02
-5.8513238525e+02
-2.6005755615e+02
8.4022598267e+01
4.4486135864e+02
-5.8647326660e+02
-2.6358447266e+02
8.1382827759e+01
4.4689886475e+02
-8.1645281982e+02
-3.5947378540e+02
1.2175212097e+02
6.2560089111e+02
-8.1198889160e+02
-3.4330187988e+02
1.3768194580e+02
6.3193920898e+02
-8.1064117432e+02
-3.4577383423e+02
1.3595196533e+02
6.3092150879e+02
-8.1751306152e+02
-3.3606002808e+02
1.4450657654e+02
6.2943457031e+02
-8.1352386475e+02
-3.5616036987e+02
1.2732144165e+02
6.2631109619e+02
-8.2730920410e+02
-3.2919650269e+02
1.4890747070e+02
6.2432403564e+02
-8.0984704590e+02
-3.7806542969e+02
1.1084218597e+02
6.2415362549e+02
-8.4056054688e+02
-2.9930657959e+02
1.6871592712e+02
6.2080676270e+02
-7.8958801270e+02
-4.3426269531e+02
7.5428306580e+01
6.2964111328e+02
-8.8765100098e+02
-2.0724031067e+02
2.2304708862e+02
6.1203289795e+02
-7.5824896240e+02
-6.7054077148e+02
-5.3193370819e+01
6.3811602783e+02
-1.0329532471e+03
-2.0343267918e+00
2.3354905701e+02
5.6424792480e+02
-1.0329562988e+03
-2.0391168594e+00
2.3353514099e+02
5.6425933838e+02
-7.5825085449e+02
-6.7053784180e+02
-5.3193809509e+01
6.3811840820e+02
-8.8765222168e+02
-2.0723916626e+02
2.2305026245e+02
6.1203247070e+02
-7.8958978271e+02
-4.3426492310e+02
7.5424766541e+01
6.2964508057e+02
-8.4056182861e+02
-2.9930627441e+02
1.6871777344e+02
6.2080590820e+02
-8.0984802246e+02
-3.7806692505e+02
1.1084024048e+02
6.2415502930e+02
-8.2730944824e+02
-3.2919625854e+02
1.4890809631e+02
6.2432318115e+02
-8.1352386475e+02
-3.5616091919e+02
1.2732054138e+02
6.2631121826e+02
-8.1751281738e+02
-3.3605972290e+02
1.4450689697e+02
6.2943420410e+02
-8.1064117432e+02
-3.4577398682e+02
1.3595196533e+02
6.3092205811e+02
-8.1198956299e+02
-3.4330200195e+02
1.3768281555e+02
6.3194073486e+02
-8.1645556641e+02
-3.5947503662e+02
1.2175373077e+02
6.2560485840e+02
-1.0078037720e+03
-4.1324047852e+02
1.9962976074e+02
8.3190179443e+02
-1.0053914185e+03
-4.0740365601e+02
2.0566552734e+02
8.3339947510e+02
-1.0106739502e+03
-4.0008984375e+02
2.1284774780e+02
8.3136865234e+02
-1.0098034668e+03
-4.1245446777e+02
2.0138777161e+02
8.2810260010e+02
-1.0203918457e+03
-3.9816430664e+02
2.1411088562e+02
8.2488555908e+02
-1.0138162231e+03
-4.2989218140e+02
1.8614324951e+02
8.2199664307e+02
-1.0355850830e+03
-3.8858309937e+02
2.2051409912e+02
8.1610058594e+02
-1.0139230957e+03
-4.6826275635e+02
1.5565992737e+02
8.1740820312e+02
-1.0652895508e+03
-3.4891085815e+02
2.4570770264e+02
7.9972747803e+02
-9.9404394531e+02
-5.6520867920e+02
8.9096542358e+01
8.1492340088e+02
-1.1121990967e+03
-1.8026841736e+02
3.3662356567e+02
7.7597723389e+02
-8.8860406494e+02
-6.6306604004e+02
1.2179491425e+02
8.2725732422e+02
-8.8860223389e+02
-6.6306268311e+02
1.2180531311e+02
8.2724896240e+02
-1.1121965332e+03
-1.8027151489e+02
3.3662408447e+02
7.7597552490e+02
-9.9404205322e+02
-5.6520935059e+02
8.9094764709e+01
8.1492388916e+02
-1.0652878418e+03
-3.4890881348e+02
2.4571070862e+02
7.9972491455e+02
-1.0139218140e+03
-4.6826327515e+02
1.5565846252e+02
8.1740911865e+02
-1.0355842285e+03
-3.8858178711e+02
2.2051560974e+02
8.1609985352e+02
-1.0138158569e+03
-4.2989248657e+02
1.8614271545e+02
8.2199749756e+02
-1.0203916016e+03
-3.9816357422e+02
2.1411169434e+02
8.2488568115e+02
-1.0098032837e+03
-4.1245452881e+02
2.0138777161e+02
8.2810333252e+02
-1.0106740112e+03
-4.0008956909e+02
2.1284831238e+02
8.3136926270e+02
-1.0053922119e+03
-4.0740411377e+02
2.0566589355e+02
8.3340075684e+02
-1.0078067017e+03
-4.1324230957e+02
1.9963061523e+02
8.3190466309e+02
-1.1814288330e+03
-4.6017892456e+02
2.7748638916e+02
1.0316708984e+03
-1.1860356445e+03
-4.5449200439e+02
2.8368954468e+02
1.0297822266e+03
-1.1903513184e+03
-4.6332272339e+02
2.7510946655e+02
1.0229829102e+03
-1.2009460449e+03
-4.5849612427e+02
2.7954971313e+02
1.0167567749e+03
-1.2007536621e+03
-4.8112365723e+02
2.5790191650e+02
1.0102664185e+03
-1.2165366211e+03
-4.5949533081e+02
2.7723025513e+02
1.0036640015e+03
-1.2050786133e+03
-5.0755419922e+02
2.3383966064e+02
1.0015133667e+03
-1.2326634521e+03
-4.4022225952e+02
2.9118930054e+02
9.9134582520e+02
-1.1934045410e+03
-5.5670758057e+02
1.9517379761e+02
1.0041806641e+03
-1.2543195801e+03
-3.6442514038e+02
3.4444378662e+02
9.8328582764e+02
-1.1535380859e+03
-6.8114154053e+02
1.2333290100e+02
1.0234426880e+03
-1.3313802490e+03
-3.3340554810e+02
2.8980441284e+02
9.8525830078e+02
-1.3313807373e+03
-3.3340811157e+02
2.8979663086e+02
9.8526373291e+02
-1.1535396729e+03
-6.8113812256e+02
1.2333232880e+02
1.0234429932e+03
-1.2543201904e+03
-3.6442425537e+02
3.4444451904e+02
9.8328417969e+02
-1.1934041748e+03
-5.5670849609e+02
1.9517127991e+02
1.0041809082e+03
-1.2326624756e+03
-4.4022067261e+02
2.9119036865e+02
9.9134362793e+02
-1.2050770264e+03
-5.0755432129e+02
2.3383842468e+02
1.0015122681e+03
-1.2165347900e+03
-4.5949377441e+02
2.7723065186e+02
1.0036618652e+03
-1.2007515869e+03
-4.8112310791e+02
2.5790124512e+02
1.0102648315e+03
-1.2009438477e+03
-4.5849484253e+02
2.7954971313e+02
1.0167548828e+03
-1.1903492432e+03
-4.6332211304e+02
2.7510900879e+02
1.0229812622e+03
-1.1860341797e+03
-4.5449160767e+02
2.8368920898e+02
1.0297808838e+03
-1.1814289551e+03
-4.6017993164e+02
2.7748590088e+02
1.0316706543e+03
-1.3436420898e+03
-4.9979678345e+02
3.5349655151e+02
1.2181922607e+03
-1.3501154785e+03
-5.0467126465e+02
3.4925451660e+02
1.2117994385e+03
-1.3618583984e+03
-5.0539440918e+02
3.4868942261e+02
1.2030367432e+03
-1.3664876709e+03
-5.2328900146e+02
3.3090539551e+02
1.1937493896e+03
-1.3809372559e+03
-5.1458868408e+02
3.3890435791e+02
1.1854305420e+03
-1.3779063721e+03
-5.4765319824e+02
3.0717184448e+02
1.1789161377e+03
-1.3991993408e+03
-5.1208929443e+02
3.3942568970e+02
1.1700158691e+03
-1.3813865967e+03
-5.8366430664e+02
2.7460708618e+02
1.1714378662e+03
-1.4224978027e+03
-4.8245541382e+02
3.6141513062e+02
1.1524715576e+03
-1.3761418457e+03
-6.5874597168e+02
2.1554496765e+02
1.1685186768e+03
-1.4664254150e+03
-4.0690148926e+02
4.0368447876e+02
1.1258917236e+03
-1.3301004639e+03
-6.5858184814e+02
2.7009762573e+02
1.1533126221e+03
-1.3301007080e+03
-6.5857952881e+02
2.7010314941e+02
1.1533092041e+03
-1.4664233398e+03
-4.0690417480e+02
4.0368466187e+02
1.1258914795e+03
-1.3761398926e+03
-6.5874597168e+02
2.1554441833e+02
1.1685191650e+03
-1.4224963379e+03
-4.8245385742e+02
3.6141653442e+02
1.1524700928e+03
-1.3813845215e+03
-5.8366455078e+02
2.7460565186e+02
1.1714372559e+03
-1.3991972656e+03
-5.1208764648e+02
3.3942590332e+02
1.1700139160e+03
-1.3779035645e+03
-5.4765277100e+02
3.0717065430e+02
1.1789143066e+03
-1.3809340820e+03
-5.1458709717e+02
3.3890383911e+02
1.1854276123e+03
-1.3664840088e+03
-5.2328802490e+02
3.3090417480e+02
1.1937463379e+03
-1.3618546143e+03
-5.0539297485e+02
3.4868838501e+02
1.2030332031e+03
-1.3501118164e+03
-5.0467047119e+02
3.4925302124e+02
1.2117957764e+03
-1.3436398926e+03
-4.9979718018e+02
3.5349475098e+02
1.2181890869e+03
-1.4866313477e+03
-5.3566339111e+02
4.2182467651e+02
1.3869522705e+03
-1.4997630615e+03
-5.4107067871e+02
4.1727954102e+02
1.3769610596e+03
-1.5098049316e+03
-5.5694451904e+02
4.0150491333e+02
1.3643093262e+03
-1.5251673584e+03
-5.5788171387e+02
4.0048104858e+02
1.3532795410e+03
-1.5290355225e+03
-5.8383502197e+02
3.7478939819e+02
1.3424411621e+03
-1.5480832520e+03
-5.6779180908e+02
3.8976977539e+02
1.3325034180e+03
-1.5411713867e+03
-6.1541778564e+02
3.4435171509e+02
1.3265700684e+03
-1.5699974365e+03
-5.6002435303e+02
3.9492257690e+02
1.3136781006e+03
-1.5422707520e+03
-6.6245501709e+02
3.0251062012e+02
1.3208714600e+03
-1.5897414551e+03
-5.1477941895e+02
4.2928640747e+02
1.2981940918e+03
-1.5175621338e+03
-7.1980908203e+02
2.6414807129e+02
1.3324144287e+03
-1.6221545410e+03
-5.4091333008e+02
3.7184368896e+02
1.3082109375e+03
-1.6221528320e+03
-5.4091528320e+02
3.7183981323e+02
1.3082121582e+03
-1.5175620117e+03
-7.1980615234e+02
2.6414779663e+02
1.3324128418e+03
-1.5897402344e+03
-5.1477850342e+02
4.2928607178e+02
1.2981914062e+03
-1.5422680664e+03
-6.6245477295e+02
3.0250894165e+02
1.3208691406e+03
-1.5699946289e+03
-5.6002221680e+02
3.9492266846e+02
1.3136745605e+03
-1.5411674805e+03
-6.1541711426e+02
3.4435031128e+02
1.3265666504e+03
-1.5480791016e+03
-5.6778961182e+02
3.8976913452e+02
1.3324992676e+03
-1.5290306396e+03
-5.8383367920e+02
3.7478787231e+02
1.3424366455e+03
-1.5251622314e+03
-5.5787957764e+02
4.0047967529e+02
1.3532742920e+03
-1.5097993164e+03
-5.5694287109e+02
4.0150289917e+02
1.3643035889e+03
-1.4997575684e+03
-5.4106921387e+02
4.1727722168e+02
1.3769549561e+03
-1.4866264648e+03
-5.3566308594e+02
4.2182159424e+02
1.3869460449e+03
-1.6103217773e+03
-5.6321881104e+02
4.8383367920e+02
1.5333721924e+03
-1.6252086182e+03
-5.7886071777e+02
4.6908593750e+02
1.5189860840e+03
-1.6428947754e+03
-5.8719793701e+02
4.6103503418e+02
1.5045142822e+03
-1.6524461670e+03
-6.1003094482e+02
4.3814828491e+02
1.4900322266e+03
-1.6711735840e+03
-6.0678265381e+02
4.4105871582e+02
1.4779215088e+03
-1.6718610840e+03
-6.4161737061e+02
4.0687240601e+02
1.4670577393e+03
-1.6956433105e+03
-6.1305383301e+02
4.3356134033e+02
1.4562554932e+03
-1.6813776855e+03
-6.7850384521e+02
3.7166665649e+02
1.4533742676e+03
-1.7178272705e+03
-5.9571514893e+02
4.4705471802e+02
1.4374482422e+03
-1.6824877930e+03
-7.3162860107e+02
3.2546670532e+02
1.4495604248e+03
-1.7485000000e+03
-5.7357214355e+02
4.5970217896e+02
1.4150529785e+03
-1.6730983887e+03
-7.0383660889e+02
3.6713699341e+02
1.4336221924e+03
-1.6730998535e+03
-7.0383447266e+02
3.6713922119e+02
1.4336213379e+03
-1.7484981689e+03
-5.7357373047e+02
4.5970156860e+02
1.4150527344e+03
-1.6824854736e+03
-7.3162799072e+02
3.2546618652e+02
1.4495594482e+03
-1.7178249512e+03
-5.9571356201e+02
4.4705456543e+02
1.4374459229e+03
-1.6813739014e+03
-6.7850335693e+02
3.7166494751e+02
1.4533712158e+03
-1.6956391602e+03
-6.1305157471e+02
4.3356036377e+02
1.4562513428e+03
-1.6718555908e+03
-6.4161608887e+02
4.0687045288e+02
1.4670528564e+03
-1.6711676025e+03
-6.0678021240e+02
4.4105694580e+02
1.4779156494e+03
-1.6524393311e+03
-6.1002899170e+02
4.3814581299e+02
1.4900255127e+03
-1.6428874512e+03
-5.8719555664e+02
4.6103234863e+02
1.5045065918e+03
-1.6252009277e+03
-5.7885882568e+02
4.6908255005e+02
1.5189776611e+03
-1.6103145752e+03
-5.6321783447e+02
4.8382943726e+02
1.5333630371e+03
-1.7086452637e+03
-5.8688092041e+02
5.3266595459e+02
1.6518542480e+03
-1.7292250977e+03
-6.0208551025e+02
5.1854205322e+02
1.6347775879e+03
-1.7443690186e+03
-6.2417260742e+02
4.9657980347e+02
1.6168831787e+03
-1.7641947021e+03
-6.3042773438e+02
4.9030749512e+02
1.6018568115e+03
-1.7714797363e+03
-6.5909191895e+02
4.6179833984e+02
1.5869060059e+03
-1.7936252441e+03
-6.4811694336e+02
4.7198007202e+02
1.5750423584e+03
-1.7892236328e+03
-6.9416986084e+02
4.2751373291e+02
1.5650227051e+03
-1.8194853516e+03
-6.4900939941e+02
4.6952078247e+02
1.5533007812e+03
-1.7973569336e+03
-7.3658129883e+02
3.8786151123e+02
1.5529636230e+03
-1.8401464844e+03
-6.2866210938e+02
4.8536892700e+02
1.5343884277e+03
-1.7904645996e+03
-7.6055834961e+02
3.6762817383e+02
1.5563031006e+03
-1.8478364258e+03
-6.7008544922e+02
4.4348339844e+02
1.5365878906e+03
-1.8478337402e+03
-6.7008721924e+02
4.4348199463e+02
1.5365870361e+03
-1.7904633789e+03
-7.6055633545e+02
3.6762829590e+02
1.5563009033e+03
-1.8401441650e+03
-6.2866119385e+02
4.8536813354e+02
1.5343856201e+03
-1.7973530273e+03
-7.3658050537e+02
3.8786026001e+02
1.5529599609e+03
-1.8194810791e+03
-6.4900720215e+02
4.6951995850e+02
1.5532965088e+03
-1.7892180176e+03
-6.9416857910e+02
4.2751190186e+02
1.5650174561e+03
-1.7936191406e+03
-6.4811431885e+02
4.7197836304e+02
1.5750362549e+03
-1.7714725342e+03
-6.5908984375e+02
4.6179586792e+02
1.5868988037e+03
-1.7641868896e+03
-6.3042492676e+02
4.9030480957e+02
1.6018485107e+03
-1.7443602295e+03
-6.2417010498e+02
4.9657638550e+02
1.6168739014e+03
-1.7292158203e+03
-6.0208306885e+02
5.1853796387e+02
1.6347672119e+03
-1.7086361084e+03
-5.8687933350e+02
5.3266082764e+02
1.6518426514e+03
-1.7808255615e+03
-6.0157403564e+02
5.7062658691e+02
1.7387440186e+03
-1.8017181396e+03
-6.2495672607e+02
5.4831646729e+02
1.7184906006e+03
-1.8236687012e+03
-6.3887823486e+02
5.3469573975e+02
1.7000847168e+03
-1.8366252441e+03
-6.6494549561e+02
5.0863168335e+02
1.6817882080e+03
-1.8585289307e+03
-6.6595416260e+02
5.0728695679e+02
1.6675034180e+03
-1.8615816650e+03
-7.0127960205e+02
4.7269824219e+02
1.6529462891e+03
-1.8878927002e+03
-6.7907482910e+02
4.9312991333e+02
1.6421503906e+03
-1.8756472168e+03
-7.3843609619e+02
4.3691793823e+02
1.6335394287e+03
-1.9118439941e+03
-6.7319732666e+02
4.9661401367e+02
1.6229147949e+03
-1.8810412598e+03
-7.7598919678e+02
4.0266842651e+02
1.6262519531e+03
-1.9303316650e+03
-6.7603491211e+02
4.9269729614e+02
1.6039345703e+03
-1.8917960205e+03
-7.4429742432e+02
4.2469049072e+02
1.6188255615e+03
-1.8917978516e+03
-7.4429528809e+02
4.2469073486e+02
1.6188260498e+03
-1.9303298340e+03
-6.7603533936e+02
4.9269610596e+02
1.6039337158e+03
-1.8810383301e+03
-7.7598815918e+02
4.0266781616e+02
1.6262496338e+03
-1.9118406982e+03
-6.7319561768e+02
4.9661288452e+02
1.6229116211e+03
-1.8756420898e+03
-7.3843499756e+02
4.3691610718e+02
1.6335346680e+03
-1.8878869629e+03
-6.7907232666e+02
4.9312814331e+02
1.6421447754e+03
-1.8615744629e+03
-7.0127770996e+02
4.7269573975e+02
1.6529393311e+03
-1.8585211182e+03
-6.6595123291e+02
5.0728430176e+02
1.6674953613e+03
-1.8366162109e+03
-6.6494293213e+02
5.0862829590e+02
1.6817789307e+03
-1.8236590576e+03
-6.3887524414e+02
5.3469189453e+02
1.7000742188e+03
-1.8017077637e+03
-6.2495404053e+02
5.4831176758e+02
1.7184787598e+03
-1.7808149414e+03
-6.0157189941e+02
5.7062084961e+02
1.7387307129e+03
-1.8223349609e+03
-6.1187249756e+02
5.9139581299e+02
1.7897219238e+03
-1.8471326904e+03
-6.3269982910e+02
5.7174896240e+02
1.7686806641e+03
-1.8651402588e+03
-6.5811132812e+02
5.4653735352e+02
1.7477218018e+03
-1.8875874023e+03
-6.6774084473e+02
5.3683532715e+02
1.7306884766e+03
-1.8967181396e+03
-6.9734973145e+02
5.0755300903e+02
1.7129766846e+03
-1.9209266357e+03
-6.9034918213e+02
5.1351708984e+02
1.7008139648e+03
-1.9174865723e+03
-7.3368395996e+02
4.7220013428e+02
1.6869925537e+03
-1.9492373047e+03
-6.9733532715e+02
5.0489147949e+02
1.6786923828e+03
-1.9280207520e+03
-7.7056390381e+02
4.3775396729e+02
1.6702287598e+03
-1.9700615234e+03
-6.9270764160e+02
5.0633358765e+02
1.6609489746e+03
-1.9337213135e+03
-7.8192810059e+02
4.2741369629e+02
1.6684642334e+03
-1.9648963623e+03
-7.3444201660e+02
4.8151464844e+02
1.6517254639e+03
-1.9648933105e+03
-7.3444360352e+02
4.8151467896e+02
1.6517236328e+03
-1.9337197266e+03
-7.8192687988e+02
4.2741394043e+02
1.6684620361e+03
-1.9700588379e+03
-6.9270672607e+02
5.0633242798e+02
1.6609464111e+03
-1.9280163574e+03
-7.7056280518e+02
4.3775289917e+02
1.6702243652e+03
-1.9492324219e+03
-6.9733312988e+02
5.0489001465e+02
1.6786875000e+03
-1.9174801025e+03
-7.3368231201e+02
4.7219802856e+02
1.6869863281e+03
-1.9209195557e+03
-6.9034643555e+02
5.1351470947e+02
1.7008065186e+03
-1.8967097168e+03
-6.9734735107e+02
5.0754995728e+02
1.7129680176e+03
-1.8875781250e+03
-6.6773779297e+02
5.3683190918e+02
1.7306785889e+03
-1.8651298828e+03
-6.5810839844e+02
5.4653320312e+02
1.7477105713e+03
-1.8471215820e+03
-6.3269683838e+02
5.7174407959e+02
1.7686679688e+03
-1.8223233643e+03
-6.1186981201e+02
5.9138989258e+02
1.7897076416e+03
-1.8339667969e+03
-6.1317028809e+02
5.9823883057e+02
1.8033850098e+03
-1.8568347168e+03
-6.3901318359e+02
5.7354278564e+02
1.7811149902e+03
-1.8802305908e+03
-6.5506829834e+02
5.5774114990e+02
1.7615593262e+03
-1.8942268066e+03
-6.8167907715e+02
5.3125549316e+02
1.7416992188e+03
-1.9173120117e+03
-6.8498669434e+02
5.2740374756e+02
1.7272996826e+03
-1.9208448486e+03
-7.1886602783e+02
4.9470706177e+02
1.7104958496e+03
-1.9484539795e+03
-7.0147631836e+02
5.0957019043e+02
1.7016907959e+03
-1.9360946045e+03
-7.5408056641e+02
4.6146163940e+02
1.6877205811e+03
-1.9741063232e+03
-7.0333483887e+02
5.0484695435e+02
1.6844053955e+03
-1.9433697510e+03
-7.8188891602e+02
4.3775366211e+02
1.6756579590e+03
-1.9845821533e+03
-7.1349493408e+02
4.9184594727e+02
1.6682348633e+03
-1.9640646973e+03
-7.5473382568e+02
4.4375820923e+02
1.6788217773e+03
-1.9640664062e+03
-7.5473193359e+02
4.4375738525e+02
1.6788225098e+03
-1.9845804443e+03
-7.1349456787e+02
4.9184460449e+02
1.6682335205e+03
-1.9433666992e+03
-7.8188787842e+02
4.3775314331e+02
1.6756546631e+03
-1.9741026611e+03
-7.0333319092e+02
5.0484545898e+02
1.6844018555e+03
-1.9360892334e+03
-7.5407916260e+02
4.6145996094e+02
1.6877153320e+03
-1.9484479980e+03
-7.0147387695e+02
5.0956811523e+02
1.7016845703e+03
-1.9208372803e+03
-7.1886389160e+02
4.9470443726e+02
1.7104882812e+03
-1.9173038330e+03
-6.8498376465e+02
5.2740075684e+02
1.7272908936e+03
-1.8942172852e+03
-6.8167639160e+02
5.3125189209e+02
1.7416892090e+03
-1.8802203369e+03
-6.5506518555e+02
5.5773699951e+02
1.7615478516e+03
-1.8568236084e+03
-6.3901007080e+02
5.7353790283e+02
1.7811021729e+03
-1.8339549561e+03
-6.1316723633e+02
5.9823315430e+02
1.8033706055e+03
-1.8130599365e+03
-6.0976171875e+02
5.8662286377e+02
1.7783167725e+03
-1.8375362549e+03
-6.3035058594e+02
5.6718200684e+02
1.7576861572e+03
-1.8552464600e+03
-6.5505242920e+02
5.4274273682e+02
1.7367550049e+03
-1.8775856934e+03
-6.6522662354e+02
5.3235961914e+02
1.7203645020e+03
-1.8863468018e+03
-6.9331860352e+02
5.0486627197e+02
1.7019847412e+03
-1.9107618408e+03
-6.8848620605e+02
5.0809753418e+02
1.6914613037e+03
-1.9065621338e+03
-7.2768566895e+02
4.7198266602e+02
1.6749809570e+03
-1.9392296143e+03
-6.9815863037e+02
4.9582357788e+02
1.6717086182e+03
-1.9156367188e+03
-7.5879870605e+02
4.4458486938e+02
1.6551982422e+03
-1.9596151123e+03
-7.0094415283e+02
4.8744723511e+02
1.6593061523e+03
-1.9271075439e+03
-7.6845886230e+02
4.4141668701e+02
1.6501788330e+03
-1.9480770264e+03
-7.3527825928e+02
4.7542315674e+02
1.6393073730e+03
-1.9480743408e+03
-7.3527966309e+02
4.7542395020e+02
1.6393056641e+03
-1.9271058350e+03
-7.6845831299e+02
4.4141702271e+02
1.6501770020e+03
-1.9596125488e+03
-7.0094329834e+02
4.8744595337e+02
1.6593041992e+03
-1.9156326904e+03
-7.5879766846e+02
4.4458392334e+02
1.6551940918e+03
-1.9392249756e+03
-6.9815667725e+02
4.9582186890e+02
1.6717038574e+03
-1.9065559082e+03
-7.2768402100e+02
4.7198068237e+02
1.6749748535e+03
-1.9107550049e+03
-6.8848370361e+02
5.0809512329e+02
1.6914541016e+03
-1.8863386230e+03
-6.9331628418e+02
5.0486331177e+02
1.7019763184e+03
-1.8775767822e+03
-6.6522375488e+02
5.3235620117e+02
1.7203547363e+03
-1.8552365723e+03
-6.5504949951e+02
5.4273876953e+02
1.7367440186e+03
-1.8375256348e+03
-6.3034741211e+02
5.6717755127e+02
1.7576738281e+03
-1.8130484619e+03
-6.0975842285e+02
5.8661791992e+02
1.7783033447e+03
-1.7625885010e+03
-5.9756048584e+02
5.6113897705e+02
1.7164385986e+03
-1.7828011475e+03
-6.1978894043e+02
5.4001263428e+02
1.6966369629e+03
-1.8043533936e+03
-6.3395855713e+02
5.2600598145e+02
1.6791214600e+03
-1.8166770020e+03
-6.5805096436e+02
5.0217022705e+02
1.6603592529e+03
-1.8385838623e+03
-6.6133331299e+02
4.9800234985e+02
1.6480673828e+03
-1.8406309814e+03
-6.9175109863e+02
4.6941586304e+02
1.6308397217e+03
-1.8679025879e+03
-6.7725488281e+02
4.8003240967e+02
1.6257471924e+03
-1.8534992676e+03
-7.2266717529e+02
4.4172943115e+02
1.6075712891e+03
-1.8937874756e+03
-6.8208636475e+02
4.7028201294e+02
1.6132143555e+03
-1.8588288574e+03
-7.4422283936e+02
4.2783792114e+02
1.5902246094e+03
-1.9000894775e+03
-6.8955523682e+02
4.5145681763e+02
1.6018748779e+03
-1.8827174072e+03
-7.2746722412e+02
4.2473861694e+02
1.6044635010e+03
-1.8827186279e+03
-7.2746557617e+02
4.2473724365e+02
1.6044639893e+03
-1.9000880127e+03
-6.8955444336e+02
4.5145538330e+02
1.6018735352e+03
-1.8588261719e+03
-7.4422198486e+02
4.2783758545e+02
1.5902213135e+03
-1.8937841797e+03
-6.8208496094e+02
4.7028060913e+02
1.6132113037e+03
-1.8534946289e+03
-7.2266589355e+02
4.4172811890e+02
1.6075667725e+03
-1.8678973389e+03
-6.7725286865e+02
4.8003051758e+02
1.6257416992e+03
-1.8406245117e+03
-6.9174920654e+02
4.6941360474e+02
1.6308331299e+03
-1.8385767822e+03
-6.6133087158e+02
4.9799972534e+02
1.6480596924e+03
-1.8166687012e+03
-6.5804852295e+02
5.0216711426e+02
1.6603504639e+03
-1.8043444824e+03
-6.3395574951e+02
5.2600250244e+02
1.6791114502e+03
-1.7827915039e+03
-6.1978594971e+02
5.4000878906e+02
1.6966258545e+03
-1.7625781250e+03
-5.9755700684e+02
5.6113513184e+02
1.7164267578e+03
-1.6819769287e+03
-5.8062774658e+02
5.1922540283e+02
1.6193872070e+03
-1.7016923828e+03
-5.9523754883e+02
5.0560598755e+02
1.6034282227e+03
-1.7160328369e+03
-6.1531494141e+02
4.8583023071e+02
1.5855552979e+03
-1.7355734863e+03
-6.2322796631e+02
4.7750878906e+02
1.5723370361e+03
-1.7418331299e+03
-6.4746997070e+02
4.5418405151e+02
1.5554088135e+03
-1.7644936523e+03
-6.4284991455e+02
4.5639270020e+02
1.5482856445e+03
-1.7579539795e+03
-6.7669769287e+02
4.2714907837e+02
1.5306340332e+03
-1.7905416260e+03
-6.5156488037e+02
4.4337768555e+02
1.5335660400e+03
-1.7625491943e+03
-7.0214013672e+02
4.0807147217e+02
1.5095975342e+03
-1.8111840820e+03
-6.5573797607e+02
4.2911541748e+02
1.5302888184e+03
-1.7735959473e+03
-7.1452929688e+02
4.1299383545e+02
1.5000194092e+03
-1.7977215576e+03
-6.7402294922e+02
4.2401892090e+02
1.5000400391e+03
-1.7977198486e+03
-6.7402423096e+02
4.2402017212e+02
1.5000390625e+03
-1.7735946045e+03
-7.1452941895e+02
4.1299465942e+02
1.5000178223e+03
-1.8111821289e+03
-6.5573724365e+02
4.2911428833e+02
1.5302877197e+03
-1.7625461426e+03
-7.0213934326e+02
4.0807073975e+02
1.5095943604e+03
-1.7905380859e+03
-6.5156347656e+02
4.4337615967e+02
1.5335622559e+03
-1.7579490967e+03
-6.7669641113e+02
4.2714752197e+02
1.5306292725e+03
-1.7644884033e+03
-6.4284796143e+02
4.5639077759e+02
1.5482799072e+03
-1.7418267822e+03
-6.4746807861e+02
4.5418176270e+02
1.5554022217e+03
-1.7355666504e+03
-6.2322570801e+02
4.7750619507e+02
1.5723294678e+03
-1.7160251465e+03
-6.1531256104e+02
4.8582730103e+02
1.5855467529e+03
-1.7016842041e+03
-5.9523474121e+02
5.0560305786e+02
1.6034189453e+03
-1.6819682617e+03
-5.8062426758e+02
5.1922290039e+02
1.6193776855e+03
-1.5760244141e+03
-5.5536218262e+02
4.6648724365e+02
1.4919793701e+03
-1.5897392578e+03
-5.6893261719e+02
4.5387634277e+02
1.4783684082e+03
-1.6067226562e+03
-5.7786016846e+02
4.4499111938e+02
1.4655312500e+03
-1.6151667480e+03
-5.9693902588e+02
4.2632077026e+02
1.4501273193e+03
-1.6339240723e+03
-5.9819696045e+02
4.2374877930e+02
1.4417447510e+03
-1.6329737549e+03
-6.2365936279e+02
4.0094119263e+02
1.4257241211e+03
-1.6584759521e+03
-6.1024346924e+02
4.0866036987e+02
1.4255053711e+03
-1.6407576904e+03
-6.4865032959e+02
3.8098010254e+02
1.4043129883e+03
-1.6828310547e+03
-6.1367102051e+02
3.9677920532e+02
1.4198554688e+03
-1.6394901123e+03
-6.6577087402e+02
3.7650106812e+02
1.3812397461e+03
-1.6887347412e+03
-6.1435925293e+02
3.7214062500e+02
1.4189171143e+03
-1.6604510498e+03
-6.6906750488e+02
3.7178656006e+02
1.4085646973e+03
-1.6604512939e+03
-6.6906610107e+02
3.7178475952e+02
1.4085644531e+03
-1.6887337646e+03
-6.1435809326e+02
3.7213854980e+02
1.4189167480e+03
-1.6394884033e+03
-6.6577038574e+02
3.7650085449e+02
1.3812370605e+03
-1.6828286133e+03
-6.1367004395e+02
3.9677819824e+02
1.4198529053e+03
-1.6407543945e+03
-6.4864941406e+02
3.8097927856e+02
1.4043100586e+03
-1.6584725342e+03
-6.1024212646e+02
4.0865905762e+02
1.4255014648e+03
-1.6329693604e+03
-6.2365808105e+02
4.0093963623e+02
1.4257197266e+03
-1.6339193115e+03
-5.9819531250e+02
4.2374694824e+02
1.4417393799e+03
-1.6151612549e+03
-5.9693731689e+02
4.2631869507e+02
1.4501213379e+03
-1.6067167969e+03
-5.7785809326e+02
4.4498898315e+02
1.4655246582e+03
-1.5897329102e+03
-5.6893017578e+02
4.5387442017e+02
1.4783613281e+03
-1.5760177002e+03
-5.5535882568e+02
4.6648638916e+02
1.4919726562e+03
-1.4455913086e+03
-5.2555609131e+02
4.0187380981e+02
1.3378410645e+03
-1.4575015869e+03
-5.3024945068e+02
3.9792080688e+02
1.3294316406e+03
-1.4664133301e+03
-5.4305926514e+02
3.8544128418e+02
1.3166849365e+03
-1.4813331299e+03
-5.4677557373e+02
3.8107312012e+02
1.3083376465e+03
-1.4837221680e+03
-5.6567828369e+02
3.6346954346e+02
1.2943796387e+03
-1.5032615967e+03
-5.5978356934e+02
3.6596804810e+02
1.2918002930e+03
-1.4934707031e+03
-5.8776440430e+02
3.4453155518e+02
1.2742716064e+03
-1.5251409912e+03
-5.6479101562e+02
3.5449398804e+02
1.2840976562e+03
-1.4922169189e+03
-6.0831005859e+02
3.3451068115e+02
1.2534510498e+03
-1.5482518311e+03
-5.6629016113e+02
3.3715921021e+02
1.2925063477e+03
-1.4963685303e+03
-6.2288647461e+02
3.5048144531e+02
1.2331678467e+03
-1.5389709473e+03
-5.5422332764e+02
3.3235433960e+02
1.2492823486e+03
-1.5389711914e+03
-5.5422448730e+02
3.3235623169e+02
1.2492829590e+03
-1.4963676758e+03
-6.2288739014e+02
3.5048370361e+02
1.2331658936e+03
-1.5482506104e+03
-5.6628955078e+02
3.3715863037e+02
1.2925061035e+03
-1.4922155762e+03
-6.0830963135e+02
3.3451025391e+02
1.2534497070e+03
-1.5251391602e+03
-5.6479034424e+02
3.5449304199e+02
1.2840952148e+03
-1.4934678955e+03
-5.8776373291e+02
3.4453057861e+02
1.2742689209e+03
-1.5032586670e+03
-5.5978253174e+02
3.6596691895e+02
1.2917968750e+03
-1.4837186279e+03
-5.6567724609e+02
3.6346823120e+02
1.2943758545e+03
-1.4813293457e+03
-5.4677423096e+02
3.8107171631e+02
1.3083333740e+03
-1.4664090576e+03
-5.4305780029e+02
3.8543991089e+02
1.3166802979e+03
-1.4574973145e+03
-5.3024737549e+02
3.9792001343e+02
1.3294268799e+03
-1.4455869141e+03
-5.2555297852e+02
4.0187460327e+02
1.3378376465e+03
-1.2963115234e+03
-4.8802685547e+02
3.3120172119e+02
1.1632316895e+03
-1.3015440674e+03
-4.9034341431e+02
3.2964355469e+02
1.1576888428e+03
-1.3125734863e+03
-4.9229605103e+02
3.2759472656e+02
1.1508603516e+03
-1.3160798340e+03
-5.0514508057e+02
3.1534683228e+02
1.1400080566e+03
-1.3306663818e+03
-5.0328610229e+02
3.1540475464e+02
1.1363809814e+03
-1.3260428467e+03
-5.2323352051e+02
2.9907162476e+02
1.1224750977e+03
-1.3488826904e+03
-5.0958657837e+02
3.0479153442e+02
1.1274455566e+03
-1.3273337402e+03
-5.4176556396e+02
2.8768658447e+02
1.1039985352e+03
-1.3701264648e+03
-5.0838269043e+02
2.9243865967e+02
1.1296878662e+03
-1.3154367676e+03
-5.5665075684e+02
2.9206231689e+02
1.0756923828e+03
-1.3825775146e+03
-5.0418087769e+02
2.5978991699e+02
1.1494228516e+03
-1.3238430176e+03
-5.9772906494e+02
2.9406909180e+02
1.1221638184e+03
-1.3238410645e+03
-5.9772772217e+02
2.9406658936e+02
1.1221614990e+03
-1.3825775146e+03
-5.0417919922e+02
2.5978613281e+02
1.1494246826e+03
-1.3154362793e+03
-5.5665093994e+02
2.9206195068e+02
1.0756907959e+03
-1.3701252441e+03
-5.0838235474e+02
2.9243814087e+02
1.1296857910e+03
-1.3273322754e+03
-5.4176507568e+02
2.8768612671e+02
1.1039973145e+03
-1.3488813477e+03
-5.0958609009e+02
3.0479104614e+02
1.1274436035e+03
-1.3260411377e+03
-5.2323297119e+02
2.9907089233e+02
1.1224731445e+03
-1.3306645508e+03
-5.0328543091e+02
3.1540402222e+02
1.1363785400e+03
-1.3160777588e+03
-5.0514434814e+02
3.1534600830e+02
1.1400056152e+03
-1.3125714111e+03
-4.9229504395e+02
3.2759417725e+02
1.1508577881e+03
-1.3015418701e+03
-4.9034185791e+02
3.2964382935e+02
1.1576866455e+03
-1.2963096924e+03
-4.8802407837e+02
3.3120416260e+02
1.1632313232e+03
-1.1290244141e+03
-4.4609094238e+02
2.5404222107e+02
9.7178112793e+02
-1.1322718506e+03
-4.3978762817e+02
2.6078482056e+02
9.7165075684e+02
-1.1352972412e+03
-4.4466592407e+02
2.5630514526e+02
9.6467077637e+02
-1.1452080078e+03
-4.4365536499e+02
2.5646926880e+02
9.6172552490e+02
-1.1435902100e+03
-4.5698828125e+02
2.4498271179e+02
9.5141186523e+02
-1.1597583008e+03
-4.4925128174e+02
2.4836076355e+02
9.5373052979e+02
-1.1469029541e+03
-4.7185879517e+02
2.3474130249e+02
9.3713549805e+02
-1.1774656982e+03
-4.4963259888e+02
2.3931768799e+02
9.5384405518e+02
-1.1402990723e+03
-4.8922521973e+02
2.3361497498e+02
9.1687371826e+02
-1.2051755371e+03
-4.4434963989e+02
2.2018217468e+02
9.7267895508e+02
-1.1264473877e+03
-5.0079296875e+02
2.6358798218e+02
8.7391119385e+02
-1.2142398682e+03
-3.7953347778e+02
2.0584825134e+02
9.0839367676e+02
-1.2142434082e+03
-3.7953479004e+02
2.0585101318e+02
9.0839770508e+02
-1.1264462891e+03
-5.0079498291e+02
2.6359298706e+02
8.7390698242e+02
-1.2051750488e+03
-4.4434881592e+02
2.2018240356e+02
9.7267877197e+02
-1.1402991943e+03
-4.8922506714e+02
2.3361492920e+02
9.1687457275e+02
-1.1774656982e+03
-4.4963275146e+02
2.3931758118e+02
9.5384326172e+02
-1.1469027100e+03
-4.7185876465e+02
2.3474081421e+02
9.3713525391e+02
-1.1597580566e+03
-4.4925134277e+02
2.4836050415e+02
9.5372943115e+02
-1.1435898438e+03
-4.5698822021e+02
2.4498228455e+02
9.5141107178e+02
-1.1452077637e+03
-4.4365521240e+02
2.5646911621e+02
9.6172454834e+02
-1.1352969971e+03
-4.4466555786e+02
2.5630529785e+02
9.6467028809e+02
-1.1322719727e+03
-4.3978665161e+02
2.6078616333e+02
9.7165087891e+02
-1.1290251465e+03
-4.4608862305e+02
2.5404620361e+02
9.7178393555e+02
-9.4954901123e+02
-3.9688656616e+02
1.7598870850e+02
7.7030236816e+02
-9.4661090088e+02
-3.8846643066e+02
1.8490975952e+02
7.7234106445e+02
-9.5190808105e+02
-3.8377484131e+02
1.8931053162e+02
7.7109906006e+02
-9.5071636963e+02
-3.9075698853e+02
1.8307572937e+02
7.6453759766e+02
-9.6123651123e+02
-3.8587289429e+02
1.8557449341e+02
7.6517224121e+02
-9.5317114258e+02
-4.0079586792e+02
1.7519464111e+02
7.5334777832e+02
-9.7321270752e+02
-3.8632827759e+02
1.7917863464e+02
7.6293493652e+02
-9.4832971191e+02
-4.1357925415e+02
1.7191706848e+02
7.3783728027e+02
-9.9192736816e+02
-3.7922879028e+02
1.6691818237e+02
7.7362023926e+02
-9.2620465088e+02
-4.3211077881e+02
1.8450018311e+02
7.0876104736e+02
-1.0275812988e+03
-3.7675982666e+02
1.2460614014e+02
8.2702154541e+02
-8.9924542236e+02
-5.3594104004e+02
2.0742823792e+02
7.8446667480e+02
-8.9923895264e+02
-5.3593957520e+02
2.0742489624e+02
7.8445947266e+02
-1.0275837402e+03
-3.7675723267e+02
1.2459938812e+02
8.2702819824e+02
-9.2620538330e+02
-4.3211239624e+02
1.8449967957e+02
7.0876232910e+02
-9.9192791748e+02
-3.7922930908e+02
1.6691802979e+02
7.7361914062e+02
-9.4833001709e+02
-4.1357943726e+02
1.7191673279e+02
7.3783776855e+02
-9.7321362305e+02
-3.8632882690e+02
1.7917892456e+02
7.6293457031e+02
-9.5317224121e+02
-4.0079611206e+02
1.7519451904e+02
7.5334844971e+02
-9.6123785400e+02
-3.8587344360e+02
1.8557481384e+02
7.6517260742e+02
-9.5071789551e+02
-3.9075735474e+02
1.8307597351e+02
7.6453851318e+02
-9.5190979004e+02
-3.8377511597e+02
1.8931141663e+02
7.7110021973e+02
-9.4661315918e+02
-3.8846603394e+02
1.8491186523e+02
7.7234338379e+02
-9.4955206299e+02
-3.9688470459e+02
1.7599404907e+02
7.7030786133e+02
-7.5686419678e+02
-3.4268447876e+02
9.6653518677e+01
5.6074359131e+02
-7.5316345215e+02
-3.2774880981e+02
1.1163371277e+02
5.6697540283e+02
-7.5182830811e+02
-3.2644607544e+02
1.1355400848e+02
5.6483740234e+02
-7.5824365234e+02
-3.2192144775e+02
1.1732315826e+02
5.6647332764e+02
-7.5394781494e+02
-3.3094186401e+02
1.1101014709e+02
5.5950952148e+02
-7.6776989746e+02
-3.2195184326e+02
1.1491841125e+02
5.6584161377e+02
-7.5269128418e+02
-3.4066281128e+02
1.0788541412e+02
5.4997576904e+02
-7.8193389893e+02
-3.1840307617e+02
1.0717876434e+02
5.7169610596e+02
-7.3865277100e+02
-3.5639849854e+02
1.1356253052e+02
5.2849200439e+02
-8.1116259766e+02
-2.9887222290e+02
8.5783821106e+01
5.9271862793e+02
-6.8384320068e+02
-3.6122760010e+02
1.5573231506e+02
4.5392687988e+02
-8.7758160400e+02
-1.6008497620e+02
3.9135898590e+01
4.9919409180e+02
-8.7759075928e+02
-1.6008641052e+02
3.9138767242e+01
4.9920520020e+02
-6.8383923340e+02
-3.6123159790e+02
1.5574066162e+02
4.5391732788e+02
-8.1116308594e+02
-2.9887014771e+02
8.5784233093e+01
5.9271630859e+02
-7.3865319824e+02
-3.5639859009e+02
1.1356307983e+02
5.2849322510e+02
-7.8193597412e+02
-3.1840350342e+02
1.0717948151e+02
5.7169696045e+02
-7.5269323730e+02
-3.4066323853e+02
1.0788563538e+02
5.4997796631e+02
-7.6777215576e+02
-3.2195285034e+02
1.1491923523e+02
5.6584301758e+02
-7.5395043945e+02
-3.3094262695e+02
1.1101059723e+02
5.5951184082e+02
-7.5824676514e+02
-3.2192257690e+02
1.1732420349e+02
5.6647558594e+02
-7.5183209229e+02
-3.2644699097e+02
1.1355534363e+02
5.6484063721e+02
-7.5316815186e+02
-3.2774932861e+02
1.1163660431e+02
5.6697979736e+02
-7.5687011719e+02
-3.4268362427e+02
9.6659637451e+01
5.6075152588e+02
-5.5422039795e+02
-2.8072906494e+02
1.8906314850e+01
3.4491708374e+02
-5.4632330322e+02
-2.6619332886e+02
3.3512397766e+01
3.5116479492e+02
-5.4834002686e+02
-2.5772982788e+02
4.1744735718e+01
3.5385009766e+02
-5.4465850830e+02
-2.6094583130e+02
3.9828159332e+01
3.5112741089e+02
-5.5331726074e+02
-2.5443493652e+02
4.4131172180e+01
3.5585745239e+02
-5.4421948242e+02
-2.6596740723e+02
3.8896247864e+01
3.4741589355e+02
-5.6442608643e+02
-2.5129040527e+02
4.2010833740e+01
3.6216137695e+02
-5.3963922119e+02
-2.7667343140e+02
4.3334808350e+01
3.3900482178e+02
-5.9294927979e+02
-2.4104920959e+02
3.1385749817e+01
3.8186529541e+02
-5.1697698975e+02
-3.1023077393e+02
6.2831905365e+01
3.1889440918e+02
-6.8216357422e+02
-2.3395135498e+02
-1.3524022102e+01
4.6090921021e+02
-3.8876773071e+02
-4.8250778198e+02
1.4447473145e+02
4.2202795410e+02
-3.8875292969e+02
-4.8250622559e+02
1.4447294617e+02
4.2200964355e+02
-6.8217358398e+02
-2.3394593811e+02
-1.3532827377e+01
4.6092373657e+02
-5.1697796631e+02
-3.1023495483e+02
6.2833477020e+01
3.1890066528e+02
-5.9295349121e+02
-2.4104948425e+02
3.1385738373e+01
3.8186892700e+02
-5.3964044189e+02
-2.7667495728e+02
4.3335685730e+01
3.3900732422e+02
-5.6442919922e+02
-2.5129142761e+02
4.2011611938e+01
3.6216339111e+02
-5.4422290039e+02
-2.6596865845e+02
3.8897022247e+01
3.4741894531e+02
-5.5332196045e+02
-2.5443667603e+02
4.4132583618e+01
3.5586083984e+02
-5.4466430664e+02
-2.6094754028e+02
3.9829723358e+01
3.5113223267e+02
-5.4834686279e+02
-2.5773184204e+02
4.1747303009e+01
3.5385586548e+02
-5.4633154297e+02
-2.6619485474e+02
3.3516269684e+01
3.5117251587e+02
-5.5423016357e+02
-2.8072958374e+02
1.8913591385e+01
3.4492843628e+02
-3.5794842529e+02
-2.2130473328e+02
-5.6782787323e+01
1.3396261597e+02
-3.5006726074e+02
-2.0228762817e+02
-3.8232154846e+01
1.4294299316e+02
-3.4438952637e+02
-1.9690382385e+02
-3.3054721832e+01
1.4230268860e+02
-3.4572744751e+02
-1.8952993774e+02
-2.7991497040e+01
1.4480673218e+02
-3.3625637817e+02
-1.9440431213e+02
-3.1546541214e+01
1.3743109131e+02
-3.4421145630e+02
-1.8330227661e+02
-2.8613088608e+01
1.4346163940e+02
-3.2152996826e+02
-1.9778800964e+02
-3.2083507538e+01
1.2642419434e+02
-3.4699572754e+02
-1.7092005920e+02
-3.5580738068e+01
1.4660462952e+02
-2.8017617798e+02
-2.0919232178e+02
-2.2062685013e+01
1.1133196259e+02
-3.7468673706e+02
-1.2935935974e+02
-5.3935653687e+01
1.6702632141e+02
-1.6083737183e+02
-2.4769490051e+02
1.5392513275e+01
5.8879890442e+01
-6.1934088135e+02
4.1887176514e+01
-1.9984333801e+02
7.8697860718e+01
-6.1935644531e+02
4.1886718750e+01
-1.9984666443e+02
7.8722297668e+01
-1.6082321167e+02
-2.4770480347e+02
1.5399893761e+01
5.8864051819e+01
-3.7468869019e+02
-1.2935498047e+02
-5.3939918518e+01
1.6702133179e+02
-2.8017160034e+02
-2.0919490051e+02
-2.2061288834e+01
1.1132500458e+02
-3.4700012207e+02
-1.7091864014e+02
-3.5582847595e+01
1.4660424805e+02
-3.2153253174e+02
-1.9779040527e+02
-3.2082141876e+01
1.2642402649e+02
-3.4421777344e+02
-1.8330329895e+02
-2.8612812042e+01
1.4346459961e+02
-3.3626254272e+02
-1.9440673828e+02
-3.1544704437e+01
1.3743498230e+02
-3.4573538208e+02
-1.8953199768e+02
-2.7989515305e+01
1.4481243896e+02
-3.4439801025e+02
-1.9690618896e+02
-3.3051586151e+01
1.4230987549e+02
-3.5007711792e+02
-2.0228939819e+02
-3.8227436066e+01
1.4295239258e+02
-3.5795965576e+02
-2.2130546570e+02
-5.6774547577e+01
1.3397612000e+02
-1.9314872742e+02
-1.6967179871e+02
-1.2048399353e+02
-4.5418331146e+01
-1.8163932800e+02
-1.5045471191e+02
-1.0127684021e+02
-3.6318351746e+01
-1.7916069031e+02
-1.3916708374e+02
-9.1045936584e+01
-3.1818376541e+01
-1.7286212158e+02
-1.3868426514e+02
-9.0458900452e+01
-3.6128143311e+01
-1.7611840820e+02
-1.3077868652e+02
-8.6665969849e+01
-3.2020057678e+01
-1.6231410217e+02
-1.3911781311e+02
-9.0852119446e+01
-4.4255168915e+01
-1.8050988770e+02
-1.2307378387e+02
-9.0042251587e+01
-3.8401611328e+01
-1.3586215210e+02
-1.5217228699e+02
-9.6261886597e+01
-6.0390838623e+01
-2.1612797546e+02
-1.0289486694e+02
-1.1161498260e+02
-6.9428436279e+01
-5.3218608856e+01
-1.8465034485e+02
-9.9192756653e+01
-1.1361789703e+02
-3.1738220215e+02
3.1703744888e+01
-1.3437713623e+02
-1.2909803772e+02
4.1129046631e+02
-2.7903448486e+02
1.5098789978e+02
-9.3832038879e+01
4.1132409668e+02
-2.7903491211e+02
1.5100033569e+02
-9.3881698608e+01
-3.1740551758e+02
3.1723308563e+01
-1.3438305664e+02
-1.2909272766e+02
-5.3211948395e+01
-1.8465678406e+02
-9.9183807373e+01
-1.1362928009e+02
-2.1614163208e+02
-1.0288831329e+02
-1.1162118530e+02
-6.9422851562e+01
-1.3586105347e+02
-1.5217929077e+02
-9.6256271362e+01
-6.0395008087e+01
-1.8051898193e+02
-1.2307109070e+02
-9.0045814514e+01
-3.8396434784e+01
-1.6231622314e+02
-1.3912254333e+02
-9.0848251343e+01
-4.4255035400e+01
-1.7612594604e+02
-1.3077832031e+02
-8.6666816711e+01
-3.2014709473e+01
-1.7286697388e+02
-1.3868760681e+02
-9.0455734253e+01
-3.6124580383e+01
-1.7916860962e+02
-1.3916809082e+02
-9.1044288635e+01
-3.1811412811e+01
-1.8164710999e+02
-1.5045687866e+02
-1.0127229309e+02
-3.6310504913e+01
-1.9315882874e+02
-1.6967243958e+02
-1.2047681427e+02
-4.5405929565e+01
-4.0253883362e+01
-1.1921012115e+02
-1.7176396179e+02
-1.9812869263e+02
-3.1355163574e+01
-9.8124069214e+01
-1.5068312073e+02
-1.8685476685e+02
-2.6437667847e+01
-9.1820297241e+01
-1.4331184387e+02
-1.8392761230e+02
-3.1457855225e+01
-8.5044059753e+01
-1.3667135620e+02
-1.7842082214e+02
-2.6229574203e+01
-9.0020462036e+01
-1.3750485229e+02
-1.8048770142e+02
-4.0087429047e+01
-8.2616691589e+01
-1.3432293701e+02
-1.6847511292e+02
-3.1945640564e+01
-9.6163658142e+01
-1.3256799316e+02
-1.8424879456e+02
-5.6819755554e+01
-8.5820716858e+01
-1.4524787903e+02
-1.4277883911e+02
-6.2441223145e+01
-1.1851041412e+02
-1.1313256836e+02
-2.1947448730e+02
-1.0990467072e+02
-8.9969848633e+01
-1.7917845154e+02
-5.9945568085e+01
-1.2189731598e+02
-1.3745155334e+02
2.5727792740e+01
-3.2158856201e+02
-9.3461456299e+01
1.5813159180e+02
-2.7780838013e+02
4.0256176758e+02
-9.3412063599e+01
1.5811808777e+02
-2.7780636597e+02
4.0252673340e+02
-1.2190312195e+02
-1.3744609070e+02
2.5709241867e+01
-3.2156491089e+02
-1.0989398193e+02
-8.9978218079e+01
-1.7917247009e+02
-5.9951629639e+01
-6.2446758270e+01
-1.1850468445e+02
-1.1313878632e+02
-2.1946142578e+02
-5.6816070557e+01
-8.5826293945e+01
-1.4524124146e+02
-1.4277976990e+02
-3.1950992584e+01
-9.6160423279e+01
-1.3257080078e+02
-1.8424014282e+02
-4.0087982178e+01
-8.2620803833e+01
-1.3431851196e+02
-1.6847322083e+02
-2.6235254288e+01
-9.0019889832e+01
-1.3750547791e+02
-1.8048059082e+02
-3.1461791992e+01
-8.5047325134e+01
-1.3666813660e+02
-1.7841633606e+02
-2.6444776535e+01
-9.1821571350e+01
-1.4331047058e+02
-1.8391992188e+02
-3.1362771988e+01
-9.8126892090e+01
-1.5067922974e+02
-1.8684678650e+02
-4.0264461517e+01
-1.1921235657e+02
-1.7175842285e+02
-1.9811686707e+02
1.3868643188e+02
-5.4560409546e+01
-2.2222712708e+02
-3.6259384155e+02
1.4781059265e+02
-3.7979602814e+01
-2.0515917969e+02
-3.5451895142e+02
1.4676268005e+02
-2.8876348495e+01
-1.9589566040e+02
-3.4936532593e+02
1.4990272522e+02
-3.0100759506e+01
-1.9472390747e+02
-3.4986849976e+02
1.4147245789e+02
-2.4781795502e+01
-1.9084281921e+02
-3.4171350098e+02
1.4901773071e+02
-3.3637912750e+01
-1.9134342957e+02
-3.4775469971e+02
1.2983543396e+02
-2.2456256866e+01
-1.9143675232e+02
-3.2772509766e+02
1.5273881531e+02
-4.2953292847e+01
-1.8116357422e+02
-3.4977996826e+02
1.1422244263e+02
-1.1458625793e+01
-2.0210765076e+02
-2.8684591675e+02
1.7328082275e+02
-6.0313312531e+01
-1.3793911743e+02
-3.7789764404e+02
6.1012840271e+01
2.3002403259e+01
-2.4580664062e+02
-1.6596212769e+02
8.9922767639e+01
-2.0646781921e+02
4.0179973602e+01
-6.2255822754e+02
8.9896652222e+01
-2.0646391296e+02
4.0178260803e+01
-6.2254174805e+02
6.1028564453e+01
2.2994783401e+01
-2.4579808044e+02
-1.6597685242e+02
1.7328637695e+02
-6.0309993744e+01
-1.3794349670e+02
-3.7789624023e+02
1.1422880554e+02
-1.1459874153e+01
-2.0210571289e+02
-2.8685028076e+02
1.5273930359e+02
-4.2951713562e+01
-1.8116511536e+02
-3.4977612305e+02
1.2983518982e+02
-2.2457757950e+01
-1.9143475342e+02
-3.2772271729e+02
1.4901460266e+02
-3.3638530731e+01
-1.9134269714e+02
-3.4774890137e+02
1.4146823120e+02
-2.4783840179e+01
-1.9084071350e+02
-3.4170773315e+02
1.4989680481e+02
-3.0102807999e+01
-1.9472198486e+02
-3.4986108398e+02
1.4675544739e+02
-2.8879037857e+01
-1.9589295959e+02
-3.4935717773e+02
1.4780160522e+02
-3.7982521057e+01
-2.0515573120e+02
-3.5450906372e+02
1.3867491150e+02
-5.4563667297e+01
-2.2222154236e+02
-3.6258102417e+02
3.4922723389e+02
2.0032424927e+01
-2.8229281616e+02
-5.5811492920e+02
3.5525424194e+02
3.6489921570e+01
-2.6595007324e+02
-5.5053857422e+02
3.5824795532e+02
4.0643890381e+01
-2.6148422241e+02
-5.5203161621e+02
3.5488131714e+02
4.5075832367e+01
-2.5848239136e+02
-5.4929205322e+02
3.6055258179e+02
4.0266960144e+01
-2.6087500000e+02
-5.5653472900e+02
3.5062844849e+02
4.7109577179e+01
-2.6062664795e+02
-5.4953680420e+02
3.6738598633e+02
3.5032978058e+01
-2.6068862915e+02
-5.6684387207e+02
3.4154522705e+02
5.4103591919e+01
-2.6900057983e+02
-5.4581402588e+02
3.8761898804e+02
2.3079540253e+01
-2.5129972839e+02
-5.9480737305e+02
3.2092385864e+02
7.2898941040e+01
-3.0439056396e+02
-5.2255334473e+02
4.6824227905e+02
-1.9417140961e+01
-2.3825987244e+02
-6.8642938232e+02
4.1739752197e+02
1.5663282776e+02
-4.8620776367e+02
-3.9252432251e+02
4.1741674805e+02
1.5663337708e+02
-4.8620736694e+02
-3.9254080200e+02
4.6822778320e+02
-1.9408365250e+01
-2.3826445007e+02
-6.8641925049e+02
3.2091674805e+02
7.2897827148e+01
-3.0438687134e+02
-5.2255242920e+02
3.8761563110e+02
2.3078914642e+01
-2.5129946899e+02
-5.9480407715e+02
3.4154226685e+02
5.4102695465e+01
-2.6899963379e+02
-5.4581304932e+02
3.6738394165e+02
3.5031764984e+01
-2.6068792725e+02
-5.6684155273e+02
3.5062509155e+02
4.7108570099e+01
-2.6062588501e+02
-5.4953387451e+02
3.6054907227e+02
4.0265277863e+01
-2.6087365723e+02
-5.5653076172e+02
3.5487637329e+02
4.5074226379e+01
-2.5848092651e+02
-5.4928692627e+02
3.5824234009e+02
4.0641773224e+01
-2.6148199463e+02
-5.5202532959e+02
3.5524710083e+02
3.6487865448e+01
-2.6594699097e+02
-5.5053051758e+02
3.4921810913e+02
2.0030111313e+01
-2.8228762817e+02
-5.5810388184e+02
5.6432812500e+02
9.8632240295e+01
-3.4307168579e+02
-7.6021978760e+02
5.7062994385e+02
1.1151492310e+02
-3.3017947388e+02
-7.5631134033e+02
5.6813348389e+02
1.1747960663e+02
-3.2493554688e+02
-7.5562011719e+02
5.7029919434e+02
1.1466591644e+02
-3.2681124878e+02
-7.6105718994e+02
5.6238958740e+02
1.1767586517e+02
-3.2677853394e+02
-7.5834326172e+02
5.7009716797e+02
1.0901972198e+02
-3.2994207764e+02
-7.6989361572e+02
5.5223541260e+02
1.1785289764e+02
-3.3339810181e+02
-7.5801959229e+02
5.7657330322e+02
9.8285514832e+01
-3.2904278564e+02
-7.8313665771e+02
5.3005114746e+02
1.2522539520e+02
-3.4812857056e+02
-7.4467388916e+02
5.9837774658e+02
7.7132034302e+01
-3.0758837891e+02
-8.1311694336e+02
4.5322079468e+02
1.6550799561e+02
-3.5998825073e+02
-6.8667224121e+02
5.1307995605e+02
2.6493223190e+01
-1.5636045837e+02
-8.8327478027e+02
5.1306719971e+02
2.6491477966e+01
-1.5636129761e+02
-8.8326403809e+02
4.5323034668e+02
1.6549957275e+02
-3.5998510742e+02
-6.8667639160e+02
5.9838061523e+02
7.7131034851e+01
-3.0759027100e+02
-8.1311688232e+02
5.3004949951e+02
1.2522509766e+02
-3.4812899780e+02
-7.4467340088e+02
5.7657257080e+02
9.8284339905e+01
-3.2904254150e+02
-7.8313531494e+02
5.5223297119e+02
1.1785254669e+02
-3.3339819336e+02
-7.5801806641e+02
5.7009576416e+02
1.0901856232e+02
-3.2994152832e+02
-7.6989215088e+02
5.6238714600e+02
1.1767520905e+02
-3.2677828979e+02
-7.5834136963e+02
5.7029693604e+02
1.1466481781e+02
-3.2681045532e+02
-7.6105499268e+02
5.6813043213e+02
1.1747871399e+02
-3.2493457031e+02
-7.5561706543e+02
5.7062622070e+02
1.1151378632e+02
-3.3017761230e+02
-7.5630712891e+02
5.6432244873e+02
9.8630920410e+01
-3.4306817627e+02
-7.6021295166e+02
7.7333270264e+02
1.7670774841e+02
-3.9796166992e+02
-9.5209167480e+02
7.7516363525e+02
1.8753675842e+02
-3.8770172119e+02
-9.4954010010e+02
7.7416229248e+02
1.8764793396e+02
-3.8716906738e+02
-9.5422161865e+02
7.6703674316e+02
1.8811293030e+02
-3.8767315674e+02
-9.5415850830e+02
7.6852960205e+02
1.8088824463e+02
-3.9217358398e+02
-9.6300219727e+02
7.5530596924e+02
1.8359657288e+02
-3.9452050781e+02
-9.5746234131e+02
7.6685797119e+02
1.7075018311e+02
-3.9609841919e+02
-9.7401452637e+02
7.3903753662e+02
1.8375253296e+02
-4.0433660889e+02
-9.5372473145e+02
7.7836846924e+02
1.5615629578e+02
-3.9037249756e+02
-9.9193927002e+02
7.0873339844e+02
1.9657563782e+02
-4.2488735962e+02
-9.3081732178e+02
8.3476226807e+02
1.1526304626e+02
-3.7991308594e+02
-1.0316461182e+03
7.7488232422e+02
2.2503910828e+02
-5.4410144043e+02
-8.9838726807e+02
7.7489086914e+02
2.2504090881e+02
-5.4410083008e+02
-8.9839575195e+02
8.3475567627e+02
1.1526959229e+02
-3.7991522217e+02
-1.0316437988e+03
7.0873162842e+02
1.9657643127e+02
-4.2488632202e+02
-9.3081683350e+02
7.7836999512e+02
1.5615591431e+02
-3.9037207031e+02
-9.9193957520e+02
7.3903686523e+02
1.8375291443e+02
-4.0433697510e+02
-9.5372479248e+02
7.6685852051e+02
1.7074955750e+02
-3.9609826660e+02
-9.7401452637e+02
7.5530517578e+02
1.8359649658e+02
-3.9452081299e+02
-9.5746203613e+02
7.6852935791e+02
1.8088769531e+02
-3.9217352295e+02
-9.6300195312e+02
7.6703588867e+02
1.8811262512e+02
-3.8767321777e+02
-9.5415808105e+02
7.7416149902e+02
1.8764744568e+02
-3.8716882324e+02
-9.5422088623e+02
7.7516204834e+02
1.8753630066e+02
-3.8770098877e+02
-9.4953851318e+02
7.7332946777e+02
1.7670692444e+02
-3.9795956421e+02
-9.5208807373e+02
9.7393518066e+02
2.5556950378e+02
-4.4599642944e+02
-1.1309882812e+03
9.7384173584e+02
2.6010720825e+02
-4.4182055664e+02
-1.1339730225e+03
9.6656512451e+02
2.5991217041e+02
-4.4256427002e+02
-1.1377487793e+03
9.6408868408e+02
2.5306071472e+02
-4.4831500244e+02
-1.1464984131e+03
9.5288610840e+02
2.5164677429e+02
-4.5196618652e+02
-1.1467520752e+03
9.5657086182e+02
2.4121287537e+02
-4.5744174194e+02
-1.1601976318e+03
9.3792053223e+02
2.4551579285e+02
-4.6306527710e+02
-1.1512028809e+03
9.5747558594e+02
2.2803485107e+02
-4.6135321045e+02
-1.1767183838e+03
9.1656079102e+02
2.4742912292e+02
-4.7864163208e+02
-1.1455965576e+03
9.7792114258e+02
2.0794158936e+02
-4.5411614990e+02
-1.2052399902e+03
8.6994335938e+02
2.7634222412e+02
-4.9937078857e+02
-1.1269606934e+03
9.2431616211e+02
1.8687120056e+02
-3.7085433960e+02
-1.2215583496e+03
9.2431060791e+02
1.8686991882e+02
-3.7085525513e+02
-1.2215527344e+03
8.6994763184e+02
2.7633737183e+02
-4.9936938477e+02
-1.1269619141e+03
9.7792175293e+02
2.0794090271e+02
-4.5411688232e+02
-1.2052409668e+03
9.1655957031e+02
2.4742936707e+02
-4.7864233398e+02
-1.1455966797e+03
9.5747662354e+02
2.2803450012e+02
-4.6135339355e+02
-1.1767193604e+03
9.3792065430e+02
2.4551614380e+02
-4.6306594849e+02
-1.1512039795e+03
9.5657202148e+02
2.4121281433e+02
-4.5744226074e+02
-1.1601989746e+03
9.5288684082e+02
2.5164695740e+02
-4.5196691895e+02
-1.1467535400e+03
9.6408978271e+02
2.5306077576e+02
-4.4831567383e+02
-1.1464998779e+03
9.6656597900e+02
2.5991235352e+02
-4.4256481934e+02
-1.1377501221e+03
9.7384234619e+02
2.6010736084e+02
-4.4182064819e+02
-1.1339737549e+03
9.7393450928e+02
2.5556971741e+02
-4.4599517822e+02
-1.1309873047e+03
1.1646546631e+03
3.3130566406e+02
-4.8869345093e+02
-1.2973558350e+03
1.1589538574e+03
3.3179605103e+02
-4.8904656982e+02
-1.3030113525e+03
1.1523256836e+03
3.2519430542e+02
-4.9538098145e+02
-1.3133028564e+03
1.1409730225e+03
3.2016424561e+02
-5.0129013062e+02
-1.3181141357e+03
1.1381988525e+03
3.0963534546e+02
-5.0957821655e+02
-1.3307119141e+03
1.1228463135e+03
3.0787442017e+02
-5.1563061523e+02
-1.3290856934e+03
1.1299790039e+03
2.9431579590e+02
-5.2016699219e+02
-1.3477236328e+03
1.1033890381e+03
3.0137280273e+02
-5.3003387451e+02
-1.3317579346e+03
1.1335755615e+03
2.7790429688e+02
-5.2143109131e+02
-1.3678034668e+03
1.0729217529e+03
3.0753308105e+02
-5.4673223877e+02
-1.3191748047e+03
1.1575732422e+03
2.4594706726e+02
-5.0700463867e+02
-1.3857176514e+03
1.1079885254e+03
3.1695254517e+02
-6.0934796143e+02
-1.3188331299e+03
1.1079923096e+03
3.1695333862e+02
-6.0934722900e+02
-1.3188375244e+03
1.1575712891e+03
2.4595040894e+02
-5.0700601196e+02
-1.3857177734e+03
1.0729229736e+03
3.0753363037e+02
-5.4673260498e+02
-1.3191755371e+03
1.1335778809e+03
2.7790426636e+02
-5.2143157959e+02
-1.3678056641e+03
1.1033901367e+03
3.0137326050e+02
-5.3003497314e+02
-1.3317598877e+03
1.1299810791e+03
2.9431588745e+02
-5.2016796875e+02
-1.3477260742e+03
1.1228481445e+03
3.0787487793e+02
-5.1563189697e+02
-1.3290883789e+03
1.1382014160e+03
3.0963577271e+02
-5.0957955933e+02
-1.3307149658e+03
1.1409755859e+03
3.2016488647e+02
-5.0129156494e+02
-1.3181175537e+03
1.1523287354e+03
3.2519503784e+02
-4.9538232422e+02
-1.3133063965e+03
1.1589569092e+03
3.3179705811e+02
-4.8904745483e+02
-1.3030146484e+03
1.1646569824e+03
3.3130694580e+02
-4.8869317627e+02
-1.2973577881e+03
1.3382410889e+03
4.0273544312e+02
-5.2499536133e+02
-1.4460238037e+03
1.3298643799e+03
3.9648324585e+02
-5.3189733887e+02
-1.4575827637e+03
1.3168978271e+03
3.8863220215e+02
-5.4026464844e+02
-1.4673284912e+03
1.3090037842e+03
3.7670382690e+02
-5.5125091553e+02
-1.4808791504e+03
1.2941540527e+03
3.7018020630e+02
-5.5954785156e+02
-1.4854345703e+03
1.2930898438e+03
3.5720117188e+02
-5.6839678955e+02
-1.5017342529e+03
1.2731906738e+03
3.5653991699e+02
-5.7683142090e+02
-1.4965437012e+03
1.2865266113e+03
3.3986849976e+02
-5.7835552979e+02
-1.5220919189e+03
1.2506542969e+03
3.5177615356e+02
-5.9405932617e+02
-1.4966955566e+03
1.2976461182e+03
3.1961694336e+02
-5.7844757080e+02
-1.5456794434e+03
1.2255708008e+03
3.6733731079e+02
-6.1996118164e+02
-1.4949396973e+03
1.2661485596e+03
3.0738961792e+02
-5.4175054932e+02
-1.5466048584e+03
1.2661463623e+03
3.0738937378e+02
-5.4175158691e+02
-1.5466022949e+03
1.2255728760e+03
3.6733544922e+02
-6.1996087646e+02
-1.4949409180e+03
1.2976466064e+03
3.1961706543e+02
-5.7844824219e+02
-1.5456815186e+03
1.2506551514e+03
3.5177670288e+02
-5.9406042480e+02
-1.4966972656e+03
1.2865292969e+03
3.3986892700e+02
-5.7835656738e+02
-1.5220948486e+03
1.2731932373e+03
3.5654067993e+02
-5.7683288574e+02
-1.4965472412e+03
1.2930933838e+03
3.5720193481e+02
-5.6839849854e+02
-1.5017384033e+03
1.2941578369e+03
3.7018118286e+02
-5.5954974365e+02
-1.4854393311e+03
1.3090081787e+03
3.7670495605e+02
-5.5125299072e+02
-1.4808843994e+03
1.3169027100e+03
3.8863360596e+02
-5.4026672363e+02
-1.4673342285e+03
1.3298696289e+03
3.9648501587e+02
-5.3189904785e+02
-1.4575883789e+03
1.3382463379e+03
4.0273779297e+02
-5.2499603271e+02
-1.4460286865e+03
1.4914887695e+03
4.6581311035e+02
-5.5569573975e+02
-1.5754238281e+03
1.4778046875e+03
4.5545248413e+02
-5.6710742188e+02
-1.5895726318e+03
1.4651486816e+03
4.4170578003e+02
-5.8069250488e+02
-1.6056832275e+03
1.4492963867e+03
4.3090191650e+02
-5.9219854736e+02
-1.6155895996e+03
1.4418493652e+03
4.1667956543e+02
-6.0460211182e+02
-1.6320197754e+03
1.4241915283e+03
4.1032849121e+02
-6.1438806152e+02
-1.6345672607e+03
1.4266280518e+03
3.9559228516e+02
-6.2206994629e+02
-1.6550600586e+03
1.4014155273e+03
3.9735473633e+02
-6.3345086670e+02
-1.6440377197e+03
1.4231130371e+03
3.7695004272e+02
-6.2995178223e+02
-1.6777465820e+03
1.3749626465e+03
3.9720974731e+02
-6.5126867676e+02
-1.6426550293e+03
1.4274534912e+03
3.5238702393e+02
-6.1840588379e+02
-1.6897171631e+03
1.3907823486e+03
3.9909378052e+02
-6.8225488281e+02
-1.6524044189e+03
1.3907843018e+03
3.9909387207e+02
-6.8225415039e+02
-1.6524068604e+03
1.4274537354e+03
3.5238836670e+02
-6.1840686035e+02
-1.6897183838e+03
1.3749649658e+03
3.9721008301e+02
-6.5126965332e+02
-1.6426568604e+03
1.4231158447e+03
3.7695043945e+02
-6.2995300293e+02
-1.6777501221e+03
1.4014182129e+03
3.9735540771e+02
-6.3345257568e+02
-1.6440415039e+03
1.4266319580e+03
3.9559313965e+02
-6.2207189941e+02
-1.6550646973e+03
1.4241959229e+03
4.1032962036e+02
-6.1439031982e+02
-1.6345728760e+03
1.4418547363e+03
4.1668090820e+02
-6.0460461426e+02
-1.6320260010e+03
1.4493023682e+03
4.3090356445e+02
-5.9220129395e+02
-1.6155966797e+03
1.4651555176e+03
4.4170782471e+02
-5.8069525146e+02
-1.6056909180e+03
1.4778121338e+03
4.5545504761e+02
-5.6710992432e+02
-1.5895805664e+03
1.4914967041e+03
4.6581643677e+02
-5.5569738770e+02
-1.5754312744e+03
1.6178250732e+03
5.1924737549e+02
-5.7959680176e+02
-1.6808070068e+03
1.6019040527e+03
5.0324081421e+02
-5.9650067139e+02
-1.7000615234e+03
1.5839055176e+03
4.8852053833e+02
-6.1174108887e+02
-1.7152873535e+03
1.5711611328e+03
4.7201708984e+02
-6.2755181885e+02
-1.7332473145e+03
1.5532725830e+03
4.6097097778e+02
-6.4003887939e+02
-1.7419580078e+03
1.5479741211e+03
4.4570956421e+02
-6.5208630371e+02
-1.7608209229e+03
1.5273428955e+03
4.4076910400e+02
-6.6308483887e+02
-1.7596875000e+03
1.5349428711e+03
4.2447381592e+02
-6.6783142090e+02
-1.7849410400e+03
1.5037503662e+03
4.3030041504e+02
-6.8254602051e+02
-1.7661844482e+03
1.5357980957e+03
4.0408218384e+02
-6.7245422363e+02
-1.8051119385e+03
1.4885059814e+03
4.3552600098e+02
-7.0780065918e+02
-1.7714261475e+03
1.5162104492e+03
3.9422650146e+02
-6.6011779785e+02
-1.8036370850e+03
1.5162099609e+03
3.9422677612e+02
-6.6011889648e+02
-1.8036361084e+03
1.4885074463e+03
4.3552578735e+02
-7.0780108643e+02
-1.7714278564e+03
1.5357994385e+03
4.0408279419e+02
-6.7245520020e+02
-1.8051148682e+03
1.5037531738e+03
4.3030117798e+02
-6.8254754639e+02
-1.7661877441e+03
1.5349467773e+03
4.2447476196e+02
-6.6783325195e+02
-1.7849458008e+03
1.5273474121e+03
4.4077023315e+02
-6.6308715820e+02
-1.7596932373e+03
1.5479797363e+03
4.4571093750e+02
-6.5208892822e+02
-1.7608275146e+03
1.5532789307e+03
4.6097265625e+02
-6.4004180908e+02
-1.7419656982e+03
1.5711685791e+03
4.7201913452e+02
-6.2755499268e+02
-1.7332558594e+03
1.5839138184e+03
4.8852304077e+02
-6.1174444580e+02
-1.7152967529e+03
1.6019134521e+03
5.0324392700e+02
-5.9650384521e+02
-1.7000714111e+03
1.6178353271e+03
5.1925140381e+02
-5.7959930420e+02
-1.6808168945e+03
1.7138958740e+03
5.5964459229e+02
-5.9765740967e+02
-1.7603029785e+03
1.6941395264e+03
5.4100683594e+02
-6.1748321533e+02
-1.7809410400e+03
1.6767874756e+03
5.2178295898e+02
-6.3662872314e+02
-1.8015014648e+03
1.6576175537e+03
5.0653836060e+02
-6.5239477539e+02
-1.8154133301e+03
1.6464249268e+03
4.8952423096e+02
-6.6797857666e+02
-1.8346522217e+03
1.6272320557e+03
4.7955709839e+02
-6.8058923340e+02
-1.8407094727e+03
1.6255935059e+03
4.6397308350e+02
-6.9075646973e+02
-1.8620887451e+03
1.6020214844e+03
4.6160787964e+02
-7.0305548096e+02
-1.8556341553e+03
1.6161920166e+03
4.4352316284e+02
-7.0339086914e+02
-1.8856988525e+03
1.5797698975e+03
4.5617617798e+02
-7.2231036377e+02
-1.8621219482e+03
1.6109438477e+03
4.2384097290e+02
-6.9785180664e+02
-1.8968868408e+03
1.5848322754e+03
4.5480145264e+02
-7.3896954346e+02
-1.8739765625e+03
1.5848332520e+03
4.5480126953e+02
-7.3896899414e+02
-1.8739782715e+03
1.6109451904e+03
4.2384140015e+02
-6.9785253906e+02
-1.8968885498e+03
1.5797727051e+03
4.5617657471e+02
-7.2231164551e+02
-1.8621247559e+03
1.6161951904e+03
4.4352389526e+02
-7.0339257812e+02
-1.8857033691e+03
1.6020256348e+03
4.6160885620e+02
-7.0305767822e+02
-1.8556394043e+03
1.6255988770e+03
4.6397439575e+02
-6.9075909424e+02
-1.8620953369e+03
1.6272381592e+03
4.7955871582e+02
-6.8059222412e+02
-1.8407171631e+03
1.6464322510e+03
4.8952621460e+02
-6.6798199463e+02
-1.8346610107e+03
1.6576259766e+03
5.0654074097e+02
-6.5239849854e+02
-1.8154232178e+03
1.6767971191e+03
5.2178588867e+02
-6.3663262939e+02
-1.8015120850e+03
1.6941502686e+03
5.4101037598e+02
-6.1748706055e+02
-1.7809525146e+03
1.7139078369e+03
5.5964910889e+02
-5.9766076660e+02
-1.7603148193e+03
1.7748686523e+03
5.8573236084e+02
-6.0824029541e+02
-1.8103859863e+03
1.7542572021e+03
5.6380627441e+02
-6.3123071289e+02
-1.8342961426e+03
1.7333146973e+03
5.4491162109e+02
-6.5065142822e+02
-1.8528994141e+03
1.7174354248e+03
5.2569030762e+02
-6.6943212891e+02
-1.8734739990e+03
1.6979591064e+03
5.1177005005e+02
-6.8450720215e+02
-1.8849573975e+03
1.6896933594e+03
4.9534606934e+02
-6.9853350830e+02
-1.9050021973e+03
1.6693476562e+03
4.8751834106e+02
-7.1101580811e+02
-1.9070759277e+03
1.6723946533e+03
4.7191580200e+02
-7.1803277588e+02
-1.9310104980e+03
1.6460045166e+03
4.7341821289e+02
-7.3185162354e+02
-1.9186365967e+03
1.6658198242e+03
4.5228033447e+02
-7.2570086670e+02
-1.9491904297e+03
1.6345062256e+03
4.7200656128e+02
-7.5378668213e+02
-1.9268492432e+03
1.6527087402e+03
4.4289224243e+02
-7.2412542725e+02
-1.9491749268e+03
1.6527089844e+03
4.4289266968e+02
-7.2412640381e+02
-1.9491748047e+03
1.6345075684e+03
4.7200701904e+02
-7.5378759766e+02
-1.9268511963e+03
1.6658218994e+03
4.5228103638e+02
-7.2570214844e+02
-1.9491938477e+03
1.6460083008e+03
4.7341903687e+02
-7.3185351562e+02
-1.9186408691e+03
1.6723992920e+03
4.7191693115e+02
-7.1803503418e+02
-1.9310164795e+03
1.6693531494e+03
4.8751965332e+02
-7.1101861572e+02
-1.9070830078e+03
1.6897001953e+03
4.9534774780e+02
-6.9853680420e+02
-1.9050104980e+03
1.6979669189e+03
5.1177206421e+02
-6.8451080322e+02
-1.8849669189e+03
1.7174444580e+03
5.2569274902e+02
-6.6943603516e+02
-1.8734846191e+03
1.7333249512e+03
5.4491461182e+02
-6.5065563965e+02
-1.8529111328e+03
1.7542686768e+03
5.6380987549e+02
-6.3123498535e+02
-1.8343085938e+03
1.7748814697e+03
5.8573687744e+02
-6.0824432373e+02
-1.8103991699e+03
1.7989383545e+03
5.9609777832e+02
-6.1316210938e+02
-1.8301699219e+03
1.7768720703e+03
5.7414221191e+02
-6.3633105469e+02
-1.8534400635e+03
1.7574356689e+03
5.5270874023e+02
-6.5771765137e+02
-1.8757791748e+03
1.7372005615e+03
5.3554266357e+02
-6.7519158936e+02
-1.8914478760e+03
1.7241247559e+03
5.1760900879e+02
-6.9200335693e+02
-1.9115317383e+03
1.7049387207e+03
5.0579666138e+02
-7.0575775146e+02
-1.9195966797e+03
1.7006103516e+03
4.9040252686e+02
-7.1705133057e+02
-1.9403677979e+03
1.6794134521e+03
4.8550030518e+02
-7.2930694580e+02
-1.9374635010e+03
1.6875616455e+03
4.6967364502e+02
-7.3193054199e+02
-1.9630117188e+03
1.6607545166e+03
4.7667355347e+02
-7.4838543701e+02
-1.9479641113e+03
1.6785242920e+03
4.5349731445e+02
-7.3174957275e+02
-1.9739803467e+03
1.6599074707e+03
4.7421203613e+02
-7.5931433105e+02
-1.9588747559e+03
1.6599080811e+03
4.7421185303e+02
-7.5931402588e+02
-1.9588759766e+03
1.6785260010e+03
4.5349740601e+02
-7.3175018311e+02
-1.9739824219e+03
1.6607573242e+03
4.7667398071e+02
-7.4838684082e+02
-1.9479672852e+03
1.6875649414e+03
4.6967449951e+02
-7.3193243408e+02
-1.9630164795e+03
1.6794179688e+03
4.8550134277e+02
-7.2930944824e+02
-1.9374693604e+03
1.7006159668e+03
4.9040393066e+02
-7.1705432129e+02
-1.9403750000e+03
1.7049453125e+03
5.0579837036e+02
-7.0576123047e+02
-1.9196052246e+03
1.7241325684e+03
5.1761114502e+02
-6.9200726318e+02
-1.9115415039e+03
1.7372095947e+03
5.3554516602e+02
-6.7519586182e+02
-1.8914588623e+03
1.7574459229e+03
5.5271166992e+02
-6.5772222900e+02
-1.8757911377e+03
1.7768836670e+03
5.7414575195e+02
-6.3633587646e+02
-1.8534531250e+03
1.7989512939e+03
5.9610192871e+02
-6.1316693115e+02
-1.8301837158e+03
1.7848461914e+03
5.8962799072e+02
-6.0982745361e+02
-1.8184622803e+03
1.7637299805e+03
5.6735760498e+02
-6.3322332764e+02
-1.8426334229e+03
1.7428946533e+03
5.4822290039e+02
-6.5289447021e+02
-1.8614819336e+03
1.7263950195e+03
5.2904895020e+02
-6.7187896729e+02
-1.8820393066e+03
1.7073922119e+03
5.1460345459e+02
-6.8723602295e+02
-1.8941704102e+03
1.6979544678e+03
4.9872875977e+02
-7.0138604736e+02
-1.9134194336e+03
1.6792440186e+03
4.8982406616e+02
-7.1379870605e+02
-1.9171851807e+03
1.6792836914e+03
4.7571588135e+02
-7.2162054443e+02
-1.9384511719e+03
1.6578540039e+03
4.7466500854e+02
-7.3406414795e+02
-1.9310156250e+03
1.6690169678e+03
4.5807507324e+02
-7.3072631836e+02
-1.9546235352e+03
1.6481215820e+03
4.6982550049e+02
-7.5186169434e+02
-1.9400202637e+03
1.6600986328e+03
4.4890829468e+02
-7.3288848877e+02
-1.9564211426e+03
1.6600989990e+03
4.4890866089e+02
-7.3288928223e+02
-1.9564212646e+03
1.6481228027e+03
4.6982608032e+02
-7.5186273193e+02
-1.9400220947e+03
1.6690191650e+03
4.5807565308e+02
-7.3072766113e+02
-1.9546269531e+03
1.6578576660e+03
4.7466564941e+02
-7.3406604004e+02
-1.9310200195e+03
1.6792880859e+03
4.7571679688e+02
-7.2162292480e+02
-1.9384572754e+03
1.6792493896e+03
4.8982516479e+02
-7.1380163574e+02
-1.9171922607e+03
1.6979609375e+03
4.9873016357e+02
-7.0138940430e+02
-1.9134278564e+03
1.7073996582e+03
5.1460516357e+02
-6.8723986816e+02
-1.8941800537e+03
1.7264036865e+03
5.2905102539e+02
-6.7188317871e+02
-1.8820500488e+03
1.7429044189e+03
5.4822534180e+02
-6.5289904785e+02
-1.8614938965e+03
1.7637409668e+03
5.6736041260e+02
-6.3322821045e+02
-1.8426462402e+03
1.7848582764e+03
5.8963110352e+02
-6.0983270264e+02
-1.8184760742e+03
1.7327581787e+03
5.6822503662e+02
-6.0164935303e+02
-1.7759387207e+03
1.7129387207e+03
5.4891925049e+02
-6.2204992676e+02
-1.7971770020e+03
1.6945606689e+03
5.2918444824e+02
-6.4169445801e+02
-1.8181019287e+03
1.6759327393e+03
5.1308251953e+02
-6.5781835938e+02
-1.8327659912e+03
1.6632172852e+03
4.9650363159e+02
-6.7345660400e+02
-1.8513214111e+03
1.6458692627e+03
4.8491610718e+02
-6.8634722900e+02
-1.8594832764e+03
1.6405593262e+03
4.7106924438e+02
-6.9708520508e+02
-1.8779459229e+03
1.6226550293e+03
4.6533963013e+02
-7.0812884521e+02
-1.8771475830e+03
1.6266800537e+03
4.5213619995e+02
-7.1155310059e+02
-1.8977243652e+03
1.6074641113e+03
4.5545108032e+02
-7.2505236816e+02
-1.8883763428e+03
1.6171177979e+03
4.3915121460e+02
-7.1448864746e+02
-1.9075644531e+03
1.6036043701e+03
4.5327215576e+02
-7.3355426025e+02
-1.8971175537e+03
1.6036047363e+03
4.5327203369e+02
-7.3355413818e+02
-1.8971185303e+03
1.6171193848e+03
4.3915115356e+02
-7.1448919678e+02
-1.9075664062e+03
1.6074663086e+03
4.5545141602e+02
-7.2505377197e+02
-1.8883792725e+03
1.6266828613e+03
4.5213684082e+02
-7.1155493164e+02
-1.8977288818e+03
1.6226589355e+03
4.6534042358e+02
-7.0813134766e+02
-1.8771529541e+03
1.6405640869e+03
4.7107031250e+02
-6.9708819580e+02
-1.8779526367e+03
1.6458748779e+03
4.8491738892e+02
-6.8635070801e+02
-1.8594912109e+03
1.6632239990e+03
4.9650518799e+02
-6.7346051025e+02
-1.8513304443e+03
1.6759403076e+03
5.1308428955e+02
-6.5782269287e+02
-1.8327761230e+03
1.6945693359e+03
5.2918658447e+02
-6.4169921875e+02
-1.8181130371e+03
1.7129483643e+03
5.4892150879e+02
-6.2205529785e+02
-1.7971892090e+03
1.7327684326e+03
5.6822705078e+02
-6.0165521240e+02
-1.7759516602e+03
1.6463537598e+03
5.3005444336e+02
-5.8431298828e+02
-1.7040413818e+03
1.6289689941e+03
5.1309661865e+02
-6.0237072754e+02
-1.7240396729e+03
1.6113489990e+03
4.9777362061e+02
-6.1825262451e+02
-1.7398790283e+03
1.5968233643e+03
4.8151345825e+02
-6.3459912109e+02
-1.7577454834e+03
1.5803782959e+03
4.6893411255e+02
-6.4791754150e+02
-1.7683515625e+03
1.5716188965e+03
4.5539190674e+02
-6.6028350830e+02
-1.7848402100e+03
1.5558740234e+03
4.4720782471e+02
-6.7106640625e+02
-1.7886617432e+03
1.5545085449e+03
4.3552496338e+02
-6.7821673584e+02
-1.8060712891e+03
1.5380540771e+03
4.3350646973e+02
-6.8857232666e+02
-1.8017174072e+03
1.5438063965e+03
4.2109652710e+02
-6.8696166992e+02
-1.8193483887e+03
1.5300007324e+03
4.2774362183e+02
-7.0205963135e+02
-1.8099078369e+03
1.5381832275e+03
4.1254290771e+02
-6.8950970459e+02
-1.8221307373e+03
1.5381837158e+03
4.1254312134e+02
-6.8951025391e+02
-1.8221311035e+03
1.5300015869e+03
4.2774404907e+02
-7.0206060791e+02
-1.8099094238e+03
1.5438081055e+03
4.2109677124e+02
-6.8696282959e+02
-1.8193513184e+03
1.5380567627e+03
4.3350671387e+02
-6.8857409668e+02
-1.8017210693e+03
1.5545117188e+03
4.3552536011e+02
-6.7821887207e+02
-1.8060764160e+03
1.5558780518e+03
4.4720831299e+02
-6.7106909180e+02
-1.7886677246e+03
1.5716237793e+03
4.5539254761e+02
-6.6028656006e+02
-1.7848474121e+03
1.5803839111e+03
4.6893487549e+02
-6.4792108154e+02
-1.7683597412e+03
1.5968298340e+03
4.8151434326e+02
-6.3460302734e+02
-1.7577546387e+03
1.6113562012e+03
4.9777456665e+02
-6.1825701904e+02
-1.7398892822e+03
1.6289768066e+03
5.1309741211e+02
-6.0237567139e+02
-1.7240506592e+03
1.6463616943e+03
5.3005450439e+02
-5.8431903076e+02
-1.7040532227e+03
1.5261706543e+03
4.8167568970e+02
-5.6366162109e+02
-1.6050208740e+03
1.5126109619e+03
4.7027005005e+02
-5.7588128662e+02
-1.6200828857e+03
1.4980371094e+03
4.5558105469e+02
-5.9036529541e+02
-1.6369053955e+03
1.4833089600e+03
4.4308663940e+02
-6.0250640869e+02
-1.6481759033e+03
1.4729346924e+03
4.2983297729e+02
-6.1485339355e+02
-1.6631364746e+03
1.4590032959e+03
4.2025509644e+02
-6.2514099121e+02
-1.6696956787e+03
1.4542592773e+03
4.0914706421e+02
-6.3384368896e+02
-1.6844573975e+03
1.4403754883e+03
4.0402819824e+02
-6.4264593506e+02
-1.6843333740e+03
1.4421166992e+03
3.9384231567e+02
-6.4568988037e+02
-1.6998306885e+03
1.4289302979e+03
3.9515447998e+02
-6.5589093018e+02
-1.6939323730e+03
1.4339117432e+03
3.8416174316e+02
-6.4946539307e+02
-1.7075529785e+03
1.4239506836e+03
3.9410537720e+02
-6.6284973145e+02
-1.7000472412e+03
1.4239508057e+03
3.9410525513e+02
-6.6284973145e+02
-1.7000478516e+03
1.4339127197e+03
3.8416152954e+02
-6.4946588135e+02
-1.7075545654e+03
1.4289316406e+03
3.9515457153e+02
-6.5589221191e+02
-1.6939346924e+03
1.4421185303e+03
3.9384255981e+02
-6.4569152832e+02
-1.6998341064e+03
1.4403779297e+03
4.0402847290e+02
-6.4264819336e+02
-1.6843375244e+03
1.4542622070e+03
4.0914746094e+02
-6.3384631348e+02
-1.6844626465e+03
1.4590067139e+03
4.2025555420e+02
-6.2514410400e+02
-1.6697016602e+03
1.4729388428e+03
4.2983352661e+02
-6.1485693359e+02
-1.6631435547e+03
1.4833135986e+03
4.4308721924e+02
-6.0251043701e+02
-1.6481837158e+03
1.4980421143e+03
4.5558157349e+02
-5.9036981201e+02
-1.6369139404e+03
1.5126163330e+03
4.7027005005e+02
-5.7588671875e+02
-1.6200922852e+03
1.5261752930e+03
4.8167434692e+02
-5.6366809082e+02
-1.6050307617e+03
1.3818094482e+03
4.1813922119e+02
-5.3277630615e+02
-1.4818802490e+03
1.3711364746e+03
4.1053372192e+02
-5.4146276855e+02
-1.4946286621e+03
1.3589503174e+03
4.0202999878e+02
-5.5056573486e+02
-1.5050035400e+03
1.3483322754e+03
3.9083639526e+02
-5.6218243408e+02
-1.5182390137e+03
1.3359404297e+03
3.8188525391e+02
-5.7182458496e+02
-1.5258022461e+03
1.3292360840e+03
3.7197424316e+02
-5.8104071045e+02
-1.5381883545e+03
1.3173621826e+03
3.6584017944e+02
-5.8909057617e+02
-1.5408294678e+03
1.3158829346e+03
3.5726550293e+02
-5.9450689697e+02
-1.5537269287e+03
1.3041951904e+03
3.5546249390e+02
-6.0222906494e+02
-1.5508541260e+03
1.3069532471e+03
3.4688327026e+02
-6.0140759277e+02
-1.5632687988e+03
1.2982109375e+03
3.5048254395e+02
-6.1152270508e+02
-1.5571124268e+03
1.3041716309e+03
3.3940594482e+02
-6.0286230469e+02
-1.5661091309e+03
1.3041719971e+03
3.3940600586e+02
-6.0286273193e+02
-1.5661093750e+03
1.2982113037e+03
3.5048269653e+02
-6.1152349854e+02
-1.5571135254e+03
1.3069541016e+03
3.4688308716e+02
-6.0140850830e+02
-1.5632708740e+03
1.3041965332e+03
3.5546218872e+02
-6.0223046875e+02
-1.5508566895e+03
1.3158846436e+03
3.5726516724e+02
-5.9450860596e+02
-1.5537304688e+03
1.3173642578e+03
3.6583975220e+02
-5.8909271240e+02
-1.5408336182e+03
1.3292385254e+03
3.7197375488e+02
-5.8104315186e+02
-1.5381933594e+03
1.3359431152e+03
3.8188467407e+02
-5.7182745361e+02
-1.5258078613e+03
1.3483353271e+03
3.9083563232e+02
-5.6218566895e+02
-1.5182454834e+03
1.3589534912e+03
4.0202893066e+02
-5.5056958008e+02
-1.5050106201e+03
1.3711395264e+03
4.1053179932e+02
-5.4146728516e+02
-1.4946359863e+03
1.3818111572e+03
4.1813525391e+02
-5.3278265381e+02
-1.4818883057e+03
1.2101094971e+03
3.5231567383e+02
-5.0074108887e+02
-1.3384772949e+03
1.2051802979e+03
3.5194622803e+02
-5.0142507935e+02
-1.3447248535e+03
1.1960288086e+03
3.4413720703e+02
-5.0886959839e+02
-1.3560836182e+03
1.1864489746e+03
3.3659243774e+02
-5.1561407471e+02
-1.3627059326e+03
1.1795831299e+03
3.2773867798e+02
-5.2344354248e+02
-1.3728905029e+03
1.1699619141e+03
3.2120324707e+02
-5.3012774658e+02
-1.3768372803e+03
1.1667880859e+03
3.1347692871e+02
-5.3593200684e+02
-1.3872060547e+03
1.1572095947e+03
3.0983801270e+02
-5.4192279053e+02
-1.3867578125e+03
1.1580416260e+03
3.0279986572e+02
-5.4389447021e+02
-1.3974560547e+03
1.1497089844e+03
3.0327349854e+02
-5.5080395508e+02
-1.3934722900e+03
1.1521412354e+03
2.9643640137e+02
-5.4694317627e+02
-1.4025805664e+03
1.1447607422e+03
3.0377572632e+02
-5.5635687256e+02
-1.3969631348e+03
1.1447606201e+03
3.0377560425e+02
-5.5635687256e+02
-1.3969635010e+03
1.1521416016e+03
2.9643606567e+02
-5.4694354248e+02
-1.4025815430e+03
1.1497092285e+03
3.0327331543e+02
-5.5080499268e+02
-1.3934736328e+03
1.1580419922e+03
3.0279965210e+02
-5.4389575195e+02
-1.3974581299e+03
1.1572102051e+03
3.0983770752e+02
-5.4192456055e+02
-1.3867602539e+03
1.1667886963e+03
3.1347656250e+02
-5.3593402100e+02
-1.3872092285e+03
1.1699626465e+03
3.2120278931e+02
-5.3013024902e+02
-1.3768409424e+03
1.1795839844e+03
3.2773809814e+02
-5.2344641113e+02
-1.3728947754e+03
1.1864497070e+03
3.3659164429e+02
-5.1561743164e+02
-1.3627105713e+03
1.1960294189e+03
3.4413592529e+02
-5.0887353516e+02
-1.3560887451e+03
1.2051802979e+03
3.5194378662e+02
-5.0143011475e+02
-1.3447303467e+03
1.2101071777e+03
3.5231060791e+02
-5.0074761963e+02
-1.3384827881e+03
1.0285021973e+03
2.7247879028e+02
-4.5708593750e+02
-1.1766568604e+03
1.0254987793e+03
2.7558178711e+02
-4.5528189087e+02
-1.1814532471e+03
1.0194508667e+03
2.7509457397e+02
-4.5642526245e+02
-1.1852785645e+03
1.0135684814e+03
2.6993310547e+02
-4.6240597534e+02
-1.1930385742e+03
1.0057978516e+03
2.6536596680e+02
-4.6779476929e+02
-1.1970698242e+03
1.0017236938e+03
2.5955767822e+02
-4.7340148926e+02
-1.2050043945e+03
9.9393890381e+02
2.5603558350e+02
-4.7837399292e+02
-1.2059814453e+03
9.9303570557e+02
2.5073271179e+02
-4.8166421509e+02
-1.2144335938e+03
9.8562017822e+02
2.4974815369e+02
-4.8664227295e+02
-1.2120596924e+03
9.8684759521e+02
2.4453878784e+02
-4.8602642822e+02
-1.2200681152e+03
9.8185375977e+02
2.4637971497e+02
-4.9220733643e+02
-1.2159169922e+03
9.8653955078e+02
2.3830265808e+02
-4.8590475464e+02
-1.2224002686e+03
9.8653973389e+02
2.3830259705e+02
-4.8590502930e+02
-1.2224005127e+03
9.8185357666e+02
2.4637954712e+02
-4.9220788574e+02
-1.2159173584e+03
9.8684765625e+02
2.4453819275e+02
-4.8602703857e+02
-1.2200692139e+03
9.8562005615e+02
2.4974729919e+02
-4.8664321899e+02
-1.2120609131e+03
9.9303564453e+02
2.5073162842e+02
-4.8166534424e+02
-1.2144354248e+03
9.9393872070e+02
2.5603427124e+02
-4.7837545776e+02
-1.2059835205e+03
1.0017235718e+03
2.5955606079e+02
-4.7340319824e+02
-1.2050069580e+03
1.0057974854e+03
2.6536401367e+02
-4.6779678345e+02
-1.1970726318e+03
1.0135680542e+03
2.6993069458e+02
-4.6240832520e+02
-1.1930417480e+03
1.0194498291e+03
2.7509143066e+02
-4.5642816162e+02
-1.1852821045e+03
1.0254968262e+03
2.7557711792e+02
-4.5528576660e+02
-1.1814565430e+03
1.0284971924e+03
2.7247070312e+02
-4.5709204102e+02
-1.1766604004e+03
8.2408483887e+02
2.0019581604e+02
-4.1501672363e+02
-1.0032186279e+03
8.2804260254e+02
2.1134474182e+02
-4.0322705078e+02
-9.9961450195e+02
8.2457934570e+02
2.1044537354e+02
-4.0358270264e+02
-1.0057266846e+03
8.2001995850e+02
2.0761824036e+02
-4.0517840576e+02
-1.0080560303e+03
8.1662921143e+02
2.0296475220e+02
-4.0854855347e+02
-1.0135358887e+03
8.1120312500e+02
1.9944946289e+02
-4.1164324951e+02
-1.0147943726e+03
8.0977233887e+02
1.9496015930e+02
-4.1451486206e+02
-1.0209119263e+03
8.0417974854e+02
1.9294213867e+02
-4.1774880981e+02
-1.0197681274e+03
8.0476916504e+02
1.8877210999e+02
-4.1852066040e+02
-1.0263472900e+03
8.0030139160e+02
1.8896110535e+02
-4.2251190186e+02
-1.0234253540e+03
8.0128936768e+02
1.8534138489e+02
-4.2018984985e+02
-1.0290527344e+03
7.9575439453e+02
1.9106962585e+02
-4.2682827759e+02
-1.0246655273e+03
7.9575402832e+02
1.9106948853e+02
-4.2682833862e+02
-1.0246656494e+03
8.0128912354e+02
1.8534091187e+02
-4.2019009399e+02
-1.0290531006e+03
8.0030059814e+02
1.8896063232e+02
-4.2251263428e+02
-1.0234256592e+03
8.0476818848e+02
1.8877145386e+02
-4.1852157593e+02
-1.0263481445e+03
8.0417840576e+02
1.9294129944e+02
-4.1775009155e+02
-1.0197688599e+03
8.0977075195e+02
1.9495910645e+02
-4.1451635742e+02
-1.0209130859e+03
8.1120111084e+02
1.9944819641e+02
-4.1164508057e+02
-1.0147955322e+03
8.1662695312e+02
2.0296322632e+02
-4.0855068970e+02
-1.0135372925e+03
8.2001715088e+02
2.0761631775e+02
-4.0518096924e+02
-1.0080575562e+03
8.2457580566e+02
2.1044265747e+02
-4.0358584595e+02
-1.0057284546e+03
8.2803753662e+02
2.1134033203e+02
-4.0323138428e+02
-9.9961621094e+02
8.2407623291e+02
2.0018765259e+02
-4.1502288818e+02
-1.0032195435e+03
6.2649224854e+02
1.1369835663e+02
-3.5808212280e+02
-8.1327746582e+02
6.2994903564e+02
1.2592212677e+02
-3.4817245483e+02
-8.1260498047e+02
6.2870489502e+02
1.3231469727e+02
-3.4250198364e+02
-8.1061267090e+02
6.2691223145e+02
1.3266514587e+02
-3.4325552368e+02
-8.1311212158e+02
6.2323364258e+02
1.3209509277e+02
-3.4490805054e+02
-8.1411010742e+02
6.2143249512e+02
1.2989851379e+02
-3.4747048950e+02
-8.1834606934e+02
6.1714685059e+02
1.2861938477e+02
-3.4997421265e+02
-8.1819738770e+02
6.1671319580e+02
1.2600726318e+02
-3.5164868164e+02
-8.2323876953e+02
6.1266210938e+02
1.2565888977e+02
-3.5448822021e+02
-8.2134289551e+02
6.1284069824e+02
1.2303265381e+02
-3.5412896729e+02
-8.2617114258e+02
6.1059460449e+02
1.2364707184e+02
-3.5753094482e+02
-8.2344390869e+02
6.1457537842e+02
1.1761962891e+02
-3.5273129272e+02
-8.2815069580e+02
6.1457543945e+02
1.1761949158e+02
-3.5273141479e+02
-8.2815075684e+02
6.1059399414e+02
1.2364672852e+02
-3.5753128052e+02
-8.2344390869e+02
6.1284008789e+02
1.2303179169e+02
-3.5412924194e+02
-8.2617144775e+02
6.1266094971e+02
1.2565766144e+02
-3.5448873901e+02
-8.2134301758e+02
6.1671179199e+02
1.2600563049e+02
-3.5164926147e+02
-8.2323919678e+02
6.1714495850e+02
1.2861734009e+02
-3.4997503662e+02
-8.1819763184e+02
6.2143023682e+02
1.2989599609e+02
-3.4747140503e+02
-8.1834643555e+02
6.2323077393e+02
1.3209199524e+02
-3.4490921021e+02
-8.1411029053e+02
6.2690881348e+02
1.3266131592e+02
-3.4325695801e+02
-8.1311230469e+02
6.2870037842e+02
1.3230976868e+02
-3.4250396729e+02
-8.1061260986e+02
6.2994287109e+02
1.2591502380e+02
-3.4817556763e+02
-8.1260424805e+02
6.2648150635e+02
1.1368673706e+02
-3.5808764648e+02
-8.1327642822e+02
4.0669171143e+02
4.4920188904e+01
-3.0755310059e+02
-6.2242132568e+02
4.1753100586e+02
6.5511383057e+01
-2.8427365112e+02
-6.0890985107e+02
4.1893099976e+02
7.0136192322e+01
-2.7893347168e+02
-6.1131811523e+02
4.1783071899e+02
7.0154853821e+01
-2.7759320068e+02
-6.1187701416e+02
4.1611367798e+02
6.7693054199e+01
-2.7851089478e+02
-6.1475653076e+02
4.1292236328e+02
6.5414352417e+01
-2.7969976807e+02
-6.1476519775e+02
4.1167514038e+02
6.2524047852e+01
-2.8093118286e+02
-6.1785614014e+02
4.0835220337e+02
6.0994514465e+01
-2.8240939331e+02
-6.1631213379e+02
4.0800494385e+02
5.8575103760e+01
-2.8253689575e+02
-6.1967767334e+02
4.0596972656e+02
5.8184883118e+01
-2.8435803223e+02
-6.1730389404e+02
4.0549002075e+02
5.6712444305e+01
-2.8309179688e+02
-6.2031817627e+02
4.0083422852e+02
6.1305435181e+01
-2.8793243408e+02
-6.1669329834e+02
4.0083367920e+02
6.1305255890e+01
-2.8793252563e+02
-6.1669323730e+02
4.0548922729e+02
5.6711818695e+01
-2.8309197998e+02
-6.2031811523e+02
4.0596804810e+02
5.8184108734e+01
-2.8435858154e+02
-6.1730340576e+02
4.0800286865e+02
5.8574043274e+01
-2.8253753662e+02
-6.1967736816e+02
4.0834936523e+02
6.0993209839e+01
-2.8241024780e+02
-6.1631146240e+02
4.1167175293e+02
6.2522468567e+01
-2.8093212891e+02
-6.1785552979e+02
4.1291818237e+02
6.5412498474e+01
-2.7970089722e+02
-6.1476428223e+02
4.1610876465e+02
6.7690856934e+01
-2.7851217651e+02
-6.1475555420e+02
4.1782473755e+02
7.0152130127e+01
-2.7759478760e+02
-6.1187579346e+02
4.1892364502e+02
7.0132514954e+01
-2.7893551636e+02
-6.1131671143e+02
4.1752142334e+02
6.5505714417e+01
-2.8427676392e+02
-6.0890783691e+02
4.0667791748e+02
4.4909976959e+01
-3.0755853271e+02
-6.2241809082e+02
2.1420573425e+02
-3.5857845306e+01
-2.3192835999e+02
-4.0966522217e+02
2.1903404236e+02
-2.0404336929e+01
-2.2154339600e+02
-4.1150250244e+02
2.1596580505e+02
-1.3368118286e+01
-2.1488429260e+02
-4.0837570190e+02
2.1330917358e+02
-1.1751871109e+01
-2.1341801453e+02
-4.0728494263e+02
2.1056896973e+02
-1.0776294708e+01
-2.1296478271e+02
-4.0587835693e+02
2.0953544617e+02
-1.0610074043e+01
-2.1326017761e+02
-4.0690853882e+02
2.0804054260e+02
-9.9470672607e+00
-2.1364004517e+02
-4.0578903198e+02
2.0837553406e+02
-9.8882808685e+00
-2.1376086426e+02
-4.0817248535e+02
2.0765509033e+02
-9.1531553268e+00
-2.1458340454e+02
-4.0669903564e+02
2.0765896606e+02
-9.1376399994e+00
-2.1413980103e+02
-4.0940292358e+02
2.0823660278e+02
-8.8358039856e+00
-2.1531730652e+02
-4.0769961548e+02
2.1251879883e+02
-1.3162377357e+01
-2.1120419312e+02
-4.1119909668e+02
2.1251834106e+02
-1.3162821770e+01
-2.1120422363e+02
-4.1119876099e+02
2.0823439026e+02
-8.8370180130e+00
-2.1531747437e+02
-4.0769821167e+02
2.0765574646e+02
-9.1398792267e+00
-2.1413983154e+02
-4.0940109253e+02
2.0765040588e+02
-9.1562471390e+00
-2.1458357239e+02
-4.0669616699e+02
2.0836984253e+02
-9.8922414780e+00
-2.1376098633e+02
-4.0816912842e+02
2.0803364563e+02
-9.9518165588e+00
-2.1364027405e+02
-4.0578475952e+02
2.0952769470e+02
-1.0615586281e+01
-2.1326043701e+02
-4.0690380859e+02
2.1056028748e+02
-1.0782562256e+01
-2.1296513367e+02
-4.0587286377e+02
2.1329971313e+02
-1.1758935928e+01
-2.1341850281e+02
-4.0727896118e+02
2.1595521545e+02
-1.3376294136e+01
-2.1488513184e+02
-4.0836914062e+02
2.1902159119e+02
-2.0414524078e+01
-2.2154499817e+02
-4.1149511719e+02
2.1418812561e+02
-3.5871814728e+01
-2.3193093872e+02
-4.0965664673e+02
-7.5863700867e+01
-1.3259732056e+02
-1.8088426208e+02
-1.7962669373e+02
-6.3526725769e+01
-1.1151020050e+02
-1.5306727600e+02
-1.5997509766e+02
-4.6717933655e+01
-9.7656974792e+01
-1.4344491577e+02
-1.6461810303e+02
-2.8496889114e+01
-8.6571884155e+01
-1.4017933655e+02
-1.7367601013e+02
-1.1448026657e+01
-7.7888420105e+01
-1.3976235962e+02
-1.8576377869e+02
3.4429662228e+00
-7.0545768738e+01
-1.4048138428e+02
-1.9620663452e+02
1.6560619354e+01
-6.4841270447e+01
-1.4167941284e+02
-2.0750523376e+02
2.7020320892e+01
-6.0039669037e+01
-1.4315402222e+02
-2.1490679932e+02
3.5480930328e+01
-5.6466651917e+01
-1.4410983276e+02
-2.2359902954e+02
4.2529460907e+01
-5.4083393097e+01
-1.4550888062e+02
-2.2737493896e+02
4.5274703979e+01
-5.2150222778e+01
-1.4591265869e+02
-2.3269473267e+02
4.2780994415e+01
-4.7443542480e+01
-1.5032429504e+02
-2.3169628906e+02
4.2778900146e+01
-4.7444168091e+01
-1.5032374573e+02
-2.3169450378e+02
4.5269176483e+01
-5.2152248383e+01
-1.4591094971e+02
-2.3268977356e+02
4.2519775391e+01
-5.4086585999e+01
-1.4550630188e+02
-2.2736616516e+02
3.5467670441e+01
-5.6471157074e+01
-1.4410612488e+02
-2.2358715820e+02
2.7003162384e+01
-6.0045383453e+01
-1.4314936829e+02
-2.1489134216e+02
1.6539991379e+01
-6.4848213196e+01
-1.4167372131e+02
-2.0748675537e+02
3.4187266827e+00
-7.0553863525e+01
-1.4047477722e+02
-1.9618486023e+02
-1.1475473404e+01
-7.7897636414e+01
-1.3975483704e+02
-1.8573918152e+02
-2.8527435303e+01
-8.6582183838e+01
-1.4017111206e+02
-1.7364862061e+02
-4.6751140594e+01
-9.7668510437e+01
-1.4343623352e+02
-1.6458847046e+02
-6.3562473297e+01
-1.1152351379e+02
-1.5305905151e+02
-1.5994355774e+02
-7.5901557922e+01
-1.3261410522e+02
-1.8087904358e+02
-1.7959460449e+02
