-4.1600593567e+01
-1.4733736038e+01
1.4674166679e+01
4.4404205322e+01
-4.6924144745e+01
-2.3813140869e+01
6.4152317047e+00
3.8067966461e+01
-5.4892375946e+01
-2.2320640564e+01
5.6448631287e+00
3.3936031342e+01
-5.6288486481e+01
-3.9663757324e+01
-6.4129376411e+00
2.9378253937e+01
-6.9455284119e+01
-2.5100473404e+01
1.0110900402e+00
2.7060182571e+01
-6.5178047180e+01
-6.5102989197e+01
-2.4512683868e+01
2.1047677994e+01
-9.7364662170e+01
-2.2394123077e+01
-2.5221176147e+00
1.5827448845e+01
-7.8917449951e+01
-1.2594448853e+02
-6.7191467285e+01
3.1514706612e+00
-1.7127828979e+02
-6.0215802193e+00
-4.6327033043e+00
-1.7943809509e+01
-1.0612333679e+02
-3.1208013916e+02
-2.0431739807e+02
-3.7132835388e+01
-3.9625274658e+02
8.9908790588e+01
1.4506940842e+01
-1.4929136658e+02
-1.4574307251e+02
-1.5640775146e+03
-1.1057501221e+03
1.5317322731e+01
-1.4574310303e+02
-1.5640776367e+03
-1.1057502441e+03
1.5317402840e+01
-3.9625277710e+02
8.9908805847e+01
1.4506936073e+01
-1.4929136658e+02
-1.0612334442e+02
-3.1208016968e+02
-2.0431739807e+02
-3.7132835388e+01
-1.7127832031e+02
-6.0215740204e+00
-4.6327080727e+00
-1.7943798065e+01
-7.8917457581e+01
-1.2594450378e+02
-6.7191467285e+01
3.1514682770e+00
-9.7364669800e+01
-2.2394117355e+01
-2.5221195221e+00
1.5827452660e+01
-6.5178039551e+01
-6.5102989197e+01
-2.4512683868e+01
2.1047674179e+01
-6.9455284119e+01
-2.5100469589e+01
1.0110890865e+00
2.7060180664e+01
-5.6288478851e+01
-3.9663757324e+01
-6.4129376411e+00
2.9378250122e+01
-5.4892368317e+01
-2.2320634842e+01
5.6448626518e+00
3.3936027527e+01
-4.6924133301e+01
-2.3813135147e+01
6.4152312279e+00
3.8067962646e+01
-4.1600578308e+01
-1.4733730316e+01
1.4674165726e+01
4.4404193878e+01
-1.6815490723e+02
-7.3333671570e+01
2.7851823807e+01
1.3241052246e+02
-1.8099842834e+02
-8.2024543762e+01
1.7722148895e+01
1.1892054749e+02
-1.9201086426e+02
-1.0014272308e+02
1.4098870754e+00
1.0903320312e+02
-2.0874978638e+02
-1.0083967590e+02
-1.9879521430e-01
9.8933921814e+01
-2.1850337219e+02
-1.3362001038e+02
-2.7283596039e+01
8.9870071411e+01
-2.4658190918e+02
-1.1921072388e+02
-1.8039848328e+01
7.5752182007e+01
-2.5269442749e+02
-1.9013493347e+02
-7.3829673767e+01
6.3625453949e+01
-3.1192639160e+02
-1.3370697021e+02
-3.7504207611e+01
3.5875572205e+01
-2.9683959961e+02
-3.0764688110e+02
-1.6819804382e+02
2.0300392151e+01
-4.4193255615e+02
-1.0094735718e+02
-3.0897943497e+01
-4.5482513428e+01
-3.1023458862e+02
-6.2798486328e+02
-4.0369400024e+02
-1.3838436127e+01
-6.2656512451e+02
5.0034854126e+02
3.5015905762e+02
-2.1567279053e+02
-6.2656518555e+02
5.0034857178e+02
3.5015914917e+02
-2.1567283630e+02
-3.1023461914e+02
-6.2798492432e+02
-4.0369403076e+02
-1.3838410378e+01
-4.4193258667e+02
-1.0094735718e+02
-3.0897943497e+01
-4.5482501984e+01
-2.9683963013e+02
-3.0764691162e+02
-1.6819805908e+02
2.0300394058e+01
-3.1192642212e+02
-1.3370697021e+02
-3.7504211426e+01
3.5875579834e+01
-2.5269442749e+02
-1.9013494873e+02
-7.3829681396e+01
6.3625450134e+01
-2.4658192444e+02
-1.1921072388e+02
-1.8039852142e+01
7.5752174377e+01
-2.1850337219e+02
-1.3362001038e+02
-2.7283599854e+01
8.9870063782e+01
-2.0874977112e+02
-1.0083966827e+02
-1.9879859686e-01
9.8933914185e+01
-1.9201083374e+02
-1.0014271545e+02
1.4098837376e+00
1.0903318787e+02
-1.8099841309e+02
-8.2024536133e+01
1.7722146988e+01
1.1892053223e+02
-1.6815487671e+02
-7.3333656311e+01
2.7851823807e+01
1.3241050720e+02
-3.3528219604e+02
-1.6225250244e+02
1.5987119675e+01
1.9869818115e+02
-3.3824868774e+02
-1.6732034302e+02
1.0505038261e+01
1.9427995300e+02
-3.4749111938e+02
-1.6699896240e+02
1.0512864113e+01
1.8738510132e+02
-3.5412179565e+02
-1.8663970947e+02
-7.1143970490e+00
1.8138818359e+02
-3.6970635986e+02
-1.7735260010e+02
6.1766856909e-01
1.7148612976e+02
-3.7192102051e+02
-2.1722393799e+02
-3.3967960358e+01
1.6665243530e+02
-3.9671325684e+02
-1.7729626465e+02
-1.6126867533e+00
1.5285351562e+02
-3.7711224365e+02
-2.6360641479e+02
-7.2184928894e+01
1.5785003662e+02
-4.2319827271e+02
-1.2821870422e+02
3.4169551849e+01
1.3861785889e+02
-3.2281933594e+02
-3.5124694824e+02
-1.3518508911e+02
1.8490461731e+02
-4.4094967651e+02
1.3837458801e+02
2.3022370911e+02
1.3853273010e+02
-1.6190655518e+02
-6.6451110840e+02
-3.0015994263e+02
3.0280761719e+02
-1.6190657043e+02
-6.6451116943e+02
-3.0016003418e+02
3.0280764771e+02
-4.4094970703e+02
1.3837464905e+02
2.3022373962e+02
1.3853273010e+02
-3.2281933594e+02
-3.5124697876e+02
-1.3518510437e+02
1.8490461731e+02
-4.2319827271e+02
-1.2821868896e+02
3.4169555664e+01
1.3861784363e+02
-3.7711224365e+02
-2.6360641479e+02
-7.2184936523e+01
1.5785002136e+02
-3.9671328735e+02
-1.7729626465e+02
-1.6126910448e+00
1.5285350037e+02
-3.7192102051e+02
-2.1722393799e+02
-3.3967967987e+01
1.6665242004e+02
-3.6970632935e+02
-1.7735260010e+02
6.1766266823e-01
1.7148611450e+02
-3.5412179565e+02
-1.8663970947e+02
-7.1144037247e+00
1.8138816833e+02
-3.4749111938e+02
-1.6699896240e+02
1.0512858391e+01
1.8738508606e+02
-3.3824865723e+02
-1.6732032776e+02
1.0505034447e+01
1.9427993774e+02
-3.3528216553e+02
-1.6225248718e+02
1.5987120628e+01
1.9869816589e+02
-4.6990020752e+02
-2.2969479370e+02
1.7481397629e+01
2.7100546265e+02
-4.6719784546e+02
-2.2143945312e+02
2.5559053421e+01
2.7415103149e+02
-4.6536437988e+02
-2.2618133545e+02
2.1215677261e+01
2.7543856812e+02
-4.6853588867e+02
-2.1509098816e+02
3.1633424759e+01
2.7372366333e+02
-4.6474368286e+02
-2.3397853088e+02
1.4233654976e+01
2.7556506348e+02
-4.7269067383e+02
-2.0468055725e+02
4.0851451874e+01
2.7124734497e+02
-4.5842971802e+02
-2.5130317688e+02
-5.5535346270e-01
2.7940496826e+02
-4.7990484619e+02
-1.7254467773e+02
6.8143157959e+01
2.6838760376e+02
-4.3781161499e+02
-3.0036016846e+02
-3.9461078644e+01
2.9261029053e+02
-5.1606585693e+02
-8.4192802429e+01
1.3756237793e+02
2.5196121216e+02
-4.0984762573e+02
-5.1483276367e+02
-1.9914572144e+02
3.0759823608e+02
-6.4177575684e+02
6.2471828461e+01
1.8613392639e+02
1.7927307129e+02
-6.4177575684e+02
6.2471843719e+01
1.8613395691e+02
1.7927302551e+02
-4.0984759521e+02
-5.1483282471e+02
-1.9914576721e+02
3.0759823608e+02
-5.1606585693e+02
-8.4192779541e+01
1.3756239319e+02
2.5196121216e+02
-4.3781161499e+02
-3.0036016846e+02
-3.9461090088e+01
2.9261026001e+02
-4.7990484619e+02
-1.7254466248e+02
6.8143157959e+01
2.6838760376e+02
-4.5842971802e+02
-2.5130317688e+02
-5.5536079407e-01
2.7940493774e+02
-4.7269064331e+02
-2.0468054199e+02
4.0851448059e+01
2.7124731445e+02
-4.6474368286e+02
-2.3397853088e+02
1.4233647346e+01
2.7556503296e+02
-4.6853585815e+02
-2.1509098816e+02
3.1633419037e+01
2.7372366333e+02
-4.6536434937e+02
-2.2618132019e+02
2.1215669632e+01
2.7543853760e+02
-4.6719784546e+02
-2.2143945312e+02
2.5559047699e+01
2.7415103149e+02
-4.6990020752e+02
-2.2969479370e+02
1.7481393814e+01
2.7100543213e+02
-5.6764123535e+02
-2.5883554077e+02
5.3630935669e+01
3.7040179443e+02
-5.6604455566e+02
-2.5898498535e+02
5.3581718445e+01
3.7174047852e+02
-5.6712207031e+02
-2.5136653137e+02
6.1037200928e+01
3.7134939575e+02
-5.6453247070e+02
-2.6197805786e+02
5.0877349854e+01
3.7300430298e+02
-5.6904974365e+02
-2.4400720215e+02
6.8030395508e+01
3.7025677490e+02
-5.6264312744e+02
-2.7340979004e+02
4.0366077423e+01
3.7427597046e+02
-5.7664959717e+02
-2.2901521301e+02
8.1567161560e+01
3.6501895142e+02
-5.5884027100e+02
-3.0579833984e+02
1.1558702469e+01
3.7624670410e+02
-5.9971173096e+02
-1.8798016357e+02
1.1568578339e+02
3.4830877686e+02
-5.4089166260e+02
-3.9473730469e+02
-6.2370899200e+01
3.8245635986e+02
-6.3978851318e+02
-3.2722766876e+01
2.3138787842e+02
3.2116476440e+02
-4.5563473511e+02
-4.4909219360e+02
-5.0910320282e+01
4.1748226929e+02
-4.5563473511e+02
-4.4909225464e+02
-5.0910388947e+01
4.1748226929e+02
-6.3978851318e+02
-3.2722717285e+01
2.3138790894e+02
3.2116476440e+02
-5.4089166260e+02
-3.9473733521e+02
-6.2370918274e+01
3.8245635986e+02
-5.9971173096e+02
-1.8798016357e+02
1.1568578339e+02
3.4830877686e+02
-5.5884027100e+02
-3.0579837036e+02
1.1558693886e+01
3.7624670410e+02
-5.7664959717e+02
-2.2901521301e+02
8.1567161560e+01
3.6501895142e+02
-5.6264312744e+02
-2.7340979004e+02
4.0366069794e+01
3.7427597046e+02
-5.6904974365e+02
-2.4400720215e+02
6.8030395508e+01
3.7025677490e+02
-5.6453247070e+02
-2.6197805786e+02
5.0877342224e+01
3.7300427246e+02
-5.6712200928e+02
-2.5136653137e+02
6.1037193298e+01
3.7134939575e+02
-5.6604455566e+02
-2.5898498535e+02
5.3581710815e+01
3.7174044800e+02
-5.6764123535e+02
-2.5883554077e+02
5.3630928040e+01
3.7040179443e+02
-6.5321502686e+02
-2.8468286133e+02
8.8347610474e+01
4.6615817261e+02
-6.5469793701e+02
-2.8109918213e+02
9.2121192932e+01
4.6541351318e+02
-6.5506115723e+02
-2.8813479614e+02
8.5179534912e+01
4.6444290161e+02
-6.5897503662e+02
-2.7861917114e+02
9.4426322937e+01
4.6119760132e+02
-6.5647485352e+02
-2.9769317627e+02
7.5741836548e+01
4.6213473511e+02
-6.6449035645e+02
-2.7107147217e+02
1.0134806824e+02
4.5589190674e+02
-6.5398431396e+02
-3.1620645142e+02
5.8063652039e+01
4.6290267944e+02
-6.7257910156e+02
-2.4567210388e+02
1.2440796661e+02
4.4870239258e+02
-6.3831072998e+02
-3.5778665161e+02
2.1101371765e+01
4.7421853638e+02
-6.8655462646e+02
-1.6916348267e+02
1.9003361511e+02
4.4160598755e+02
-5.9910296631e+02
-4.6739318848e+02
-6.2046848297e+01
5.0170410156e+02
-7.4167218018e+02
-1.6494070435e+02
1.5101948547e+02
4.2893209839e+02
-7.4167218018e+02
-1.6494068909e+02
1.5101951599e+02
4.2893206787e+02
-5.9910296631e+02
-4.6739321899e+02
-6.2046878815e+01
5.0170410156e+02
-6.8655462646e+02
-1.6916345215e+02
1.9003363037e+02
4.4160595703e+02
-6.3831072998e+02
-3.5778668213e+02
2.1101360321e+01
4.7421853638e+02
-6.7257910156e+02
-2.4567208862e+02
1.2440796661e+02
4.4870239258e+02
-6.5398431396e+02
-3.1620645142e+02
5.8063644409e+01
4.6290267944e+02
-6.6449035645e+02
-2.7107144165e+02
1.0134806824e+02
4.5589190674e+02
-6.5647485352e+02
-2.9769317627e+02
7.5741836548e+01
4.6213473511e+02
-6.5897503662e+02
-2.7861917114e+02
9.4426322937e+01
4.6119760132e+02
-6.5506115723e+02
-2.8813479614e+02
8.5179527283e+01
4.6444290161e+02
-6.5469793701e+02
-2.8109918213e+02
9.2121192932e+01
4.6541351318e+02
-6.5321502686e+02
-2.8468286133e+02
8.8347610474e+01
4.6615817261e+02
-7.3281506348e+02
-3.0642410278e+02
1.2143321228e+02
5.5177600098e+02
-7.3409411621e+02
-3.0974496460e+02
1.1838564301e+02
5.5070080566e+02
-7.3745288086e+02
-3.0506423950e+02
1.2304253387e+02
5.4771032715e+02
-7.3708782959e+02
-3.1750045776e+02
1.1058052826e+02
5.4692889404e+02
-7.4257147217e+02
-3.0200939941e+02
1.2573118591e+02
5.4220581055e+02
-7.3753784180e+02
-3.3047851562e+02
9.7599662781e+01
5.4513659668e+02
-7.4912658691e+02
-2.8923736572e+02
1.3768519592e+02
5.3573229980e+02
-7.3316375732e+02
-3.5714190674e+02
7.2027465820e+01
5.4806512451e+02
-7.6369360352e+02
-2.5370074463e+02
1.7003565979e+02
5.2309942627e+02
-7.2402154541e+02
-4.2349926758e+02
1.2782708168e+01
5.5278814697e+02
-8.0014068604e+02
-1.8237001038e+02
2.2502661133e+02
4.9626538086e+02
-6.9151007080e+02
-4.0200213623e+02
6.1567256927e+01
5.5194976807e+02
-6.9151007080e+02
-4.0200213623e+02
6.1567222595e+01
5.5194976807e+02
-8.0014068604e+02
-1.8236997986e+02
2.2502662659e+02
4.9626535034e+02
-7.2402154541e+02
-4.2349929810e+02
1.2782688141e+01
5.5278814697e+02
-7.6369360352e+02
-2.5370072937e+02
1.7003565979e+02
5.2309942627e+02
-7.3316375732e+02
-3.5714190674e+02
7.2027458191e+01
5.4806512451e+02
-7.4912658691e+02
-2.8923736572e+02
1.3768519592e+02
5.3573229980e+02
-7.3753784180e+02
-3.3047854614e+02
9.7599655151e+01
5.4513659668e+02
-7.4257147217e+02
-3.0200939941e+02
1.2573118591e+02
5.4220581055e+02
-7.3708782959e+02
-3.1750045776e+02
1.1058052063e+02
5.4692889404e+02
-7.3745288086e+02
-3.0506423950e+02
1.2304252625e+02
5.4771032715e+02
-7.3409411621e+02
-3.0974496460e+02
1.1838564301e+02
5.5070080566e+02
-7.3281506348e+02
-3.0642410278e+02
1.2143320465e+02
5.5177600098e+02
-8.0168115234e+02
-3.2738455200e+02
1.4885546875e+02
6.2776458740e+02
-8.0523675537e+02
-3.2662826538e+02
1.4994259644e+02
6.2505230713e+02
-8.0693005371e+02
-3.3509921265e+02
1.4144172668e+02
6.2268328857e+02
-8.1167431641e+02
-3.2725680542e+02
1.4916786194e+02
6.1832031250e+02
-8.1034857178e+02
-3.4632257080e+02
1.3001643372e+02
6.1808587646e+02
-8.1854272461e+02
-3.2253662109e+02
1.5350515747e+02
6.1105780029e+02
-8.1073577881e+02
-3.6506979370e+02
1.1129888153e+02
6.1637103271e+02
-8.2815045166e+02
-3.0426046753e+02
1.7092420959e+02
6.0135296631e+02
-8.0402307129e+02
-4.0207727051e+02
7.5800575256e+01
6.2125640869e+02
-8.3981372070e+02
-2.5457090759e+02
2.1626248169e+02
5.9130914307e+02
-7.7688775635e+02
-4.4876251221e+02
3.7557250977e+01
6.4062432861e+02
-8.5816998291e+02
-2.8917617798e+02
1.6606214905e+02
5.9638043213e+02
-8.5816998291e+02
-2.8917617798e+02
1.6606216431e+02
5.9638043213e+02
-7.7688775635e+02
-4.4876254272e+02
3.7557231903e+01
6.4062438965e+02
-8.3981372070e+02
-2.5457089233e+02
2.1626249695e+02
5.9130914307e+02
-8.0402307129e+02
-4.0207727051e+02
7.5800559998e+01
6.2125640869e+02
-8.2815045166e+02
-3.0426046753e+02
1.7092420959e+02
6.0135296631e+02
-8.1073577881e+02
-3.6506979370e+02
1.1129887390e+02
6.1637103271e+02
-8.1854272461e+02
-3.2253662109e+02
1.5350515747e+02
6.1105780029e+02
-8.1034857178e+02
-3.4632257080e+02
1.3001643372e+02
6.1808587646e+02
-8.1167431641e+02
-3.2725680542e+02
1.4916786194e+02
6.1832031250e+02
-8.0693005371e+02
-3.3509921265e+02
1.4144172668e+02
6.2268328857e+02
-8.0523675537e+02
-3.2662826538e+02
1.4994259644e+02
6.2505230713e+02
-8.0168115234e+02
-3.2738455200e+02
1.4885546875e+02
6.2776458740e+02
-8.6059088135e+02
-3.4270932007e+02
1.7434413147e+02
6.9176251221e+02
-8.6401110840e+02
-3.4860693359e+02
1.6880000305e+02
6.8873156738e+02
-8.6878552246e+02
-3.4607839966e+02
1.7136083984e+02
6.8427429199e+02
-8.6981158447e+02
-3.5934777832e+02
1.5790959167e+02
6.8200836182e+02
-8.7611975098e+02
-3.4615628052e+02
1.7097637939e+02
6.7630944824e+02
-8.7269372559e+02
-3.7360940552e+02
1.4333978271e+02
6.7765545654e+02
-8.8377276611e+02
-3.3730233765e+02
1.7942706299e+02
6.6816149902e+02
-8.7070562744e+02
-3.9724765015e+02
1.1962419891e+02
6.7836151123e+02
-8.9396826172e+02
-3.1039785767e+02
2.0539334106e+02
6.5789752197e+02
-8.6420007324e+02
-4.4001095581e+02
7.8556350708e+01
6.8354626465e+02
-9.1701135254e+02
-2.8640548706e+02
2.2620304871e+02
6.3942254639e+02
-8.5739276123e+02
-4.0273831177e+02
1.2229524231e+02
6.7514306641e+02
-8.5739276123e+02
-4.0273831177e+02
1.2229522705e+02
6.7514306641e+02
-9.1701135254e+02
-2.8640548706e+02
2.2620306396e+02
6.3942254639e+02
-8.6420007324e+02
-4.4001095581e+02
7.8556335449e+01
6.8354626465e+02
-8.9396826172e+02
-3.1039785767e+02
2.0539335632e+02
6.5789752197e+02
-8.7070562744e+02
-3.9724765015e+02
1.1962419128e+02
6.7836151123e+02
-8.8377276611e+02
-3.3730233765e+02
1.7942706299e+02
6.6816149902e+02
-8.7269372559e+02
-3.7360940552e+02
1.4333976746e+02
6.7765545654e+02
-8.7611975098e+02
-3.4615628052e+02
1.7097637939e+02
6.7630944824e+02
-8.6981158447e+02
-3.5934777832e+02
1.5790959167e+02
6.8200836182e+02
-8.6878552246e+02
-3.4607843018e+02
1.7136083984e+02
6.8427429199e+02
-8.6401110840e+02
-3.4860693359e+02
1.6880000305e+02
6.8873156738e+02
-8.6059088135e+02
-3.4270932007e+02
1.7434413147e+02
6.9176251221e+02
-9.0700238037e+02
-3.5706570435e+02
1.9264187622e+02
7.4311840820e+02
-9.1229199219e+02
-3.5875610352e+02
1.9135916138e+02
7.3876837158e+02
-9.1522058105e+02
-3.6842285156e+02
1.8163174438e+02
7.3510113525e+02
-9.2082275391e+02
-3.6233377075e+02
1.8764530945e+02
7.2985119629e+02
-9.2049676514e+02
-3.8103591919e+02
1.6868945312e+02
7.2843304443e+02
-9.2871191406e+02
-3.6010006714e+02
1.8956838989e+02
7.2136755371e+02
-9.2240460205e+02
-3.9873596191e+02
1.5064302063e+02
7.2510009766e+02
-9.3789593506e+02
-3.4682852173e+02
2.0265612793e+02
7.1184100342e+02
-9.2006842041e+02
-4.2828445435e+02
1.2089553070e+02
7.2648864746e+02
-9.4852899170e+02
-3.1926690674e+02
2.2987953186e+02
7.0073083496e+02
-9.0717767334e+02
-4.4256005859e+02
1.0592314148e+02
7.3670477295e+02
-9.5053857422e+02
-3.5870175171e+02
1.9087675476e+02
7.0596014404e+02
-9.5053863525e+02
-3.5870175171e+02
1.9087675476e+02
7.0596014404e+02
-9.0717767334e+02
-4.4256008911e+02
1.0592313385e+02
7.3670477295e+02
-9.4852899170e+02
-3.1926690674e+02
2.2987954712e+02
7.0073083496e+02
-9.2006842041e+02
-4.2828445435e+02
1.2089552307e+02
7.2648864746e+02
-9.3789593506e+02
-3.4682852173e+02
2.0265612793e+02
7.1184100342e+02
-9.2240460205e+02
-3.9873596191e+02
1.5064300537e+02
7.2510009766e+02
-9.2871191406e+02
-3.6010009766e+02
1.8956838989e+02
7.2136755371e+02
-9.2049676514e+02
-3.8103591919e+02
1.6868945312e+02
7.2843304443e+02
-9.2082275391e+02
-3.6233377075e+02
1.8764530945e+02
7.2985119629e+02
-9.1522058105e+02
-3.6842285156e+02
1.8163174438e+02
7.3510113525e+02
-9.1229205322e+02
-3.5875610352e+02
1.9135916138e+02
7.3876837158e+02
-9.0700238037e+02
-3.5706570435e+02
1.9264187622e+02
7.4311840820e+02
-9.4102728271e+02
-3.6519073486e+02
2.0816548157e+02
7.8033593750e+02
-9.4590026855e+02
-3.7280780029e+02
2.0094795227e+02
7.7591864014e+02
-9.5156848145e+02
-3.7187838745e+02
2.0191841125e+02
7.7058648682e+02
-9.5348229980e+02
-3.8531216431e+02
1.8826110840e+02
7.6730114746e+02
-9.6021905518e+02
-3.7414230347e+02
1.9935746765e+02
7.6128778076e+02
-9.5790106201e+02
-3.9985556030e+02
1.7331677246e+02
7.6126739502e+02
-9.6861663818e+02
-3.6866799927e+02
2.0459339905e+02
7.5243255615e+02
-9.5818664551e+02
-4.2065234375e+02
1.5199208069e+02
7.5953973389e+02
-9.7729223633e+02
-3.5091159058e+02
2.2252749634e+02
7.4330157471e+02
-9.5418597412e+02
-4.4610226440e+02
1.2543682098e+02
7.6337915039e+02
-9.8864428711e+02
-3.4963668823e+02
2.2650454712e+02
7.3157324219e+02
-9.5844641113e+02
-4.1089282227e+02
1.5454084778e+02
7.5766918945e+02
-9.5844641113e+02
-4.1089282227e+02
1.5454084778e+02
7.5766918945e+02
-9.8864428711e+02
-3.4963668823e+02
2.2650454712e+02
7.3157324219e+02
-9.5418597412e+02
-4.4610229492e+02
1.2543681335e+02
7.6337921143e+02
-9.7729223633e+02
-3.5091156006e+02
2.2252749634e+02
7.4330157471e+02
-9.5818664551e+02
-4.2065234375e+02
1.5199208069e+02
7.5953979492e+02
-9.6861663818e+02
-3.6866799927e+02
2.0459339905e+02
7.5243255615e+02
-9.5790106201e+02
-3.9985559082e+02
1.7331677246e+02
7.6126739502e+02
-9.6021911621e+02
-3.7414230347e+02
1.9935746765e+02
7.6128784180e+02
-9.5348229980e+02
-3.8531216431e+02
1.8826110840e+02
7.6730114746e+02
-9.5156848145e+02
-3.7187838745e+02
2.0191842651e+02
7.7058654785e+02
-9.4590026855e+02
-3.7280783081e+02
2.0094795227e+02
7.7591864014e+02
-9.4102734375e+02
-3.6519073486e+02
2.0816549683e+02
7.8033599854e+02
-9.6108129883e+02
-3.7196450806e+02
2.1566047668e+02
8.0293054199e+02
-9.6736676025e+02
-3.7516305542e+02
2.1290548706e+02
7.9765161133e+02
-9.7104473877e+02
-3.8531362915e+02
2.0269493103e+02
7.9317578125e+02
-9.7711846924e+02
-3.8064801025e+02
2.0728417969e+02
7.8753509521e+02
-9.7749353027e+02
-3.9848147583e+02
1.8916915894e+02
7.8518579102e+02
-9.8563311768e+02
-3.8044549561e+02
2.0717481995e+02
7.7847711182e+02
-9.8046228027e+02
-4.1477005005e+02
1.7243336487e+02
7.8051190186e+02
-9.9424450684e+02
-3.7145291138e+02
2.1616885376e+02
7.6974346924e+02
-9.7999658203e+02
-4.3687088013e+02
1.4946298218e+02
7.7984002686e+02
-1.0030761108e+03
-3.5862194824e+02
2.3031455994e+02
7.5983013916e+02
-9.7717901611e+02
-4.3708291626e+02
1.4514361572e+02
7.8421740723e+02
-9.9853363037e+02
-3.9355004883e+02
2.0556881714e+02
7.6027685547e+02
-9.9853363037e+02
-3.9355001831e+02
2.0556880188e+02
7.6027685547e+02
-9.7717901611e+02
-4.3708291626e+02
1.4514361572e+02
7.8421740723e+02
-1.0030761108e+03
-3.5862194824e+02
2.3031455994e+02
7.5983013916e+02
-9.7999658203e+02
-4.3687088013e+02
1.4946298218e+02
7.7984002686e+02
-9.9424450684e+02
-3.7145291138e+02
2.1616886902e+02
7.6974346924e+02
-9.8046228027e+02
-4.1477005005e+02
1.7243334961e+02
7.8051190186e+02
-9.8563317871e+02
-3.8044549561e+02
2.0717483521e+02
7.7847711182e+02
-9.7749353027e+02
-3.9848147583e+02
1.8916915894e+02
7.8518579102e+02
-9.7711853027e+02
-3.8064801025e+02
2.0728417969e+02
7.8753509521e+02
-9.7104473877e+02
-3.8531365967e+02
2.0269493103e+02
7.9317578125e+02
-9.6736676025e+02
-3.7516305542e+02
2.1290550232e+02
7.9765167236e+02
-9.6108129883e+02
-3.7196453857e+02
2.1566049194e+02
8.0293054199e+02
-9.6773809814e+02
-3.7258828735e+02
2.1952978516e+02
8.0993939209e+02
-9.7314819336e+02
-3.8069149780e+02
2.1184201050e+02
8.0498980713e+02
-9.7909716797e+02
-3.8063824463e+02
2.1193202209e+02
7.9942022705e+02
-9.8140332031e+02
-3.9356399536e+02
1.9878294373e+02
7.9561602783e+02
-9.8813427734e+02
-3.8409017944e+02
2.0816879272e+02
7.8980456543e+02
-9.8644146729e+02
-4.0742730713e+02
1.8452412415e+02
7.8878668213e+02
-9.9653100586e+02
-3.8103839111e+02
2.1097378540e+02
7.8121301270e+02
-9.8792877197e+02
-4.2498590088e+02
1.6640942383e+02
7.8544848633e+02
-1.0045660400e+03
-3.7067196655e+02
2.2177462769e+02
7.7320880127e+02
-9.8631665039e+02
-4.3946307373e+02
1.5009753418e+02
7.8696441650e+02
-1.0085615234e+03
-3.7815356445e+02
2.1850749207e+02
7.6543072510e+02
-9.9479455566e+02
-4.1040658569e+02
1.6572985840e+02
7.8615417480e+02
-9.9479455566e+02
-4.1040658569e+02
1.6572985840e+02
7.8615417480e+02
-1.0085615234e+03
-3.7815356445e+02
2.1850749207e+02
7.6543072510e+02
-9.8631665039e+02
-4.3946307373e+02
1.5009753418e+02
7.8696447754e+02
-1.0045660400e+03
-3.7067196655e+02
2.2177464294e+02
7.7320880127e+02
-9.8792877197e+02
-4.2498590088e+02
1.6640942383e+02
7.8544848633e+02
-9.9653100586e+02
-3.8103839111e+02
2.1097378540e+02
7.8121301270e+02
-9.8644146729e+02
-4.0742730713e+02
1.8452412415e+02
7.8878668213e+02
-9.8813427734e+02
-3.8409017944e+02
2.0816879272e+02
7.8980456543e+02
-9.8140338135e+02
-3.9356399536e+02
1.9878295898e+02
7.9561602783e+02
-9.7909722900e+02
-3.8063824463e+02
2.1193203735e+02
7.9942028809e+02
-9.7314825439e+02
-3.8069152832e+02
2.1184201050e+02
8.0498980713e+02
-9.6773809814e+02
-3.7258828735e+02
2.1952980042e+02
8.0993939209e+02
-9.5992144775e+02
-3.7159976196e+02
2.1519091797e+02
8.0160052490e+02
-9.6615649414e+02
-3.7496917725e+02
2.1226481628e+02
7.9638916016e+02
-9.6988494873e+02
-3.8464205933e+02
2.0253694153e+02
7.9181555176e+02
-9.7582556152e+02
-3.8082272339e+02
2.0627020264e+02
7.8641619873e+02
-9.7643023682e+02
-3.9715093994e+02
1.8968673706e+02
7.8363079834e+02
-9.8415179443e+02
-3.8173538208e+02
2.0500720215e+02
7.7771264648e+02
-9.7974066162e+02
-4.1149490356e+02
1.7496069336e+02
7.7829833984e+02
-9.9208795166e+02
-3.7609661865e+02
2.1052511597e+02
7.7012664795e+02
-9.7984832764e+02
-4.2741122437e+02
1.5824514771e+02
7.7630944824e+02
-9.9890612793e+02
-3.7173144531e+02
2.1619270325e+02
7.6262469482e+02
-9.8243035889e+02
-4.2307495117e+02
1.5836920166e+02
7.7766888428e+02
-9.9215612793e+02
-4.0008587646e+02
2.0308380127e+02
7.5811523438e+02
-9.9215612793e+02
-4.0008587646e+02
2.0308378601e+02
7.5811523438e+02
-9.8243035889e+02
-4.2307495117e+02
1.5836920166e+02
7.7766888428e+02
-9.9890612793e+02
-3.7173147583e+02
2.1619270325e+02
7.6262469482e+02
-9.7984838867e+02
-4.2741122437e+02
1.5824514771e+02
7.7630944824e+02
-9.9208801270e+02
-3.7609661865e+02
2.1052511597e+02
7.7012664795e+02
-9.7974066162e+02
-4.1149493408e+02
1.7496069336e+02
7.7829833984e+02
-9.8415179443e+02
-3.8173538208e+02
2.0500720215e+02
7.7771264648e+02
-9.7643023682e+02
-3.9715097046e+02
1.8968673706e+02
7.8363079834e+02
-9.7582556152e+02
-3.8082272339e+02
2.0627020264e+02
7.8641625977e+02
-9.6988494873e+02
-3.8464205933e+02
2.0253694153e+02
7.9181555176e+02
-9.6615649414e+02
-3.7496917725e+02
2.1226481628e+02
7.9638922119e+02
-9.5992150879e+02
-3.7159976196e+02
2.1519091797e+02
8.0160058594e+02
-9.3871881104e+02
-3.6466470337e+02
2.0706542969e+02
7.7773364258e+02
-9.4360894775e+02
-3.7183874512e+02
2.0029010010e+02
7.7326477051e+02
-9.4911077881e+02
-3.7178244019e+02
2.0037753296e+02
7.6818829346e+02
-9.5123352051e+02
-3.8347454834e+02
1.8847784424e+02
7.6448022461e+02
-9.5746258545e+02
-3.7524658203e+02
1.9658457947e+02
7.5937377930e+02
-9.5595214844e+02
-3.9572250366e+02
1.7589822388e+02
7.5782232666e+02
-9.6512231445e+02
-3.7358972168e+02
1.9788600159e+02
7.5186102295e+02
-9.5757922363e+02
-4.0982135010e+02
1.6148419189e+02
7.5383795166e+02
-9.7247760010e+02
-3.6811550903e+02
2.0345907593e+02
7.4544506836e+02
-9.5738781738e+02
-4.1780886841e+02
1.5221896362e+02
7.5307263184e+02
-9.7267590332e+02
-3.7726605225e+02
1.9756684875e+02
7.4014392090e+02
-9.6668957520e+02
-3.9564816284e+02
1.5806886292e+02
7.5695471191e+02
-9.6668957520e+02
-3.9564816284e+02
1.5806887817e+02
7.5695471191e+02
-9.7267590332e+02
-3.7726605225e+02
1.9756684875e+02
7.4014392090e+02
-9.5738781738e+02
-4.1780883789e+02
1.5221897888e+02
7.5307263184e+02
-9.7247760010e+02
-3.6811550903e+02
2.0345909119e+02
7.4544506836e+02
-9.5757922363e+02
-4.0982135010e+02
1.6148419189e+02
7.5383795166e+02
-9.6512231445e+02
-3.7358972168e+02
1.9788600159e+02
7.5186102295e+02
-9.5595214844e+02
-3.9572250366e+02
1.7589822388e+02
7.5782232666e+02
-9.5746258545e+02
-3.7524658203e+02
1.9658457947e+02
7.5937377930e+02
-9.5123358154e+02
-3.8347457886e+02
1.8847784424e+02
7.6448028564e+02
-9.4911077881e+02
-3.7178244019e+02
2.0037754822e+02
7.6818829346e+02
-9.4360894775e+02
-3.7183877563e+02
2.0029010010e+02
7.7326477051e+02
-9.3871887207e+02
-3.6466470337e+02
2.0706544495e+02
7.7773364258e+02
-9.0363262939e+02
-3.5600042725e+02
1.9127812195e+02
7.3925256348e+02
-9.0878039551e+02
-3.5820489502e+02
1.8948341370e+02
7.3509002686e+02
-9.1187115479e+02
-3.6647332764e+02
1.8116357422e+02
7.3112792969e+02
-9.1707891846e+02
-3.6288793945e+02
1.8465454102e+02
7.2656604004e+02
-9.1743939209e+02
-3.7714898682e+02
1.7018931580e+02
7.2387969971e+02
-9.2433966064e+02
-3.6389202881e+02
1.8324269104e+02
7.1913641357e+02
-9.2026989746e+02
-3.8899069214e+02
1.5813050842e+02
7.1875030518e+02
-9.3128057861e+02
-3.6039456177e+02
1.8630401611e+02
7.1311682129e+02
-9.2014685059e+02
-4.0016696167e+02
1.4672071838e+02
7.1603186035e+02
-9.3656311035e+02
-3.6016387939e+02
1.8691418457e+02
7.0851708984e+02
-9.2465942383e+02
-3.9546633911e+02
1.4894639587e+02
7.1566473389e+02
-9.2992510986e+02
-3.8086782837e+02
1.8216571045e+02
6.9976464844e+02
-9.2992510986e+02
-3.8086782837e+02
1.8216569519e+02
6.9976464844e+02
-9.2465942383e+02
-3.9546633911e+02
1.4894639587e+02
7.1566473389e+02
-9.3656311035e+02
-3.6016390991e+02
1.8691416931e+02
7.0851708984e+02
-9.2014685059e+02
-4.0016696167e+02
1.4672071838e+02
7.1603186035e+02
-9.3128063965e+02
-3.6039456177e+02
1.8630401611e+02
7.1311682129e+02
-9.2026989746e+02
-3.8899069214e+02
1.5813050842e+02
7.1875036621e+02
-9.2433966064e+02
-3.6389202881e+02
1.8324269104e+02
7.1913641357e+02
-9.1743939209e+02
-3.7714898682e+02
1.7018931580e+02
7.2387969971e+02
-9.1707891846e+02
-3.6288796997e+02
1.8465454102e+02
7.2656604004e+02
-9.1187121582e+02
-3.6647332764e+02
1.8116357422e+02
7.3112792969e+02
-9.0878039551e+02
-3.5820489502e+02
1.8948341370e+02
7.3509002686e+02
-9.0363269043e+02
-3.5600042725e+02
1.9127813721e+02
7.3925256348e+02
-8.5619671631e+02
-3.4172494507e+02
1.7221981812e+02
6.8675659180e+02
-8.5964587402e+02
-3.4674688721e+02
1.6755023193e+02
6.8365081787e+02
-8.6406646729e+02
-3.4590237427e+02
1.6842016602e+02
6.7969897461e+02
-8.6550360107e+02
-3.5576275635e+02
1.5838096619e+02
6.7664691162e+02
-8.7080059814e+02
-3.4831884766e+02
1.6566583252e+02
6.7265887451e+02
-8.6911181641e+02
-3.6565722656e+02
1.4826431274e+02
6.7102905273e+02
-8.7714215088e+02
-3.4712799072e+02
1.6634246826e+02
6.6682727051e+02
-8.7011523438e+02
-3.7637112427e+02
1.3764567566e+02
6.6717590332e+02
-8.8354498291e+02
-3.4423037720e+02
1.6861462402e+02
6.6240893555e+02
-8.6990722656e+02
-3.8060009766e+02
1.3332267761e+02
6.6463000488e+02
-8.8230621338e+02
-3.5213064575e+02
1.6169789124e+02
6.5959411621e+02
-8.7757385254e+02
-3.6661422729e+02
1.3256912231e+02
6.7316046143e+02
-8.7757385254e+02
-3.6661422729e+02
1.3256912231e+02
6.7316046143e+02
-8.8230615234e+02
-3.5213064575e+02
1.6169789124e+02
6.5959411621e+02
-8.6990728760e+02
-3.8060009766e+02
1.3332267761e+02
6.6463000488e+02
-8.8354498291e+02
-3.4423037720e+02
1.6861462402e+02
6.6240893555e+02
-8.7011523438e+02
-3.7637112427e+02
1.3764567566e+02
6.6717590332e+02
-8.7714215088e+02
-3.4712799072e+02
1.6634246826e+02
6.6682727051e+02
-8.6911181641e+02
-3.6565722656e+02
1.4826431274e+02
6.7102905273e+02
-8.7080059814e+02
-3.4831884766e+02
1.6566583252e+02
6.7265887451e+02
-8.6550360107e+02
-3.5576275635e+02
1.5838096619e+02
6.7664697266e+02
-8.6406646729e+02
-3.4590237427e+02
1.6842016602e+02
6.7969897461e+02
-8.5964587402e+02
-3.4674691772e+02
1.6755023193e+02
6.8365081787e+02
-8.5619671631e+02
-3.4172497559e+02
1.7221981812e+02
6.8675665283e+02
-7.9643896484e+02
-3.2573599243e+02
1.4668852234e+02
6.2169262695e+02
-7.9973455811e+02
-3.2578671265e+02
1.4698460388e+02
6.1929101562e+02
-8.0168658447e+02
-3.3198800659e+02
1.4073683167e+02
6.1646759033e+02
-8.0572985840e+02
-3.2815838623e+02
1.4446488953e+02
6.1316845703e+02
-8.0550585938e+02
-3.4001043701e+02
1.3248272705e+02
6.1100518799e+02
-8.1129418945e+02
-3.2844204712e+02
1.4371369934e+02
6.0767687988e+02
-8.0724389648e+02
-3.4903445435e+02
1.2347880554e+02
6.0680273438e+02
-8.1694409180e+02
-3.2595410156e+02
1.4535658264e+02
6.0357775879e+02
-8.0645794678e+02
-3.5679312134e+02
1.1639931488e+02
6.0384265137e+02
-8.2163641357e+02
-3.2713763428e+02
1.4322323608e+02
6.0186444092e+02
-8.1048333740e+02
-3.5269692993e+02
1.2062702942e+02
6.0154217529e+02
-8.1751629639e+02
-3.3768261719e+02
1.4460504150e+02
5.8854241943e+02
-8.1751635742e+02
-3.3768264771e+02
1.4460502625e+02
5.8854248047e+02
-8.1048333740e+02
-3.5269692993e+02
1.2062704468e+02
6.0154217529e+02
-8.2163635254e+02
-3.2713763428e+02
1.4322323608e+02
6.0186437988e+02
-8.0645794678e+02
-3.5679312134e+02
1.1639931488e+02
6.0384271240e+02
-8.1694409180e+02
-3.2595410156e+02
1.4535658264e+02
6.0357775879e+02
-8.0724389648e+02
-3.4903445435e+02
1.2347880554e+02
6.0680273438e+02
-8.1129418945e+02
-3.2844207764e+02
1.4371369934e+02
6.0767687988e+02
-8.0550585938e+02
-3.4001043701e+02
1.3248272705e+02
6.1100518799e+02
-8.0572985840e+02
-3.2815838623e+02
1.4446488953e+02
6.1316845703e+02
-8.0168658447e+02
-3.3198800659e+02
1.4073683167e+02
6.1646759033e+02
-7.9973455811e+02
-3.2578671265e+02
1.4698458862e+02
6.1929101562e+02
-7.9643896484e+02
-3.2573599243e+02
1.4668852234e+02
6.2169262695e+02
-7.2621197510e+02
-3.0460510254e+02
1.1891317749e+02
5.4525488281e+02
-7.2767242432e+02
-3.0675930786e+02
1.1704223633e+02
5.4402380371e+02
-7.3064434814e+02
-3.0465194702e+02
1.1916725922e+02
5.4156250000e+02
-7.3110894775e+02
-3.1236669922e+02
1.1131948853e+02
5.3951452637e+02
-7.3523278809e+02
-3.0536914062e+02
1.1811550903e+02
5.3686102295e+02
-7.3315252686e+02
-3.1955273438e+02
1.0405421448e+02
5.3547637939e+02
-7.3993218994e+02
-3.0396362305e+02
1.1881692505e+02
5.3300341797e+02
-7.3309136963e+02
-3.2716986084e+02
9.7022239685e+01
5.3222863770e+02
-7.4510528564e+02
-3.0184786987e+02
1.1931338501e+02
5.3079229736e+02
-7.3141925049e+02
-3.2945288086e+02
9.6181694031e+01
5.2868579102e+02
-7.4443981934e+02
-3.0845947266e+02
1.1102969360e+02
5.3163928223e+02
-7.3412738037e+02
-3.2712207031e+02
9.0599044800e+01
5.4341369629e+02
-7.3412738037e+02
-3.2712207031e+02
9.0599044800e+01
5.4341363525e+02
-7.4443981934e+02
-3.0845950317e+02
1.1102967834e+02
5.3163928223e+02
-7.3141925049e+02
-3.2945288086e+02
9.6181694031e+01
5.2868585205e+02
-7.4510528564e+02
-3.0184786987e+02
1.1931338501e+02
5.3079229736e+02
-7.3309136963e+02
-3.2716986084e+02
9.7022239685e+01
5.3222863770e+02
-7.3993218994e+02
-3.0396365356e+02
1.1881692505e+02
5.3300341797e+02
-7.3315252686e+02
-3.1955273438e+02
1.0405420685e+02
5.3547637939e+02
-7.3523278809e+02
-3.0536914062e+02
1.1811550903e+02
5.3686102295e+02
-7.3110894775e+02
-3.1236669922e+02
1.1131948853e+02
5.3951452637e+02
-7.3064434814e+02
-3.0465194702e+02
1.1916725159e+02
5.4156243896e+02
-7.2767242432e+02
-3.0675933838e+02
1.1704223633e+02
5.4402380371e+02
-7.2621197510e+02
-3.0460510254e+02
1.1891316986e+02
5.4525488281e+02
-6.4587054443e+02
-2.8188775635e+02
8.6251640320e+01
4.5914898682e+02
-6.4700793457e+02
-2.7939132690e+02
8.9008171082e+01
4.5877075195e+02
-6.4764013672e+02
-2.8328967285e+02
8.5078392029e+01
4.5731222534e+02
-6.5037847900e+02
-2.7899942017e+02
8.9268867493e+01
4.5544461060e+02
-6.4946411133e+02
-2.8840719604e+02
7.9843284607e+01
4.5403817749e+02
-6.5408343506e+02
-2.7819100952e+02
8.9590141296e+01
4.5217294312e+02
-6.4995300293e+02
-2.9473648071e+02
7.3862182617e+01
4.5115509033e+02
-6.5845904541e+02
-2.7603231812e+02
9.0504356384e+01
4.5008999634e+02
-6.4847558594e+02
-3.0029104614e+02
7.0143661499e+01
4.4817330933e+02
-6.6359356689e+02
-2.7662136841e+02
8.7225234985e+01
4.5053060913e+02
-6.4942370605e+02
-2.9549926758e+02
7.7566665649e+01
4.4265786743e+02
-6.6645245361e+02
-2.7219253540e+02
9.3590057373e+01
4.3003341675e+02
-6.6645245361e+02
-2.7219256592e+02
9.3590049744e+01
4.3003341675e+02
-6.4942370605e+02
-2.9549926758e+02
7.7566680908e+01
4.4265789795e+02
-6.6359356689e+02
-2.7662139893e+02
8.7225234985e+01
4.5053057861e+02
-6.4847558594e+02
-3.0029104614e+02
7.0143653870e+01
4.4817330933e+02
-6.5845898438e+02
-2.7603231812e+02
9.0504356384e+01
4.5008999634e+02
-6.4995300293e+02
-2.9473648071e+02
7.3862182617e+01
4.5115509033e+02
-6.5408343506e+02
-2.7819100952e+02
8.9590133667e+01
4.5217291260e+02
-6.4946405029e+02
-2.8840719604e+02
7.9843276978e+01
4.5403817749e+02
-6.5037847900e+02
-2.7899942017e+02
8.9268859863e+01
4.5544458008e+02
-6.4764013672e+02
-2.8328967285e+02
8.5078384399e+01
4.5731222534e+02
-6.4700793457e+02
-2.7939132690e+02
8.9008155823e+01
4.5877072144e+02
-6.4587054443e+02
-2.8188775635e+02
8.6251632690e+01
4.5914895630e+02
-5.5748278809e+02
-2.5458848572e+02
5.2697807312e+01
3.6503634644e+02
-5.5691589355e+02
-2.5385273743e+02
5.3627593994e+01
3.6567431641e+02
-5.5843420410e+02
-2.5044967651e+02
5.7029716492e+01
3.6468435669e+02
-5.5792138672e+02
-2.5607516479e+02
5.1322662354e+01
3.6367254639e+02
-5.6088616943e+02
-2.4939953613e+02
5.7737831116e+01
3.6228195190e+02
-5.5837805176e+02
-2.6067330933e+02
4.6782981873e+01
3.6126635742e+02
-5.6394030762e+02
-2.4743232727e+02
5.8774951935e+01
3.6033059692e+02
-5.5717108154e+02
-2.6563430786e+02
4.2925109863e+01
3.5882916260e+02
-5.6802044678e+02
-2.4504696655e+02
5.8476634979e+01
3.6032717896e+02
-5.5341833496e+02
-2.6815939331e+02
4.4094215393e+01
3.5552127075e+02
-5.7151562500e+02
-2.5239137268e+02
4.7429672241e+01
3.6603652954e+02
-5.4462329102e+02
-2.8296206665e+02
3.5034408569e+01
3.8044384766e+02
-5.4462329102e+02
-2.8296203613e+02
3.5034397125e+01
3.8044381714e+02
-5.7151562500e+02
-2.5239137268e+02
4.7429653168e+01
3.6603649902e+02
-5.5341833496e+02
-2.6815936279e+02
4.4094207764e+01
3.5552127075e+02
-5.6802044678e+02
-2.4504698181e+02
5.8476627350e+01
3.6032717896e+02
-5.5717108154e+02
-2.6563430786e+02
4.2925102234e+01
3.5882913208e+02
-5.6394030762e+02
-2.4743232727e+02
5.8774944305e+01
3.6033056641e+02
-5.5837805176e+02
-2.6067330933e+02
4.6782974243e+01
3.6126632690e+02
-5.6088610840e+02
-2.4939953613e+02
5.7737823486e+01
3.6228192139e+02
-5.5792138672e+02
-2.5607516479e+02
5.1322654724e+01
3.6367251587e+02
-5.5843414307e+02
-2.5044967651e+02
5.7029705048e+01
3.6468432617e+02
-5.5691589355e+02
-2.5385273743e+02
5.3627582550e+01
3.6567431641e+02
-5.5748278809e+02
-2.5458848572e+02
5.2697795868e+01
3.6503634644e+02
-4.6140533447e+02
-2.2582138062e+02
1.6097080231e+01
2.6463726807e+02
-4.6067352295e+02
-2.2114854431e+02
2.0915447235e+01
2.6594509888e+02
-4.6025375366e+02
-2.2307437134e+02
1.9000144958e+01
2.6568560791e+02
-4.6198657227e+02
-2.1850302124e+02
2.3514261246e+01
2.6505798340e+02
-4.6061352539e+02
-2.2583412170e+02
1.6337028503e+01
2.6436618042e+02
-4.6433605957e+02
-2.1690290833e+02
2.4702274323e+01
2.6369461060e+02
-4.6022354126e+02
-2.3015853882e+02
1.2762003899e+01
2.6260986328e+02
-4.6768341064e+02
-2.1488482666e+02
2.5053529739e+01
2.6316244507e+02
-4.5750949097e+02
-2.3430389404e+02
1.1484883308e+01
2.5966436768e+02
-4.7318365479e+02
-2.1223074341e+02
2.2220397949e+01
2.6424572754e+02
-4.5014221191e+02
-2.2708497620e+02
2.3026500702e+01
2.5112821960e+02
-4.9298760986e+02
-1.8833366394e+02
3.0586727142e+01
2.3150434875e+02
-4.9298757935e+02
-1.8833369446e+02
3.0586730957e+01
2.3150431824e+02
-4.5014224243e+02
-2.2708497620e+02
2.3026514053e+01
2.5112825012e+02
-4.7318365479e+02
-2.1223075867e+02
2.2220407486e+01
2.6424572754e+02
-4.5750949097e+02
-2.3430389404e+02
1.1484880447e+01
2.5966436768e+02
-4.6768341064e+02
-2.1488482666e+02
2.5053524017e+01
2.6316244507e+02
-4.6022354126e+02
-2.3015853882e+02
1.2761998177e+01
2.6260986328e+02
-4.6433602905e+02
-2.1690290833e+02
2.4702262878e+01
2.6369458008e+02
-4.6061349487e+02
-2.2583410645e+02
1.6337017059e+01
2.6436614990e+02
-4.6198654175e+02
-2.1850302124e+02
2.3514247894e+01
2.6505795288e+02
-4.6025372314e+02
-2.2307435608e+02
1.9000129700e+01
2.6568557739e+02
-4.6067349243e+02
-2.2114854431e+02
2.0915433884e+01
2.6594506836e+02
-4.6140533447e+02
-2.2582138062e+02
1.6097066879e+01
2.6463723755e+02
-3.5970709229e+02
-1.9320527649e+02
-2.0414834976e+01
1.5898887634e+02
-3.5772015381e+02
-1.9041578674e+02
-1.7553468704e+01
1.6085131836e+02
-3.5825848389e+02
-1.8620347595e+02
-1.3328756332e+01
1.6097764587e+02
-3.5713009644e+02
-1.9016677856e+02
-1.7251670837e+01
1.6091287231e+02
-3.5932559204e+02
-1.8390988159e+02
-1.1210124016e+01
1.6069136047e+02
-3.5670199585e+02
-1.9277008057e+02
-1.9422687531e+01
1.6030897522e+02
-3.6164727783e+02
-1.8154481506e+02
-9.6485071182e+00
1.6078259277e+02
-3.5540057373e+02
-1.9623095703e+02
-2.0811464310e+01
1.5922253418e+02
-3.6742675781e+02
-1.7935844421e+02
-1.0506682396e+01
1.6205825806e+02
-3.5130230713e+02
-2.0268637085e+02
-1.9939580917e+01
1.5729467773e+02
-3.8294934082e+02
-1.8672764587e+02
-2.3433437347e+01
1.6842483521e+02
-3.1560632324e+02
-2.3442211914e+02
-2.4934995651e+01
1.9763105774e+02
-3.1560638428e+02
-2.3442207336e+02
-2.4935037613e+01
1.9763108826e+02
-3.8294931030e+02
-1.8672764587e+02
-2.3433446884e+01
1.6842478943e+02
-3.5130230713e+02
-2.0268635559e+02
-1.9939599991e+01
1.5729466248e+02
-3.6742672729e+02
-1.7935844421e+02
-1.0506695747e+01
1.6205824280e+02
-3.5540057373e+02
-1.9623094177e+02
-2.0811473846e+01
1.5922251892e+02
-3.6164727783e+02
-1.8154481506e+02
-9.6485185623e+00
1.6078256226e+02
-3.5670199585e+02
-1.9277008057e+02
-1.9422697067e+01
1.6030895996e+02
-3.5932556152e+02
-1.8390988159e+02
-1.1210134506e+01
1.6069132996e+02
-3.5713006592e+02
-1.9016677856e+02
-1.7251680374e+01
1.6091285706e+02
-3.5825848389e+02
-1.8620347595e+02
-1.3328767776e+01
1.6097761536e+02
-3.5772015381e+02
-1.9041578674e+02
-1.7553480148e+01
1.6085130310e+02
-3.5970709229e+02
-1.9320527649e+02
-2.0414846420e+01
1.5898886108e+02
-2.5615692139e+02
-1.6144110107e+02
-5.9104473114e+01
5.0733406067e+01
-2.5412707520e+02
-1.5546411133e+02
-5.3122161865e+01
5.3016063690e+01
-2.5272207642e+02
-1.5584756470e+02
-5.3606620789e+01
5.3403469086e+01
-2.5321856689e+02
-1.5102256775e+02
-4.9040027618e+01
5.3459720612e+01
-2.5093070984e+02
-1.5632550049e+02
-5.4347473145e+01
5.3035293579e+01
-2.5311875916e+02
-1.4808021545e+02
-4.7108039856e+01
5.3008159637e+01
-2.4773829651e+02
-1.5806185913e+02
-5.5795703888e+01
5.2114852905e+01
-2.5367607117e+02
-1.4395573425e+02
-4.5838050842e+01
5.3325431824e+01
-2.3841448975e+02
-1.5939509583e+02
-5.4100177765e+01
5.2764690399e+01
-2.5798617554e+02
-1.3483380127e+02
-4.5248203278e+01
5.5617336273e+01
-2.1375737000e+02
-1.5932667542e+02
-4.4720008850e+01
5.4322734833e+01
-3.2045559692e+02
-1.0521744537e+02
-5.3290119171e+01
7.6498594284e+00
-3.2045547485e+02
-1.0521749115e+02
-5.3290119171e+01
7.6496987343e+00
-2.1375740051e+02
-1.5932666016e+02
-4.4720035553e+01
5.4322753906e+01
-2.5798617554e+02
-1.3483383179e+02
-4.5248176575e+01
5.5617332458e+01
-2.3841450500e+02
-1.5939508057e+02
-5.4100173950e+01
5.2764705658e+01
-2.5367607117e+02
-1.4395574951e+02
-4.5838039398e+01
5.3325439453e+01
-2.4773831177e+02
-1.5806185913e+02
-5.5795696259e+01
5.2114871979e+01
-2.5311878967e+02
-1.4808023071e+02
-4.7108032227e+01
5.3008174896e+01
-2.5093074036e+02
-1.5632550049e+02
-5.4347465515e+01
5.3035312653e+01
-2.5321859741e+02
-1.5102258301e+02
-4.9040019989e+01
5.3459743500e+01
-2.5272210693e+02
-1.5584757996e+02
-5.3606616974e+01
5.3403491974e+01
-2.5412710571e+02
-1.5546414185e+02
-5.3122158051e+01
5.3016090393e+01
-2.5615698242e+02
-1.6144111633e+02
-5.9104473114e+01
5.0733432770e+01
-1.5567308044e+02
-1.2913909912e+02
-9.5548278809e+01
-5.4781772614e+01
-1.5262203979e+02
-1.2479829407e+02
-9.1210380554e+01
-5.2066200256e+01
-1.5206944275e+02
-1.2015809631e+02
-8.6677833557e+01
-5.1201030731e+01
-1.5065693665e+02
-1.2278742981e+02
-8.9393394470e+01
-5.1455268860e+01
-1.5174566650e+02
-1.1724538422e+02
-8.4330345154e+01
-5.1378780365e+01
-1.4880378723e+02
-1.2442392731e+02
-9.1097114563e+01
-5.2492736816e+01
-1.5358909607e+02
-1.1504533386e+02
-8.3736221313e+01
-5.3463905334e+01
-1.4408126831e+02
-1.2884684753e+02
-9.4434478760e+01
-5.4270130157e+01
-1.6389675903e+02
-1.1180001831e+02
-8.6644447327e+01
-6.2923629761e+01
-1.2996998596e+02
-1.3485595703e+02
-9.6354560852e+01
-6.0044452667e+01
-1.9135220337e+02
-8.4900321960e+01
-8.1642959595e+01
-8.6147323608e+01
-1.9300374985e+01
-1.3714553833e+02
-5.5338310242e+01
-7.5221467018e+00
-1.9300552368e+01
-1.3714540100e+02
-5.5338420868e+01
-7.5219697952e+00
-1.9135232544e+02
-8.4900382996e+01
-8.1642837524e+01
-8.6147148132e+01
-1.2997007751e+02
-1.3485597229e+02
-9.6354499817e+01
-6.0044357300e+01
-1.6389686584e+02
-1.1180004120e+02
-8.6644401550e+01
-6.2923515320e+01
-1.4408137512e+02
-1.2884687805e+02
-9.4434432983e+01
-5.4270023346e+01
-1.5358918762e+02
-1.1504536438e+02
-8.3736183167e+01
-5.3463802338e+01
-1.4880389404e+02
-1.2442395782e+02
-9.1097076416e+01
-5.2492641449e+01
-1.5174575806e+02
-1.1724542236e+02
-8.4330322266e+01
-5.1378688812e+01
-1.5065702820e+02
-1.2278746796e+02
-8.9393363953e+01
-5.1455181122e+01
-1.5206953430e+02
-1.2015813446e+02
-8.6677810669e+01
-5.1200942993e+01
-1.5262213135e+02
-1.2479833984e+02
-9.1210357666e+01
-5.2066116333e+01
-1.5567318726e+02
-1.2913916016e+02
-9.5548271179e+01
-5.4781692505e+01
-5.4829917908e+01
-9.6110130310e+01
-1.2961790466e+02
-1.5548390198e+02
-5.2345237732e+01
-8.9653129578e+01
-1.2316180420e+02
-1.5267030334e+02
-5.0986312866e+01
-8.9495353699e+01
-1.2288809967e+02
-1.5160794067e+02
-5.2081268311e+01
-8.5315109253e+01
-1.1863481903e+02
-1.5105810547e+02
-5.0695552826e+01
-8.9989837646e+01
-1.2280830383e+02
-1.5079847717e+02
-5.3740104675e+01
-8.3930374146e+01
-1.1719124603e+02
-1.4983866882e+02
-5.2028621674e+01
-9.2432861328e+01
-1.2362881470e+02
-1.5185816956e+02
-5.6319850922e+01
-8.4887298584e+01
-1.1925325012e+02
-1.4593646240e+02
-6.0874477386e+01
-9.6213256836e+01
-1.2120731354e+02
-1.6153863525e+02
-6.2039447784e+01
-8.8246726990e+01
-1.2681842041e+02
-1.3163862610e+02
-8.4737243652e+01
-8.6962226868e+01
-8.9658508301e+01
-1.9008767700e+02
-1.1261023521e+01
-5.0718723297e+01
-1.3399481201e+02
-2.1709306717e+01
-1.1261283875e+01
-5.0718627930e+01
-1.3399497986e+02
-2.1709117889e+01
-8.4737434387e+01
-8.6962348938e+01
-8.9658470154e+01
-1.9008752441e+02
-6.2039546967e+01
-8.8246795654e+01
-1.2681840515e+02
-1.3163853455e+02
-6.0874607086e+01
-9.6213302612e+01
-1.2120729828e+02
-1.6153852844e+02
-5.6319965363e+01
-8.4887351990e+01
-1.1925322723e+02
-1.4593635559e+02
-5.2028736115e+01
-9.2432899475e+01
-1.2362879181e+02
-1.5185807800e+02
-5.3740211487e+01
-8.3930419922e+01
-1.1719122314e+02
-1.4983857727e+02
-5.0695659637e+01
-8.9989875793e+01
-1.2280828094e+02
-1.5079838562e+02
-5.2081371307e+01
-8.5315155029e+01
-1.1863480377e+02
-1.5105801392e+02
-5.0986419678e+01
-8.9495399475e+01
-1.2288808441e+02
-1.5160784912e+02
-5.2345344543e+01
-8.9653182983e+01
-1.2316179657e+02
-1.5267021179e+02
-5.4830036163e+01
-9.6110198975e+01
-1.2961791992e+02
-1.5548382568e+02
5.0574645996e+01
-5.8586765289e+01
-1.6085678101e+02
-2.5608328247e+02
5.3083488464e+01
-5.4736076355e+01
-1.5700086975e+02
-2.5380682373e+02
5.2989242554e+01
-5.0814926147e+01
-1.5300097656e+02
-2.5292842102e+02
5.3867576599e+01
-5.3200473785e+01
-1.5508888245e+02
-2.5252882385e+02
5.2157363892e+01
-4.8673908234e+01
-1.5061819458e+02
-2.5163824463e+02
5.4026466370e+01
-5.4419830322e+01
-1.5526843262e+02
-2.5176203918e+02
5.0493644714e+01
-4.6990940094e+01
-1.4926403809e+02
-2.4926409912e+02
5.5137134552e+01
-5.5656681061e+01
-1.5358746338e+02
-2.5144554138e+02
5.0501144409e+01
-4.4279113770e+01
-1.4971273804e+02
-2.4060050964e+02
5.7514854431e+01
-5.3781742096e+01
-1.4282623291e+02
-2.5601977539e+02
5.2294719696e+01
-3.8823013306e+01
-1.5477899170e+02
-2.1436628723e+02
1.2243130684e+01
-5.9631523132e+01
-1.0673413086e+02
-3.1879592896e+02
1.2243269920e+01
-5.9631568909e+01
-1.0673408508e+02
-3.1879608154e+02
5.2294704437e+01
-3.8822994232e+01
-1.5477900696e+02
-2.1436625671e+02
5.7514842987e+01
-5.3781768799e+01
-1.4282621765e+02
-2.5601977539e+02
5.0501121521e+01
-4.4279125214e+01
-1.4971275330e+02
-2.4060049438e+02
5.5137115479e+01
-5.5656700134e+01
-1.5358746338e+02
-2.5144554138e+02
5.0493618011e+01
-4.6990959167e+01
-1.4926405334e+02
-2.4926409912e+02
5.4026439667e+01
-5.4419849396e+01
-1.5526843262e+02
-2.5176202393e+02
5.2157329559e+01
-4.8673927307e+01
-1.5061819458e+02
-2.5163822937e+02
5.3867538452e+01
-5.3200496674e+01
-1.5508888245e+02
-2.5252880859e+02
5.2989196777e+01
-5.0814952850e+01
-1.5300097656e+02
-2.5292840576e+02
5.3083438873e+01
-5.4736114502e+01
-1.5700088501e+02
-2.5380680847e+02
5.0574581146e+01
-5.8586826324e+01
-1.6085682678e+02
-2.5608328247e+02
1.5897151184e+02
-2.0960144043e+01
-1.9365425110e+02
-3.5948718262e+02
1.6061285400e+02
-1.5944537163e+01
-1.8872784424e+02
-3.5775576782e+02
1.6121261597e+02
-1.6178159714e+01
-1.8893731689e+02
-3.5774575806e+02
1.6033731079e+02
-1.3048733711e+01
-1.8591195679e+02
-3.5754934692e+02
1.6139302063e+02
-1.7012567520e+01
-1.8956120300e+02
-3.5828359985e+02
1.5912025452e+02
-1.1950453758e+01
-1.8529449463e+02
-3.5782571411e+02
1.6223750305e+02
-1.8759840012e+01
-1.9043493652e+02
-3.5972991943e+02
1.5721595764e+02
-1.0590509415e+01
-1.8611723328e+02
-3.5747128296e+02
1.6423616028e+02
-2.0893869400e+01
-1.8929286194e+02
-3.6476522827e+02
1.5500819397e+02
-1.0780648232e+01
-1.9423988342e+02
-3.5306536865e+02
1.7081240845e+02
-3.0152065277e+01
-1.9098558044e+02
-3.8231448364e+02
1.9177027893e+02
-1.6909143448e+01
-2.3417492676e+02
-3.1605813599e+02
1.9177020264e+02
-1.6909095764e+01
-2.3417498779e+02
-3.1605810547e+02
1.7081245422e+02
-3.0152055740e+01
-1.9098558044e+02
-3.8231451416e+02
1.5500820923e+02
-1.0780630112e+01
-1.9423989868e+02
-3.5306539917e+02
1.6423617554e+02
-2.0893861771e+01
-1.8929286194e+02
-3.6476525879e+02
1.5721597290e+02
-1.0590506554e+01
-1.8611723328e+02
-3.5747131348e+02
1.6223751831e+02
-1.8759838104e+01
-1.9043495178e+02
-3.5972991943e+02
1.5912026978e+02
-1.1950455666e+01
-1.8529450989e+02
-3.5782574463e+02
1.6139302063e+02
-1.7012571335e+01
-1.8956121826e+02
-3.5828363037e+02
1.6033731079e+02
-1.3048739433e+01
-1.8591197205e+02
-3.5754937744e+02
1.6121261597e+02
-1.6178169250e+01
-1.8893734741e+02
-3.5774575806e+02
1.6061285400e+02
-1.5944559097e+01
-1.8872787476e+02
-3.5775579834e+02
1.5897149658e+02
-2.0960191727e+01
-1.9365429688e+02
-3.5948721313e+02
2.6448294067e+02
1.6649797440e+01
-2.2520013428e+02
-4.6129077148e+02
2.6600885010e+02
1.9282249451e+01
-2.2269050598e+02
-4.6029278564e+02
2.6528259277e+02
2.1900436401e+01
-2.2013200378e+02
-4.6044421387e+02
2.6546212769e+02
1.9222578049e+01
-2.2266767883e+02
-4.6120132446e+02
2.6348873901e+02
2.2295537949e+01
-2.1988233948e+02
-4.6136358643e+02
2.6472912598e+02
1.6974359512e+01
-2.2443693542e+02
-4.6279605103e+02
2.6095562744e+02
2.2293193817e+01
-2.2073475647e+02
-4.6191531372e+02
2.6506515503e+02
1.4221336365e+01
-2.2535997009e+02
-4.6510369873e+02
2.5717318726e+02
2.2678560257e+01
-2.2356159973e+02
-4.6005664062e+02
2.6665447998e+02
1.2157568932e+01
-2.2105743408e+02
-4.7091452026e+02
2.4803932190e+02
3.0723810196e+01
-2.2266024780e+02
-4.5020501709e+02
2.3826838684e+02
2.0811752319e+01
-1.8713357544e+02
-4.9308071899e+02
2.3826841736e+02
2.0811719894e+01
-1.8713354492e+02
-4.9308078003e+02
2.4803927612e+02
3.0723793030e+01
-2.2266024780e+02
-4.5020498657e+02
2.6665447998e+02
1.2157555580e+01
-2.2105741882e+02
-4.7091452026e+02
2.5717318726e+02
2.2678558350e+01
-2.2356159973e+02
-4.6005664062e+02
2.6506518555e+02
1.4221333504e+01
-2.2535997009e+02
-4.6510372925e+02
2.6095565796e+02
2.2293191910e+01
-2.2073475647e+02
-4.6191531372e+02
2.6472915649e+02
1.6974359512e+01
-2.2443693542e+02
-4.6279608154e+02
2.6348873901e+02
2.2295536041e+01
-2.1988235474e+02
-4.6136361694e+02
2.6546212769e+02
1.9222576141e+01
-2.2266770935e+02
-4.6120135498e+02
2.6528259277e+02
2.1900428772e+01
-2.2013201904e+02
-4.6044424438e+02
2.6600888062e+02
1.9282232285e+01
-2.2269053650e+02
-4.6029281616e+02
2.6448291016e+02
1.6649755478e+01
-2.2520018005e+02
-4.6129083252e+02
3.6499356079e+02
5.2134597778e+01
-2.5502122498e+02
-5.5720300293e+02
3.6541659546e+02
5.5290042877e+01
-2.5208755493e+02
-5.5691339111e+02
3.6489080811e+02
5.4063156128e+01
-2.5325273132e+02
-5.5783465576e+02
3.6306921387e+02
5.5728298187e+01
-2.5160931396e+02
-5.5834332275e+02
3.6298190308e+02
5.1579689026e+01
-2.5533175659e+02
-5.5968725586e+02
3.6000289917e+02
5.4846027374e+01
-2.5263456726e+02
-5.5961151123e+02
3.6185452271e+02
4.8695598602e+01
-2.5715002441e+02
-5.6171630859e+02
3.5661508179e+02
5.4578426361e+01
-2.5422950745e+02
-5.5955523682e+02
3.6285601807e+02
4.6196807861e+01
-2.5648641968e+02
-5.6478790283e+02
3.5251281738e+02
5.5372173309e+01
-2.5830593872e+02
-5.5554431152e+02
3.6955651855e+02
3.8527584076e+01
-2.5683822632e+02
-5.7118341064e+02
3.7242474365e+02
4.6559440613e+01
-2.8508032227e+02
-5.4341546631e+02
3.7242474365e+02
4.6559463501e+01
-2.8508035278e+02
-5.4341546631e+02
3.6955654907e+02
3.8527599335e+01
-2.5683822632e+02
-5.7118341064e+02
3.5251281738e+02
5.5372180939e+01
-2.5830596924e+02
-5.5554431152e+02
3.6285604858e+02
4.6196807861e+01
-2.5648645020e+02
-5.6478796387e+02
3.5661511230e+02
5.4578426361e+01
-2.5422952271e+02
-5.5955529785e+02
3.6185452271e+02
4.8695594788e+01
-2.5715002441e+02
-5.6171630859e+02
3.6000289917e+02
5.4846027374e+01
-2.5263456726e+02
-5.5961151123e+02
3.6298190308e+02
5.1579689026e+01
-2.5533177185e+02
-5.5968731689e+02
3.6306921387e+02
5.5728294373e+01
-2.5160932922e+02
-5.5834332275e+02
3.6489080811e+02
5.4063148499e+01
-2.5325274658e+02
-5.5783465576e+02
3.6541659546e+02
5.5290023804e+01
-2.5208758545e+02
-5.5691339111e+02
3.6499353027e+02
5.2134555817e+01
-2.5502128601e+02
-5.5720306396e+02
4.5893920898e+02
8.6807731628e+01
-2.8122534180e+02
-6.4570135498e+02
4.5877502441e+02
8.7291763306e+01
-2.8097024536e+02
-6.4654791260e+02
4.5685504150e+02
8.8107788086e+01
-2.8019290161e+02
-6.4780126953e+02
4.5580819702e+02
8.4711845398e+01
-2.8337219238e+02
-6.4946582031e+02
4.5306314087e+02
8.6230308533e+01
-2.8202737427e+02
-6.5026434326e+02
4.5324383545e+02
8.1109245300e+01
-2.8638665771e+02
-6.5228759766e+02
4.4928982544e+02
8.4608261108e+01
-2.8416958618e+02
-6.5186987305e+02
4.5222384644e+02
7.7813346863e+01
-2.8814498901e+02
-6.5538055420e+02
4.4509140015e+02
8.3800743103e+01
-2.8744241333e+02
-6.5158239746e+02
4.5379980469e+02
7.4377311707e+01
-2.8738757324e+02
-6.6064715576e+02
4.3822885132e+02
8.7888381958e+01
-2.9038174438e+02
-6.4926391602e+02
4.3876144409e+02
8.0308784485e+01
-2.6895727539e+02
-6.6782086182e+02
4.3876144409e+02
8.0308769226e+01
-2.6895727539e+02
-6.6782086182e+02
4.3822882080e+02
8.7888366699e+01
-2.9038174438e+02
-6.4926391602e+02
4.5379980469e+02
7.4377311707e+01
-2.8738757324e+02
-6.6064715576e+02
4.4509140015e+02
8.3800743103e+01
-2.8744241333e+02
-6.5158239746e+02
4.5222384644e+02
7.7813346863e+01
-2.8814498901e+02
-6.5538055420e+02
4.4928985596e+02
8.4608261108e+01
-2.8416958618e+02
-6.5186987305e+02
4.5324383545e+02
8.1109237671e+01
-2.8638665771e+02
-6.5228759766e+02
4.5306317139e+02
8.6230300903e+01
-2.8202737427e+02
-6.5026434326e+02
4.5580819702e+02
8.4711837769e+01
-2.8337222290e+02
-6.4946582031e+02
4.5685504150e+02
8.8107780457e+01
-2.8019290161e+02
-6.4780133057e+02
4.5877502441e+02
8.7291740417e+01
-2.8097027588e+02
-6.4654791260e+02
4.5893920898e+02
8.6807685852e+01
-2.8122537231e+02
-6.4570135498e+02
5.4514129639e+02
1.1830207825e+02
-3.0505117798e+02
-7.2586547852e+02
5.4370104980e+02
1.1876093292e+02
-3.0490890503e+02
-7.2762597656e+02
5.4170422363e+02
1.1600805664e+02
-3.0760083008e+02
-7.2994879150e+02
5.3882122803e+02
1.1599844360e+02
-3.0760385132e+02
-7.3153680420e+02
5.3756195068e+02
1.1141237640e+02
-3.1177441406e+02
-7.3384533691e+02
5.3401733398e+02
1.1297756195e+02
-3.1066156006e+02
-7.3453796387e+02
5.3469219971e+02
1.0723442841e+02
-3.1503494263e+02
-7.3731610107e+02
5.2956213379e+02
1.1092955780e+02
-3.1366476440e+02
-7.3590289307e+02
5.3396881104e+02
1.0390313721e+02
-3.1594396973e+02
-7.4107531738e+02
5.2446350098e+02
1.1095792389e+02
-3.1693115234e+02
-7.3430853271e+02
5.3651708984e+02
9.8935356140e+01
-3.1409808350e+02
-7.4394372559e+02
5.3345117188e+02
1.0553170013e+02
-3.3075885010e+02
-7.3186651611e+02
5.3345117188e+02
1.0553170776e+02
-3.3075888062e+02
-7.3186651611e+02
5.3651708984e+02
9.8935363770e+01
-3.1409808350e+02
-7.4394378662e+02
5.2446350098e+02
1.1095792389e+02
-3.1693115234e+02
-7.3430853271e+02
5.3396881104e+02
1.0390313721e+02
-3.1594396973e+02
-7.4107531738e+02
5.2956213379e+02
1.1092955780e+02
-3.1366479492e+02
-7.3590295410e+02
5.3469219971e+02
1.0723442841e+02
-3.1503494263e+02
-7.3731610107e+02
5.3401733398e+02
1.1297755432e+02
-3.1066156006e+02
-7.3453796387e+02
5.3756195068e+02
1.1141236877e+02
-3.1177441406e+02
-7.3384533691e+02
5.3882122803e+02
1.1599843597e+02
-3.0760385132e+02
-7.3153680420e+02
5.4170422363e+02
1.1600804138e+02
-3.0760083008e+02
-7.2994879150e+02
5.4370104980e+02
1.1876091766e+02
-3.0490893555e+02
-7.2762597656e+02
5.4514129639e+02
1.1830204010e+02
-3.0505120850e+02
-7.2586547852e+02
6.2140979004e+02
1.4722618103e+02
-3.2503244019e+02
-7.9623651123e+02
6.1921716309e+02
1.4513420105e+02
-3.2743664551e+02
-7.9921606445e+02
6.1593194580e+02
1.4391960144e+02
-3.2869000244e+02
-8.0183740234e+02
6.1349316406e+02
1.3953395081e+02
-3.3284411621e+02
-8.0470129395e+02
6.0986926270e+02
1.3943040466e+02
-3.3304785156e+02
-8.0639611816e+02
6.0885095215e+02
1.3418354797e+02
-3.3759890747e+02
-8.0921423340e+02
6.0456158447e+02
1.3591868591e+02
-3.3683496094e+02
-8.0948126221e+02
6.0614257812e+02
1.2991850281e+02
-3.4056854248e+02
-8.1326940918e+02
5.9979876709e+02
1.3382403564e+02
-3.4059283447e+02
-8.1035821533e+02
6.0648535156e+02
1.2595790863e+02
-3.4136233521e+02
-8.1755352783e+02
5.9545111084e+02
1.3471931458e+02
-3.4565982056e+02
-8.1073504639e+02
5.9884143066e+02
1.2796788788e+02
-3.3351776123e+02
-8.1940673828e+02
5.9884143066e+02
1.2796788025e+02
-3.3351776123e+02
-8.1940673828e+02
5.9545111084e+02
1.3471931458e+02
-3.4565982056e+02
-8.1073504639e+02
6.0648535156e+02
1.2595790863e+02
-3.4136233521e+02
-8.1755352783e+02
5.9979876709e+02
1.3382403564e+02
-3.4059283447e+02
-8.1035821533e+02
6.0614257812e+02
1.2991850281e+02
-3.4056854248e+02
-8.1326940918e+02
6.0456158447e+02
1.3591868591e+02
-3.3683496094e+02
-8.0948126221e+02
6.0885095215e+02
1.3418353271e+02
-3.3759890747e+02
-8.0921423340e+02
6.0986926270e+02
1.3943040466e+02
-3.3304788208e+02
-8.0639611816e+02
6.1349316406e+02
1.3953395081e+02
-3.3284411621e+02
-8.0470129395e+02
6.1593194580e+02
1.4391958618e+02
-3.2869003296e+02
-8.0183740234e+02
6.1921716309e+02
1.4513417053e+02
-3.2743664551e+02
-7.9921606445e+02
6.2140979004e+02
1.4722613525e+02
-3.2503247070e+02
-7.9623651123e+02
6.8656909180e+02
1.7155810547e+02
-3.4222677612e+02
-8.5580993652e+02
6.8326464844e+02
1.6935043335e+02
-3.4482028198e+02
-8.5957916260e+02
6.7977966309e+02
1.6502317810e+02
-3.4908074951e+02
-8.6330615234e+02
6.7584350586e+02
1.6340699768e+02
-3.5064773560e+02
-8.6596972656e+02
6.7340625000e+02
1.5827502441e+02
-3.5537615967e+02
-8.6923529053e+02
6.6928649902e+02
1.5829753113e+02
-3.5567288208e+02
-8.7072088623e+02
6.6883978271e+02
1.5277416992e+02
-3.6006213379e+02
-8.7408447266e+02
6.6382617188e+02
1.5468453979e+02
-3.5991311646e+02
-8.7349743652e+02
6.6659936523e+02
1.4862707520e+02
-3.6241085815e+02
-8.7853369141e+02
6.5862414551e+02
1.5345594788e+02
-3.6362240601e+02
-8.7415191650e+02
6.6620471191e+02
1.4499264526e+02
-3.6058685303e+02
-8.8083728027e+02
6.6174523926e+02
1.5060586548e+02
-3.7042935181e+02
-8.7526293945e+02
6.6174523926e+02
1.5060586548e+02
-3.7042935181e+02
-8.7526293945e+02
6.6620471191e+02
1.4499264526e+02
-3.6058685303e+02
-8.8083728027e+02
6.5862414551e+02
1.5345594788e+02
-3.6362240601e+02
-8.7415191650e+02
6.6659936523e+02
1.4862707520e+02
-3.6241085815e+02
-8.7853369141e+02
6.6382617188e+02
1.5468453979e+02
-3.5991311646e+02
-8.7349743652e+02
6.6883978271e+02
1.5277416992e+02
-3.6006213379e+02
-8.7408447266e+02
6.6928649902e+02
1.5829751587e+02
-3.5567288208e+02
-8.7072088623e+02
6.7340625000e+02
1.5827500916e+02
-3.5537615967e+02
-8.6923529053e+02
6.7584344482e+02
1.6340698242e+02
-3.5064773560e+02
-8.6596972656e+02
6.7977966309e+02
1.6502316284e+02
-3.4908074951e+02
-8.6330615234e+02
6.8326458740e+02
1.6935041809e+02
-3.4482031250e+02
-8.5957916260e+02
6.8656909180e+02
1.7155807495e+02
-3.4222680664e+02
-8.5580993652e+02
7.3893151855e+02
1.9178669739e+02
-3.5525378418e+02
-9.0345208740e+02
7.3496337891e+02
1.8746192932e+02
-3.5995590210e+02
-9.0826525879e+02
7.3054180908e+02
1.8452915955e+02
-3.6293588257e+02
-9.1205859375e+02
7.2690039062e+02
1.7927619934e+02
-3.6797201538e+02
-9.1598773193e+02
7.2256567383e+02
1.7781124878e+02
-3.6948678589e+02
-9.1848840332e+02
7.2052893066e+02
1.7242817688e+02
-3.7427050781e+02
-9.2199176025e+02
7.1599035645e+02
1.7270219421e+02
-3.7472250366e+02
-9.2296356201e+02
7.1638250732e+02
1.6723300171e+02
-3.7842453003e+02
-9.2694439697e+02
7.1068469238e+02
1.6946481323e+02
-3.7906869507e+02
-9.2510278320e+02
7.1513970947e+02
1.6306759644e+02
-3.8007122803e+02
-9.3074090576e+02
7.0745733643e+02
1.6854232788e+02
-3.8443627930e+02
-9.2651141357e+02
7.1103222656e+02
1.6258073425e+02
-3.7750524902e+02
-9.3119543457e+02
7.1103222656e+02
1.6258073425e+02
-3.7750524902e+02
-9.3119543457e+02
7.0745733643e+02
1.6854232788e+02
-3.8443627930e+02
-9.2651141357e+02
7.1513970947e+02
1.6306759644e+02
-3.8007122803e+02
-9.3074090576e+02
7.1068469238e+02
1.6946479797e+02
-3.7906869507e+02
-9.2510278320e+02
7.1638244629e+02
1.6723298645e+02
-3.7842453003e+02
-9.2694439697e+02
7.1599035645e+02
1.7270219421e+02
-3.7472250366e+02
-9.2296356201e+02
7.2052893066e+02
1.7242816162e+02
-3.7427050781e+02
-9.2199176025e+02
7.2256561279e+02
1.7781123352e+02
-3.6948678589e+02
-9.1848840332e+02
7.2690039062e+02
1.7927618408e+02
-3.6797201538e+02
-9.1598773193e+02
7.3054180908e+02
1.8452914429e+02
-3.6293588257e+02
-9.1205859375e+02
7.3496337891e+02
1.8746189880e+02
-3.5995593262e+02
-9.0826525879e+02
7.3893151855e+02
1.9178666687e+02
-3.5525381470e+02
-9.0345208740e+02
7.7750994873e+02
2.0638583374e+02
-3.6527578735e+02
-9.3834576416e+02
7.7286737061e+02
2.0222865295e+02
-3.6985971069e+02
-9.4356585693e+02
7.6824951172e+02
1.9673428345e+02
-3.7527758789e+02
-9.4835522461e+02
7.6359045410e+02
1.9392591858e+02
-3.7798992920e+02
-9.5179376221e+02
7.6025585938e+02
1.8842758179e+02
-3.8310293579e+02
-9.5576556396e+02
7.5575683594e+02
1.8725889587e+02
-3.8446636963e+02
-9.5787548828e+02
7.5441888428e+02
1.8195210266e+02
-3.8883663940e+02
-9.6159564209e+02
7.4959185791e+02
1.8252146912e+02
-3.8955297852e+02
-9.6172796631e+02
7.5104968262e+02
1.7724842834e+02
-3.9215560913e+02
-9.6633953857e+02
7.4466406250e+02
1.8021369934e+02
-3.9372305298e+02
-9.6380017090e+02
7.4917102051e+02
1.7407656860e+02
-3.9135559082e+02
-9.6876599121e+02
7.4487969971e+02
1.7868865967e+02
-3.9755630493e+02
-9.6587988281e+02
7.4487969971e+02
1.7868865967e+02
-3.9755630493e+02
-9.6587988281e+02
7.4917102051e+02
1.7407656860e+02
-3.9135559082e+02
-9.6876599121e+02
7.4466406250e+02
1.8021369934e+02
-3.9372305298e+02
-9.6380017090e+02
7.5104968262e+02
1.7724842834e+02
-3.9215560913e+02
-9.6633953857e+02
7.4959185791e+02
1.8252146912e+02
-3.8955297852e+02
-9.6172796631e+02
7.5441882324e+02
1.8195208740e+02
-3.8883663940e+02
-9.6159564209e+02
7.5575683594e+02
1.8725888062e+02
-3.8446636963e+02
-9.5787548828e+02
7.6025585938e+02
1.8842758179e+02
-3.8310293579e+02
-9.5576556396e+02
7.6359045410e+02
1.9392590332e+02
-3.7798992920e+02
-9.5179376221e+02
7.6824951172e+02
1.9673426819e+02
-3.7527758789e+02
-9.4835522461e+02
7.7286730957e+02
2.0222862244e+02
-3.6985974121e+02
-9.4356585693e+02
7.7750988770e+02
2.0638580322e+02
-3.6527578735e+02
-9.3834576416e+02
8.0134271240e+02
2.1567015076e+02
-3.7079653931e+02
-9.5984356689e+02
7.9628546143e+02
2.1004393005e+02
-3.7684188843e+02
-9.6574481201e+02
7.9127185059e+02
2.0611898804e+02
-3.8082974243e+02
-9.7017370605e+02
7.8686401367e+02
2.0041392517e+02
-3.8635623169e+02
-9.7476031494e+02
7.8217767334e+02
1.9806350708e+02
-3.8872259521e+02
-9.7773449707e+02
7.7947631836e+02
1.9275332642e+02
-3.9353610229e+02
-9.8159722900e+02
7.7492047119e+02
1.9201106262e+02
-3.9481323242e+02
-9.8306732178e+02
7.7444342041e+02
1.8705061340e+02
-3.9842300415e+02
-9.8700585938e+02
7.6940740967e+02
1.8805789185e+02
-3.9952447510e+02
-9.8615368652e+02
7.7199438477e+02
1.8292265320e+02
-4.0060894775e+02
-9.9059857178e+02
7.6654199219e+02
1.8626373291e+02
-4.0437115479e+02
-9.8800024414e+02
7.6954052734e+02
1.8116653442e+02
-4.0019766235e+02
-9.9107025146e+02
7.6954052734e+02
1.8116653442e+02
-4.0019766235e+02
-9.9107025146e+02
7.6654199219e+02
1.8626373291e+02
-4.0437115479e+02
-9.8800024414e+02
7.7199438477e+02
1.8292263794e+02
-4.0060894775e+02
-9.9059857178e+02
7.6940734863e+02
1.8805789185e+02
-3.9952447510e+02
-9.8615362549e+02
7.7444342041e+02
1.8705059814e+02
-3.9842300415e+02
-9.8700585938e+02
7.7492041016e+02
1.9201106262e+02
-3.9481323242e+02
-9.8306732178e+02
7.7947631836e+02
1.9275331116e+02
-3.9353610229e+02
-9.8159722900e+02
7.8217767334e+02
1.9806349182e+02
-3.8872259521e+02
-9.7773449707e+02
7.8686401367e+02
2.0041390991e+02
-3.8635623169e+02
-9.7476031494e+02
7.9127185059e+02
2.0611897278e+02
-3.8082974243e+02
-9.7017370605e+02
7.9628546143e+02
2.1004391479e+02
-3.7684188843e+02
-9.6574481201e+02
8.0134265137e+02
2.1567012024e+02
-3.7079656982e+02
-9.5984350586e+02
8.0974707031e+02
2.1891738892e+02
-3.7337243652e+02
-9.6746643066e+02
8.0468426514e+02
2.1403215027e+02
-3.7868936157e+02
-9.7319067383e+02
7.9953582764e+02
2.0809114075e+02
-3.8453384399e+02
-9.7845898438e+02
7.9470751953e+02
2.0474005127e+02
-3.8772967529e+02
-9.8213861084e+02
7.9094958496e+02
1.9926797485e+02
-3.9283227539e+02
-9.8637878418e+02
7.8643096924e+02
1.9739533997e+02
-3.9478826904e+02
-9.8878222656e+02
7.8456921387e+02
1.9246636963e+02
-3.9894033813e+02
-9.9253094482e+02
7.8010345459e+02
1.9216035461e+02
-4.0015408325e+02
-9.9315887451e+02
7.8060363770e+02
1.8763093567e+02
-4.0266421509e+02
-9.9715936279e+02
7.7562658691e+02
1.8924064636e+02
-4.0437072754e+02
-9.9586285400e+02
7.7817651367e+02
1.8468778992e+02
-4.0287045288e+02
-9.9963836670e+02
7.7447393799e+02
1.8836936951e+02
-4.0713687134e+02
-9.9786920166e+02
7.7447393799e+02
1.8836935425e+02
-4.0713684082e+02
-9.9786920166e+02
7.7817651367e+02
1.8468777466e+02
-4.0287045288e+02
-9.9963836670e+02
7.7562658691e+02
1.8924063110e+02
-4.0437072754e+02
-9.9586285400e+02
7.8060363770e+02
1.8763093567e+02
-4.0266421509e+02
-9.9715936279e+02
7.8010339355e+02
1.9216035461e+02
-4.0015408325e+02
-9.9315887451e+02
7.8456921387e+02
1.9246635437e+02
-3.9894033813e+02
-9.9253094482e+02
7.8643096924e+02
1.9739532471e+02
-3.9478826904e+02
-9.8878222656e+02
7.9094958496e+02
1.9926797485e+02
-3.9283227539e+02
-9.8637878418e+02
7.9470745850e+02
2.0474003601e+02
-3.8772967529e+02
-9.8213854980e+02
7.9953576660e+02
2.0809112549e+02
-3.8453384399e+02
-9.7845898438e+02
8.0468420410e+02
2.1403213501e+02
-3.7868936157e+02
-9.7319061279e+02
8.0974700928e+02
2.1891737366e+02
-3.7337243652e+02
-9.6746643066e+02
8.0291406250e+02
2.1610179138e+02
-3.7107543945e+02
-9.6118945312e+02
7.9769226074e+02
2.1043536377e+02
-3.7717861938e+02
-9.6718743896e+02
7.9283203125e+02
2.0650489807e+02
-3.8119982910e+02
-9.7150024414e+02
7.8824792480e+02
2.0094776917e+02
-3.8664846802e+02
-9.7618615723e+02
7.8368572998e+02
1.9830561829e+02
-3.8929632568e+02
-9.7917358398e+02
7.8077197266e+02
1.9341365051e+02
-3.9379800415e+02
-9.8296179199e+02
7.7651300049e+02
1.9215730286e+02
-3.9544931030e+02
-9.8460406494e+02
7.7554772949e+02
1.8782591248e+02
-3.9876403809e+02
-9.8820477295e+02
7.7126586914e+02
1.8806304932e+02
-4.0007464600e+02
-9.8803887939e+02
7.7253955078e+02
1.8401925659e+02
-4.0116604614e+02
-9.9151861572e+02
7.6861621094e+02
1.8599787903e+02
-4.0412243652e+02
-9.8996929932e+02
7.7097949219e+02
1.8175270081e+02
-4.0139736938e+02
-9.9231640625e+02
7.7097949219e+02
1.8175270081e+02
-4.0139736938e+02
-9.9231640625e+02
7.6861621094e+02
1.8599787903e+02
-4.0412243652e+02
-9.8996929932e+02
7.7253955078e+02
1.8401924133e+02
-4.0116604614e+02
-9.9151861572e+02
7.7126586914e+02
1.8806304932e+02
-4.0007464600e+02
-9.8803887939e+02
7.7554772949e+02
1.8782591248e+02
-3.9876403809e+02
-9.8820477295e+02
7.7651300049e+02
1.9215730286e+02
-3.9544931030e+02
-9.8460406494e+02
7.8077191162e+02
1.9341363525e+02
-3.9379800415e+02
-9.8296179199e+02
7.8368572998e+02
1.9830561829e+02
-3.8929632568e+02
-9.7917358398e+02
7.8824792480e+02
2.0094775391e+02
-3.8664846802e+02
-9.7618615723e+02
7.9283197021e+02
2.0650488281e+02
-3.8119982910e+02
-9.7150024414e+02
7.9769226074e+02
2.1043534851e+02
-3.7717861938e+02
-9.6718743896e+02
8.0291400146e+02
2.1610177612e+02
-3.7107543945e+02
-9.6118939209e+02
7.8020440674e+02
2.0774749756e+02
-3.6623324585e+02
-9.4099420166e+02
7.7581530762e+02
2.0357064819e+02
-3.7080230713e+02
-9.4610131836e+02
7.7081933594e+02
1.9799861145e+02
-3.7624121094e+02
-9.5120031738e+02
7.6645141602e+02
1.9482545471e+02
-3.7917410278e+02
-9.5449658203e+02
7.6282208252e+02
1.8986502075e+02
-3.8376528931e+02
-9.5848455811e+02
7.5870690918e+02
1.8781169128e+02
-3.8579812622e+02
-9.6078155518e+02
7.5673895264e+02
1.8350485229e+02
-3.8944738770e+02
-9.6419421387e+02
7.5286218262e+02
1.8277540588e+02
-3.9078805542e+02
-9.6502239990e+02
7.5278802490e+02
1.7903082275e+02
-3.9299963379e+02
-9.6829705811e+02
7.4902050781e+02
1.7977934265e+02
-3.9457794189e+02
-9.6773461914e+02
7.5038189697e+02
1.7641865540e+02
-3.9378213501e+02
-9.7057208252e+02
7.4730871582e+02
1.7933523560e+02
-3.9693655396e+02
-9.6928088379e+02
7.4730871582e+02
1.7933523560e+02
-3.9693655396e+02
-9.6928088379e+02
7.5038189697e+02
1.7641864014e+02
-3.9378213501e+02
-9.7057208252e+02
7.4902050781e+02
1.7977932739e+02
-3.9457794189e+02
-9.6773461914e+02
7.5278796387e+02
1.7903082275e+02
-3.9299963379e+02
-9.6829705811e+02
7.5286218262e+02
1.8277540588e+02
-3.9078805542e+02
-9.6502239990e+02
7.5673895264e+02
1.8350483704e+02
-3.8944738770e+02
-9.6419421387e+02
7.5870684814e+02
1.8781169128e+02
-3.8579812622e+02
-9.6078155518e+02
7.6282202148e+02
1.8986500549e+02
-3.8376528931e+02
-9.5848455811e+02
7.6645135498e+02
1.9482545471e+02
-3.7917407227e+02
-9.5449658203e+02
7.7081933594e+02
1.9799859619e+02
-3.7624121094e+02
-9.5120031738e+02
7.7581530762e+02
2.0357064819e+02
-3.7080227661e+02
-9.4610131836e+02
7.8020434570e+02
2.0774749756e+02
-3.6623324585e+02
-9.4099414062e+02
7.4360400391e+02
1.9297343445e+02
-3.5607192993e+02
-9.0735870361e+02
7.3910186768e+02
1.8849368286e+02
-3.6099230957e+02
-9.1250408936e+02
7.3516119385e+02
1.8558502197e+02
-3.6403570557e+02
-9.1589984131e+02
7.3100823975e+02
1.8081028748e+02
-3.6881723022e+02
-9.2011962891e+02
7.2703637695e+02
1.7845265198e+02
-3.7120822144e+02
-9.2267407227e+02
7.2435784912e+02
1.7434895325e+02
-3.7503814697e+02
-9.2596014404e+02
7.2071203613e+02
1.7305320740e+02
-3.7664059448e+02
-9.2743389893e+02
7.1962774658e+02
1.6951945496e+02
-3.7943139648e+02
-9.3042834473e+02
7.1619586182e+02
1.6939714050e+02
-3.8068344116e+02
-9.3058666992e+02
7.1668420410e+02
1.6633821106e+02
-3.8168173218e+02
-9.3321057129e+02
7.1389276123e+02
1.6747015381e+02
-3.8384234619e+02
-9.3230072021e+02
7.1576428223e+02
1.6400508118e+02
-3.8189288330e+02
-9.3422033691e+02
7.1576428223e+02
1.6400508118e+02
-3.8189288330e+02
-9.3422033691e+02
7.1389276123e+02
1.6747015381e+02
-3.8384234619e+02
-9.3230072021e+02
7.1668420410e+02
1.6633821106e+02
-3.8168173218e+02
-9.3321057129e+02
7.1619586182e+02
1.6939714050e+02
-3.8068344116e+02
-9.3058666992e+02
7.1962774658e+02
1.6951945496e+02
-3.7943139648e+02
-9.3042834473e+02
7.2071203613e+02
1.7305319214e+02
-3.7664062500e+02
-9.2743389893e+02
7.2435778809e+02
1.7434895325e+02
-3.7503814697e+02
-9.2596014404e+02
7.2703637695e+02
1.7845265198e+02
-3.7120822144e+02
-9.2267407227e+02
7.3100817871e+02
1.8081027222e+02
-3.6881723022e+02
-9.2011956787e+02
7.3516119385e+02
1.8558500671e+02
-3.6403570557e+02
-9.1589984131e+02
7.3910180664e+02
1.8849368286e+02
-3.6099230957e+02
-9.1250408936e+02
7.4360400391e+02
1.9297343445e+02
-3.5607192993e+02
-9.0735864258e+02
6.9157476807e+02
1.7427781677e+02
-3.4412991333e+02
-8.6103430176e+02
6.8888568115e+02
1.7213763428e+02
-3.4656362915e+02
-8.6446051025e+02
6.8462103271e+02
1.6759771729e+02
-3.5091574097e+02
-8.6888836670e+02
6.8124151611e+02
1.6519383240e+02
-3.5295529175e+02
-8.7127288818e+02
6.7824353027e+02
1.6118418884e+02
-3.5656350708e+02
-8.7452789307e+02
6.7491217041e+02
1.5940100098e+02
-3.5822161865e+02
-8.7635900879e+02
6.7321191406e+02
1.5594270325e+02
-3.6110226440e+02
-8.7912561035e+02
6.7012829590e+02
1.5516409302e+02
-3.6225231934e+02
-8.7987213135e+02
6.6982910156e+02
1.5225700378e+02
-3.6399884033e+02
-8.8235723877e+02
6.6711694336e+02
1.5254280090e+02
-3.6524710083e+02
-8.8214855957e+02
6.6780224609e+02
1.5015951538e+02
-3.6489205933e+02
-8.8419403076e+02
6.6529779053e+02
1.5250439453e+02
-3.6731588745e+02
-8.8311901855e+02
6.6529779053e+02
1.5250439453e+02
-3.6731588745e+02
-8.8311901855e+02
6.6780224609e+02
1.5015951538e+02
-3.6489205933e+02
-8.8419403076e+02
6.6711694336e+02
1.5254280090e+02
-3.6524710083e+02
-8.8214855957e+02
6.6982910156e+02
1.5225700378e+02
-3.6399884033e+02
-8.8235729980e+02
6.7012829590e+02
1.5516409302e+02
-3.6225231934e+02
-8.7987213135e+02
6.7321191406e+02
1.5594270325e+02
-3.6110226440e+02
-8.7912561035e+02
6.7491217041e+02
1.5940100098e+02
-3.5822161865e+02
-8.7635900879e+02
6.7824353027e+02
1.6118418884e+02
-3.5656350708e+02
-8.7452789307e+02
6.8124151611e+02
1.6519383240e+02
-3.5295529175e+02
-8.7127288818e+02
6.8462103271e+02
1.6759771729e+02
-3.5091574097e+02
-8.6888836670e+02
6.8888568115e+02
1.7213763428e+02
-3.4656362915e+02
-8.6446051025e+02
6.9157476807e+02
1.7427781677e+02
-3.4412988281e+02
-8.6103430176e+02
6.2910754395e+02
1.4884748840e+02
-3.2635446167e+02
-8.0231738281e+02
6.2587951660e+02
1.4636065674e+02
-3.2930786133e+02
-8.0603082275e+02
6.2345581055e+02
1.4531141663e+02
-3.3055187988e+02
-8.0782049561e+02
6.2023962402e+02
1.4185920715e+02
-3.3418347168e+02
-8.1111145020e+02
6.1719476318e+02
1.4021728516e+02
-3.3594570923e+02
-8.1293750000e+02
6.1508325195e+02
1.3717817688e+02
-3.3885064697e+02
-8.1542169189e+02
6.1227935791e+02
1.3620309448e+02
-3.4009622192e+02
-8.1647235107e+02
6.1136309814e+02
1.3360026550e+02
-3.4219586182e+02
-8.1868322754e+02
6.0883410645e+02
1.3343707275e+02
-3.4317477417e+02
-8.1886383057e+02
6.0894201660e+02
1.3129222107e+02
-3.4397583008e+02
-8.2069238281e+02
6.0704968262e+02
1.3192311096e+02
-3.4542691040e+02
-8.2012817383e+02
6.0859680176e+02
1.2913592529e+02
-3.4390179443e+02
-8.2170532227e+02
6.0859680176e+02
1.2913592529e+02
-3.4390179443e+02
-8.2170532227e+02
6.0704968262e+02
1.3192311096e+02
-3.4542691040e+02
-8.2012817383e+02
6.0894201660e+02
1.3129222107e+02
-3.4397583008e+02
-8.2069238281e+02
6.0883410645e+02
1.3343707275e+02
-3.4317477417e+02
-8.1886383057e+02
6.1136309814e+02
1.3360026550e+02
-3.4219586182e+02
-8.1868322754e+02
6.1227935791e+02
1.3620309448e+02
-3.4009622192e+02
-8.1647235107e+02
6.1508325195e+02
1.3717817688e+02
-3.3885064697e+02
-8.1542169189e+02
6.1719476318e+02
1.4021728516e+02
-3.3594573975e+02
-8.1293756104e+02
6.2023962402e+02
1.4185920715e+02
-3.3418347168e+02
-8.1111145020e+02
6.2345581055e+02
1.4531141663e+02
-3.3055187988e+02
-8.0782049561e+02
6.2587951660e+02
1.4636067200e+02
-3.2930786133e+02
-8.0603082275e+02
6.2910754395e+02
1.4884750366e+02
-3.2635446167e+02
-8.0231738281e+02
5.5164282227e+02
1.2232675171e+02
-3.0793896484e+02
-7.3366406250e+02
5.5143066406e+02
1.2321302795e+02
-3.0714331055e+02
-7.3452185059e+02
5.4823858643e+02
1.2003681946e+02
-3.1006295776e+02
-7.3809002686e+02
5.4609655762e+02
1.1866674805e+02
-3.1090087891e+02
-7.3933044434e+02
5.4405664062e+02
1.1586756897e+02
-3.1321157837e+02
-7.4152239990e+02
5.4176141357e+02
1.1465075684e+02
-3.1418283081e+02
-7.4264050293e+02
5.4059124756e+02
1.1217688751e+02
-3.1612054443e+02
-7.4456317139e+02
5.3842425537e+02
1.1159714508e+02
-3.1686618042e+02
-7.4503039551e+02
5.3815643311e+02
1.0953744507e+02
-3.1805770874e+02
-7.4672491455e+02
5.3637591553e+02
1.0962806702e+02
-3.1887268066e+02
-7.4662719727e+02
5.3670800781e+02
1.0807734680e+02
-3.1872763062e+02
-7.4800268555e+02
5.3468054199e+02
1.1002993774e+02
-3.2061526489e+02
-7.4703698730e+02
5.3468054199e+02
1.1002993774e+02
-3.2061526489e+02
-7.4703698730e+02
5.3670800781e+02
1.0807734680e+02
-3.1872763062e+02
-7.4800268555e+02
5.3637591553e+02
1.0962806702e+02
-3.1887268066e+02
-7.4662719727e+02
5.3815643311e+02
1.0953744507e+02
-3.1805770874e+02
-7.4672491455e+02
5.3842425537e+02
1.1159714508e+02
-3.1686618042e+02
-7.4503039551e+02
5.4059124756e+02
1.1217687988e+02
-3.1612054443e+02
-7.4456317139e+02
5.4176141357e+02
1.1465075684e+02
-3.1418283081e+02
-7.4264050293e+02
5.4405664062e+02
1.1586756134e+02
-3.1321157837e+02
-7.4152239990e+02
5.4609655762e+02
1.1866674805e+02
-3.1090087891e+02
-7.3933044434e+02
5.4823858643e+02
1.2003681946e+02
-3.1006295776e+02
-7.3809002686e+02
5.5143072510e+02
1.2321302795e+02
-3.0714331055e+02
-7.3452185059e+02
5.5164282227e+02
1.2232677460e+02
-3.0793893433e+02
-7.3366406250e+02
4.6963278198e+02
8.8358177185e+01
-2.8303225708e+02
-6.5336663818e+02
4.6769143677e+02
8.7937713623e+01
-2.8407070923e+02
-6.5578100586e+02
4.6704974365e+02
8.9190765381e+01
-2.8308401489e+02
-6.5551495361e+02
4.6513995361e+02
8.7469085693e+01
-2.8520544434e+02
-6.5750091553e+02
4.6319439697e+02
8.6787948608e+01
-2.8617480469e+02
-6.5849530029e+02
4.6179754639e+02
8.4917137146e+01
-2.8809387207e+02
-6.6009320068e+02
4.5989910889e+02
8.4430953979e+01
-2.8886895752e+02
-6.6064685059e+02
4.5928414917e+02
8.2775695801e+01
-2.9024850464e+02
-6.6205029297e+02
4.5762084961e+02
8.2744659424e+01
-2.9085729980e+02
-6.6208776855e+02
4.5758465576e+02
8.1424659729e+01
-2.9141040039e+02
-6.6320031738e+02
4.5642611694e+02
8.1760368347e+01
-2.9227529907e+02
-6.6279028320e+02
4.5779672241e+02
7.9522499084e+01
-2.9098657227e+02
-6.6405529785e+02
4.5779672241e+02
7.9522499084e+01
-2.9098657227e+02
-6.6405529785e+02
4.5642611694e+02
8.1760368347e+01
-2.9227529907e+02
-6.6279034424e+02
4.5758465576e+02
8.1424667358e+01
-2.9141040039e+02
-6.6320031738e+02
4.5762088013e+02
8.2744659424e+01
-2.9085729980e+02
-6.6208776855e+02
4.5928414917e+02
8.2775703430e+01
-2.9024850464e+02
-6.6205029297e+02
4.5989910889e+02
8.4430953979e+01
-2.8886895752e+02
-6.6064685059e+02
4.6179754639e+02
8.4917137146e+01
-2.8809387207e+02
-6.6009320068e+02
4.6319439697e+02
8.6787956238e+01
-2.8617480469e+02
-6.5849536133e+02
4.6513995361e+02
8.7469093323e+01
-2.8520547485e+02
-6.5750097656e+02
4.6704974365e+02
8.9190780640e+01
-2.8308404541e+02
-6.5551495361e+02
4.6769143677e+02
8.7937736511e+01
-2.8407070923e+02
-6.5578100586e+02
4.6963278198e+02
8.8358215332e+01
-2.8303222656e+02
-6.5336663818e+02
3.7189230347e+02
5.7270214081e+01
-2.5915539551e+02
-5.6782836914e+02
3.7466345215e+02
6.1835369110e+01
-2.5423065186e+02
-5.6522497559e+02
3.7265869141e+02
6.0042770386e+01
-2.5568518066e+02
-5.6806146240e+02
3.7153497314e+02
5.9451206207e+01
-2.5556257629e+02
-5.6847930908e+02
3.7037677002e+02
5.7724647522e+01
-2.5663885498e+02
-5.6964074707e+02
3.6906808472e+02
5.7067790985e+01
-2.5688220215e+02
-5.7002545166e+02
3.6845767212e+02
5.5519329071e+01
-2.5788058472e+02
-5.7107293701e+02
3.6716482544e+02
5.5201034546e+01
-2.5816299438e+02
-5.7119213867e+02
3.6702188110e+02
5.3903347015e+01
-2.5882067871e+02
-5.7217578125e+02
3.6602624512e+02
5.3916103363e+01
-2.5920761108e+02
-5.7207934570e+02
3.6615646362e+02
5.3055419922e+01
-2.5913290405e+02
-5.7292749023e+02
3.6446136475e+02
5.4756694794e+01
-2.6062203979e+02
-5.7204705811e+02
3.6446139526e+02
5.4756694794e+01
-2.6062203979e+02
-5.7204705811e+02
3.6615649414e+02
5.3055419922e+01
-2.5913290405e+02
-5.7292749023e+02
3.6602624512e+02
5.3916103363e+01
-2.5920761108e+02
-5.7207934570e+02
3.6702188110e+02
5.3903347015e+01
-2.5882067871e+02
-5.7217578125e+02
3.6716482544e+02
5.5201034546e+01
-2.5816299438e+02
-5.7119219971e+02
3.6845767212e+02
5.5519329071e+01
-2.5788058472e+02
-5.7107293701e+02
3.6906811523e+02
5.7067790985e+01
-2.5688220215e+02
-5.7002545166e+02
3.7037680054e+02
5.7724651337e+01
-2.5663888550e+02
-5.6964080811e+02
3.7153497314e+02
5.9451210022e+01
-2.5556257629e+02
-5.6847930908e+02
3.7265872192e+02
6.0042778015e+01
-2.5568518066e+02
-5.6806146240e+02
3.7466348267e+02
6.1835384369e+01
-2.5423063660e+02
-5.6522503662e+02
3.7189233398e+02
5.7270252228e+01
-2.5915536499e+02
-5.6782836914e+02
2.7899612427e+02
1.8565013885e+01
-2.2631027222e+02
-4.6879827881e+02
2.7748034668e+02
1.9138614655e+01
-2.2692054749e+02
-4.7145840454e+02
2.7802770996e+02
2.2187658310e+01
-2.2421803284e+02
-4.6941519165e+02
2.7741583252e+02
2.2252473831e+01
-2.2472445679e+02
-4.6984628296e+02
2.7649093628e+02
2.2517372131e+01
-2.2496958923e+02
-4.7008398438e+02
2.7567620850e+02
2.1631113052e+01
-2.2614495850e+02
-4.7103713989e+02
2.7443292236e+02
2.1441417694e+01
-2.2671836853e+02
-4.7142251587e+02
2.7391265869e+02
2.0409713745e+01
-2.2772958374e+02
-4.7241598511e+02
2.7279632568e+02
2.0320510864e+01
-2.2823657227e+02
-4.7256005859e+02
2.7252487183e+02
1.9506387711e+01
-2.2877445984e+02
-4.7331933594e+02
2.7184515381e+02
1.9510616302e+01
-2.2934559631e+02
-4.7312438965e+02
2.7313348389e+02
1.7607706070e+01
-2.2826445007e+02
-4.7418029785e+02
2.7313351440e+02
1.7607707977e+01
-2.2826445007e+02
-4.7418029785e+02
2.7184518433e+02
1.9510618210e+01
-2.2934559631e+02
-4.7312442017e+02
2.7252487183e+02
1.9506391525e+01
-2.2877445984e+02
-4.7331933594e+02
2.7279632568e+02
2.0320516586e+01
-2.2823657227e+02
-4.7256005859e+02
2.7391265869e+02
2.0409723282e+01
-2.2772958374e+02
-4.7241601562e+02
2.7443292236e+02
2.1441429138e+01
-2.2671836853e+02
-4.7142254639e+02
2.7567623901e+02
2.1631126404e+01
-2.2614497375e+02
-4.7103717041e+02
2.7649093628e+02
2.2517387390e+01
-2.2496960449e+02
-4.7008401489e+02
2.7741586304e+02
2.2252492905e+01
-2.2472447205e+02
-4.6984631348e+02
2.7802774048e+02
2.2187681198e+01
-2.2421804810e+02
-4.6941522217e+02
2.7748040771e+02
1.9138648987e+01
-2.2692054749e+02
-4.7145843506e+02
2.7899618530e+02
1.8565065384e+01
-2.2631024170e+02
-4.6879827881e+02
1.6811451721e+02
-1.3373731613e+01
-1.9850305176e+02
-3.7224951172e+02
1.7390176392e+02
-4.9352688789e+00
-1.8865306091e+02
-3.6506442261e+02
1.7312808228e+02
-5.4239625931e+00
-1.8870973206e+02
-3.6746221924e+02
1.7201376343e+02
-6.3375577927e+00
-1.8887165833e+02
-3.6852716064e+02
1.7049281311e+02
-8.2746620178e+00
-1.8997366333e+02
-3.6993850708e+02
1.6891383362e+02
-9.5007209778e+00
-1.9051170349e+02
-3.7056027222e+02
1.6781773376e+02
-1.1107063293e+01
-1.9137825012e+02
-3.7138290405e+02
1.6649707031e+02
-1.1827740669e+01
-1.9170420837e+02
-3.7148599243e+02
1.6589547729e+02
-1.2925416946e+01
-1.9219242859e+02
-3.7200314331e+02
1.6514370728e+02
-1.3245182991e+01
-1.9236680603e+02
-3.7187893677e+02
1.6484548950e+02
-1.3738316536e+01
-1.9237695312e+02
-3.7232254028e+02
1.6312364197e+02
-1.2273835182e+01
-1.9362814331e+02
-3.7153857422e+02
1.6312364197e+02
-1.2273835182e+01
-1.9362814331e+02
-3.7153857422e+02
1.6484548950e+02
-1.3738314629e+01
-1.9237695312e+02
-3.7232254028e+02
1.6514373779e+02
-1.3245179176e+01
-1.9236680603e+02
-3.7187896729e+02
1.6589549255e+02
-1.2925411224e+01
-1.9219242859e+02
-3.7200317383e+02
1.6649710083e+02
-1.1827733040e+01
-1.9170420837e+02
-3.7148602295e+02
1.6781776428e+02
-1.1107054710e+01
-1.9137826538e+02
-3.7138293457e+02
1.6891387939e+02
-9.5007114410e+00
-1.9051171875e+02
-3.7056030273e+02
1.7049285889e+02
-8.2746515274e+00
-1.8997367859e+02
-3.6993853760e+02
1.7201380920e+02
-6.3375444412e+00
-1.8887165833e+02
-3.6852722168e+02
1.7312814331e+02
-5.4239449501e+00
-1.8870973206e+02
-3.6746228027e+02
1.7390184021e+02
-4.9352416992e+00
-1.8865304565e+02
-3.6506448364e+02
1.6811459351e+02
-1.3373681068e+01
-1.9850303650e+02
-3.7224954224e+02
7.7364349365e+01
-4.7225193024e+01
-1.5142720032e+02
-2.5461413574e+02
7.2174186707e+01
-5.0062026978e+01
-1.5695950317e+02
-2.6322357178e+02
6.8995956421e+01
-4.9870590210e+01
-1.5699322510e+02
-2.6330630493e+02
6.6694114685e+01
-5.0586135864e+01
-1.5780332947e+02
-2.6337899780e+02
6.5274513245e+01
-5.0514133453e+01
-1.5801605225e+02
-2.6306369019e+02
6.4608398438e+01
-5.0713340759e+01
-1.5851679993e+02
-2.6317156982e+02
6.4163856506e+01
-5.0346359253e+01
-1.5861653137e+02
-2.6308273315e+02
6.4258186340e+01
-5.0361888885e+01
-1.5894908142e+02
-2.6345739746e+02
6.4204025269e+01
-4.9976619720e+01
-1.5901277161e+02
-2.6349057007e+02
6.4284996033e+01
-4.9912330627e+01
-1.5924452209e+02
-2.6390316772e+02
6.4470504761e+01
-4.9768238068e+01
-1.5938194275e+02
-2.6377062988e+02
6.6188011169e+01
-5.1226093292e+01
-1.5827513123e+02
-2.6454541016e+02
6.6188018799e+01
-5.1226089478e+01
-1.5827513123e+02
-2.6454541016e+02
6.4470527649e+01
-4.9768230438e+01
-1.5938195801e+02
-2.6377066040e+02
6.4285034180e+01
-4.9912311554e+01
-1.5924453735e+02
-2.6390319824e+02
6.4204078674e+01
-4.9976596832e+01
-1.5901278687e+02
-2.6349060059e+02
6.4258255005e+01
-5.0361862183e+01
-1.5894909668e+02
-2.6345745850e+02
6.4163932800e+01
-5.0346324921e+01
-1.5861656189e+02
-2.6308282471e+02
6.4608489990e+01
-5.0713298798e+01
-1.5851683044e+02
-2.6317166138e+02
6.5274620056e+01
-5.0514087677e+01
-1.5801609802e+02
-2.6306378174e+02
6.6694236755e+01
-5.0586086273e+01
-1.5780337524e+02
-2.6337911987e+02
6.8996086121e+01
-4.9870532990e+01
-1.5699325562e+02
-2.6330642700e+02
7.2174324036e+01
-5.0061958313e+01
-1.5695953369e+02
-2.6322369385e+02
7.7364486694e+01
-4.7225105286e+01
-1.5142721558e+02
-2.5461422729e+02
-8.6861244202e+01
-1.0936347198e+02
-1.3583526611e+02
-1.4431350708e+02
-7.9573257446e+01
-9.9893295288e+01
-1.2284130859e+02
-1.3326875305e+02
-7.0590644836e+01
-9.3972427368e+01
-1.1910957336e+02
-1.3544361877e+02
-6.0879501343e+01
-8.8674339294e+01
-1.1790660858e+02
-1.4024536133e+02
-5.1919559479e+01
-8.4614204407e+01
-1.1817750549e+02
-1.4632501221e+02
-4.4006534576e+01
-8.0997116089e+01
-1.1876565552e+02
-1.5209422302e+02
-3.7153362274e+01
-7.8293891907e+01
-1.1972505188e+02
-1.5754978943e+02
-3.1601610184e+01
-7.5880790710e+01
-1.2049969482e+02
-1.6199951172e+02
-2.7117406845e+01
-7.4176445007e+01
-1.2134912109e+02
-1.6583628845e+02
-2.3602111816e+01
-7.2921279907e+01
-1.2187368774e+02
-1.6850604248e+02
-2.1710205078e+01
-7.2095924377e+01
-1.2241157532e+02
-1.7068161011e+02
-2.2564725876e+01
-7.0330780029e+01
-1.2385226440e+02
-1.7114434814e+02
-2.2564708710e+01
-7.0330772400e+01
-1.2385227203e+02
-1.7114437866e+02
-2.1710149765e+01
-7.2095909119e+01
-1.2241159058e+02
-1.7068167114e+02
-2.3602020264e+01
-7.2921249390e+01
-1.2187371826e+02
-1.6850613403e+02
-2.7117277145e+01
-7.4176406860e+01
-1.2134916687e+02
-1.6583641052e+02
-3.1601446152e+01
-7.5880737305e+01
-1.2049974823e+02
-1.6199969482e+02
-3.7153160095e+01
-7.8293823242e+01
-1.1972512054e+02
-1.5755000305e+02
-4.4006298065e+01
-8.0997039795e+01
-1.1876573181e+02
-1.5209446716e+02
-5.1919288635e+01
-8.4614112854e+01
-1.1817759705e+02
-1.4632528687e+02
-6.0879199982e+01
-8.8674240112e+01
-1.1790670013e+02
-1.4024566650e+02
-7.0590316772e+01
-9.3972320557e+01
-1.1910967255e+02
-1.3544395447e+02
-7.9572921753e+01
-9.9893180847e+01
-1.2284140778e+02
-1.3326910400e+02
-8.6860908508e+01
-1.0936335754e+02
-1.3583535767e+02
-1.4431385803e+02
