-4.9551479340e+01
-1.8622074127e+01
1.5909372330e+01
5.1451812744e+01
-5.4651046753e+01
-2.7567262650e+01
7.9285459518e+00
4.5085994720e+01
-6.2985725403e+01
-2.5859968185e+01
6.9623513222e+00
4.1401599884e+01
-6.4004241943e+01
-4.3602798462e+01
-4.5353951454e+00
3.6431247711e+01
-7.8263854980e+01
-2.8529590607e+01
2.0733473301e+00
3.5247112274e+01
-7.2915100098e+01
-6.9756614685e+01
-2.2005403519e+01
2.8034704208e+01
-1.0770380402e+02
-2.5419338226e+01
-2.2587499619e+00
2.5541973114e+01
-8.6214965820e+01
-1.3232328796e+02
-6.3072441101e+01
9.6411218643e+00
-1.8512707520e+02
-7.5638208389e+00
-6.3739495277e+00
-4.4985055923e+00
-1.1199783325e+02
-3.2280191040e+02
-1.9553294373e+02
-3.1755706787e+01
-4.1800445557e+02
9.4918975830e+01
4.9106559753e+00
-1.2753909302e+02
-1.6337936401e+02
-1.6072514648e+03
-1.0661513672e+03
2.6232172012e+01
-1.6337939453e+02
-1.6072515869e+03
-1.0661514893e+03
2.6232254028e+01
-4.1800451660e+02
9.4918968201e+01
4.9106321335e+00
-1.2753911591e+02
-1.1199787140e+02
-3.2280197144e+02
-1.9553297424e+02
-3.1755729675e+01
-1.8512712097e+02
-7.5638375282e+00
-6.3739743233e+00
-4.4985160828e+00
-8.6214988708e+01
-1.3232331848e+02
-6.3072460175e+01
9.6411008835e+00
-1.0770383453e+02
-2.5419355392e+01
-2.2587726116e+00
2.5541957855e+01
-7.2915115356e+01
-6.9756637573e+01
-2.2005424500e+01
2.8034681320e+01
-7.8263870239e+01
-2.8529609680e+01
2.0733249187e+00
3.5247089386e+01
-6.4004257202e+01
-4.3602817535e+01
-4.5354161263e+00
3.6431224823e+01
-6.2985740662e+01
-2.5859985352e+01
6.9623293877e+00
4.1401573181e+01
-5.4651058197e+01
-2.7567279816e+01
7.9285244942e+00
4.5085964203e+01
-4.9551490784e+01
-1.8622089386e+01
1.5909350395e+01
5.1451782227e+01
-1.9511531067e+02
-8.4625488281e+01
3.4232776642e+01
1.5792793274e+02
-2.0764033508e+02
-9.2632339478e+01
2.4539375305e+01
1.4470542908e+02
-2.1863569641e+02
-1.1062245178e+02
8.6646194458e+00
1.3490486145e+02
-2.3603157043e+02
-1.1127159119e+02
6.9466247559e+00
1.2550833130e+02
-2.4574732971e+02
-1.4446072388e+02
-1.9541709900e+01
1.1630911255e+02
-2.7521963501e+02
-1.2979254150e+02
-1.0986626625e+01
1.0362950897e+02
-2.8061746216e+02
-2.0191246033e+02
-6.5220756531e+01
9.0652198792e+01
-3.4278344727e+02
-1.4396713257e+02
-3.1107288361e+01
6.6107429504e+01
-3.2471066284e+02
-3.2142312622e+02
-1.5738102722e+02
4.7382087708e+01
-4.7678735352e+02
-1.0892979431e+02
-2.7062910080e+01
-1.0622896194e+01
-3.3591967773e+02
-6.4852752686e+02
-3.8423007202e+02
1.1901574135e+01
-6.6021319580e+02
5.1423699951e+02
3.3600338745e+02
-1.7783973694e+02
-6.6021325684e+02
5.1423706055e+02
3.3600347900e+02
-1.7783978271e+02
-3.3591970825e+02
-6.4852758789e+02
-3.8423010254e+02
1.1901591301e+01
-4.7678741455e+02
-1.0892980957e+02
-2.7062927246e+01
-1.0622906685e+01
-3.2471072388e+02
-3.2142318726e+02
-1.5738105774e+02
4.7382064819e+01
-3.4278350830e+02
-1.4396716309e+02
-3.1107318878e+01
6.6107406616e+01
-2.8061752319e+02
-2.0191250610e+02
-6.5220794678e+01
9.0652168274e+01
-2.7521966553e+02
-1.2979257202e+02
-1.0986660957e+01
1.0362947845e+02
-2.4574736023e+02
-1.4446075439e+02
-1.9541748047e+01
1.1630907440e+02
-2.3603160095e+02
-1.1127162170e+02
6.9465875626e+00
1.2550828552e+02
-2.1863572693e+02
-1.1062248230e+02
8.6645812988e+00
1.3490481567e+02
-2.0764035034e+02
-9.2632369995e+01
2.4539337158e+01
1.4470536804e+02
-1.9511532593e+02
-8.4625518799e+01
3.4232742310e+01
1.5792788696e+02
-3.8234573364e+02
-1.8027537537e+02
2.9205818176e+01
2.4522492981e+02
-3.8473916626e+02
-1.8423991394e+02
2.4747180939e+01
2.4107093811e+02
-3.9426739502e+02
-1.8360908508e+02
2.5023885727e+01
2.3444119263e+02
-4.0093865967e+02
-2.0331585693e+02
7.6753158569e+00
2.2831105042e+02
-4.1727001953e+02
-1.9407281494e+02
1.5092218399e+01
2.1895779419e+02
-4.1920471191e+02
-2.3435270691e+02
-1.8951213837e+01
2.1354743958e+02
-4.4525332642e+02
-1.9402471924e+02
1.2405970573e+01
2.0092866516e+02
-4.2424304199e+02
-2.8155743408e+02
-5.6474815369e+01
2.0415956116e+02
-4.7295254517e+02
-1.4393983459e+02
4.6739288330e+01
1.8771044922e+02
-3.6779638672e+02
-3.7136553955e+02
-1.1714857483e+02
2.2852766418e+02
-4.9251165771e+02
1.2827261353e+02
2.3569125366e+02
1.8878851318e+02
-2.0437287903e+02
-7.0011236572e+02
-2.7074133301e+02
3.4190136719e+02
-2.0437287903e+02
-7.0011248779e+02
-2.7074148560e+02
3.4190142822e+02
-4.9251165771e+02
1.2827267456e+02
2.3569129944e+02
1.8878851318e+02
-3.6779638672e+02
-3.7136557007e+02
-1.1714859772e+02
2.2852766418e+02
-4.7295257568e+02
-1.4393983459e+02
4.6739276886e+01
1.8771043396e+02
-4.2424304199e+02
-2.8155749512e+02
-5.6474849701e+01
2.0415953064e+02
-4.4525338745e+02
-1.9402474976e+02
1.2405934334e+01
2.0092861938e+02
-4.1920474243e+02
-2.3435275269e+02
-1.8951259613e+01
2.1354739380e+02
-4.1727005005e+02
-1.9407286072e+02
1.5092170715e+01
2.1895773315e+02
-4.0093869019e+02
-2.0331591797e+02
7.6752610207e+00
2.2831098938e+02
-3.9426745605e+02
-1.8360913086e+02
2.5023828506e+01
2.3444113159e+02
-3.8473919678e+02
-1.8423997498e+02
2.4747121811e+01
2.4107086182e+02
-3.8234579468e+02
-1.8027542114e+02
2.9205759048e+01
2.4522485352e+02
-5.3478070068e+02
-2.5327803040e+02
3.7435317993e+01
3.3659417725e+02
-5.3183648682e+02
-2.4397740173e+02
4.6535900116e+01
3.4014694214e+02
-5.3007482910e+02
-2.4845150757e+02
4.2525932312e+01
3.4114443970e+02
-5.3371972656e+02
-2.3749269104e+02
5.2706474304e+01
3.3944137573e+02
-5.2991064453e+02
-2.5662567139e+02
3.5324977875e+01
3.4065295410e+02
-5.3863140869e+02
-2.2748681641e+02
6.1293815613e+01
3.3662832642e+02
-5.2387927246e+02
-2.7464889526e+02
2.0331382751e+01
3.4367636108e+02
-5.4673419189e+02
-1.9544042969e+02
8.7574211121e+01
3.3376470947e+02
-5.0306851196e+02
-3.2500991821e+02
-1.7979183197e+01
3.5571908569e+02
-5.8491925049e+02
-1.0588313293e+02
1.5474324036e+02
3.1881890869e+02
-4.7419003296e+02
-5.4429962158e+02
-1.7264045715e+02
3.6949102783e+02
-7.1506335449e+02
5.1246181488e+01
1.9600479126e+02
2.5067288208e+02
-7.1506341553e+02
5.1246212006e+01
1.9600483704e+02
2.5067283630e+02
-4.7419003296e+02
-5.4429968262e+02
-1.7264051819e+02
3.6949102783e+02
-5.8491925049e+02
-1.0588312531e+02
1.5474324036e+02
3.1881887817e+02
-5.0306851196e+02
-3.2500994873e+02
-1.7979219437e+01
3.5571905518e+02
-5.4673419189e+02
-1.9544046021e+02
8.7574180603e+01
3.3376464844e+02
-5.2387927246e+02
-2.7464892578e+02
2.0331336975e+01
3.4367630005e+02
-5.3863146973e+02
-2.2748686218e+02
6.1293766022e+01
3.3662826538e+02
-5.2991064453e+02
-2.5662573242e+02
3.5324916840e+01
3.4065289307e+02
-5.3371972656e+02
-2.3749275208e+02
5.2706409454e+01
3.3944128418e+02
-5.3007489014e+02
-2.4845156860e+02
4.2525856018e+01
3.4114434814e+02
-5.3183654785e+02
-2.4397747803e+02
4.6535820007e+01
3.4014685059e+02
-5.3478076172e+02
-2.5327810669e+02
3.7435230255e+01
3.3659408569e+02
-6.4955310059e+02
-2.8723364258e+02
8.0605140686e+01
4.5471099854e+02
-6.4784954834e+02
-2.8661685181e+02
8.1338821411e+01
4.5606851196e+02
-6.4944921875e+02
-2.7901260376e+02
8.8767456055e+01
4.5544378662e+02
-6.4709924316e+02
-2.8988836670e+02
7.8422569275e+01
4.5648205566e+02
-6.5237396240e+02
-2.7232534790e+02
9.5025886536e+01
4.5363778687e+02
-6.4596887207e+02
-3.0214202881e+02
6.7286041260e+01
4.5679913330e+02
-6.6099536133e+02
-2.5795925903e+02
1.0764447784e+02
4.4795129395e+02
-6.4263287354e+02
-3.3546633911e+02
3.8259967804e+01
4.5788775635e+02
-6.8511706543e+02
-2.1682612610e+02
1.4053494263e+02
4.3139361572e+02
-6.2407525635e+02
-4.2605532837e+02
-3.4539127350e+01
4.6264743042e+02
-7.2657147217e+02
-5.8391479492e+01
2.5229470825e+02
4.0501443481e+02
-5.3451025391e+02
-4.8787228394e+02
-1.8592109680e+01
4.9341302490e+02
-5.3451025391e+02
-4.8787234497e+02
-1.8592197418e+01
4.9341302490e+02
-7.2657147217e+02
-5.8391433716e+01
2.5229473877e+02
4.0501440430e+02
-6.2407531738e+02
-4.2605535889e+02
-3.4539173126e+01
4.6264739990e+02
-6.8511712646e+02
-2.1682614136e+02
1.4053492737e+02
4.3139358521e+02
-6.4263293457e+02
-3.3546640015e+02
3.8259914398e+01
4.5788769531e+02
-6.6099542236e+02
-2.5795932007e+02
1.0764442444e+02
4.4795123291e+02
-6.4596893311e+02
-3.0214208984e+02
6.7285972595e+01
4.5679907227e+02
-6.5237402344e+02
-2.7232540894e+02
9.5025817871e+01
4.5363769531e+02
-6.4709930420e+02
-2.8988842773e+02
7.8422485352e+01
4.5648196411e+02
-6.4944927979e+02
-2.7901266479e+02
8.8767364502e+01
4.5544366455e+02
-6.4784960938e+02
-2.8661694336e+02
8.1338722229e+01
4.5606838989e+02
-6.4955322266e+02
-2.8723373413e+02
8.0605026245e+01
4.5471087646e+02
-7.5082391357e+02
-3.1725869751e+02
1.2231356049e+02
5.6818957520e+02
-7.5270056152e+02
-3.1339672852e+02
1.2641132355e+02
5.6728900146e+02
-7.5358190918e+02
-3.2067932129e+02
1.1924185181e+02
5.6557080078e+02
-7.5831365967e+02
-3.1173245239e+02
1.2788504791e+02
5.6189349365e+02
-7.5613964844e+02
-3.3131494141e+02
1.0877604675e+02
5.6189965820e+02
-7.6509436035e+02
-3.0524667358e+02
1.3362211609e+02
5.5553454590e+02
-7.5449560547e+02
-3.5090054321e+02
9.0236862183e+01
5.6141302490e+02
-7.7421124268e+02
-2.8051855469e+02
1.5552473450e+02
5.4765179443e+02
-7.3919702148e+02
-3.9365716553e+02
5.3052696228e+01
5.7152532959e+02
-7.8937561035e+02
-2.0363093567e+02
2.1946505737e+02
5.4061193848e+02
-6.9944201660e+02
-5.0614324951e+02
-2.8154678345e+01
5.9764813232e+02
-8.4870843506e+02
-1.9480290222e+02
1.7719424438e+02
5.3099157715e+02
-8.4870843506e+02
-1.9480288696e+02
1.7719427490e+02
5.3099157715e+02
-6.9944201660e+02
-5.0614331055e+02
-2.8154735565e+01
5.9764813232e+02
-7.8937561035e+02
-2.0363093567e+02
2.1946505737e+02
5.4061193848e+02
-7.3919708252e+02
-3.9365722656e+02
5.3052646637e+01
5.7152526855e+02
-7.7421130371e+02
-2.8051858521e+02
1.5552468872e+02
5.4765173340e+02
-7.5449566650e+02
-3.5090060425e+02
9.0236793518e+01
5.6141296387e+02
-7.6509442139e+02
-3.0524673462e+02
1.3362205505e+02
5.5553442383e+02
-7.5613977051e+02
-3.3131500244e+02
1.0877595520e+02
5.6189953613e+02
-7.5831372070e+02
-3.1173254395e+02
1.2788494873e+02
5.6189337158e+02
-7.5358203125e+02
-3.2067941284e+02
1.1924174500e+02
5.6557067871e+02
-7.5270068359e+02
-3.1339685059e+02
1.2641120148e+02
5.6728887939e+02
-7.5082403564e+02
-3.1725881958e+02
1.2231343079e+02
5.6818945312e+02
-8.4481292725e+02
-3.4256808472e+02
1.6213038635e+02
6.7048223877e+02
-8.4676379395e+02
-3.4609231567e+02
1.5893382263e+02
6.6873547363e+02
-8.5115838623e+02
-3.4208224487e+02
1.6293339539e+02
6.6496777344e+02
-8.5144909668e+02
-3.5523831177e+02
1.4975616455e+02
6.6310620117e+02
-8.5800811768e+02
-3.4056765747e+02
1.6402429199e+02
6.5784649658e+02
-8.5327960205e+02
-3.6968792725e+02
1.3535458374e+02
6.5961401367e+02
-8.6601312256e+02
-3.2905767822e+02
1.7453367615e+02
6.5016137695e+02
-8.4988616943e+02
-3.9761657715e+02
1.0882432556e+02
6.6119158936e+02
-8.8173016357e+02
-2.9412268066e+02
2.0558399963e+02
6.3688916016e+02
-8.4110357666e+02
-4.6541223145e+02
4.9600929260e+01
6.6479351807e+02
-9.1950805664e+02
-2.2165116882e+02
2.5865826416e+02
6.1032226562e+02
-8.0575811768e+02
-4.4732479858e+02
9.9985946655e+01
6.6114489746e+02
-8.0575811768e+02
-4.4732482910e+02
9.9985900879e+01
6.6114489746e+02
-9.1950811768e+02
-2.2165115356e+02
2.5865826416e+02
6.1032220459e+02
-8.4110363770e+02
-4.6541229248e+02
4.9600872040e+01
6.6479351807e+02
-8.8173022461e+02
-2.9412271118e+02
2.0558396912e+02
6.3688909912e+02
-8.4988623047e+02
-3.9761663818e+02
1.0882425690e+02
6.6119152832e+02
-8.6601324463e+02
-3.2905773926e+02
1.7453359985e+02
6.5016131592e+02
-8.5327966309e+02
-3.6968801880e+02
1.3535449219e+02
6.5961395264e+02
-8.5800823975e+02
-3.4056774902e+02
1.6402418518e+02
6.5784637451e+02
-8.5144921875e+02
-3.5523843384e+02
1.4975605774e+02
6.6310607910e+02
-8.5115850830e+02
-3.4208236694e+02
1.6293327332e+02
6.6496765137e+02
-8.4676391602e+02
-3.4609243774e+02
1.5893368530e+02
6.6873535156e+02
-8.4481304932e+02
-3.4256823730e+02
1.6213024902e+02
6.7048211670e+02
-9.2634112549e+02
-3.6652706909e+02
1.9578952026e+02
7.6143872070e+02
-9.3110211182e+02
-3.6654452515e+02
1.9617886353e+02
7.5779370117e+02
-9.3386364746e+02
-3.7596435547e+02
1.8673309326e+02
7.5411431885e+02
-9.3989593506e+02
-3.6920983887e+02
1.9336332703e+02
7.4883856201e+02
-9.3926708984e+02
-3.8918176270e+02
1.7332138062e+02
7.4727746582e+02
-9.4873809814e+02
-3.6632241821e+02
1.9579080200e+02
7.3977008057e+02
-9.4113458252e+02
-4.0958349609e+02
1.5304431152e+02
7.4373327637e+02
-9.5985052490e+02
-3.4932720947e+02
2.1168939209e+02
7.2881488037e+02
-9.3537860107e+02
-4.4795617676e+02
1.1664438629e+02
7.4723522949e+02
-9.7256903076e+02
-2.9999978638e+02
2.5567304993e+02
7.1809570312e+02
-9.0823822021e+02
-4.9629678345e+02
7.8486755371e+01
7.6538049316e+02
-9.9349597168e+02
-3.3318432617e+02
2.0399035645e+02
7.2450860596e+02
-9.9349603271e+02
-3.3318432617e+02
2.0399035645e+02
7.2450854492e+02
-9.0823822021e+02
-4.9629684448e+02
7.8486709595e+01
7.6538049316e+02
-9.7256909180e+02
-2.9999981689e+02
2.5567303467e+02
7.1809564209e+02
-9.3537866211e+02
-4.4795623779e+02
1.1664432526e+02
7.4723516846e+02
-9.5985058594e+02
-3.4932727051e+02
2.1168934631e+02
7.2881481934e+02
-9.4113470459e+02
-4.0958358765e+02
1.5304421997e+02
7.4373321533e+02
-9.4873822021e+02
-3.6632250977e+02
1.9579071045e+02
7.3977001953e+02
-9.3926721191e+02
-3.8918185425e+02
1.7332127380e+02
7.4727734375e+02
-9.3989605713e+02
-3.6920996094e+02
1.9336320496e+02
7.4883843994e+02
-9.3386376953e+02
-3.7596447754e+02
1.8673295593e+02
7.5411419678e+02
-9.3110229492e+02
-3.6654470825e+02
1.9617871094e+02
7.5779357910e+02
-9.2634130859e+02
-3.6652725220e+02
1.9578935242e+02
7.6143859863e+02
-9.9608184814e+02
-3.8429760742e+02
2.2673255920e+02
8.3843139648e+02
-1.0009638062e+03
-3.9143081665e+02
2.2002920532e+02
8.3397564697e+02
-1.0073267212e+03
-3.9025912476e+02
2.2125750732e+02
8.2820440674e+02
-1.0094479980e+03
-4.0475158691e+02
2.0657078552e+02
8.2439318848e+02
-1.0172348022e+03
-3.9278271484e+02
2.1838569641e+02
8.1778839111e+02
-1.0143956299e+03
-4.2120654297e+02
1.8982510376e+02
8.1763592529e+02
-1.0269278564e+03
-3.8581250000e+02
2.2483752441e+02
8.0782055664e+02
-1.0138587646e+03
-4.4653924561e+02
1.6455545044e+02
8.1650451660e+02
-1.0385712891e+03
-3.6006066895e+02
2.4930267334e+02
7.9638610840e+02
-1.0082849731e+03
-4.9069744873e+02
1.2271000671e+02
8.2049786377e+02
-1.0627572021e+03
-3.3621676636e+02
2.6909182739e+02
7.7752770996e+02
-1.0005971069e+03
-4.5469882202e+02
1.6647792053e+02
8.1061401367e+02
-1.0005971069e+03
-4.5469882202e+02
1.6647790527e+02
8.1061401367e+02
-1.0627573242e+03
-3.3621676636e+02
2.6909182739e+02
7.7752764893e+02
-1.0082850342e+03
-4.9069750977e+02
1.2270994568e+02
8.2049786377e+02
-1.0385712891e+03
-3.6006072998e+02
2.4930262756e+02
7.9638604736e+02
-1.0138588867e+03
-4.4653933716e+02
1.6455537415e+02
8.1650445557e+02
-1.0269279785e+03
-3.8581259155e+02
2.2483744812e+02
8.0782049561e+02
-1.0143957520e+03
-4.2120666504e+02
1.8982499695e+02
8.1763580322e+02
-1.0172349243e+03
-3.9278283691e+02
2.1838557434e+02
8.1778833008e+02
-1.0094481201e+03
-4.0475170898e+02
2.0657064819e+02
8.2439306641e+02
-1.0073269043e+03
-3.9025930786e+02
2.2125735474e+02
8.2820422363e+02
-1.0009639893e+03
-3.9143099976e+02
2.2002905273e+02
8.3397552490e+02
-9.9608203125e+02
-3.8429779053e+02
2.2673237610e+02
8.3843121338e+02
-1.0510819092e+03
-4.0053277588e+02
2.4951654053e+02
9.0023181152e+02
-1.0582864990e+03
-4.0391952515e+02
2.4663186646e+02
8.9426947021e+02
-1.0627598877e+03
-4.1515661621e+02
2.3533909607e+02
8.8880133057e+02
-1.0700803223e+03
-4.1059963989e+02
2.3981822205e+02
8.8224334717e+02
-1.0707523193e+03
-4.3057537842e+02
2.1959201050e+02
8.7913519287e+02
-1.0805921631e+03
-4.1085598755e+02
2.3918714905e+02
8.7133575439e+02
-1.0746452637e+03
-4.5046575928e+02
1.9941343689e+02
8.7342779541e+02
-1.0917752686e+03
-3.9935119629e+02
2.5036441040e+02
8.6014099121e+02
-1.0736479492e+03
-4.8164059448e+02
1.6827285767e+02
8.7311602783e+02
-1.1036009521e+03
-3.7269274902e+02
2.7628384399e+02
8.4797106934e+02
-1.0613897705e+03
-4.9705487061e+02
1.5249014282e+02
8.8235046387e+02
-1.1066317139e+03
-4.1250692749e+02
2.3682707214e+02
8.5311816406e+02
-1.1066317139e+03
-4.1250692749e+02
2.3682705688e+02
8.5311816406e+02
-1.0613897705e+03
-4.9705490112e+02
1.5249009705e+02
8.8235046387e+02
-1.1036009521e+03
-3.7269277954e+02
2.7628381348e+02
8.4797100830e+02
-1.0736480713e+03
-4.8164065552e+02
1.6827278137e+02
8.7311602783e+02
-1.0917753906e+03
-3.9935125732e+02
2.5036434937e+02
8.6014093018e+02
-1.0746453857e+03
-4.5046588135e+02
1.9941334534e+02
8.7342773438e+02
-1.0805922852e+03
-4.1085610962e+02
2.3918704224e+02
8.7133563232e+02
-1.0707524414e+03
-4.3057553101e+02
2.1959187317e+02
8.7913507080e+02
-1.0700805664e+03
-4.1059979248e+02
2.3981806946e+02
8.8224322510e+02
-1.0627600098e+03
-4.1515679932e+02
2.3533892822e+02
8.8880120850e+02
-1.0582867432e+03
-4.0391973877e+02
2.4663168335e+02
8.9426934814e+02
-1.0510821533e+03
-4.0053298950e+02
2.4951634216e+02
9.0023162842e+02
-1.0913503418e+03
-4.0997665405e+02
2.6832177734e+02
9.4510479736e+02
-1.0982529297e+03
-4.1958279419e+02
2.5920642090e+02
9.3870654297e+02
-1.1059184570e+03
-4.2050689697e+02
2.5834844971e+02
9.3167749023e+02
-1.1092370605e+03
-4.3553756714e+02
2.4308531189e+02
9.2649957275e+02
-1.1177746582e+03
-4.2587258911e+02
2.5264768982e+02
9.1934014893e+02
-1.1162100830e+03
-4.5281399536e+02
2.2543005371e+02
9.1753881836e+02
-1.1286976318e+03
-4.2272256470e+02
2.5546076965e+02
9.0827581787e+02
-1.1182410889e+03
-4.7565457153e+02
2.0216868591e+02
9.1357513428e+02
-1.1391661377e+03
-4.0647235107e+02
2.7167636108e+02
8.9773034668e+02
-1.1154608154e+03
-5.0255133057e+02
1.7443888855e+02
9.1601843262e+02
-1.1514005127e+03
-4.0590826416e+02
2.7486285400e+02
8.8506768799e+02
-1.1203732910e+03
-4.6748056030e+02
2.0253733826e+02
9.0990368652e+02
-1.1203732910e+03
-4.6748056030e+02
2.0253733826e+02
9.0990368652e+02
-1.1514005127e+03
-4.0590826416e+02
2.7486285400e+02
8.8506762695e+02
-1.1154609375e+03
-5.0255139160e+02
1.7443882751e+02
9.1601843262e+02
-1.1391662598e+03
-4.0647241211e+02
2.7167630005e+02
8.9773034668e+02
-1.1182412109e+03
-4.7565466309e+02
2.0216859436e+02
9.1357507324e+02
-1.1286977539e+03
-4.2272268677e+02
2.5546067810e+02
9.0827575684e+02
-1.1162102051e+03
-4.5281414795e+02
2.2542993164e+02
9.1753875732e+02
-1.1177747803e+03
-4.2587274170e+02
2.5264755249e+02
9.1934002686e+02
-1.1092373047e+03
-4.3553775024e+02
2.4308515930e+02
9.2649945068e+02
-1.1059185791e+03
-4.2050711060e+02
2.5834826660e+02
9.3167730713e+02
-1.0982531738e+03
-4.1958300781e+02
2.5920623779e+02
9.3870642090e+02
-1.0913505859e+03
-4.0997689819e+02
2.6832156372e+02
9.4510461426e+02
-1.1149826660e+03
-4.1748797607e+02
2.7777462769e+02
9.7214306641e+02
-1.1235855713e+03
-4.2290292358e+02
2.7290591431e+02
9.6487078857e+02
-1.1290712891e+03
-4.3497729492e+02
2.6078253174e+02
9.5831268311e+02
-1.1371213379e+03
-4.3208987427e+02
2.6358605957e+02
9.5115643311e+02
-1.1386402588e+03
-4.5141342163e+02
2.4399774170e+02
9.4689056396e+02
-1.1486494141e+03
-4.3474044800e+02
2.6055233765e+02
9.3935192871e+02
-1.1438400879e+03
-4.7020748901e+02
2.2482818604e+02
9.3949938965e+02
-1.1596044922e+03
-4.2776342773e+02
2.6738232422e+02
9.2877825928e+02
-1.1448127441e+03
-4.9411297607e+02
2.0024908447e+02
9.3683123779e+02
-1.1697974854e+03
-4.1608163452e+02
2.8011145020e+02
9.1773419189e+02
-1.1431055908e+03
-4.9543994141e+02
1.9486125183e+02
9.4044006348e+02
-1.1651762695e+03
-4.5230142212e+02
2.5561244202e+02
9.1698980713e+02
-1.1651763916e+03
-4.5230142212e+02
2.5561242676e+02
9.1698980713e+02
-1.1431055908e+03
-4.9544000244e+02
1.9486122131e+02
9.4044006348e+02
-1.1697976074e+03
-4.1608169556e+02
2.8011138916e+02
9.1773419189e+02
-1.1448127441e+03
-4.9411306763e+02
2.0024900818e+02
9.3683117676e+02
-1.1596046143e+03
-4.2776351929e+02
2.6738223267e+02
9.2877819824e+02
-1.1438402100e+03
-4.7020761108e+02
2.2482807922e+02
9.3949932861e+02
-1.1486496582e+03
-4.3474060059e+02
2.6055221558e+02
9.3935180664e+02
-1.1386405029e+03
-4.5141357422e+02
2.4399760437e+02
9.4689044189e+02
-1.1371215820e+03
-4.3209008789e+02
2.6358590698e+02
9.5115631104e+02
-1.1290715332e+03
-4.3497753906e+02
2.6078234863e+02
9.5831250000e+02
-1.1235858154e+03
-4.2290316772e+02
2.7290573120e+02
9.6487060547e+02
-1.1149830322e+03
-4.1748825073e+02
2.7777441406e+02
9.7214288330e+02
-1.1225717773e+03
-4.1827954102e+02
2.8215551758e+02
9.8033489990e+02
-1.1302003174e+03
-4.2862945557e+02
2.7231863403e+02
9.7321209717e+02
-1.1382929688e+03
-4.3059564209e+02
2.7041009521e+02
9.6582391357e+02
-1.1420913086e+03
-4.4524963379e+02
2.5553404236e+02
9.5999401855e+02
-1.1507644043e+03
-4.3736657715e+02
2.6328198242e+02
9.5298620605e+02
-1.1498218994e+03
-4.6203640747e+02
2.3839372253e+02
9.5003741455e+02
-1.1618991699e+03
-4.3677349854e+02
2.6350314331e+02
9.4210278320e+02
-1.1530736084e+03
-4.8178237915e+02
2.1824822998e+02
9.4425494385e+02
-1.1719842529e+03
-4.2800628662e+02
2.7245584106e+02
9.3273742676e+02
-1.1526872559e+03
-4.9776651001e+02
2.0075730896e+02
9.4413073730e+02
-1.1766390381e+03
-4.3616943359e+02
2.6830740356e+02
9.2375659180e+02
-1.1627590332e+03
-4.6839605713e+02
2.1474868774e+02
9.4383630371e+02
-1.1627590332e+03
-4.6839608765e+02
2.1474868774e+02
9.4383630371e+02
-1.1766390381e+03
-4.3616946411e+02
2.6830737305e+02
9.2375659180e+02
-1.1526873779e+03
-4.9776657104e+02
2.0075724792e+02
9.4413067627e+02
-1.1719843750e+03
-4.2800634766e+02
2.7245578003e+02
9.3273736572e+02
-1.1530737305e+03
-4.8178247070e+02
2.1824812317e+02
9.4425488281e+02
-1.1618994141e+03
-4.3677362061e+02
2.6350305176e+02
9.4210266113e+02
-1.1498221436e+03
-4.6203656006e+02
2.3839358521e+02
9.5003729248e+02
-1.1507646484e+03
-4.3736676025e+02
2.6328182983e+02
9.5298608398e+02
-1.1420915527e+03
-4.4524984741e+02
2.5553385925e+02
9.5999389648e+02
-1.1382932129e+03
-4.3059588623e+02
2.7040988159e+02
9.6582373047e+02
-1.1302005615e+03
-4.2862969971e+02
2.7231842041e+02
9.7321191406e+02
-1.1225720215e+03
-4.1827981567e+02
2.8215527344e+02
9.8033465576e+02
-1.1128696289e+03
-4.1687130737e+02
2.7687884521e+02
9.6973046875e+02
-1.1214031982e+03
-4.2242657471e+02
2.7186709595e+02
9.6255261230e+02
-1.1269102783e+03
-4.3400601196e+02
2.6024917603e+02
9.5590307617e+02
-1.1348367920e+03
-4.3194232178e+02
2.6220773315e+02
9.4902563477e+02
-1.1365267334e+03
-4.4976037598e+02
2.4417495728e+02
9.4429296875e+02
-1.1461909180e+03
-4.3567260742e+02
2.5803091431e+02
9.3763275146e+02
-1.1419807129e+03
-4.6661001587e+02
2.2705892944e+02
9.3619586182e+02
-1.1565684814e+03
-4.3199612427e+02
2.6135546875e+02
9.2832873535e+02
-1.1433155518e+03
-4.8435452271e+02
2.0882055664e+02
9.3203826904e+02
-1.1648825684e+03
-4.2872946167e+02
2.6545608521e+02
9.1997503662e+02
-1.1471743164e+03
-4.8138119507e+02
2.0807772827e+02
9.3271667480e+02
-1.1573923340e+03
-4.5847802734e+02
2.5304180908e+02
9.1338293457e+02
-1.1573924561e+03
-4.5847802734e+02
2.5304177856e+02
9.1338293457e+02
-1.1471743164e+03
-4.8138122559e+02
2.0807769775e+02
9.3271667480e+02
-1.1648826904e+03
-4.2872952271e+02
2.6545602417e+02
9.1997497559e+02
-1.1433156738e+03
-4.8435461426e+02
2.0882048035e+02
9.3203820801e+02
-1.1565686035e+03
-4.3199624634e+02
2.6135537720e+02
9.2832867432e+02
-1.1419808350e+03
-4.6661013794e+02
2.2705880737e+02
9.3619580078e+02
-1.1461911621e+03
-4.3567279053e+02
2.5803076172e+02
9.3763262939e+02
-1.1365269775e+03
-4.4976058960e+02
2.4417478943e+02
9.4429284668e+02
-1.1348370361e+03
-4.3194253540e+02
2.6220755005e+02
9.4902551270e+02
-1.1269105225e+03
-4.3400625610e+02
2.6024896240e+02
9.5590289307e+02
-1.1214034424e+03
-4.2242681885e+02
2.7186685181e+02
9.6255242920e+02
-1.1128698730e+03
-4.1687161255e+02
2.7687860107e+02
9.6973028564e+02
-1.0871578369e+03
-4.0895013428e+02
2.6638302612e+02
9.4036584473e+02
-1.0940228271e+03
-4.1805972290e+02
2.5776641846e+02
9.3395178223e+02
-1.1015113525e+03
-4.1980981445e+02
2.5606094360e+02
9.2723242188e+02
-1.1049616699e+03
-4.3308145142e+02
2.4259504700e+02
9.2161523438e+02
-1.1130574951e+03
-4.2630728149e+02
2.4917187500e+02
9.1547113037e+02
-1.1121145020e+03
-4.4803884888e+02
2.2737622070e+02
9.1200726318e+02
-1.1233364258e+03
-4.2689572144e+02
2.4804283142e+02
9.0591741943e+02
-1.1152299805e+03
-4.6422195435e+02
2.1114566040e+02
9.0560906982e+02
-1.1328428955e+03
-4.2282629395e+02
2.5178540039e+02
8.9847320557e+02
-1.1159311523e+03
-4.7369830322e+02
2.0102709961e+02
9.0292474365e+02
-1.1335706787e+03
-4.3221255493e+02
2.4473817444e+02
8.9212677002e+02
-1.1271925049e+03
-4.5150845337e+02
2.0498724365e+02
9.0824945068e+02
-1.1271923828e+03
-4.5150845337e+02
2.0498724365e+02
9.0824938965e+02
-1.1335708008e+03
-4.3221261597e+02
2.4473812866e+02
8.9212677002e+02
-1.1159311523e+03
-4.7369836426e+02
2.0102705383e+02
9.0292468262e+02
-1.1328428955e+03
-4.2282638550e+02
2.5178532410e+02
8.9847314453e+02
-1.1152301025e+03
-4.6422207642e+02
2.1114555359e+02
9.0560894775e+02
-1.1233365479e+03
-4.2689587402e+02
2.4804270935e+02
9.0591729736e+02
-1.1121147461e+03
-4.4803903198e+02
2.2737606812e+02
9.1200714111e+02
-1.1130577393e+03
-4.2630746460e+02
2.4917170715e+02
9.1547100830e+02
-1.1049619141e+03
-4.3308169556e+02
2.4259484863e+02
9.2161505127e+02
-1.1015115967e+03
-4.1981005859e+02
2.5606072998e+02
9.2723223877e+02
-1.0940230713e+03
-4.1805999756e+02
2.5776617432e+02
9.3395153809e+02
-1.0871582031e+03
-4.0895043945e+02
2.6638275146e+02
9.4036560059e+02
-1.0449283447e+03
-3.9872201538e+02
2.4692213440e+02
8.9321923828e+02
-1.0519398193e+03
-4.0253845215e+02
2.4360275269e+02
8.8751855469e+02
-1.0564932861e+03
-4.1233081055e+02
2.3377960205e+02
8.8177136230e+02
-1.0634483643e+03
-4.1021343994e+02
2.3576712036e+02
8.7600616455e+02
-1.0646386719e+03
-4.2575015259e+02
2.2009573364e+02
8.7153924561e+02
-1.0733728027e+03
-4.1360610962e+02
2.3182977295e+02
8.6631079102e+02
-1.0692037354e+03
-4.3978448486e+02
2.0602442932e+02
8.6389819336e+02
-1.0825904541e+03
-4.1172058105e+02
2.3290158081e+02
8.5897235107e+02
-1.0698293457e+03
-4.5266552734e+02
1.9344805908e+02
8.5899719238e+02
-1.0895358887e+03
-4.1231002808e+02
2.3183314514e+02
8.5416217041e+02
-1.0754183350e+03
-4.4964178467e+02
1.9542044067e+02
8.5774920654e+02
-1.0819400635e+03
-4.3347668457e+02
2.2799354553e+02
8.4244610596e+02
-1.0819400635e+03
-4.3347668457e+02
2.2799353027e+02
8.4244610596e+02
-1.0754184570e+03
-4.4964181519e+02
1.9542042542e+02
8.5774920654e+02
-1.0895358887e+03
-4.1231008911e+02
2.3183308411e+02
8.5416210938e+02
-1.0698294678e+03
-4.5266564941e+02
1.9344798279e+02
8.5899713135e+02
-1.0825905762e+03
-4.1172070312e+02
2.3290145874e+02
8.5897222900e+02
-1.0692038574e+03
-4.3978463745e+02
2.0602429199e+02
8.6389807129e+02
-1.0733730469e+03
-4.1360629272e+02
2.3182962036e+02
8.6631066895e+02
-1.0646389160e+03
-4.2575033569e+02
2.2009555054e+02
8.7153912354e+02
-1.0634486084e+03
-4.1021368408e+02
2.3576692200e+02
8.7600598145e+02
-1.0564936523e+03
-4.1233105469e+02
2.3377937317e+02
8.8177111816e+02
-1.0519400635e+03
-4.0253875732e+02
2.4360249329e+02
8.8751831055e+02
-1.0449287109e+03
-3.9872235107e+02
2.4692184448e+02
8.9321899414e+02
-9.8806323242e+02
-3.8233355713e+02
2.2302064514e+02
8.2934063721e+02
-9.9287780762e+02
-3.8849789429e+02
2.1729135132e+02
8.2487347412e+02
-9.9887109375e+02
-3.8892550659e+02
2.1689299011e+02
8.1970556641e+02
-1.0012622070e+03
-3.9998120117e+02
2.0568627930e+02
8.1507556152e+02
-1.0081648560e+03
-3.9366494751e+02
2.1173123169e+02
8.1038269043e+02
-1.0067199707e+03
-4.1203225708e+02
1.9352076721e+02
8.0701025391e+02
-1.0167232666e+03
-3.9421350098e+02
2.1039871216e+02
8.0303637695e+02
-1.0087003174e+03
-4.2452096558e+02
1.8155558777e+02
8.0097979736e+02
-1.0252056885e+03
-3.9226058960e+02
2.1099354553e+02
7.9813580322e+02
-1.0086571045e+03
-4.3011968994e+02
1.7693621826e+02
7.9618475342e+02
-1.0245594482e+03
-3.9980163574e+02
2.0243026733e+02
7.9505871582e+02
-1.0179966431e+03
-4.1753625488e+02
1.7439051819e+02
8.0736645508e+02
-1.0179966431e+03
-4.1753628540e+02
1.7439051819e+02
8.0736645508e+02
-1.0245594482e+03
-3.9980166626e+02
2.0243022156e+02
7.9505865479e+02
-1.0086571655e+03
-4.3011975098e+02
1.7693615723e+02
7.9618475342e+02
-1.0252056885e+03
-3.9226071167e+02
2.1099345398e+02
7.9813574219e+02
-1.0087004395e+03
-4.2452108765e+02
1.8155548096e+02
8.0097973633e+02
-1.0167234497e+03
-3.9421365356e+02
2.1039857483e+02
8.0303625488e+02
-1.0067201538e+03
-4.1203244019e+02
1.9352059937e+02
8.0701007080e+02
-1.0081650391e+03
-3.9366516113e+02
2.1173103333e+02
8.1038256836e+02
-1.0012624512e+03
-3.9998144531e+02
2.0568606567e+02
8.1507537842e+02
-9.9887139893e+02
-3.8892578125e+02
2.1689274597e+02
8.1970532227e+02
-9.9287811279e+02
-3.8849819946e+02
2.1729107666e+02
8.2487322998e+02
-9.8806359863e+02
-3.8233389282e+02
2.2302032471e+02
8.2934039307e+02
-9.1669360352e+02
-3.6367477417e+02
1.9170751953e+02
7.5042120361e+02
-9.2112188721e+02
-3.6437768555e+02
1.9141778564e+02
7.4719189453e+02
-9.2402050781e+02
-3.7146264648e+02
1.8431040955e+02
7.4307574463e+02
-9.2939630127e+02
-3.6862527466e+02
1.8699084473e+02
7.3901519775e+02
-9.2961468506e+02
-3.8139044189e+02
1.7420007324e+02
7.3538336182e+02
-9.3699346924e+02
-3.7058923340e+02
1.8437251282e+02
7.3194439697e+02
-9.3246453857e+02
-3.9207662964e+02
1.6380113220e+02
7.2915045166e+02
-9.4457330322e+02
-3.6915594482e+02
1.8439514160e+02
7.2713183594e+02
-9.3182269287e+02
-4.0135623169e+02
1.5610572815e+02
7.2412408447e+02
-9.5126379395e+02
-3.7070828247e+02
1.8053186035e+02
7.2610815430e+02
-9.3623669434e+02
-3.9903442383e+02
1.6113612366e+02
7.2012957764e+02
-9.4666625977e+02
-3.7918655396e+02
1.8280772400e+02
7.0854296875e+02
-9.4666625977e+02
-3.7918655396e+02
1.8280769348e+02
7.0854302979e+02
-9.3623675537e+02
-3.9903448486e+02
1.6113610840e+02
7.2012957764e+02
-9.5126385498e+02
-3.7070837402e+02
1.8053178406e+02
7.2610809326e+02
-9.3182281494e+02
-4.0135632324e+02
1.5610563660e+02
7.2412396240e+02
-9.4457342529e+02
-3.6915609741e+02
1.8439501953e+02
7.2713171387e+02
-9.3246472168e+02
-3.9207678223e+02
1.6380097961e+02
7.2915026855e+02
-9.3699371338e+02
-3.7058941650e+02
1.8437232971e+02
7.3194421387e+02
-9.2961486816e+02
-3.8139065552e+02
1.7419987488e+02
7.3538317871e+02
-9.2939654541e+02
-3.6862551880e+02
1.8699061584e+02
7.3901495361e+02
-9.2402075195e+02
-3.7146292114e+02
1.8431015015e+02
7.4307550049e+02
-9.2112219238e+02
-3.6437799072e+02
1.9141749573e+02
7.4719158936e+02
-9.1669396973e+02
-3.6367510986e+02
1.9170719910e+02
7.5042095947e+02
-8.3310278320e+02
-3.3934735107e+02
1.5740499878e+02
6.5823608398e+02
-8.3511718750e+02
-3.4158581543e+02
1.5551553345e+02
6.5641986084e+02
-8.3910723877e+02
-3.4004000854e+02
1.5707167053e+02
6.5330566406e+02
-8.4004400635e+02
-3.4844000244e+02
1.4858468628e+02
6.5013092041e+02
-8.4540814209e+02
-3.4213958740e+02
1.5452995300e+02
6.4719531250e+02
-8.4318206787e+02
-3.5704974365e+02
1.4004803467e+02
6.4432324219e+02
-8.5175701904e+02
-3.4180270386e+02
1.5378410339e+02
6.4248583984e+02
-8.4345196533e+02
-3.6601165771e+02
1.3228912354e+02
6.3923876953e+02
-8.5877239990e+02
-3.3996691895e+02
1.5282215881e+02
6.4046020508e+02
-8.4085278320e+02
-3.6958755493e+02
1.3181275940e+02
6.3315557861e+02
-8.5932012939e+02
-3.4592755127e+02
1.4205322266e+02
6.4277954102e+02
-8.4387329102e+02
-3.7202914429e+02
1.2488182831e+02
6.5251306152e+02
-8.4387329102e+02
-3.7202914429e+02
1.2488181305e+02
6.5251300049e+02
-8.5932012939e+02
-3.4592761230e+02
1.4205316162e+02
6.4277947998e+02
-8.4085290527e+02
-3.6958761597e+02
1.3181269836e+02
6.3315551758e+02
-8.5877252197e+02
-3.3996704102e+02
1.5282206726e+02
6.4046008301e+02
-8.4345214844e+02
-3.6601177979e+02
1.3228900146e+02
6.3923864746e+02
-8.5175714111e+02
-3.4180285645e+02
1.5378395081e+02
6.4248571777e+02
-8.4318231201e+02
-3.5704992676e+02
1.4004786682e+02
6.4432305908e+02
-8.4540832520e+02
-3.4213980103e+02
1.5452975464e+02
6.4719512939e+02
-8.4004425049e+02
-3.4844024658e+02
1.4858444214e+02
6.5013067627e+02
-8.3910754395e+02
-3.4004031372e+02
1.5707141113e+02
6.5330535889e+02
-8.3511749268e+02
-3.4158615112e+02
1.5551524353e+02
6.5641961670e+02
-8.3310314941e+02
-3.3934771729e+02
1.5740466309e+02
6.5823571777e+02
-7.3774993896e+02
-3.1288729858e+02
1.1773464966e+02
5.5476263428e+02
-7.3918933105e+02
-3.0995654297e+02
1.2096595764e+02
5.5435522461e+02
-7.4019488525e+02
-3.1401748657e+02
1.1690440369e+02
5.5216931152e+02
-7.4380151367e+02
-3.1018417358e+02
1.2056690216e+02
5.5004370117e+02
-7.4291998291e+02
-3.2010266113e+02
1.1078437042e+02
5.4754931641e+02
-7.4884997559e+02
-3.1026693726e+02
1.1977623749e+02
5.4599334717e+02
-7.4388201904e+02
-3.2752102661e+02
1.0411393738e+02
5.4322735596e+02
-7.5479174805e+02
-3.0857077026e+02
1.1947090149e+02
5.4388916016e+02
-7.4199353027e+02
-3.3447851562e+02
1.0040228271e+02
5.3831518555e+02
-7.6244927979e+02
-3.0878805542e+02
1.1445184326e+02
5.4582757568e+02
-7.4165295410e+02
-3.3093548584e+02
1.1012751770e+02
5.2924816895e+02
-7.6684844971e+02
-2.9734808350e+02
1.2126153564e+02
5.1877142334e+02
-7.6684844971e+02
-2.9734814453e+02
1.2126153564e+02
5.1877142334e+02
-7.4165307617e+02
-3.3093554688e+02
1.1012750244e+02
5.2924816895e+02
-7.6244934082e+02
-3.0878814697e+02
1.1445178223e+02
5.4582745361e+02
-7.4199365234e+02
-3.3447860718e+02
1.0040218353e+02
5.3831512451e+02
-7.5479187012e+02
-3.0857092285e+02
1.1947077179e+02
5.4388903809e+02
-7.4388220215e+02
-3.2752117920e+02
1.0411378479e+02
5.4322717285e+02
-7.4885015869e+02
-3.1026712036e+02
1.1977604675e+02
5.4599316406e+02
-7.4292022705e+02
-3.2010287476e+02
1.1078415680e+02
5.4754913330e+02
-7.4380181885e+02
-3.1018441772e+02
1.2056665802e+02
5.5004345703e+02
-7.4019519043e+02
-3.1401776123e+02
1.1690412903e+02
5.5216906738e+02
-7.3918963623e+02
-3.0995687866e+02
1.2096565247e+02
5.5435491943e+02
-7.3775030518e+02
-3.1288766479e+02
1.1773429871e+02
5.5476226807e+02
-6.3316864014e+02
-2.8132376099e+02
7.6912918091e+01
4.4231262207e+02
-6.3235498047e+02
-2.7963708496e+02
7.8836685181e+01
4.4311502075e+02
-6.3434478760e+02
-2.7610083008e+02
8.2348442078e+01
4.4200967407e+02
-6.3383453369e+02
-2.8191885376e+02
7.6509017944e+01
4.4030792236e+02
-6.3767303467e+02
-2.7551693726e+02
8.2446823120e+01
4.3902462769e+02
-6.3464624023e+02
-2.8722799683e+02
7.1443847656e+01
4.3677694702e+02
-6.4179455566e+02
-2.7393881226e+02
8.2575668335e+01
4.3685345459e+02
-6.3314276123e+02
-2.9309387207e+02
6.7509330750e+01
4.3285653687e+02
-6.4750781250e+02
-2.7111328125e+02
8.1028228760e+01
4.3777346802e+02
-6.2739080811e+02
-2.9734143066e+02
6.9654891968e+01
4.2709829712e+02
-6.5438366699e+02
-2.7828839111e+02
6.6306419373e+01
4.4777508545e+02
-6.1515167236e+02
-3.2295962524e+02
6.0506259918e+01
4.5995745850e+02
-6.1515167236e+02
-3.2295959473e+02
6.0506210327e+01
4.5995742798e+02
-6.5438366699e+02
-2.7828842163e+02
6.6306343079e+01
4.4777496338e+02
-6.2739093018e+02
-2.9734149170e+02
6.9654800415e+01
4.2709820557e+02
-6.4750793457e+02
-2.7111340332e+02
8.1028121948e+01
4.3777334595e+02
-6.3314288330e+02
-2.9309399414e+02
6.7509201050e+01
4.3285641479e+02
-6.4179467773e+02
-2.7393899536e+02
8.2575508118e+01
4.3685330200e+02
-6.3464642334e+02
-2.8722821045e+02
7.1443656921e+01
4.3677676392e+02
-6.3767327881e+02
-2.7551718140e+02
8.2446601868e+01
4.3902441406e+02
-6.3383477783e+02
-2.8191912842e+02
7.6508766174e+01
4.4030767822e+02
-6.3434503174e+02
-2.7610110474e+02
8.2348159790e+01
4.4200936890e+02
-6.3235528564e+02
-2.7963742065e+02
7.8836364746e+01
4.4311471558e+02
-6.3316894531e+02
-2.8132415771e+02
7.6912551880e+01
4.4231228638e+02
-5.1966461182e+02
-2.4768916321e+02
3.3036167145e+01
3.2276922607e+02
-5.1854736328e+02
-2.4169116211e+02
3.9185058594e+01
3.2468444824e+02
-5.1806030273e+02
-2.4320578003e+02
3.7731388092e+01
3.2418368530e+02
-5.2032989502e+02
-2.3866786194e+02
4.2151039124e+01
3.2372894287e+02
-5.1870147705e+02
-2.4621136475e+02
3.4990966797e+01
3.2230032349e+02
-5.2354339600e+02
-2.3735440063e+02
4.2846637726e+01
3.2227935791e+02
-5.1832299805e+02
-2.5122612000e+02
3.1299970627e+01
3.1958801270e+02
-5.2814807129e+02
-2.3532070923e+02
4.2228286743e+01
3.2223669434e+02
-5.1444647217e+02
-2.5671191406e+02
3.0550329208e+01
3.1470639038e+02
-5.3639599609e+02
-2.3080667114e+02
3.7699001312e+01
3.2494937134e+02
-5.0188360596e+02
-2.4968290710e+02
4.5942008972e+01
3.0013473511e+02
-5.6369018555e+02
-1.9264437866e+02
4.4400939941e+01
2.8201184082e+02
-5.6369012451e+02
-1.9264445496e+02
4.4400970459e+01
2.8201177979e+02
-5.0188375854e+02
-2.4968295288e+02
4.5941997528e+01
3.0013479614e+02
-5.3639611816e+02
-2.3080677795e+02
3.7698963165e+01
3.2494931030e+02
-5.1444659424e+02
-2.5671200562e+02
3.0550231934e+01
3.1470629883e+02
-5.2814819336e+02
-2.3532084656e+02
4.2228160858e+01
3.2223657227e+02
-5.1832318115e+02
-2.5122628784e+02
3.1299810410e+01
3.1958786011e+02
-5.2354364014e+02
-2.3735459900e+02
4.2846443176e+01
3.2227914429e+02
-5.1870172119e+02
-2.4621157837e+02
3.4990741730e+01
3.2230010986e+02
-5.2033013916e+02
-2.3866810608e+02
4.2150783539e+01
3.2372866821e+02
-5.1806054688e+02
-2.4320605469e+02
3.7731101990e+01
3.2418338013e+02
-5.1854766846e+02
-2.4169149780e+02
3.9184726715e+01
3.2468411255e+02
-5.1966497803e+02
-2.4768954468e+02
3.3035785675e+01
3.2276885986e+02
-3.9959268188e+02
-2.0963784790e+02
-1.0763264656e+01
1.9737071228e+02
-3.9683990479e+02
-2.0525642395e+02
-6.3060750961e+00
1.9985060120e+02
-3.9752111816e+02
-2.0046559143e+02
-1.5203070641e+00
2.0025201416e+02
-3.9611953735e+02
-2.0430366516e+02
-5.2070169449e+00
1.9989710999e+02
-3.9901211548e+02
-1.9802461243e+02
6.7022538185e-01
2.0016340637e+02
-3.9571093750e+02
-2.0715036011e+02
-7.2619056702e+00
1.9891885376e+02
-4.0229022217e+02
-1.9558677673e+02
1.8481564522e+00
2.0083287048e+02
-3.9407232666e+02
-2.1139450073e+02
-8.1065187454e+00
1.9704241943e+02
-4.1067147827e+02
-1.9262316895e+02
-5.6224543601e-02
2.0372804260e+02
-3.8786791992e+02
-2.2120242310e+02
-5.9548945427e+00
1.9348966980e+02
-4.3481655884e+02
-1.9983442688e+02
-1.7313579559e+01
2.1618301392e+02
-3.3847952271e+02
-2.7044140625e+02
-6.4588570595e+00
2.4569223022e+02
-3.3847964478e+02
-2.7044131470e+02
-6.4589715004e+00
2.4569233704e+02
-4.3481649780e+02
-1.9983447266e+02
-1.7313638687e+01
2.1618289185e+02
-3.8786798096e+02
-2.2120246887e+02
-5.9550166130e+00
1.9348956299e+02
-4.1067156982e+02
-1.9262327576e+02
-5.6346021593e-02
2.0372790527e+02
-3.9407244873e+02
-2.1139462280e+02
-8.1066646576e+00
1.9704226685e+02
-4.0229037476e+02
-1.9558694458e+02
1.8479866982e+00
2.0083270264e+02
-3.9571115112e+02
-2.0715055847e+02
-7.2620992661e+00
1.9891865540e+02
-3.9901232910e+02
-1.9802484131e+02
6.7000162601e-01
2.0016319275e+02
-3.9611978149e+02
-2.0430392456e+02
-5.2072672844e+00
1.9989686584e+02
-3.9752142334e+02
-2.0046589661e+02
-1.5205910206e+00
2.0025173950e+02
-3.9684024048e+02
-2.0525677490e+02
-6.3063983917e+00
1.9985031128e+02
-3.9959304810e+02
-2.0963824463e+02
-1.0763645172e+01
1.9737037659e+02
-2.7829165649e+02
-1.7261091614e+02
-5.6523777008e+01
6.9703445435e+01
-2.7543771362e+02
-1.6482516479e+02
-4.8773757935e+01
7.2903144836e+01
-2.7352664185e+02
-1.6440283203e+02
-4.8476150513e+01
7.3239303589e+01
-2.7407739258e+02
-1.5924052429e+02
-4.3767902374e+01
7.3579109192e+01
-2.7101260376e+02
-1.6443249512e+02
-4.8860054016e+01
7.2451705933e+01
-2.7378097534e+02
-1.5585690308e+02
-4.1992557526e+01
7.3067817688e+01
-2.6650137329e+02
-1.6621487427e+02
-5.0111278534e+01
7.0594451904e+01
-2.7447470093e+02
-1.5064141846e+02
-4.1322715759e+01
7.3759857178e+01
-2.5323889160e+02
-1.6830326843e+02
-4.7306121826e+01
7.0243415833e+01
-2.8125015259e+02
-1.3725103760e+02
-4.1683471680e+01
7.7799827576e+01
-2.1680708313e+02
-1.7133541870e+02
-3.4443504333e+01
6.8528274536e+01
-3.6876782227e+02
-9.0443542480e+01
-6.0243377686e+01
1.7909000397e+01
-3.6876757812e+02
-9.0443702698e+01
-6.0243320465e+01
1.7908636093e+01
-2.1680720520e+02
-1.7133543396e+02
-3.4443607330e+01
6.8528266907e+01
-2.8125024414e+02
-1.3725115967e+02
-4.1683479309e+01
7.7799774170e+01
-2.5323904419e+02
-1.6830335999e+02
-4.7306194305e+01
7.0243370056e+01
-2.7447488403e+02
-1.5064157104e+02
-4.1322799683e+01
7.3759780884e+01
-2.6650161743e+02
-1.6621504211e+02
-5.0111404419e+01
7.0594375610e+01
-2.7378125000e+02
-1.5585711670e+02
-4.1992706299e+01
7.3067718506e+01
-2.7101293945e+02
-1.6443273926e+02
-4.8860233307e+01
7.2451591492e+01
-2.7407775879e+02
-1.5924081421e+02
-4.3768108368e+01
7.3578971863e+01
-2.7352703857e+02
-1.6440316772e+02
-4.8476394653e+01
7.3239151001e+01
-2.7543817139e+02
-1.6482556152e+02
-4.8774047852e+01
7.2902961731e+01
-2.7829217529e+02
-1.7261135864e+02
-5.6524135590e+01
6.9703208923e+01
-1.6290237427e+02
-1.3585766602e+02
-9.9047058105e+01
-5.2349914551e+01
-1.5870925903e+02
-1.2946253967e+02
-9.2659294128e+01
-4.8713680267e+01
-1.5787071228e+02
-1.2392739105e+02
-8.7326980591e+01
-4.7387580872e+01
-1.5593165588e+02
-1.2615417480e+02
-8.9634979248e+01
-4.8065345764e+01
-1.5724288940e+02
-1.2038270569e+02
-8.4707870483e+01
-4.7570476532e+01
-1.5318315125e+02
-1.2771768951e+02
-9.1273590088e+01
-4.9883838654e+01
-1.5950798035e+02
-1.1771408844e+02
-8.4632194519e+01
-5.0298286438e+01
-1.4614122009e+02
-1.3333288574e+02
-9.5151054382e+01
-5.3134517670e+01
-1.7339030457e+02
-1.1275506592e+02
-8.9510757446e+01
-6.3004390717e+01
-1.2449703979e+02
-1.4242123413e+02
-9.7620391846e+01
-6.3402549744e+01
-2.1148818970e+02
-7.2643714905e+01
-8.5143211365e+01
-9.3277114868e+01
3.2703571320e+01
-1.5295075989e+02
-3.4583965302e+01
-3.0075476170e+00
3.2703041077e+01
-1.5295050049e+02
-3.4584163666e+01
-3.0069704056e+00
-2.1148849487e+02
-7.2643898010e+01
-8.5142936707e+01
-9.3276756287e+01
-1.2449737549e+02
-1.4242129517e+02
-9.7620330811e+01
-6.3402339935e+01
-1.7339068604e+02
-1.1275523376e+02
-8.9510734558e+01
-6.3004188538e+01
-1.4614164734e+02
-1.3333308411e+02
-9.5151069641e+01
-5.3134349823e+01
-1.5950842285e+02
-1.1771433258e+02
-8.4632247925e+01
-5.0298160553e+01
-1.5318362427e+02
-1.2771796417e+02
-9.1273689270e+01
-4.9883747101e+01
-1.5724339294e+02
-1.2038301849e+02
-8.4708000183e+01
-4.7570423126e+01
-1.5593220520e+02
-1.2615452576e+02
-8.9635147095e+01
-4.8065326691e+01
-1.5787129211e+02
-1.2392778015e+02
-8.7327186584e+01
-4.7387596130e+01
-1.5870986938e+02
-1.2946298218e+02
-9.2659561157e+01
-4.8713733673e+01
-1.6290304565e+02
-1.3585818481e+02
-9.9047409058e+01
-5.2350025177e+01
-4.8199649811e+01
-9.8189712524e+01
-1.3770755005e+02
-1.6690422058e+02
-4.4789802551e+01
-8.9714462280e+01
-1.2923509216e+02
-1.6296237183e+02
-4.2975074768e+01
-8.8707298279e+01
-1.2802384949e+02
-1.6162524414e+02
-4.4473155975e+01
-8.4200119019e+01
-1.2345136261e+02
-1.6055953979e+02
-4.2680698395e+01
-8.8898483276e+01
-1.2729788971e+02
-1.6054331970e+02
-4.6871883392e+01
-8.2772460938e+01
-1.2197477722e+02
-1.5847637939e+02
-4.4635013580e+01
-9.1819198608e+01
-1.2764078522e+02
-1.6207730103e+02
-5.0850330353e+01
-8.4274398804e+01
-1.2526165009e+02
-1.5230204773e+02
-5.6685379028e+01
-9.7531867981e+01
-1.2352151489e+02
-1.7541285706e+02
-6.0977207184e+01
-8.8143402100e+01
-1.3589645386e+02
-1.3055174255e+02
-8.7417564392e+01
-8.8921058655e+01
-7.8815925598e+01
-2.1460382080e+02
-2.4415042400e+00
-2.8259279251e+01
-1.5126516724e+02
2.5492696762e+01
-2.4422149658e+00
-2.8259122849e+01
-1.5126550293e+02
2.5493213654e+01
-8.7418029785e+01
-8.8921424866e+01
-7.8815856934e+01
-2.1460357666e+02
-6.0977569580e+01
-8.8143615723e+01
-1.3589653015e+02
-1.3055157471e+02
-5.6685802460e+01
-9.7532104492e+01
-1.2352157593e+02
-1.7541268921e+02
-5.0850772858e+01
-8.4274658203e+01
-1.2526172638e+02
-1.5230191040e+02
-4.4635475159e+01
-9.1819480896e+01
-1.2764088440e+02
-1.6207720947e+02
-4.6872375488e+01
-8.2772766113e+01
-1.2197490692e+02
-1.5847630310e+02
-4.2681217194e+01
-8.8898818970e+01
-1.2729804993e+02
-1.6054328918e+02
-4.4473705292e+01
-8.4200492859e+01
-1.2345155334e+02
-1.6055952454e+02
-4.2975654602e+01
-8.8707710266e+01
-1.2802407837e+02
-1.6162527466e+02
-4.4790424347e+01
-8.9714935303e+01
-1.2923538208e+02
-1.6296244812e+02
-4.8200336456e+01
-9.8190277100e+01
-1.3770794678e+02
-1.6690435791e+02
7.3407432556e+01
-5.4684364319e+01
-1.7327105713e+02
-2.8206274414e+02
7.6814743042e+01
-4.9066650391e+01
-1.6761041260e+02
-2.7898507690e+02
7.6666687012e+01
-4.4428634644e+01
-1.6287428284e+02
-2.7761236572e+02
7.7800270081e+01
-4.6608497620e+01
-1.6455204773e+02
-2.7727194214e+02
7.5403717041e+01
-4.1975852966e+01
-1.6008802795e+02
-2.7560702515e+02
7.7864189148e+01
-4.7972675323e+01
-1.6426979065e+02
-2.7631665039e+02
7.2803314209e+01
-4.0130813599e+01
-1.5881477356e+02
-2.7190930176e+02
7.9301910400e+01
-4.9802776337e+01
-1.6147615051e+02
-2.7614099121e+02
7.1806037903e+01
-3.6318798065e+01
-1.6003428650e+02
-2.5927905273e+02
8.3408851624e+01
-4.8924205780e+01
-1.4643830872e+02
-2.8318624878e+02
7.0117561340e+01
-2.7257698059e+01
-1.6824263000e+02
-2.2124479675e+02
2.6546745300e+01
-6.5770530701e+01
-9.3010681152e+01
-3.7090505981e+02
2.6547067642e+01
-6.5770675659e+01
-9.3010559082e+01
-3.7090536499e+02
7.0117492676e+01
-2.7257694244e+01
-1.6824270630e+02
-2.2124478149e+02
8.3408737183e+01
-4.8924346924e+01
-1.4643833923e+02
-2.8318630981e+02
7.1805877686e+01
-3.6318943024e+01
-1.6003440857e+02
-2.5927911377e+02
7.9301712036e+01
-4.9802967072e+01
-1.6147628784e+02
-2.7614111328e+02
7.2803062439e+01
-4.0131031036e+01
-1.5881494141e+02
-2.7190939331e+02
7.7863899231e+01
-4.7972927094e+01
-1.6426997375e+02
-2.7631677246e+02
7.5403373718e+01
-4.1976139069e+01
-1.6008824158e+02
-2.7560717773e+02
7.7799896240e+01
-4.6608825684e+01
-1.6455230713e+02
-2.7727209473e+02
7.6666259766e+01
-4.4429008484e+01
-1.6287457275e+02
-2.7761254883e+02
7.6814262390e+01
-4.9067092896e+01
-1.6761076355e+02
-2.7898529053e+02
7.3406883240e+01
-5.4684917450e+01
-1.7327153015e+02
-2.8206301880e+02
2.0070806885e+02
-1.0131031036e+01
-2.1113676453e+02
-4.0271725464e+02
2.0294699097e+02
-3.5836129189e+00
-2.0469003296e+02
-4.0025357056e+02
2.0378869629e+02
-3.2350418568e+00
-2.0429048157e+02
-4.0039413452e+02
2.0262561035e+02
4.1885949671e-02
-2.0123815918e+02
-3.9993853760e+02
2.0411694336e+02
-4.0045332909e+00
-2.0475920105e+02
-4.0136557007e+02
2.0101698303e+02
1.2071791887e+00
-2.0091242981e+02
-4.0023736572e+02
2.0548350525e+02
-6.1376342773e+00
-2.0553921509e+02
-4.0377020264e+02
1.9832057190e+02
3.0807023048e+00
-2.0255818176e+02
-3.9953817749e+02
2.0905622864e+02
-9.3466682434e+00
-2.0359909058e+02
-4.1142288208e+02
1.9442874146e+02
4.2182989120e+00
-2.1407362366e+02
-3.9297711182e+02
2.2196849060e+02
-2.3158971786e+01
-2.0502890015e+02
-4.3768164062e+02
2.4251957703e+02
3.2166888714e+00
-2.7187307739e+02
-3.4215457153e+02
2.4251939392e+02
3.2167825699e+00
-2.7187319946e+02
-3.4215444946e+02
2.2196853638e+02
-2.3158998489e+01
-2.0502896118e+02
-4.3768179321e+02
1.9442871094e+02
4.2182688713e+00
-2.1407373047e+02
-3.9297723389e+02
2.0905616760e+02
-9.3467617035e+00
-2.0359919739e+02
-4.1142303467e+02
1.9832046509e+02
3.0805733204e+00
-2.0255833435e+02
-3.9953833008e+02
2.0548335266e+02
-6.1378026009e+00
-2.0553939819e+02
-4.0377041626e+02
2.0101679993e+02
1.2069733143e+00
-2.0091264343e+02
-4.0023757935e+02
2.0411672974e+02
-4.0047745705e+00
-2.0475946045e+02
-4.0136584473e+02
2.0262535095e+02
4.1602466255e-02
-2.0123844910e+02
-3.9993881226e+02
2.0378839111e+02
-3.2353725433e+00
-2.0429081726e+02
-4.0039443970e+02
2.0294664001e+02
-3.5840165615e+00
-2.0469042969e+02
-4.0025393677e+02
2.0070762634e+02
-1.0131555557e+01
-2.1113729858e+02
-4.0271768188e+02
3.2543600464e+02
3.4583061218e+01
-2.4795692444e+02
-5.2237255859e+02
3.2752871704e+02
3.8516517639e+01
-2.4414834595e+02
-5.2102038574e+02
3.2655712891e+02
4.1521068573e+01
-2.4126356506e+02
-5.2113256836e+02
3.2686502075e+02
3.8797241211e+01
-2.4376547241e+02
-5.2242663574e+02
3.2418368530e+02
4.1782127380e+01
-2.4132257080e+02
-5.2235955811e+02
3.2600003052e+02
3.6052608490e+01
-2.4581027222e+02
-5.2490142822e+02
3.2070269775e+02
4.1626976013e+01
-2.4291889954e+02
-5.2293975830e+02
3.2677996826e+02
3.2321311951e+01
-2.4669520569e+02
-5.2848327637e+02
3.1499520874e+02
4.2550540924e+01
-2.4713859558e+02
-5.1991107178e+02
3.3005471802e+02
2.8466987610e+01
-2.4047735596e+02
-5.3712487793e+02
2.9950207520e+02
5.4729671478e+01
-2.4662132263e+02
-5.0470117188e+02
2.9217834473e+02
3.4611743927e+01
-1.9170581055e+02
-5.6711529541e+02
2.9217840576e+02
3.4611652374e+01
-1.9170576477e+02
-5.6711535645e+02
2.9950195312e+02
5.4729587555e+01
-2.4662135315e+02
-5.0470114136e+02
3.3005462646e+02
2.8466876984e+01
-2.4047741699e+02
-5.3712493896e+02
3.1499508667e+02
4.2550422668e+01
-2.4713871765e+02
-5.1991119385e+02
3.2677981567e+02
3.2321163177e+01
-2.4669535828e+02
-5.2848345947e+02
3.2070254517e+02
4.1626800537e+01
-2.4291908264e+02
-5.2293994141e+02
3.2599984741e+02
3.6052402496e+01
-2.4581048584e+02
-5.2490161133e+02
3.2418347168e+02
4.1781887054e+01
-2.4132283020e+02
-5.2235986328e+02
3.2686477661e+02
3.8796966553e+01
-2.4376577759e+02
-5.2242694092e+02
3.2655685425e+02
4.1520744324e+01
-2.4126391602e+02
-5.2113293457e+02
3.2752841187e+02
3.8516128540e+01
-2.4414875793e+02
-5.2102075195e+02
3.2543560791e+02
3.4582553864e+01
-2.4795745850e+02
-5.2237304688e+02
4.4454382324e+02
7.7166694641e+01
-2.8245733643e+02
-6.3518347168e+02
4.4510571289e+02
8.1241073608e+01
-2.7865521240e+02
-6.3469042969e+02
4.4442395020e+02
8.0135192871e+01
-2.7966339111e+02
-6.3608917236e+02
4.4192816162e+02
8.1583747864e+01
-2.7831750488e+02
-6.3663537598e+02
4.4188482666e+02
7.7029548645e+01
-2.8220938110e+02
-6.3883929443e+02
4.3773672485e+02
8.0131927490e+01
-2.8011267090e+02
-6.3828369141e+02
4.4048559570e+02
7.3231491089e+01
-2.8439645386e+02
-6.4194671631e+02
4.3288064575e+02
7.9770782471e+01
-2.8266973877e+02
-6.3794256592e+02
4.4237564087e+02
6.9437431335e+01
-2.8324920654e+02
-6.4668035889e+02
4.2622869873e+02
8.1643997192e+01
-2.8857006836e+02
-6.3184204102e+02
4.5374475098e+02
5.7728160858e+01
-2.8318164062e+02
-6.5671136475e+02
4.5322256470e+02
7.3785400391e+01
-3.2696728516e+02
-6.1577166748e+02
4.5322253418e+02
7.3785430908e+01
-3.2696734619e+02
-6.1577166748e+02
4.5374478149e+02
5.7728149414e+01
-2.8318173218e+02
-6.5671148682e+02
4.2622860718e+02
8.1643936157e+01
-2.8857015991e+02
-6.3184216309e+02
4.4237554932e+02
6.9437316895e+01
-2.8324932861e+02
-6.4668054199e+02
4.3288052368e+02
7.9770637512e+01
-2.8266989136e+02
-6.3794274902e+02
4.4048544312e+02
7.3231315613e+01
-2.8439663696e+02
-6.4194689941e+02
4.3773654175e+02
8.0131713867e+01
-2.8011291504e+02
-6.3828393555e+02
4.4188461304e+02
7.7029304504e+01
-2.8220965576e+02
-6.3883959961e+02
4.4192791748e+02
8.1583465576e+01
-2.7831784058e+02
-6.3663568115e+02
4.4442367554e+02
8.0134872437e+01
-2.7966372681e+02
-6.3608953857e+02
4.4510537720e+02
8.1240684509e+01
-2.7865563965e+02
-6.3469085693e+02
4.4454342651e+02
7.7166191101e+01
-2.8245788574e+02
-6.3518395996e+02
5.5626202393e+02
1.1890322113e+02
-3.1276858521e+02
-7.3933068848e+02
5.5602398682e+02
1.1982892609e+02
-3.1210577393e+02
-7.4050463867e+02
5.5338067627e+02
1.2044238281e+02
-3.1157583618e+02
-7.4216802979e+02
5.5202337646e+02
1.1656162262e+02
-3.1514440918e+02
-7.4468823242e+02
5.4823614502e+02
1.1762907410e+02
-3.1444052124e+02
-7.4556323242e+02
5.4863195801e+02
1.1184066010e+02
-3.1903646851e+02
-7.4886444092e+02
5.4304040527e+02
1.1528908539e+02
-3.1773010254e+02
-7.4766430664e+02
5.4754119873e+02
1.0730565643e+02
-3.2122174072e+02
-7.5353479004e+02
5.3691711426e+02
1.1452182007e+02
-3.2248605347e+02
-7.4695330811e+02
5.5071063232e+02
1.0197843933e+02
-3.1997619629e+02
-7.6145092773e+02
5.2605664062e+02
1.2132640076e+02
-3.2701123047e+02
-7.4302215576e+02
5.3008843994e+02
1.0711108398e+02
-2.9352441406e+02
-7.7082733154e+02
5.3008843994e+02
1.0711103058e+02
-2.9352438354e+02
-7.7082733154e+02
5.2605651855e+02
1.2132632446e+02
-3.2701129150e+02
-7.4302215576e+02
5.5071057129e+02
1.0197834778e+02
-3.1997628784e+02
-7.6145104980e+02
5.3691699219e+02
1.1452171326e+02
-3.2248617554e+02
-7.4695343018e+02
5.4754107666e+02
1.0730551147e+02
-3.2122189331e+02
-7.5353497314e+02
5.4304028320e+02
1.1528890991e+02
-3.1773028564e+02
-7.4766455078e+02
5.4863177490e+02
1.1184044647e+02
-3.1903671265e+02
-7.4886468506e+02
5.4823590088e+02
1.1762882996e+02
-3.1444076538e+02
-7.4556353760e+02
5.5202313232e+02
1.1656134033e+02
-3.1514471436e+02
-7.4468859863e+02
5.5338037109e+02
1.2044205475e+02
-3.1157617188e+02
-7.4216839600e+02
5.5602368164e+02
1.1982853699e+02
-3.1210620117e+02
-7.4050506592e+02
5.5626165771e+02
1.1890272522e+02
-3.1276910400e+02
-7.3933111572e+02
6.5923754883e+02
1.5720208740e+02
-3.4014672852e+02
-8.3393780518e+02
6.5719628906e+02
1.5757792664e+02
-3.4016165161e+02
-8.3629241943e+02
6.5450549316e+02
1.5426983643e+02
-3.4338534546e+02
-8.3962506104e+02
6.5052563477e+02
1.5354797363e+02
-3.4417288208e+02
-8.4172906494e+02
6.4891204834e+02
1.4817692566e+02
-3.4893353271e+02
-8.4524432373e+02
6.4396588135e+02
1.4922445679e+02
-3.4870681763e+02
-8.4584838867e+02
6.4514196777e+02
1.4254504395e+02
-3.5323159790e+02
-8.5036682129e+02
6.3769909668e+02
1.4645199585e+02
-3.5312005615e+02
-8.4755578613e+02
6.4458477783e+02
1.3768812561e+02
-3.5434298706e+02
-8.5600146484e+02
6.2993109131e+02
1.4701171875e+02
-3.5784246826e+02
-8.4490124512e+02
6.4909185791e+02
1.2974870300e+02
-3.5145028687e+02
-8.6048730469e+02
6.4248144531e+02
1.4165072632e+02
-3.7764398193e+02
-8.4198956299e+02
6.4248138428e+02
1.4165072632e+02
-3.7764401245e+02
-8.4198962402e+02
6.4909185791e+02
1.2974867249e+02
-3.5145034790e+02
-8.6048736572e+02
6.2993103027e+02
1.4701164246e+02
-3.5784255981e+02
-8.4490136719e+02
6.4458471680e+02
1.3768801880e+02
-3.5434310913e+02
-8.5600158691e+02
6.3769891357e+02
1.4645184326e+02
-3.5312020874e+02
-8.4755596924e+02
6.4514178467e+02
1.4254486084e+02
-3.5323178101e+02
-8.5036706543e+02
6.4396563721e+02
1.4922424316e+02
-3.4870706177e+02
-8.4584869385e+02
6.4891180420e+02
1.4817668152e+02
-3.4893383789e+02
-8.4524462891e+02
6.5052539062e+02
1.5354768372e+02
-3.4417318726e+02
-8.4172937012e+02
6.5450518799e+02
1.5426950073e+02
-3.4338571167e+02
-8.3962542725e+02
6.5719592285e+02
1.5757752991e+02
-3.4016207886e+02
-8.3629284668e+02
6.5923712158e+02
1.5720159912e+02
-3.4014724731e+02
-8.3393829346e+02
7.5064556885e+02
1.9242636108e+02
-3.6316043091e+02
-9.1709179688e+02
7.4759002686e+02
1.8972944641e+02
-3.6622781372e+02
-9.2121118164e+02
7.4303125000e+02
1.8759959412e+02
-3.6843780518e+02
-9.2481536865e+02
7.3977899170e+02
1.8221279907e+02
-3.7350973511e+02
-9.2897851562e+02
7.3475158691e+02
1.8122416687e+02
-3.7474713135e+02
-9.3116827393e+02
7.3351904297e+02
1.7499711609e+02
-3.7991882324e+02
-9.3552001953e+02
7.2744396973e+02
1.7630941772e+02
-3.8024829102e+02
-9.3538000488e+02
7.3005810547e+02
1.6908634949e+02
-3.8388632202e+02
-9.4150689697e+02
7.2061560059e+02
1.7367025757e+02
-3.8563119507e+02
-9.3637310791e+02
7.3122387695e+02
1.6318750000e+02
-3.8486001587e+02
-9.4794702148e+02
7.1404711914e+02
1.7590310669e+02
-3.9294314575e+02
-9.3667987061e+02
7.2046038818e+02
1.6453756714e+02
-3.7359265137e+02
-9.5021466064e+02
7.2046038818e+02
1.6453753662e+02
-3.7359265137e+02
-9.5021466064e+02
7.1404705811e+02
1.7590304565e+02
-3.9294317627e+02
-9.3667993164e+02
7.3122381592e+02
1.6318742371e+02
-3.8486010742e+02
-9.4794714355e+02
7.2061547852e+02
1.7367013550e+02
-3.8563131714e+02
-9.3637329102e+02
7.3005792236e+02
1.6908619690e+02
-3.8388647461e+02
-9.4150714111e+02
7.2744378662e+02
1.7630921936e+02
-3.8024847412e+02
-9.3538018799e+02
7.3351885986e+02
1.7499690247e+02
-3.7991906738e+02
-9.3552026367e+02
7.3475134277e+02
1.8122390747e+02
-3.7474740601e+02
-9.3116857910e+02
7.3977874756e+02
1.8221250916e+02
-3.7351004028e+02
-9.2897888184e+02
7.4303094482e+02
1.8759924316e+02
-3.6843817139e+02
-9.2481579590e+02
7.4758966064e+02
1.8972904968e+02
-3.6622824097e+02
-9.2121160889e+02
7.5064514160e+02
1.9242588806e+02
-3.6316094971e+02
-9.1709228516e+02
8.2902172852e+02
2.2231573486e+02
-3.8283291626e+02
-9.8766857910e+02
8.2436022949e+02
2.1900761414e+02
-3.8661840820e+02
-9.9283062744e+02
8.1962652588e+02
2.1343855286e+02
-3.9210537720e+02
-9.9809954834e+02
8.1416052246e+02
2.1059854126e+02
-3.9495220947e+02
-1.0017621460e+03
8.1094561768e+02
2.0429246521e+02
-4.0069506836e+02
-1.0065763550e+03
8.0518981934e+02
2.0343252563e+02
-4.0216641235e+02
-1.0083709717e+03
8.0483081055e+02
1.9678044128e+02
-4.0707049561e+02
-1.0136293945e+03
7.9758520508e+02
1.9850486755e+02
-4.0824508667e+02
-1.0121210327e+03
8.0211437988e+02
1.9086485291e+02
-4.1024569702e+02
-1.0201920166e+03
7.8998553467e+02
1.9721879578e+02
-4.1354605103e+02
-1.0127681885e+03
8.0200097656e+02
1.8499720764e+02
-4.0753155518e+02
-1.0235881348e+03
7.9462420654e+02
1.9422709656e+02
-4.2322766113e+02
-1.0145974121e+03
7.9462420654e+02
1.9422708130e+02
-4.2322766113e+02
-1.0145974121e+03
8.0200097656e+02
1.8499716187e+02
-4.0753161621e+02
-1.0235881958e+03
7.8998547363e+02
1.9721870422e+02
-4.1354614258e+02
-1.0127682495e+03
8.0211425781e+02
1.9086473083e+02
-4.1024581909e+02
-1.0201921997e+03
7.9758508301e+02
1.9850471497e+02
-4.0824526978e+02
-1.0121212158e+03
8.0483062744e+02
1.9678024292e+02
-4.0707070923e+02
-1.0136296387e+03
8.0518963623e+02
2.0343229675e+02
-4.0216665649e+02
-1.0083712158e+03
8.1094537354e+02
2.0429220581e+02
-4.0069534302e+02
-1.0065766602e+03
8.1416027832e+02
2.1059823608e+02
-3.9495254517e+02
-1.0017624512e+03
8.1962622070e+02
2.1343820190e+02
-3.9210574341e+02
-9.9809997559e+02
8.2435986328e+02
2.1900721741e+02
-3.8661883545e+02
-9.9283111572e+02
8.2902130127e+02
2.2231526184e+02
-3.8283343506e+02
-9.8766906738e+02
8.9212500000e+02
2.4713816833e+02
-3.9779989624e+02
-1.0441348877e+03
8.8660223389e+02
2.4129605103e+02
-4.0409777832e+02
-1.0507907715e+03
8.8043426514e+02
2.3682568359e+02
-4.0865606689e+02
-1.0560766602e+03
8.7554534912e+02
2.3012719727e+02
-4.1507397461e+02
-1.0616942139e+03
8.6951464844e+02
2.2740069580e+02
-4.1796865845e+02
-1.0650780029e+03
8.6688916016e+02
2.2077226257e+02
-4.2371627808e+02
-1.0703355713e+03
8.6047357178e+02
2.2030079651e+02
-4.2543313599e+02
-1.0712823486e+03
8.6140802002e+02
2.1355972290e+02
-4.2940164185e+02
-1.0775566406e+03
8.5297955322e+02
2.1601611328e+02
-4.3160275269e+02
-1.0741165771e+03
8.6011859131e+02
2.0745477295e+02
-4.3160931396e+02
-1.0831868896e+03
8.4834008789e+02
2.1547180176e+02
-4.3922280884e+02
-1.0760761719e+03
8.5415197754e+02
2.0619209290e+02
-4.2796405029e+02
-1.0836583252e+03
8.5415197754e+02
2.0619207764e+02
-4.2796408081e+02
-1.0836583252e+03
8.4834002686e+02
2.1547174072e+02
-4.3922286987e+02
-1.0760762939e+03
8.6011853027e+02
2.0745468140e+02
-4.3160943604e+02
-1.0831870117e+03
8.5297943115e+02
2.1601599121e+02
-4.3160287476e+02
-1.0741166992e+03
8.6140789795e+02
2.1355955505e+02
-4.2940182495e+02
-1.0775567627e+03
8.6047338867e+02
2.2030058289e+02
-4.2543334961e+02
-1.0712825928e+03
8.6688897705e+02
2.2077203369e+02
-4.2371655273e+02
-1.0703358154e+03
8.6951440430e+02
2.2740042114e+02
-4.1796893311e+02
-1.0650783691e+03
8.7554504395e+02
2.3012687683e+02
-4.1507431030e+02
-1.0616945801e+03
8.8043395996e+02
2.3682533264e+02
-4.0865643311e+02
-1.0560770264e+03
8.8660186768e+02
2.4129563904e+02
-4.0409820557e+02
-1.0507912598e+03
8.9212463379e+02
2.4713769531e+02
-3.9780038452e+02
-1.0441353760e+03
9.3869958496e+02
2.6517831421e+02
-4.0920269775e+02
-1.0855391846e+03
9.3214227295e+02
2.5916909790e+02
-4.1574121094e+02
-1.0927440186e+03
9.2586407471e+02
2.5192893982e+02
-4.2289593506e+02
-1.0994613037e+03
9.1936364746e+02
2.4751573181e+02
-4.2725311279e+02
-1.1042683105e+03
9.1492474365e+02
2.4055876160e+02
-4.3369726562e+02
-1.1100268555e+03
9.0863800049e+02
2.3823100281e+02
-4.3644210815e+02
-1.1127677002e+03
9.0703845215e+02
2.3165991211e+02
-4.4160394287e+02
-1.1184467773e+03
9.0009759521e+02
2.3174266052e+02
-4.4366418457e+02
-1.1180799561e+03
9.0268164062e+02
2.2501460266e+02
-4.4617556763e+02
-1.1253771973e+03
8.9310095215e+02
2.2888594055e+02
-4.4958154297e+02
-1.1208496094e+03
9.0026934814e+02
2.2004190063e+02
-4.4498770142e+02
-1.1288309326e+03
8.9375463867e+02
2.2714082336e+02
-4.5492147827e+02
-1.1239466553e+03
8.9375463867e+02
2.2714080811e+02
-4.5492150879e+02
-1.1239466553e+03
9.0026928711e+02
2.2004183960e+02
-4.4498776245e+02
-1.1288309326e+03
8.9310089111e+02
2.2888584900e+02
-4.4958166504e+02
-1.1208497314e+03
9.0268157959e+02
2.2501446533e+02
-4.4617568970e+02
-1.1253773193e+03
9.0009741211e+02
2.3174249268e+02
-4.4366436768e+02
-1.1180800781e+03
9.0703826904e+02
2.3165971375e+02
-4.4160418701e+02
-1.1184470215e+03
9.0863775635e+02
2.3823075867e+02
-4.3644235229e+02
-1.1127679443e+03
9.1492449951e+02
2.4055848694e+02
-4.3369757080e+02
-1.1100272217e+03
9.1936334229e+02
2.4751542664e+02
-4.2725344849e+02
-1.1042686768e+03
9.2586376953e+02
2.5192858887e+02
-4.2289633179e+02
-1.0994617920e+03
9.3214190674e+02
2.5916870117e+02
-4.1574163818e+02
-1.0927445068e+03
9.3869915771e+02
2.6517785645e+02
-4.0920318604e+02
-1.0855396729e+03
9.6738055420e+02
2.7656344604e+02
-4.1552905273e+02
-1.1109487305e+03
9.6036383057e+02
2.6889263916e+02
-4.2371032715e+02
-1.1190935059e+03
9.5333282471e+02
2.6306555176e+02
-4.2964062500e+02
-1.1253221436e+03
9.4741522217e+02
2.5566218567e+02
-4.3682125854e+02
-1.1318088379e+03
9.4088464355e+02
2.5182769775e+02
-4.4076422119e+02
-1.1359161377e+03
9.3734375000e+02
2.4512937927e+02
-4.4675347900e+02
-1.1416232910e+03
9.3092218018e+02
2.4343911743e+02
-4.4937512207e+02
-1.1433586426e+03
9.3060717773e+02
2.3720989990e+02
-4.5350369263e+02
-1.1494567871e+03
9.2322711182e+02
2.3812400818e+02
-4.5602755737e+02
-1.1475865479e+03
9.2748065186e+02
2.3122584534e+02
-4.5649401855e+02
-1.1547031250e+03
9.1925512695e+02
2.3613529968e+02
-4.6284683228e+02
-1.1502382812e+03
9.2381109619e+02
2.2860523987e+02
-4.5600158691e+02
-1.1552536621e+03
9.2381103516e+02
2.2860520935e+02
-4.5600161743e+02
-1.1552536621e+03
9.1925506592e+02
2.3613525391e+02
-4.6284689331e+02
-1.1502382812e+03
9.2748059082e+02
2.3122575378e+02
-4.5649411011e+02
-1.1547032471e+03
9.2322698975e+02
2.3812388611e+02
-4.5602770996e+02
-1.1475867920e+03
9.3060699463e+02
2.3720973206e+02
-4.5350387573e+02
-1.1494569092e+03
9.3092199707e+02
2.4343891907e+02
-4.4937533569e+02
-1.1433588867e+03
9.3734356689e+02
2.4512913513e+02
-4.4675372314e+02
-1.1416236572e+03
9.4088433838e+02
2.5182740784e+02
-4.4076452637e+02
-1.1359163818e+03
9.4741491699e+02
2.5566186523e+02
-4.3682162476e+02
-1.1318092041e+03
9.5333251953e+02
2.6306518555e+02
-4.2964102173e+02
-1.1253225098e+03
9.6036346436e+02
2.6889224243e+02
-4.2371075439e+02
-1.1190938721e+03
9.6738012695e+02
2.7656295776e+02
-4.1552951050e+02
-1.1109492188e+03
9.7737805176e+02
2.8053070068e+02
-4.1836654663e+02
-1.1198282471e+03
9.7019842529e+02
2.7351330566e+02
-4.2592010498e+02
-1.1277651367e+03
9.6323321533e+02
2.6564550781e+02
-4.3368475342e+02
-1.1350883789e+03
9.5646502686e+02
2.6054171753e+02
-4.3865576172e+02
-1.1402947998e+03
9.5145336914e+02
2.5351246643e+02
-4.4521389771e+02
-1.1463769531e+03
9.4514459229e+02
2.5036308289e+02
-4.4860827637e+02
-1.1495866699e+03
9.4280261230e+02
2.4414732361e+02
-4.5368737793e+02
-1.1552247314e+03
9.3641668701e+02
2.4318789673e+02
-4.5618893433e+02
-1.1556699219e+03
9.3754968262e+02
2.3735284424e+02
-4.5884957886e+02
-1.1619396973e+03
9.3017718506e+02
2.3941624451e+02
-4.6214755249e+02
-1.1594101562e+03
9.3427465820e+02
2.3290498352e+02
-4.5912664795e+02
-1.1654250488e+03
9.2890753174e+02
2.3830776978e+02
-4.6589395142e+02
-1.1623792725e+03
9.2890753174e+02
2.3830775452e+02
-4.6589398193e+02
-1.1623792725e+03
9.3427459717e+02
2.3290492249e+02
-4.5912670898e+02
-1.1654251709e+03
9.3017706299e+02
2.3941613770e+02
-4.6214764404e+02
-1.1594102783e+03
9.3754956055e+02
2.3735270691e+02
-4.5884973145e+02
-1.1619399414e+03
9.3641650391e+02
2.4318771362e+02
-4.5618911743e+02
-1.1556700439e+03
9.4280242920e+02
2.4414710999e+02
-4.5368762207e+02
-1.1552249756e+03
9.4514440918e+02
2.5036283875e+02
-4.4860855103e+02
-1.1495870361e+03
9.5145312500e+02
2.5351219177e+02
-4.4521420288e+02
-1.1463773193e+03
9.5646472168e+02
2.6054138184e+02
-4.3865612793e+02
-1.1402951660e+03
9.6323284912e+02
2.6564514160e+02
-4.3368515015e+02
-1.1350887451e+03
9.7019805908e+02
2.7351290894e+02
-4.2592056274e+02
-1.1277656250e+03
9.7737756348e+02
2.8053027344e+02
-4.1836703491e+02
-1.1198287354e+03
9.6874334717e+02
2.7691485596e+02
-4.1571310425e+02
-1.1120722656e+03
9.6155810547e+02
2.6921151733e+02
-4.2394833374e+02
-1.1202963867e+03
9.5468847656e+02
2.6337265015e+02
-4.2991867065e+02
-1.1264328613e+03
9.4857043457e+02
2.5613021851e+02
-4.3702780151e+02
-1.1329851074e+03
9.4221118164e+02
2.5199548340e+02
-4.4123953247e+02
-1.1371560059e+03
9.3837438965e+02
2.4574124146e+02
-4.4694793701e+02
-1.1427014160e+03
9.3239117432e+02
2.4349198914e+02
-4.4988973999e+02
-1.1447534180e+03
9.3134899902e+02
2.3798579407e+02
-4.5382632446e+02
-1.1502642822e+03
9.2513604736e+02
2.3795704651e+02
-4.5639425659e+02
-1.1495156250e+03
9.2735827637e+02
2.3251594543e+02
-4.5713394165e+02
-1.1550513916e+03
9.2153381348e+02
2.3541999817e+02
-4.6204760742e+02
-1.1523071289e+03
9.2497222900e+02
2.2936897278e+02
-4.5760812378e+02
-1.1560688477e+03
9.2497216797e+02
2.2936895752e+02
-4.5760815430e+02
-1.1560689697e+03
9.2153375244e+02
2.3541993713e+02
-4.6204769897e+02
-1.1523072510e+03
9.2735821533e+02
2.3251583862e+02
-4.5713403320e+02
-1.1550515137e+03
9.2513592529e+02
2.3795690918e+02
-4.5639440918e+02
-1.1495157471e+03
9.3134881592e+02
2.3798561096e+02
-4.5382650757e+02
-1.1502645264e+03
9.3239099121e+02
2.4349176025e+02
-4.4988998413e+02
-1.1447537842e+03
9.3837414551e+02
2.4574098206e+02
-4.4694821167e+02
-1.1427016602e+03
9.4221087646e+02
2.5199517822e+02
-4.4123983765e+02
-1.1371562500e+03
9.4857012939e+02
2.5612988281e+02
-4.3702816772e+02
-1.1329854736e+03
9.5468811035e+02
2.6337225342e+02
-4.2991906738e+02
-1.1264332275e+03
9.6155773926e+02
2.6921109009e+02
-4.2394873047e+02
-1.1202968750e+03
9.6874291992e+02
2.7691436768e+02
-4.1571353149e+02
-1.1120727539e+03
9.4094812012e+02
2.6643276978e+02
-4.1002047729e+02
-1.0877001953e+03
9.3465362549e+02
2.6039022827e+02
-4.1655050659e+02
-1.0948258057e+03
9.2798364258e+02
2.5308670044e+02
-4.2371090698e+02
-1.1018038330e+03
9.2182360840e+02
2.4828375244e+02
-4.2827435303e+02
-1.1065345459e+03
9.1699633789e+02
2.4188203430e+02
-4.3422131348e+02
-1.1122078857e+03
9.1126080322e+02
2.3861843872e+02
-4.3757247925e+02
-1.1153084717e+03
9.0875006104e+02
2.3313835144e+02
-4.4212072754e+02
-1.1203914795e+03
9.0323760986e+02
2.3173350525e+02
-4.4459695435e+02
-1.1212152100e+03
9.0346728516e+02
2.2688304138e+02
-4.4705325317e+02
-1.1263115234e+03
8.9794909668e+02
2.2780340576e+02
-4.4993551636e+02
-1.1250051270e+03
9.0018164062e+02
2.2304472351e+02
-4.4816610718e+02
-1.1294893799e+03
8.9585705566e+02
2.2717178345e+02
-4.5306427002e+02
-1.1273204346e+03
8.9585705566e+02
2.2717176819e+02
-4.5306430054e+02
-1.1273204346e+03
9.0018157959e+02
2.2304466248e+02
-4.4816616821e+02
-1.1294895020e+03
8.9794897461e+02
2.2780329895e+02
-4.4993560791e+02
-1.1250052490e+03
9.0346716309e+02
2.2688290405e+02
-4.4705340576e+02
-1.1263116455e+03
9.0323748779e+02
2.3173332214e+02
-4.4459713745e+02
-1.1212154541e+03
9.0874987793e+02
2.3313813782e+02
-4.4212097168e+02
-1.1203917236e+03
9.1126055908e+02
2.3861817932e+02
-4.3757275391e+02
-1.1153087158e+03
9.1699603271e+02
2.4188172913e+02
-4.3422164917e+02
-1.1122082520e+03
9.2182324219e+02
2.4828340149e+02
-4.2827474976e+02
-1.1065349121e+03
9.2798327637e+02
2.5308634949e+02
-4.2371133423e+02
-1.1018043213e+03
9.3465325928e+02
2.6038983154e+02
-4.1655096436e+02
-1.0948262939e+03
9.4094769287e+02
2.6643237305e+02
-4.1002099609e+02
-1.0877006836e+03
8.9614715576e+02
2.4806520081e+02
-3.9833660889e+02
-1.0473721924e+03
8.9008203125e+02
2.4209584045e+02
-4.0483737183e+02
-1.0543054199e+03
8.8441540527e+02
2.3763063049e+02
-4.0948013306e+02
-1.0592650146e+03
8.7894293213e+02
2.3145036316e+02
-4.1566357422e+02
-1.0650742188e+03
8.7341748047e+02
2.2780859375e+02
-4.1939538574e+02
-1.0686612549e+03
8.6990148926e+02
2.2253855896e+02
-4.2428295898e+02
-1.0734434814e+03
8.6479943848e+02
2.2036082458e+02
-4.2698757935e+02
-1.0753201904e+03
8.6354199219e+02
2.1584323120e+02
-4.3035983276e+02
-1.0798737793e+03
8.5860729980e+02
2.1541464233e+02
-4.3264794922e+02
-1.0797104492e+03
8.5959765625e+02
2.1130145264e+02
-4.3345883179e+02
-1.0838676758e+03
8.5551293945e+02
2.1295547485e+02
-4.3702539062e+02
-1.0821968994e+03
8.5814941406e+02
2.0814340210e+02
-4.3392572021e+02
-1.0851788330e+03
8.5814941406e+02
2.0814338684e+02
-4.3392575073e+02
-1.0851788330e+03
8.5551287842e+02
2.1295541382e+02
-4.3702548218e+02
-1.0821970215e+03
8.5959759521e+02
2.1130134583e+02
-4.3345895386e+02
-1.0838677979e+03
8.5860717773e+02
2.1541448975e+02
-4.3264810181e+02
-1.0797106934e+03
8.6354180908e+02
2.1584303284e+02
-4.3036001587e+02
-1.0798740234e+03
8.6479925537e+02
2.2036059570e+02
-4.2698782349e+02
-1.0753204346e+03
8.6990124512e+02
2.2253826904e+02
-4.2428323364e+02
-1.0734438477e+03
8.7341717529e+02
2.2780825806e+02
-4.1939572144e+02
-1.0686616211e+03
8.7894262695e+02
2.3144999695e+02
-4.1566397095e+02
-1.0650747070e+03
8.8441503906e+02
2.3763020325e+02
-4.0948056030e+02
-1.0592655029e+03
8.9008166504e+02
2.4209538269e+02
-4.0483779907e+02
-1.0543060303e+03
8.9614672852e+02
2.4806468201e+02
-3.9833703613e+02
-1.0473728027e+03
8.3309204102e+02
2.2480070496e+02
-3.8447161865e+02
-9.9190325928e+02
8.2905932617e+02
2.2152593994e+02
-3.8811416626e+02
-9.9679339600e+02
8.2352722168e+02
2.1577534485e+02
-3.9365802002e+02
-1.0026643066e+03
8.1871697998e+02
2.1209757996e+02
-3.9694500732e+02
-1.0061725464e+03
8.1475378418e+02
2.0694389343e+02
-4.0161712646e+02
-1.0107760010e+03
8.1011883545e+02
2.0417420959e+02
-4.0432144165e+02
-1.0132528076e+03
8.0795208740e+02
1.9977328491e+02
-4.0793240356e+02
-1.0173489380e+03
8.0359118652e+02
1.9841937256e+02
-4.0997958374e+02
-1.0181366577e+03
8.0342303467e+02
1.9465393066e+02
-4.1195111084e+02
-1.0219901733e+03
7.9948632812e+02
1.9497299194e+02
-4.1418652344e+02
-1.0213226929e+03
8.0064971924e+02
1.9163262939e+02
-4.1323074341e+02
-1.0245372314e+03
7.9720001221e+02
1.9485554504e+02
-4.1689657593e+02
-1.0228203735e+03
7.9720001221e+02
1.9485551453e+02
-4.1689660645e+02
-1.0228204346e+03
8.0064965820e+02
1.9163256836e+02
-4.1323080444e+02
-1.0245373535e+03
7.9948620605e+02
1.9497288513e+02
-4.1418664551e+02
-1.0213228149e+03
8.0342291260e+02
1.9465379333e+02
-4.1195129395e+02
-1.0219903564e+03
8.0359100342e+02
1.9841918945e+02
-4.0997979736e+02
-1.0181369019e+03
8.0795184326e+02
1.9977305603e+02
-4.0793267822e+02
-1.0173492432e+03
8.1011859131e+02
2.0417393494e+02
-4.0432174683e+02
-1.0132531738e+03
8.1475347900e+02
2.0694360352e+02
-4.0161749268e+02
-1.0107764282e+03
8.1871661377e+02
2.1209724426e+02
-3.9694540405e+02
-1.0061729736e+03
8.2352685547e+02
2.1577499390e+02
-3.9365850830e+02
-1.0026647949e+03
8.2905889893e+02
2.2152555847e+02
-3.8811468506e+02
-9.9679394531e+02
8.3309155273e+02
2.2480033875e+02
-3.8447219849e+02
-9.9190374756e+02
7.5719427490e+02
1.9356045532e+02
-3.6402377319e+02
-9.2205883789e+02
7.5310363770e+02
1.9053378296e+02
-3.6760122681e+02
-9.2681072998e+02
7.4942761230e+02
1.8853720093e+02
-3.6983953857e+02
-9.2970031738e+02
7.4527642822e+02
1.8415136719e+02
-3.7442718506e+02
-9.3413519287e+02
7.4106481934e+02
1.8159509277e+02
-3.7715615845e+02
-9.3669921875e+02
7.3832739258e+02
1.7771061707e+02
-3.8083938599e+02
-9.4029827881e+02
7.3442376709e+02
1.7607983398e+02
-3.8290325928e+02
-9.4163116455e+02
7.3335064697e+02
1.7275505066e+02
-3.8544171143e+02
-9.4499395752e+02
7.2974151611e+02
1.7234335327e+02
-3.8719122314e+02
-9.4496881104e+02
7.3010626221e+02
1.6946597290e+02
-3.8788348389e+02
-9.4787579346e+02
7.2736926270e+02
1.7038128662e+02
-3.9028292847e+02
-9.4681842041e+02
7.2949182129e+02
1.6659129333e+02
-3.8794583130e+02
-9.4919201660e+02
7.2949182129e+02
1.6659126282e+02
-3.8794586182e+02
-9.4919201660e+02
7.2736920166e+02
1.7038122559e+02
-3.9028298950e+02
-9.4681848145e+02
7.3010614014e+02
1.6946585083e+02
-3.8788360596e+02
-9.4787591553e+02
7.2974139404e+02
1.7234320068e+02
-3.8719140625e+02
-9.4496899414e+02
7.3335046387e+02
1.7275483704e+02
-3.8544192505e+02
-9.4499420166e+02
7.3442352295e+02
1.7607957458e+02
-3.8290350342e+02
-9.4163146973e+02
7.3832714844e+02
1.7771031189e+02
-3.8083969116e+02
-9.4029864502e+02
7.4106451416e+02
1.8159474182e+02
-3.7715649414e+02
-9.3669958496e+02
7.4527612305e+02
1.8415097046e+02
-3.7442755127e+02
-9.3413568115e+02
7.4942724609e+02
1.8853672791e+02
-3.6983996582e+02
-9.2970080566e+02
7.5310333252e+02
1.9053327942e+02
-3.6760165405e+02
-9.2681127930e+02
7.5719384766e+02
1.9355987549e+02
-3.6402416992e+02
-9.2205944824e+02
6.6425305176e+02
1.6083741760e+02
-3.4267074585e+02
-8.4022363281e+02
6.6344091797e+02
1.6156668091e+02
-3.4207077026e+02
-8.4179168701e+02
6.5954974365e+02
1.5788716125e+02
-3.4546231079e+02
-8.4622204590e+02
6.5646820068e+02
1.5573489380e+02
-3.4702423096e+02
-8.4814746094e+02
6.5379864502e+02
1.5218760681e+02
-3.4999777222e+02
-8.5125054932e+02
6.5059918213e+02
1.5029580688e+02
-3.5165939331e+02
-8.5276757812e+02
6.4912487793e+02
1.4717253113e+02
-3.5407879639e+02
-8.5562054443e+02
6.4607116699e+02
1.4618875122e+02
-3.5543746948e+02
-8.5608520508e+02
6.4587573242e+02
1.4353840637e+02
-3.5676834106e+02
-8.5872039795e+02
6.4330627441e+02
1.4361988831e+02
-3.5825469971e+02
-8.5831414795e+02
6.4389813232e+02
1.4146699524e+02
-3.5774191284e+02
-8.6047106934e+02
6.4115802002e+02
1.4408673096e+02
-3.6051953125e+02
-8.5900860596e+02
6.4115802002e+02
1.4408670044e+02
-3.6051956177e+02
-8.5900860596e+02
6.4389807129e+02
1.4146693420e+02
-3.5774197388e+02
-8.6047113037e+02
6.4330615234e+02
1.4361978149e+02
-3.5825485229e+02
-8.5831433105e+02
6.4587561035e+02
1.4353825378e+02
-3.5676852417e+02
-8.5872058105e+02
6.4607098389e+02
1.4618856812e+02
-3.5543771362e+02
-8.5608544922e+02
6.4912463379e+02
1.4717230225e+02
-3.5407910156e+02
-8.5562078857e+02
6.5059887695e+02
1.5029554749e+02
-3.5165972900e+02
-8.5276794434e+02
6.5379833984e+02
1.5218730164e+02
-3.4999816895e+02
-8.5125097656e+02
6.5646783447e+02
1.5573455811e+02
-3.4702468872e+02
-8.4814794922e+02
6.5954937744e+02
1.5788682556e+02
-3.4546279907e+02
-8.4622253418e+02
6.6344042969e+02
1.6156629944e+02
-3.4207135010e+02
-8.4179223633e+02
6.6425256348e+02
1.6083709717e+02
-3.4267135620e+02
-8.4022418213e+02
5.6525872803e+02
1.1967156219e+02
-3.1397360229e+02
-7.4547937012e+02
5.6328997803e+02
1.1984062958e+02
-3.1451211548e+02
-7.4805731201e+02
5.6192315674e+02
1.2084965515e+02
-3.1382220459e+02
-7.4835083008e+02
5.5951245117e+02
1.1872885895e+02
-3.1639678955e+02
-7.5098858643e+02
5.5683807373e+02
1.1756580353e+02
-3.1791055298e+02
-7.5238391113e+02
5.5507836914e+02
1.1521774292e+02
-3.2028292847e+02
-7.5468438721e+02
5.5246423340e+02
1.1435069275e+02
-3.2156243896e+02
-7.5535394287e+02
5.5176837158e+02
1.1225827789e+02
-3.2319757080e+02
-7.5750689697e+02
5.4941418457e+02
1.1208496857e+02
-3.2430398560e+02
-7.5736840820e+02
5.4951129150e+02
1.1032157898e+02
-3.2477429199e+02
-7.5917352295e+02
5.4785119629e+02
1.1080628967e+02
-3.2622229004e+02
-7.5843060303e+02
5.4968487549e+02
1.0782297516e+02
-3.2432705688e+02
-7.6028460693e+02
5.4968487549e+02
1.0782295227e+02
-3.2432708740e+02
-7.6028466797e+02
5.4785113525e+02
1.1080621338e+02
-3.2622235107e+02
-7.5843066406e+02
5.4951123047e+02
1.1032146454e+02
-3.2477441406e+02
-7.5917370605e+02
5.4941406250e+02
1.1208480835e+02
-3.2430416870e+02
-7.5736859131e+02
5.5176818848e+02
1.1225805664e+02
-3.2319778442e+02
-7.5750720215e+02
5.5246405029e+02
1.1435042572e+02
-3.2156271362e+02
-7.5535424805e+02
5.5507818604e+02
1.1521743011e+02
-3.2028323364e+02
-7.5468475342e+02
5.5683776855e+02
1.1756542969e+02
-3.1791091919e+02
-7.5238433838e+02
5.5951214600e+02
1.1872841644e+02
-3.1639718628e+02
-7.5098907471e+02
5.6192272949e+02
1.2084912872e+02
-3.1382260132e+02
-7.4835131836e+02
5.6328967285e+02
1.1984007263e+02
-3.1451254272e+02
-7.4805792236e+02
5.6525830078e+02
1.1967087555e+02
-3.1397396851e+02
-7.4547998047e+02
4.4937240601e+02
8.1742767334e+01
-2.8617095947e+02
-6.4379388428e+02
4.5222659302e+02
8.7071601868e+01
-2.8045617676e+02
-6.4115783691e+02
4.5010745239e+02
8.5474273682e+01
-2.8167117310e+02
-6.4429479980e+02
4.4856045532e+02
8.4603507996e+01
-2.8174005127e+02
-6.4495391846e+02
4.4711798096e+02
8.2520408630e+01
-2.8307406616e+02
-6.4658935547e+02
4.4530200195e+02
8.1497901917e+01
-2.8365609741e+02
-6.4712097168e+02
4.4456152344e+02
7.9581703186e+01
-2.8488684082e+02
-6.4871875000e+02
4.4274652100e+02
7.9034194946e+01
-2.8551196289e+02
-6.4876672363e+02
4.4266799927e+02
7.7390853882e+01
-2.8621435547e+02
-6.5032708740e+02
4.4123645020e+02
7.7392005920e+01
-2.8699398804e+02
-6.5000512695e+02
4.4149880981e+02
7.6208724976e+01
-2.8669656372e+02
-6.5133447266e+02
4.3926223755e+02
7.8444625854e+01
-2.8882757568e+02
-6.5005072021e+02
4.3926223755e+02
7.8444602966e+01
-2.8882760620e+02
-6.5005078125e+02
4.4149874878e+02
7.6208663940e+01
-2.8669665527e+02
-6.5133453369e+02
4.4123632812e+02
7.7391899109e+01
-2.8699411011e+02
-6.5000531006e+02
4.4266784668e+02
7.7390708923e+01
-2.8621456909e+02
-6.5032727051e+02
4.4274630737e+02
7.9034004211e+01
-2.8551220703e+02
-6.4876696777e+02
4.4456127930e+02
7.9581481934e+01
-2.8488714600e+02
-6.4871905518e+02
4.4530172729e+02
8.1497642517e+01
-2.8365646362e+02
-6.4712133789e+02
4.4711767578e+02
8.2520133972e+01
-2.8307449341e+02
-6.4658978271e+02
4.4856011963e+02
8.4603210449e+01
-2.8174053955e+02
-6.4495440674e+02
4.5010711670e+02
8.5473983765e+01
-2.8167175293e+02
-6.4429534912e+02
4.5222607422e+02
8.7071273804e+01
-2.8045684814e+02
-6.4115838623e+02
4.4937194824e+02
8.1742576599e+01
-2.8617172241e+02
-6.4379455566e+02
3.3759960938e+02
3.5218616486e+01
-2.4849502563e+02
-5.2810058594e+02
3.3687316895e+02
3.7465412140e+01
-2.4757165527e+02
-5.3013604736e+02
3.3714443970e+02
4.0908611298e+01
-2.4453384399e+02
-5.2815374756e+02
3.3637200928e+02
4.1022094727e+01
-2.4507392883e+02
-5.2882183838e+02
3.3508990479e+02
4.1176143646e+01
-2.4551657104e+02
-5.2920068359e+02
3.3413485718e+02
4.0129890442e+01
-2.4688043213e+02
-5.3052661133e+02
3.3251739502e+02
3.9802124023e+01
-2.4769892883e+02
-5.3091088867e+02
3.3199374390e+02
3.8582805634e+01
-2.4881546021e+02
-5.3233447266e+02
3.3051718140e+02
3.8451507568e+01
-2.4959016418e+02
-5.3232305908e+02
3.3031051636e+02
3.7432853699e+01
-2.5006336975e+02
-5.3348254395e+02
3.2939834595e+02
3.7501579285e+01
-2.5094502258e+02
-5.3306298828e+02
3.3109213257e+02
3.5038120270e+01
-2.4938507080e+02
-5.3455688477e+02
3.3109213257e+02
3.5038101196e+01
-2.4938510132e+02
-5.3455694580e+02
3.2939831543e+02
3.7501518250e+01
-2.5094509888e+02
-5.3306311035e+02
3.3031048584e+02
3.7432746887e+01
-2.5006350708e+02
-5.3348278809e+02
3.3051712036e+02
3.8451358795e+01
-2.4959036255e+02
-5.3232330322e+02
3.3199365234e+02
3.8582603455e+01
-2.4881570435e+02
-5.3233483887e+02
3.3251727295e+02
3.9801864624e+01
-2.4769923401e+02
-5.3091125488e+02
3.3413467407e+02
4.0129566193e+01
-2.4688078308e+02
-5.3052709961e+02
3.3508966064e+02
4.1175750732e+01
-2.4551695251e+02
-5.2920117188e+02
3.3637176514e+02
4.1021625519e+01
-2.4507434082e+02
-5.2882238770e+02
3.3714416504e+02
4.0908061981e+01
-2.4453427124e+02
-5.2815435791e+02
3.3687304688e+02
3.7464824677e+01
-2.4757205200e+02
-5.3013684082e+02
3.3759927368e+02
3.5217792511e+01
-2.4849537659e+02
-5.2810131836e+02
2.0757661438e+02
-3.1366500854e+00
-2.1567288208e+02
-4.1340783691e+02
2.1378480530e+02
6.6054420471e+00
-2.0435682678e+02
-4.0566247559e+02
2.1329856873e+02
6.7580466270e+00
-2.0372213745e+02
-4.0804995728e+02
2.1218786621e+02
5.9401512146e+00
-2.0370036316e+02
-4.0908642578e+02
2.1065650940e+02
3.9389908314e+00
-2.0476046753e+02
-4.1065042114e+02
2.0889270020e+02
2.5800826550e+00
-2.0536250305e+02
-4.1122683716e+02
2.0778559875e+02
8.1761264801e-01
-2.0626318359e+02
-4.1227404785e+02
2.0622596741e+02
-5.5943485349e-03
-2.0670663452e+02
-4.1222793579e+02
2.0566682434e+02
-1.2587379217e+00
-2.0716081238e+02
-4.1301043701e+02
2.0474099731e+02
-1.5960288048e+00
-2.0749545288e+02
-4.1268917847e+02
2.0446730042e+02
-2.2059493065e+00
-2.0737316895e+02
-4.1337490845e+02
2.0230110168e+02
-2.9344415665e-01
-2.0909642029e+02
-4.1223913574e+02
2.0230111694e+02
-2.9345324636e-01
-2.0909645081e+02
-4.1223919678e+02
2.0446734619e+02
-2.2059757710e+00
-2.0737329102e+02
-4.1337512207e+02
2.0474108887e+02
-1.5960701704e+00
-2.0749565125e+02
-4.1268951416e+02
2.0566693115e+02
-1.2587949038e+00
-2.0716108704e+02
-4.1301089478e+02
2.0622612000e+02
-5.6632007472e-03
-2.0670698547e+02
-4.1222851562e+02
2.0778575134e+02
8.1753331423e-01
-2.0626361084e+02
-4.1227474976e+02
2.0889286804e+02
2.5799915791e+00
-2.0536300659e+02
-4.1122766113e+02
2.1065666199e+02
3.9388897419e+00
-2.0476106262e+02
-4.1065133667e+02
2.1218792725e+02
5.9400343895e+00
-2.0370101929e+02
-4.0908737183e+02
2.1329850769e+02
6.7579150200e+00
-2.0372285461e+02
-4.0805093384e+02
2.1378448486e+02
6.6052803993e+00
-2.0435763550e+02
-4.0566336060e+02
2.0757649231e+02
-3.1365628242e+00
-2.1567378235e+02
-4.1340884399e+02
9.7351387024e+01
-4.5198013306e+01
-1.6328498840e+02
-2.7819100952e+02
9.3544250488e+01
-4.5611175537e+01
-1.6665805054e+02
-2.8572473145e+02
9.0382125854e+01
-4.4554580688e+01
-1.6585250854e+02
-2.8538079834e+02
8.8065467834e+01
-4.4938606262e+01
-1.6635839844e+02
-2.8525897217e+02
8.6503128052e+01
-4.4726791382e+01
-1.6648851013e+02
-2.8481878662e+02
8.5816337585e+01
-4.4853958130e+01
-1.6696614075e+02
-2.8500793457e+02
8.5259529114e+01
-4.4429710388e+01
-1.6710231018e+02
-2.8483483887e+02
8.5409698486e+01
-4.4418266296e+01
-1.6742408752e+02
-2.8541116333e+02
8.5274345398e+01
-4.3979381561e+01
-1.6757019043e+02
-2.8533316040e+02
8.5384956360e+01
-4.3908805847e+01
-1.6775262451e+02
-2.8596166992e+02
8.5576690674e+01
-4.3734302521e+01
-1.6799858093e+02
-2.8569921875e+02
8.7711692810e+01
-4.5610877991e+01
-1.6648240662e+02
-2.8681872559e+02
8.7711685181e+01
-4.5610904694e+01
-1.6648245239e+02
-2.8681875610e+02
8.5576675415e+01
-4.3734375000e+01
-1.6799867249e+02
-2.8569934082e+02
8.5384941101e+01
-4.3908920288e+01
-1.6775279236e+02
-2.8596185303e+02
8.5274337769e+01
-4.3979537964e+01
-1.6757041931e+02
-2.8533346558e+02
8.5409736633e+01
-4.4418457031e+01
-1.6742439270e+02
-2.8541162109e+02
8.5259635925e+01
-4.4429927826e+01
-1.6710269165e+02
-2.8483544922e+02
8.5816566467e+01
-4.4854190826e+01
-1.6696661377e+02
-2.8500875854e+02
8.6503540039e+01
-4.4727027893e+01
-1.6648907471e+02
-2.8481985474e+02
8.8066139221e+01
-4.4938827515e+01
-1.6635906982e+02
-2.8526037598e+02
9.0383094788e+01
-4.4554782867e+01
-1.6585327148e+02
-2.8538259888e+02
9.3545555115e+01
-4.5611354828e+01
-1.6665887451e+02
-2.8572695923e+02
9.7352508545e+01
-4.5198413849e+01
-1.6328584290e+02
-2.7819332886e+02
-8.4587882996e+01
-1.1063135529e+02
-1.3954627991e+02
-1.4658380127e+02
-7.6783256531e+01
-9.9847221375e+01
-1.2474433899e+02
-1.3447506714e+02
-6.6634681702e+01
-9.2892692566e+01
-1.2029409027e+02
-1.3706530762e+02
-5.5623477936e+01
-8.6806533813e+01
-1.1889512634e+02
-1.4261927795e+02
-4.5391292572e+01
-8.2089569092e+01
-1.1914118958e+02
-1.4965545654e+02
-3.6367752075e+01
-7.7930694580e+01
-1.1980844879e+02
-1.5625457764e+02
-2.8504127502e+01
-7.4783218384e+01
-1.2085824585e+02
-1.6260551453e+02
-2.2165307999e+01
-7.2010231018e+01
-1.2176261902e+02
-1.6764540100e+02
-1.7007917404e+01
-7.0023834229e+01
-1.2268210602e+02
-1.7216996765e+02
-1.2970073700e+01
-6.8587394714e+01
-1.2332392883e+02
-1.7515447998e+02
-1.0834256172e+01
-6.7613494873e+01
-1.2388848877e+02
-1.7774415588e+02
-1.1960122108e+01
-6.5405563354e+01
-1.2575214386e+02
-1.7805935669e+02
-1.1960195541e+01
-6.5405578613e+01
-1.2575210571e+02
-1.7805924988e+02
-1.0834481239e+01
-6.7613548279e+01
-1.2388836670e+02
-1.7774383545e+02
-1.2970458031e+01
-6.8587478638e+01
-1.2332372284e+02
-1.7515394592e+02
-1.7008470535e+01
-7.0023956299e+01
-1.2268180847e+02
-1.7216920471e+02
-2.2166048050e+01
-7.2010398865e+01
-1.2176223755e+02
-1.6764437866e+02
-2.8505073547e+01
-7.4783447266e+01
-1.2085778809e+02
-1.6260424805e+02
-3.6368930817e+01
-7.7930992126e+01
-1.1980792236e+02
-1.5625303650e+02
-4.5392715454e+01
-8.2089942932e+01
-1.1914058685e+02
-1.4965361023e+02
-5.5625171661e+01
-8.6806999207e+01
-1.1889448547e+02
-1.4261712646e+02
-6.6636611938e+01
-9.2893264771e+01
-1.2029341888e+02
-1.3706289673e+02
-7.6785453796e+01
-9.9847877502e+01
-1.2474373627e+02
-1.3447236633e+02
-8.4589630127e+01
-1.1063177490e+02
-1.3954611206e+02
-1.4658152771e+02
