-5.2486110687e+01
-2.0183961868e+01
1.6130586624e+01
5.3738094330e+01
-5.7482875824e+01
-2.9045972824e+01
8.2808876038e+00
4.7380050659e+01
-6.5931678772e+01
-2.7266372681e+01
7.2478699684e+00
4.3877460480e+01
-6.6802680969e+01
-4.5099563599e+01
-4.0118532181e+00
3.8760578156e+01
-8.1430412292e+01
-2.9892868042e+01
2.2776308060e+00
3.8007389069e+01
-7.5698348999e+01
-7.1440132141e+01
-2.1205480576e+01
3.0359806061e+01
-1.1134607697e+02
-2.6657299042e+01
-2.3390407562e+00
2.8888786316e+01
-8.8812072754e+01
-1.3445437622e+02
-6.1575546265e+01
1.1840406418e+01
-1.8981370544e+02
-8.3428058624e+00
-7.1738872528e+00
2.8797432780e-01
-1.1404861450e+02
-3.2594677734e+02
-1.9197753906e+02
-2.9802198410e+01
-4.2482977295e+02
9.6137115479e+01
1.2141755819e+00
-1.1945456696e+02
-1.6970803833e+02
-1.6183400879e+03
-1.0491673584e+03
2.9921983719e+01
-1.6970806885e+02
-1.6183402100e+03
-1.0491674805e+03
2.9922065735e+01
-4.2482977295e+02
9.6137138367e+01
1.2141748667e+00
-1.1945457458e+02
-1.1404862213e+02
-3.2594683838e+02
-1.9197753906e+02
-2.9802200317e+01
-1.8981372070e+02
-8.3427972794e+00
-7.1738901138e+00
2.8798931837e-01
-8.8812065125e+01
-1.3445437622e+02
-6.1575542450e+01
1.1840405464e+01
-1.1134608459e+02
-2.6657293320e+01
-2.3390405178e+00
2.8888792038e+01
-7.5698341370e+01
-7.1440132141e+01
-2.1205478668e+01
3.0359804153e+01
-8.1430404663e+01
-2.9892860413e+01
2.2776319981e+00
3.8007389069e+01
-6.6802665710e+01
-4.5099559784e+01
-4.0118513107e+00
3.8760574341e+01
-6.5931663513e+01
-2.7266365051e+01
7.2478713989e+00
4.3877460480e+01
-5.7482860565e+01
-2.9045965195e+01
8.2808895111e+00
4.7380043030e+01
-5.2486095428e+01
-2.0183952332e+01
1.6130588531e+01
5.3738086700e+01
-2.0462028503e+02
-8.8754280090e+01
3.6254703522e+01
1.6668592834e+02
-2.1698454285e+02
-9.6467514038e+01
2.6770256042e+01
1.5361320496e+02
-2.2793492126e+02
-1.1434748077e+02
1.1110217094e+01
1.4386871338e+02
-2.4552937317e+02
-1.1498056793e+02
9.3585681915e+00
1.3476715088e+02
-2.5519456482e+02
-1.4821795654e+02
-1.6835350037e+01
1.2553061676e+02
-2.8510647583e+02
-1.3350997925e+02
-8.5601835251e+00
1.1343101501e+02
-2.9021707153e+02
-2.0584786987e+02
-6.2069217682e+01
1.0016100311e+02
-3.5328610229e+02
-1.4753941345e+02
-2.8865598679e+01
7.6879432678e+01
-3.3417919922e+02
-3.2573449707e+02
-1.5316244507e+02
5.7051811218e+01
-4.8833050537e+02
-1.1180242157e+02
-2.5757038116e+01
2.0463981628e+00
-3.4459902954e+02
-6.5427770996e+02
-3.7621896362e+02
2.1253431320e+01
-6.7066589355e+02
5.1744580078e+02
3.2994039917e+02
-1.6356697083e+02
-6.7066589355e+02
5.1744580078e+02
3.2994046021e+02
-1.6356701660e+02
-3.4459902954e+02
-6.5427777100e+02
-3.7621899414e+02
2.1253459930e+01
-4.8833053589e+02
-1.1180242157e+02
-2.5757038116e+01
2.0464084148e+00
-3.3417919922e+02
-3.2573449707e+02
-1.5316246033e+02
5.7051815033e+01
-3.5328613281e+02
-1.4753941345e+02
-2.8865600586e+01
7.6879447937e+01
-2.9021707153e+02
-2.0584788513e+02
-6.2069221497e+01
1.0016100311e+02
-2.8510644531e+02
-1.3350996399e+02
-8.5601844788e+00
1.1343101501e+02
-2.5519454956e+02
-1.4821795654e+02
-1.6835350037e+01
1.2553060913e+02
-2.4552935791e+02
-1.1498056030e+02
9.3585672379e+00
1.3476713562e+02
-2.2793489075e+02
-1.1434746552e+02
1.1110216141e+01
1.4386869812e+02
-2.1698451233e+02
-9.6467506409e+01
2.6770256042e+01
1.5361318970e+02
-2.0462025452e+02
-8.8754264832e+01
3.6254707336e+01
1.6668591309e+02
-3.9868084717e+02
-1.8659474182e+02
3.3766765594e+01
2.6148217773e+02
-4.0083856201e+02
-1.9010314941e+02
2.9734722137e+01
2.5745016479e+02
-4.1045050049e+02
-1.8935084534e+02
3.0122091293e+01
2.5094427490e+02
-4.1711111450e+02
-2.0901910400e+02
1.2928118706e+01
2.4477052307e+02
-4.3368545532e+02
-1.9982743835e+02
2.0205163956e+01
2.3565702820e+02
-4.3550164795e+02
-2.4013484192e+02
-1.3542030334e+01
2.3002853394e+02
-4.6195397949e+02
-1.9979203796e+02
1.7353841782e+01
2.1789843750e+02
-4.4047927856e+02
-2.8750219727e+02
-5.0707248688e+01
2.2044898987e+02
-4.9000912476e+02
-1.4949868774e+02
5.1058658600e+01
2.0507937622e+02
-3.8344030762e+02
-3.7781823730e+02
-1.1036890411e+02
2.4378211975e+02
-5.1014242554e+02
1.2389197540e+02
2.3690513611e+02
2.0652986145e+02
-2.1967512512e+02
-7.1122308350e+02
-2.5957742310e+02
3.5519982910e+02
-2.1967512512e+02
-7.1122314453e+02
-2.5957754517e+02
3.5519985962e+02
-5.1014242554e+02
1.2389204407e+02
2.3690518188e+02
2.0652986145e+02
-3.8344027710e+02
-3.7781823730e+02
-1.1036891937e+02
2.4378211975e+02
-4.9000912476e+02
-1.4949867249e+02
5.1058662415e+01
2.0507937622e+02
-4.4047927856e+02
-2.8750222778e+02
-5.0707252502e+01
2.2044897461e+02
-4.6195397949e+02
-1.9979203796e+02
1.7353839874e+01
2.1789843750e+02
-4.3550164795e+02
-2.4013484192e+02
-1.3542035103e+01
2.3002853394e+02
-4.3368545532e+02
-1.9982742310e+02
2.0205160141e+01
2.3565701294e+02
-4.1711108398e+02
-2.0901910400e+02
1.2928115845e+01
2.4477052307e+02
-4.1045046997e+02
-1.8935083008e+02
3.0122089386e+01
2.5094425964e+02
-4.0083853149e+02
-1.9010313416e+02
2.9734722137e+01
2.5745013428e+02
-3.9868081665e+02
-1.8659472656e+02
3.3766769409e+01
2.6148217773e+02
-5.5721276855e+02
-2.6140505981e+02
4.4490058899e+01
3.5965441895e+02
-5.5417974854e+02
-2.5170941162e+02
5.3979251862e+01
3.6336419678e+02
-5.5244879150e+02
-2.5605990601e+02
5.0114696503e+01
3.6424069214e+02
-5.5627551270e+02
-2.4518746948e+02
6.0174785614e+01
3.6255187988e+02
-5.5246661377e+02
-2.6435775757e+02
4.2845836639e+01
3.6350317383e+02
-5.6147418213e+02
-2.3537596130e+02
6.8489402771e+01
3.5961157227e+02
-5.4657159424e+02
-2.8260000610e+02
2.7806396484e+01
3.6619717407e+02
-5.6989593506e+02
-2.0347465515e+02
9.4305267334e+01
3.5674203491e+02
-5.2577331543e+02
-3.3330151367e+02
-1.0190712929e+01
3.7776986694e+02
-6.0870599365e+02
-1.1376957703e+02
1.6044953918e+02
3.4235345459e+02
-4.9668154907e+02
-5.5366955566e+02
-1.6261645508e+02
3.9108041382e+02
-7.4002465820e+02
4.6692298889e+01
1.9906701660e+02
2.7599844360e+02
-7.4002465820e+02
4.6692314148e+01
1.9906706238e+02
2.7599841309e+02
-4.9668151855e+02
-5.5366961670e+02
-1.6261650085e+02
3.9108041382e+02
-6.0870599365e+02
-1.1376954651e+02
1.6044953918e+02
3.4235345459e+02
-5.2577331543e+02
-3.3330151367e+02
-1.0190721512e+01
3.7776986694e+02
-5.6989587402e+02
-2.0347463989e+02
9.4305267334e+01
3.5674203491e+02
-5.4657159424e+02
-2.8260000610e+02
2.7806390762e+01
3.6619714355e+02
-5.6147412109e+02
-2.3537594604e+02
6.8489402771e+01
3.5961154175e+02
-5.5246655273e+02
-2.6435775757e+02
4.2845832825e+01
3.6350317383e+02
-5.5627551270e+02
-2.4518745422e+02
6.0174785614e+01
3.6255184937e+02
-5.5244873047e+02
-2.5605987549e+02
5.0114696503e+01
3.6424069214e+02
-5.5417968750e+02
-2.5170939636e+02
5.3979251862e+01
3.6336419678e+02
-5.5721276855e+02
-2.6140505981e+02
4.4490058899e+01
3.5965441895e+02
-6.7792395020e+02
-2.9699523926e+02
9.0191329956e+01
4.8441769409e+02
-6.7617968750e+02
-2.9606906128e+02
9.1239921570e+01
4.8577972412e+02
-6.7798748779e+02
-2.8849191284e+02
9.8639129639e+01
4.8506793213e+02
-6.7573553467e+02
-2.9944021606e+02
8.8249008179e+01
4.8585128784e+02
-6.8130548096e+02
-2.8209405518e+02
1.0458719635e+02
4.8298425293e+02
-6.7491229248e+02
-3.1198565674e+02
7.6892524719e+01
4.8578427124e+02
-6.9030914307e+02
-2.6802505493e+02
1.1680543518e+02
4.7713235474e+02
-6.7177838135e+02
-3.4557809448e+02
4.7852840424e+01
4.8652157593e+02
-7.1476452637e+02
-2.2699600220e+02
1.4913160706e+02
4.6066235352e+02
-6.5307788086e+02
-4.3650964355e+02
-2.4337289810e+01
4.9073736572e+02
-7.5658911133e+02
-6.7906829834e+01
2.5915042114e+02
4.3460476685e+02
-5.6226409912e+02
-5.0086593628e+02
-6.9205131531e+00
5.1991918945e+02
-5.6226409912e+02
-5.0086596680e+02
-6.9205856323e+00
5.1991918945e+02
-7.5658911133e+02
-6.7906784058e+01
2.5915048218e+02
4.3460476685e+02
-6.5307788086e+02
-4.3650967407e+02
-2.4337310791e+01
4.9073736572e+02
-7.1476452637e+02
-2.2699598694e+02
1.4913160706e+02
4.6066235352e+02
-6.7177838135e+02
-3.4557809448e+02
4.7852832794e+01
4.8652154541e+02
-6.9030908203e+02
-2.6802502441e+02
1.1680543518e+02
4.7713235474e+02
-6.7491223145e+02
-3.1198565674e+02
7.6892524719e+01
4.8578424072e+02
-6.8130548096e+02
-2.8209402466e+02
1.0458719635e+02
4.8298425293e+02
-6.7573547363e+02
-2.9944021606e+02
8.8249008179e+01
4.8585128784e+02
-6.7798748779e+02
-2.8849191284e+02
9.8639129639e+01
4.8506793213e+02
-6.7617968750e+02
-2.9606906128e+02
9.1239921570e+01
4.8577972412e+02
-6.7792388916e+02
-2.9699520874e+02
9.0191329956e+01
4.8441769409e+02
-7.8470355225e+02
-3.2842956543e+02
1.3444830322e+02
6.0422753906e+02
-7.8673291016e+02
-3.2446380615e+02
1.3866699219e+02
6.0327001953e+02
-7.8781683350e+02
-3.3182333374e+02
1.3142785645e+02
6.0125421143e+02
-7.9287103271e+02
-3.2313125610e+02
1.3980538940e+02
5.9742254639e+02
-7.9082727051e+02
-3.4286099243e+02
1.2058089447e+02
5.9704742432e+02
-8.0014617920e+02
-3.1709222412e+02
1.4505189514e+02
5.9066516113e+02
-7.8953002930e+02
-3.6281982422e+02
1.0174946594e+02
5.9606079102e+02
-8.0965240479e+02
-2.9271115112e+02
1.6643190002e+02
5.8252960205e+02
-7.7443988037e+02
-4.0591201782e+02
6.4571617126e+01
6.0567572021e+02
-8.2522497559e+02
-2.1593299866e+02
2.2954737854e+02
5.7550390625e+02
-7.3463513184e+02
-5.1912573242e+02
-1.5731087685e+01
6.3123034668e+02
-8.8589477539e+02
-2.0546713257e+02
1.8627526855e+02
5.6695208740e+02
-8.8589477539e+02
-2.0546711731e+02
1.8627529907e+02
5.6695208740e+02
-7.3463513184e+02
-5.1912579346e+02
-1.5731119156e+01
6.3123034668e+02
-8.2522497559e+02
-2.1593296814e+02
2.2954739380e+02
5.7550384521e+02
-7.7443988037e+02
-4.0591201782e+02
6.4571601868e+01
6.0567572021e+02
-8.0965240479e+02
-2.9271112061e+02
1.6643191528e+02
5.8252960205e+02
-7.8953002930e+02
-3.6281982422e+02
1.0174946594e+02
5.9606079102e+02
-8.0014617920e+02
-3.1709219360e+02
1.4505191040e+02
5.9066516113e+02
-7.9082727051e+02
-3.4286096191e+02
1.2058089447e+02
5.9704736328e+02
-7.9287097168e+02
-3.2313125610e+02
1.3980538940e+02
5.9742254639e+02
-7.8781683350e+02
-3.3182330322e+02
1.3142785645e+02
6.0125421143e+02
-7.8673284912e+02
-3.2446377563e+02
1.3866700745e+02
6.0327001953e+02
-7.8470355225e+02
-3.2842956543e+02
1.3444830322e+02
6.0422753906e+02
-8.8377026367e+02
-3.5494036865e+02
1.7674246216e+02
7.1253918457e+02
-8.8598242188e+02
-3.5853341675e+02
1.7349664307e+02
7.1052624512e+02
-8.9078680420e+02
-3.5480416870e+02
1.7722181702e+02
7.0646325684e+02
-8.9133593750e+02
-3.6821246338e+02
1.6379597473e+02
7.0416802979e+02
-8.9832141113e+02
-3.5391448975e+02
1.7766859436e+02
6.9872076416e+02
-8.9371795654e+02
-3.8321429443e+02
1.4886698914e+02
7.0000372314e+02
-9.0689514160e+02
-3.4294692993e+02
1.8756733704e+02
6.9057885742e+02
-8.9072961426e+02
-4.1157162476e+02
1.2202912903e+02
7.0103466797e+02
-9.2302935791e+02
-3.0836251831e+02
2.1801086426e+02
6.7708648682e+02
-8.8213372803e+02
-4.7972927856e+02
6.2965621948e+01
7.0419549561e+02
-9.6119158936e+02
-2.3570373535e+02
2.7022473145e+02
6.5065948486e+02
-8.4590240479e+02
-4.6294931030e+02
1.1372839355e+02
6.9957421875e+02
-8.4590240479e+02
-4.6294934082e+02
1.1372836304e+02
6.9957421875e+02
-9.6119158936e+02
-2.3570370483e+02
2.7022476196e+02
6.5065948486e+02
-8.8213372803e+02
-4.7972927856e+02
6.2965602875e+01
7.0419549561e+02
-9.2302935791e+02
-3.0836251831e+02
2.1801087952e+02
6.7708648682e+02
-8.9072961426e+02
-4.1157162476e+02
1.2202912903e+02
7.0103466797e+02
-9.0689514160e+02
-3.4294692993e+02
1.8756735229e+02
6.9057885742e+02
-8.9371789551e+02
-3.8321429443e+02
1.4886698914e+02
7.0000372314e+02
-8.9832141113e+02
-3.5391448975e+02
1.7766860962e+02
6.9872076416e+02
-8.9133587646e+02
-3.6821243286e+02
1.6379598999e+02
7.0416802979e+02
-8.9078674316e+02
-3.5480416870e+02
1.7722183228e+02
7.0646325684e+02
-8.8598242188e+02
-3.5853341675e+02
1.7349664307e+02
7.1052624512e+02
-8.8377026367e+02
-3.5494033813e+02
1.7674247742e+02
7.1253918457e+02
-9.6979736328e+02
-3.7990100098e+02
2.1272418213e+02
8.0894116211e+02
-9.7503106689e+02
-3.8022781372e+02
2.1283221436e+02
8.0493328857e+02
-9.7821258545e+02
-3.9000283813e+02
2.0303424072e+02
8.0073431396e+02
-9.8475689697e+02
-3.8370632935e+02
2.0920457458e+02
7.9511663818e+02
-9.8440270996e+02
-4.0398797607e+02
1.8886381531e+02
7.9301733398e+02
-9.9437982178e+02
-3.8156658936e+02
2.1085604858e+02
7.8535723877e+02
-9.8686151123e+02
-4.2500112915e+02
1.6802105713e+02
7.8874670410e+02
-1.0060778809e+03
-3.6513619995e+02
2.2609466553e+02
7.7394061279e+02
-9.8150885010e+02
-4.6381506348e+02
1.3136624146e+02
7.9168426514e+02
-1.0191847534e+03
-3.1610556030e+02
2.6941220093e+02
7.6297637939e+02
-9.5447912598e+02
-5.1265985107e+02
9.3324958801e+01
8.0932171631e+02
-1.0409804688e+03
-3.4868771362e+02
2.1734791565e+02
7.6980206299e+02
-1.0409804688e+03
-3.4868768311e+02
2.1734793091e+02
7.6980206299e+02
-9.5447912598e+02
-5.1265991211e+02
9.3324943542e+01
8.0932177734e+02
-1.0191847534e+03
-3.1610552979e+02
2.6941223145e+02
7.6297637939e+02
-9.8150885010e+02
-4.6381506348e+02
1.3136622620e+02
7.9168426514e+02
-1.0060778809e+03
-3.6513616943e+02
2.2609468079e+02
7.7394061279e+02
-9.8686151123e+02
-4.2500112915e+02
1.6802105713e+02
7.8874670410e+02
-9.9437982178e+02
-3.8156655884e+02
2.1085606384e+02
7.8535723877e+02
-9.8440270996e+02
-4.0398797607e+02
1.8886381531e+02
7.9301733398e+02
-9.8475689697e+02
-3.8370629883e+02
2.0920458984e+02
7.9511663818e+02
-9.7821252441e+02
-3.9000283813e+02
2.0303425598e+02
8.0073437500e+02
-9.7503106689e+02
-3.8022778320e+02
2.1283221436e+02
8.0493328857e+02
-9.6979736328e+02
-3.7990100098e+02
2.1272419739e+02
8.0894116211e+02
-1.0434202881e+03
-3.9849795532e+02
2.4571061707e+02
8.9070825195e+02
-1.0488746338e+03
-4.0610733032e+02
2.3855924988e+02
8.8568817139e+02
-1.0558674316e+03
-4.0548635864e+02
2.3924711609e+02
8.7941046143e+02
-1.0584204102e+03
-4.2043255615e+02
2.2410600281e+02
8.7498236084e+02
-1.0667973633e+03
-4.0899102783e+02
2.3538113403e+02
8.6804663086e+02
-1.0641898193e+03
-4.3772952271e+02
2.0653488159e+02
8.6727655029e+02
-1.0773002930e+03
-4.0280087280e+02
2.4100642395e+02
8.5738665771e+02
-1.0642381592e+03
-4.6367968750e+02
1.8071849060e+02
8.6540539551e+02
-1.0895075684e+03
-3.7758480835e+02
2.6478961182e+02
8.4552435303e+02
-1.0590572510e+03
-5.0828036499e+02
1.3868743896e+02
8.6891082764e+02
-1.1140694580e+03
-3.5386816406e+02
2.8411096191e+02
8.2654443359e+02
-1.0511126709e+03
-4.7287792969e+02
1.8231486511e+02
8.5853363037e+02
-1.0511126709e+03
-4.7287792969e+02
1.8231486511e+02
8.5853363037e+02
-1.1140694580e+03
-3.5386816406e+02
2.8411099243e+02
8.2654443359e+02
-1.0590572510e+03
-5.0828039551e+02
1.3868743896e+02
8.6891082764e+02
-1.0895075684e+03
-3.7758480835e+02
2.6478964233e+02
8.4552441406e+02
-1.0642381592e+03
-4.6367968750e+02
1.8071849060e+02
8.6540539551e+02
-1.0773002930e+03
-4.0280087280e+02
2.4100643921e+02
8.5738665771e+02
-1.0641898193e+03
-4.3772952271e+02
2.0653489685e+02
8.6727655029e+02
-1.0667973633e+03
-4.0899102783e+02
2.3538114929e+02
8.6804663086e+02
-1.0584204102e+03
-4.2043252563e+02
2.2410601807e+02
8.7498236084e+02
-1.0558674316e+03
-4.0548635864e+02
2.3924713135e+02
8.7941046143e+02
-1.0488746338e+03
-4.0610733032e+02
2.3855926514e+02
8.8568817139e+02
-1.0434202881e+03
-3.9849792480e+02
2.4571063232e+02
8.9070831299e+02
-1.1015273438e+03
-4.1536550903e+02
2.7019610596e+02
9.5637976074e+02
-1.1094864502e+03
-4.1942642212e+02
2.6667221069e+02
9.4978479004e+02
-1.1145693359e+03
-4.3126669312e+02
2.5478051758e+02
9.4360235596e+02
-1.1225754395e+03
-4.2734231567e+02
2.5862692261e+02
9.3654644775e+02
-1.1236409912e+03
-4.4777899170e+02
2.3794885254e+02
9.3275598145e+02
-1.1341318359e+03
-4.2860525513e+02
2.5696539307e+02
9.2470422363e+02
-1.1283250732e+03
-4.6850384521e+02
2.1697337341e+02
9.2610540771e+02
-1.1461081543e+03
-4.1784396362e+02
2.6733303833e+02
9.1288391113e+02
-1.1278663330e+03
-5.0025808716e+02
1.8537271118e+02
9.2510308838e+02
-1.1583961182e+03
-3.9161392212e+02
2.9263580322e+02
9.0033142090e+02
-1.1159084473e+03
-5.1611352539e+02
1.6932853699e+02
9.3392926025e+02
-1.1617915039e+03
-4.3145593262e+02
2.5310169983e+02
9.0538580322e+02
-1.1617916260e+03
-4.3145593262e+02
2.5310169983e+02
9.0538580322e+02
-1.1159084473e+03
-5.1611352539e+02
1.6932853699e+02
9.3392926025e+02
-1.1583961182e+03
-3.9161389160e+02
2.9263583374e+02
9.0033142090e+02
-1.1278663330e+03
-5.0025808716e+02
1.8537271118e+02
9.2510308838e+02
-1.1461081543e+03
-4.1784396362e+02
2.6733303833e+02
9.1288391113e+02
-1.1283250732e+03
-4.6850384521e+02
2.1697337341e+02
9.2610540771e+02
-1.1341318359e+03
-4.2860525513e+02
2.5696542358e+02
9.2470422363e+02
-1.1236409912e+03
-4.4777899170e+02
2.3794886780e+02
9.3275604248e+02
-1.1225754395e+03
-4.2734228516e+02
2.5862695312e+02
9.3654650879e+02
-1.1145693359e+03
-4.3126669312e+02
2.5478053284e+02
9.4360241699e+02
-1.1094864502e+03
-4.1942639160e+02
2.6667224121e+02
9.4978479004e+02
-1.1015273438e+03
-4.1536550903e+02
2.7019613647e+02
9.5637976074e+02
-1.1440908203e+03
-4.2526824951e+02
2.9025384521e+02
1.0041297607e+03
-1.1517917480e+03
-4.3565072632e+02
2.8039624023e+02
9.9694506836e+02
-1.1602517090e+03
-4.3732257080e+02
2.7880102539e+02
9.8925701904e+02
-1.1641258545e+03
-4.5295913696e+02
2.6293402100e+02
9.8332373047e+02
-1.1733854980e+03
-4.4393017578e+02
2.7184692383e+02
9.7573815918e+02
-1.1721158447e+03
-4.7129782104e+02
2.4423764038e+02
9.7320678711e+02
-1.1853171387e+03
-4.4172894287e+02
2.7366876221e+02
9.6382824707e+02
-1.1748437500e+03
-4.9491027832e+02
2.2027043152e+02
9.6834570312e+02
-1.1965026855e+03
-4.2612448120e+02
2.8912951660e+02
9.5276074219e+02
-1.1725563965e+03
-5.2234014893e+02
1.9217057800e+02
9.7021069336e+02
-1.2090690918e+03
-4.2581155396e+02
2.9195147705e+02
9.3975897217e+02
-1.1777387695e+03
-4.8746759033e+02
2.1981678772e+02
9.6397332764e+02
-1.1777386475e+03
-4.8746759033e+02
2.1981678772e+02
9.6397332764e+02
-1.2090690918e+03
-4.2581155396e+02
2.9195147705e+02
9.3975897217e+02
-1.1725563965e+03
-5.2234014893e+02
1.9217057800e+02
9.7021069336e+02
-1.1965026855e+03
-4.2612448120e+02
2.8912954712e+02
9.5276074219e+02
-1.1748437500e+03
-4.9491027832e+02
2.2027043152e+02
9.6834570312e+02
-1.1853171387e+03
-4.4172891235e+02
2.7366879272e+02
9.6382830811e+02
-1.1721158447e+03
-4.7129782104e+02
2.4423765564e+02
9.7320684814e+02
-1.1733854980e+03
-4.4393017578e+02
2.7184692383e+02
9.7573815918e+02
-1.1641258545e+03
-4.5295913696e+02
2.6293402100e+02
9.8332379150e+02
-1.1602517090e+03
-4.3732257080e+02
2.7880105591e+02
9.8925701904e+02
-1.1517917480e+03
-4.3565072632e+02
2.8039624023e+02
9.9694512939e+02
-1.1440908203e+03
-4.2526824951e+02
2.9025387573e+02
1.0041298218e+03
-1.1690775146e+03
-4.3304180908e+02
3.0047430420e+02
1.0328776855e+03
-1.1785965576e+03
-4.3933862305e+02
2.9476174927e+02
1.0248194580e+03
-1.1847977295e+03
-4.5215969849e+02
2.8189877319e+02
1.0174339600e+03
-1.1936390381e+03
-4.5000158691e+02
2.8397055054e+02
1.0096967163e+03
-1.1956092529e+03
-4.6987826538e+02
2.6384524536e+02
1.0046577759e+03
-1.2063724365e+03
-4.5380197144e+02
2.7975991821e+02
9.9682843018e+02
-1.2016983643e+03
-4.8964199829e+02
2.4375244141e+02
9.9618597412e+02
-1.2182677002e+03
-4.4765628052e+02
2.8568579102e+02
9.8555999756e+02
-1.2032409668e+03
-5.1422814941e+02
2.1861093140e+02
9.9270617676e+02
-1.2290078125e+03
-4.3644714355e+02
2.9777584839e+02
9.7411175537e+02
-1.2019764404e+03
-5.1605645752e+02
2.1285533142e+02
9.9598712158e+02
-1.2243734131e+03
-4.7302377319e+02
2.7338961792e+02
9.7288397217e+02
-1.2243734131e+03
-4.7302377319e+02
2.7338961792e+02
9.7288397217e+02
-1.2019764404e+03
-5.1605645752e+02
2.1285534668e+02
9.9598712158e+02
-1.2290078125e+03
-4.3644714355e+02
2.9777584839e+02
9.7411175537e+02
-1.2032409668e+03
-5.1422814941e+02
2.1861093140e+02
9.9270617676e+02
-1.2182677002e+03
-4.4765625000e+02
2.8568579102e+02
9.8555999756e+02
-1.2016983643e+03
-4.8964196777e+02
2.4375245667e+02
9.9618597412e+02
-1.2063725586e+03
-4.5380197144e+02
2.7975994873e+02
9.9682843018e+02
-1.1956092529e+03
-4.6987826538e+02
2.6384524536e+02
1.0046578369e+03
-1.1936390381e+03
-4.5000155640e+02
2.8397058105e+02
1.0096967163e+03
-1.1847977295e+03
-4.5215969849e+02
2.8189880371e+02
1.0174340210e+03
-1.1785965576e+03
-4.3933862305e+02
2.9476177979e+02
1.0248195801e+03
-1.1690775146e+03
-4.3304177856e+02
3.0047433472e+02
1.0328776855e+03
-1.1770903320e+03
-4.3391836548e+02
3.0507699585e+02
1.0415971680e+03
-1.1855947266e+03
-4.4515060425e+02
2.9439443970e+02
1.0336087646e+03
-1.1945429688e+03
-4.4793142700e+02
2.9167999268e+02
1.0255114746e+03
-1.1989324951e+03
-4.6324832153e+02
2.7614785767e+02
1.0188716431e+03
-1.2083879395e+03
-4.5603225708e+02
2.8320727539e+02
1.0114165649e+03
-1.2077371826e+03
-4.8118011475e+02
2.5789300537e+02
1.0076766968e+03
-1.2206221924e+03
-4.5643707275e+02
2.8237582397e+02
9.9965301514e+02
-1.2116898193e+03
-5.0176974487e+02
2.3699418640e+02
1.0009122925e+03
-1.2315374756e+03
-4.4832940674e+02
2.9053622437e+02
9.8978936768e+02
-1.2117843018e+03
-5.1835467529e+02
2.1911093140e+02
1.0001051025e+03
-1.2364759521e+03
-4.5668615723e+02
2.8598312378e+02
9.8036968994e+02
-1.2224604492e+03
-4.8902508545e+02
2.3247453308e+02
1.0000143433e+03
-1.2224604492e+03
-4.8902508545e+02
2.3247453308e+02
1.0000142822e+03
-1.2364759521e+03
-4.5668615723e+02
2.8598312378e+02
9.8036968994e+02
-1.2117843018e+03
-5.1835467529e+02
2.1911093140e+02
1.0001051025e+03
-1.2315374756e+03
-4.4832940674e+02
2.9053622437e+02
9.8978936768e+02
-1.2116898193e+03
-5.0176974487e+02
2.3699418640e+02
1.0009122925e+03
-1.2206221924e+03
-4.5643707275e+02
2.8237585449e+02
9.9965301514e+02
-1.2077371826e+03
-4.8118011475e+02
2.5789300537e+02
1.0076767578e+03
-1.2083879395e+03
-4.5603225708e+02
2.8320730591e+02
1.0114165649e+03
-1.1989324951e+03
-4.6324832153e+02
2.7614785767e+02
1.0188716431e+03
-1.1945429688e+03
-4.4793139648e+02
2.9167999268e+02
1.0255114746e+03
-1.1855947266e+03
-4.4515060425e+02
2.9439447021e+02
1.0336087646e+03
-1.1770903320e+03
-4.3391833496e+02
3.0507702637e+02
1.0415971680e+03
-1.1668104248e+03
-4.3239697266e+02
2.9948715210e+02
1.0302589111e+03
-1.1762563477e+03
-4.3882540894e+02
2.9363903809e+02
1.0223026123e+03
-1.1824691162e+03
-4.5114923096e+02
2.8128637695e+02
1.0148256226e+03
-1.1911939697e+03
-4.4980526733e+02
2.8251757812e+02
1.0073801270e+03
-1.1933117676e+03
-4.6818334961e+02
2.6395153809e+02
1.0018601685e+03
-1.2037641602e+03
-4.5467083740e+02
2.7716757202e+02
9.9494329834e+02
-1.1996201172e+03
-4.8601223755e+02
2.4592205811e+02
9.9266058350e+02
-1.2151285400e+03
-4.5179528809e+02
2.7958212280e+02
9.8499176025e+02
-1.2014348145e+03
-5.0447009277e+02
2.2713900757e+02
9.8761596680e+02
-1.2240610352e+03
-4.4895053101e+02
2.8299822998e+02
9.7635180664e+02
-1.2057733154e+03
-5.0212954712e+02
2.2611688232e+02
9.8799011230e+02
-1.2163194580e+03
-4.7908221436e+02
2.7080703735e+02
9.6895056152e+02
-1.2163194580e+03
-4.7908221436e+02
2.7080700684e+02
9.6895056152e+02
-1.2057733154e+03
-5.0212954712e+02
2.2611689758e+02
9.8799011230e+02
-1.2240610352e+03
-4.4895053101e+02
2.8299826050e+02
9.7635180664e+02
-1.2014348145e+03
-5.0447009277e+02
2.2713900757e+02
9.8761596680e+02
-1.2151285400e+03
-4.5179528809e+02
2.7958212280e+02
9.8499182129e+02
-1.1996201172e+03
-4.8601220703e+02
2.4592207336e+02
9.9266058350e+02
-1.2037641602e+03
-4.5467083740e+02
2.7716760254e+02
9.9494329834e+02
-1.1933117676e+03
-4.6818334961e+02
2.6395156860e+02
1.0018602295e+03
-1.1911939697e+03
-4.4980526733e+02
2.8251760864e+02
1.0073801880e+03
-1.1824691162e+03
-4.5114923096e+02
2.8128637695e+02
1.0148256836e+03
-1.1762563477e+03
-4.3882540894e+02
2.9363906860e+02
1.0223026733e+03
-1.1668104248e+03
-4.3239697266e+02
2.9948718262e+02
1.0302590332e+03
-1.1395991211e+03
-4.2418475342e+02
2.8813952637e+02
9.9899237061e+02
-1.1472468262e+03
-4.3405892944e+02
2.7879379272e+02
9.9179925537e+02
-1.1555317383e+03
-4.3654080200e+02
2.7636190796e+02
9.8443792725e+02
-1.1595087891e+03
-4.5042181396e+02
2.6229879761e+02
9.7805419922e+02
-1.1683607178e+03
-4.4425689697e+02
2.6823193359e+02
9.7152429199e+02
-1.1676345215e+03
-4.6644659424e+02
2.4605499268e+02
9.6727392578e+02
-1.1796972656e+03
-4.4575509644e+02
2.6611248779e+02
9.6118737793e+02
-1.1713383789e+03
-4.8344567871e+02
2.2914591980e+02
9.5990106201e+02
-1.1900839844e+03
-4.4225183105e+02
2.6908007812e+02
9.5338073730e+02
-1.1723723145e+03
-4.9354113770e+02
2.1875030518e+02
9.5640905762e+02
-1.1910675049e+03
-4.5163333130e+02
2.6150421143e+02
9.4667083740e+02
-1.1843725586e+03
-4.7151699829e+02
2.2204385376e+02
9.6228594971e+02
-1.1843725586e+03
-4.7151699829e+02
2.2204386902e+02
9.6228594971e+02
-1.1910675049e+03
-4.5163333130e+02
2.6150421143e+02
9.4667083740e+02
-1.1723723145e+03
-4.9354113770e+02
2.1875032043e+02
9.5640905762e+02
-1.1900839844e+03
-4.4225180054e+02
2.6908007812e+02
9.5338079834e+02
-1.1713383789e+03
-4.8344567871e+02
2.2914593506e+02
9.5990112305e+02
-1.1796972656e+03
-4.4575509644e+02
2.6611251831e+02
9.6118737793e+02
-1.1676345215e+03
-4.6644659424e+02
2.4605500793e+02
9.6727398682e+02
-1.1683607178e+03
-4.4425689697e+02
2.6823193359e+02
9.7152435303e+02
-1.1595087891e+03
-4.5042181396e+02
2.6229879761e+02
9.7805426025e+02
-1.1555317383e+03
-4.3654080200e+02
2.7636193848e+02
9.8443792725e+02
-1.1472468262e+03
-4.3405892944e+02
2.7879382324e+02
9.9179931641e+02
-1.1395991211e+03
-4.2418472290e+02
2.8813955688e+02
9.9899237061e+02
-1.0949403076e+03
-4.1347058105e+02
2.6735253906e+02
9.4879742432e+02
-1.1026959229e+03
-4.1793762207e+02
2.6341412354e+02
9.4248419189e+02
-1.1078319092e+03
-4.2832791138e+02
2.5300451660e+02
9.3602148438e+02
-1.1154935303e+03
-4.2681546021e+02
2.5437196350e+02
9.2979498291e+02
-1.1170095215e+03
-4.4283450317e+02
2.3825747681e+02
9.2460369873e+02
-1.1264934082e+03
-4.3117288208e+02
2.4941392517e+02
9.1921966553e+02
-1.1222657471e+03
-4.5773272705e+02
2.2341473389e+02
9.1595513916e+02
-1.1366387939e+03
-4.2994143677e+02
2.4966023254e+02
9.1139117432e+02
-1.1231743164e+03
-4.7129537964e+02
2.1042283630e+02
9.1015148926e+02
-1.1442875977e+03
-4.3082550049e+02
2.4787062073e+02
9.0656408691e+02
-1.1291463623e+03
-4.6904638672e+02
2.1237640381e+02
9.0849853516e+02
-1.1363532715e+03
-4.5199584961e+02
2.4427928162e+02
8.9369903564e+02
-1.1363532715e+03
-4.5199584961e+02
2.4427926636e+02
8.9369903564e+02
-1.1291463623e+03
-4.6904638672e+02
2.1237641907e+02
9.0849853516e+02
-1.1442875977e+03
-4.3082550049e+02
2.4787062073e+02
9.0656408691e+02
-1.1231743164e+03
-4.7129537964e+02
2.1042283630e+02
9.1015155029e+02
-1.1366387939e+03
-4.2994143677e+02
2.4966024780e+02
9.1139117432e+02
-1.1222657471e+03
-4.5773272705e+02
2.2341474915e+02
9.1595520020e+02
-1.1264934082e+03
-4.3117285156e+02
2.4941394043e+02
9.1921966553e+02
-1.1170095215e+03
-4.4283447266e+02
2.3825749207e+02
9.2460369873e+02
-1.1154934082e+03
-4.2681546021e+02
2.5437197876e+02
9.2979504395e+02
-1.1078319092e+03
-4.2832791138e+02
2.5300453186e+02
9.3602148438e+02
-1.1026959229e+03
-4.1793759155e+02
2.6341415405e+02
9.4248419189e+02
-1.0949403076e+03
-4.1347058105e+02
2.6735256958e+02
9.4879748535e+02
-1.0348570557e+03
-3.9642144775e+02
2.4169430542e+02
8.8091162109e+02
-1.0402170410e+03
-4.0304302979e+02
2.3553890991e+02
8.7589239502e+02
-1.0468454590e+03
-4.0399270630e+02
2.3461946106e+02
8.7024884033e+02
-1.0496157227e+03
-4.1551107788e+02
2.2296830750e+02
8.6498010254e+02
-1.0571739502e+03
-4.0967117310e+02
2.2848622131e+02
8.6003186035e+02
-1.0558149414e+03
-4.2841714478e+02
2.1000537109e+02
8.5593609619e+02
-1.0666348877e+03
-4.1092562866e+02
2.2633062744e+02
8.5210821533e+02
-1.0581771240e+03
-4.4161059570e+02
1.9753968811e+02
8.4901757812e+02
-1.0759779053e+03
-4.0934484863e+02
2.2621533203e+02
8.4706658936e+02
-1.0581596680e+03
-4.4779672241e+02
1.9285545349e+02
8.4325823975e+02
-1.0756290283e+03
-4.1663284302e+02
2.1690641785e+02
8.4396374512e+02
-1.0681365967e+03
-4.3595947266e+02
1.8974600220e+02
8.5546630859e+02
-1.0681365967e+03
-4.3595947266e+02
1.8974601746e+02
8.5546630859e+02
-1.0756290283e+03
-4.1663287354e+02
2.1690640259e+02
8.4396374512e+02
-1.0581596680e+03
-4.4779672241e+02
1.9285545349e+02
8.4325823975e+02
-1.0759779053e+03
-4.0934484863e+02
2.2621533203e+02
8.4706658936e+02
-1.0581771240e+03
-4.4161059570e+02
1.9753970337e+02
8.4901757812e+02
-1.0666348877e+03
-4.1092562866e+02
2.2633064270e+02
8.5210821533e+02
-1.0558149414e+03
-4.2841714478e+02
2.1000538635e+02
8.5593609619e+02
-1.0571739502e+03
-4.0967117310e+02
2.2848623657e+02
8.6003186035e+02
-1.0496157227e+03
-4.1551104736e+02
2.2296832275e+02
8.6498010254e+02
-1.0468454590e+03
-4.0399267578e+02
2.3461947632e+02
8.7024890137e+02
-1.0402170410e+03
-4.0304302979e+02
2.3553894043e+02
8.7589239502e+02
-1.0348570557e+03
-3.9642144775e+02
2.4169433594e+02
8.8091162109e+02
-9.5951525879e+02
-3.7691360474e+02
2.0829785156e+02
7.9711755371e+02
-9.6440301514e+02
-3.7789266968e+02
2.0775518799e+02
7.9355291748e+02
-9.6768109131e+02
-3.8532748413e+02
2.0031088257e+02
7.8891265869e+02
-9.7360131836e+02
-3.8290563965e+02
2.0255128479e+02
7.8456335449e+02
-9.7399072266e+02
-3.9601663208e+02
1.8946868896e+02
7.8032666016e+02
-9.8202697754e+02
-3.8555325317e+02
1.9917073059e+02
7.7688012695e+02
-9.7728320312e+02
-4.0736453247e+02
1.7853617859e+02
7.7327032471e+02
-9.9040258789e+02
-3.8454641724e+02
1.9851538086e+02
7.7181799316e+02
-9.7667791748e+02
-4.1726589966e+02
1.7063842773e+02
7.6737579346e+02
-9.9794976807e+02
-3.8620349121e+02
1.9391268921e+02
7.7116064453e+02
-9.8118334961e+02
-4.1577005005e+02
1.7608813477e+02
7.6260894775e+02
-9.9318060303e+02
-3.9366625977e+02
1.9635038757e+02
7.5193957520e+02
-9.9318060303e+02
-3.9366625977e+02
1.9635037231e+02
7.5193957520e+02
-9.8118334961e+02
-4.1577005005e+02
1.7608815002e+02
7.6260894775e+02
-9.9794976807e+02
-3.8620349121e+02
1.9391268921e+02
7.7116064453e+02
-9.7667791748e+02
-4.1726589966e+02
1.7063844299e+02
7.6737579346e+02
-9.9040258789e+02
-3.8454638672e+02
1.9851539612e+02
7.7181799316e+02
-9.7728320312e+02
-4.0736450195e+02
1.7853619385e+02
7.7327032471e+02
-9.8202691650e+02
-3.8555325317e+02
1.9917074585e+02
7.7688012695e+02
-9.7399072266e+02
-3.9601663208e+02
1.8946870422e+02
7.8032672119e+02
-9.7360125732e+02
-3.8290560913e+02
2.0255128479e+02
7.8456341553e+02
-9.6768103027e+02
-3.8532745361e+02
2.0031089783e+02
7.8891265869e+02
-9.6440295410e+02
-3.7789263916e+02
2.0775521851e+02
7.9355297852e+02
-9.5951519775e+02
-3.7691357422e+02
2.0829788208e+02
7.9711755371e+02
-8.7137030029e+02
-3.5156658936e+02
1.7165113831e+02
6.9942645264e+02
-8.7361315918e+02
-3.5385064697e+02
1.6974093628e+02
6.9736138916e+02
-8.7802117920e+02
-3.5254739380e+02
1.7105035400e+02
6.9399176025e+02
-8.7914648438e+02
-3.6121343994e+02
1.6232302856e+02
6.9035308838e+02
-8.8502380371e+02
-3.5521496582e+02
1.6789695740e+02
6.8732818604e+02
-8.8272595215e+02
-3.7039379883e+02
1.5329113770e+02
6.8382885742e+02
-8.9205291748e+02
-3.5531488037e+02
1.6654943848e+02
6.8230096436e+02
-8.8311694336e+02
-3.7989993286e+02
1.4527091980e+02
6.7798089600e+02
-8.9984130859e+02
-3.5357891846e+02
1.6495989990e+02
6.8040313721e+02
-8.8009149170e+02
-3.8404507446e+02
1.4498930359e+02
6.7078167725e+02
-9.0095947266e+02
-3.5915982056e+02
1.5309478760e+02
6.8344567871e+02
-8.8324438477e+02
-3.8859310913e+02
1.3777655029e+02
6.9194641113e+02
-8.8324438477e+02
-3.8859310913e+02
1.3777656555e+02
6.9194635010e+02
-9.0095941162e+02
-3.5915982056e+02
1.5309477234e+02
6.8344567871e+02
-8.8009149170e+02
-3.8404507446e+02
1.4498931885e+02
6.7078167725e+02
-8.9984130859e+02
-3.5357891846e+02
1.6495989990e+02
6.8040313721e+02
-8.8311688232e+02
-3.7989993286e+02
1.4527091980e+02
6.7798089600e+02
-8.9205291748e+02
-3.5531484985e+02
1.6654943848e+02
6.8230096436e+02
-8.8272595215e+02
-3.7039376831e+02
1.5329115295e+02
6.8382885742e+02
-8.8502380371e+02
-3.5521496582e+02
1.6789695740e+02
6.8732818604e+02
-8.7914648438e+02
-3.6121340942e+02
1.6232304382e+02
6.9035308838e+02
-8.7802111816e+02
-3.5254736328e+02
1.7105036926e+02
6.9399176025e+02
-8.7361309814e+02
-3.5385064697e+02
1.6974095154e+02
6.9736138916e+02
-8.7137030029e+02
-3.5156655884e+02
1.7165116882e+02
6.9942645264e+02
-7.7091052246e+02
-3.2389987183e+02
1.2949006653e+02
5.8991113281e+02
-7.7248510742e+02
-3.2082070923e+02
1.3288301086e+02
5.8948114014e+02
-7.7364440918e+02
-3.2495123291e+02
1.2876754761e+02
5.8699145508e+02
-7.7761340332e+02
-3.2132034302e+02
1.3219538879e+02
5.8477441406e+02
-7.7673937988e+02
-3.3143185425e+02
1.2229437256e+02
5.8182183838e+02
-7.8321960449e+02
-3.2177328491e+02
1.3093957520e+02
5.8042535400e+02
-7.7788946533e+02
-3.3929153442e+02
1.1536595917e+02
5.7690509033e+02
-7.8981829834e+02
-3.2026199341e+02
1.3011553955e+02
5.7834991455e+02
-7.7581158447e+02
-3.4683404541e+02
1.1170272064e+02
5.7116778564e+02
-7.9855603027e+02
-3.2027969360e+02
1.2434507751e+02
5.8100604248e+02
-7.7485632324e+02
-3.4392300415e+02
1.2244701385e+02
5.6049890137e+02
-8.0353936768e+02
-3.0583132935e+02
1.3099090576e+02
5.5138690186e+02
-8.0353936768e+02
-3.0583132935e+02
1.3099089050e+02
5.5138690186e+02
-7.7485632324e+02
-3.4392300415e+02
1.2244702911e+02
5.6049890137e+02
-7.9855596924e+02
-3.2027969360e+02
1.2434507751e+02
5.8100604248e+02
-7.7581152344e+02
-3.4683401489e+02
1.1170272827e+02
5.7116778564e+02
-7.8981829834e+02
-3.2026196289e+02
1.3011555481e+02
5.7834991455e+02
-7.7788946533e+02
-3.3929153442e+02
1.1536596680e+02
5.7690509033e+02
-7.8321960449e+02
-3.2177328491e+02
1.3093959045e+02
5.8042535400e+02
-7.7673937988e+02
-3.3143182373e+02
1.2229438019e+02
5.8182183838e+02
-7.7761334229e+02
-3.2132031250e+02
1.3219538879e+02
5.8477441406e+02
-7.7364434814e+02
-3.2495120239e+02
1.2876754761e+02
5.8699145508e+02
-7.7248504639e+02
-3.2082067871e+02
1.3288302612e+02
5.8948120117e+02
-7.7091052246e+02
-3.2389987183e+02
1.2949008179e+02
5.8991113281e+02
-6.6085400391e+02
-2.9095544434e+02
8.6105453491e+01
4.7114233398e+02
-6.5995520020e+02
-2.8891058350e+02
8.8403999329e+01
4.7198959351e+02
-6.6214739990e+02
-2.8534259033e+02
9.1935958862e+01
4.7083938599e+02
-6.6163848877e+02
-2.9123580933e+02
8.6052360535e+01
4.6884268188e+02
-6.6584545898e+02
-2.8496380615e+02
9.1767921448e+01
4.6762255859e+02
-6.6259472656e+02
-2.9683758545e+02
8.0781768799e+01
4.6484243774e+02
-6.7041613770e+02
-2.8354983521e+02
9.1504745483e+01
4.6537924194e+02
-6.6095764160e+02
-3.0308248901e+02
7.6838081360e+01
4.6028549194e+02
-6.7682519531e+02
-2.8053115845e+02
8.9402328491e+01
4.6672573853e+02
-6.5434539795e+02
-3.0808120728e+02
7.9437629700e+01
4.5341809082e+02
-6.8518896484e+02
-2.8749804688e+02
7.3123031616e+01
4.7869238281e+02
-6.4079675293e+02
-3.3824719238e+02
7.0708755493e+01
4.8936270142e+02
-6.4079675293e+02
-3.3824719238e+02
7.0708763123e+01
4.8936270142e+02
-6.8518896484e+02
-2.8749804688e+02
7.3123023987e+01
4.7869238281e+02
-6.5434539795e+02
-3.0808120728e+02
7.9437629700e+01
4.5341809082e+02
-6.7682513428e+02
-2.8053115845e+02
8.9402328491e+01
4.6672573853e+02
-6.6095764160e+02
-3.0308248901e+02
7.6838088989e+01
4.6028549194e+02
-6.7041607666e+02
-2.8354983521e+02
9.1504753113e+01
4.6537924194e+02
-6.6259466553e+02
-2.9683758545e+02
8.0781776428e+01
4.6484243774e+02
-6.6584545898e+02
-2.8496377563e+02
9.1767929077e+01
4.6762255859e+02
-6.6163848877e+02
-2.9123577881e+02
8.6052368164e+01
4.6884268188e+02
-6.6214739990e+02
-2.8534255981e+02
9.1935974121e+01
4.7083938599e+02
-6.5995513916e+02
-2.8891055298e+02
8.8404006958e+01
4.7198959351e+02
-6.6085394287e+02
-2.9095541382e+02
8.6105468750e+01
4.7114233398e+02
-5.4146209717e+02
-2.5572500610e+02
3.9698009491e+01
3.4504180908e+02
-5.4021105957e+02
-2.4922978210e+02
4.6344234467e+01
3.4718524170e+02
-5.3970349121e+02
-2.5059037781e+02
4.5068515778e+01
3.4657171631e+02
-5.4220489502e+02
-2.4608450317e+02
4.9426815033e+01
3.4619650269e+02
-5.4046801758e+02
-2.5370755005e+02
4.2293582916e+01
3.4444699097e+02
-5.4578668213e+02
-2.4489778137e+02
4.9904918671e+01
3.4472372437e+02
-5.4009088135e+02
-2.5900790405e+02
3.8573661804e+01
3.4132907104e+02
-5.5092578125e+02
-2.4284996033e+02
4.8867919922e+01
3.4491638184e+02
-5.3571380615e+02
-2.6506201172e+02
3.8083499908e+01
3.3560055542e+02
-5.6033862305e+02
-2.3753674316e+02
4.3566589355e+01
3.4840371704e+02
-5.2090826416e+02
-2.5827569580e+02
5.5073337555e+01
3.1827886963e+02
-5.9053967285e+02
-1.9343080139e+02
4.9000026703e+01
3.0154217529e+02
-5.9053967285e+02
-1.9343080139e+02
4.9000007629e+01
3.0154217529e+02
-5.2090826416e+02
-2.5827566528e+02
5.5073345184e+01
3.1827890015e+02
-5.6033862305e+02
-2.3753674316e+02
4.3566589355e+01
3.4840368652e+02
-5.3571374512e+02
-2.6506198120e+02
3.8083503723e+01
3.3560055542e+02
-5.5092578125e+02
-2.4284994507e+02
4.8867919922e+01
3.4491638184e+02
-5.4009082031e+02
-2.5900790405e+02
3.8573669434e+01
3.4132907104e+02
-5.4578662109e+02
-2.4489776611e+02
4.9904922485e+01
3.4472372437e+02
-5.4046801758e+02
-2.5370751953e+02
4.2293590546e+01
3.4444699097e+02
-5.4220483398e+02
-2.4608447266e+02
4.9426822662e+01
3.4619650269e+02
-5.3970343018e+02
-2.5059034729e+02
4.5068523407e+01
3.4657168579e+02
-5.4021099854e+02
-2.4922975159e+02
4.6344245911e+01
3.4718524170e+02
-5.4146203613e+02
-2.5572496033e+02
3.9698024750e+01
3.4504180908e+02
-4.1519369507e+02
-2.1587149048e+02
-6.6168341637e+00
2.1292124939e+02
-4.1215252686e+02
-2.1088343811e+02
-1.5502111912e+00
2.1562481689e+02
-4.1290475464e+02
-2.0588424683e+02
3.4337570667e+00
2.1613455200e+02
-4.1139270020e+02
-2.0967480469e+02
-1.5551708639e-01
2.1563948059e+02
-4.1458316040e+02
-2.0340443420e+02
5.6247940063e+00
2.1611836243e+02
-4.1099261475e+02
-2.1263240051e+02
-2.1664352417e+00
2.1448451233e+02
-4.1826947021e+02
-2.0094506836e+02
6.6171302795e+00
2.1703361511e+02
-4.0920681763e+02
-2.1721350098e+02
-2.7699499130e+00
2.1224993896e+02
-4.2774905396e+02
-1.9764158630e+02
4.2462291718e+00
2.2066390991e+02
-4.0211065674e+02
-2.2841915894e+02
1.6590515152e-02
2.0794070435e+02
-4.5553747559e+02
-2.0459976196e+02
-1.4778505325e+01
2.3597494507e+02
-3.4733984375e+02
-2.8494094849e+02
2.0770676136e+00
2.6461267090e+02
-3.4733984375e+02
-2.8494091797e+02
2.0770595074e+00
2.6461267090e+02
-4.5553747559e+02
-2.0459976196e+02
-1.4778508186e+01
2.3597494507e+02
-4.0211065674e+02
-2.2841914368e+02
1.6592107713e-02
2.0794068909e+02
-4.2774902344e+02
-1.9764158630e+02
4.2462263107e+00
2.2066389465e+02
-4.0920678711e+02
-2.1721348572e+02
-2.7699453831e+00
2.1224992371e+02
-4.1826943970e+02
-2.0094505310e+02
6.6171312332e+00
2.1703359985e+02
-4.1099255371e+02
-2.1263237000e+02
-2.1664299965e+00
2.1448449707e+02
-4.1458312988e+02
-2.0340441895e+02
5.6247973442e+00
2.1611834717e+02
-4.1139263916e+02
-2.0967477417e+02
-1.5551075339e-01
2.1563946533e+02
-4.1290472412e+02
-2.0588421631e+02
3.4337637424e+00
2.1613453674e+02
-4.1215249634e+02
-2.1088340759e+02
-1.5501999855e+00
2.1562480164e+02
-4.1519363403e+02
-2.1587144470e+02
-6.6168160439e+00
2.1292124939e+02
-2.8801525879e+02
-1.7713404846e+02
-5.4770305634e+01
7.8745773315e+01
-2.8485198975e+02
-1.6865687561e+02
-4.6344589233e+01
8.2300277710e+01
-2.8273864746e+02
-1.6792190552e+02
-4.5743103027e+01
8.2594627380e+01
-2.8331896973e+02
-1.6263847351e+02
-4.1002204895e+01
8.3050041199e+01
-2.7992587280e+02
-1.6778237915e+02
-4.5997772217e+01
8.1601829529e+01
-2.8294403076e+02
-1.5908659363e+02
-3.9323215485e+01
8.2497016907e+01
-2.7485714722e+02
-1.6959762573e+02
-4.7176898956e+01
7.9307449341e+01
-2.8370153809e+02
-1.5343078613e+02
-3.8957096100e+01
8.3329200745e+01
-2.5995486450e+02
-1.7204528809e+02
-4.3921314240e+01
7.8413856506e+01
-2.9152502441e+02
-1.3829716492e+02
-3.9866710663e+01
8.8130828857e+01
-2.1863319397e+02
-1.7654545593e+02
-2.9620532990e+01
7.4922538757e+01
-3.8904107666e+02
-8.4267654419e+01
-6.3551696777e+01
2.4029876709e+01
-3.8904101562e+02
-8.4267654419e+01
-6.3551746368e+01
2.4029813766e+01
-2.1863320923e+02
-1.7654544067e+02
-2.9620542526e+01
7.4922546387e+01
-2.9152499390e+02
-1.3829718018e+02
-3.9866699219e+01
8.8130813599e+01
-2.5995486450e+02
-1.7204527283e+02
-4.3921310425e+01
7.8413856506e+01
-2.8370150757e+02
-1.5343077087e+02
-3.8957088470e+01
8.3329185486e+01
-2.7485714722e+02
-1.6959761047e+02
-4.7176895142e+01
7.9307441711e+01
-2.8294400024e+02
-1.5908657837e+02
-3.9323211670e+01
8.2497009277e+01
-2.7992584229e+02
-1.6778236389e+02
-4.5997764587e+01
8.1601821899e+01
-2.8331890869e+02
-1.6263844299e+02
-4.1002197266e+01
8.3050033569e+01
-2.8273861694e+02
-1.6792187500e+02
-4.5743091583e+01
8.2594619751e+01
-2.8485192871e+02
-1.6865684509e+02
-4.6344573975e+01
8.2300270081e+01
-2.8801519775e+02
-1.7713401794e+02
-5.4770286560e+01
7.8745773315e+01
-1.6792874146e+02
-1.3901626587e+02
-9.9298294067e+01
-4.8635585785e+01
-1.6329125977e+02
-1.3181500244e+02
-9.2102386475e+01
-4.4640502930e+01
-1.6234585571e+02
-1.2593478394e+02
-8.6461349487e+01
-4.3123779297e+01
-1.6019387817e+02
-1.2799437714e+02
-8.8597854614e+01
-4.3984718323e+01
-1.6160629272e+02
-1.2214012909e+02
-8.3737022400e+01
-4.3297771454e+01
-1.5708084106e+02
-1.2952378845e+02
-9.0192329407e+01
-4.6120014191e+01
-1.6405889893e+02
-1.1927097321e+02
-8.3869209290e+01
-4.6252971649e+01
-1.4907908630e+02
-1.3562086487e+02
-9.4247230530e+01
-4.9983329773e+01
-1.7940174866e+02
-1.1357656097e+02
-8.9583206177e+01
-6.0189884186e+01
-1.2426661682e+02
-1.4599906921e+02
-9.6883056641e+01
-6.2223426819e+01
-2.2176223755e+02
-6.7990982056e+01
-8.5764633179e+01
-9.3039520264e+01
5.1739456177e+01
-1.6038275146e+02
-2.4190095901e+01
1.7526768148e-01
5.1739467621e+01
-1.6038267517e+02
-2.4190164566e+01
1.7521810532e-01
-2.2176226807e+02
-6.7990997314e+01
-8.5764610291e+01
-9.3039459229e+01
-1.2426660919e+02
-1.4599906921e+02
-9.6883026123e+01
-6.2223434448e+01
-1.7940174866e+02
-1.1357654572e+02
-8.9583206177e+01
-6.0189865112e+01
-1.4907908630e+02
-1.3562084961e+02
-9.4247207642e+01
-4.9983322144e+01
-1.6405888367e+02
-1.1927095795e+02
-8.3869201660e+01
-4.6252964020e+01
-1.5708082581e+02
-1.2952377319e+02
-9.0192314148e+01
-4.6120010376e+01
-1.6160627747e+02
-1.2214011383e+02
-8.3737014771e+01
-4.3297763824e+01
-1.6019384766e+02
-1.2799435425e+02
-8.8597839355e+01
-4.3984718323e+01
-1.6234582520e+02
-1.2593476105e+02
-8.6461334229e+01
-4.3123779297e+01
-1.6329122925e+02
-1.3181497192e+02
-9.2102371216e+01
-4.4640499115e+01
-1.6792871094e+02
-1.3901623535e+02
-9.9298271179e+01
-4.8635574341e+01
-4.8801128387e+01
-9.9891387939e+01
-1.3944900513e+02
-1.6762826538e+02
-4.5030544281e+01
-9.0616065979e+01
-1.3017318726e+02
-1.6322395325e+02
-4.3033481598e+01
-8.9268768311e+01
-1.2857621765e+02
-1.6177690125e+02
-4.4712013245e+01
-8.4633430481e+01
-1.2388069916e+02
-1.6047172546e+02
-4.2752006531e+01
-8.9339920044e+01
-1.2756589508e+02
-1.6056033325e+02
-4.7451770782e+01
-8.3186958313e+01
-1.2237979126e+02
-1.5797853088e+02
-4.4979450226e+01
-9.2464683533e+01
-1.2766853333e+02
-1.6224638367e+02
-5.2088630676e+01
-8.4895095825e+01
-1.2615509033e+02
-1.5077156067e+02
-5.8335330963e+01
-9.9041450500e+01
-1.2277638245e+02
-1.7699331665e+02
-6.4274688721e+01
-8.8932617188e+01
-1.3807872009e+02
-1.2574189758e+02
-9.1662033081e+01
-9.1088363647e+01
-7.2583755493e+01
-2.2039341736e+02
-4.0068349838e+00
-1.9413936615e+01
-1.5728845215e+02
4.9343009949e+01
-4.0068721771e+00
-1.9413885117e+01
-1.5728855896e+02
4.9343002319e+01
-9.1662101746e+01
-9.1088386536e+01
-7.2583755493e+01
-2.2039334106e+02
-6.4274673462e+01
-8.8932632446e+01
-1.3807870483e+02
-1.2574189758e+02
-5.8335342407e+01
-9.9041435242e+01
-1.2277639008e+02
-1.7699330139e+02
-5.2088623047e+01
-8.4895095825e+01
-1.2615507507e+02
-1.5077154541e+02
-4.4979442596e+01
-9.2464668274e+01
-1.2766852570e+02
-1.6224636841e+02
-4.7451751709e+01
-8.3186950684e+01
-1.2237978363e+02
-1.5797853088e+02
-4.2751987457e+01
-8.9339897156e+01
-1.2756588745e+02
-1.6056033325e+02
-4.4711982727e+01
-8.4633415222e+01
-1.2388068390e+02
-1.6047172546e+02
-4.3033451080e+01
-8.9268745422e+01
-1.2857620239e+02
-1.6177690125e+02
-4.5030513763e+01
-9.0616043091e+01
-1.3017317200e+02
-1.6322395325e+02
-4.8801097870e+01
-9.9891357422e+01
-1.3944898987e+02
-1.6762825012e+02
7.8472930908e+01
-5.4303501129e+01
-1.7653135681e+02
-2.8783755493e+02
8.2245658875e+01
-4.7969863892e+01
-1.7013244629e+02
-2.8442807007e+02
8.2077697754e+01
-4.3040683746e+01
-1.6509782410e+02
-2.8283758545e+02
8.3324569702e+01
-4.5131031036e+01
-1.6659631348e+02
-2.8252859497e+02
8.0638954163e+01
-4.0457336426e+01
-1.6214628601e+02
-2.8051910400e+02
8.3360679626e+01
-4.6557083130e+01
-1.6611283875e+02
-2.8149447632e+02
7.7632667542e+01
-3.8546798706e+01
-1.6092248535e+02
-2.7625497437e+02
8.4950218201e+01
-4.8667533875e+01
-1.6285411072e+02
-2.8139755249e+02
7.6133590698e+01
-3.4274898529e+01
-1.6251739502e+02
-2.6197805786e+02
8.9861503601e+01
-4.8352600098e+01
-1.4606021118e+02
-2.8953958130e+02
7.2644905090e+01
-2.3687490463e+01
-1.7220834351e+02
-2.1903303528e+02
2.9052909851e+01
-7.0473068237e+01
-8.5320137024e+01
-3.8740866089e+02
2.9052947998e+01
-7.0473068237e+01
-8.5320144653e+01
-3.8740872192e+02
7.2644905090e+01
-2.3687479019e+01
-1.7220834351e+02
-2.1903302002e+02
8.9861511230e+01
-4.8352600098e+01
-1.4606021118e+02
-2.8953958130e+02
7.6133605957e+01
-3.4274887085e+01
-1.6251739502e+02
-2.6197805786e+02
8.4950241089e+01
-4.8667526245e+01
-1.6285411072e+02
-2.8139755249e+02
7.7632682800e+01
-3.8546783447e+01
-1.6092247009e+02
-2.7625497437e+02
8.3360702515e+01
-4.6557067871e+01
-1.6611283875e+02
-2.8149447632e+02
8.0638984680e+01
-4.0457317352e+01
-1.6214628601e+02
-2.8051910400e+02
8.3324607849e+01
-4.5131008148e+01
-1.6659629822e+02
-2.8252859497e+02
8.2077743530e+01
-4.3040657043e+01
-1.6509780884e+02
-2.8283758545e+02
8.2245704651e+01
-4.7969837189e+01
-1.7013243103e+02
-2.8442807007e+02
7.8472969055e+01
-5.4303474426e+01
-1.7653134155e+02
-2.8783755493e+02
2.1279420471e+02
-7.1973919868e+00
-2.1628280640e+02
-4.1488040161e+02
2.1528857422e+02
-1.2751382776e-02
-2.0919915771e+02
-4.1209509277e+02
2.1624855042e+02
5.8952593803e-01
-2.0853550720e+02
-4.1229629517e+02
2.1498271179e+02
3.9371850491e+00
-2.0546949768e+02
-4.1171646118e+02
2.1668017578e+02
-1.2812741101e-01
-2.0892092896e+02
-4.1344699097e+02
2.1324256897e+02
5.1535196304e+00
-2.0526060486e+02
-4.1201602173e+02
2.1831411743e+02
-2.4044167995e+00
-2.0964329529e+02
-4.1626437378e+02
2.1023252869e+02
7.2751107216e+00
-2.0725559998e+02
-4.1116284180e+02
2.2263436890e+02
-6.0604557991e+00
-2.0733743286e+02
-4.2503256226e+02
2.0559098816e+02
9.0911340714e+00
-2.2017706299e+02
-4.0367700195e+02
2.3849644470e+02
-2.1711952209e+01
-2.0848416138e+02
-4.5499310303e+02
2.5789328003e+02
1.0923546791e+01
-2.8542004395e+02
-3.4735192871e+02
2.5789328003e+02
1.0923560143e+01
-2.8542007446e+02
-3.4735192871e+02
2.3849645996e+02
-2.1711944580e+01
-2.0848416138e+02
-4.5499310303e+02
2.0559101868e+02
9.0911445618e+00
-2.2017706299e+02
-4.0367700195e+02
2.2263438416e+02
-6.0604424477e+00
-2.0733743286e+02
-4.2503256226e+02
2.1023255920e+02
7.2751231194e+00
-2.0725559998e+02
-4.1116284180e+02
2.1831414795e+02
-2.4044001102e+00
-2.0964329529e+02
-4.1626440430e+02
2.1324259949e+02
5.1535377502e+00
-2.0526060486e+02
-4.1201602173e+02
2.1668022156e+02
-1.2810537219e-01
-2.0892092896e+02
-4.1344699097e+02
2.1498275757e+02
3.9372091293e+00
-2.0546949768e+02
-4.1171646118e+02
2.1624859619e+02
5.8955276012e-01
-2.0853549194e+02
-4.1229629517e+02
2.1528862000e+02
-1.2723824009e-02
-2.0919914246e+02
-4.1209509277e+02
2.1279425049e+02
-7.1973648071e+00
-2.1628279114e+02
-4.1488040161e+02
3.4478564453e+02
4.0203601837e+01
-2.5509533691e+02
-5.4126220703e+02
3.4713439941e+02
4.4700695038e+01
-2.5071965027e+02
-5.3974005127e+02
3.4608401489e+02
4.7886398315e+01
-2.4768089294e+02
-5.3981048584e+02
3.4646969604e+02
4.5165107727e+01
-2.5014746094e+02
-5.4132653809e+02
3.4351010132e+02
4.8129558563e+01
-2.4783981323e+02
-5.4113446045e+02
3.4559704590e+02
4.2249160767e+01
-2.5227146912e+02
-5.4415264893e+02
3.3965786743e+02
4.7946365356e+01
-2.4972836304e+02
-5.4169598389e+02
3.4661129761e+02
3.8128376007e+01
-2.5310304260e+02
-5.4826177979e+02
3.3312713623e+02
4.9139350891e+01
-2.5452630615e+02
-5.3813897705e+02
3.5068161011e+02
3.3474834442e+01
-2.4605700684e+02
-5.5809613037e+02
3.1478417969e+02
6.3019538879e+01
-2.5429431152e+02
-5.2060205078e+02
3.0917880249e+02
3.8002098083e+01
-1.9111022949e+02
-5.9112390137e+02
3.0917883301e+02
3.8002090454e+01
-1.9111021423e+02
-5.9112390137e+02
3.1478417969e+02
6.3019535065e+01
-2.5429431152e+02
-5.2060205078e+02
3.5068161011e+02
3.3474838257e+01
-2.4605700684e+02
-5.5809613037e+02
3.3312716675e+02
4.9139362335e+01
-2.5452630615e+02
-5.3813897705e+02
3.4661129761e+02
3.8128387451e+01
-2.5310302734e+02
-5.4826184082e+02
3.3965789795e+02
4.7946380615e+01
-2.4972836304e+02
-5.4169598389e+02
3.4559707642e+02
4.2249176025e+01
-2.5227146912e+02
-5.4415264893e+02
3.4351013184e+02
4.8129581451e+01
-2.4783979797e+02
-5.4113446045e+02
3.4646972656e+02
4.5165130615e+01
-2.5014746094e+02
-5.4132653809e+02
3.4608407593e+02
4.7886425018e+01
-2.4768087769e+02
-5.3981048584e+02
3.4713442993e+02
4.4700721741e+01
-2.5071963501e+02
-5.3974005127e+02
3.4478570557e+02
4.0203628540e+01
-2.5509532166e+02
-5.4126220703e+02
4.7100186157e+02
8.5506835938e+01
-2.9135787964e+02
-6.6049780273e+02
4.7165179443e+02
8.9998901367e+01
-2.8715557861e+02
-6.5988140869e+02
4.7093237305e+02
8.8972747803e+01
-2.8806878662e+02
-6.6146276855e+02
4.6818127441e+02
9.0355293274e+01
-2.8682656860e+02
-6.6199169922e+02
4.6818334961e+02
8.5654182434e+01
-2.9076412964e+02
-6.6455621338e+02
4.6355737305e+02
8.8704490662e+01
-2.8891406250e+02
-6.6376214600e+02
4.6671887207e+02
8.1504356384e+01
-2.9306869507e+02
-6.6809844971e+02
4.5810107422e+02
8.8337707520e+01
-2.9186251831e+02
-6.6326861572e+02
4.6903991699e+02
7.7168357849e+01
-2.9168948364e+02
-6.7353466797e+02
4.5033416748e+02
9.0717224121e+01
-2.9853338623e+02
-6.5625817871e+02
4.8251428223e+02
6.3790721893e+01
-2.9133862305e+02
-6.8514483643e+02
4.8009780884e+02
8.3706306458e+01
-3.4175915527e+02
-6.3871411133e+02
4.8009780884e+02
8.3706314087e+01
-3.4175915527e+02
-6.3871411133e+02
4.8251428223e+02
6.3790733337e+01
-2.9133862305e+02
-6.8514483643e+02
4.5033419800e+02
9.0717231750e+01
-2.9853338623e+02
-6.5625817871e+02
4.6903991699e+02
7.7168365479e+01
-2.9168945312e+02
-6.7353466797e+02
4.5810107422e+02
8.8337722778e+01
-2.9186251831e+02
-6.6326861572e+02
4.6671890259e+02
8.1504371643e+01
-2.9306869507e+02
-6.6809844971e+02
4.6355740356e+02
8.8704505920e+01
-2.8891406250e+02
-6.6376214600e+02
4.6818338013e+02
8.5654205322e+01
-2.9076409912e+02
-6.6455621338e+02
4.6818130493e+02
9.0355316162e+01
-2.8682656860e+02
-6.6199169922e+02
4.7093240356e+02
8.8972778320e+01
-2.8806878662e+02
-6.6146276855e+02
4.7165182495e+02
8.9998924255e+01
-2.8715557861e+02
-6.5988140869e+02
4.7100189209e+02
8.5506858826e+01
-2.9135784912e+02
-6.6049774170e+02
5.8961370850e+02
1.3000396729e+02
-3.2323544312e+02
-7.7067340088e+02
5.8938012695e+02
1.3115812683e+02
-3.2235424805e+02
-7.7194635010e+02
5.8646948242e+02
1.3172326660e+02
-3.2189297485e+02
-7.7374395752e+02
5.8501214600e+02
1.2766802979e+02
-3.2559704590e+02
-7.7661303711e+02
5.8081396484e+02
1.2857199097e+02
-3.2514300537e+02
-7.7748284912e+02
5.8133294678e+02
1.2252662659e+02
-3.2980972290e+02
-7.8132733154e+02
5.7505853271e+02
1.2597373199e+02
-3.2888531494e+02
-7.7975396729e+02
5.8026812744e+02
1.1750161743e+02
-3.3213363647e+02
-7.8664666748e+02
5.6813330078e+02
1.2527041626e+02
-3.3424813843e+02
-7.7882482910e+02
5.8418908691e+02
1.1138366699e+02
-3.3064007568e+02
-7.9568334961e+02
5.5552758789e+02
1.3324378967e+02
-3.3949194336e+02
-7.7415832520e+02
5.6136108398e+02
1.1587434387e+02
-3.0083645630e+02
-8.0584051514e+02
5.6136114502e+02
1.1587433624e+02
-3.0083642578e+02
-8.0584051514e+02
5.5552758789e+02
1.3324378967e+02
-3.3949194336e+02
-7.7415832520e+02
5.8418908691e+02
1.1138367462e+02
-3.3064007568e+02
-7.9568334961e+02
5.6813330078e+02
1.2527042389e+02
-3.3424810791e+02
-7.7882482910e+02
5.8026812744e+02
1.1750162506e+02
-3.3213363647e+02
-7.8664666748e+02
5.7505853271e+02
1.2597373962e+02
-3.2888531494e+02
-7.7975396729e+02
5.8133294678e+02
1.2252664185e+02
-3.2980969238e+02
-7.8132727051e+02
5.8081402588e+02
1.2857200623e+02
-3.2514297485e+02
-7.7748284912e+02
5.8501220703e+02
1.2766805267e+02
-3.2559704590e+02
-7.7661303711e+02
5.8646954346e+02
1.3172328186e+02
-3.2189297485e+02
-7.7374389648e+02
5.8938018799e+02
1.3115815735e+02
-3.2235421753e+02
-7.7194628906e+02
5.8961370850e+02
1.3000398254e+02
-3.2323541260e+02
-7.7067340088e+02
6.9923065186e+02
1.7100921631e+02
-3.5198919678e+02
-8.7096154785e+02
6.9697979736e+02
1.7140077209e+02
-3.5201531982e+02
-8.7351477051e+02
6.9403149414e+02
1.6789692688e+02
-3.5542547607e+02
-8.7724902344e+02
6.8962780762e+02
1.6691114807e+02
-3.5651068115e+02
-8.7952947998e+02
6.8789648438e+02
1.6123699951e+02
-3.6149237061e+02
-8.8354907227e+02
6.8238116455e+02
1.6209092712e+02
-3.6162393188e+02
-8.8407489014e+02
6.8380590820e+02
1.5503730774e+02
-3.6618081665e+02
-8.8934002686e+02
6.7537994385e+02
1.5905520630e+02
-3.6660632324e+02
-8.8588745117e+02
6.8337518311e+02
1.4955470276e+02
-3.6734240723e+02
-8.9575842285e+02
6.6647058105e+02
1.5987207031e+02
-3.7194387817e+02
-8.8274505615e+02
6.8877636719e+02
1.4035522461e+02
-3.6395077515e+02
-9.0094274902e+02
6.8045709229e+02
1.5476542664e+02
-3.9423641968e+02
-8.7972662354e+02
6.8045709229e+02
1.5476542664e+02
-3.9423641968e+02
-8.7972662354e+02
6.8877642822e+02
1.4035523987e+02
-3.6395077515e+02
-9.0094274902e+02
6.6647058105e+02
1.5987208557e+02
-3.7194387817e+02
-8.8274505615e+02
6.8337518311e+02
1.4955471802e+02
-3.6734240723e+02
-8.9575842285e+02
6.7537994385e+02
1.5905522156e+02
-3.6660632324e+02
-8.8588745117e+02
6.8380590820e+02
1.5503732300e+02
-3.6618081665e+02
-8.8934002686e+02
6.8238116455e+02
1.6209094238e+02
-3.6162390137e+02
-8.8407489014e+02
6.8789654541e+02
1.6123701477e+02
-3.6149234009e+02
-8.8354907227e+02
6.8962786865e+02
1.6691116333e+02
-3.5651068115e+02
-8.7952941895e+02
6.9403149414e+02
1.6789694214e+02
-3.5542547607e+02
-8.7724902344e+02
6.9697979736e+02
1.7140080261e+02
-3.5201531982e+02
-8.7351477051e+02
6.9923065186e+02
1.7100923157e+02
-3.5198919678e+02
-8.7096148682e+02
7.9676940918e+02
2.0880101013e+02
-3.7620932007e+02
-9.5926403809e+02
7.9339068604e+02
2.0590084839e+02
-3.7950009155e+02
-9.6381884766e+02
7.8833911133e+02
2.0343127441e+02
-3.8206863403e+02
-9.6779345703e+02
7.8477563477e+02
1.9765284729e+02
-3.8749984741e+02
-9.7249316406e+02
7.7918939209e+02
1.9632302856e+02
-3.8914663696e+02
-9.7485095215e+02
7.7789947510e+02
1.8970704651e+02
-3.9455343628e+02
-9.7985351562e+02
7.7108264160e+02
1.9086293030e+02
-3.9533700562e+02
-9.7949829102e+02
7.7417724609e+02
1.8313734436e+02
-3.9890133667e+02
-9.8663757324e+02
7.6339978027e+02
1.8803558350e+02
-4.0138690186e+02
-9.8050323486e+02
7.7575030518e+02
1.7643852234e+02
-3.9991024780e+02
-9.9399285889e+02
7.5588494873e+02
1.9088157654e+02
-4.0965975952e+02
-9.8075042725e+02
7.6372326660e+02
1.7737905884e+02
-3.8719747925e+02
-9.9635894775e+02
7.6372326660e+02
1.7737905884e+02
-3.8719747925e+02
-9.9635894775e+02
7.5588494873e+02
1.9088157654e+02
-4.0965975952e+02
-9.8075042725e+02
7.7575036621e+02
1.7643853760e+02
-3.9991021729e+02
-9.9399285889e+02
7.6339978027e+02
1.8803559875e+02
-4.0138690186e+02
-9.8050323486e+02
7.7417730713e+02
1.8313735962e+02
-3.9890130615e+02
-9.8663757324e+02
7.7108270264e+02
1.9086294556e+02
-3.9533697510e+02
-9.7949822998e+02
7.7789947510e+02
1.8970706177e+02
-3.9455343628e+02
-9.7985351562e+02
7.7918939209e+02
1.9632304382e+02
-3.8914660645e+02
-9.7485095215e+02
7.8477563477e+02
1.9765286255e+02
-3.8749981689e+02
-9.7249316406e+02
7.8833917236e+02
2.0343128967e+02
-3.8206860352e+02
-9.6779345703e+02
7.9339074707e+02
2.0590086365e+02
-3.7950006104e+02
-9.6381878662e+02
7.9676940918e+02
2.0880102539e+02
-3.7620932007e+02
-9.5926397705e+02
8.8066503906e+02
2.4101489258e+02
-3.9690917969e+02
-1.0344235840e+03
8.7547656250e+02
2.3729663086e+02
-4.0113848877e+02
-1.0401199951e+03
8.7024719238e+02
2.3123823547e+02
-4.0710946655e+02
-1.0460203857e+03
8.6417700195e+02
2.2792103577e+02
-4.1045983887e+02
-1.0500626221e+03
8.6066308594e+02
2.2114361572e+02
-4.1660861206e+02
-1.0555305176e+03
8.5424047852e+02
2.1993667603e+02
-4.1855813599e+02
-1.0574167480e+03
8.5395300293e+02
2.1282751465e+02
-4.2365319824e+02
-1.0634888916e+03
8.4576306152e+02
2.1449412537e+02
-4.2538806152e+02
-1.0615437012e+03
8.5108752441e+02
2.0618829346e+02
-4.2714364624e+02
-1.0709371338e+03
8.3715594482e+02
2.1321347046e+02
-4.3135842896e+02
-1.0621513672e+03
8.5112915039e+02
1.9936225891e+02
-4.2402032471e+02
-1.0747930908e+03
8.4243060303e+02
2.1026008606e+02
-4.4224340820e+02
-1.0643250732e+03
8.4243060303e+02
2.1026008606e+02
-4.4224340820e+02
-1.0643250732e+03
8.5112915039e+02
1.9936225891e+02
-4.2402029419e+02
-1.0747930908e+03
8.3715594482e+02
2.1321347046e+02
-4.3135842896e+02
-1.0621513672e+03
8.5108752441e+02
2.0618829346e+02
-4.2714361572e+02
-1.0709371338e+03
8.4576306152e+02
2.1449412537e+02
-4.2538806152e+02
-1.0615437012e+03
8.5395300293e+02
2.1282751465e+02
-4.2365316772e+02
-1.0634888916e+03
8.5424047852e+02
2.1993669128e+02
-4.1855813599e+02
-1.0574167480e+03
8.6066308594e+02
2.2114363098e+02
-4.1660861206e+02
-1.0555305176e+03
8.6417700195e+02
2.2792105103e+02
-4.1045980835e+02
-1.0500626221e+03
8.7024719238e+02
2.3123825073e+02
-4.0710946655e+02
-1.0460203857e+03
8.7547656250e+02
2.3729664612e+02
-4.0113845825e+02
-1.0401199951e+03
8.8066503906e+02
2.4101490784e+02
-3.9690914917e+02
-1.0344234619e+03
9.4844635010e+02
2.6783511353e+02
-4.1272021484e+02
-1.0947390137e+03
9.4229779053e+02
2.6139440918e+02
-4.1964566040e+02
-1.1021367188e+03
9.3543505859e+02
2.5631933594e+02
-4.2482739258e+02
-1.1080119629e+03
9.3004260254e+02
2.4903158569e+02
-4.3181256104e+02
-1.1143415527e+03
9.2332733154e+02
2.4580276489e+02
-4.3526455688e+02
-1.1180616455e+03
9.2048077393e+02
2.3866761780e+02
-4.4140075684e+02
-1.1240689697e+03
9.1328417969e+02
2.3790052795e+02
-4.4364477539e+02
-1.1249676514e+03
9.1448443604e+02
2.3063372803e+02
-4.4770083618e+02
-1.1322368164e+03
9.0488378906e+02
2.3320564270e+02
-4.5057147217e+02
-1.1280676270e+03
9.1321545410e+02
2.2372355652e+02
-4.5011499023e+02
-1.1386477051e+03
8.9965704346e+02
2.3286515808e+02
-4.5914550781e+02
-1.1302468262e+03
9.0647619629e+02
2.2209091187e+02
-4.4600659180e+02
-1.1390871582e+03
9.0647619629e+02
2.2209091187e+02
-4.4600659180e+02
-1.1390871582e+03
8.9965704346e+02
2.3286515808e+02
-4.5914547729e+02
-1.1302467041e+03
9.1321545410e+02
2.2372355652e+02
-4.5011499023e+02
-1.1386477051e+03
9.0488378906e+02
2.3320564270e+02
-4.5057147217e+02
-1.1280676270e+03
9.1448443604e+02
2.3063372803e+02
-4.4770080566e+02
-1.1322368164e+03
9.1328424072e+02
2.3790054321e+02
-4.4364474487e+02
-1.1249676514e+03
9.2048083496e+02
2.3866763306e+02
-4.4140075684e+02
-1.1240688477e+03
9.2332733154e+02
2.4580276489e+02
-4.3526452637e+02
-1.1180615234e+03
9.3004260254e+02
2.4903160095e+02
-4.3181253052e+02
-1.1143415527e+03
9.3543511963e+02
2.5631936646e+02
-4.2482736206e+02
-1.1080118408e+03
9.4229779053e+02
2.6139440918e+02
-4.1964562988e+02
-1.1021367188e+03
9.4844635010e+02
2.6783514404e+02
-4.1272018433e+02
-1.0947390137e+03
9.9874298096e+02
2.8746734619e+02
-4.2479901123e+02
-1.1392017822e+03
9.9141180420e+02
2.8071612549e+02
-4.3211758423e+02
-1.1472038574e+03
9.8444732666e+02
2.7275442505e+02
-4.3999154663e+02
-1.1547336426e+03
9.7720538330e+02
2.6769680786e+02
-4.4501147461e+02
-1.1600831299e+03
9.7231896973e+02
2.6013613892e+02
-4.5200900269e+02
-1.1666081543e+03
9.6529614258e+02
2.5733804321e+02
-4.5532443237e+02
-1.1695854492e+03
9.6361212158e+02
2.5024537659e+02
-4.6080450439e+02
-1.1761114502e+03
9.5577679443e+02
2.5013716125e+02
-4.6343515015e+02
-1.1754954834e+03
9.5887658691e+02
2.4279643250e+02
-4.6588253784e+02
-1.1839676514e+03
9.4791735840e+02
2.4707168579e+02
-4.7009082031e+02
-1.1785379639e+03
9.5625732422e+02
2.3704956055e+02
-4.6451181030e+02
-1.1878522949e+03
9.4877166748e+02
2.4526730347e+02
-4.7606274414e+02
-1.1820871582e+03
9.4877166748e+02
2.4526730347e+02
-4.7606274414e+02
-1.1820871582e+03
9.5625732422e+02
2.3704956055e+02
-4.6451181030e+02
-1.1878522949e+03
9.4791735840e+02
2.4707168579e+02
-4.7009078979e+02
-1.1785379639e+03
9.5887658691e+02
2.4279643250e+02
-4.6588250732e+02
-1.1839676514e+03
9.5577679443e+02
2.5013717651e+02
-4.6343511963e+02
-1.1754954834e+03
9.6361212158e+02
2.5024537659e+02
-4.6080447388e+02
-1.1761114502e+03
9.6529614258e+02
2.5733804321e+02
-4.5532440186e+02
-1.1695854492e+03
9.7231896973e+02
2.6013616943e+02
-4.5200897217e+02
-1.1666080322e+03
9.7720538330e+02
2.6769680786e+02
-4.4501144409e+02
-1.1600830078e+03
9.8444732666e+02
2.7275442505e+02
-4.3999151611e+02
-1.1547335205e+03
9.9141180420e+02
2.8071615601e+02
-4.3211755371e+02
-1.1472037354e+03
9.9874298096e+02
2.8746737671e+02
-4.2479898071e+02
-1.1392017822e+03
1.0300257568e+03
2.9994656372e+02
-4.3158242798e+02
-1.1667570801e+03
1.0221855469e+03
2.9142407227e+02
-4.4065087891e+02
-1.1758388672e+03
1.0143351440e+03
2.8482629395e+02
-4.4737088013e+02
-1.1827973633e+03
1.0077844849e+03
2.7670648193e+02
-4.5525671387e+02
-1.1901064453e+03
1.0004970093e+03
2.7226596069e+02
-4.5984945679e+02
-1.1946663818e+03
9.9661712646e+02
2.6498892212e+02
-4.6633090210e+02
-1.2011726074e+03
9.8941363525e+02
2.6290930176e+02
-4.6951971436e+02
-1.2029940186e+03
9.8919195557e+02
2.5614916992e+02
-4.7385403442e+02
-1.2100350342e+03
9.8080737305e+02
2.5703622437e+02
-4.7699188232e+02
-1.2076932373e+03
9.8580065918e+02
2.4938488770e+02
-4.7716864014e+02
-1.2159913330e+03
9.7637872314e+02
2.5499307251e+02
-4.8464910889e+02
-1.2106842041e+03
9.8161352539e+02
2.4639234924e+02
-4.7663998413e+02
-1.2165550537e+03
9.8161352539e+02
2.4639234924e+02
-4.7663998413e+02
-1.2165550537e+03
9.7637872314e+02
2.5499307251e+02
-4.8464910889e+02
-1.2106842041e+03
9.8580065918e+02
2.4938488770e+02
-4.7716864014e+02
-1.2159913330e+03
9.8080737305e+02
2.5703622437e+02
-4.7699185181e+02
-1.2076932373e+03
9.8919195557e+02
2.5614916992e+02
-4.7385400391e+02
-1.2100350342e+03
9.8941363525e+02
2.6290930176e+02
-4.6951971436e+02
-1.2029940186e+03
9.9661712646e+02
2.6498892212e+02
-4.6633087158e+02
-1.2011726074e+03
1.0004970093e+03
2.7226596069e+02
-4.5984942627e+02
-1.1946663818e+03
1.0077844849e+03
2.7670648193e+02
-4.5525668335e+02
-1.1901064453e+03
1.0143351440e+03
2.8482629395e+02
-4.4737084961e+02
-1.1827972412e+03
1.0221855469e+03
2.9142407227e+02
-4.4065084839e+02
-1.1758387451e+03
1.0300257568e+03
2.9994659424e+02
-4.3158239746e+02
-1.1667570801e+03
1.0414245605e+03
3.0451641846e+02
-4.3473693848e+02
-1.1768299561e+03
1.0333656006e+03
2.9661080933e+02
-4.4321719360e+02
-1.1856828613e+03
1.0256196289e+03
2.8791107178e+02
-4.5181246948e+02
-1.1939022217e+03
1.0180560913e+03
2.8208700562e+02
-4.5751235962e+02
-1.1997296143e+03
1.0125172119e+03
2.7439404297e+02
-4.6469558716e+02
-1.2066192627e+03
1.0054606934e+03
2.7071231079e+02
-4.6869522095e+02
-1.2101538086e+03
1.0029285889e+03
2.6395385742e+02
-4.7416354370e+02
-1.2166185303e+03
9.9572625732e+02
2.6272323608e+02
-4.7721743774e+02
-1.2169616699e+03
9.9715026855e+02
2.5633346558e+02
-4.7992816162e+02
-1.2242314453e+03
9.8874786377e+02
2.5860177612e+02
-4.8392114258e+02
-1.2211365967e+03
9.9352185059e+02
2.5123718262e+02
-4.8022879028e+02
-1.2281458740e+03
9.8744482422e+02
2.5739691162e+02
-4.8808041382e+02
-1.2245314941e+03
9.8744482422e+02
2.5739691162e+02
-4.8808041382e+02
-1.2245314941e+03
9.9352185059e+02
2.5123718262e+02
-4.8022879028e+02
-1.2281458740e+03
9.8874786377e+02
2.5860177612e+02
-4.8392114258e+02
-1.2211365967e+03
9.9715026855e+02
2.5633346558e+02
-4.7992816162e+02
-1.2242314453e+03
9.9572625732e+02
2.6272323608e+02
-4.7721743774e+02
-1.2169616699e+03
1.0029285889e+03
2.6395385742e+02
-4.7416354370e+02
-1.2166184082e+03
1.0054606934e+03
2.7071231079e+02
-4.6869519043e+02
-1.2101538086e+03
1.0125172119e+03
2.7439404297e+02
-4.6469555664e+02
-1.2066191406e+03
1.0180560913e+03
2.8208700562e+02
-4.5751232910e+02
-1.1997296143e+03
1.0256196289e+03
2.8791110229e+02
-4.5181243896e+02
-1.1939022217e+03
1.0333656006e+03
2.9661083984e+02
-4.4321716309e+02
-1.1856828613e+03
1.0414245605e+03
3.0451644897e+02
-4.3473690796e+02
-1.1768298340e+03
1.0329656982e+03
3.0089221191e+02
-4.3212768555e+02
-1.1692781982e+03
1.0249152832e+03
2.9229364014e+02
-4.4129727173e+02
-1.1784714355e+03
1.0172162476e+03
2.8566577148e+02
-4.4807638550e+02
-1.1853592529e+03
1.0104296875e+03
2.7768545532e+02
-4.5592358398e+02
-1.1927469482e+03
1.0033181763e+03
2.7292605591e+02
-4.6079467773e+02
-1.1974072266e+03
9.9909100342e+02
2.6608892822e+02
-4.6702545166e+02
-1.2037280273e+03
9.9237615967e+02
2.6341983032e+02
-4.7052163696e+02
-1.2059421387e+03
9.9131182861e+02
2.5741320801e+02
-4.7472079468e+02
-1.2122958984e+03
9.8426953125e+02
2.5727499390e+02
-4.7783673096e+02
-1.2112745361e+03
9.8690917969e+02
2.5123217773e+02
-4.7841259766e+02
-1.2177260742e+03
9.8026904297e+02
2.5454798889e+02
-4.8418026733e+02
-1.2144403076e+03
9.8416333008e+02
2.4771502686e+02
-4.7899578857e+02
-1.2188277588e+03
9.8416333008e+02
2.4771502686e+02
-4.7899578857e+02
-1.2188277588e+03
9.8026904297e+02
2.5454798889e+02
-4.8418026733e+02
-1.2144403076e+03
9.8690917969e+02
2.5123217773e+02
-4.7841259766e+02
-1.2177260742e+03
9.8426953125e+02
2.5727499390e+02
-4.7783673096e+02
-1.2112745361e+03
9.9131182861e+02
2.5741320801e+02
-4.7472079468e+02
-1.2122958984e+03
9.9237615967e+02
2.6341983032e+02
-4.7052163696e+02
-1.2059420166e+03
9.9909100342e+02
2.6608892822e+02
-4.6702545166e+02
-1.2037280273e+03
1.0033181763e+03
2.7292605591e+02
-4.6079467773e+02
-1.1974072266e+03
1.0104296875e+03
2.7768545532e+02
-4.5592355347e+02
-1.1927469482e+03
1.0172162476e+03
2.8566577148e+02
-4.4807635498e+02
-1.1853592529e+03
1.0249152832e+03
2.9229367065e+02
-4.4129724121e+02
-1.1784714355e+03
1.0329656982e+03
3.0089224243e+02
-4.3212765503e+02
-1.1692781982e+03
1.0040676270e+03
2.8995687866e+02
-4.2639730835e+02
-1.1441186523e+03
9.9696313477e+02
2.8310870361e+02
-4.3376641846e+02
-1.1521013184e+03
9.8953656006e+02
2.7501126099e+02
-4.4171755981e+02
-1.1599407959e+03
9.8262786865e+02
2.6952288818e+02
-4.4696163940e+02
-1.1652658691e+03
9.7727850342e+02
2.6248608398e+02
-4.5351132202e+02
-1.1716979980e+03
9.7085351562e+02
2.5870312500e+02
-4.5742993164e+02
-1.1751385498e+03
9.6811108398e+02
2.5271482849e+02
-4.6237005615e+02
-1.1809653320e+03
9.6189624023e+02
2.5101820374e+02
-4.6534173584e+02
-1.1817773438e+03
9.6226190186e+02
2.4569029236e+02
-4.6789996338e+02
-1.1876853027e+03
9.5599066162e+02
2.4668722534e+02
-4.7135531616e+02
-1.1860372314e+03
9.5859765625e+02
2.4131805420e+02
-4.6915823364e+02
-1.1912579346e+03
9.5374627686e+02
2.4596647644e+02
-4.7481222534e+02
-1.1886988525e+03
9.5374627686e+02
2.4596647644e+02
-4.7481222534e+02
-1.1886988525e+03
9.5859765625e+02
2.4131805420e+02
-4.6915823364e+02
-1.1912579346e+03
9.5599066162e+02
2.4668722534e+02
-4.7135531616e+02
-1.1860372314e+03
9.6226190186e+02
2.4569029236e+02
-4.6789996338e+02
-1.1876851807e+03
9.6189624023e+02
2.5101820374e+02
-4.6534173584e+02
-1.1817773438e+03
9.6811108398e+02
2.5271484375e+02
-4.6237002563e+02
-1.1809652100e+03
9.7085357666e+02
2.5870312500e+02
-4.5742990112e+02
-1.1751384277e+03
9.7727850342e+02
2.6248608398e+02
-4.5351129150e+02
-1.1716978760e+03
9.8262786865e+02
2.6952288818e+02
-4.4696160889e+02
-1.1652657471e+03
9.8953656006e+02
2.7501129150e+02
-4.4171752930e+02
-1.1599406738e+03
9.9696313477e+02
2.8310870361e+02
-4.3376635742e+02
-1.1521011963e+03
1.0040676270e+03
2.8995690918e+02
-4.2639724731e+02
-1.1441186523e+03
9.5707635498e+02
2.7047482300e+02
-4.1432711792e+02
-1.1020694580e+03
9.5026715088e+02
2.6378494263e+02
-4.2158990479e+02
-1.1098354492e+03
9.4388085938e+02
2.5866903687e+02
-4.2690444946e+02
-1.1154398193e+03
9.3780535889e+02
2.5184277344e+02
-4.3374749756e+02
-1.1219948730e+03
9.3161254883e+02
2.4764768982e+02
-4.3806170654e+02
-1.1260240479e+03
9.2772509766e+02
2.4186244202e+02
-4.4342520142e+02
-1.1314831543e+03
9.2199383545e+02
2.3929986572e+02
-4.4661535645e+02
-1.1335333252e+03
9.2065887451e+02
2.3435307312e+02
-4.5024551392e+02
-1.1387860107e+03
9.1507403564e+02
2.3378886414e+02
-4.5299255371e+02
-1.1384748535e+03
9.1627825928e+02
2.2921598816e+02
-4.5372067261e+02
-1.1433221436e+03
9.1163958740e+02
2.3109860229e+02
-4.5790469360e+02
-1.1413076172e+03
9.1459259033e+02
2.2570848083e+02
-4.5430911255e+02
-1.1447604980e+03
9.1459259033e+02
2.2570848083e+02
-4.5430911255e+02
-1.1447604980e+03
9.1163958740e+02
2.3109860229e+02
-4.5790466309e+02
-1.1413076172e+03
9.1627825928e+02
2.2921598816e+02
-4.5372064209e+02
-1.1433221436e+03
9.1507403564e+02
2.3378886414e+02
-4.5299255371e+02
-1.1384747314e+03
9.2065887451e+02
2.3435307312e+02
-4.5024551392e+02
-1.1387860107e+03
9.2199383545e+02
2.3929986572e+02
-4.4661532593e+02
-1.1335332031e+03
9.2772509766e+02
2.4186245728e+02
-4.4342517090e+02
-1.1314831543e+03
9.3161254883e+02
2.4764770508e+02
-4.3806170654e+02
-1.1260239258e+03
9.3780535889e+02
2.5184280396e+02
-4.3374746704e+02
-1.1219948730e+03
9.4388085938e+02
2.5866906738e+02
-4.2690441895e+02
-1.1154398193e+03
9.5026715088e+02
2.6378497314e+02
-4.2158987427e+02
-1.1098353271e+03
9.5707641602e+02
2.7047485352e+02
-4.1432708740e+02
-1.1020693359e+03
8.9062207031e+02
2.4585905457e+02
-4.0008947754e+02
-1.0439893799e+03
8.8601062012e+02
2.4207260132e+02
-4.0426473999e+02
-1.0495102539e+03
8.7985534668e+02
2.3569947815e+02
-4.1042337036e+02
-1.0561048584e+03
8.7443206787e+02
2.3146875000e+02
-4.1424044800e+02
-1.0600865479e+03
8.7002941895e+02
2.2578840637e+02
-4.1940621948e+02
-1.0653184814e+03
8.6482666016e+02
2.2258015442e+02
-4.2257376099e+02
-1.0680820312e+03
8.6244671631e+02
2.1775639343e+02
-4.2651690674e+02
-1.0727845459e+03
8.5752844238e+02
2.1614265442e+02
-4.2896536255e+02
-1.0735928955e+03
8.5740966797e+02
2.1199755859e+02
-4.3104046631e+02
-1.0780662842e+03
8.5294299316e+02
2.1232586670e+02
-4.3371536255e+02
-1.0771916504e+03
8.5430401611e+02
2.0856474304e+02
-4.3249942017e+02
-1.0809345703e+03
8.5045812988e+02
2.1215867615e+02
-4.3670373535e+02
-1.0789359131e+03
8.5045812988e+02
2.1215867615e+02
-4.3670373535e+02
-1.0789359131e+03
8.5430401611e+02
2.0856474304e+02
-4.3249942017e+02
-1.0809345703e+03
8.5294299316e+02
2.1232588196e+02
-4.3371536255e+02
-1.0771916504e+03
8.5740972900e+02
2.1199755859e+02
-4.3104046631e+02
-1.0780662842e+03
8.5752844238e+02
2.1614266968e+02
-4.2896533203e+02
-1.0735928955e+03
8.6244671631e+02
2.1775640869e+02
-4.2651687622e+02
-1.0727845459e+03
8.6482672119e+02
2.2258016968e+02
-4.2257373047e+02
-1.0680820312e+03
8.7002941895e+02
2.2578842163e+02
-4.1940618896e+02
-1.0653184814e+03
8.7443206787e+02
2.3146876526e+02
-4.1424041748e+02
-1.0600865479e+03
8.7985534668e+02
2.3569949341e+02
-4.1042333984e+02
-1.0561048584e+03
8.8601062012e+02
2.4207263184e+02
-4.0426467896e+02
-1.0495102539e+03
8.9062207031e+02
2.4585908508e+02
-4.0008944702e+02
-1.0439892578e+03
8.1062377930e+02
2.1257308960e+02
-3.7881719971e+02
-9.7074822998e+02
8.0603259277e+02
2.0916598511e+02
-3.8282302856e+02
-9.7607489014e+02
8.0183642578e+02
2.0677998352e+02
-3.8547375488e+02
-9.7939831543e+02
7.9722900391e+02
2.0193223572e+02
-3.9055352783e+02
-9.8440740967e+02
7.9249743652e+02
1.9896531677e+02
-3.9372244263e+02
-9.8730291748e+02
7.8946270752e+02
1.9468940735e+02
-3.9777651978e+02
-9.9142504883e+02
7.8507037354e+02
1.9275967407e+02
-4.0021459961e+02
-9.9289123535e+02
7.8391412354e+02
1.8910905457e+02
-4.0295980835e+02
-9.9678210449e+02
7.7983062744e+02
1.8857914734e+02
-4.0505899048e+02
-9.9666888428e+02
7.8029498291e+02
1.8537629700e+02
-4.0570996094e+02
-1.0000686646e+03
7.7719482422e+02
1.8641101074e+02
-4.0853045654e+02
-9.9879113770e+02
7.7955084229e+02
1.8219206238e+02
-4.0584729004e+02
-1.0015181274e+03
7.7955084229e+02
1.8219206238e+02
-4.0584729004e+02
-1.0015181274e+03
7.7719482422e+02
1.8641102600e+02
-4.0853045654e+02
-9.9879113770e+02
7.8029498291e+02
1.8537629700e+02
-4.0570996094e+02
-1.0000686646e+03
7.7983062744e+02
1.8857916260e+02
-4.0505899048e+02
-9.9666888428e+02
7.8391412354e+02
1.8910905457e+02
-4.0295980835e+02
-9.9678210449e+02
7.8507037354e+02
1.9275968933e+02
-4.0021456909e+02
-9.9289117432e+02
7.8946270752e+02
1.9468942261e+02
-3.9777651978e+02
-9.9142504883e+02
7.9249749756e+02
1.9896533203e+02
-3.9372244263e+02
-9.8730291748e+02
7.9722900391e+02
2.0193225098e+02
-3.9055352783e+02
-9.8440740967e+02
8.0183642578e+02
2.0678001404e+02
-3.8547372437e+02
-9.7939831543e+02
8.0603259277e+02
2.0916601562e+02
-3.8282299805e+02
-9.7607482910e+02
8.1062384033e+02
2.1257312012e+02
-3.7881716919e+02
-9.7074822998e+02
7.1247070312e+02
1.7792813110e+02
-3.5679043579e+02
-8.8484954834e+02
7.1141778564e+02
1.7858187866e+02
-3.5626187134e+02
-8.8670001221e+02
7.0711120605e+02
1.7453598022e+02
-3.6000561523e+02
-8.9165740967e+02
7.0360430908e+02
1.7201889038e+02
-3.6188705444e+02
-8.9388153076e+02
7.0062554932e+02
1.6810087585e+02
-3.6518936157e+02
-8.9743035889e+02
6.9701885986e+02
1.6589358521e+02
-3.6716754150e+02
-8.9913537598e+02
6.9539141846e+02
1.6246478271e+02
-3.6981817627e+02
-9.0242486572e+02
6.9194165039e+02
1.6128749084e+02
-3.7145996094e+02
-9.0289849854e+02
6.9176196289e+02
1.5836685181e+02
-3.7286337280e+02
-9.0596881104e+02
6.8884637451e+02
1.5843363953e+02
-3.7465457153e+02
-9.0542797852e+02
6.8953741455e+02
1.5601211548e+02
-3.7398657227e+02
-9.0794299316e+02
6.8649810791e+02
1.5890921021e+02
-3.7715054321e+02
-9.0626599121e+02
6.8649810791e+02
1.5890921021e+02
-3.7715054321e+02
-9.0626599121e+02
6.8953741455e+02
1.5601211548e+02
-3.7398657227e+02
-9.0794299316e+02
6.8884637451e+02
1.5843365479e+02
-3.7465457153e+02
-9.0542797852e+02
6.9176196289e+02
1.5836685181e+02
-3.7286337280e+02
-9.0596881104e+02
6.9194165039e+02
1.6128750610e+02
-3.7145993042e+02
-9.0289849854e+02
6.9539147949e+02
1.6246478271e+02
-3.6981817627e+02
-9.0242486572e+02
6.9701885986e+02
1.6589360046e+02
-3.6716754150e+02
-8.9913537598e+02
7.0062554932e+02
1.6810089111e+02
-3.6518936157e+02
-8.9743035889e+02
7.0360430908e+02
1.7201892090e+02
-3.6188702393e+02
-8.9388146973e+02
7.0711120605e+02
1.7453599548e+02
-3.6000561523e+02
-8.9165740967e+02
7.1141778564e+02
1.7858189392e+02
-3.5626184082e+02
-8.8670001221e+02
7.1247076416e+02
1.7792816162e+02
-3.5679040527e+02
-8.8484948730e+02
6.0815386963e+02
1.3405407715e+02
-3.2682528687e+02
-7.8540191650e+02
6.0598242188e+02
1.3425563049e+02
-3.2740402222e+02
-7.8826641846e+02
6.0432586670e+02
1.3519258118e+02
-3.2681152344e+02
-7.8872692871e+02
6.0164831543e+02
1.3284605408e+02
-3.2966046143e+02
-7.9171832275e+02
5.9863458252e+02
1.3145501709e+02
-3.3143927002e+02
-7.9330316162e+02
5.9668109131e+02
1.2886872864e+02
-3.3404815674e+02
-7.9594860840e+02
5.9373333740e+02
1.2781470490e+02
-3.3557192993e+02
-7.9668383789e+02
5.9297705078e+02
1.2551358795e+02
-3.3733956909e+02
-7.9918951416e+02
5.9031011963e+02
1.2526336670e+02
-3.3867953491e+02
-7.9897949219e+02
5.9044769287e+02
1.2329692078e+02
-3.3912307739e+02
-8.0110638428e+02
5.8856903076e+02
1.2383905029e+02
-3.4083367920e+02
-8.0021630859e+02
5.9058782959e+02
1.2053707886e+02
-3.3868228149e+02
-8.0233105469e+02
5.9058782959e+02
1.2053707886e+02
-3.3868228149e+02
-8.0233105469e+02
5.8856903076e+02
1.2383905792e+02
-3.4083367920e+02
-8.0021630859e+02
5.9044769287e+02
1.2329692841e+02
-3.3912307739e+02
-8.0110638428e+02
5.9031018066e+02
1.2526337433e+02
-3.3867953491e+02
-7.9897949219e+02
5.9297705078e+02
1.2551360321e+02
-3.3733956909e+02
-7.9918951416e+02
5.9373333740e+02
1.2781472015e+02
-3.3557192993e+02
-7.9668383789e+02
5.9668109131e+02
1.2886875916e+02
-3.3404815674e+02
-7.9594854736e+02
5.9863464355e+02
1.3145503235e+02
-3.3143923950e+02
-7.9330316162e+02
6.0164837646e+02
1.3284608459e+02
-3.2966043091e+02
-7.9171832275e+02
6.0432586670e+02
1.3519261169e+02
-3.2681152344e+02
-7.8872692871e+02
6.0598242188e+02
1.3425566101e+02
-3.2740399170e+02
-7.8826635742e+02
6.0815393066e+02
1.3405412292e+02
-3.2682528687e+02
-7.8540191650e+02
4.8578274536e+02
9.3989868164e+01
-2.9812631226e+02
-6.7868249512e+02
4.8876556396e+02
9.9730850220e+01
-2.9194161987e+02
-6.7590039062e+02
4.8647738647e+02
9.8056388855e+01
-2.9321063232e+02
-6.7935284424e+02
4.8470123291e+02
9.7014892578e+01
-2.9338159180e+02
-6.8013482666e+02
4.8308337402e+02
9.4719718933e+01
-2.9486697388e+02
-6.8202069092e+02
4.8102178955e+02
9.3510223389e+01
-2.9560910034e+02
-6.8262426758e+02
4.8019995117e+02
9.1410949707e+01
-2.9695513916e+02
-6.8447973633e+02
4.7814624023e+02
9.0748497009e+01
-2.9773757935e+02
-6.8449725342e+02
4.7808047485e+02
8.8944541931e+01
-2.9846472168e+02
-6.8632165527e+02
4.7645672607e+02
8.8932746887e+01
-2.9942141724e+02
-6.8589605713e+02
4.7676470947e+02
8.7605094910e+01
-2.9902862549e+02
-6.8744433594e+02
4.7430163574e+02
9.0062835693e+01
-3.0143634033e+02
-6.8598559570e+02
4.7430163574e+02
9.0062835693e+01
-3.0143634033e+02
-6.8598559570e+02
4.7676473999e+02
8.7605094910e+01
-2.9902862549e+02
-6.8744433594e+02
4.7645672607e+02
8.8932746887e+01
-2.9942141724e+02
-6.8589605713e+02
4.7808047485e+02
8.8944549561e+01
-2.9846472168e+02
-6.8632165527e+02
4.7814627075e+02
9.0748504639e+01
-2.9773757935e+02
-6.8449725342e+02
4.8019998169e+02
9.1410964966e+01
-2.9695513916e+02
-6.8447973633e+02
4.8102182007e+02
9.3510238647e+01
-2.9560906982e+02
-6.8262426758e+02
4.8308340454e+02
9.4719734192e+01
-2.9486694336e+02
-6.8202069092e+02
4.8470129395e+02
9.7014915466e+01
-2.9338156128e+02
-6.8013482666e+02
4.8647741699e+02
9.8056404114e+01
-2.9321060181e+02
-6.7935284424e+02
4.8876559448e+02
9.9730873108e+01
-2.9194158936e+02
-6.7590039062e+02
4.8578280640e+02
9.3989898682e+01
-2.9812628174e+02
-6.7868243408e+02
3.6813534546e+02
4.4351806641e+01
-2.5870974731e+02
-5.5732708740e+02
3.6751184082e+02
4.7045463562e+01
-2.5749337769e+02
-5.5944720459e+02
3.6767504883e+02
5.0709415436e+01
-2.5426339722e+02
-5.5737438965e+02
3.6681118774e+02
5.0836391449e+01
-2.5484568787e+02
-5.5814807129e+02
3.6537249756e+02
5.0958553314e+01
-2.5536624146e+02
-5.5855627441e+02
3.6433831787e+02
4.9840671539e+01
-2.5681842041e+02
-5.6003973389e+02
3.6254394531e+02
4.9449901581e+01
-2.5774478149e+02
-5.6040808105e+02
3.6199645996e+02
4.8141674042e+01
-2.5891110229e+02
-5.6201831055e+02
3.6034924316e+02
4.7983356476e+01
-2.5980673218e+02
-5.6192736816e+02
3.6015081787e+02
4.6868751526e+01
-2.6025326538e+02
-5.6326538086e+02
3.5913290405e+02
4.6959148407e+01
-2.6127331543e+02
-5.6273944092e+02
3.6098663330e+02
4.4256679535e+01
-2.5950979614e+02
-5.6442333984e+02
3.6098663330e+02
4.4256679535e+01
-2.5950979614e+02
-5.6442333984e+02
3.5913290405e+02
4.6959156036e+01
-2.6127331543e+02
-5.6273944092e+02
3.6015081787e+02
4.6868759155e+01
-2.6025326538e+02
-5.6326538086e+02
3.6034924316e+02
4.7983367920e+01
-2.5980673218e+02
-5.6192736816e+02
3.6199645996e+02
4.8141689301e+01
-2.5891110229e+02
-5.6201831055e+02
3.6254394531e+02
4.9449920654e+01
-2.5774475098e+02
-5.6040808105e+02
3.6433834839e+02
4.9840690613e+01
-2.5681842041e+02
-5.6003973389e+02
3.6537252808e+02
5.0958580017e+01
-2.5536622620e+02
-5.5855627441e+02
3.6681124878e+02
5.0836421967e+01
-2.5484567261e+02
-5.5814807129e+02
3.6767507935e+02
5.0709453583e+01
-2.5426339722e+02
-5.5737438965e+02
3.6751190186e+02
4.7045501709e+01
-2.5749334717e+02
-5.5944720459e+02
3.6813537598e+02
4.4351860046e+01
-2.5870971680e+02
-5.5732708740e+02
2.3080215454e+02
3.8449599743e+00
-2.2502331543e+02
-4.3718084717e+02
2.3748262024e+02
1.4479354858e+01
-2.1263621521e+02
-4.2875610352e+02
2.3713986206e+02
1.4895271301e+01
-2.1169854736e+02
-4.3119891357e+02
2.3601901245e+02
1.4114025116e+01
-2.1156005859e+02
-4.3219235229e+02
2.3442248535e+02
1.2038780212e+01
-2.1260661316e+02
-4.3382159424e+02
2.3251792908e+02
1.0581553459e+01
-2.1323692322e+02
-4.3435714722e+02
2.3134120178e+02
8.7098960876e+00
-2.1416050720e+02
-4.3549353027e+02
2.2962634277e+02
7.8076353073e+00
-2.1466194153e+02
-4.3536492920e+02
2.2903730774e+02
6.4596691132e+00
-2.1510699463e+02
-4.3625912476e+02
2.2800663757e+02
6.0936088562e+00
-2.1551811218e+02
-4.3583792114e+02
2.2771554565e+02
5.4202914238e+00
-2.1534088135e+02
-4.3662936401e+02
2.2535548401e+02
7.5139851570e+00
-2.1726812744e+02
-4.3533709717e+02
2.2535548401e+02
7.5139865875e+00
-2.1726812744e+02
-4.3533709717e+02
2.2771554565e+02
5.4202933311e+00
-2.1534088135e+02
-4.3662933350e+02
2.2800663757e+02
6.0936136246e+00
-2.1551811218e+02
-4.3583792114e+02
2.2903732300e+02
6.4596748352e+00
-2.1510699463e+02
-4.3625912476e+02
2.2962635803e+02
7.8076429367e+00
-2.1466192627e+02
-4.3536492920e+02
2.3134121704e+02
8.7099046707e+00
-2.1416049194e+02
-4.3549349976e+02
2.3251795959e+02
1.0581563950e+01
-2.1323690796e+02
-4.3435714722e+02
2.3442251587e+02
1.2038791656e+01
-2.1260659790e+02
-4.3382156372e+02
2.3601904297e+02
1.4114039421e+01
-2.1156002808e+02
-4.3219232178e+02
2.3713989258e+02
1.4895286560e+01
-2.1169853210e+02
-4.3119888306e+02
2.3748266602e+02
1.4479374886e+01
-2.1263619995e+02
-4.2875610352e+02
2.3080220032e+02
3.8449778557e+00
-2.2502326965e+02
-4.3718081665e+02
1.1479783630e+02
-4.1306034088e+01
-1.7004426575e+02
-2.9534555054e+02
1.1154470062e+02
-4.0701515198e+01
-1.7278361511e+02
-3.0287658691e+02
1.0826681519e+02
-3.9243564606e+01
-1.7159768677e+02
-3.0227770996e+02
1.0580157471e+02
-3.9533214569e+01
-1.7199952698e+02
-3.0204116821e+02
1.0407723236e+02
-3.9288604736e+01
-1.7210145569e+02
-3.0150372314e+02
1.0330768585e+02
-3.9411529541e+01
-1.7258285522e+02
-3.0171493530e+02
1.0265905762e+02
-3.8978065491e+01
-1.7274357605e+02
-3.0149493408e+02
1.0280342102e+02
-3.8964912415e+01
-1.7306898499e+02
-3.0216592407e+02
1.0262129211e+02
-3.8508831024e+01
-1.7325833130e+02
-3.0204019165e+02
1.0273310089e+02
-3.8437950134e+01
-1.7342297363e+02
-3.0277566528e+02
1.0292922211e+02
-3.8253211975e+01
-1.7372074890e+02
-3.0245819092e+02
1.0523344421e+02
-4.0306789398e+01
-1.7203105164e+02
-3.0373315430e+02
1.0523345184e+02
-4.0306789398e+01
-1.7203105164e+02
-3.0373315430e+02
1.0292922974e+02
-3.8253204346e+01
-1.7372074890e+02
-3.0245822144e+02
1.0273311615e+02
-3.8437938690e+01
-1.7342297363e+02
-3.0277566528e+02
1.0262131500e+02
-3.8508815765e+01
-1.7325833130e+02
-3.0204019165e+02
1.0280345154e+02
-3.8964893341e+01
-1.7306898499e+02
-3.0216592407e+02
1.0265909576e+02
-3.8978038788e+01
-1.7274357605e+02
-3.0149496460e+02
1.0330772400e+02
-3.9411502838e+01
-1.7258285522e+02
-3.0171493530e+02
1.0407726288e+02
-3.9288574219e+01
-1.7210144043e+02
-3.0150372314e+02
1.0580160522e+02
-3.9533180237e+01
-1.7199951172e+02
-3.0204116821e+02
1.0826683807e+02
-3.9243530273e+01
-1.7159767151e+02
-3.0227770996e+02
1.1154471588e+02
-4.0701477051e+01
-1.7278359985e+02
-3.0287655640e+02
1.1479785919e+02
-4.1305980682e+01
-1.7004423523e+02
-2.9534552002e+02
-8.2857414246e+01
-1.1312191772e+02
-1.4578283691e+02
-1.5371018982e+02
-7.4735305786e+01
-1.0158319092e+02
-1.2987971497e+02
-1.4091835022e+02
-6.3912902832e+01
-9.4109436035e+01
-1.2512194824e+02
-1.4392788696e+02
-5.2118099213e+01
-8.7592956543e+01
-1.2367201233e+02
-1.5003843689e+02
-4.1141071320e+01
-8.2526084900e+01
-1.2396438599e+02
-1.5772370911e+02
-3.1464477539e+01
-7.8074638367e+01
-1.2471753693e+02
-1.6487294006e+02
-2.3025489807e+01
-7.4690345764e+01
-1.2585446167e+02
-1.7177656555e+02
-1.6232078552e+01
-7.1726432800e+01
-1.2685470581e+02
-1.7719473267e+02
-1.0702183723e+01
-6.9591156006e+01
-1.2783554077e+02
-1.8212095642e+02
-6.3714613914e+00
-6.8059074402e+01
-1.2855265808e+02
-1.8530651855e+02
-4.0978775024e+00
-6.7006103516e+01
-1.2914387512e+02
-1.8812638855e+02
-5.3198046684e+00
-6.4598518372e+01
-1.3120266724e+02
-1.8839372253e+02
-5.3197898865e+00
-6.4598510742e+01
-1.3120266724e+02
-1.8839373779e+02
-4.0978336334e+00
-6.7006080627e+01
-1.2914387512e+02
-1.8812641907e+02
-6.3713884354e+00
-6.8059036255e+01
-1.2855265808e+02
-1.8530654907e+02
-1.0702080727e+01
-6.9591110229e+01
-1.2783554077e+02
-1.8212101746e+02
-1.6231946945e+01
-7.1726364136e+01
-1.2685470581e+02
-1.7719480896e+02
-2.3025327682e+01
-7.4690261841e+01
-1.2585446167e+02
-1.7177665710e+02
-3.1464282990e+01
-7.8074539185e+01
-1.2471752930e+02
-1.6487304688e+02
-4.1140846252e+01
-8.2525970459e+01
-1.2396438599e+02
-1.5772383118e+02
-5.2117843628e+01
-8.7592826843e+01
-1.2367200470e+02
-1.5003857422e+02
-6.3912620544e+01
-9.4109298706e+01
-1.2512194061e+02
-1.4392803955e+02
-7.4735008240e+01
-1.0158303070e+02
-1.2987969971e+02
-1.4091851807e+02
-8.2857131958e+01
-1.1312176514e+02
-1.4578277588e+02
-1.5371031189e+02
