9.8215869141e+02
2.5592408752e+02
-5.1203833008e+02
-1.2484555664e+03
9.8449420166e+02
2.5211576843e+02
-5.0023635864e+02
-1.2413504639e+03
1.0298233643e+03
2.6061001587e+02
-5.1016711426e+02
-1.2872222900e+03
1.0748037109e+03
2.7243539429e+02
-5.2324066162e+02
-1.3333802490e+03
1.1156418457e+03
2.8365536499e+02
-5.3661236572e+02
-1.3764250488e+03
1.1500406494e+03
2.9334915161e+02
-5.4824121094e+02
-1.4130070801e+03
1.1777172852e+03
3.0144842529e+02
-5.5823199463e+02
-1.4425523682e+03
1.2001923828e+03
3.0781533813e+02
-5.6610058594e+02
-1.4669130859e+03
1.2166247559e+03
3.1297604370e+02
-5.7255010986e+02
-1.4843537598e+03
1.2292717285e+03
3.1621606445e+02
-5.7674029541e+02
-1.4982728271e+03
1.2365672607e+03
3.1900863647e+02
-5.8024176025e+02
-1.5063187256e+03
1.2401101074e+03
3.1995327759e+02
-5.8143402100e+02
-1.5113830566e+03
1.2401101074e+03
3.1995327759e+02
-5.8143402100e+02
-1.5113830566e+03
1.2365672607e+03
3.1900863647e+02
-5.8024176025e+02
-1.5063187256e+03
1.2292717285e+03
3.1621606445e+02
-5.7674029541e+02
-1.4982728271e+03
1.2166247559e+03
3.1297604370e+02
-5.7255010986e+02
-1.4843537598e+03
1.2001923828e+03
3.0781533813e+02
-5.6610058594e+02
-1.4669130859e+03
1.1777172852e+03
3.0144842529e+02
-5.5823199463e+02
-1.4425523682e+03
1.1500406494e+03
2.9334915161e+02
-5.4824121094e+02
-1.4130070801e+03
1.1156418457e+03
2.8365536499e+02
-5.3661236572e+02
-1.3764250488e+03
1.0748037109e+03
2.7243539429e+02
-5.2324066162e+02
-1.3333802490e+03
1.0298233643e+03
2.6061001587e+02
-5.1016711426e+02
-1.2872222900e+03
9.8449420166e+02
2.5211576843e+02
-5.0023635864e+02
-1.2413504639e+03
9.8215869141e+02
2.5592408752e+02
-5.1203833008e+02
-1.2484555664e+03
1.0705373535e+03
2.8026287842e+02
-4.6145178223e+02
-1.2586694336e+03
1.0880296631e+03
2.8341174316e+02
-5.1050997925e+02
-1.3176746826e+03
1.0564072266e+03
2.7379110718e+02
-5.1885052490e+02
-1.3006883545e+03
1.0337301025e+03
2.6548834229e+02
-5.2289184570e+02
-1.2888885498e+03
1.0163106079e+03
2.5933599854e+02
-5.2461614990e+02
-1.2782460938e+03
1.0048613892e+03
2.5502775574e+02
-5.2632330322e+02
-1.2719294434e+03
9.9844525146e+02
2.5198791504e+02
-5.2763153076e+02
-1.2694207764e+03
9.9392864990e+02
2.5027336121e+02
-5.2931561279e+02
-1.2675466309e+03
9.9270239258e+02
2.4867651367e+02
-5.3016992188e+02
-1.2688293457e+03
9.9105841064e+02
2.4856324768e+02
-5.3186132812e+02
-1.2683563232e+03
9.9153143311e+02
2.4731388855e+02
-5.3187603760e+02
-1.2699554443e+03
9.9135540771e+02
2.4760237122e+02
-5.3295697021e+02
-1.2693525391e+03
9.9135540771e+02
2.4760237122e+02
-5.3295697021e+02
-1.2693525391e+03
9.9153143311e+02
2.4731388855e+02
-5.3187603760e+02
-1.2699554443e+03
9.9105841064e+02
2.4856324768e+02
-5.3186132812e+02
-1.2683563232e+03
9.9270239258e+02
2.4867651367e+02
-5.3016992188e+02
-1.2688293457e+03
9.9392864990e+02
2.5027336121e+02
-5.2931561279e+02
-1.2675466309e+03
9.9844525146e+02
2.5198791504e+02
-5.2763153076e+02
-1.2694207764e+03
1.0048613892e+03
2.5502775574e+02
-5.2632330322e+02
-1.2719294434e+03
1.0163106079e+03
2.5933599854e+02
-5.2461614990e+02
-1.2782460938e+03
1.0337301025e+03
2.6548834229e+02
-5.2289184570e+02
-1.2888885498e+03
1.0564072266e+03
2.7379110718e+02
-5.1885052490e+02
-1.3006883545e+03
1.0880296631e+03
2.8341174316e+02
-5.1050997925e+02
-1.3176746826e+03
1.0705373535e+03
2.8026287842e+02
-4.6145178223e+02
-1.2586694336e+03
9.2848101807e+02
2.4346920776e+02
-4.6914111328e+02
-1.1561804199e+03
9.0125579834e+02
2.2728038025e+02
-4.4710174561e+02
-1.1264943848e+03
9.0716943359e+02
2.1939773560e+02
-4.5359552002e+02
-1.1486678467e+03
9.0004058838e+02
2.1053378296e+02
-4.5558782959e+02
-1.1528757324e+03
8.9174060059e+02
2.0269946289e+02
-4.5759686279e+02
-1.1547656250e+03
8.8265759277e+02
1.9577296448e+02
-4.5812133789e+02
-1.1533801270e+03
8.7315100098e+02
1.9029852295e+02
-4.5872982788e+02
-1.1497943115e+03
8.6641894531e+02
1.8543572998e+02
-4.5841500854e+02
-1.1479294434e+03
8.5910058594e+02
1.8255903625e+02
-4.5905343628e+02
-1.1435848389e+03
8.5557598877e+02
1.7909606934e+02
-4.5803485107e+02
-1.1429515381e+03
8.5144451904e+02
1.7870970154e+02
-4.5904110718e+02
-1.1400418701e+03
8.5039282227e+02
1.7708317566e+02
-4.5790704346e+02
-1.1405483398e+03
8.5039282227e+02
1.7708317566e+02
-4.5790704346e+02
-1.1405483398e+03
8.5144451904e+02
1.7870970154e+02
-4.5904110718e+02
-1.1400418701e+03
8.5557598877e+02
1.7909606934e+02
-4.5803485107e+02
-1.1429515381e+03
8.5910058594e+02
1.8255903625e+02
-4.5905343628e+02
-1.1435848389e+03
8.6641894531e+02
1.8543572998e+02
-4.5841500854e+02
-1.1479294434e+03
8.7315100098e+02
1.9029852295e+02
-4.5872982788e+02
-1.1497943115e+03
8.8265759277e+02
1.9577296448e+02
-4.5812133789e+02
-1.1533801270e+03
8.9174060059e+02
2.0269946289e+02
-4.5759686279e+02
-1.1547656250e+03
9.0004058838e+02
2.1053378296e+02
-4.5558782959e+02
-1.1528757324e+03
9.0716943359e+02
2.1939773560e+02
-4.5359552002e+02
-1.1486678467e+03
9.0125579834e+02
2.2728038025e+02
-4.4710174561e+02
-1.1264943848e+03
9.2848101807e+02
2.4346920776e+02
-4.6914111328e+02
-1.1561804199e+03
7.3036816406e+02
1.5668669128e+02
-3.9182861328e+02
-9.5671960449e+02
7.4728381348e+02
1.6573472595e+02
-4.1683776855e+02
-9.8928948975e+02
7.3099969482e+02
1.6464140320e+02
-4.1639437866e+02
-9.7389849854e+02
7.2666143799e+02
1.6384303284e+02
-4.2170953369e+02
-9.7563122559e+02
7.2141516113e+02
1.6179597473e+02
-4.2506756592e+02
-9.7558856201e+02
7.1671270752e+02
1.5969593811e+02
-4.2873010254e+02
-9.7628515625e+02
7.1367639160e+02
1.5712402344e+02
-4.3092022705e+02
-9.7807629395e+02
7.0885296631e+02
1.5545399475e+02
-4.3342318726e+02
-9.7687915039e+02
7.0732611084e+02
1.5276568604e+02
-4.3390240479e+02
-9.7900915527e+02
7.0337878418e+02
1.5263331604e+02
-4.3616610718e+02
-9.7677636719e+02
7.0311474609e+02
1.4993087769e+02
-4.3527001953e+02
-9.7851080322e+02
7.0142156982e+02
1.5068629456e+02
-4.3709024048e+02
-9.7677062988e+02
7.0142156982e+02
1.5068629456e+02
-4.3709024048e+02
-9.7677062988e+02
7.0311474609e+02
1.4993087769e+02
-4.3527001953e+02
-9.7851080322e+02
7.0337878418e+02
1.5263331604e+02
-4.3616610718e+02
-9.7677636719e+02
7.0732611084e+02
1.5276568604e+02
-4.3390240479e+02
-9.7900915527e+02
7.0885296631e+02
1.5545399475e+02
-4.3342318726e+02
-9.7687915039e+02
7.1367639160e+02
1.5712402344e+02
-4.3092022705e+02
-9.7807629395e+02
7.1671270752e+02
1.5969593811e+02
-4.2873010254e+02
-9.7628515625e+02
7.2141516113e+02
1.6179597473e+02
-4.2506756592e+02
-9.7558856201e+02
7.2666143799e+02
1.6384303284e+02
-4.2170953369e+02
-9.7563122559e+02
7.3099969482e+02
1.6464140320e+02
-4.1639437866e+02
-9.7389849854e+02
7.4728381348e+02
1.6573472595e+02
-4.1683776855e+02
-9.8928948975e+02
7.3036816406e+02
1.5668669128e+02
-3.9182861328e+02
-9.5671960449e+02
5.5971124268e+02
1.0056230164e+02
-3.6237271118e+02
-8.1019409180e+02
5.4637841797e+02
9.5262901306e+01
-3.4446347046e+02
-7.9149456787e+02
5.5403759766e+02
9.3177383423e+01
-3.4850689697e+02
-8.0884796143e+02
5.4921600342e+02
8.8741622925e+01
-3.4635382080e+02
-8.0756127930e+02
5.4623614502e+02
8.5557479858e+01
-3.4687649536e+02
-8.0904382324e+02
5.4379071045e+02
8.2477676392e+01
-3.4665609741e+02
-8.0995635986e+02
5.4012023926e+02
8.0516487122e+01
-3.4769708252e+02
-8.0919744873e+02
5.3978051758e+02
7.8040832520e+01
-3.4759460449e+02
-8.1179931641e+02
5.3626129150e+02
7.7709640503e+01
-3.4940051270e+02
-8.0977807617e+02
5.3715301514e+02
7.4921241760e+01
-3.4821047974e+02
-8.1301257324e+02
5.3456805420e+02
7.6473648071e+01
-3.5055627441e+02
-8.1091717529e+02
5.3541497803e+02
7.4344482422e+01
-3.4870477295e+02
-8.1317755127e+02
5.3541497803e+02
7.4344482422e+01
-3.4870477295e+02
-8.1317755127e+02
5.3456805420e+02
7.6473648071e+01
-3.5055627441e+02
-8.1091717529e+02
5.3715301514e+02
7.4921241760e+01
-3.4821047974e+02
-8.1301257324e+02
5.3626129150e+02
7.7709640503e+01
-3.4940051270e+02
-8.0977807617e+02
5.3978051758e+02
7.8040832520e+01
-3.4759460449e+02
-8.1179931641e+02
5.4012023926e+02
8.0516487122e+01
-3.4769708252e+02
-8.0919744873e+02
5.4379071045e+02
8.2477676392e+01
-3.4665609741e+02
-8.0995635986e+02
5.4623614502e+02
8.5557479858e+01
-3.4687649536e+02
-8.0904382324e+02
5.4921600342e+02
8.8741622925e+01
-3.4635382080e+02
-8.0756127930e+02
5.5403759766e+02
9.3177383423e+01
-3.4850689697e+02
-8.0884796143e+02
5.4637841797e+02
9.5262901306e+01
-3.4446347046e+02
-7.9149456787e+02
5.5971124268e+02
1.0056230164e+02
-3.6237271118e+02
-8.1019409180e+02
3.5260098267e+02
2.0361351013e+01
-2.9586502075e+02
-6.0771905518e+02
3.6408026123e+02
3.1189954758e+01
-3.0304275513e+02
-6.2024359131e+02
3.5464279175e+02
3.3433776855e+01
-2.9814938354e+02
-6.0710058594e+02
3.5554272461e+02
3.5189804077e+01
-3.0195715332e+02
-6.1081634521e+02
3.5366156006e+02
3.4876300812e+01
-3.0308084106e+02
-6.1071795654e+02
3.5129528809e+02
3.4643432617e+01
-3.0525100708e+02
-6.1057531738e+02
3.5116397095e+02
3.3503238678e+01
-3.0582369995e+02
-6.1242437744e+02
3.4765509033e+02
3.3591236115e+01
-3.0765386963e+02
-6.1006201172e+02
3.4897692871e+02
3.1597938538e+01
-3.0684490967e+02
-6.1330401611e+02
3.4549203491e+02
3.3311050415e+01
-3.0947781372e+02
-6.0987835693e+02
3.4726696777e+02
3.0090202332e+01
-3.0724212646e+02
-6.1296551514e+02
3.4533538818e+02
3.2332798004e+01
-3.1002542114e+02
-6.1037329102e+02
3.4533538818e+02
3.2332798004e+01
-3.1002542114e+02
-6.1037329102e+02
3.4726696777e+02
3.0090202332e+01
-3.0724212646e+02
-6.1296551514e+02
3.4549203491e+02
3.3311050415e+01
-3.0947781372e+02
-6.0987835693e+02
3.4897692871e+02
3.1597938538e+01
-3.0684490967e+02
-6.1330401611e+02
3.4765509033e+02
3.3591236115e+01
-3.0765386963e+02
-6.1006201172e+02
3.5116397095e+02
3.3503238678e+01
-3.0582369995e+02
-6.1242437744e+02
3.5129528809e+02
3.4643432617e+01
-3.0525100708e+02
-6.1057531738e+02
3.5366156006e+02
3.4876300812e+01
-3.0308084106e+02
-6.1071795654e+02
3.5554272461e+02
3.5189804077e+01
-3.0195715332e+02
-6.1081634521e+02
3.5464279175e+02
3.3433776855e+01
-2.9814938354e+02
-6.0710058594e+02
3.6408026123e+02
3.1189954758e+01
-3.0304275513e+02
-6.2024359131e+02
3.5260098267e+02
2.0361351013e+01
-2.9586502075e+02
-6.0771905518e+02
1.5604763794e+02
-4.7013614655e+01
-2.4160313416e+02
-4.2475765991e+02
1.5303451538e+02
-4.4234939575e+01
-2.2653970337e+02
-4.1244967651e+02
1.6040881348e+02
-4.2202816010e+01
-2.2701660156e+02
-4.2273794556e+02
1.5779469299e+02
-4.3464332581e+01
-2.2263209534e+02
-4.1877923584e+02
1.5732905579e+02
-4.3957153320e+01
-2.2246858215e+02
-4.1954531860e+02
1.5759878540e+02
-4.5211585999e+01
-2.2139933777e+02
-4.2060263062e+02
1.5520230103e+02
-4.5464111328e+01
-2.2210200500e+02
-4.1905908203e+02
1.5724414062e+02
-4.7094696045e+01
-2.2107371521e+02
-4.2239654541e+02
1.5369424438e+02
-4.5959373474e+01
-2.2300309753e+02
-4.1882748413e+02
1.5659066772e+02
-4.9078372955e+01
-2.2046871948e+02
-4.2327951050e+02
1.5332081604e+02
-4.5691707611e+01
-2.2376364136e+02
-4.1960034180e+02
1.5530520630e+02
-4.8998420715e+01
-2.2048257446e+02
-4.2286352539e+02
1.5530520630e+02
-4.8998420715e+01
-2.2048257446e+02
-4.2286352539e+02
1.5332081604e+02
-4.5691707611e+01
-2.2376364136e+02
-4.1960034180e+02
1.5659066772e+02
-4.9078372955e+01
-2.2046871948e+02
-4.2327951050e+02
1.5369424438e+02
-4.5959373474e+01
-2.2300309753e+02
-4.1882748413e+02
1.5724414062e+02
-4.7094696045e+01
-2.2107371521e+02
-4.2239654541e+02
1.5520230103e+02
-4.5464111328e+01
-2.2210200500e+02
-4.1905908203e+02
1.5759878540e+02
-4.5211585999e+01
-2.2139933777e+02
-4.2060263062e+02
1.5732905579e+02
-4.3957153320e+01
-2.2246858215e+02
-4.1954531860e+02
1.5779469299e+02
-4.3464332581e+01
-2.2263209534e+02
-4.1877923584e+02
1.6040881348e+02
-4.2202816010e+01
-2.2701660156e+02
-4.2273794556e+02
1.5303451538e+02
-4.4234939575e+01
-2.2653970337e+02
-4.1244967651e+02
1.5604763794e+02
-4.7013614655e+01
-2.4160313416e+02
-4.2475765991e+02
-5.3242858887e+01
-1.1994827271e+02
-1.7428805542e+02
-2.1612562561e+02
-4.5002449036e+01
-1.0895921326e+02
-1.7232695007e+02
-2.1871469116e+02
-4.9640003204e+01
-1.0531270599e+02
-1.6632025146e+02
-2.0912309265e+02
-4.7126422882e+01
-1.0262961578e+02
-1.6853948975e+02
-2.1224861145e+02
-4.7453052521e+01
-1.0219273376e+02
-1.6791477966e+02
-2.1151937866e+02
-4.8963314056e+01
-1.0145623016e+02
-1.6913754272e+02
-2.1042872620e+02
-4.7223323822e+01
-1.0204538727e+02
-1.6866375732e+02
-2.1266706848e+02
-5.0711402893e+01
-1.0095584106e+02
-1.7034150696e+02
-2.0915455627e+02
-4.7230957031e+01
-1.0304071045e+02
-1.6848101807e+02
-2.1380853271e+02
-5.1499237061e+01
-9.9845962524e+01
-1.7193193054e+02
-2.0871635437e+02
-4.7849472046e+01
-1.0449573517e+02
-1.6810186768e+02
-2.1345127869e+02
-5.0613422394e+01
-1.0042866516e+02
-1.7233506775e+02
-2.0958653259e+02
-5.0613422394e+01
-1.0042866516e+02
-1.7233506775e+02
-2.0958653259e+02
-4.7849472046e+01
-1.0449573517e+02
-1.6810186768e+02
-2.1345127869e+02
-5.1499237061e+01
-9.9845962524e+01
-1.7193193054e+02
-2.0871635437e+02
-4.7230957031e+01
-1.0304071045e+02
-1.6848101807e+02
-2.1380853271e+02
-5.0711402893e+01
-1.0095584106e+02
-1.7034150696e+02
-2.0915455627e+02
-4.7223323822e+01
-1.0204538727e+02
-1.6866375732e+02
-2.1266706848e+02
-4.8963314056e+01
-1.0145623016e+02
-1.6913754272e+02
-2.1042872620e+02
-4.7453052521e+01
-1.0219273376e+02
-1.6791477966e+02
-2.1151937866e+02
-4.7126422882e+01
-1.0262961578e+02
-1.6853948975e+02
-2.1224861145e+02
-4.9640003204e+01
-1.0531270599e+02
-1.6632025146e+02
-2.0912309265e+02
-4.5002449036e+01
-1.0895921326e+02
-1.7232695007e+02
-2.1871469116e+02
-5.3242858887e+01
-1.1994827271e+02
-1.7428805542e+02
-2.1612562561e+02
-2.5484268188e+02
-1.8673953247e+02
-1.0654534149e+02
-1.6575214386e+01
-2.5393608093e+02
-1.8125944519e+02
-9.4653030396e+01
-8.3356218338e+00
-2.4874858093e+02
-1.7818496704e+02
-9.3638153076e+01
-1.4020899773e+01
-2.5028048706e+02
-1.7843292236e+02
-8.9539108276e+01
-1.0454852104e+01
-2.5031802368e+02
-1.7811888123e+02
-8.9831817627e+01
-1.1206460953e+01
-2.4902029419e+02
-1.7898374939e+02
-8.8738319397e+01
-1.2838958740e+01
-2.5173562622e+02
-1.7860615540e+02
-8.9741539001e+01
-1.0605137825e+01
-2.4820356750e+02
-1.8030505371e+02
-8.8280113220e+01
-1.5076627731e+01
-2.5297499084e+02
-1.7825962830e+02
-9.0926597595e+01
-9.9163141251e+00
-2.4817442322e+02
-1.8240773010e+02
-8.7135696411e+01
-1.6343233109e+01
-2.5303884888e+02
-1.7687591553e+02
-9.2109840393e+01
-1.0752268791e+01
-2.4970855713e+02
-1.8221801758e+02
-8.7002304077e+01
-1.5524867058e+01
-2.4970855713e+02
-1.8221801758e+02
-8.7002304077e+01
-1.5524867058e+01
-2.5303884888e+02
-1.7687591553e+02
-9.2109840393e+01
-1.0752268791e+01
-2.4817442322e+02
-1.8240773010e+02
-8.7135696411e+01
-1.6343233109e+01
-2.5297499084e+02
-1.7825962830e+02
-9.0926597595e+01
-9.9163141251e+00
-2.4820356750e+02
-1.8030505371e+02
-8.8280113220e+01
-1.5076627731e+01
-2.5173562622e+02
-1.7860615540e+02
-8.9741539001e+01
-1.0605137825e+01
-2.4902029419e+02
-1.7898374939e+02
-8.8738319397e+01
-1.2838958740e+01
-2.5031802368e+02
-1.7811888123e+02
-8.9831817627e+01
-1.1206460953e+01
-2.5028048706e+02
-1.7843292236e+02
-8.9539108276e+01
-1.0454852104e+01
-2.4874858093e+02
-1.7818496704e+02
-9.3638153076e+01
-1.4020899773e+01
-2.5393608093e+02
-1.8125944519e+02
-9.4653030396e+01
-8.3356218338e+00
-2.5484268188e+02
-1.8673953247e+02
-1.0654534149e+02
-1.6575214386e+01
-4.5558370972e+02
-2.5036656189e+02
-3.5999122620e+01
1.9144955444e+02
-4.5098840332e+02
-2.4218258667e+02
-3.2139328003e+01
1.9155572510e+02
-4.5385507202e+02
-2.3969900513e+02
-2.7883939743e+01
1.9670890808e+02
-4.5239123535e+02
-2.3803791809e+02
-3.0080802917e+01
1.9362394714e+02
-4.5264993286e+02
-2.3836109924e+02
-2.9575557709e+01
1.9333151245e+02
-4.5483328247e+02
-2.3798716736e+02
-3.1284431458e+01
1.9419004822e+02
-4.5236392212e+02
-2.3921624756e+02
-3.0883045197e+01
1.9048585510e+02
-4.5718572998e+02
-2.3800907898e+02
-3.3330539703e+01
1.9464602661e+02
-4.5202450562e+02
-2.4105810547e+02
-3.0906068802e+01
1.8774949646e+02
-4.5833044434e+02
-2.3669905090e+02
-3.5986175537e+01
1.9482801819e+02
-4.5260629272e+02
-2.4388456726e+02
-3.0261060715e+01
1.8755630493e+02
-4.5695608521e+02
-2.3725636292e+02
-3.6726955414e+01
1.9306921387e+02
-4.5695608521e+02
-2.3725636292e+02
-3.6726955414e+01
1.9306921387e+02
-4.5260629272e+02
-2.4388456726e+02
-3.0261060715e+01
1.8755630493e+02
-4.5833044434e+02
-2.3669905090e+02
-3.5986175537e+01
1.9482801819e+02
-4.5202450562e+02
-2.4105810547e+02
-3.0906068802e+01
1.8774949646e+02
-4.5718572998e+02
-2.3800907898e+02
-3.3330539703e+01
1.9464602661e+02
-4.5236392212e+02
-2.3921624756e+02
-3.0883045197e+01
1.9048585510e+02
-4.5483328247e+02
-2.3798716736e+02
-3.1284431458e+01
1.9419004822e+02
-4.5264993286e+02
-2.3836109924e+02
-2.9575557709e+01
1.9333151245e+02
-4.5239123535e+02
-2.3803791809e+02
-3.0080802917e+01
1.9362394714e+02
-4.5385507202e+02
-2.3969900513e+02
-2.7883939743e+01
1.9670890808e+02
-4.5098840332e+02
-2.4218258667e+02
-3.2139328003e+01
1.9155572510e+02
-4.5558370972e+02
-2.5036656189e+02
-3.5999122620e+01
1.9144955444e+02
-6.4540991211e+02
-3.0937362671e+02
3.6618591309e+01
3.8976367188e+02
-6.4560491943e+02
-3.0618154907e+02
4.3333225250e+01
3.9340240479e+02
-6.4412188721e+02
-3.0510815430e+02
4.2870548248e+01
3.8875979614e+02
-6.4621618652e+02
-3.0660855103e+02
4.4467376709e+01
3.8952407837e+02
-6.4774383545e+02
-3.0733193970e+02
4.2409999847e+01
3.8768362427e+02
-6.4680322266e+02
-3.0928414917e+02
4.2321647644e+01
3.8426425171e+02
-6.5117364502e+02
-3.0942239380e+02
3.9954051971e+01
3.8630343628e+02
-6.4687103271e+02
-3.1225122070e+02
4.1045047760e+01
3.7963900757e+02
-6.5413104248e+02
-3.0992352295e+02
3.6797389984e+01
3.8611203003e+02
-6.4733142090e+02
-3.1593447876e+02
4.1760036469e+01
3.7639596558e+02
-6.5497460938e+02
-3.0778665161e+02
3.4002059937e+01
3.8447637939e+02
-6.4979174805e+02
-3.1656097412e+02
4.1522224426e+01
3.7746978760e+02
-6.4979174805e+02
-3.1656097412e+02
4.1522224426e+01
3.7746978760e+02
-6.5497460938e+02
-3.0778665161e+02
3.4002059937e+01
3.8447637939e+02
-6.4733142090e+02
-3.1593447876e+02
4.1760036469e+01
3.7639596558e+02
-6.5413104248e+02
-3.0992352295e+02
3.6797389984e+01
3.8611203003e+02
-6.4687103271e+02
-3.1225122070e+02
4.1045047760e+01
3.7963900757e+02
-6.5117364502e+02
-3.0942239380e+02
3.9954051971e+01
3.8630343628e+02
-6.4680322266e+02
-3.0928414917e+02
4.2321647644e+01
3.8426425171e+02
-6.4774383545e+02
-3.0733193970e+02
4.2409999847e+01
3.8768362427e+02
-6.4621618652e+02
-3.0660855103e+02
4.4467376709e+01
3.8952407837e+02
-6.4412188721e+02
-3.0510815430e+02
4.2870548248e+01
3.8875979614e+02
-6.4560491943e+02
-3.0618154907e+02
4.3333225250e+01
3.9340240479e+02
-6.4540991211e+02
-3.0937362671e+02
3.6618591309e+01
3.8976367188e+02
-8.2531665039e+02
-3.6166796875e+02
1.0658830261e+02
5.8408264160e+02
-8.2588861084e+02
-3.5925634766e+02
1.0715230560e+02
5.8220758057e+02
-8.2985717773e+02
-3.6031518555e+02
1.0739052582e+02
5.8219061279e+02
-8.3141137695e+02
-3.6144512939e+02
1.0334032440e+02
5.7774383545e+02
-8.3295263672e+02
-3.6398312378e+02
1.0193952179e+02
5.7476849365e+02
-8.3721179199e+02
-3.6519537354e+02
9.8419738770e+01
5.7430560303e+02
-8.3502618408e+02
-3.6817047119e+02
9.7722877502e+01
5.6809271240e+02
-8.4237805176e+02
-3.6759030151e+02
9.3566055298e+01
5.7237353516e+02
-8.3572570801e+02
-3.7245373535e+02
9.6098388672e+01
5.6217901611e+02
-8.4542437744e+02
-3.6716180420e+02
8.8356712341e+01
5.7179644775e+02
-8.3703381348e+02
-3.7817520142e+02
9.6612686157e+01
5.6048437500e+02
-8.4409112549e+02
-3.6756723022e+02
8.6855384827e+01
5.6815673828e+02
-8.4409112549e+02
-3.6756723022e+02
8.6855384827e+01
5.6815673828e+02
-8.3703381348e+02
-3.7817520142e+02
9.6612686157e+01
5.6048437500e+02
-8.4542437744e+02
-3.6716180420e+02
8.8356712341e+01
5.7179644775e+02
-8.3572570801e+02
-3.7245373535e+02
9.6098388672e+01
5.6217901611e+02
-8.4237805176e+02
-3.6759030151e+02
9.3566055298e+01
5.7237353516e+02
-8.3502618408e+02
-3.6817047119e+02
9.7722877502e+01
5.6809271240e+02
-8.3721179199e+02
-3.6519537354e+02
9.8419738770e+01
5.7430560303e+02
-8.3295263672e+02
-3.6398312378e+02
1.0193952179e+02
5.7476849365e+02
-8.3141137695e+02
-3.6144512939e+02
1.0334032440e+02
5.7774383545e+02
-8.2985717773e+02
-3.6031518555e+02
1.0739052582e+02
5.8219061279e+02
-8.2588861084e+02
-3.5925634766e+02
1.0715230560e+02
5.8220758057e+02
-8.2531665039e+02
-3.6166796875e+02
1.0658830261e+02
5.8408264160e+02
-9.8898474121e+02
-4.0906051636e+02
1.7545745850e+02
7.6303973389e+02
-9.9340130615e+02
-4.1153756714e+02
1.7516946411e+02
7.6096722412e+02
-9.9664135742e+02
-4.1461505127e+02
1.7095285034e+02
7.5464111328e+02
-1.0007622070e+03
-4.1904626465e+02
1.6865921021e+02
7.5122558594e+02
-1.0051784668e+03
-4.2215124512e+02
1.6384129333e+02
7.4740734863e+02
-1.0056053467e+03
-4.2631875610e+02
1.6162699890e+02
7.4117767334e+02
-1.0126458740e+03
-4.2781747437e+02
1.5704006958e+02
7.4232867432e+02
-1.0080879517e+03
-4.3266378784e+02
1.5720986938e+02
7.3258941650e+02
-1.0190402222e+03
-4.3042825317e+02
1.5059851074e+02
7.4038671875e+02
-1.0097360840e+03
-4.3901922607e+02
1.5698744202e+02
7.2580041504e+02
-1.0216019287e+03
-4.2750915527e+02
1.4496156311e+02
7.3771801758e+02
-1.0134418945e+03
-4.4194781494e+02
1.5581396484e+02
7.2758880615e+02
-1.0134418945e+03
-4.4194781494e+02
1.5581396484e+02
7.2758880615e+02
-1.0216019287e+03
-4.2750915527e+02
1.4496156311e+02
7.3771801758e+02
-1.0097360840e+03
-4.3901922607e+02
1.5698744202e+02
7.2580041504e+02
-1.0190402222e+03
-4.3042825317e+02
1.5059851074e+02
7.4038671875e+02
-1.0080879517e+03
-4.3266378784e+02
1.5720986938e+02
7.3258941650e+02
-1.0126458740e+03
-4.2781747437e+02
1.5704006958e+02
7.4232867432e+02
-1.0056053467e+03
-4.2631875610e+02
1.6162699890e+02
7.4117767334e+02
-1.0051784668e+03
-4.2215124512e+02
1.6384129333e+02
7.4740734863e+02
-1.0007622070e+03
-4.1904626465e+02
1.6865921021e+02
7.5122558594e+02
-9.9664135742e+02
-4.1461505127e+02
1.7095285034e+02
7.5464111328e+02
-9.9340130615e+02
-4.1153756714e+02
1.7516946411e+02
7.6096722412e+02
-9.8898474121e+02
-4.0906051636e+02
1.7545745850e+02
7.6303973389e+02
-1.1351472168e+03
-4.4852441406e+02
2.3732084656e+02
9.2674835205e+02
-1.1417979736e+03
-4.5339556885e+02
2.3194189453e+02
9.2054437256e+02
-1.1486219482e+03
-4.5927554321e+02
2.2705146790e+02
9.1515295410e+02
-1.1541683350e+03
-4.6414733887e+02
2.1995173645e+02
9.0833728027e+02
-1.1578101807e+03
-4.6972839355e+02
2.1565638733e+02
9.0179821777e+02
-1.1649935303e+03
-4.7319821167e+02
2.0958811951e+02
8.9949041748e+02
-1.1636784668e+03
-4.7858856201e+02
2.0725988770e+02
8.9017132568e+02
-1.1743226318e+03
-4.7895422363e+02
2.0077076721e+02
8.9439819336e+02
-1.1660061035e+03
-4.8629800415e+02
2.0330352783e+02
8.8002294922e+02
-1.1805723877e+03
-4.8007989502e+02
1.9187583923e+02
8.9337536621e+02
-1.1683750000e+03
-4.9617428589e+02
2.0403910828e+02
8.7577819824e+02
-1.1800032959e+03
-4.7892425537e+02
1.8967875671e+02
8.8640264893e+02
-1.1800032959e+03
-4.7892425537e+02
1.8967875671e+02
8.8640264893e+02
-1.1683750000e+03
-4.9617428589e+02
2.0403910828e+02
8.7577819824e+02
-1.1805723877e+03
-4.8007989502e+02
1.9187583923e+02
8.9337536621e+02
-1.1660061035e+03
-4.8629800415e+02
2.0330352783e+02
8.8002294922e+02
-1.1743226318e+03
-4.7895422363e+02
2.0077076721e+02
8.9439819336e+02
-1.1636784668e+03
-4.7858856201e+02
2.0725988770e+02
8.9017132568e+02
-1.1649935303e+03
-4.7319821167e+02
2.0958811951e+02
8.9949041748e+02
-1.1578101807e+03
-4.6972839355e+02
2.1565638733e+02
9.0179821777e+02
-1.1541683350e+03
-4.6414733887e+02
2.1995173645e+02
9.0833728027e+02
-1.1486219482e+03
-4.5927554321e+02
2.2705146790e+02
9.1515295410e+02
-1.1417979736e+03
-4.5339556885e+02
2.3194189453e+02
9.2054437256e+02
-1.1351472168e+03
-4.4852441406e+02
2.3732084656e+02
9.2674835205e+02
-1.2592219238e+03
-4.8235943604e+02
2.9311087036e+02
1.0672845459e+03
-1.2688204346e+03
-4.9143954468e+02
2.8565524292e+02
1.0593941650e+03
-1.2768540039e+03
-4.9927590942e+02
2.7695538330e+02
1.0502093506e+03
-1.2836236572e+03
-5.0720358276e+02
2.7053939819e+02
1.0424174805e+03
-1.2914157715e+03
-5.1313244629e+02
2.6270410156e+02
1.0363930664e+03
-1.2935638428e+03
-5.1993035889e+02
2.5811068726e+02
1.0270173340e+03
-1.3036749268e+03
-5.2302697754e+02
2.5100054932e+02
1.0271616211e+03
-1.2989852295e+03
-5.3034863281e+02
2.5023307800e+02
1.0139468994e+03
-1.3144342041e+03
-5.2804949951e+02
2.4079460144e+02
1.0235133057e+03
-1.3014354248e+03
-5.3967828369e+02
2.4932092285e+02
1.0023072510e+03
-1.3192669678e+03
-5.2392431641e+02
2.3097239685e+02
1.0207149658e+03
-1.3057404785e+03
-5.4773358154e+02
2.4653967285e+02
1.0064917603e+03
-1.3057404785e+03
-5.4773358154e+02
2.4653967285e+02
1.0064917603e+03
-1.3192669678e+03
-5.2392431641e+02
2.3097239685e+02
1.0207149658e+03
-1.3014354248e+03
-5.3967828369e+02
2.4932092285e+02
1.0023072510e+03
-1.3144342041e+03
-5.2804949951e+02
2.4079460144e+02
1.0235133057e+03
-1.2989852295e+03
-5.3034863281e+02
2.5023307800e+02
1.0139468994e+03
-1.3036749268e+03
-5.2302697754e+02
2.5100054932e+02
1.0271616211e+03
-1.2935638428e+03
-5.1993035889e+02
2.5811068726e+02
1.0270173340e+03
-1.2914157715e+03
-5.1313244629e+02
2.6270410156e+02
1.0363930664e+03
-1.2836236572e+03
-5.0720358276e+02
2.7053939819e+02
1.0424174805e+03
-1.2768540039e+03
-4.9927590942e+02
2.7695538330e+02
1.0502093506e+03
-1.2688204346e+03
-4.9143954468e+02
2.8565524292e+02
1.0593941650e+03
-1.2592219238e+03
-4.8235943604e+02
2.9311087036e+02
1.0672845459e+03
-1.3592482910e+03
-5.0806094360e+02
3.3786569214e+02
1.1824119873e+03
-1.3712998047e+03
-5.1938922119e+02
3.2676187134e+02
1.1718454590e+03
-1.3811923828e+03
-5.2972521973e+02
3.1723629761e+02
1.1618551025e+03
-1.3904984131e+03
-5.3808331299e+02
3.0710260010e+02
1.1526737061e+03
-1.3962048340e+03
-5.4657238770e+02
3.0001281738e+02
1.1427259521e+03
-1.4063054199e+03
-5.5215838623e+02
2.9146710205e+02
1.1387979736e+03
-1.4058155518e+03
-5.5996966553e+02
2.8767730713e+02
1.1264267578e+03
-1.4198527832e+03
-5.6100701904e+02
2.7871536255e+02
1.1309447021e+03
-1.4094044189e+03
-5.7125695801e+02
2.8167251587e+02
1.1119207764e+03
-1.4304267578e+03
-5.6370574951e+02
2.6573843384e+02
1.1308935547e+03
-1.4124311523e+03
-5.8561297607e+02
2.8432333374e+02
1.1035510254e+03
-1.4320830078e+03
-5.5686016846e+02
2.6370361328e+02
1.1180804443e+03
-1.4320830078e+03
-5.5686016846e+02
2.6370361328e+02
1.1180804443e+03
-1.4124311523e+03
-5.8561297607e+02
2.8432333374e+02
1.1035510254e+03
-1.4304267578e+03
-5.6370574951e+02
2.6573843384e+02
1.1308935547e+03
-1.4094044189e+03
-5.7125695801e+02
2.8167251587e+02
1.1119207764e+03
-1.4198527832e+03
-5.6100701904e+02
2.7871536255e+02
1.1309447021e+03
-1.4058155518e+03
-5.5996966553e+02
2.8767730713e+02
1.1264267578e+03
-1.4063054199e+03
-5.5215838623e+02
2.9146710205e+02
1.1387979736e+03
-1.3962048340e+03
-5.4657238770e+02
3.0001281738e+02
1.1427259521e+03
-1.3904984131e+03
-5.3808331299e+02
3.0710260010e+02
1.1526737061e+03
-1.3811923828e+03
-5.2972521973e+02
3.1723629761e+02
1.1618551025e+03
-1.3712998047e+03
-5.1938922119e+02
3.2676187134e+02
1.1718454590e+03
-1.3592482910e+03
-5.0806094360e+02
3.3786569214e+02
1.1824119873e+03
-1.4322335205e+03
-5.2748785400e+02
3.7178924561e+02
1.2670335693e+03
-1.4457926025e+03
-5.4140136719e+02
3.5927783203e+02
1.2548833008e+03
-1.4574654541e+03
-5.5283068848e+02
3.4717111206e+02
1.2433267822e+03
-1.4663564453e+03
-5.6350982666e+02
3.3765689087e+02
1.2321458740e+03
-1.4769490967e+03
-5.7165063477e+02
3.2748394775e+02
1.2245449219e+03
-1.4803818359e+03
-5.8063726807e+02
3.2110247803e+02
1.2125275879e+03
-1.4931861572e+03
-5.8484832764e+02
3.1182257080e+02
1.2121920166e+03
-1.4879974365e+03
-5.9453448486e+02
3.1073422241e+02
1.1956523438e+03
-1.5079582520e+03
-5.9131811523e+02
2.9831829834e+02
1.2078063965e+03
-1.4892904053e+03
-6.0633874512e+02
3.1003558350e+02
1.1783585205e+03
-1.5154799805e+03
-5.8590155029e+02
2.8245162964e+02
1.2078742676e+03
-1.4915941162e+03
-6.2542657471e+02
3.0482965088e+02
1.1888918457e+03
-1.4915941162e+03
-6.2542657471e+02
3.0482965088e+02
1.1888918457e+03
-1.5154799805e+03
-5.8590155029e+02
2.8245162964e+02
1.2078742676e+03
-1.4892904053e+03
-6.0633874512e+02
3.1003558350e+02
1.1783585205e+03
-1.5079582520e+03
-5.9131811523e+02
2.9831829834e+02
1.2078063965e+03
-1.4879974365e+03
-5.9453448486e+02
3.1073422241e+02
1.1956523438e+03
-1.4931861572e+03
-5.8484832764e+02
3.1182257080e+02
1.2121920166e+03
-1.4803818359e+03
-5.8063726807e+02
3.2110247803e+02
1.2125275879e+03
-1.4769490967e+03
-5.7165063477e+02
3.2748394775e+02
1.2245449219e+03
-1.4663564453e+03
-5.6350982666e+02
3.3765689087e+02
1.2321458740e+03
-1.4574654541e+03
-5.5283068848e+02
3.4717111206e+02
1.2433267822e+03
-1.4457926025e+03
-5.4140136719e+02
3.5927783203e+02
1.2548833008e+03
-1.4322335205e+03
-5.2748785400e+02
3.7178924561e+02
1.2670335693e+03
-1.4766850586e+03
-5.3902496338e+02
3.9175109863e+02
1.3189879150e+03
-1.4917242432e+03
-5.5364361572e+02
3.7772497559e+02
1.3060505371e+03
-1.5034180908e+03
-5.6643817139e+02
3.6563867188e+02
1.2933074951e+03
-1.5150960693e+03
-5.7682208252e+02
3.5372879028e+02
1.2828518066e+03
-1.5219259033e+03
-5.8710894775e+02
3.4497445679e+02
1.2706110840e+03
-1.5340583496e+03
-5.9385858154e+02
3.3480895996e+02
1.2660080566e+03
-1.5337430420e+03
-6.0343731689e+02
3.3041973877e+02
1.2513156738e+03
-1.5506291504e+03
-6.0435559082e+02
3.1930584717e+02
1.2569835205e+03
-1.5376245117e+03
-6.1775421143e+02
3.2369879150e+02
1.2333513184e+03
-1.5666538086e+03
-6.0761810303e+02
3.0288452148e+02
1.2599549561e+03
-1.5393148193e+03
-6.3474279785e+02
3.3174935913e+02
1.2175570068e+03
-1.5740031738e+03
-5.8598687744e+02
3.0241299438e+02
1.2363820801e+03
-1.5740031738e+03
-5.8598687744e+02
3.0241299438e+02
1.2363820801e+03
-1.5393148193e+03
-6.3474279785e+02
3.3174935913e+02
1.2175570068e+03
-1.5666538086e+03
-6.0761810303e+02
3.0288452148e+02
1.2599549561e+03
-1.5376245117e+03
-6.1775421143e+02
3.2369879150e+02
1.2333513184e+03
-1.5506291504e+03
-6.0435559082e+02
3.1930584717e+02
1.2569835205e+03
-1.5337430420e+03
-6.0343731689e+02
3.3041973877e+02
1.2513156738e+03
-1.5340583496e+03
-5.9385858154e+02
3.3480895996e+02
1.2660080566e+03
-1.5219259033e+03
-5.8710894775e+02
3.4497445679e+02
1.2706110840e+03
-1.5150960693e+03
-5.7682208252e+02
3.5372879028e+02
1.2828518066e+03
-1.5034180908e+03
-5.6643817139e+02
3.6563867188e+02
1.2933074951e+03
-1.4917242432e+03
-5.5364361572e+02
3.7772497559e+02
1.3060505371e+03
-1.4766850586e+03
-5.3902496338e+02
3.9175109863e+02
1.3189879150e+03
-1.4916398926e+03
-5.4392071533e+02
3.9802020264e+02
1.3364240723e+03
-1.5062607422e+03
-5.5878198242e+02
3.8445153809e+02
1.3230103760e+03
-1.5193803711e+03
-5.7121789551e+02
3.7145208740e+02
1.3108519287e+03
-1.5288674316e+03
-5.8283789062e+02
3.6084573364e+02
1.2981558838e+03
-1.5408044434e+03
-5.9171380615e+02
3.4979013062e+02
1.2902967529e+03
-1.5443897705e+03
-6.0172576904e+02
3.4288925171e+02
1.2767845459e+03
-1.5587645264e+03
-6.0593597412e+02
3.3232241821e+02
1.2769273682e+03
-1.5522226562e+03
-6.1728833008e+02
3.3205786133e+02
1.2576400146e+03
-1.5756927490e+03
-6.1171844482e+02
3.1668423462e+02
1.2734047852e+03
-1.5491171875e+03
-6.3117095947e+02
3.3258932495e+02
1.2351248779e+03
-1.5879298096e+03
-6.0694256592e+02
2.9208209229e+02
1.2826385498e+03
-1.5431008301e+03
-6.7276947021e+02
3.2494967651e+02
1.2597935791e+03
-1.5431008301e+03
-6.7276947021e+02
3.2494967651e+02
1.2597935791e+03
-1.5879298096e+03
-6.0694256592e+02
2.9208209229e+02
1.2826385498e+03
-1.5491171875e+03
-6.3117095947e+02
3.3258932495e+02
1.2351248779e+03
-1.5756927490e+03
-6.1171844482e+02
3.1668423462e+02
1.2734047852e+03
-1.5522226562e+03
-6.1728833008e+02
3.3205786133e+02
1.2576400146e+03
-1.5587645264e+03
-6.0593597412e+02
3.3232241821e+02
1.2769273682e+03
-1.5443897705e+03
-6.0172576904e+02
3.4288925171e+02
1.2767845459e+03
-1.5408044434e+03
-5.9171380615e+02
3.4979013062e+02
1.2902967529e+03
-1.5288674316e+03
-5.8283789062e+02
3.6084573364e+02
1.2981558838e+03
-1.5193803711e+03
-5.7121789551e+02
3.7145208740e+02
1.3108519287e+03
-1.5062607422e+03
-5.5878198242e+02
3.8445153809e+02
1.3230103760e+03
-1.4916398926e+03
-5.4392071533e+02
3.9802020264e+02
1.3364240723e+03
-1.4767336426e+03
-5.4134277344e+02
3.8958975220e+02
1.3187885742e+03
-1.4912673340e+03
-5.5466339111e+02
3.7698849487e+02
1.3066956787e+03
-1.5025766602e+03
-5.6692218018e+02
3.6538964844e+02
1.2937353516e+03
-1.5145693359e+03
-5.7712872314e+02
3.5375949097e+02
1.2838299561e+03
-1.5210336914e+03
-5.8751812744e+02
3.4511071777e+02
1.2710478516e+03
-1.5338381348e+03
-5.9401379395e+02
3.3468298340e+02
1.2671975098e+03
-1.5327995605e+03
-6.0437231445e+02
3.3097320557e+02
1.2514294434e+03
-1.5516403809e+03
-6.0420214844e+02
3.1829141235e+02
1.2593646240e+03
-1.5358577881e+03
-6.2074517822e+02
3.2555178833e+02
1.2315274658e+03
-1.5735489502e+03
-6.0496398926e+02
3.0020364380e+02
1.2662448730e+03
-1.5298790283e+03
-6.3501385498e+02
3.4358285522e+02
1.2020726318e+03
-1.5949055176e+03
-5.5277545166e+02
3.0053646851e+02
1.2228879395e+03
-1.5949055176e+03
-5.5277545166e+02
3.0053646851e+02
1.2228879395e+03
-1.5298790283e+03
-6.3501385498e+02
3.4358285522e+02
1.2020726318e+03
-1.5735489502e+03
-6.0496398926e+02
3.0020364380e+02
1.2662448730e+03
-1.5358577881e+03
-6.2074517822e+02
3.2555178833e+02
1.2315274658e+03
-1.5516403809e+03
-6.0420214844e+02
3.1829141235e+02
1.2593646240e+03
-1.5327995605e+03
-6.0437231445e+02
3.3097320557e+02
1.2514294434e+03
-1.5338381348e+03
-5.9401379395e+02
3.3468298340e+02
1.2671975098e+03
-1.5210336914e+03
-5.8751812744e+02
3.4511071777e+02
1.2710478516e+03
-1.5145693359e+03
-5.7712872314e+02
3.5375949097e+02
1.2838299561e+03
-1.5025766602e+03
-5.6692218018e+02
3.6538964844e+02
1.2937353516e+03
-1.4912673340e+03
-5.5466339111e+02
3.7698849487e+02
1.3066956787e+03
-1.4767336426e+03
-5.4134277344e+02
3.8958975220e+02
1.3187885742e+03
-1.4336043701e+03
-5.3212115479e+02
3.6760760498e+02
1.2681014404e+03
-1.4457297363e+03
-5.4324932861e+02
3.5767211914e+02
1.2569443359e+03
-1.4576630859e+03
-5.5353753662e+02
3.4681814575e+02
1.2463802490e+03
-1.4656719971e+03
-5.6385058594e+02
3.3742050171e+02
1.2342336426e+03
-1.4770380859e+03
-5.7159216309e+02
3.2717803955e+02
1.2275148926e+03
-1.4792010498e+03
-5.8111614990e+02
3.2121661377e+02
1.2138033447e+03
-1.4935775146e+03
-5.8388476562e+02
3.1045309448e+02
1.2153618164e+03
-1.4847308350e+03
-5.9588897705e+02
3.1229681396e+02
1.1942485352e+03
-1.5107342529e+03
-5.8676373291e+02
2.9408218384e+02
1.2145493164e+03
-1.4755345459e+03
-6.1391027832e+02
3.1444839478e+02
1.1699008789e+03
-1.5362941895e+03
-5.8730590820e+02
2.5888018799e+02
1.2417120361e+03
-1.4469235840e+03
-6.9475476074e+02
3.1051715088e+02
1.2208463135e+03
-1.4469235840e+03
-6.9475476074e+02
3.1051715088e+02
1.2208463135e+03
-1.5362941895e+03
-5.8730590820e+02
2.5888018799e+02
1.2417120361e+03
-1.4755345459e+03
-6.1391027832e+02
3.1444839478e+02
1.1699008789e+03
-1.5107342529e+03
-5.8676373291e+02
2.9408218384e+02
1.2145493164e+03
-1.4847308350e+03
-5.9588897705e+02
3.1229681396e+02
1.1942485352e+03
-1.4935775146e+03
-5.8388476562e+02
3.1045309448e+02
1.2153618164e+03
-1.4792010498e+03
-5.8111614990e+02
3.2121661377e+02
1.2138033447e+03
-1.4770380859e+03
-5.7159216309e+02
3.2717803955e+02
1.2275148926e+03
-1.4656719971e+03
-5.6385058594e+02
3.3742050171e+02
1.2342336426e+03
-1.4576630859e+03
-5.5353753662e+02
3.4681814575e+02
1.2463802490e+03
-1.4457297363e+03
-5.4324932861e+02
3.5767211914e+02
1.2569443359e+03
-1.4336043701e+03
-5.3212115479e+02
3.6760760498e+02
1.2681014404e+03
-1.3622778320e+03
-5.1560815430e+02
3.3295724487e+02
1.1854970703e+03
-1.3730041504e+03
-5.2319244385e+02
3.2608026123e+02
1.1774283447e+03
-1.3818917236e+03
-5.3210235596e+02
3.1790097046e+02
1.1667015381e+03
-1.3924927979e+03
-5.4009808350e+02
3.0857937622e+02
1.1591542969e+03
-1.3973195801e+03
-5.4908917236e+02
3.0172708130e+02
1.1476210938e+03
-1.4096341553e+03
-5.5407373047e+02
2.9236291504e+02
1.1457410889e+03
-1.4069373779e+03
-5.6427484131e+02
2.9042138672e+02
1.1301213379e+03
-1.4262614746e+03
-5.6193286133e+02
2.7690740967e+02
1.1406329346e+03
-1.4055225830e+03
-5.8062750244e+02
2.8804968262e+02
1.1095501709e+03
-1.4500456543e+03
-5.5330487061e+02
2.5972442627e+02
1.1481816406e+03
-1.3752395020e+03
-5.8687994385e+02
3.1674218750e+02
1.0616826172e+03
-1.5067990723e+03
-4.5481454468e+02
2.4695542908e+02
1.0740295410e+03
-1.5067990723e+03
-4.5481454468e+02
2.4695542908e+02
1.0740295410e+03
-1.3752395020e+03
-5.8687994385e+02
3.1674218750e+02
1.0616826172e+03
-1.4500456543e+03
-5.5330487061e+02
2.5972442627e+02
1.1481816406e+03
-1.4055225830e+03
-5.8062750244e+02
2.8804968262e+02
1.1095501709e+03
-1.4262614746e+03
-5.6193286133e+02
2.7690740967e+02
1.1406329346e+03
-1.4069373779e+03
-5.6427484131e+02
2.9042138672e+02
1.1301213379e+03
-1.4096341553e+03
-5.5407373047e+02
2.9236291504e+02
1.1457410889e+03
-1.3973195801e+03
-5.4908917236e+02
3.0172708130e+02
1.1476210938e+03
-1.3924927979e+03
-5.4009808350e+02
3.0857937622e+02
1.1591542969e+03
-1.3818917236e+03
-5.3210235596e+02
3.1790097046e+02
1.1667015381e+03
-1.3730041504e+03
-5.2319244385e+02
3.2608026123e+02
1.1774283447e+03
-1.3622778320e+03
-5.1560815430e+02
3.3295724487e+02
1.1854970703e+03
-1.2667650146e+03
-4.9285064697e+02
2.8685369873e+02
1.0749367676e+03
-1.2737552490e+03
-4.9657867432e+02
2.8429971313e+02
1.0687972412e+03
-1.2824652100e+03
-5.0218811035e+02
2.7801739502e+02
1.0614316406e+03
-1.2872232666e+03
-5.0933874512e+02
2.7161236572e+02
1.0515584717e+03
-1.2965075684e+03
-5.1441687012e+02
2.6368441772e+02
1.0471611328e+03
-1.2963173828e+03
-5.2221588135e+02
2.5983959961e+02
1.0350102539e+03
-1.3103437500e+03
-5.2277703857e+02
2.5025209045e+02
1.0390076904e+03
-1.3000300293e+03
-5.3543804932e+02
2.5456843567e+02
1.0188994141e+03
-1.3331022949e+03
-5.2337579346e+02
2.3498069763e+02
1.0420841064e+03
-1.2901119385e+03
-5.6373229980e+02
2.5767636108e+02
1.0003869629e+03
-1.3931362305e+03
-5.2473034668e+02
1.9713781738e+02
1.0838427734e+03
-1.2010410156e+03
-6.8661743164e+02
2.8925244141e+02
1.0848745117e+03
-1.2010410156e+03
-6.8661743164e+02
2.8925244141e+02
1.0848745117e+03
-1.3931362305e+03
-5.2473034668e+02
1.9713781738e+02
1.0838427734e+03
-1.2901119385e+03
-5.6373229980e+02
2.5767636108e+02
1.0003869629e+03
-1.3331022949e+03
-5.2337579346e+02
2.3498069763e+02
1.0420841064e+03
-1.3000300293e+03
-5.3543804932e+02
2.5456843567e+02
1.0188994141e+03
-1.3103437500e+03
-5.2277703857e+02
2.5025209045e+02
1.0390076904e+03
-1.2963173828e+03
-5.2221588135e+02
2.5983959961e+02
1.0350102539e+03
-1.2965075684e+03
-5.1441687012e+02
2.6368441772e+02
1.0471611328e+03
-1.2872232666e+03
-5.0933874512e+02
2.7161236572e+02
1.0515584717e+03
-1.2824652100e+03
-5.0218811035e+02
2.7801739502e+02
1.0614316406e+03
-1.2737552490e+03
-4.9657867432e+02
2.8429971313e+02
1.0687972412e+03
-1.2667650146e+03
-4.9285064697e+02
2.8685369873e+02
1.0749367676e+03
-1.1582913818e+03
-4.6938342285e+02
2.3043106079e+02
9.4309375000e+02
-1.1622861328e+03
-4.6721490479e+02
2.3346165466e+02
9.4178796387e+02
-1.1657841797e+03
-4.6960473633e+02
2.3119531250e+02
9.3446368408e+02
-1.1711442871e+03
-4.7278662109e+02
2.2590039062e+02
9.2940496826e+02
-1.1705936279e+03
-4.7755175781e+02
2.2187710571e+02
9.1898779297e+02
-1.1774841309e+03
-4.7854129028e+02
2.1492739868e+02
9.1763568115e+02
-1.1676892090e+03
-4.8525350952e+02
2.1467811584e+02
9.0232586670e+02
-1.1825244141e+03
-4.7676995850e+02
2.0369711304e+02
9.1079907227e+02
-1.1430205078e+03
-4.9474832153e+02
2.1616949463e+02
8.8628131104e+02
-1.1989820557e+03
-4.5114984131e+02
1.9203941345e+02
9.1445904541e+02
-1.0636557617e+03
-5.1964270020e+02
2.3638621521e+02
8.5201080322e+02
-1.3583521729e+03
-3.3611163330e+02
1.0420004272e+02
8.2199481201e+02
-1.3583521729e+03
-3.3611163330e+02
1.0420004272e+02
8.2199481201e+02
-1.0636557617e+03
-5.1964270020e+02
2.3638621521e+02
8.5201080322e+02
-1.1989820557e+03
-4.5114984131e+02
1.9203941345e+02
9.1445904541e+02
-1.1430205078e+03
-4.9474832153e+02
2.1616949463e+02
8.8628131104e+02
-1.1825244141e+03
-4.7676995850e+02
2.0369711304e+02
9.1079907227e+02
-1.1676892090e+03
-4.8525350952e+02
2.1467811584e+02
9.0232586670e+02
-1.1774841309e+03
-4.7854129028e+02
2.1492739868e+02
9.1763568115e+02
-1.1705936279e+03
-4.7755175781e+02
2.2187710571e+02
9.1898779297e+02
-1.1711442871e+03
-4.7278662109e+02
2.2590039062e+02
9.2940496826e+02
-1.1657841797e+03
-4.6960473633e+02
2.3119531250e+02
9.3446368408e+02
-1.1622861328e+03
-4.6721490479e+02
2.3346165466e+02
9.4178796387e+02
-1.1582913818e+03
-4.6938342285e+02
2.3043106079e+02
9.4309375000e+02
-1.0369465332e+03
-4.4473089600e+02
1.6383721924e+02
7.9204388428e+02
-1.0357855225e+03
-4.3568344116e+02
1.7408085632e+02
7.9497979736e+02
-1.0389794922e+03
-4.3421585083e+02
1.7585133362e+02
7.9378625488e+02
-1.0414410400e+03
-4.3586068726e+02
1.7445153809e+02
7.8832946777e+02
-1.0471442871e+03
-4.3836962891e+02
1.7126960754e+02
7.8809887695e+02
-1.0461817627e+03
-4.4289166260e+02
1.6925714111e+02
7.8008886719e+02
-1.0606087646e+03
-4.4230285645e+02
1.6448808289e+02
7.8244891357e+02
-1.0419172363e+03
-4.5694659424e+02
1.6276585388e+02
7.7235302734e+02
-1.0972863770e+03
-4.3680953979e+02
1.5150341797e+02
7.6345843506e+02
-1.0036436157e+03
-4.8088436890e+02
1.5861616516e+02
7.4838476562e+02
-1.1796082764e+03
-3.4705807495e+02
1.5292828369e+02
7.2242864990e+02
-7.1471826172e+02
-5.3652020264e+02
3.3997479248e+02
8.0814794922e+02
-7.1471826172e+02
-5.3652020264e+02
3.3997479248e+02
8.0814794922e+02
-1.1796082764e+03
-3.4705807495e+02
1.5292828369e+02
7.2242864990e+02
-1.0036436157e+03
-4.8088436890e+02
1.5861616516e+02
7.4838476562e+02
-1.0972863770e+03
-4.3680953979e+02
1.5150341797e+02
7.6345843506e+02
-1.0419172363e+03
-4.5694659424e+02
1.6276585388e+02
7.7235302734e+02
-1.0606087646e+03
-4.4230285645e+02
1.6448808289e+02
7.8244891357e+02
-1.0461817627e+03
-4.4289166260e+02
1.6925714111e+02
7.8008886719e+02
-1.0471442871e+03
-4.3836962891e+02
1.7126960754e+02
7.8809887695e+02
-1.0414410400e+03
-4.3586068726e+02
1.7445153809e+02
7.8832946777e+02
-1.0389794922e+03
-4.3421585083e+02
1.7585133362e+02
7.9378625488e+02
-1.0357855225e+03
-4.3568344116e+02
1.7408085632e+02
7.9497979736e+02
-1.0369465332e+03
-4.4473089600e+02
1.6383721924e+02
7.9204388428e+02
-8.6808215332e+02
-4.0364230347e+02
8.4962944031e+01
6.0025317383e+02
-8.6394970703e+02
-3.8849908447e+02
1.0109236908e+02
6.0868786621e+02
-8.6381854248e+02
-3.8432226562e+02
1.0726451111e+02
6.0915881348e+02
-8.7008630371e+02
-3.8339584351e+02
1.0772775269e+02
6.1183404541e+02
-8.7073083496e+02
-3.8731210327e+02
1.0904591370e+02
6.0924005127e+02
-8.8341369629e+02
-3.8788906860e+02
1.0495006561e+02
6.1810937500e+02
-8.8366656494e+02
-3.9662023926e+02
1.1077127838e+02
6.0710809326e+02
-9.0332574463e+02
-3.9690942383e+02
9.4093406677e+01
6.3886926270e+02
-9.1776068115e+02
-4.1767236328e+02
1.2334764862e+02
5.8591717529e+02
-9.4773382568e+02
-4.0573062134e+02
6.8781036377e+01
7.0348553467e+02
-9.7645568848e+02
-4.3372488403e+02
2.2004840088e+02
5.1143753052e+02
-9.1541851807e+02
-2.5889993286e+02
-2.0599897206e-01
1.0817580566e+03
-9.1541851807e+02
-2.5889993286e+02
-2.0599897206e-01
1.0817580566e+03
-9.7645568848e+02
-4.3372488403e+02
2.2004840088e+02
5.1143753052e+02
-9.4773382568e+02
-4.0573062134e+02
6.8781036377e+01
7.0348553467e+02
-9.1776068115e+02
-4.1767236328e+02
1.2334764862e+02
5.8591717529e+02
-9.0332574463e+02
-3.9690942383e+02
9.4093406677e+01
6.3886926270e+02
-8.8366656494e+02
-3.9662023926e+02
1.1077127838e+02
6.0710809326e+02
-8.8341369629e+02
-3.8788906860e+02
1.0495006561e+02
6.1810937500e+02
-8.7073083496e+02
-3.8731210327e+02
1.0904591370e+02
6.0924005127e+02
-8.7008630371e+02
-3.8339584351e+02
1.0772775269e+02
6.1183404541e+02
-8.6381854248e+02
-3.8432226562e+02
1.0726451111e+02
6.0915881348e+02
-8.6394970703e+02
-3.8849908447e+02
1.0109236908e+02
6.0868786621e+02
-8.6808215332e+02
-4.0364230347e+02
8.4962944031e+01
6.0025317383e+02
-6.2935864258e+02
-3.3485369873e+02
-9.3235549927e+00
3.5058218384e+02
-6.2062939453e+02
-3.1537857056e+02
1.1456727028e+01
3.6064028931e+02
-6.2019738770e+02
-3.0724252319e+02
1.9588855743e+01
3.6427227783e+02
-6.1827032471e+02
-3.0547280884e+02
2.2793615341e+01
3.6341400146e+02
-6.2249969482e+02
-3.0424905396e+02
2.2422077179e+01
3.6756948853e+02
-6.1843457031e+02
-3.0708706665e+02
2.4776916504e+01
3.6227859497e+02
-6.2825616455e+02
-3.0381610107e+02
1.9940792084e+01
3.7438955688e+02
-6.1470758057e+02
-3.1236999512e+02
3.0765281677e+01
3.5809146118e+02
-6.3265673828e+02
-2.9651281738e+02
1.1854485512e+01
3.9963403320e+02
-5.9839971924e+02
-3.2071911621e+02
6.0396041870e+01
3.3460348511e+02
-6.5496539307e+02
-2.7005239868e+02
-1.4294694901e+01
4.8669628906e+02
-6.6348498535e+02
-4.0363562012e+02
1.9325349426e+02
1.2803805542e+02
-6.6348498535e+02
-4.0363562012e+02
1.9325349426e+02
1.2803805542e+02
-6.5496539307e+02
-2.7005239868e+02
-1.4294694901e+01
4.8669628906e+02
-5.9839971924e+02
-3.2071911621e+02
6.0396041870e+01
3.3460348511e+02
-6.3265673828e+02
-2.9651281738e+02
1.1854485512e+01
3.9963403320e+02
-6.1470758057e+02
-3.1236999512e+02
3.0765281677e+01
3.5809146118e+02
-6.2825616455e+02
-3.0381610107e+02
1.9940792084e+01
3.7438955688e+02
-6.1843457031e+02
-3.0708706665e+02
2.4776916504e+01
3.6227859497e+02
-6.2249969482e+02
-3.0424905396e+02
2.2422077179e+01
3.6756948853e+02
-6.1827032471e+02
-3.0547280884e+02
2.2793615341e+01
3.6341400146e+02
-6.2019738770e+02
-3.0724252319e+02
1.9588855743e+01
3.6427227783e+02
-6.2062939453e+02
-3.1537857056e+02
1.1456727028e+01
3.6064028931e+02
-6.2935864258e+02
-3.3485369873e+02
-9.3235549927e+00
3.5058218384e+02
-3.4406765747e+02
-2.4712741089e+02
-1.1295325470e+02
5.9238250732e+01
-3.3308740234e+02
-2.2328010559e+02
-8.8586135864e+01
7.2117515564e+01
-3.2848889160e+02
-2.1306619263e+02
-7.8319488525e+01
7.3369644165e+01
-3.2751419067e+02
-2.0865541077e+02
-7.5392166138e+01
7.5910964966e+01
-3.2291088867e+02
-2.0775134277e+02
-7.3579956055e+01
7.1098289490e+01
-3.2624087524e+02
-2.0502395630e+02
-7.5707336426e+01
7.5198974609e+01
-3.1575839233e+02
-2.0815702820e+02
-7.2169372559e+01
6.3312232971e+01
-3.2846792603e+02
-1.9937107849e+02
-8.0924545288e+01
7.6552154541e+01
-3.0211807251e+02
-2.1355934143e+02
-6.5958900452e+01
4.3692516327e+01
-3.3850460815e+02
-1.8742756653e+02
-1.0453437042e+02
9.2507232666e+01
-2.5359017944e+02
-2.4212597656e+02
-6.1975032806e+01
-2.4346870422e+01
-2.6852886963e+02
-1.3877162170e+02
-2.4024418640e+02
2.0371279907e+02
-2.6852886963e+02
-1.3877162170e+02
-2.4024418640e+02
2.0371279907e+02
-2.5359017944e+02
-2.4212597656e+02
-6.1975032806e+01
-2.4346870422e+01
-3.3850460815e+02
-1.8742756653e+02
-1.0453437042e+02
9.2507232666e+01
-3.0211807251e+02
-2.1355934143e+02
-6.5958900452e+01
4.3692516327e+01
-3.2846792603e+02
-1.9937107849e+02
-8.0924545288e+01
7.6552154541e+01
-3.1575839233e+02
-2.0815702820e+02
-7.2169372559e+01
6.3312232971e+01
-3.2624087524e+02
-2.0502395630e+02
-7.5707336426e+01
7.5198974609e+01
-3.2291088867e+02
-2.0775134277e+02
-7.3579956055e+01
7.1098289490e+01
-3.2751419067e+02
-2.0865541077e+02
-7.5392166138e+01
7.5910964966e+01
-3.2848889160e+02
-2.1306619263e+02
-7.8319488525e+01
7.3369644165e+01
-3.3308740234e+02
-2.2328010559e+02
-8.8586135864e+01
7.2117515564e+01
-3.4406765747e+02
-2.4712741089e+02
-1.1295325470e+02
5.9238250732e+01
-4.8662002563e+01
-1.5086639404e+02
-2.1435046387e+02
-2.3796185303e+02
-3.5355773926e+01
-1.2489623260e+02
-1.8806292725e+02
-2.2545654297e+02
-3.2617534637e+01
-1.1353559875e+02
-1.7722462463e+02
-2.2123915100e+02
-2.8970277786e+01
-1.0985610962e+02
-1.7304594421e+02
-2.2235903931e+02
-3.1430923462e+01
-1.0755543518e+02
-1.7280528259e+02
-2.1930360413e+02
-2.6421285629e+01
-1.0909223175e+02
-1.7109465027e+02
-2.2591198730e+02
-3.5333309174e+01
-1.0583065033e+02
-1.7535731506e+02
-2.1745101929e+02
-2.1689138412e+01
-1.1398388672e+02
-1.6909786987e+02
-2.3335469055e+02
-4.7627288818e+01
-1.0130476379e+02
-1.8381687927e+02
-2.0777223206e+02
-9.3135137558e+00
-1.2652746582e+02
-1.5506858826e+02
-2.5342390442e+02
-9.5399002075e+01
-7.5188850403e+01
-1.8714268494e+02
-1.6409651184e+02
-6.8534965515e+01
-1.5738233948e+02
-4.2570850372e+01
-3.1337515259e+02
-6.8534965515e+01
-1.5738233948e+02
-4.2570850372e+01
-3.1337515259e+02
-9.5399002075e+01
-7.5188850403e+01
-1.8714268494e+02
-1.6409651184e+02
-9.3135137558e+00
-1.2652746582e+02
-1.5506858826e+02
-2.5342390442e+02
-4.7627288818e+01
-1.0130476379e+02
-1.8381687927e+02
-2.0777223206e+02
-2.1689138412e+01
-1.1398388672e+02
-1.6909786987e+02
-2.3335469055e+02
-3.5333309174e+01
-1.0583065033e+02
-1.7535731506e+02
-2.1745101929e+02
-2.6421285629e+01
-1.0909223175e+02
-1.7109465027e+02
-2.2591198730e+02
-3.1430923462e+01
-1.0755543518e+02
-1.7280528259e+02
-2.1930360413e+02
-2.8970277786e+01
-1.0985610962e+02
-1.7304594421e+02
-2.2235903931e+02
-3.2617534637e+01
-1.1353559875e+02
-1.7722462463e+02
-2.2123915100e+02
-3.5355773926e+01
-1.2489623260e+02
-1.8806292725e+02
-2.2545654297e+02
-4.8662002563e+01
-1.5086639404e+02
-2.1435046387e+02
-2.3796185303e+02
2.4762376404e+02
-4.8765174866e+01
-3.0661013794e+02
-5.2674792480e+02
2.5931790161e+02
-2.3710233688e+01
-2.8182406616e+02
-5.1455560303e+02
2.6267340088e+02
-1.3792176247e+01
-2.7159280396e+02
-5.1331274414e+02
2.6156942749e+02
-1.0332391739e+01
-2.6883880615e+02
-5.1036795044e+02
2.6357360840e+02
-1.0681426048e+01
-2.6746182251e+02
-5.1447222900e+02
2.5757620239e+02
-9.6780481339e+00
-2.6965246582e+02
-5.0952209473e+02
2.6453784180e+02
-1.3869998932e+01
-2.6706262207e+02
-5.1959362793e+02
2.4994807434e+02
-8.0992565155e+00
-2.7415405273e+02
-5.0551681519e+02
2.7278836060e+02
-2.0679069519e+01
-2.6218756104e+02
-5.3020355225e+02
2.3392550659e+02
1.0798913240e+00
-2.8534494019e+02
-4.8871951294e+02
3.1025485229e+02
-4.4993469238e+01
-2.5754617310e+02
-5.5901513672e+02
2.7966317749e+02
2.0790702820e+01
-3.7233489990e+02
-4.6032846069e+02
2.7966317749e+02
2.0790702820e+01
-3.7233489990e+02
-4.6032846069e+02
3.1025485229e+02
-4.4993469238e+01
-2.5754617310e+02
-5.5901513672e+02
2.3392550659e+02
1.0798913240e+00
-2.8534494019e+02
-4.8871951294e+02
2.7278836060e+02
-2.0679069519e+01
-2.6218756104e+02
-5.3020355225e+02
2.4994807434e+02
-8.0992565155e+00
-2.7415405273e+02
-5.0551681519e+02
2.6453784180e+02
-1.3869998932e+01
-2.6706262207e+02
-5.1959362793e+02
2.5757620239e+02
-9.6780481339e+00
-2.6965246582e+02
-5.0952209473e+02
2.6357360840e+02
-1.0681426048e+01
-2.6746182251e+02
-5.1447222900e+02
2.6156942749e+02
-1.0332391739e+01
-2.6883880615e+02
-5.1036795044e+02
2.6267340088e+02
-1.3792176247e+01
-2.7159280396e+02
-5.1331274414e+02
2.5931790161e+02
-2.3710233688e+01
-2.8182406616e+02
-5.1455560303e+02
2.4762376404e+02
-4.8765174866e+01
-3.0661013794e+02
-5.2674792480e+02
5.4446990967e+02
5.9991695404e+01
-3.8988922119e+02
-8.0500360107e+02
5.5411376953e+02
8.0931243896e+01
-3.6920507812e+02
-7.9734136963e+02
5.5350140381e+02
8.8504104614e+01
-3.6205047607e+02
-7.9599700928e+02
5.5385491943e+02
8.9121940613e+01
-3.6065625000e+02
-7.9923083496e+02
5.4868377686e+02
8.8760406494e+01
-3.6245230103e+02
-7.9783654785e+02
5.5097259521e+02
8.5350257874e+01
-3.6272851562e+02
-8.0570373535e+02
5.4104168701e+02
8.6321136475e+01
-3.6777633667e+02
-7.9878271484e+02
5.5189184570e+02
7.8705947876e+01
-3.6378768921e+02
-8.1517327881e+02
5.2881115723e+02
8.7621925354e+01
-3.7659375000e+02
-7.9389550781e+02
5.6386206055e+02
6.6664527893e+01
-3.5965530396e+02
-8.3396527100e+02
4.9840460205e+02
1.0520338440e+02
-3.8767816162e+02
-7.7914874268e+02
5.2815948486e+02
5.1293678284e+01
-2.9872479248e+02
-8.4691778564e+02
5.2815948486e+02
5.1293678284e+01
-2.9872479248e+02
-8.4691778564e+02
4.9840460205e+02
1.0520338440e+02
-3.8767816162e+02
-7.7914874268e+02
5.6386206055e+02
6.6664527893e+01
-3.5965530396e+02
-8.3396527100e+02
5.2881115723e+02
8.7621925354e+01
-3.7659375000e+02
-7.9389550781e+02
5.5189184570e+02
7.8705947876e+01
-3.6378768921e+02
-8.1517327881e+02
5.4104168701e+02
8.6321136475e+01
-3.6777633667e+02
-7.9878271484e+02
5.5097259521e+02
8.5350257874e+01
-3.6272851562e+02
-8.0570373535e+02
5.4868377686e+02
8.8760406494e+01
-3.6245230103e+02
-7.9783654785e+02
5.5385491943e+02
8.9121940613e+01
-3.6065625000e+02
-7.9923083496e+02
5.5350140381e+02
8.8504104614e+01
-3.6205047607e+02
-7.9599700928e+02
5.5411376953e+02
8.0931243896e+01
-3.6920507812e+02
-7.9734136963e+02
5.4446990967e+02
5.9991695404e+01
-3.8988922119e+02
-8.0500360107e+02
8.3941717529e+02
1.7260375977e+02
-4.6393823242e+02
-1.0718774414e+03
8.4375634766e+02
1.8758953857e+02
-4.4968539429e+02
-1.0681556396e+03
8.4144622803e+02
1.9054057312e+02
-4.4655850220e+02
-1.0725924072e+03
8.3564837646e+02
1.8879066467e+02
-4.4884707642e+02
-1.0742695312e+03
8.3334216309e+02
1.8437446594e+02
-4.5170404053e+02
-1.0821022949e+03
8.2428735352e+02
1.8163653564e+02
-4.5701699829e+02
-1.0805142822e+03
8.2730029297e+02
1.7517964172e+02
-4.5784866333e+02
-1.0929245605e+03
8.1188592529e+02
1.7681900024e+02
-4.6633377075e+02
-1.0819525146e+03
8.2835913086e+02
1.6494602966e+02
-4.5904937744e+02
-1.1062841797e+03
7.9297229004e+02
1.8012110901e+02
-4.7612969971e+02
-1.0728414307e+03
8.4420098877e+02
1.4533355713e+02
-4.5096200562e+02
-1.1190666504e+03
8.1583911133e+02
1.8834632874e+02
-5.2100701904e+02
-1.0723424072e+03
8.1583911133e+02
1.8834632874e+02
-5.2100701904e+02
-1.0723424072e+03
8.4420098877e+02
1.4533355713e+02
-4.5096200562e+02
-1.1190666504e+03
7.9297229004e+02
1.8012110901e+02
-4.7612969971e+02
-1.0728414307e+03
8.2835913086e+02
1.6494602966e+02
-4.5904937744e+02
-1.1062841797e+03
8.1188592529e+02
1.7681900024e+02
-4.6633377075e+02
-1.0819525146e+03
8.2730029297e+02
1.7517964172e+02
-4.5784866333e+02
-1.0929245605e+03
8.2428735352e+02
1.8163653564e+02
-4.5701699829e+02
-1.0805142822e+03
8.3334216309e+02
1.8437446594e+02
-4.5170404053e+02
-1.0821022949e+03
8.3564837646e+02
1.8879066467e+02
-4.4884707642e+02
-1.0742695312e+03
8.4144622803e+02
1.9054057312e+02
-4.4655850220e+02
-1.0725924072e+03
8.4375634766e+02
1.8758953857e+02
-4.4968539429e+02
-1.0681556396e+03
8.3941717529e+02
1.7260375977e+02
-4.6393823242e+02
-1.0718774414e+03
1.1250328369e+03
2.8636801147e+02
-5.2905914307e+02
-1.3221842041e+03
1.1242821045e+03
2.9344522095e+02
-5.2271289062e+02
-1.3257606201e+03
1.1161549072e+03
2.9147714233e+02
-5.2509649658e+02
-1.3320472412e+03
1.1097232666e+03
2.8503997803e+02
-5.3082269287e+02
-1.3415416260e+03
1.0992784424e+03
2.7881063843e+02
-5.3807080078e+02
-1.3453618164e+03
1.0962344971e+03
2.7094488525e+02
-5.4323925781e+02
-1.3573166504e+03
1.0832741699e+03
2.6729345703e+02
-5.5152368164e+02
-1.3544724121e+03
1.0888997803e+03
2.5796261597e+02
-5.5160858154e+02
-1.3726330566e+03
1.0673089600e+03
2.6181698608e+02
-5.6413836670e+02
-1.3556890869e+03
1.0936860352e+03
2.4378469849e+02
-5.5402008057e+02
-1.3900744629e+03
1.0493588867e+03
2.6987030029e+02
-5.8131469727e+02
-1.3549645996e+03
1.0726684570e+03
2.3300975037e+02
-5.2831811523e+02
-1.3904311523e+03
1.0726684570e+03
2.3300975037e+02
-5.2831811523e+02
-1.3904311523e+03
1.0493588867e+03
2.6987030029e+02
-5.8131469727e+02
-1.3549645996e+03
1.0936860352e+03
2.4378469849e+02
-5.5402008057e+02
-1.3900744629e+03
1.0673089600e+03
2.6181698608e+02
-5.6413836670e+02
-1.3556890869e+03
1.0888997803e+03
2.5796261597e+02
-5.5160858154e+02
-1.3726330566e+03
1.0832741699e+03
2.6729345703e+02
-5.5152368164e+02
-1.3544724121e+03
1.0962344971e+03
2.7094488525e+02
-5.4323925781e+02
-1.3573166504e+03
1.0992784424e+03
2.7881063843e+02
-5.3807080078e+02
-1.3453618164e+03
1.1097232666e+03
2.8503997803e+02
-5.3082269287e+02
-1.3415416260e+03
1.1161549072e+03
2.9147714233e+02
-5.2509649658e+02
-1.3320472412e+03
1.1242821045e+03
2.9344522095e+02
-5.2271289062e+02
-1.3257606201e+03
1.1250328369e+03
2.8636801147e+02
-5.2905914307e+02
-1.3221842041e+03
1.3953536377e+03
3.9684878540e+02
-5.8503741455e+02
-1.5527210693e+03
1.3874588623e+03
3.9543585205e+02
-5.8760754395e+02
-1.5621710205e+03
1.3760662842e+03
3.8712005615e+02
-5.9589770508e+02
-1.5756981201e+03
1.3628942871e+03
3.7701501465e+02
-6.0637762451e+02
-1.5850002441e+03
1.3539461670e+03
3.6604132080e+02
-6.1607696533e+02
-1.5990014648e+03
1.3401342773e+03
3.5751782227e+02
-6.2657641602e+02
-1.6030906982e+03
1.3376889648e+03
3.4717663574e+02
-6.3250006104e+02
-1.6193878174e+03
1.3206447754e+03
3.4382846069e+02
-6.4366864014e+02
-1.6134902344e+03
1.3304626465e+03
3.3138082886e+02
-6.4176617432e+02
-1.6383865967e+03
1.3005579834e+03
3.4007467651e+02
-6.5754687500e+02
-1.6147526855e+03
1.3312412109e+03
3.1369787598e+02
-6.3675823975e+02
-1.6483975830e+03
1.3089948730e+03
3.4185122681e+02
-6.8045404053e+02
-1.6235455322e+03
1.3089948730e+03
3.4185122681e+02
-6.8045404053e+02
-1.6235455322e+03
1.3312412109e+03
3.1369787598e+02
-6.3675823975e+02
-1.6483975830e+03
1.3005579834e+03
3.4007467651e+02
-6.5754687500e+02
-1.6147526855e+03
1.3304626465e+03
3.3138082886e+02
-6.4176617432e+02
-1.6383865967e+03
1.3206447754e+03
3.4382846069e+02
-6.4366864014e+02
-1.6134902344e+03
1.3376889648e+03
3.4717663574e+02
-6.3250006104e+02
-1.6193878174e+03
1.3401342773e+03
3.5751782227e+02
-6.2657641602e+02
-1.6030906982e+03
1.3539461670e+03
3.6604132080e+02
-6.1607696533e+02
-1.5990014648e+03
1.3628942871e+03
3.7701501465e+02
-6.0637762451e+02
-1.5850002441e+03
1.3760662842e+03
3.8712005615e+02
-5.9589770508e+02
-1.5756981201e+03
1.3874588623e+03
3.9543585205e+02
-5.8760754395e+02
-1.5621710205e+03
1.3953536377e+03
3.9684878540e+02
-5.8503741455e+02
-1.5527210693e+03
1.6406156006e+03
4.9991149902e+02
-6.3175415039e+02
-1.7569481201e+03
1.6265224609e+03
4.8945071411e+02
-6.4342767334e+02
-1.7745186768e+03
1.6090058594e+03
4.7548413086e+02
-6.5787908936e+02
-1.7906032715e+03
1.5942589111e+03
4.6018920898e+02
-6.7270220947e+02
-1.8082766113e+03
1.5774481201e+03
4.4670779419e+02
-6.8697448730e+02
-1.8190915527e+03
1.5681047363e+03
4.3324703979e+02
-6.9838433838e+02
-1.8365004883e+03
1.5514117432e+03
4.2411584473e+02
-7.1108605957e+02
-1.8393282471e+03
1.5511453857e+03
4.1194055176e+02
-7.1625646973e+02
-1.8600541992e+03
1.5300507812e+03
4.1055914307e+02
-7.2983978271e+02
-1.8491973877e+03
1.5463809814e+03
3.9407476807e+02
-7.2473742676e+02
-1.8786314697e+03
1.5162495117e+03
4.1011614990e+02
-7.4969598389e+02
-1.8560675049e+03
1.5319764404e+03
3.8383370972e+02
-7.1795495605e+02
-1.8785222168e+03
1.5319764404e+03
3.8383370972e+02
-7.1795495605e+02
-1.8785222168e+03
1.5162495117e+03
4.1011614990e+02
-7.4969598389e+02
-1.8560675049e+03
1.5463809814e+03
3.9407476807e+02
-7.2473742676e+02
-1.8786314697e+03
1.5300507812e+03
4.1055914307e+02
-7.2983978271e+02
-1.8491973877e+03
1.5511453857e+03
4.1194055176e+02
-7.1625646973e+02
-1.8600541992e+03
1.5514117432e+03
4.2411584473e+02
-7.1108605957e+02
-1.8393282471e+03
1.5681047363e+03
4.3324703979e+02
-6.9838433838e+02
-1.8365004883e+03
1.5774481201e+03
4.4670779419e+02
-6.8697448730e+02
-1.8190915527e+03
1.5942589111e+03
4.6018920898e+02
-6.7270220947e+02
-1.8082766113e+03
1.6090058594e+03
4.7548413086e+02
-6.5787908936e+02
-1.7906032715e+03
1.6265224609e+03
4.8945071411e+02
-6.4342767334e+02
-1.7745186768e+03
1.6406156006e+03
4.9991149902e+02
-6.3175415039e+02
-1.7569481201e+03
1.8521048584e+03
5.9020959473e+02
-6.6946630859e+02
-1.9297177734e+03
1.8313006592e+03
5.7170330811e+02
-6.8951995850e+02
-1.9528796387e+03
1.8103288574e+03
5.5153063965e+02
-7.0981066895e+02
-1.9760623779e+03
1.7894899902e+03
5.3267535400e+02
-7.2892773438e+02
-1.9935771484e+03
1.7736258545e+03
5.1477105713e+02
-7.4589782715e+02
-2.0141978760e+03
1.7548615723e+03
5.0019815063e+02
-7.6195623779e+02
-2.0245654297e+03
1.7467653809e+03
4.8561529541e+02
-7.7323583984e+02
-2.0449080811e+03
1.7278807373e+03
4.7737789917e+02
-7.8735748291e+02
-2.0446749268e+03
1.7313168945e+03
4.6371508789e+02
-7.9042449951e+02
-2.0695686035e+03
1.7066380615e+03
4.6665884399e+02
-8.0632366943e+02
-2.0551757812e+03
1.7232341309e+03
4.4606805420e+02
-7.9163635254e+02
-2.0816455078e+03
1.7064760742e+03
4.6433135986e+02
-8.2067175293e+02
-2.0668576660e+03
1.7064760742e+03
4.6433135986e+02
-8.2067175293e+02
-2.0668576660e+03
1.7232341309e+03
4.4606805420e+02
-7.9163635254e+02
-2.0816455078e+03
1.7066380615e+03
4.6665884399e+02
-8.0632366943e+02
-2.0551757812e+03
1.7313168945e+03
4.6371508789e+02
-7.9042449951e+02
-2.0695686035e+03
1.7278807373e+03
4.7737789917e+02
-7.8735748291e+02
-2.0446749268e+03
1.7467653809e+03
4.8561529541e+02
-7.7323583984e+02
-2.0449080811e+03
1.7548615723e+03
5.0019815063e+02
-7.6195623779e+02
-2.0245654297e+03
1.7736258545e+03
5.1477105713e+02
-7.4589782715e+02
-2.0141978760e+03
1.7894899902e+03
5.3267535400e+02
-7.2892773438e+02
-1.9935771484e+03
1.8103288574e+03
5.5153063965e+02
-7.0981066895e+02
-1.9760623779e+03
1.8313006592e+03
5.7170330811e+02
-6.8951995850e+02
-1.9528796387e+03
1.8521048584e+03
5.9020959473e+02
-6.6946630859e+02
-1.9297177734e+03
2.0197053223e+03
6.6263104248e+02
-6.9718750000e+02
-2.0644882812e+03
1.9938665771e+03
6.3699102783e+02
-7.2445776367e+02
-2.0942001953e+03
1.9681823730e+03
6.1264495850e+02
-7.4939709473e+02
-2.1189335938e+03
1.9461312256e+03
5.8958392334e+02
-7.7229547119e+02
-2.1438935547e+03
1.9238479004e+03
5.6978204346e+02
-7.9277709961e+02
-2.1610793457e+03
1.9089923096e+03
5.5143371582e+02
-8.0973846436e+02
-2.1832502441e+03
1.8892375488e+03
5.3758245850e+02
-8.2635479736e+02
-2.1914663086e+03
1.8837916260e+03
5.2283422852e+02
-8.3605627441e+02
-2.2141494141e+03
1.8633468018e+03
5.1711987305e+02
-8.5090185547e+02
-2.2096274414e+03
1.8709490967e+03
5.0174023438e+02
-8.4992620850e+02
-2.2350566406e+03
1.8496231689e+03
5.1021359253e+02
-8.7144213867e+02
-2.2211821289e+03
1.8593457031e+03
4.9063031006e+02
-8.5207995605e+02
-2.2379194336e+03
1.8593457031e+03
4.9063031006e+02
-8.5207995605e+02
-2.2379194336e+03
1.8496231689e+03
5.1021359253e+02
-8.7144213867e+02
-2.2211821289e+03
1.8709490967e+03
5.0174023438e+02
-8.4992620850e+02
-2.2350566406e+03
1.8633468018e+03
5.1711987305e+02
-8.5090185547e+02
-2.2096274414e+03
1.8837916260e+03
5.2283422852e+02
-8.3605627441e+02
-2.2141494141e+03
1.8892375488e+03
5.3758245850e+02
-8.2635479736e+02
-2.1914663086e+03
1.9089923096e+03
5.5143371582e+02
-8.0973846436e+02
-2.1832502441e+03
1.9238479004e+03
5.6978204346e+02
-7.9277709961e+02
-2.1610793457e+03
1.9461312256e+03
5.8958392334e+02
-7.7229547119e+02
-2.1438935547e+03
1.9681823730e+03
6.1264495850e+02
-7.4939709473e+02
-2.1189335938e+03
1.9938665771e+03
6.3699102783e+02
-7.2445776367e+02
-2.0942001953e+03
2.0197053223e+03
6.6263104248e+02
-6.9718750000e+02
-2.0644882812e+03
2.1352519531e+03
7.1339538574e+02
-7.1645684814e+02
-2.1563271484e+03
2.1055646973e+03
6.8321649170e+02
-7.4843328857e+02
-2.1890007324e+03
2.0777770996e+03
6.5471020508e+02
-7.7713745117e+02
-2.2190622559e+03
2.0516762695e+03
6.2973895264e+02
-8.0223657227e+02
-2.2424609375e+03
2.0308808594e+03
6.0694616699e+02
-8.2438385010e+02
-2.2677324219e+03
2.0088316650e+03
5.8806549072e+02
-8.4433862305e+02
-2.2828698730e+03
1.9965130615e+03
5.7051159668e+02
-8.5951647949e+02
-2.3057646484e+03
1.9767606201e+03
5.5874340820e+02
-8.7560900879e+02
-2.3102709961e+03
1.9750312500e+03
5.4431646729e+02
-8.8226605225e+02
-2.3340656738e+03
1.9548354492e+03
5.4286254883e+02
-8.9789624023e+02
-2.3269372559e+03
1.9623861084e+03
5.2653076172e+02
-8.8913409424e+02
-2.3484594727e+03
1.9495795898e+03
5.3830999756e+02
-9.0978881836e+02
-2.3389755859e+03
1.9495795898e+03
5.3830999756e+02
-9.0978881836e+02
-2.3389755859e+03
1.9623861084e+03
5.2653076172e+02
-8.8913409424e+02
-2.3484594727e+03
1.9548354492e+03
5.4286254883e+02
-8.9789624023e+02
-2.3269372559e+03
1.9750312500e+03
5.4431646729e+02
-8.8226605225e+02
-2.3340656738e+03
1.9767606201e+03
5.5874340820e+02
-8.7560900879e+02
-2.3102709961e+03
1.9965130615e+03
5.7051159668e+02
-8.5951647949e+02
-2.3057646484e+03
2.0088316650e+03
5.8806549072e+02
-8.4433862305e+02
-2.2828698730e+03
2.0308808594e+03
6.0694616699e+02
-8.2438385010e+02
-2.2677324219e+03
2.0516762695e+03
6.2973895264e+02
-8.0223657227e+02
-2.2424609375e+03
2.0777770996e+03
6.5471020508e+02
-7.7713745117e+02
-2.2190622559e+03
2.1055646973e+03
6.8321649170e+02
-7.4843328857e+02
-2.1890007324e+03
2.1352519531e+03
7.1339538574e+02
-7.1645684814e+02
-2.1563271484e+03
2.1929580078e+03
7.3768597412e+02
-7.2466223145e+02
-2.2015412598e+03
2.1612583008e+03
7.0480017090e+02
-7.5942840576e+02
-2.2371694336e+03
2.1316640625e+03
6.7557672119e+02
-7.8936181641e+02
-2.2661762695e+03
2.1058215332e+03
6.4867297363e+02
-8.1643103027e+02
-2.2948117676e+03
2.0809501953e+03
6.2572357178e+02
-8.4000146484e+02
-2.3154257812e+03
2.0630500488e+03
6.0501702881e+02
-8.5988903809e+02
-2.3396938477e+03
2.0422188721e+03
5.8869421387e+02
-8.7834155273e+02
-2.3512375488e+03
2.0334434814e+03
5.7290319824e+02
-8.9063903809e+02
-2.3739619141e+03
2.0145855713e+03
5.6460906982e+02
-9.0575238037e+02
-2.3742783203e+03
2.0160227051e+03
5.5069763184e+02
-9.0773217773e+02
-2.3959580078e+03
2.0004654541e+03
5.5397088623e+02
-9.2537353516e+02
-2.3880815430e+03
2.0062609863e+03
5.3888739014e+02
-9.1330157471e+02
-2.4015341797e+03
2.0062609863e+03
5.3888739014e+02
-9.1330157471e+02
-2.4015341797e+03
2.0004654541e+03
5.5397088623e+02
-9.2537353516e+02
-2.3880815430e+03
2.0160227051e+03
5.5069763184e+02
-9.0773217773e+02
-2.3959580078e+03
2.0145855713e+03
5.6460906982e+02
-9.0575238037e+02
-2.3742783203e+03
2.0334434814e+03
5.7290319824e+02
-8.9063903809e+02
-2.3739619141e+03
2.0422188721e+03
5.8869421387e+02
-8.7834155273e+02
-2.3512375488e+03
2.0630500488e+03
6.0501702881e+02
-8.5988903809e+02
-2.3396938477e+03
2.0809501953e+03
6.2572357178e+02
-8.4000146484e+02
-2.3154257812e+03
2.1058215332e+03
6.4867297363e+02
-8.1643103027e+02
-2.2948117676e+03
2.1316640625e+03
6.7557672119e+02
-7.8936181641e+02
-2.2661762695e+03
2.1612583008e+03
7.0480017090e+02
-7.5942840576e+02
-2.2371694336e+03
2.1929580078e+03
7.3768597412e+02
-7.2466223145e+02
-2.2015412598e+03
2.1885083008e+03
7.3668719482e+02
-7.2570812988e+02
-2.1978703613e+03
2.1575144043e+03
7.0479565430e+02
-7.5938525391e+02
-2.2322397461e+03
2.1281418457e+03
6.7454089355e+02
-7.8979406738e+02
-2.2638466797e+03
2.1011936035e+03
6.4833862305e+02
-8.1586273193e+02
-2.2885222168e+03
2.0791264648e+03
6.2451989746e+02
-8.3915429688e+02
-2.3145539551e+03
2.0568354492e+03
6.0455377197e+02
-8.5976708984e+02
-2.3312680664e+03
2.0429118652e+03
5.8654052734e+02
-8.7604846191e+02
-2.3538903809e+03
2.0241696777e+03
5.7355572510e+02
-8.9207788086e+02
-2.3609130859e+03
2.0193530273e+03
5.5970422363e+02
-9.0026171875e+02
-2.3820886230e+03
2.0032498779e+03
5.5571466064e+02
-9.1443658447e+02
-2.3796376953e+03
2.0054753418e+03
5.4299176025e+02
-9.1013525391e+02
-2.3968588867e+03
1.9954417725e+03
5.5070397949e+02
-9.2543151855e+02
-2.3905048828e+03
1.9954417725e+03
5.5070397949e+02
-9.2543151855e+02
-2.3905048828e+03
2.0054753418e+03
5.4299176025e+02
-9.1013525391e+02
-2.3968588867e+03
2.0032498779e+03
5.5571466064e+02
-9.1443658447e+02
-2.3796376953e+03
2.0193530273e+03
5.5970422363e+02
-9.0026171875e+02
-2.3820886230e+03
2.0241696777e+03
5.7355572510e+02
-8.9207788086e+02
-2.3609130859e+03
2.0429118652e+03
5.8654052734e+02
-8.7604846191e+02
-2.3538903809e+03
2.0568354492e+03
6.0455377197e+02
-8.5976708984e+02
-2.3312680664e+03
2.0791264648e+03
6.2451989746e+02
-8.3915429688e+02
-2.3145539551e+03
2.1011936035e+03
6.4833862305e+02
-8.1586273193e+02
-2.2885222168e+03
2.1281418457e+03
6.7454089355e+02
-7.8979406738e+02
-2.2638466797e+03
2.1575144043e+03
7.0479565430e+02
-7.5938525391e+02
-2.2322397461e+03
2.1885083008e+03
7.3668719482e+02
-7.2570812988e+02
-2.1978703613e+03
2.1250895996e+03
7.0596282959e+02
-7.1425756836e+02
-2.1465864258e+03
2.0956174316e+03
6.7660382080e+02
-7.4553985596e+02
-2.1796628418e+03
2.0679533691e+03
6.5005841064e+02
-7.7289392090e+02
-2.2067946777e+03
2.0431715088e+03
6.2476745605e+02
-7.9868475342e+02
-2.2340295410e+03
2.0196385498e+03
6.0302923584e+02
-8.2101098633e+02
-2.2538940430e+03
2.0020510254e+03
5.8347784424e+02
-8.4017065430e+02
-2.2765505371e+03
1.9828116455e+03
5.6771270752e+02
-8.5754119873e+02
-2.2883808594e+03
1.9731617432e+03
5.5309320068e+02
-8.6981256104e+02
-2.3086252441e+03
1.9571461182e+03
5.4438269043e+02
-8.8350805664e+02
-2.3113264160e+03
1.9552238770e+03
5.3273529053e+02
-8.8685717773e+02
-2.3288632812e+03
1.9439708252e+03
5.3300677490e+02
-9.0047540283e+02
-2.3247158203e+03
1.9475917969e+03
5.2129718018e+02
-8.9269305420e+02
-2.3354797363e+03
1.9475917969e+03
5.2129718018e+02
-8.9269305420e+02
-2.3354797363e+03
1.9439708252e+03
5.3300677490e+02
-9.0047540283e+02
-2.3247158203e+03
1.9552238770e+03
5.3273529053e+02
-8.8685717773e+02
-2.3288632812e+03
1.9571461182e+03
5.4438269043e+02
-8.8350805664e+02
-2.3113264160e+03
1.9731617432e+03
5.5309320068e+02
-8.6981256104e+02
-2.3086252441e+03
1.9828116455e+03
5.6771270752e+02
-8.5754119873e+02
-2.2883808594e+03
2.0020510254e+03
5.8347784424e+02
-8.4017065430e+02
-2.2765505371e+03
2.0196385498e+03
6.0302923584e+02
-8.2101098633e+02
-2.2538940430e+03
2.0431715088e+03
6.2476745605e+02
-7.9868475342e+02
-2.2340295410e+03
2.0679533691e+03
6.5005841064e+02
-7.7289392090e+02
-2.2067946777e+03
2.0956174316e+03
6.7660382080e+02
-7.4553985596e+02
-2.1796628418e+03
2.1250895996e+03
7.0596282959e+02
-7.1425756836e+02
-2.1465864258e+03
2.0020909424e+03
6.5481085205e+02
-6.9780615234e+02
-2.0494270020e+03
1.9781391602e+03
6.3212091064e+02
-7.2193316650e+02
-2.0768288574e+03
1.9529627686e+03
6.0729315186e+02
-7.4673535156e+02
-2.1041733398e+03
1.9299652100e+03
5.8515063477e+02
-7.6829821777e+02
-2.1250354004e+03
1.9106517334e+03
5.6454705811e+02
-7.8825872803e+02
-2.1474843750e+03
1.8914453125e+03
5.4701397705e+02
-8.0594311523e+02
-2.1621655273e+03
1.8788052979e+03
5.3132611084e+02
-8.2024053955e+02
-2.1814377441e+03
1.8631181641e+03
5.1960327148e+02
-8.3391070557e+02
-2.1883417969e+03
1.8575341797e+03
5.0790386963e+02
-8.4148321533e+02
-2.2053852539e+03
1.8454893799e+03
5.0329037476e+02
-8.5296130371e+02
-2.2051022949e+03
1.8451143799e+03
4.9395825195e+02
-8.5127001953e+02
-2.2180979004e+03
1.8372264404e+03
4.9930010986e+02
-8.6260729980e+02
-2.2136186523e+03
1.8372264404e+03
4.9930010986e+02
-8.6260729980e+02
-2.2136186523e+03
1.8451143799e+03
4.9395825195e+02
-8.5127001953e+02
-2.2180979004e+03
1.8454893799e+03
5.0329037476e+02
-8.5296130371e+02
-2.2051022949e+03
1.8575341797e+03
5.0790386963e+02
-8.4148321533e+02
-2.2053852539e+03
1.8631181641e+03
5.1960327148e+02
-8.3391070557e+02
-2.1883417969e+03
1.8788052979e+03
5.3132611084e+02
-8.2024053955e+02
-2.1814377441e+03
1.8914453125e+03
5.4701397705e+02
-8.0594311523e+02
-2.1621655273e+03
1.9106517334e+03
5.6454705811e+02
-7.8825872803e+02
-2.1474843750e+03
1.9299652100e+03
5.8515063477e+02
-7.6829821777e+02
-2.1250354004e+03
1.9529627686e+03
6.0729315186e+02
-7.4673535156e+02
-2.1041733398e+03
1.9781391602e+03
6.3212091064e+02
-7.2193316650e+02
-2.0768288574e+03
2.0020909424e+03
6.5481085205e+02
-6.9780615234e+02
-2.0494270020e+03
1.8341571045e+03
5.7619415283e+02
-6.6710247803e+02
-1.9118134766e+03
1.8140289307e+03
5.5987164307e+02
-6.8529681396e+02
-1.9349665527e+03
1.7934394531e+03
5.4278643799e+02
-7.0326422119e+02
-1.9546213379e+03
1.7741013184e+03
5.2407763672e+02
-7.2284674072e+02
-1.9758876953e+03
1.7554022217e+03
5.0746667480e+02
-7.4009368896e+02
-1.9913245850e+03
1.7411359863e+03
4.9223284912e+02
-7.5527026367e+02
-2.0091243896e+03
1.7258378906e+03
4.7973565674e+02
-7.6896069336e+02
-2.0184818115e+03
1.7175527344e+03
4.6830444336e+02
-7.7887829590e+02
-2.0341374512e+03
1.7054166260e+03
4.6109289551e+02
-7.8959075928e+02
-2.0368809814e+03
1.7024798584e+03
4.5245657349e+02
-7.9277520752e+02
-2.0498127441e+03
1.6948212891e+03
4.5152178955e+02
-8.0242260742e+02
-2.0475408936e+03
1.6974742432e+03
4.4260379028e+02
-7.9707312012e+02
-2.0557397461e+03
1.6974742432e+03
4.4260379028e+02
-7.9707312012e+02
-2.0557397461e+03
1.6948212891e+03
4.5152178955e+02
-8.0242260742e+02
-2.0475408936e+03
1.7024798584e+03
4.5245657349e+02
-7.9277520752e+02
-2.0498127441e+03
1.7054166260e+03
4.6109289551e+02
-7.8959075928e+02
-2.0368809814e+03
1.7175527344e+03
4.6830444336e+02
-7.7887829590e+02
-2.0341374512e+03
1.7258378906e+03
4.7973565674e+02
-7.6896069336e+02
-2.0184818115e+03
1.7411359863e+03
4.9223284912e+02
-7.5527026367e+02
-2.0091243896e+03
1.7554022217e+03
5.0746667480e+02
-7.4009368896e+02
-1.9913245850e+03
1.7741013184e+03
5.2407763672e+02
-7.2284674072e+02
-1.9758876953e+03
1.7934394531e+03
5.4278643799e+02
-7.0326422119e+02
-1.9546213379e+03
1.8140289307e+03
5.5987164307e+02
-6.8529681396e+02
-1.9349665527e+03
1.8341571045e+03
5.7619415283e+02
-6.6710247803e+02
-1.9118134766e+03
1.6183883057e+03
4.8986080933e+02
-6.3430267334e+02
-1.7394270020e+03
1.6074775391e+03
4.8427145386e+02
-6.4058044434e+02
-1.7533552246e+03
1.5906995850e+03
4.6991754150e+02
-6.5464202881e+02
-1.7724904785e+03
1.5750119629e+03
4.5545697021e+02
-6.6793292236e+02
-1.7860620117e+03
1.5613509521e+03
4.4104949951e+02
-6.8135687256e+02
-1.8018272705e+03
1.5476262207e+03
4.2845080566e+02
-6.9355499268e+02
-1.8118721924e+03
1.5384260254e+03
4.1707946777e+02
-7.0364715576e+02
-1.8256766357e+03
1.5272265625e+03
4.0839736938e+02
-7.1332806396e+02
-1.8304754639e+03
1.5227010498e+03
3.9996441650e+02
-7.1876885986e+02
-1.8425142822e+03
1.5146904297e+03
3.9614935303e+02
-7.2680297852e+02
-1.8425617676e+03
1.5135328369e+03
3.9002536011e+02
-7.2617730713e+02
-1.8514986572e+03
1.5074780273e+03
3.9412466431e+02
-7.3434594727e+02
-1.8480595703e+03
1.5074780273e+03
3.9412466431e+02
-7.3434594727e+02
-1.8480595703e+03
1.5135328369e+03
3.9002536011e+02
-7.2617730713e+02
-1.8514986572e+03
1.5146904297e+03
3.9614935303e+02
-7.2680297852e+02
-1.8425617676e+03
1.5227010498e+03
3.9996441650e+02
-7.1876885986e+02
-1.8425142822e+03
1.5272265625e+03
4.0839736938e+02
-7.1332806396e+02
-1.8304754639e+03
1.5384260254e+03
4.1707946777e+02
-7.0364715576e+02
-1.8256766357e+03
1.5476262207e+03
4.2845080566e+02
-6.9355499268e+02
-1.8118721924e+03
1.5613509521e+03
4.4104949951e+02
-6.8135687256e+02
-1.8018272705e+03
1.5750119629e+03
4.5545697021e+02
-6.6793292236e+02
-1.7860620117e+03
1.5906995850e+03
4.6991754150e+02
-6.5464202881e+02
-1.7724904785e+03
1.6074775391e+03
4.8427145386e+02
-6.4058044434e+02
-1.7533552246e+03
1.6183883057e+03
4.8986080933e+02
-6.3430267334e+02
-1.7394270020e+03
1.3823806152e+03
3.8022491455e+02
-5.8519238281e+02
-1.5372998047e+03
1.3751627197e+03
3.8178207397e+02
-5.8571496582e+02
-1.5472155762e+03
1.3641534424e+03
3.7775082397e+02
-5.9068237305e+02
-1.5562886963e+03
1.3526674805e+03
3.6844262695e+02
-6.0128808594e+02
-1.5690396729e+03
1.3406849365e+03
3.5911953735e+02
-6.1147546387e+02
-1.5782302246e+03
1.3313745117e+03
3.4990533447e+02
-6.2099560547e+02
-1.5896448975e+03
1.3211992188e+03
3.4212734985e+02
-6.2971807861e+02
-1.5951367188e+03
1.3155568848e+03
3.3492797852e+02
-6.3607226562e+02
-1.6053403320e+03
1.3076595459e+03
3.3027960205e+02
-6.4304498291e+02
-1.6067231445e+03
1.3051379395e+03
3.2493069458e+02
-6.4511791992e+02
-1.6150814209e+03
1.3005585938e+03
3.2392388916e+02
-6.5115118408e+02
-1.6134466553e+03
1.3029420166e+03
3.1734463501e+02
-6.4709191895e+02
-1.6193035889e+03
1.3029420166e+03
3.1734463501e+02
-6.4709191895e+02
-1.6193035889e+03
1.3005585938e+03
3.2392388916e+02
-6.5115118408e+02
-1.6134466553e+03
1.3051379395e+03
3.2493069458e+02
-6.4511791992e+02
-1.6150814209e+03
1.3076595459e+03
3.3027960205e+02
-6.4304498291e+02
-1.6067231445e+03
1.3155568848e+03
3.3492797852e+02
-6.3607226562e+02
-1.6053403320e+03
1.3211992188e+03
3.4212734985e+02
-6.2971807861e+02
-1.5951367188e+03
1.3313745117e+03
3.4990533447e+02
-6.2099560547e+02
-1.5896448975e+03
1.3406849365e+03
3.5911953735e+02
-6.1147546387e+02
-1.5782302246e+03
1.3526674805e+03
3.6844262695e+02
-6.0128808594e+02
-1.5690396729e+03
1.3641534424e+03
3.7775082397e+02
-5.9068237305e+02
-1.5562886963e+03
1.3751627197e+03
3.8178207397e+02
-5.8571496582e+02
-1.5472155762e+03
1.3823806152e+03
3.8022491455e+02
-5.8519238281e+02
-1.5372998047e+03
1.1102054443e+03
2.7969436646e+02
-5.3741601562e+02
-1.3156020508e+03
1.1140917969e+03
2.9374154663e+02
-5.2264660645e+02
-1.3131173096e+03
1.1071676025e+03
2.9129125977e+02
-5.2451379395e+02
-1.3232077637e+03
1.0995780029e+03
2.8518902588e+02
-5.2888220215e+02
-1.3290400391e+03
1.0922651367e+03
2.7756576538e+02
-5.3502343750e+02
-1.3374278564e+03
1.0845748291e+03
2.7045999146e+02
-5.4113067627e+02
-1.3421356201e+03
1.0794719238e+03
2.6386331177e+02
-5.4640368652e+02
-1.3499996338e+03
1.0730236816e+03
2.5872555542e+02
-5.5171624756e+02
-1.3519769287e+03
1.0703502197e+03
2.5376770020e+02
-5.5454882812e+02
-1.3591455078e+03
1.0660162354e+03
2.5133955383e+02
-5.5915240479e+02
-1.3586470947e+03
1.0649722900e+03
2.4802632141e+02
-5.5870666504e+02
-1.3640909424e+03
1.0604293213e+03
2.5154592896e+02
-5.6440185547e+02
-1.3611870117e+03
1.0604293213e+03
2.5154592896e+02
-5.6440185547e+02
-1.3611870117e+03
1.0649722900e+03
2.4802632141e+02
-5.5870666504e+02
-1.3640909424e+03
1.0660162354e+03
2.5133955383e+02
-5.5915240479e+02
-1.3586470947e+03
1.0703502197e+03
2.5376770020e+02
-5.5454882812e+02
-1.3591455078e+03
1.0730236816e+03
2.5872555542e+02
-5.5171624756e+02
-1.3519769287e+03
1.0794719238e+03
2.6386331177e+02
-5.4640368652e+02
-1.3499996338e+03
1.0845748291e+03
2.7045999146e+02
-5.4113067627e+02
-1.3421356201e+03
1.0922651367e+03
2.7756576538e+02
-5.3502343750e+02
-1.3374278564e+03
1.0995780029e+03
2.8518902588e+02
-5.2888220215e+02
-1.3290400391e+03
1.1071676025e+03
2.9129125977e+02
-5.2451379395e+02
-1.3232077637e+03
1.1140917969e+03
2.9374154663e+02
-5.2264660645e+02
-1.3131173096e+03
1.1102054443e+03
2.7969436646e+02
-5.3741601562e+02
-1.3156020508e+03
8.4660345459e+02
1.5843568420e+02
-4.6922518921e+02
-1.0701901855e+03
8.5142559814e+02
1.7680331421e+02
-4.5421829224e+02
-1.0694058838e+03
8.4866442871e+02
1.8490263367e+02
-4.4709286499e+02
-1.0684047852e+03
8.4451983643e+02
1.8476181030e+02
-4.4879013062e+02
-1.0725294189e+03
8.3892547607e+02
1.8255081177e+02
-4.5223690796e+02
-1.0758288574e+03
8.3436395264e+02
1.7911128235e+02
-4.5647793579e+02
-1.0815089111e+03
8.2892523193e+02
1.7577438354e+02
-4.6076498413e+02
-1.0837081299e+03
8.2581439209e+02
1.7240417480e+02
-4.6398300171e+02
-1.0894034424e+03
8.2152819824e+02
1.7009521484e+02
-4.6777462769e+02
-1.0895780029e+03
8.1968011475e+02
1.6748428345e+02
-4.6884533691e+02
-1.0944090576e+03
8.1750054932e+02
1.6667131042e+02
-4.7214657593e+02
-1.0930802002e+03
8.1992315674e+02
1.6182380676e+02
-4.6882839966e+02
-1.0971719971e+03
8.1992315674e+02
1.6182380676e+02
-4.6882839966e+02
-1.0971719971e+03
8.1750054932e+02
1.6667131042e+02
-4.7214657593e+02
-1.0930802002e+03
8.1968011475e+02
1.6748428345e+02
-4.6884533691e+02
-1.0944090576e+03
8.2152819824e+02
1.7009521484e+02
-4.6777462769e+02
-1.0895780029e+03
8.2581439209e+02
1.7240417480e+02
-4.6398300171e+02
-1.0894034424e+03
8.2892523193e+02
1.7577438354e+02
-4.6076498413e+02
-1.0837081299e+03
8.3436395264e+02
1.7911128235e+02
-4.5647793579e+02
-1.0815089111e+03
8.3892547607e+02
1.8255081177e+02
-4.5223690796e+02
-1.0758288574e+03
8.4451983643e+02
1.8476181030e+02
-4.4879013062e+02
-1.0725294189e+03
8.4866442871e+02
1.8490263367e+02
-4.4709286499e+02
-1.0684047852e+03
8.5142559814e+02
1.7680331421e+02
-4.5421829224e+02
-1.0694058838e+03
8.4660345459e+02
1.5843568420e+02
-4.6922518921e+02
-1.0701901855e+03
5.5121160889e+02
6.2662986755e+01
-4.0804617310e+02
-8.2213989258e+02
5.6700152588e+02
9.3329345703e+01
-3.7378784180e+02
-8.0327081299e+02
5.6883966064e+02
1.0092639160e+02
-3.6535119629e+02
-8.0637567139e+02
5.6742803955e+02
1.0076529694e+02
-3.6371627808e+02
-8.0782312012e+02
5.6416571045e+02
9.7381813049e+01
-3.6519482422e+02
-8.1160186768e+02
5.6005847168e+02
9.3389564514e+01
-3.6747488403e+02
-8.1296362305e+02
5.5694201660e+02
8.9492294312e+01
-3.6964773560e+02
-8.1643603516e+02
5.5320458984e+02
8.6294281006e+01
-3.7195605469e+02
-8.1623071289e+02
5.5116491699e+02
8.3476989746e+01
-3.7299874878e+02
-8.1946887207e+02
5.4902648926e+02
8.1755828857e+01
-3.7502038574e+02
-8.1817950439e+02
5.4769165039e+02
8.0285705566e+01
-3.7458920288e+02
-8.2085968018e+02
5.4385888672e+02
8.3379386902e+01
-3.7859954834e+02
-8.1815539551e+02
5.4385888672e+02
8.3379386902e+01
-3.7859954834e+02
-8.1815539551e+02
5.4769165039e+02
8.0285705566e+01
-3.7458920288e+02
-8.2085968018e+02
5.4902648926e+02
8.1755828857e+01
-3.7502038574e+02
-8.1817950439e+02
5.5116491699e+02
8.3476989746e+01
-3.7299874878e+02
-8.1946887207e+02
5.5320458984e+02
8.6294281006e+01
-3.7195605469e+02
-8.1623071289e+02
5.5694201660e+02
8.9492294312e+01
-3.6964773560e+02
-8.1643603516e+02
5.6005847168e+02
9.3389564514e+01
-3.6747488403e+02
-8.1296362305e+02
5.6416571045e+02
9.7381813049e+01
-3.6519482422e+02
-8.1160186768e+02
5.6742803955e+02
1.0076529694e+02
-3.6371627808e+02
-8.0782312012e+02
5.6883966064e+02
1.0092639160e+02
-3.6535119629e+02
-8.0637567139e+02
5.6700152588e+02
9.3329345703e+01
-3.7378784180e+02
-8.0327081299e+02
5.5121160889e+02
6.2662986755e+01
-4.0804617310e+02
-8.2213989258e+02
2.9593389893e+02
-4.9649230957e+01
-3.1379922485e+02
-5.4499084473e+02
3.0582827759e+02
-2.2523483276e+01
-2.9373440552e+02
-5.4440618896e+02
3.0222952271e+02
-1.0937539101e+01
-2.8259014893e+02
-5.3984643555e+02
2.9839746094e+02
-7.9932007790e+00
-2.7980395508e+02
-5.3795617676e+02
2.9462948608e+02
-6.8217606544e+00
-2.7911703491e+02
-5.3665899658e+02
2.9241369629e+02
-6.4271669388e+00
-2.7943524170e+02
-5.3759429932e+02
2.9061895752e+02
-6.0390310287e+00
-2.8001730347e+02
-5.3716992188e+02
2.9006869507e+02
-5.6592803001e+00
-2.8036248779e+02
-5.3944708252e+02
2.8951364136e+02
-5.2634658813e+00
-2.8120214844e+02
-5.3883605957e+02
2.8911148071e+02
-4.8849759102e+00
-2.8107418823e+02
-5.4134246826e+02
2.8962377930e+02
-4.7617878914e+00
-2.8207656860e+02
-5.4029864502e+02
2.9288836670e+02
-8.0143909454e+00
-2.7890145874e+02
-5.4324932861e+02
2.9288836670e+02
-8.0143909454e+00
-2.7890145874e+02
-5.4324932861e+02
2.8962377930e+02
-4.7617878914e+00
-2.8207656860e+02
-5.4029864502e+02
2.8911148071e+02
-4.8849759102e+00
-2.8107418823e+02
-5.4134246826e+02
2.8951364136e+02
-5.2634658813e+00
-2.8120214844e+02
-5.3883605957e+02
2.9006869507e+02
-5.6592803001e+00
-2.8036248779e+02
-5.3944708252e+02
2.9061895752e+02
-6.0390310287e+00
-2.8001730347e+02
-5.3716992188e+02
2.9241369629e+02
-6.4271669388e+00
-2.7943524170e+02
-5.3759429932e+02
2.9462948608e+02
-6.8217606544e+00
-2.7911703491e+02
-5.3665899658e+02
2.9839746094e+02
-7.9932007790e+00
-2.7980395508e+02
-5.3795617676e+02
3.0222952271e+02
-1.0937539101e+01
-2.8259014893e+02
-5.3984643555e+02
3.0582827759e+02
-2.2523483276e+01
-2.9373440552e+02
-5.4440618896e+02
2.9593389893e+02
-4.9649230957e+01
-3.1379922485e+02
-5.4499084473e+02
-9.6532058716e+01
-1.8286691284e+02
-2.4887417603e+02
-2.3979066467e+02
-7.7950523376e+01
-1.5026063538e+02
-2.0722186279e+02
-2.1153900146e+02
-5.4757232666e+01
-1.2934487915e+02
-1.9206706238e+02
-2.1696667480e+02
-2.9818168640e+01
-1.1339830017e+02
-1.8655009460e+02
-2.2872575378e+02
-6.9642257690e+00
-1.0087149048e+02
-1.8515676880e+02
-2.4426065063e+02
1.3220205307e+01
-9.0753746033e+01
-1.8565084839e+02
-2.5841998291e+02
3.0486446381e+01
-8.2593383789e+01
-1.8691345215e+02
-2.7272625732e+02
4.4687526703e+01
-7.6223159790e+01
-1.8857608032e+02
-2.8328894043e+02
5.5747589111e+01
-7.1143058777e+01
-1.8988578796e+02
-2.9394247437e+02
6.4758857727e+01
-6.7887794495e+01
-1.9143949890e+02
-2.9983013916e+02
6.9178916931e+01
-6.5314849854e+01
-1.9206436157e+02
-3.0600460815e+02
6.8336112976e+01
-6.1148231506e+01
-1.9573033142e+02
-3.0611679077e+02
6.8336112976e+01
-6.1148231506e+01
-1.9573033142e+02
-3.0611679077e+02
6.9178916931e+01
-6.5314849854e+01
-1.9206436157e+02
-3.0600460815e+02
6.4758857727e+01
-6.7887794495e+01
-1.9143949890e+02
-2.9983013916e+02
5.5747589111e+01
-7.1143058777e+01
-1.8988578796e+02
-2.9394247437e+02
4.4687526703e+01
-7.6223159790e+01
-1.8857608032e+02
-2.8328894043e+02
3.0486446381e+01
-8.2593383789e+01
-1.8691345215e+02
-2.7272625732e+02
1.3220205307e+01
-9.0753746033e+01
-1.8565084839e+02
-2.5841998291e+02
-6.9642257690e+00
-1.0087149048e+02
-1.8515676880e+02
-2.4426065063e+02
-2.9818168640e+01
-1.1339830017e+02
-1.8655009460e+02
-2.2872575378e+02
-5.4757232666e+01
-1.2934487915e+02
-1.9206706238e+02
-2.1696667480e+02
-7.7950523376e+01
-1.5026063538e+02
-2.0722186279e+02
-2.1153900146e+02
-9.6532058716e+01
-1.8286691284e+02
-2.4887417603e+02
-2.3979066467e+02
