9.9035351562e+02
2.5888793945e+02
-5.1461883545e+02
-1.2563668213e+03
9.9261663818e+02
2.5496278381e+02
-5.0282217407e+02
-1.2493018799e+03
1.0382241211e+03
2.6346813965e+02
-5.1287512207e+02
-1.2955510254e+03
1.0834938965e+03
2.7534106445e+02
-5.2608111572e+02
-1.3420804443e+03
1.1245969238e+03
2.8661437988e+02
-5.3957702637e+02
-1.3854599609e+03
1.1592250977e+03
2.9635632324e+02
-5.5131121826e+02
-1.4223316650e+03
1.1870800781e+03
3.0449777222e+02
-5.6139135742e+02
-1.4521005859e+03
1.2097092285e+03
3.1089669800e+02
-5.6932806396e+02
-1.4766578369e+03
1.2262445068e+03
3.1608706665e+02
-5.7583654785e+02
-1.4942239990e+03
1.2389809570e+03
3.1933963013e+02
-5.8005902100e+02
-1.5082608643e+03
1.2463194580e+03
3.2215353394e+02
-5.8359698486e+02
-1.5163605957e+03
1.2498875732e+03
3.2309951782e+02
-5.8479595947e+02
-1.5214689941e+03
1.2498875732e+03
3.2309951782e+02
-5.8479595947e+02
-1.5214689941e+03
1.2463194580e+03
3.2215353394e+02
-5.8359698486e+02
-1.5163605957e+03
1.2389809570e+03
3.1933963013e+02
-5.8005902100e+02
-1.5082608643e+03
1.2262445068e+03
3.1608706665e+02
-5.7583654785e+02
-1.4942239990e+03
1.2097092285e+03
3.1089669800e+02
-5.6932806396e+02
-1.4766578369e+03
1.1870800781e+03
3.0449777222e+02
-5.6139135742e+02
-1.4521005859e+03
1.1592250977e+03
2.9635632324e+02
-5.5131121826e+02
-1.4223316650e+03
1.1245969238e+03
2.8661437988e+02
-5.3957702637e+02
-1.3854599609e+03
1.0834938965e+03
2.7534106445e+02
-5.2608111572e+02
-1.3420804443e+03
1.0382241211e+03
2.6346813965e+02
-5.1287512207e+02
-1.2955510254e+03
9.9261663818e+02
2.5496278381e+02
-5.0282217407e+02
-1.2493018799e+03
9.9035351562e+02
2.5888793945e+02
-5.1461883545e+02
-1.2563668213e+03
1.0791738281e+03
2.8326962280e+02
-4.6379568481e+02
-1.2668316650e+03
1.0968212891e+03
2.8645812988e+02
-5.1319024658e+02
-1.3262320557e+03
1.0649604492e+03
2.7674636841e+02
-5.2161254883e+02
-1.3091387939e+03
1.0421035156e+03
2.6836590576e+02
-5.2570092773e+02
-1.2972667236e+03
1.0245471191e+03
2.6215002441e+02
-5.2745703125e+02
-1.2865693359e+03
1.0129962158e+03
2.5779495239e+02
-5.2919366455e+02
-1.2802161865e+03
1.0065291748e+03
2.5471772766e+02
-5.3052459717e+02
-1.2777122803e+03
1.0019609375e+03
2.5298161316e+02
-5.3223565674e+02
-1.2758242188e+03
1.0007280273e+03
2.5135939026e+02
-5.3310058594e+02
-1.2771395264e+03
9.9905627441e+02
2.5124591064e+02
-5.3481927490e+02
-1.2766550293e+03
9.9953753662e+02
2.4997338867e+02
-5.3482861328e+02
-1.2782827148e+03
9.9935321045e+02
2.5026863098e+02
-5.3592755127e+02
-1.2776690674e+03
9.9935321045e+02
2.5026863098e+02
-5.3592755127e+02
-1.2776690674e+03
9.9953753662e+02
2.4997338867e+02
-5.3482861328e+02
-1.2782827148e+03
9.9905627441e+02
2.5124591064e+02
-5.3481927490e+02
-1.2766550293e+03
1.0007280273e+03
2.5135939026e+02
-5.3310058594e+02
-1.2771395264e+03
1.0019609375e+03
2.5298161316e+02
-5.3223565674e+02
-1.2758242188e+03
1.0065291748e+03
2.5471772766e+02
-5.3052459717e+02
-1.2777122803e+03
1.0129962158e+03
2.5779495239e+02
-5.2919366455e+02
-1.2802161865e+03
1.0245471191e+03
2.6215002441e+02
-5.2745703125e+02
-1.2865693359e+03
1.0421035156e+03
2.6836590576e+02
-5.2570092773e+02
-1.2972667236e+03
1.0649604492e+03
2.7674636841e+02
-5.2161254883e+02
-1.3091387939e+03
1.0968212891e+03
2.8645812988e+02
-5.1319024658e+02
-1.3262320557e+03
1.0791738281e+03
2.8326962280e+02
-4.6379568481e+02
-1.2668316650e+03
9.3620098877e+02
2.4622001648e+02
-4.7151370239e+02
-1.1634525146e+03
9.0870654297e+02
2.2984820557e+02
-4.4938388062e+02
-1.1336313477e+03
9.1463848877e+02
2.2189193726e+02
-4.5594284058e+02
-1.1559854736e+03
9.0744348145e+02
2.1294538879e+02
-4.5796951294e+02
-1.1602490234e+03
8.9906518555e+02
2.0504266357e+02
-4.6000689697e+02
-1.1621617432e+03
8.8991418457e+02
1.9805403137e+02
-4.6054666138e+02
-1.1607885742e+03
8.8031988525e+02
1.9253323364e+02
-4.6117169189e+02
-1.1571751709e+03
8.7354608154e+02
1.8762374878e+02
-4.6085864258e+02
-1.1553218994e+03
8.6615472412e+02
1.8472779846e+02
-4.6151614380e+02
-1.1509337158e+03
8.6261614990e+02
1.8122390747e+02
-4.6048315430e+02
-1.1503210449e+03
8.5843945312e+02
1.8084629822e+02
-4.6151455688e+02
-1.1473765869e+03
8.5738745117e+02
1.7919535828e+02
-4.6036157227e+02
-1.1479008789e+03
8.5738745117e+02
1.7919535828e+02
-4.6036157227e+02
-1.1479008789e+03
8.5843945312e+02
1.8084629822e+02
-4.6151455688e+02
-1.1473765869e+03
8.6261614990e+02
1.8122390747e+02
-4.6048315430e+02
-1.1503210449e+03
8.6615472412e+02
1.8472779846e+02
-4.6151614380e+02
-1.1509337158e+03
8.7354608154e+02
1.8762374878e+02
-4.6085864258e+02
-1.1553218994e+03
8.8031988525e+02
1.9253323364e+02
-4.6117169189e+02
-1.1571751709e+03
8.8991418457e+02
1.9805403137e+02
-4.6054666138e+02
-1.1607885742e+03
8.9906518555e+02
2.0504266357e+02
-4.6000689697e+02
-1.1621617432e+03
9.0744348145e+02
2.1294538879e+02
-4.5796951294e+02
-1.1602490234e+03
9.1463848877e+02
2.2189193726e+02
-4.5594284058e+02
-1.1559854736e+03
9.0870654297e+02
2.2984820557e+02
-4.4938388062e+02
-1.1336313477e+03
9.3620098877e+02
2.4622001648e+02
-4.7151370239e+02
-1.1634525146e+03
7.3655340576e+02
1.5878189087e+02
-3.9366070557e+02
-9.6260992432e+02
7.5359521484e+02
1.6790135193e+02
-4.1884228516e+02
-9.9540649414e+02
7.3716455078e+02
1.6676632690e+02
-4.1842919922e+02
-9.7994354248e+02
7.3276849365e+02
1.6594000244e+02
-4.2380508423e+02
-9.8170684814e+02
7.2747241211e+02
1.6385580444e+02
-4.2720867920e+02
-9.8169317627e+02
7.2271075439e+02
1.6172595215e+02
-4.3091531372e+02
-9.8239935303e+02
7.1965563965e+02
1.5911943054e+02
-4.3313140869e+02
-9.8423266602e+02
7.1477062988e+02
1.5743345642e+02
-4.3566857910e+02
-9.8301580811e+02
7.1324700928e+02
1.5470805359e+02
-4.3614804077e+02
-9.8519396973e+02
7.0924578857e+02
1.5458567810e+02
-4.3844992065e+02
-9.8292437744e+02
7.0899511719e+02
1.5184031677e+02
-4.3753097534e+02
-9.8469750977e+02
7.0727600098e+02
1.5261595154e+02
-4.3938360596e+02
-9.8292962646e+02
7.0727600098e+02
1.5261595154e+02
-4.3938360596e+02
-9.8292962646e+02
7.0899511719e+02
1.5184031677e+02
-4.3753097534e+02
-9.8469750977e+02
7.0924578857e+02
1.5458567810e+02
-4.3844992065e+02
-9.8292437744e+02
7.1324700928e+02
1.5470805359e+02
-4.3614804077e+02
-9.8519396973e+02
7.1477062988e+02
1.5743345642e+02
-4.3566857910e+02
-9.8301580811e+02
7.1965563965e+02
1.5911943054e+02
-4.3313140869e+02
-9.8423266602e+02
7.2271075439e+02
1.6172595215e+02
-4.3091531372e+02
-9.8239935303e+02
7.2747241211e+02
1.6385580444e+02
-4.2720867920e+02
-9.8169317627e+02
7.3276849365e+02
1.6594000244e+02
-4.2380508423e+02
-9.8170684814e+02
7.3716455078e+02
1.6676632690e+02
-4.1842919922e+02
-9.7994354248e+02
7.5359521484e+02
1.6790135193e+02
-4.1884228516e+02
-9.9540649414e+02
7.3655340576e+02
1.5878189087e+02
-3.9366070557e+02
-9.6260992432e+02
5.6466253662e+02
1.0216832733e+02
-3.6406454468e+02
-8.1500061035e+02
5.5121264648e+02
9.6831710815e+01
-3.4602746582e+02
-7.9619494629e+02
5.5891760254e+02
9.4740653992e+01
-3.5009182739e+02
-8.1367425537e+02
5.5405230713e+02
9.0261444092e+01
-3.4793551636e+02
-8.1240197754e+02
5.5102813721e+02
8.7045158386e+01
-3.4847381592e+02
-8.1390014648e+02
5.4856579590e+02
8.3929100037e+01
-3.4826284790e+02
-8.1484826660e+02
5.4483929443e+02
8.1947555542e+01
-3.4932644653e+02
-8.1407592773e+02
5.4451171875e+02
7.9437416077e+01
-3.4922473145e+02
-8.1673309326e+02
5.4093304443e+02
7.9110427856e+01
-3.5106512451e+02
-8.1467364502e+02
5.4185375977e+02
7.6275489807e+01
-3.4985073853e+02
-8.1797027588e+02
5.3922253418e+02
7.7862449646e+01
-3.5224301147e+02
-8.1583496094e+02
5.4009051514e+02
7.5693656921e+01
-3.5035626221e+02
-8.1813519287e+02
5.4009051514e+02
7.5693656921e+01
-3.5035626221e+02
-8.1813519287e+02
5.3922253418e+02
7.7862449646e+01
-3.5224301147e+02
-8.1583496094e+02
5.4185375977e+02
7.6275489807e+01
-3.4985073853e+02
-8.1797027588e+02
5.4093304443e+02
7.9110427856e+01
-3.5106512451e+02
-8.1467364502e+02
5.4451171875e+02
7.9437416077e+01
-3.4922473145e+02
-8.1673309326e+02
5.4483929443e+02
8.1947555542e+01
-3.4932644653e+02
-8.1407592773e+02
5.4856579590e+02
8.3929100037e+01
-3.4826284790e+02
-8.1484826660e+02
5.5102813721e+02
8.7045158386e+01
-3.4847381592e+02
-8.1390014648e+02
5.5405230713e+02
9.0261444092e+01
-3.4793551636e+02
-8.1240197754e+02
5.5891760254e+02
9.4740653992e+01
-3.5009182739e+02
-8.1367425537e+02
5.5121264648e+02
9.6831710815e+01
-3.4602746582e+02
-7.9619494629e+02
5.6466253662e+02
1.0216832733e+02
-3.6406454468e+02
-8.1500061035e+02
3.5598364258e+02
2.1343523026e+01
-2.9712136841e+02
-6.1113531494e+02
3.6756835938e+02
3.2291206360e+01
-3.0430834961e+02
-6.2372283936e+02
3.5805615234e+02
3.4548103333e+01
-2.9938250732e+02
-6.1050488281e+02
3.5895129395e+02
3.6315994263e+01
-3.0321865845e+02
-6.1424340820e+02
3.5706039429e+02
3.5991096497e+01
-3.0435705566e+02
-6.1416448975e+02
3.5465405273e+02
3.5752532959e+01
-3.0655169678e+02
-6.1401019287e+02
3.5453860474e+02
3.4592086792e+01
-3.0713012695e+02
-6.1590356445e+02
3.5096969604e+02
3.4684654236e+01
-3.0898913574e+02
-6.1349768066e+02
3.5233099365e+02
3.2655094147e+01
-3.0816174316e+02
-6.1680651855e+02
3.4878210449e+02
3.4403770447e+01
-3.1084396362e+02
-6.1331915283e+02
3.5059930420e+02
3.1122573853e+01
-3.0856176758e+02
-6.1646643066e+02
3.4863061523e+02
3.3410217285e+01
-3.1139730835e+02
-6.1382971191e+02
3.4863061523e+02
3.3410217285e+01
-3.1139730835e+02
-6.1382971191e+02
3.5059930420e+02
3.1122573853e+01
-3.0856176758e+02
-6.1646643066e+02
3.4878210449e+02
3.4403770447e+01
-3.1084396362e+02
-6.1331915283e+02
3.5233099365e+02
3.2655094147e+01
-3.0816174316e+02
-6.1680651855e+02
3.5096969604e+02
3.4684654236e+01
-3.0898913574e+02
-6.1349768066e+02
3.5453860474e+02
3.4592086792e+01
-3.0713012695e+02
-6.1590356445e+02
3.5465405273e+02
3.5752532959e+01
-3.0655169678e+02
-6.1401019287e+02
3.5706039429e+02
3.5991096497e+01
-3.0435705566e+02
-6.1416448975e+02
3.5895129395e+02
3.6315994263e+01
-3.0321865845e+02
-6.1424340820e+02
3.5805615234e+02
3.4548103333e+01
-2.9938250732e+02
-6.1050488281e+02
3.6756835938e+02
3.2291206360e+01
-3.0430834961e+02
-6.2372283936e+02
3.5598364258e+02
2.1343523026e+01
-2.9712136841e+02
-6.1113531494e+02
1.5801277161e+02
-4.6564659119e+01
-2.4252452087e+02
-4.2687854004e+02
1.5499327087e+02
-4.3722576141e+01
-2.2731045532e+02
-4.1447320557e+02
1.6242459106e+02
-4.1647304535e+01
-2.2776306152e+02
-4.2481884766e+02
1.5979719543e+02
-4.2915966034e+01
-2.2334495544e+02
-4.2084527588e+02
1.5931156921e+02
-4.3409446716e+01
-2.2318070984e+02
-4.2160623169e+02
1.5959893799e+02
-4.4679004669e+01
-2.2210400391e+02
-4.2269604492e+02
1.5715377808e+02
-4.4929565430e+01
-2.2282089233e+02
-4.2111660767e+02
1.5924314880e+02
-4.6586528778e+01
-2.2177618408e+02
-4.2451974487e+02
1.5562251282e+02
-4.5424503326e+01
-2.2374305725e+02
-4.2088122559e+02
1.5858251953e+02
-4.8600994110e+01
-2.2115975952e+02
-4.2541665649e+02
1.5524708557e+02
-4.5147159576e+01
-2.2452064514e+02
-4.2166921997e+02
1.5727359009e+02
-4.8517784119e+01
-2.2117704773e+02
-4.2498965454e+02
1.5727359009e+02
-4.8517784119e+01
-2.2117704773e+02
-4.2498965454e+02
1.5524708557e+02
-4.5147159576e+01
-2.2452064514e+02
-4.2166921997e+02
1.5858251953e+02
-4.8600994110e+01
-2.2115975952e+02
-4.2541665649e+02
1.5562251282e+02
-4.5424503326e+01
-2.2374305725e+02
-4.2088122559e+02
1.5924314880e+02
-4.6586528778e+01
-2.2177618408e+02
-4.2451974487e+02
1.5715377808e+02
-4.4929565430e+01
-2.2282089233e+02
-4.2111660767e+02
1.5959893799e+02
-4.4679004669e+01
-2.2210400391e+02
-4.2269604492e+02
1.5931156921e+02
-4.3409446716e+01
-2.2318070984e+02
-4.2160623169e+02
1.5979719543e+02
-4.2915966034e+01
-2.2334495544e+02
-4.2084527588e+02
1.6242459106e+02
-4.1647304535e+01
-2.2776306152e+02
-4.2481884766e+02
1.5499327087e+02
-4.3722576141e+01
-2.2731045532e+02
-4.1447320557e+02
1.5801277161e+02
-4.6564659119e+01
-2.4252452087e+02
-4.2687854004e+02
-5.2793720245e+01
-1.2003879547e+02
-1.7474862671e+02
-2.1678959656e+02
-4.4461791992e+01
-1.0891036987e+02
-1.7271252441e+02
-2.1935955811e+02
-4.9124511719e+01
-1.0522188568e+02
-1.6664625549e+02
-2.0970529175e+02
-4.6597015381e+01
-1.0250820923e+02
-1.6887084961e+02
-2.1283605957e+02
-4.6910747528e+01
-1.0206960297e+02
-1.6823924255e+02
-2.1211820984e+02
-4.8455806732e+01
-1.0132380676e+02
-1.6947419739e+02
-2.1099693298e+02
-4.6671890259e+01
-1.0192659760e+02
-1.6899102783e+02
-2.1328605652e+02
-5.0230007172e+01
-1.0081661224e+02
-1.7069657898e+02
-2.0970500183e+02
-4.6673797607e+01
-1.0294300079e+02
-1.6879902649e+02
-2.1444906616e+02
-5.1029491425e+01
-9.9686203003e+01
-1.7231530762e+02
-2.0926226807e+02
-4.7302619934e+01
-1.0442545319e+02
-1.6840806580e+02
-2.1408419800e+02
-5.0123401642e+01
-1.0027841187e+02
-1.7272219849e+02
-2.1015220642e+02
-5.0123401642e+01
-1.0027841187e+02
-1.7272219849e+02
-2.1015220642e+02
-4.7302619934e+01
-1.0442545319e+02
-1.6840806580e+02
-2.1408419800e+02
-5.1029491425e+01
-9.9686203003e+01
-1.7231530762e+02
-2.0926226807e+02
-4.6673797607e+01
-1.0294300079e+02
-1.6879902649e+02
-2.1444906616e+02
-5.0230007172e+01
-1.0081661224e+02
-1.7069657898e+02
-2.0970500183e+02
-4.6671890259e+01
-1.0192659760e+02
-1.6899102783e+02
-2.1328605652e+02
-4.8455806732e+01
-1.0132380676e+02
-1.6947419739e+02
-2.1099693298e+02
-4.6910747528e+01
-1.0206960297e+02
-1.6823924255e+02
-2.1211820984e+02
-4.6597015381e+01
-1.0250820923e+02
-1.6887084961e+02
-2.1283605957e+02
-4.9124511719e+01
-1.0522188568e+02
-1.6664625549e+02
-2.0970529175e+02
-4.4461791992e+01
-1.0891036987e+02
-1.7271252441e+02
-2.1935955811e+02
-5.2793720245e+01
-1.2003879547e+02
-1.7474862671e+02
-2.1678959656e+02
-2.5581784058e+02
-1.8730068970e+02
-1.0652390289e+02
-1.5815114021e+01
-2.5487959290e+02
-1.8172883606e+02
-9.4493972778e+01
-7.4968876839e+00
-2.4965119934e+02
-1.7860263062e+02
-9.3442886353e+01
-1.3203923225e+01
-2.5118307495e+02
-1.7884820557e+02
-8.9308975220e+01
-9.6250581741e+00
-2.5123951721e+02
-1.7852589417e+02
-8.9602256775e+01
-1.0364423752e+01
-2.4990753174e+02
-1.7940274048e+02
-8.8497650146e+01
-1.2037080765e+01
-2.5268284607e+02
-1.7901422119e+02
-8.9518028259e+01
-9.7513093948e+00
-2.4907568359e+02
-1.8074368286e+02
-8.8031036377e+01
-1.4308626175e+01
-2.5394616699e+02
-1.7865545654e+02
-9.0727577209e+01
-9.0478591919e+00
-2.4904402161e+02
-1.8288282776e+02
-8.6863563538e+01
-1.5592997551e+01
-2.5400918579e+02
-1.7724362183e+02
-9.1936065674e+01
-9.8996543884e+00
-2.5060881042e+02
-1.8269039917e+02
-8.6729354858e+01
-1.4754980087e+01
-2.5060881042e+02
-1.8269039917e+02
-8.6729354858e+01
-1.4754980087e+01
-2.5400918579e+02
-1.7724362183e+02
-9.1936065674e+01
-9.8996543884e+00
-2.4904402161e+02
-1.8288282776e+02
-8.6863563538e+01
-1.5592997551e+01
-2.5394616699e+02
-1.7865545654e+02
-9.0727577209e+01
-9.0478591919e+00
-2.4907568359e+02
-1.8074368286e+02
-8.8031036377e+01
-1.4308626175e+01
-2.5268284607e+02
-1.7901422119e+02
-8.9518028259e+01
-9.7513093948e+00
-2.4990753174e+02
-1.7940274048e+02
-8.8497650146e+01
-1.2037080765e+01
-2.5123951721e+02
-1.7852589417e+02
-8.9602256775e+01
-1.0364423752e+01
-2.5118307495e+02
-1.7884820557e+02
-8.9308975220e+01
-9.6250581741e+00
-2.4965119934e+02
-1.7860263062e+02
-9.3442886353e+01
-1.3203923225e+01
-2.5487959290e+02
-1.8172883606e+02
-9.4493972778e+01
-7.4968876839e+00
-2.5581784058e+02
-1.8730068970e+02
-1.0652390289e+02
-1.5815114021e+01
-4.5797293091e+02
-2.5135899353e+02
-3.5449108124e+01
1.9371031189e+02
-4.5332391357e+02
-2.4306573486e+02
-3.1511028290e+01
1.9384552002e+02
-4.5620526123e+02
-2.4055209351e+02
-2.7211641312e+01
1.9902604675e+02
-4.5474291992e+02
-2.3887184143e+02
-2.9418712616e+01
1.9593377686e+02
-4.5498760986e+02
-2.3920333862e+02
-2.8910411835e+01
1.9561482239e+02
-4.5722149658e+02
-2.3882398987e+02
-3.0639535904e+01
1.9650523376e+02
-4.5469427490e+02
-2.4007702637e+02
-3.0229017258e+01
1.9272758484e+02
-4.5961514282e+02
-2.3884512329e+02
-3.2717037201e+01
1.9697340393e+02
-4.5434426880e+02
-2.4195376587e+02
-3.0243717194e+01
1.8994821167e+02
-4.6078143311e+02
-2.3750856018e+02
-3.5418647766e+01
1.9715985107e+02
-4.5493688965e+02
-2.4483158875e+02
-2.9578599930e+01
1.8975782776e+02
-4.5937796021e+02
-2.3807209778e+02
-3.6170486450e+01
1.9536723328e+02
-4.5937796021e+02
-2.3807209778e+02
-3.6170486450e+01
1.9536723328e+02
-4.5493688965e+02
-2.4483158875e+02
-2.9578599930e+01
1.8975782776e+02
-4.6078143311e+02
-2.3750856018e+02
-3.5418647766e+01
1.9715985107e+02
-4.5434426880e+02
-2.4195376587e+02
-3.0243717194e+01
1.8994821167e+02
-4.5961514282e+02
-2.3884512329e+02
-3.2717037201e+01
1.9697340393e+02
-4.5469427490e+02
-2.4007702637e+02
-3.0229017258e+01
1.9272758484e+02
-4.5722149658e+02
-2.3882398987e+02
-3.0639535904e+01
1.9650523376e+02
-4.5498760986e+02
-2.3920333862e+02
-2.8910411835e+01
1.9561482239e+02
-4.5474291992e+02
-2.3887184143e+02
-2.9418712616e+01
1.9593377686e+02
-4.5620526123e+02
-2.4055209351e+02
-2.7211641312e+01
1.9902604675e+02
-4.5332391357e+02
-2.4306573486e+02
-3.1511028290e+01
1.9384552002e+02
-4.5797293091e+02
-2.5135899353e+02
-3.5449108124e+01
1.9371031189e+02
-6.4913067627e+02
-3.1073962402e+02
3.7740276337e+01
3.9348876953e+02
-6.4931732178e+02
-3.0749441528e+02
4.4533874512e+01
3.9715783691e+02
-6.4783642578e+02
-3.0640179443e+02
4.4078594208e+01
3.9248754883e+02
-6.4994244385e+02
-3.0792129517e+02
4.5681255341e+01
3.9323245239e+02
-6.5151385498e+02
-3.0865283203e+02
4.3600124359e+01
3.9139163208e+02
-6.5054162598e+02
-3.1063510132e+02
4.3508045197e+01
3.8790554810e+02
-6.5500299072e+02
-3.1076940918e+02
4.1103675842e+01
3.8999899292e+02
-6.5060644531e+02
-3.1364877319e+02
4.2217838287e+01
3.8321203613e+02
-6.5801483154e+02
-3.1127001953e+02
3.7893890381e+01
3.8981451416e+02
-6.5106964111e+02
-3.1739596558e+02
4.2954055786e+01
3.7992291260e+02
-6.5887109375e+02
-3.0908969116e+02
3.5045379639e+01
3.8815191650e+02
-6.5357751465e+02
-3.1803671265e+02
4.2716468811e+01
3.8102386475e+02
-6.5357751465e+02
-3.1803671265e+02
4.2716468811e+01
3.8102386475e+02
-6.5887109375e+02
-3.0908969116e+02
3.5045379639e+01
3.8815191650e+02
-6.5106964111e+02
-3.1739596558e+02
4.2954055786e+01
3.7992291260e+02
-6.5801483154e+02
-3.1127001953e+02
3.7893890381e+01
3.8981451416e+02
-6.5060644531e+02
-3.1364877319e+02
4.2217838287e+01
3.8321203613e+02
-6.5500299072e+02
-3.1076940918e+02
4.1103675842e+01
3.8999899292e+02
-6.5054162598e+02
-3.1063510132e+02
4.3508045197e+01
3.8790554810e+02
-6.5151385498e+02
-3.0865283203e+02
4.3600124359e+01
3.9139163208e+02
-6.4994244385e+02
-3.0792129517e+02
4.5681255341e+01
3.9323245239e+02
-6.4783642578e+02
-3.0640179443e+02
4.4078594208e+01
3.9248754883e+02
-6.4931732178e+02
-3.0749441528e+02
4.4533874512e+01
3.9715783691e+02
-6.4913067627e+02
-3.1073962402e+02
3.7740276337e+01
3.9348876953e+02
-8.3029730225e+02
-3.6335400391e+02
1.0828227234e+02
5.8927020264e+02
-8.3088366699e+02
-3.6091088867e+02
1.0886458588e+02
5.8738159180e+02
-8.3489276123e+02
-3.6198840332e+02
1.0909548187e+02
5.8733587646e+02
-8.3649133301e+02
-3.6313757324e+02
1.0500251007e+02
5.8285681152e+02
-8.3803765869e+02
-3.6571588135e+02
1.0357736206e+02
5.7981799316e+02
-8.4238305664e+02
-3.6694430542e+02
1.0001026154e+02
5.7937219238e+02
-8.4013928223e+02
-3.6997027588e+02
9.9308097839e+01
5.7304760742e+02
-8.4763781738e+02
-3.6937130737e+02
9.5083778381e+01
5.7742401123e+02
-8.4084130859e+02
-3.7432601929e+02
9.7670967102e+01
5.6704382324e+02
-8.5073974609e+02
-3.6892495728e+02
8.9788169861e+01
5.7684533691e+02
-8.4217034912e+02
-3.8014733887e+02
9.8210975647e+01
5.6533221436e+02
-8.4937579346e+02
-3.6932742310e+02
8.8258193970e+01
5.7314202881e+02
-8.4937579346e+02
-3.6932742310e+02
8.8258193970e+01
5.7314202881e+02
-8.4217034912e+02
-3.8014733887e+02
9.8210975647e+01
5.6533221436e+02
-8.5073974609e+02
-3.6892495728e+02
8.9788169861e+01
5.7684533691e+02
-8.4084130859e+02
-3.7432601929e+02
9.7670967102e+01
5.6704382324e+02
-8.4763781738e+02
-3.6937130737e+02
9.5083778381e+01
5.7742401123e+02
-8.4013928223e+02
-3.6997027588e+02
9.9308097839e+01
5.7304760742e+02
-8.4238305664e+02
-3.6694430542e+02
1.0001026154e+02
5.7937219238e+02
-8.3803765869e+02
-3.6571588135e+02
1.0357736206e+02
5.7981799316e+02
-8.3649133301e+02
-3.6313757324e+02
1.0500251007e+02
5.8285681152e+02
-8.3489276123e+02
-3.6198840332e+02
1.0909548187e+02
5.8733587646e+02
-8.3088366699e+02
-3.6091088867e+02
1.0886458588e+02
5.8738159180e+02
-8.3029730225e+02
-3.6335400391e+02
1.0828227234e+02
5.8927020264e+02
-9.9511712646e+02
-4.1101702881e+02
1.7773587036e+02
7.6960388184e+02
-9.9958911133e+02
-4.1352590942e+02
1.7743321228e+02
7.6748718262e+02
-1.0028939819e+03
-4.1664627075e+02
1.7316464233e+02
7.6109637451e+02
-1.0070597534e+03
-4.2114154053e+02
1.7082687378e+02
7.5760937500e+02
-1.0115643311e+03
-4.2428988647e+02
1.6594544983e+02
7.5376318359e+02
-1.0119771729e+03
-4.2852191162e+02
1.6369879150e+02
7.4742559814e+02
-1.0191549683e+03
-4.3003524780e+02
1.5904228210e+02
7.4862335205e+02
-1.0144904175e+03
-4.3496560669e+02
1.5922552490e+02
7.3871112061e+02
-1.0256611328e+03
-4.3267480469e+02
1.5249934387e+02
7.4667047119e+02
-1.0161542358e+03
-4.4142947388e+02
1.5901591492e+02
7.3182208252e+02
-1.0282645264e+03
-4.2969354248e+02
1.4675938416e+02
7.4396191406e+02
-1.0199296875e+03
-4.4441598511e+02
1.5784013367e+02
7.3365252686e+02
-1.0199296875e+03
-4.4441598511e+02
1.5784013367e+02
7.3365252686e+02
-1.0282645264e+03
-4.2969354248e+02
1.4675938416e+02
7.4396191406e+02
-1.0161542358e+03
-4.4142947388e+02
1.5901591492e+02
7.3182208252e+02
-1.0256611328e+03
-4.3267480469e+02
1.5249934387e+02
7.4667047119e+02
-1.0144904175e+03
-4.3496560669e+02
1.5922552490e+02
7.3871112061e+02
-1.0191549683e+03
-4.3003524780e+02
1.5904228210e+02
7.4862335205e+02
-1.0119771729e+03
-4.2852191162e+02
1.6369879150e+02
7.4742559814e+02
-1.0115643311e+03
-4.2428988647e+02
1.6594544983e+02
7.5376318359e+02
-1.0070597534e+03
-4.2114154053e+02
1.7082687378e+02
7.5760937500e+02
-1.0028939819e+03
-4.1664627075e+02
1.7316464233e+02
7.6109637451e+02
-9.9958911133e+02
-4.1352590942e+02
1.7743321228e+02
7.6748718262e+02
-9.9511712646e+02
-4.1101702881e+02
1.7773587036e+02
7.6960388184e+02
-1.1423009033e+03
-4.5069628906e+02
2.4013705444e+02
9.3458697510e+02
-1.1490511475e+03
-4.5563858032e+02
2.3468388367e+02
9.2829968262e+02
-1.1559631348e+03
-4.6160610962e+02
2.2971618652e+02
9.2281304932e+02
-1.1616115723e+03
-4.6655017090e+02
2.2252479553e+02
9.1592620850e+02
-1.1652897949e+03
-4.7221630859e+02
2.1816474915e+02
9.0927502441e+02
-1.1726072998e+03
-4.7573373413e+02
2.1201115417e+02
9.0696142578e+02
-1.1712419434e+03
-4.8121243286e+02
2.0965612793e+02
8.9748333740e+02
-1.1820925293e+03
-4.8156915283e+02
2.0306257629e+02
9.0181408691e+02
-1.1735917969e+03
-4.8904721069e+02
2.0565620422e+02
8.8717956543e+02
-1.1884543457e+03
-4.8269421387e+02
1.9402397156e+02
9.0079272461e+02
-1.1759942627e+03
-4.9909362793e+02
2.0643307495e+02
8.8288000488e+02
-1.1878625488e+03
-4.8149951172e+02
1.9177195740e+02
8.9370544434e+02
-1.1878625488e+03
-4.8149951172e+02
1.9177195740e+02
8.9370544434e+02
-1.1759942627e+03
-4.9909362793e+02
2.0643307495e+02
8.8288000488e+02
-1.1884543457e+03
-4.8269421387e+02
1.9402397156e+02
9.0079272461e+02
-1.1735917969e+03
-4.8904721069e+02
2.0565620422e+02
8.8717956543e+02
-1.1820925293e+03
-4.8156915283e+02
2.0306257629e+02
9.0181408691e+02
-1.1712419434e+03
-4.8121243286e+02
2.0965612793e+02
8.9748333740e+02
-1.1726072998e+03
-4.7573373413e+02
2.1201115417e+02
9.0696142578e+02
-1.1652897949e+03
-4.7221630859e+02
2.1816474915e+02
9.0927502441e+02
-1.1616115723e+03
-4.6655017090e+02
2.2252479553e+02
9.1592620850e+02
-1.1559631348e+03
-4.6160610962e+02
2.2971618652e+02
9.2281304932e+02
-1.1490511475e+03
-4.5563858032e+02
2.3468388367e+02
9.2829968262e+02
-1.1423009033e+03
-4.5069628906e+02
2.4013705444e+02
9.3458697510e+02
-1.2672384033e+03
-4.8470269775e+02
2.9641836548e+02
1.0762249756e+03
-1.2769683838e+03
-4.9391159058e+02
2.8884808350e+02
1.0682098389e+03
-1.2851335449e+03
-5.0186087036e+02
2.8002822876e+02
1.0589118652e+03
-1.2919897461e+03
-5.0990509033e+02
2.7351342773e+02
1.0509919434e+03
-1.2999215088e+03
-5.1591845703e+02
2.6557003784e+02
1.0449080811e+03
-1.3020787354e+03
-5.2282122803e+02
2.6091226196e+02
1.0353787842e+03
-1.3123791504e+03
-5.2595379639e+02
2.5369462585e+02
1.0355609131e+03
-1.3075714111e+03
-5.3340032959e+02
2.5293176270e+02
1.0221160889e+03
-1.3233229980e+03
-5.3103771973e+02
2.4333120728e+02
1.0318875732e+03
-1.3100401611e+03
-5.4288854980e+02
2.5202816772e+02
1.0102969360e+03
-1.3282379150e+03
-5.2682122803e+02
2.3333131409e+02
1.0290544434e+03
-1.3144298096e+03
-5.5109423828e+02
2.4924716187e+02
1.0145618286e+03
-1.3144298096e+03
-5.5109423828e+02
2.4924716187e+02
1.0145618286e+03
-1.3282379150e+03
-5.2682122803e+02
2.3333131409e+02
1.0290544434e+03
-1.3100401611e+03
-5.4288854980e+02
2.5202816772e+02
1.0102969360e+03
-1.3233229980e+03
-5.3103771973e+02
2.4333120728e+02
1.0318875732e+03
-1.3075714111e+03
-5.3340032959e+02
2.5293176270e+02
1.0221160889e+03
-1.3123791504e+03
-5.2595379639e+02
2.5369462585e+02
1.0355609131e+03
-1.3020787354e+03
-5.2282122803e+02
2.6091226196e+02
1.0353787842e+03
-1.2999215088e+03
-5.1591845703e+02
2.6557003784e+02
1.0449080811e+03
-1.2919897461e+03
-5.0990509033e+02
2.7351342773e+02
1.0509919434e+03
-1.2851335449e+03
-5.0186087036e+02
2.8002822876e+02
1.0589118652e+03
-1.2769683838e+03
-4.9391159058e+02
2.8884808350e+02
1.0682098389e+03
-1.2672384033e+03
-4.8470269775e+02
2.9641836548e+02
1.0762249756e+03
-1.3679345703e+03
-5.1052410889e+02
3.4156472778e+02
1.1922386475e+03
-1.3801619873e+03
-5.2201495361e+02
3.3030102539e+02
1.1815223389e+03
-1.3901903076e+03
-5.3250231934e+02
3.2063430786e+02
1.1713774414e+03
-1.3996527100e+03
-5.4098223877e+02
3.1036190796e+02
1.1620877686e+03
-1.4054262695e+03
-5.4959924316e+02
3.0316943359e+02
1.1519818115e+03
-1.4157077637e+03
-5.5526196289e+02
2.9450128174e+02
1.1480279541e+03
-1.4151748047e+03
-5.6319952393e+02
2.9066656494e+02
1.1354509277e+03
-1.4294797363e+03
-5.6423278809e+02
2.8156011963e+02
1.1400871582e+03
-1.4187982178e+03
-5.7466784668e+02
2.8459307861e+02
1.1207199707e+03
-1.4402430420e+03
-5.6694665527e+02
2.6837649536e+02
1.1400698242e+03
-1.4218598633e+03
-5.8927368164e+02
2.8733096313e+02
1.1122265625e+03
-1.4419008789e+03
-5.5995678711e+02
2.6625061035e+02
1.1270589600e+03
-1.4419008789e+03
-5.5995678711e+02
2.6625061035e+02
1.1270589600e+03
-1.4218598633e+03
-5.8927368164e+02
2.8733096313e+02
1.1122265625e+03
-1.4402430420e+03
-5.6694665527e+02
2.6837649536e+02
1.1400698242e+03
-1.4187982178e+03
-5.7466784668e+02
2.8459307861e+02
1.1207199707e+03
-1.4294797363e+03
-5.6423278809e+02
2.8156011963e+02
1.1400871582e+03
-1.4151748047e+03
-5.6319952393e+02
2.9066656494e+02
1.1354509277e+03
-1.4157077637e+03
-5.5526196289e+02
2.9450128174e+02
1.1480279541e+03
-1.4054262695e+03
-5.4959924316e+02
3.0316943359e+02
1.1519818115e+03
-1.3996527100e+03
-5.4098223877e+02
3.1036190796e+02
1.1620877686e+03
-1.3901903076e+03
-5.3250231934e+02
3.2063430786e+02
1.1713774414e+03
-1.3801619873e+03
-5.2201495361e+02
3.3030102539e+02
1.1815223389e+03
-1.3679345703e+03
-5.1052410889e+02
3.4156472778e+02
1.1922386475e+03
-1.4413780518e+03
-5.3003039551e+02
3.7577236938e+02
1.2774816895e+03
-1.4551252441e+03
-5.4414202881e+02
3.6307644653e+02
1.2651479492e+03
-1.4669805908e+03
-5.5573577881e+02
3.5079940796e+02
1.2534409180e+03
-1.4759904785e+03
-5.6657183838e+02
3.4114590454e+02
1.2420888672e+03
-1.4867647705e+03
-5.7482830811e+02
3.3083044434e+02
1.2344062500e+03
-1.4902229004e+03
-5.8395312500e+02
3.2436193848e+02
1.2221975098e+03
-1.5032620850e+03
-5.8821319580e+02
3.1494146729e+02
1.2218989258e+03
-1.4979376221e+03
-5.9806390381e+02
3.1385940552e+02
1.2050736084e+03
-1.5182864990e+03
-5.9476098633e+02
3.0122885132e+02
1.2174903564e+03
-1.4992177734e+03
-6.1007049561e+02
3.1317843628e+02
1.1874985352e+03
-1.5259438477e+03
-5.8921679688e+02
2.8507894897e+02
1.2175858154e+03
-1.5015909424e+03
-6.2949658203e+02
3.0799707031e+02
1.1981990967e+03
-1.5015909424e+03
-6.2949658203e+02
3.0799707031e+02
1.1981990967e+03
-1.5259438477e+03
-5.8921679688e+02
2.8507894897e+02
1.2175858154e+03
-1.4992177734e+03
-6.1007049561e+02
3.1317843628e+02
1.1874985352e+03
-1.5182864990e+03
-5.9476098633e+02
3.0122885132e+02
1.2174903564e+03
-1.4979376221e+03
-5.9806390381e+02
3.1385940552e+02
1.2050736084e+03
-1.5032620850e+03
-5.8821319580e+02
3.1494146729e+02
1.2218989258e+03
-1.4902229004e+03
-5.8395312500e+02
3.2436193848e+02
1.2221975098e+03
-1.4867647705e+03
-5.7482830811e+02
3.3083044434e+02
1.2344062500e+03
-1.4759904785e+03
-5.6657183838e+02
3.4114590454e+02
1.2420888672e+03
-1.4669805908e+03
-5.5573577881e+02
3.5079940796e+02
1.2534409180e+03
-1.4551252441e+03
-5.4414202881e+02
3.6307644653e+02
1.2651479492e+03
-1.4413780518e+03
-5.3003039551e+02
3.7577236938e+02
1.2774816895e+03
-1.4860488281e+03
-5.4160137939e+02
3.9587734985e+02
1.3297547607e+03
-1.5013044434e+03
-5.5642687988e+02
3.8164984131e+02
1.3166335449e+03
-1.5131604004e+03
-5.6940649414e+02
3.6938916016e+02
1.3037016602e+03
-1.5250279541e+03
-5.7993957520e+02
3.5731399536e+02
1.2931187744e+03
-1.5319403076e+03
-5.9038000488e+02
3.4843627930e+02
1.2806900635e+03
-1.5442861328e+03
-5.9722082520e+02
3.3812417603e+02
1.2760550537e+03
-1.5439250488e+03
-6.0695391846e+02
3.3368563843e+02
1.2611210938e+03
-1.5611306152e+03
-6.0785986328e+02
3.2239126587e+02
1.2669350586e+03
-1.5478367920e+03
-6.2149932861e+02
3.2689428711e+02
1.2428748779e+03
-1.5774411621e+03
-6.1113555908e+02
3.0570983887e+02
1.2700146484e+03
-1.5495211182e+03
-6.3879632568e+02
3.3512930298e+02
1.2268187256e+03
-1.5848527832e+03
-5.8911248779e+02
3.0508312988e+02
1.2461066895e+03
-1.5848527832e+03
-5.8911248779e+02
3.0508312988e+02
1.2461066895e+03
-1.5495211182e+03
-6.3879632568e+02
3.3512930298e+02
1.2268187256e+03
-1.5774411621e+03
-6.1113555908e+02
3.0570983887e+02
1.2700146484e+03
-1.5478367920e+03
-6.2149932861e+02
3.2689428711e+02
1.2428748779e+03
-1.5611306152e+03
-6.0785986328e+02
3.2239126587e+02
1.2669350586e+03
-1.5439250488e+03
-6.0695391846e+02
3.3368563843e+02
1.2611210938e+03
-1.5442861328e+03
-5.9722082520e+02
3.3812417603e+02
1.2760550537e+03
-1.5319403076e+03
-5.9038000488e+02
3.4843627930e+02
1.2806900635e+03
-1.5250279541e+03
-5.7993957520e+02
3.5731399536e+02
1.2931187744e+03
-1.5131604004e+03
-5.6940649414e+02
3.6938916016e+02
1.3037016602e+03
-1.5013044434e+03
-5.5642687988e+02
3.8164984131e+02
1.3166335449e+03
-1.4860488281e+03
-5.4160137939e+02
3.9587734985e+02
1.3297547607e+03
-1.5009874268e+03
-5.4649334717e+02
4.0214736938e+02
1.3471971436e+03
-1.5158087158e+03
-5.6156304932e+02
3.8838345337e+02
1.3335858154e+03
-1.5291289062e+03
-5.7417529297e+02
3.7520230103e+02
1.3212685547e+03
-1.5387423096e+03
-5.8596435547e+02
3.6444570923e+02
1.3083847656e+03
-1.5508795166e+03
-5.9496411133e+02
3.5323526001e+02
1.3004417725e+03
-1.5544888916e+03
-6.0512921143e+02
3.4624401855e+02
1.2867177734e+03
-1.5691250000e+03
-6.0938397217e+02
3.3551611328e+02
1.2869100342e+03
-1.5624178467e+03
-6.2093066406e+02
3.3527728271e+02
1.2672893066e+03
-1.5863443604e+03
-6.1522827148e+02
3.1963189697e+02
1.2833896484e+03
-1.5592175293e+03
-6.3505511475e+02
3.3585293579e+02
1.2443863525e+03
-1.5988179932e+03
-6.1030755615e+02
2.9460867310e+02
1.2928382568e+03
-1.5531837158e+03
-6.7735449219e+02
3.2833108521e+02
1.2693929443e+03
-1.5531837158e+03
-6.7735449219e+02
3.2833108521e+02
1.2693929443e+03
-1.5988179932e+03
-6.1030755615e+02
2.9460867310e+02
1.2928382568e+03
-1.5592175293e+03
-6.3505511475e+02
3.3585293579e+02
1.2443863525e+03
-1.5863443604e+03
-6.1522827148e+02
3.1963189697e+02
1.2833896484e+03
-1.5624178467e+03
-6.2093066406e+02
3.3527728271e+02
1.2672893066e+03
-1.5691250000e+03
-6.0938397217e+02
3.3551611328e+02
1.2869100342e+03
-1.5544888916e+03
-6.0512921143e+02
3.4624401855e+02
1.2867177734e+03
-1.5508795166e+03
-5.9496411133e+02
3.5323526001e+02
1.3004417725e+03
-1.5387423096e+03
-5.8596435547e+02
3.6444570923e+02
1.3083847656e+03
-1.5291289062e+03
-5.7417529297e+02
3.7520230103e+02
1.3212685547e+03
-1.5158087158e+03
-5.6156304932e+02
3.8838345337e+02
1.3335858154e+03
-1.5009874268e+03
-5.4649334717e+02
4.0214736938e+02
1.3471971436e+03
-1.4858179932e+03
-5.4387121582e+02
3.9356939697e+02
1.3292443848e+03
-1.5005566406e+03
-5.5737530518e+02
3.8079046631e+02
1.3169826660e+03
-1.5120207520e+03
-5.6980828857e+02
3.6902893066e+02
1.3038361816e+03
-1.5242052002e+03
-5.8015838623e+02
3.5723864746e+02
1.2938129883e+03
-1.5307452393e+03
-5.9070159912e+02
3.4847241211e+02
1.2808397217e+03
-1.5437738037e+03
-5.9728143311e+02
3.3789447021e+02
1.2769721680e+03
-1.5426740723e+03
-6.0780718994e+02
3.3415133667e+02
1.2609464111e+03
-1.5618698730e+03
-6.0760003662e+02
3.2126196289e+02
1.2690722656e+03
-1.5457397461e+03
-6.2444006348e+02
3.2869320679e+02
1.2407286377e+03
-1.5841624756e+03
-6.0832513428e+02
3.0287963867e+02
1.2761552734e+03
-1.5395948486e+03
-6.3900885010e+02
3.4705566406e+02
1.2107335205e+03
-1.6057354736e+03
-5.5526306152e+02
3.0289007568e+02
1.2322452393e+03
-1.6057354736e+03
-5.5526306152e+02
3.0289007568e+02
1.2322452393e+03
-1.5395948486e+03
-6.3900885010e+02
3.4705566406e+02
1.2107335205e+03
-1.5841624756e+03
-6.0832513428e+02
3.0287963867e+02
1.2761552734e+03
-1.5457397461e+03
-6.2444006348e+02
3.2869320679e+02
1.2407286377e+03
-1.5618698730e+03
-6.0760003662e+02
3.2126196289e+02
1.2690722656e+03
-1.5426740723e+03
-6.0780718994e+02
3.3415133667e+02
1.2609464111e+03
-1.5437738037e+03
-5.9728143311e+02
3.3789447021e+02
1.2769721680e+03
-1.5307452393e+03
-5.9070159912e+02
3.4847241211e+02
1.2808397217e+03
-1.5242052002e+03
-5.8015838623e+02
3.5723864746e+02
1.2938129883e+03
-1.5120207520e+03
-5.6980828857e+02
3.6902893066e+02
1.3038361816e+03
-1.5005566406e+03
-5.5737530518e+02
3.8079046631e+02
1.3169826660e+03
-1.4858179932e+03
-5.4387121582e+02
3.9356939697e+02
1.3292443848e+03
-1.4422182617e+03
-5.3457116699e+02
3.7130938721e+02
1.2779630127e+03
-1.4545037842e+03
-5.4584985352e+02
3.6123519897e+02
1.2666451416e+03
-1.4666163330e+03
-5.5627996826e+02
3.5023281860e+02
1.2559467773e+03
-1.4747275391e+03
-5.6674053955e+02
3.4070669556e+02
1.2436248779e+03
-1.4862830811e+03
-5.7458673096e+02
3.3032177734e+02
1.2368398438e+03
-1.4884461670e+03
-5.8425659180e+02
3.2428698730e+02
1.2229146729e+03
-1.5030864258e+03
-5.8704516602e+02
3.1335629272e+02
1.2245474854e+03
-1.4940346680e+03
-5.9926086426e+02
3.1526358032e+02
1.2030673828e+03
-1.5205479736e+03
-5.8993878174e+02
2.9671829224e+02
1.2237919922e+03
-1.4846474609e+03
-6.1759405518e+02
3.1751016235e+02
1.1782786865e+03
-1.5466002197e+03
-5.9036914062e+02
2.6096246338e+02
1.2515534668e+03
-1.4557523193e+03
-6.9974365234e+02
3.1399468994e+02
1.2298249512e+03
-1.4557523193e+03
-6.9974365234e+02
3.1399468994e+02
1.2298249512e+03
-1.5466002197e+03
-5.9036914062e+02
2.6096246338e+02
1.2515534668e+03
-1.4846474609e+03
-6.1759405518e+02
3.1751016235e+02
1.1782786865e+03
-1.5205479736e+03
-5.8993878174e+02
2.9671829224e+02
1.2237919922e+03
-1.4940346680e+03
-5.9926086426e+02
3.1526358032e+02
1.2030673828e+03
-1.5030864258e+03
-5.8704516602e+02
3.1335629272e+02
1.2245474854e+03
-1.4884461670e+03
-5.8425659180e+02
3.2428698730e+02
1.2229146729e+03
-1.4862830811e+03
-5.7458673096e+02
3.3032177734e+02
1.2368398438e+03
-1.4747275391e+03
-5.6674053955e+02
3.4070669556e+02
1.2436248779e+03
-1.4666163330e+03
-5.5627996826e+02
3.5023281860e+02
1.2559467773e+03
-1.4545037842e+03
-5.4584985352e+02
3.6123519897e+02
1.2666451416e+03
-1.4422182617e+03
-5.3457116699e+02
3.7130938721e+02
1.2779630127e+03
-1.3702034912e+03
-5.1793664551e+02
3.3627008057e+02
1.1945009766e+03
-1.3810770264e+03
-5.2562060547e+02
3.2929702759e+02
1.1863218994e+03
-1.3900839844e+03
-5.3465509033e+02
3.2100723267e+02
1.1754465332e+03
-1.4008558350e+03
-5.4276068115e+02
3.1156054688e+02
1.1678184814e+03
-1.4057344971e+03
-5.5188391113e+02
3.0462164307e+02
1.1561175537e+03
-1.4182658691e+03
-5.5692694092e+02
2.9512411499e+02
1.1542530518e+03
-1.4154783936e+03
-5.6729321289e+02
2.9318240356e+02
1.1383771973e+03
-1.4351663818e+03
-5.6487182617e+02
2.7944226074e+02
1.1491246338e+03
-1.4139904785e+03
-5.8390893555e+02
2.9082937622e+02
1.1174621582e+03
-1.4593603516e+03
-5.5606317139e+02
2.6192980957e+02
1.1569017334e+03
-1.3831175537e+03
-5.9040527344e+02
3.1996691895e+02
1.0686207275e+03
-1.5167821045e+03
-4.5599932861e+02
2.4834475708e+02
1.0819663086e+03
-1.5167821045e+03
-4.5599932861e+02
2.4834475708e+02
1.0819663086e+03
-1.3831175537e+03
-5.9040527344e+02
3.1996691895e+02
1.0686207275e+03
-1.4593603516e+03
-5.5606317139e+02
2.6192980957e+02
1.1569017334e+03
-1.4139904785e+03
-5.8390893555e+02
2.9082937622e+02
1.1174621582e+03
-1.4351663818e+03
-5.6487182617e+02
2.7944226074e+02
1.1491246338e+03
-1.4154783936e+03
-5.6729321289e+02
2.9318240356e+02
1.1383771973e+03
-1.4182658691e+03
-5.5692694092e+02
2.9512411499e+02
1.1542530518e+03
-1.4057344971e+03
-5.5188391113e+02
3.0462164307e+02
1.1561175537e+03
-1.4008558350e+03
-5.4276068115e+02
3.1156054688e+02
1.1678184814e+03
-1.3900839844e+03
-5.3465509033e+02
3.2100723267e+02
1.1754465332e+03
-1.3810770264e+03
-5.2562060547e+02
3.2929702759e+02
1.1863218994e+03
-1.3702034912e+03
-5.1793664551e+02
3.3627008057e+02
1.1945009766e+03
-1.2738275146e+03
-4.9501376343e+02
2.8968481445e+02
1.0828686523e+03
-1.2809055176e+03
-4.9879229736e+02
2.8708926392e+02
1.0766365967e+03
-1.2897517090e+03
-5.0448077393e+02
2.8072119141e+02
1.0691856689e+03
-1.2945729980e+03
-5.1173757935e+02
2.7423196411e+02
1.0591773682e+03
-1.3040261230e+03
-5.1688598633e+02
2.6619439697e+02
1.0547545166e+03
-1.3038131104e+03
-5.2481256104e+02
2.6231039429e+02
1.0424223633e+03
-1.3181140137e+03
-5.2536328125e+02
2.5257148743e+02
1.0465444336e+03
-1.3075809326e+03
-5.3825598145e+02
2.5700372314e+02
1.0260920410e+03
-1.3412852783e+03
-5.2593377686e+02
2.3705950928e+02
1.0497867432e+03
-1.2974692383e+03
-5.6700610352e+02
2.6030685425e+02
1.0072419434e+03
-1.4023630371e+03
-5.2710919189e+02
1.9867602539e+02
1.0925650635e+03
-1.2072706299e+03
-6.9183740234e+02
2.9314489746e+02
1.0924476318e+03
-1.2072706299e+03
-6.9183740234e+02
2.9314489746e+02
1.0924476318e+03
-1.4023630371e+03
-5.2710919189e+02
1.9867602539e+02
1.0925650635e+03
-1.2974692383e+03
-5.6700610352e+02
2.6030685425e+02
1.0072419434e+03
-1.3412852783e+03
-5.2593377686e+02
2.3705950928e+02
1.0497867432e+03
-1.3075809326e+03
-5.3825598145e+02
2.5700372314e+02
1.0260920410e+03
-1.3181140137e+03
-5.2536328125e+02
2.5257148743e+02
1.0465444336e+03
-1.3038131104e+03
-5.2481256104e+02
2.6231039429e+02
1.0424223633e+03
-1.3040261230e+03
-5.1688598633e+02
2.6619439697e+02
1.0547545166e+03
-1.2945729980e+03
-5.1173757935e+02
2.7423196411e+02
1.0591773682e+03
-1.2897517090e+03
-5.0448077393e+02
2.8072119141e+02
1.0691856689e+03
-1.2809055176e+03
-4.9879229736e+02
2.8708926392e+02
1.0766365967e+03
-1.2738275146e+03
-4.9501376343e+02
2.8968481445e+02
1.0828686523e+03
-1.1645270996e+03
-4.7142761230e+02
2.3273709106e+02
9.4990252686e+02
-1.1685747070e+03
-4.6922961426e+02
2.3579824829e+02
9.4857281494e+02
-1.1721115723e+03
-4.7165588379e+02
2.3349836731e+02
9.4114093018e+02
-1.1775623779e+03
-4.7488006592e+02
2.2812649536e+02
9.3602575684e+02
-1.1769790039e+03
-4.7972131348e+02
2.2405006409e+02
9.2544311523e+02
-1.1840058594e+03
-4.8071377563e+02
2.1698509216e+02
9.2410034180e+02
-1.1740117188e+03
-4.8755700684e+02
2.1674902344e+02
9.0851544189e+02
-1.1891611328e+03
-4.7891070557e+02
2.0554176331e+02
9.1718572998e+02
-1.1489570312e+03
-4.9727017212e+02
2.1827540588e+02
8.9213403320e+02
-1.2059854736e+03
-4.5290429688e+02
1.9352842712e+02
9.2101293945e+02
-1.0683559570e+03
-5.2277636719e+02
2.3884733582e+02
8.5693005371e+02
-1.3676054688e+03
-3.3599984741e+02
1.0354031372e+02
8.2820294189e+02
-1.3676054688e+03
-3.3599984741e+02
1.0354031372e+02
8.2820294189e+02
-1.0683559570e+03
-5.2277636719e+02
2.3884733582e+02
8.5693005371e+02
-1.2059854736e+03
-4.5290429688e+02
1.9352842712e+02
9.2101293945e+02
-1.1489570312e+03
-4.9727017212e+02
2.1827540588e+02
8.9213403320e+02
-1.1891611328e+03
-4.7891070557e+02
2.0554176331e+02
9.1718572998e+02
-1.1740117188e+03
-4.8755700684e+02
2.1674902344e+02
9.0851544189e+02
-1.1840058594e+03
-4.8071377563e+02
2.1698509216e+02
9.2410034180e+02
-1.1769790039e+03
-4.7972131348e+02
2.2405006409e+02
9.2544311523e+02
-1.1775623779e+03
-4.7488006592e+02
2.2812649536e+02
9.3602575684e+02
-1.1721115723e+03
-4.7165588379e+02
2.3349836731e+02
9.4114093018e+02
-1.1685747070e+03
-4.6922961426e+02
2.3579824829e+02
9.4857281494e+02
-1.1645270996e+03
-4.7142761230e+02
2.3273709106e+02
9.4990252686e+02
-1.0426046143e+03
-4.4676983643e+02
1.6563429260e+02
7.9790936279e+02
-1.0414179688e+03
-4.3760122681e+02
1.7600781250e+02
8.0086968994e+02
-1.0446586914e+03
-4.3610952759e+02
1.7779620361e+02
7.9966064453e+02
-1.0471240234e+03
-4.3777676392e+02
1.7637963867e+02
7.9410443115e+02
-1.0529143066e+03
-4.4029974365e+02
1.7314431763e+02
7.9387811279e+02
-1.0518632812e+03
-4.4488952637e+02
1.7111898804e+02
7.8570031738e+02
-1.0665239258e+03
-4.4423635864e+02
1.6625090027e+02
7.8811944580e+02
-1.0473999023e+03
-4.5912802124e+02
1.6455761719e+02
7.7774554443e+02
-1.1036375732e+03
-4.3855914307e+02
1.5298754883e+02
7.6884246826e+02
-1.0082684326e+03
-4.8345758057e+02
1.6039683533e+02
7.5311322021e+02
-1.1869716797e+03
-3.4734436035e+02
1.5397512817e+02
7.2744311523e+02
-7.1498321533e+02
-5.4033288574e+02
3.4493499756e+02
8.1189001465e+02
-7.1498321533e+02
-5.4033288574e+02
3.4493499756e+02
8.1189001465e+02
-1.1869716797e+03
-3.4734436035e+02
1.5397512817e+02
7.2744311523e+02
-1.0082684326e+03
-4.8345758057e+02
1.6039683533e+02
7.5311322021e+02
-1.1036375732e+03
-4.3855914307e+02
1.5298754883e+02
7.6884246826e+02
-1.0473999023e+03
-4.5912802124e+02
1.6455761719e+02
7.7774554443e+02
-1.0665239258e+03
-4.4423635864e+02
1.6625090027e+02
7.8811944580e+02
-1.0518632812e+03
-4.4488952637e+02
1.7111898804e+02
7.8570031738e+02
-1.0529143066e+03
-4.4029974365e+02
1.7314431763e+02
7.9387811279e+02
-1.0471240234e+03
-4.3777676392e+02
1.7637963867e+02
7.9410443115e+02
-1.0446586914e+03
-4.3610952759e+02
1.7779620361e+02
7.9966064453e+02
-1.0414179688e+03
-4.3760122681e+02
1.7600781250e+02
8.0086968994e+02
-1.0426046143e+03
-4.4676983643e+02
1.6563429260e+02
7.9790936279e+02
-8.7305523682e+02
-4.0565176392e+02
8.6235206604e+01
6.0513543701e+02
-8.6887030029e+02
-3.9030776978e+02
1.0257186127e+02
6.1367498779e+02
-8.6873175049e+02
-3.8607635498e+02
1.0882305145e+02
6.1414489746e+02
-8.7509771729e+02
-3.8513659668e+02
1.0929344177e+02
6.1686352539e+02
-8.7572680664e+02
-3.8910379028e+02
1.1063206482e+02
6.1421978760e+02
-8.8860949707e+02
-3.8967556763e+02
1.0648060608e+02
6.2323040771e+02
-8.8880114746e+02
-3.9853146362e+02
1.1239810944e+02
6.1203936768e+02
-9.0881292725e+02
-3.9878036499e+02
9.5468032837e+01
6.4429754639e+02
-9.2326623535e+02
-4.1991906738e+02
1.2518738556e+02
5.9053198242e+02
-9.5400140381e+02
-4.0767117310e+02
6.9751762390e+01
7.0992651367e+02
-9.8247613525e+02
-4.3651556396e+02
2.2333198547e+02
5.1508117676e+02
-9.2243621826e+02
-2.5803778076e+02
-7.3235619068e-01
1.0934296875e+03
-9.2243621826e+02
-2.5803778076e+02
-7.3235619068e-01
1.0934296875e+03
-9.8247613525e+02
-4.3651556396e+02
2.2333198547e+02
5.1508117676e+02
-9.5400140381e+02
-4.0767117310e+02
6.9751762390e+01
7.0992651367e+02
-9.2326623535e+02
-4.1991906738e+02
1.2518738556e+02
5.9053198242e+02
-9.0881292725e+02
-3.9878036499e+02
9.5468032837e+01
6.4429754639e+02
-8.8880114746e+02
-3.9853146362e+02
1.1239810944e+02
6.1203936768e+02
-8.8860949707e+02
-3.8967556763e+02
1.0648060608e+02
6.2323040771e+02
-8.7572680664e+02
-3.8910379028e+02
1.1063206482e+02
6.1421978760e+02
-8.7509771729e+02
-3.8513659668e+02
1.0929344177e+02
6.1686352539e+02
-8.6873175049e+02
-3.8607635498e+02
1.0882305145e+02
6.1414489746e+02
-8.6887030029e+02
-3.9030776978e+02
1.0257186127e+02
6.1367498779e+02
-8.7305523682e+02
-4.0565176392e+02
8.6235206604e+01
6.0513543701e+02
-6.3308386230e+02
-3.3661422729e+02
-8.7006502151e+00
3.5403662109e+02
-6.2423638916e+02
-3.1688296509e+02
1.2349652290e+01
3.6422000122e+02
-6.2381646729e+02
-3.0864306641e+02
2.0586450577e+01
3.6790985107e+02
-6.2186138916e+02
-3.0685983276e+02
2.3834791183e+01
3.6703579712e+02
-6.2618804932e+02
-3.0562313843e+02
2.3452011108e+01
3.7127368164e+02
-6.2204742432e+02
-3.0852435303e+02
2.5845102310e+01
3.6589468384e+02
-6.3209167480e+02
-3.0519982910e+02
2.0918809891e+01
3.7822378540e+02
-6.1828051758e+02
-3.1394564819e+02
3.1918506622e+01
3.6165017700e+02
-6.3671575928e+02
-2.9780236816e+02
1.2660610199e+01
4.0387393188e+02
-6.0168908691e+02
-3.2260418701e+02
6.1961360931e+01
3.3780325317e+02
-6.5984509277e+02
-2.7098037720e+02
-1.4069538116e+01
4.9226351929e+02
-6.6710125732e+02
-4.0761209106e+02
1.9682791138e+02
1.2858132935e+02
-6.6710125732e+02
-4.0761209106e+02
1.9682791138e+02
1.2858132935e+02
-6.5984509277e+02
-2.7098037720e+02
-1.4069538116e+01
4.9226351929e+02
-6.0168908691e+02
-3.2260418701e+02
6.1961360931e+01
3.3780325317e+02
-6.3671575928e+02
-2.9780236816e+02
1.2660610199e+01
4.0387393188e+02
-6.1828051758e+02
-3.1394564819e+02
3.1918506622e+01
3.6165017700e+02
-6.3209167480e+02
-3.0519982910e+02
2.0918809891e+01
3.7822378540e+02
-6.2204742432e+02
-3.0852435303e+02
2.5845102310e+01
3.6589468384e+02
-6.2618804932e+02
-3.0562313843e+02
2.3452011108e+01
3.7127368164e+02
-6.2186138916e+02
-3.0685983276e+02
2.3834791183e+01
3.6703579712e+02
-6.2381646729e+02
-3.0864306641e+02
2.0586450577e+01
3.6790985107e+02
-6.2423638916e+02
-3.1688296509e+02
1.2349652290e+01
3.6422000122e+02
-6.3308386230e+02
-3.3661422729e+02
-8.7006502151e+00
3.5403662109e+02
-3.4604071045e+02
-2.4842898560e+02
-1.1307021332e+02
6.0821994781e+01
-3.3491543579e+02
-2.2425946045e+02
-8.8376945496e+01
7.3876197815e+01
-3.3025027466e+02
-2.1391079712e+02
-7.7971435547e+01
7.5141044617e+01
-3.2928210449e+02
-2.0944149780e+02
-7.5007690430e+01
7.7730590820e+01
-3.2459872437e+02
-2.0853472900e+02
-7.3167007446e+01
7.2838531494e+01
-3.2801727295e+02
-2.0576213074e+02
-7.5333839417e+01
7.7024917603e+01
-3.1733193970e+02
-2.0896607971e+02
-7.1729789734e+01
6.4935874939e+01
-3.3032092285e+02
-2.0000881958e+02
-8.0639038086e+01
7.8421318054e+01
-3.0340567017e+02
-2.1447904968e+02
-6.5396583557e+01
4.5010639191e+01
-3.4060815430e+02
-1.8775431824e+02
-1.0459269714e+02
9.4633766174e+01
-2.5375480652e+02
-2.4340464783e+02
-6.1153583527e+01
-2.4099325180e+01
-2.6993081665e+02
-1.3761207581e+02
-2.4222790527e+02
2.0710240173e+02
-2.6993081665e+02
-1.3761207581e+02
-2.4222790527e+02
2.0710240173e+02
-2.5375480652e+02
-2.4340464783e+02
-6.1153583527e+01
-2.4099325180e+01
-3.4060815430e+02
-1.8775431824e+02
-1.0459269714e+02
9.4633766174e+01
-3.0340567017e+02
-2.1447904968e+02
-6.5396583557e+01
4.5010639191e+01
-3.3032092285e+02
-2.0000881958e+02
-8.0639038086e+01
7.8421318054e+01
-3.1733193970e+02
-2.0896607971e+02
-7.1729789734e+01
6.4935874939e+01
-3.2801727295e+02
-2.0576213074e+02
-7.5333839417e+01
7.7024917603e+01
-3.2459872437e+02
-2.0853472900e+02
-7.3167007446e+01
7.2838531494e+01
-3.2928210449e+02
-2.0944149780e+02
-7.5007690430e+01
7.7730590820e+01
-3.3025027466e+02
-2.1391079712e+02
-7.7971435547e+01
7.5141044617e+01
-3.3491543579e+02
-2.2425946045e+02
-8.8376945496e+01
7.3876197815e+01
-3.4604071045e+02
-2.4842898560e+02
-1.1307021332e+02
6.0821994781e+01
-4.8757991791e+01
-1.5158708191e+02
-2.1515771484e+02
-2.3830099487e+02
-3.5262958527e+01
-1.2525707245e+02
-1.8850518799e+02
-2.2562452698e+02
-3.2493061066e+01
-1.1373731232e+02
-1.7751741028e+02
-2.2134225464e+02
-2.8779870987e+01
-1.1000738525e+02
-1.7327685547e+02
-2.2248689270e+02
-3.1294361115e+01
-1.0766752625e+02
-1.7303619385e+02
-2.1937185669e+02
-2.6176656723e+01
-1.0923381042e+02
-1.7129025269e+02
-2.2609753418e+02
-3.5267837524e+01
-1.0589991760e+02
-1.7562690735e+02
-2.1747749329e+02
-2.1331344604e+01
-1.1420796967e+02
-1.6924458313e+02
-2.3366410828e+02
-4.7805828094e+01
-1.0126362610e+02
-1.8422636414e+02
-2.0762852478e+02
-8.6515541077e+00
-1.2702341461e+02
-1.5498457336e+02
-2.5405020142e+02
-9.6591613770e+01
-7.4786666870e+01
-1.8776016235e+02
-1.6323133850e+02
-6.8570518494e+01
-1.5893191528e+02
-4.0936439514e+01
-3.1456039429e+02
-6.8570518494e+01
-1.5893191528e+02
-4.0936439514e+01
-3.1456039429e+02
-9.6591613770e+01
-7.4786666870e+01
-1.8776016235e+02
-1.6323133850e+02
-8.6515541077e+00
-1.2702341461e+02
-1.5498457336e+02
-2.5405020142e+02
-4.7805828094e+01
-1.0126362610e+02
-1.8422636414e+02
-2.0762852478e+02
-2.1331344604e+01
-1.1420796967e+02
-1.6924458313e+02
-2.3366410828e+02
-3.5267837524e+01
-1.0589991760e+02
-1.7562690735e+02
-2.1747749329e+02
-2.6176656723e+01
-1.0923381042e+02
-1.7129025269e+02
-2.2609753418e+02
-3.1294361115e+01
-1.0766752625e+02
-1.7303619385e+02
-2.1937185669e+02
-2.8779870987e+01
-1.1000738525e+02
-1.7327685547e+02
-2.2248689270e+02
-3.2493061066e+01
-1.1373731232e+02
-1.7751741028e+02
-2.2134225464e+02
-3.5262958527e+01
-1.2525707245e+02
-1.8850518799e+02
-2.2562452698e+02
-4.8757991791e+01
-1.5158708191e+02
-2.1515771484e+02
-2.3830099487e+02
2.4945059204e+02
-4.8810207367e+01
-3.0798794556e+02
-5.2892407227e+02
2.6130819702e+02
-2.3401159286e+01
-2.8285095215e+02
-5.1655487061e+02
2.6472186279e+02
-1.3341436386e+01
-2.7247229004e+02
-5.1529809570e+02
2.6359344482e+02
-9.8289346695e+00
-2.6968054199e+02
-5.1230139160e+02
2.6564923096e+02
-1.0184701920e+01
-2.6827792358e+02
-5.1647772217e+02
2.5953710938e+02
-9.1564006805e+00
-2.7050701904e+02
-5.1143173218e+02
2.6665081787e+02
-1.3426998138e+01
-2.6786480713e+02
-5.2168316650e+02
2.5176487732e+02
-7.5378766060e+00
-2.7508636475e+02
-5.0734606934e+02
2.7508038330e+02
-2.0372957230e+01
-2.6290130615e+02
-5.3247198486e+02
2.3538888550e+02
1.8341886997e+00
-2.8647344971e+02
-4.9026678467e+02
3.1332409668e+02
-4.5061637878e+01
-2.5806799316e+02
-5.6176641846e+02
2.8172579956e+02
2.2270168304e+01
-3.7465100098e+02
-4.6171801758e+02
2.8172579956e+02
2.2270168304e+01
-3.7465100098e+02
-4.6171801758e+02
3.1332409668e+02
-4.5061637878e+01
-2.5806799316e+02
-5.6176641846e+02
2.3538888550e+02
1.8341886997e+00
-2.8647344971e+02
-4.9026678467e+02
2.7508038330e+02
-2.0372957230e+01
-2.6290130615e+02
-5.3247198486e+02
2.5176487732e+02
-7.5378766060e+00
-2.7508636475e+02
-5.0734606934e+02
2.6665081787e+02
-1.3426998138e+01
-2.6786480713e+02
-5.2168316650e+02
2.5953710938e+02
-9.1564006805e+00
-2.7050701904e+02
-5.1143173218e+02
2.6564923096e+02
-1.0184701920e+01
-2.6827792358e+02
-5.1647772217e+02
2.6359344482e+02
-9.8289346695e+00
-2.6968054199e+02
-5.1230139160e+02
2.6472186279e+02
-1.3341436386e+01
-2.7247229004e+02
-5.1529809570e+02
2.6130819702e+02
-2.3401159286e+01
-2.8285095215e+02
-5.1655487061e+02
2.4945059204e+02
-4.8810207367e+01
-3.0798794556e+02
-5.2892407227e+02
5.4832196045e+02
6.0747013092e+01
-3.9174389648e+02
-8.0896502686e+02
5.5811010742e+02
8.1987144470e+01
-3.7075927734e+02
-8.0119012451e+02
5.5748937988e+02
8.9672615051e+01
-3.6350073242e+02
-7.9981939697e+02
5.5786755371e+02
9.0303497314e+01
-3.6208053589e+02
-8.0310656738e+02
5.5261157227e+02
8.9944801331e+01
-3.6390408325e+02
-8.0167718506e+02
5.5496966553e+02
8.6482788086e+01
-3.6417367554e+02
-8.0968011475e+02
5.4485589600e+02
8.7488777161e+01
-3.6930523682e+02
-8.0262237549e+02
5.5594812012e+02
7.9737426758e+01
-3.6523049927e+02
-8.1930596924e+02
5.3240960693e+02
8.8850555420e+01
-3.7826107788e+02
-7.9763549805e+02
5.6821203613e+02
6.7488876343e+01
-3.6099554443e+02
-8.3841241455e+02
5.0140652466e+02
1.0674504089e+02
-3.8959680176e+02
-7.8262677002e+02
5.3201037598e+02
5.1601631165e+01
-2.9923538208e+02
-8.5135223389e+02
5.3201037598e+02
5.1601631165e+01
-2.9923538208e+02
-8.5135223389e+02
5.0140652466e+02
1.0674504089e+02
-3.8959680176e+02
-7.8262677002e+02
5.6821203613e+02
6.7488876343e+01
-3.6099554443e+02
-8.3841241455e+02
5.3240960693e+02
8.8850555420e+01
-3.7826107788e+02
-7.9763549805e+02
5.5594812012e+02
7.9737426758e+01
-3.6523049927e+02
-8.1930596924e+02
5.4485589600e+02
8.7488777161e+01
-3.6930523682e+02
-8.0262237549e+02
5.5496966553e+02
8.6482788086e+01
-3.6417367554e+02
-8.0968011475e+02
5.5261157227e+02
8.9944801331e+01
-3.6390408325e+02
-8.0167718506e+02
5.5786755371e+02
9.0303497314e+01
-3.6208053589e+02
-8.0310656738e+02
5.5748937988e+02
8.9672615051e+01
-3.6350073242e+02
-7.9981939697e+02
5.5811010742e+02
8.1987144470e+01
-3.7075927734e+02
-8.0119012451e+02
5.4832196045e+02
6.0747013092e+01
-3.9174389648e+02
-8.0896502686e+02
8.4543743896e+02
1.7427342224e+02
-4.6618917847e+02
-1.0776263428e+03
8.4984228516e+02
1.8947946167e+02
-4.5172360229e+02
-1.0738402100e+03
8.4751684570e+02
1.9248110962e+02
-4.4854406738e+02
-1.0783415527e+03
8.4163629150e+02
1.9071444702e+02
-4.5086383057e+02
-1.0800332031e+03
8.3932562256e+02
1.8624026489e+02
-4.5375308228e+02
-1.0879915771e+03
8.3012390137e+02
1.8347636414e+02
-4.5914633179e+02
-1.0863571777e+03
8.3323229980e+02
1.7691865540e+02
-4.5997412109e+02
-1.0989825439e+03
8.1753155518e+02
1.7861335754e+02
-4.6860275269e+02
-1.0877949219e+03
8.3436499023e+02
1.6651850891e+02
-4.6117260742e+02
-1.1125631104e+03
7.9826074219e+02
1.8199911499e+02
-4.7857476807e+02
-1.0785057373e+03
8.5055328369e+02
1.4655763245e+02
-4.5289312744e+02
-1.1255621338e+03
8.2148016357e+02
1.9053776550e+02
-5.2406488037e+02
-1.0781496582e+03
8.2148016357e+02
1.9053776550e+02
-5.2406488037e+02
-1.0781496582e+03
8.5055328369e+02
1.4655763245e+02
-4.5289312744e+02
-1.1255621338e+03
7.9826074219e+02
1.8199911499e+02
-4.7857476807e+02
-1.0785057373e+03
8.3436499023e+02
1.6651850891e+02
-4.6117260742e+02
-1.1125631104e+03
8.1753155518e+02
1.7861335754e+02
-4.6860275269e+02
-1.0877949219e+03
8.3323229980e+02
1.7691865540e+02
-4.5997412109e+02
-1.0989825439e+03
8.3012390137e+02
1.8347636414e+02
-4.5914633179e+02
-1.0863571777e+03
8.3932562256e+02
1.8624026489e+02
-4.5375308228e+02
-1.0879915771e+03
8.4163629150e+02
1.9071444702e+02
-4.5086383057e+02
-1.0800332031e+03
8.4751684570e+02
1.9248110962e+02
-4.4854406738e+02
-1.0783415527e+03
8.4984228516e+02
1.8947946167e+02
-4.5172360229e+02
-1.0738402100e+03
8.4543743896e+02
1.7427342224e+02
-4.6618917847e+02
-1.0776263428e+03
1.1333090820e+03
2.8904855347e+02
-5.3164410400e+02
-1.3296928711e+03
1.1325589600e+03
2.9623583984e+02
-5.2519323730e+02
-1.3333114014e+03
1.1243216553e+03
2.9424838257e+02
-5.2760571289e+02
-1.3396810303e+03
1.1178227539e+03
2.8772854614e+02
-5.3340527344e+02
-1.3493186035e+03
1.1072250977e+03
2.8141973877e+02
-5.4075799561e+02
-1.3531807861e+03
1.1041750488e+03
2.7344326782e+02
-5.4599011230e+02
-1.3653309326e+03
1.0909995117e+03
2.6975759888e+02
-5.5440283203e+02
-1.3624102783e+03
1.0967800293e+03
2.6027487183e+02
-5.5446508789e+02
-1.3808900146e+03
1.0747810059e+03
2.6423440552e+02
-5.6720947266e+02
-1.3636168213e+03
1.1017246094e+03
2.4587590027e+02
-5.5687304688e+02
-1.3986286621e+03
1.0565095215e+03
2.7248303223e+02
-5.8469006348e+02
-1.3628608398e+03
1.0803771973e+03
2.3483276367e+02
-5.3081805420e+02
-1.3988790283e+03
1.0803771973e+03
2.3483276367e+02
-5.3081805420e+02
-1.3988790283e+03
1.0565095215e+03
2.7248303223e+02
-5.8469006348e+02
-1.3628608398e+03
1.1017246094e+03
2.4587590027e+02
-5.5687304688e+02
-1.3986286621e+03
1.0747810059e+03
2.6423440552e+02
-5.6720947266e+02
-1.3636168213e+03
1.0967800293e+03
2.6027487183e+02
-5.5446508789e+02
-1.3808900146e+03
1.0909995117e+03
2.6975759888e+02
-5.5440283203e+02
-1.3624102783e+03
1.1041750488e+03
2.7344326782e+02
-5.4599011230e+02
-1.3653309326e+03
1.1072250977e+03
2.8141973877e+02
-5.4075799561e+02
-1.3531807861e+03
1.1178227539e+03
2.8772854614e+02
-5.3340527344e+02
-1.3493186035e+03
1.1243216553e+03
2.9424838257e+02
-5.2760571289e+02
-1.3396810303e+03
1.1325589600e+03
2.9623583984e+02
-5.2519323730e+02
-1.3333114014e+03
1.1333090820e+03
2.8904855347e+02
-5.3164410400e+02
-1.3296928711e+03
1.4059326172e+03
4.0058874512e+02
-5.8789654541e+02
-1.5619549561e+03
1.3979288330e+03
3.9916329956e+02
-5.9049182129e+02
-1.5715283203e+03
1.3863930664e+03
3.9073931885e+02
-5.9889196777e+02
-1.5852521973e+03
1.3730364990e+03
3.8049771118e+02
-6.0952246094e+02
-1.5946829834e+03
1.3639902344e+03
3.6937460327e+02
-6.1935351562e+02
-1.6089014893e+03
1.3499705811e+03
3.6074093628e+02
-6.3000860596e+02
-1.6130307617e+03
1.3475388184e+03
3.5024853516e+02
-6.3600451660e+02
-1.6296013184e+03
1.3302023926e+03
3.4687820435e+02
-6.4735162354e+02
-1.6235659180e+03
1.3402635498e+03
3.3421963501e+02
-6.4538739014e+02
-1.6489072266e+03
1.3097836914e+03
3.4310217285e+02
-6.6145831299e+02
-1.6248095703e+03
1.3411098633e+03
3.1621997070e+02
-6.4025634766e+02
-1.6590806885e+03
1.3183880615e+03
3.4497528076e+02
-6.8468530273e+02
-1.6338117676e+03
1.3183880615e+03
3.4497528076e+02
-6.8468530273e+02
-1.6338117676e+03
1.3411098633e+03
3.1621997070e+02
-6.4025634766e+02
-1.6590806885e+03
1.3097836914e+03
3.4310217285e+02
-6.6145831299e+02
-1.6248095703e+03
1.3402635498e+03
3.3421963501e+02
-6.4538739014e+02
-1.6489072266e+03
1.3302023926e+03
3.4687820435e+02
-6.4735162354e+02
-1.6235659180e+03
1.3475388184e+03
3.5024853516e+02
-6.3600451660e+02
-1.6296013184e+03
1.3499705811e+03
3.6074093628e+02
-6.3000860596e+02
-1.6130307617e+03
1.3639902344e+03
3.6937460327e+02
-6.1935351562e+02
-1.6089014893e+03
1.3730364990e+03
3.8049771118e+02
-6.0952246094e+02
-1.5946829834e+03
1.3863930664e+03
3.9073931885e+02
-5.9889196777e+02
-1.5852521973e+03
1.3979288330e+03
3.9916329956e+02
-5.9049182129e+02
-1.5715283203e+03
1.4059326172e+03
4.0058874512e+02
-5.8789654541e+02
-1.5619549561e+03
1.6534187012e+03
5.0470944214e+02
-6.3483770752e+02
-1.7677932129e+03
1.6391312256e+03
4.9410452271e+02
-6.4666748047e+02
-1.7856102295e+03
1.6213681641e+03
4.7994253540e+02
-6.6132562256e+02
-1.8019261475e+03
1.6064345703e+03
4.6443707275e+02
-6.7635614014e+02
-1.8198659668e+03
1.5893826904e+03
4.5076907349e+02
-6.9083813477e+02
-1.8308316650e+03
1.5799405518e+03
4.3711828613e+02
-7.0240551758e+02
-1.8485196533e+03
1.5629875488e+03
4.2786978149e+02
-7.1530010986e+02
-1.8513597412e+03
1.5627797852e+03
4.1550796509e+02
-7.2052764893e+02
-1.8724434814e+03
1.5413094482e+03
4.1414099121e+02
-7.3433642578e+02
-1.8613537598e+03
1.5580056152e+03
3.9737112427e+02
-7.2910406494e+02
-1.8913320312e+03
1.5272946777e+03
4.1375631714e+02
-7.5452050781e+02
-1.8683167725e+03
1.5433621826e+03
3.8695019531e+02
-7.2222637939e+02
-1.8911658936e+03
1.5433621826e+03
3.8695019531e+02
-7.2222637939e+02
-1.8911658936e+03
1.5272946777e+03
4.1375631714e+02
-7.5452050781e+02
-1.8683167725e+03
1.5580056152e+03
3.9737112427e+02
-7.2910406494e+02
-1.8913320312e+03
1.5413094482e+03
4.1414099121e+02
-7.3433642578e+02
-1.8613537598e+03
1.5627797852e+03
4.1550796509e+02
-7.2052764893e+02
-1.8724434814e+03
1.5629875488e+03
4.2786978149e+02
-7.1530010986e+02
-1.8513597412e+03
1.5799405518e+03
4.3711828613e+02
-7.0240551758e+02
-1.8485196533e+03
1.5893826904e+03
4.5076907349e+02
-6.9083813477e+02
-1.8308316650e+03
1.6064345703e+03
4.6443707275e+02
-6.7635614014e+02
-1.8198659668e+03
1.6213681641e+03
4.7994253540e+02
-6.6132562256e+02
-1.8019261475e+03
1.6391312256e+03
4.9410452271e+02
-6.4666748047e+02
-1.7856102295e+03
1.6534187012e+03
5.0470944214e+02
-6.3483770752e+02
-1.7677932129e+03
1.8669359131e+03
5.9598126221e+02
-6.7272271729e+02
-1.9419975586e+03
1.8458283691e+03
5.7720812988e+02
-6.9306164551e+02
-1.9654888916e+03
1.8245718994e+03
5.5675213623e+02
-7.1364172363e+02
-1.9890155029e+03
1.8034357910e+03
5.3762823486e+02
-7.3304193115e+02
-2.0067885742e+03
1.7873710938e+03
5.1947253418e+02
-7.5025469971e+02
-2.0277296143e+03
1.7683311768e+03
5.0469766235e+02
-7.6655377197e+02
-2.0382374268e+03
1.7601604004e+03
4.8990356445e+02
-7.7798937988e+02
-2.0589167480e+03
1.7409700928e+03
4.8156576538e+02
-7.9233221436e+02
-2.0586374512e+03
1.7445347900e+03
4.6768576050e+02
-7.9541864014e+02
-2.0839736328e+03
1.7194084473e+03
4.7071908569e+02
-8.1159753418e+02
-2.0692722168e+03
1.7363614502e+03
4.4974151611e+02
-7.9661462402e+02
-2.0962434082e+03
1.7192863770e+03
4.6837942505e+02
-8.2615551758e+02
-2.0811691895e+03
1.7192863770e+03
4.6837942505e+02
-8.2615551758e+02
-2.0811691895e+03
1.7363614502e+03
4.4974151611e+02
-7.9661462402e+02
-2.0962434082e+03
1.7194084473e+03
4.7071908569e+02
-8.1159753418e+02
-2.0692722168e+03
1.7445347900e+03
4.6768576050e+02
-7.9541864014e+02
-2.0839736328e+03
1.7409700928e+03
4.8156576538e+02
-7.9233221436e+02
-2.0586374512e+03
1.7601604004e+03
4.8990356445e+02
-7.7798937988e+02
-2.0589167480e+03
1.7683311768e+03
5.0469766235e+02
-7.6655377197e+02
-2.0382374268e+03
1.7873710938e+03
5.1947253418e+02
-7.5025469971e+02
-2.0277296143e+03
1.8034357910e+03
5.3762823486e+02
-7.3304193115e+02
-2.0067885742e+03
1.8245718994e+03
5.5675213623e+02
-7.1364172363e+02
-1.9890155029e+03
1.8458283691e+03
5.7720812988e+02
-6.9306164551e+02
-1.9654888916e+03
1.8669359131e+03
5.9598126221e+02
-6.7272271729e+02
-1.9419975586e+03
2.0361994629e+03
6.6921728516e+02
-7.0056744385e+02
-2.0779191895e+03
2.0099879150e+03
6.4320452881e+02
-7.2822912598e+02
-2.1080625000e+03
1.9839323730e+03
6.1850305176e+02
-7.5353747559e+02
-2.1331650391e+03
1.9615853271e+03
5.9511456299e+02
-7.7676666260e+02
-2.1585056152e+03
1.9389812012e+03
5.7502850342e+02
-7.9755517578e+02
-2.1759460449e+03
1.9239423828e+03
5.5641729736e+02
-8.1476104736e+02
-2.1984719238e+03
1.9038896484e+03
5.4237475586e+02
-8.3163006592e+02
-2.2067890625e+03
1.8984152832e+03
5.2740618896e+02
-8.4146197510e+02
-2.2298596191e+03
1.8776270752e+03
5.2163195801e+02
-8.5654803467e+02
-2.2252114258e+03
1.8854239502e+03
5.0599563599e+02
-8.5551818848e+02
-2.2511103516e+03
1.8637126465e+03
5.1466723633e+02
-8.7741809082e+02
-2.2369362793e+03
1.8736322021e+03
4.9471878052e+02
-8.5770025635e+02
-2.2539924316e+03
1.8736322021e+03
4.9471878052e+02
-8.5770025635e+02
-2.2539924316e+03
1.8637126465e+03
5.1466723633e+02
-8.7741809082e+02
-2.2369362793e+03
1.8854239502e+03
5.0599563599e+02
-8.5551818848e+02
-2.2511103516e+03
1.8776270752e+03
5.2163195801e+02
-8.5654803467e+02
-2.2252114258e+03
1.8984152832e+03
5.2740618896e+02
-8.4146197510e+02
-2.2298596191e+03
1.9038896484e+03
5.4237475586e+02
-8.3163006592e+02
-2.2067890625e+03
1.9239423828e+03
5.5641729736e+02
-8.1476104736e+02
-2.1984719238e+03
1.9389812012e+03
5.7502850342e+02
-7.9755517578e+02
-2.1759460449e+03
1.9615853271e+03
5.9511456299e+02
-7.7676666260e+02
-2.1585056152e+03
1.9839323730e+03
6.1850305176e+02
-7.5353747559e+02
-2.1331650391e+03
2.0099879150e+03
6.4320452881e+02
-7.2822912598e+02
-2.1080625000e+03
2.0361994629e+03
6.6921728516e+02
-7.0056744385e+02
-2.0779191895e+03
2.1529172363e+03
7.2055810547e+02
-7.1991503906e+02
-2.1705527344e+03
2.1227873535e+03
6.8993188477e+02
-7.5236163330e+02
-2.2037048340e+03
2.0946110840e+03
6.6101611328e+02
-7.8148419189e+02
-2.2342175293e+03
2.0681330566e+03
6.3568017578e+02
-8.0696282959e+02
-2.2579719238e+03
2.0470612793e+03
6.1256201172e+02
-8.2943444824e+02
-2.2836379395e+03
2.0246906738e+03
5.9341217041e+02
-8.4969152832e+02
-2.2989951172e+03
2.0122287598e+03
5.7560382080e+02
-8.6508862305e+02
-2.3222668457e+03
1.9921691895e+03
5.6367718506e+02
-8.8143139648e+02
-2.3268076172e+03
1.9904713135e+03
5.4902868652e+02
-8.8816937256e+02
-2.3510219727e+03
1.9699323730e+03
5.4758648682e+02
-9.0406488037e+02
-2.3437150879e+03
1.9776558838e+03
5.3096221924e+02
-8.9511816406e+02
-2.3656459961e+03
1.9646293945e+03
5.4297625732e+02
-9.1613970947e+02
-2.3559570312e+03
1.9646293945e+03
5.4297625732e+02
-9.1613970947e+02
-2.3559570312e+03
1.9776558838e+03
5.3096221924e+02
-8.9511816406e+02
-2.3656459961e+03
1.9699323730e+03
5.4758648682e+02
-9.0406488037e+02
-2.3437150879e+03
1.9904713135e+03
5.4902868652e+02
-8.8816937256e+02
-2.3510219727e+03
1.9921691895e+03
5.6367718506e+02
-8.8143139648e+02
-2.3268076172e+03
2.0122287598e+03
5.7560382080e+02
-8.6508862305e+02
-2.3222668457e+03
2.0246906738e+03
5.9341217041e+02
-8.4969152832e+02
-2.2989951172e+03
2.0470612793e+03
6.1256201172e+02
-8.2943444824e+02
-2.2836379395e+03
2.0681330566e+03
6.3568017578e+02
-8.0696282959e+02
-2.2579719238e+03
2.0946110840e+03
6.6101611328e+02
-7.8148419189e+02
-2.2342175293e+03
2.1227873535e+03
6.8993188477e+02
-7.5236163330e+02
-2.2037048340e+03
2.1529172363e+03
7.2055810547e+02
-7.1991503906e+02
-2.1705527344e+03
2.2111823730e+03
7.4512500000e+02
-7.2814459229e+02
-2.2161315918e+03
2.1790200195e+03
7.1175524902e+02
-7.6341717529e+02
-2.2522824707e+03
2.1489919434e+03
6.8209674072e+02
-7.9380090332e+02
-2.2817307129e+03
2.1227961426e+03
6.5480712891e+02
-8.2126464844e+02
-2.3108039551e+03
2.0975666504e+03
6.3152331543e+02
-8.4519128418e+02
-2.3317307129e+03
2.0794343262e+03
6.1051812744e+02
-8.6537017822e+02
-2.3563872070e+03
2.0582954102e+03
5.9396386719e+02
-8.8410339355e+02
-2.3680893555e+03
2.0494318848e+03
5.7793994141e+02
-8.9657470703e+02
-2.3911987305e+03
2.0302738037e+03
5.6954046631e+02
-9.1192834473e+02
-2.3914748535e+03
2.0317825928e+03
5.5540515137e+02
-9.1391015625e+02
-2.4135510254e+03
2.0159658203e+03
5.5877081299e+02
-9.3185845947e+02
-2.4054868164e+03
2.0218737793e+03
5.4342065430e+02
-9.1955523682e+02
-2.4192023926e+03
2.0218737793e+03
5.4342065430e+02
-9.1955523682e+02
-2.4192023926e+03
2.0159658203e+03
5.5877081299e+02
-9.3185845947e+02
-2.4054868164e+03
2.0317825928e+03
5.5540515137e+02
-9.1391015625e+02
-2.4135510254e+03
2.0302738037e+03
5.6954046631e+02
-9.1192834473e+02
-2.3914748535e+03
2.0494318848e+03
5.7793994141e+02
-8.9657470703e+02
-2.3911987305e+03
2.0582954102e+03
5.9396386719e+02
-8.8410339355e+02
-2.3680893555e+03
2.0794343262e+03
6.1051812744e+02
-8.6537017822e+02
-2.3563872070e+03
2.0975666504e+03
6.3152331543e+02
-8.4519128418e+02
-2.3317307129e+03
2.1227961426e+03
6.5480712891e+02
-8.2126464844e+02
-2.3108039551e+03
2.1489919434e+03
6.8209674072e+02
-7.9380090332e+02
-2.2817307129e+03
2.1790200195e+03
7.1175524902e+02
-7.6341717529e+02
-2.2522824707e+03
2.2111823730e+03
7.4512500000e+02
-7.2814459229e+02
-2.2161315918e+03
2.2066318359e+03
7.4408630371e+02
-7.2918017578e+02
-2.2123681641e+03
2.1751708984e+03
7.1171697998e+02
-7.6335827637e+02
-2.2472456055e+03
2.1453884277e+03
6.8102960205e+02
-7.9420941162e+02
-2.2793244629e+03
2.1180493164e+03
6.5444219971e+02
-8.2067584229e+02
-2.3043796387e+03
2.0956853027e+03
6.3028363037e+02
-8.4431005859e+02
-2.3308166504e+03
2.0730729980e+03
6.1003137207e+02
-8.6523529053e+02
-2.3477775879e+03
2.0589765625e+03
5.9175885010e+02
-8.8175476074e+02
-2.3707692871e+03
2.0399526367e+03
5.7859436035e+02
-8.9803125000e+02
-2.3778723145e+03
2.0351046143e+03
5.6453558350e+02
-9.0632452393e+02
-2.3994169922e+03
2.0187457275e+03
5.6050952148e+02
-9.2073309326e+02
-2.3968764648e+03
2.0210339355e+03
5.4757244873e+02
-9.1633203125e+02
-2.4144218750e+03
2.0108395996e+03
5.5543536377e+02
-9.3189971924e+02
-2.4079216309e+03
2.0108395996e+03
5.5543536377e+02
-9.3189971924e+02
-2.4079216309e+03
2.0210339355e+03
5.4757244873e+02
-9.1633203125e+02
-2.4144218750e+03
2.0187457275e+03
5.6050952148e+02
-9.2073309326e+02
-2.3968764648e+03
2.0351046143e+03
5.6453558350e+02
-9.0632452393e+02
-2.3994169922e+03
2.0399526367e+03
5.7859436035e+02
-8.9803125000e+02
-2.3778723145e+03
2.0589765625e+03
5.9175885010e+02
-8.8175476074e+02
-2.3707692871e+03
2.0730729980e+03
6.1003137207e+02
-8.6523529053e+02
-2.3477775879e+03
2.0956853027e+03
6.3028363037e+02
-8.4431005859e+02
-2.3308166504e+03
2.1180493164e+03
6.5444219971e+02
-8.2067584229e+02
-2.3043796387e+03
2.1453884277e+03
6.8102960205e+02
-7.9420941162e+02
-2.2793244629e+03
2.1751708984e+03
7.1171697998e+02
-7.6335827637e+02
-2.2472456055e+03
2.2066318359e+03
7.4408630371e+02
-7.2918017578e+02
-2.2123681641e+03
2.1424670410e+03
7.1298358154e+02
-7.1765832520e+02
-2.1605468750e+03
2.1125715332e+03
6.8319689941e+02
-7.4939062500e+02
-2.1941035156e+03
2.0845012207e+03
6.5625231934e+02
-7.7715924072e+02
-2.2216516113e+03
2.0593835449e+03
6.3060223389e+02
-8.0332086182e+02
-2.2492973633e+03
2.0355161133e+03
6.0854803467e+02
-8.2598211670e+02
-2.2694633789e+03
2.0176988525e+03
5.8871673584e+02
-8.4542095947e+02
-2.2924794922e+03
1.9981817627e+03
5.7272753906e+02
-8.6305303955e+02
-2.3044753418e+03
1.9884221191e+03
5.5789581299e+02
-8.7549908447e+02
-2.3250588379e+03
1.9721643066e+03
5.4906933594e+02
-8.8940789795e+02
-2.3277663574e+03
1.9702426758e+03
5.3724163818e+02
-8.9278784180e+02
-2.3456193848e+03
1.9588179932e+03
5.3754077148e+02
-9.0663641357e+02
-2.3413593750e+03
1.9625072021e+03
5.2563275146e+02
-8.9870184326e+02
-2.3523310547e+03
1.9625072021e+03
5.2563275146e+02
-8.9870184326e+02
-2.3523310547e+03
1.9588179932e+03
5.3754077148e+02
-9.0663641357e+02
-2.3413593750e+03
1.9702426758e+03
5.3724163818e+02
-8.9278784180e+02
-2.3456193848e+03
1.9721643066e+03
5.4906933594e+02
-8.8940789795e+02
-2.3277663574e+03
1.9884221191e+03
5.5789581299e+02
-8.7549908447e+02
-2.3250588379e+03
1.9981817627e+03
5.7272753906e+02
-8.6305303955e+02
-2.3044753418e+03
2.0176988525e+03
5.8871673584e+02
-8.4542095947e+02
-2.2924794922e+03
2.0355161133e+03
6.0854803467e+02
-8.2598211670e+02
-2.2694633789e+03
2.0593835449e+03
6.3060223389e+02
-8.0332086182e+02
-2.2492973633e+03
2.0845012207e+03
6.5625231934e+02
-7.7715924072e+02
-2.2216516113e+03
2.1125715332e+03
6.8319689941e+02
-7.4939062500e+02
-2.1941035156e+03
2.1424670410e+03
7.1298358154e+02
-7.1765832520e+02
-2.1605468750e+03
2.0181401367e+03
6.6120208740e+02
-7.0111810303e+02
-2.0624487305e+03
1.9938243408e+03
6.3816870117e+02
-7.2560699463e+02
-2.0902556152e+03
1.9683073730e+03
6.1299908447e+02
-7.5075897217e+02
-2.1179958496e+03
1.9449803467e+03
5.9053430176e+02
-7.7265130615e+02
-2.1391787109e+03
1.9254099121e+03
5.6964239502e+02
-7.9290228271e+02
-2.1619724121e+03
1.9059323730e+03
5.5186157227e+02
-8.1085198975e+02
-2.1768676758e+03
1.8931342773e+03
5.3595257568e+02
-8.2535675049e+02
-2.1964504395e+03
1.8772193604e+03
5.2406848145e+02
-8.3923437500e+02
-2.2034367676e+03
1.8715800781e+03
5.1219921875e+02
-8.4690966797e+02
-2.2207729492e+03
1.8593568115e+03
5.0753280640e+02
-8.5857208252e+02
-2.2204470215e+03
1.8589882812e+03
4.9805358887e+02
-8.5683306885e+02
-2.2336833496e+03
1.8509797363e+03
5.0349719238e+02
-8.6836779785e+02
-2.2291008301e+03
1.8509797363e+03
5.0349719238e+02
-8.6836779785e+02
-2.2291008301e+03
1.8589882812e+03
4.9805358887e+02
-8.5683306885e+02
-2.2336833496e+03
1.8593568115e+03
5.0753280640e+02
-8.5857208252e+02
-2.2204470215e+03
1.8715800781e+03
5.1219921875e+02
-8.4690966797e+02
-2.2207729492e+03
1.8772193604e+03
5.2406848145e+02
-8.3923437500e+02
-2.2034367676e+03
1.8931342773e+03
5.3595257568e+02
-8.2535675049e+02
-2.1964504395e+03
1.9059323730e+03
5.5186157227e+02
-8.1085198975e+02
-2.1768676758e+03
1.9254099121e+03
5.6964239502e+02
-7.9290228271e+02
-2.1619724121e+03
1.9449803467e+03
5.9053430176e+02
-7.7265130615e+02
-2.1391787109e+03
1.9683073730e+03
6.1299908447e+02
-7.5075897217e+02
-2.1179958496e+03
1.9938243408e+03
6.3816870117e+02
-7.2560699463e+02
-2.0902556152e+03
2.0181401367e+03
6.6120208740e+02
-7.0111810303e+02
-2.0624487305e+03
1.8484544678e+03
5.8169683838e+02
-6.7025695801e+02
-1.9235882568e+03
1.8280539551e+03
5.6514898682e+02
-6.8869616699e+02
-1.9470625000e+03
1.8071627197e+03
5.4780047607e+02
-7.0694079590e+02
-1.9670241699e+03
1.7875715332e+03
5.2883343506e+02
-7.2679431152e+02
-1.9886019287e+03
1.7686137695e+03
5.1198480225e+02
-7.4429394531e+02
-2.0042684326e+03
1.7541652832e+03
4.9653750610e+02
-7.5968609619e+02
-2.0223460693e+03
1.7386533203e+03
4.8386517334e+02
-7.7357775879e+02
-2.0318315430e+03
1.7302716064e+03
4.7227172852e+02
-7.8363391113e+02
-2.0477458496e+03
1.7179613037e+03
4.6496374512e+02
-7.9450909424e+02
-2.0505041504e+03
1.7149969482e+03
4.5619891357e+02
-7.9772686768e+02
-2.0636655273e+03
1.7072327881e+03
4.5526184082e+02
-8.0753259277e+02
-2.0613247070e+03
1.7099337158e+03
4.4619824219e+02
-8.0207989502e+02
-2.0696767578e+03
1.7099337158e+03
4.4619824219e+02
-8.0207989502e+02
-2.0696767578e+03
1.7072327881e+03
4.5526184082e+02
-8.0753259277e+02
-2.0613247070e+03
1.7149969482e+03
4.5619891357e+02
-7.9772686768e+02
-2.0636655273e+03
1.7179613037e+03
4.6496374512e+02
-7.9450909424e+02
-2.0505041504e+03
1.7302716064e+03
4.7227172852e+02
-7.8363391113e+02
-2.0477458496e+03
1.7386533203e+03
4.8386517334e+02
-7.7357775879e+02
-2.0318315430e+03
1.7541652832e+03
4.9653750610e+02
-7.5968609619e+02
-2.0223460693e+03
1.7686137695e+03
5.1198480225e+02
-7.4429394531e+02
-2.0042684326e+03
1.7875715332e+03
5.2883343506e+02
-7.2679431152e+02
-1.9886019287e+03
1.8071627197e+03
5.4780047607e+02
-7.0694079590e+02
-1.9670241699e+03
1.8280539551e+03
5.6514898682e+02
-6.8869616699e+02
-1.9470625000e+03
1.8484544678e+03
5.8169683838e+02
-6.7025695801e+02
-1.9235882568e+03
1.6306115723e+03
4.9440502930e+02
-6.3730206299e+02
-1.7497305908e+03
1.6195222168e+03
4.8871527100e+02
-6.4369000244e+02
-1.7638721924e+03
1.6025347900e+03
4.7418572998e+02
-6.5793164062e+02
-1.7832642822e+03
1.5866282959e+03
4.5952093506e+02
-6.7142687988e+02
-1.7970437012e+03
1.5727915039e+03
4.4491955566e+02
-6.8504302979e+02
-1.8130468750e+03
1.5588781738e+03
4.3214810181e+02
-6.9742205811e+02
-1.8232346191e+03
1.5495654297e+03
4.2062197876e+02
-7.0765808105e+02
-1.8372580566e+03
1.5382095947e+03
4.1182363892e+02
-7.1748327637e+02
-1.8421102295e+03
1.5336348877e+03
4.0327301025e+02
-7.2299670410e+02
-1.8543530273e+03
1.5255142822e+03
3.9941213989e+02
-7.3115698242e+02
-1.8543729248e+03
1.5243421631e+03
3.9319805908e+02
-7.3050811768e+02
-1.8634725342e+03
1.5181977539e+03
3.9737164307e+02
-7.3881469727e+02
-1.8599587402e+03
1.5181977539e+03
3.9737164307e+02
-7.3881469727e+02
-1.8599587402e+03
1.5243421631e+03
3.9319805908e+02
-7.3050811768e+02
-1.8634725342e+03
1.5255142822e+03
3.9941213989e+02
-7.3115698242e+02
-1.8543729248e+03
1.5336348877e+03
4.0327301025e+02
-7.2299670410e+02
-1.8543530273e+03
1.5382095947e+03
4.1182363892e+02
-7.1748327637e+02
-1.8421102295e+03
1.5495654297e+03
4.2062197876e+02
-7.0765808105e+02
-1.8372580566e+03
1.5588781738e+03
4.3214810181e+02
-6.9742205811e+02
-1.8232346191e+03
1.5727915039e+03
4.4491955566e+02
-6.8504302979e+02
-1.8130468750e+03
1.5866282959e+03
4.5952093506e+02
-6.7142687988e+02
-1.7970437012e+03
1.6025347900e+03
4.7418572998e+02
-6.5793164062e+02
-1.7832642822e+03
1.6195222168e+03
4.8871527100e+02
-6.4369000244e+02
-1.7638721924e+03
1.6306115723e+03
4.9440502930e+02
-6.3730206299e+02
-1.7497305908e+03
1.3924498291e+03
3.8367324829e+02
-5.8796264648e+02
-1.5460250244e+03
1.3851627197e+03
3.8527691650e+02
-5.8845660400e+02
-1.5560511475e+03
1.3739873047e+03
3.8116250610e+02
-5.9351861572e+02
-1.5652847900e+03
1.3623586426e+03
3.7172973633e+02
-6.0426159668e+02
-1.5782166748e+03
1.3502165527e+03
3.6227505493e+02
-6.1459216309e+02
-1.5875394287e+03
1.3407929688e+03
3.5293545532e+02
-6.2424078369e+02
-1.5991286621e+03
1.3304813232e+03
3.4505078125e+02
-6.3308660889e+02
-1.6046907959e+03
1.3247746582e+03
3.3775198364e+02
-6.3952575684e+02
-1.6150617676e+03
1.3167703857e+03
3.3304202271e+02
-6.4660137939e+02
-1.6164453125e+03
1.3142192383e+03
3.2761666870e+02
-6.4869470215e+02
-1.6249517822e+03
1.3095843506e+03
3.2659963989e+02
-6.5482434082e+02
-1.6232697754e+03
1.3120079346e+03
3.1991677856e+02
-6.5069091797e+02
-1.6292316895e+03
1.3120079346e+03
3.1991677856e+02
-6.5069091797e+02
-1.6292316895e+03
1.3095843506e+03
3.2659963989e+02
-6.5482434082e+02
-1.6232697754e+03
1.3142192383e+03
3.2761666870e+02
-6.4869470215e+02
-1.6249517822e+03
1.3167703857e+03
3.3304202271e+02
-6.4660137939e+02
-1.6164453125e+03
1.3247746582e+03
3.3775198364e+02
-6.3952575684e+02
-1.6150617676e+03
1.3304813232e+03
3.4505078125e+02
-6.3308660889e+02
-1.6046907959e+03
1.3407929688e+03
3.5293545532e+02
-6.2424078369e+02
-1.5991286621e+03
1.3502165527e+03
3.6227505493e+02
-6.1459216309e+02
-1.5875394287e+03
1.3623586426e+03
3.7172973633e+02
-6.0426159668e+02
-1.5782166748e+03
1.3739873047e+03
3.8116250610e+02
-5.9351861572e+02
-1.5652847900e+03
1.3851627197e+03
3.8527691650e+02
-5.8845660400e+02
-1.5560511475e+03
1.3924498291e+03
3.8367324829e+02
-5.8796264648e+02
-1.5460250244e+03
1.1180515137e+03
2.8217999268e+02
-5.3997320557e+02
-1.3227095947e+03
1.1219526367e+03
2.9638507080e+02
-5.2504290771e+02
-1.3202290039e+03
1.1149631348e+03
2.9393875122e+02
-5.2690722656e+02
-1.3304279785e+03
1.1072756348e+03
2.8776031494e+02
-5.3134606934e+02
-1.3363479004e+03
1.0998760986e+03
2.8004394531e+02
-5.3757434082e+02
-1.3448610840e+03
1.0920848389e+03
2.7284625244e+02
-5.4377349854e+02
-1.3496337891e+03
1.0869226074e+03
2.6616482544e+02
-5.4912145996e+02
-1.3576235352e+03
1.0803887939e+03
2.6096157837e+02
-5.5451312256e+02
-1.3596166992e+03
1.0776857910e+03
2.5593852234e+02
-5.5738226318e+02
-1.3669073486e+03
1.0732987061e+03
2.5348158264e+02
-5.6205743408e+02
-1.3663813477e+03
1.0722370605e+03
2.5012379456e+02
-5.6159722900e+02
-1.3719237061e+03
1.0676291504e+03
2.5370257568e+02
-5.6738507080e+02
-1.3689630127e+03
1.0676291504e+03
2.5370257568e+02
-5.6738507080e+02
-1.3689630127e+03
1.0722370605e+03
2.5012379456e+02
-5.6159722900e+02
-1.3719237061e+03
1.0732987061e+03
2.5348158264e+02
-5.6205743408e+02
-1.3663813477e+03
1.0776857910e+03
2.5593852234e+02
-5.5738226318e+02
-1.3669073486e+03
1.0803887939e+03
2.6096157837e+02
-5.5451312256e+02
-1.3596166992e+03
1.0869226074e+03
2.6616482544e+02
-5.4912145996e+02
-1.3576235352e+03
1.0920848389e+03
2.7284625244e+02
-5.4377349854e+02
-1.3496337891e+03
1.0998760986e+03
2.8004394531e+02
-5.3757434082e+02
-1.3448610840e+03
1.1072756348e+03
2.8776031494e+02
-5.3134606934e+02
-1.3363479004e+03
1.1149631348e+03
2.9393875122e+02
-5.2690722656e+02
-1.3304279785e+03
1.1219526367e+03
2.9638507080e+02
-5.2504290771e+02
-1.3202290039e+03
1.1180515137e+03
2.8217999268e+02
-5.3997320557e+02
-1.3227095947e+03
8.5242700195e+02
1.5988153076e+02
-4.7149761963e+02
-1.0757149658e+03
8.5737243652e+02
1.7855642700e+02
-4.5620697021e+02
-1.0748503418e+03
8.5456256104e+02
1.8673730469e+02
-4.4900836182e+02
-1.0738762207e+03
8.5037023926e+02
1.8659132385e+02
-4.5072158813e+02
-1.0780638428e+03
8.4470428467e+02
1.8434565735e+02
-4.5421218872e+02
-1.0814090576e+03
8.4009295654e+02
1.8086177063e+02
-4.5850186157e+02
-1.0871722412e+03
8.3458813477e+02
1.7748246765e+02
-4.6284140015e+02
-1.0893900146e+03
8.3144610596e+02
1.7407038879e+02
-4.6609439087e+02
-1.0951744385e+03
8.2711004639e+02
1.7173411560e+02
-4.6993582153e+02
-1.0953330078e+03
8.2523913574e+02
1.6909059143e+02
-4.7101156616e+02
-1.1002473145e+03
8.2304180908e+02
1.6826849365e+02
-4.7436178589e+02
-1.0988815918e+03
8.2550268555e+02
1.6334878540e+02
-4.7098605347e+02
-1.1030424805e+03
8.2550268555e+02
1.6334878540e+02
-4.7098605347e+02
-1.1030424805e+03
8.2304180908e+02
1.6826849365e+02
-4.7436178589e+02
-1.0988815918e+03
8.2523913574e+02
1.6909059143e+02
-4.7101156616e+02
-1.1002473145e+03
8.2711004639e+02
1.7173411560e+02
-4.6993582153e+02
-1.0953330078e+03
8.3144610596e+02
1.7407038879e+02
-4.6609439087e+02
-1.0951744385e+03
8.3458813477e+02
1.7748246765e+02
-4.6284140015e+02
-1.0893900146e+03
8.4009295654e+02
1.8086177063e+02
-4.5850186157e+02
-1.0871722412e+03
8.4470428467e+02
1.8434565735e+02
-4.5421218872e+02
-1.0814090576e+03
8.5037023926e+02
1.8659132385e+02
-4.5072158813e+02
-1.0780638428e+03
8.5456256104e+02
1.8673730469e+02
-4.4900836182e+02
-1.0738762207e+03
8.5737243652e+02
1.7855642700e+02
-4.5620697021e+02
-1.0748503418e+03
8.5242700195e+02
1.5988153076e+02
-4.7149761963e+02
-1.0757149658e+03
5.5503533936e+02
6.3358337402e+01
-4.1003924561e+02
-8.2613940430e+02
5.7097723389e+02
9.4376159668e+01
-3.7540713501e+02
-8.0710430908e+02
5.7286566162e+02
1.0211798859e+02
-3.6682492065e+02
-8.1020526123e+02
5.7145849609e+02
1.0198487091e+02
-3.6515551758e+02
-8.1165112305e+02
5.6818212891e+02
9.8587753296e+01
-3.6663980103e+02
-8.1546893311e+02
5.6404321289e+02
9.4565353394e+01
-3.6894400024e+02
-8.1683673096e+02
5.6090728760e+02
9.0635261536e+01
-3.7114004517e+02
-8.2036157227e+02
5.5713708496e+02
8.7408660889e+01
-3.7347830200e+02
-8.2014208984e+02
5.5508190918e+02
8.4564788818e+01
-3.7453063965e+02
-8.2343914795e+02
5.5293066406e+02
8.2827400208e+01
-3.7658288574e+02
-8.2211846924e+02
5.5157598877e+02
8.1343856812e+01
-3.7614062500e+02
-8.2485058594e+02
5.4769293213e+02
8.4487220764e+01
-3.8021365356e+02
-8.2209942627e+02
5.4769293213e+02
8.4487220764e+01
-3.8021365356e+02
-8.2209942627e+02
5.5157598877e+02
8.1343856812e+01
-3.7614062500e+02
-8.2485058594e+02
5.5293066406e+02
8.2827400208e+01
-3.7658288574e+02
-8.2211846924e+02
5.5508190918e+02
8.4564788818e+01
-3.7453063965e+02
-8.2343914795e+02
5.5713708496e+02
8.7408660889e+01
-3.7347830200e+02
-8.2014208984e+02
5.6090728760e+02
9.0635261536e+01
-3.7114004517e+02
-8.2036157227e+02
5.6404321289e+02
9.4565353394e+01
-3.6894400024e+02
-8.1683673096e+02
5.6818212891e+02
9.8587753296e+01
-3.6663980103e+02
-8.1546893311e+02
5.7145849609e+02
1.0198487091e+02
-3.6515551758e+02
-8.1165112305e+02
5.7286566162e+02
1.0211798859e+02
-3.6682492065e+02
-8.1020526123e+02
5.7097723389e+02
9.4376159668e+01
-3.7540713501e+02
-8.0710430908e+02
5.5503533936e+02
6.3358337402e+01
-4.1003924561e+02
-8.2613940430e+02
2.9809591675e+02
-4.9840888977e+01
-3.1546786499e+02
-5.4752972412e+02
3.0826577759e+02
-2.2197307587e+01
-2.9492874146e+02
-5.4673461914e+02
3.0468688965e+02
-1.0414900780e+01
-2.8358898926e+02
-5.4210192871e+02
3.0084979248e+02
-7.4064493179e+00
-2.8073757935e+02
-5.4018560791e+02
2.9705395508e+02
-6.2131443024e+00
-2.8002923584e+02
-5.3887322998e+02
2.9481979370e+02
-5.8117761612e+00
-2.8034225464e+02
-5.3982769775e+02
2.9300415039e+02
-5.4214072227e+00
-2.8092675781e+02
-5.3939025879e+02
2.9244348145e+02
-5.0397896767e+00
-2.8127050781e+02
-5.4170513916e+02
2.9188085938e+02
-4.6435914040e+00
-2.8211981201e+02
-5.4107080078e+02
2.9146203613e+02
-4.2616515160e+00
-2.8198410034e+02
-5.4362030029e+02
2.9198779297e+02
-4.1416139603e+00
-2.8300161743e+02
-5.4254797363e+02
2.9529525757e+02
-7.4432029724e+00
-2.7977587891e+02
-5.4554620361e+02
2.9529525757e+02
-7.4432029724e+00
-2.7977587891e+02
-5.4554620361e+02
2.9198779297e+02
-4.1416139603e+00
-2.8300161743e+02
-5.4254797363e+02
2.9146203613e+02
-4.2616515160e+00
-2.8198410034e+02
-5.4362030029e+02
2.9188085938e+02
-4.6435914040e+00
-2.8211981201e+02
-5.4107080078e+02
2.9244348145e+02
-5.0397896767e+00
-2.8127050781e+02
-5.4170513916e+02
2.9300415039e+02
-5.4214072227e+00
-2.8092675781e+02
-5.3939025879e+02
2.9481979370e+02
-5.8117761612e+00
-2.8034225464e+02
-5.3982769775e+02
2.9705395508e+02
-6.2131443024e+00
-2.8002923584e+02
-5.3887322998e+02
3.0084979248e+02
-7.4064493179e+00
-2.8073757935e+02
-5.4018560791e+02
3.0468688965e+02
-1.0414900780e+01
-2.8358898926e+02
-5.4210192871e+02
3.0826577759e+02
-2.2197307587e+01
-2.9492874146e+02
-5.4673461914e+02
2.9809591675e+02
-4.9840888977e+01
-3.1546786499e+02
-5.4752972412e+02
-9.6490837097e+01
-1.8368745422e+02
-2.5004771423e+02
-2.4050326538e+02
-7.7739936829e+01
-1.5071908569e+02
-2.0797979736e+02
-2.1202323914e+02
-5.4384967804e+01
-1.2958432007e+02
-1.9264196777e+02
-2.1745973206e+02
-2.9282543182e+01
-1.1349333191e+02
-1.8704202271e+02
-2.2926301575e+02
-6.2853260040e+00
-1.0085823059e+02
-1.8560548401e+02
-2.4488130188e+02
1.4023448944e+01
-9.0658058167e+01
-1.8607888794e+02
-2.5910449219e+02
3.1393072128e+01
-8.2432395935e+01
-1.8733056641e+02
-2.7349923706e+02
4.5681865692e+01
-7.6014175415e+01
-1.8899206543e+02
-2.8410223389e+02
5.6801086426e+01
-7.0893409729e+01
-1.9029730225e+02
-2.9483352661e+02
6.5879096985e+01
-6.7618469238e+01
-1.9185856628e+02
-3.0073226929e+02
7.0305313110e+01
-6.5022026062e+01
-1.9247805786e+02
-3.0696154785e+02
6.9430679321e+01
-6.0803443909e+01
-1.9619354248e+02
-3.0704714966e+02
6.9430679321e+01
-6.0803443909e+01
-1.9619354248e+02
-3.0704714966e+02
7.0305313110e+01
-6.5022026062e+01
-1.9247805786e+02
-3.0696154785e+02
6.5879096985e+01
-6.7618469238e+01
-1.9185856628e+02
-3.0073226929e+02
5.6801086426e+01
-7.0893409729e+01
-1.9029730225e+02
-2.9483352661e+02
4.5681865692e+01
-7.6014175415e+01
-1.8899206543e+02
-2.8410223389e+02
3.1393072128e+01
-8.2432395935e+01
-1.8733056641e+02
-2.7349923706e+02
1.4023448944e+01
-9.0658058167e+01
-1.8607888794e+02
-2.5910449219e+02
-6.2853260040e+00
-1.0085823059e+02
-1.8560548401e+02
-2.4488130188e+02
-2.9282543182e+01
-1.1349333191e+02
-1.8704202271e+02
-2.2926301575e+02
-5.4384967804e+01
-1.2958432007e+02
-1.9264196777e+02
-2.1745973206e+02
-7.7739936829e+01
-1.5071908569e+02
-2.0797979736e+02
-2.1202323914e+02
-9.6490837097e+01
-1.8368745422e+02
-2.5004771423e+02
-2.4050326538e+02
