-1.4994244385e+02
-3.6913906860e+02
-1.2182666779e+02
4.1189872742e+01
-1.2830845642e+02
-3.2227832031e+02
-1.1461809540e+02
3.9136951447e+01
-1.1640773010e+02
-2.8906350708e+02
-1.0345325470e+02
4.0693851471e+01
-1.1052953339e+02
-2.7045825195e+02
-1.0045325470e+02
4.0674282074e+01
-1.0448163605e+02
-2.6128015137e+02
-9.8252197266e+01
3.8481876373e+01
-1.0176871490e+02
-2.5554127502e+02
-9.8156440735e+01
3.6973316193e+01
-9.9216918945e+01
-2.5271713257e+02
-9.7794021606e+01
3.5607425690e+01
-9.7999320984e+01
-2.5078314209e+02
-9.7913871765e+01
3.4767047882e+01
-9.6917907715e+01
-2.4984762573e+02
-9.7878189087e+01
3.4066360474e+01
-9.6394065857e+01
-2.4920690918e+02
-9.7983238220e+01
3.3668262482e+01
-9.5993400574e+01
-2.4893243408e+02
-9.8005325317e+01
3.3377479553e+01
-9.5847084045e+01
-2.4878572083e+02
-9.8045570374e+01
3.3260208130e+01
-9.5847084045e+01
-2.4878572083e+02
-9.8045570374e+01
3.3260208130e+01
-9.5993400574e+01
-2.4893243408e+02
-9.8005325317e+01
3.3377479553e+01
-9.6394065857e+01
-2.4920690918e+02
-9.7983238220e+01
3.3668262482e+01
-9.6917907715e+01
-2.4984762573e+02
-9.7878189087e+01
3.4066360474e+01
-9.7999320984e+01
-2.5078314209e+02
-9.7913871765e+01
3.4767047882e+01
-9.9216918945e+01
-2.5271713257e+02
-9.7794021606e+01
3.5607425690e+01
-1.0176871490e+02
-2.5554127502e+02
-9.8156440735e+01
3.6973316193e+01
-1.0448163605e+02
-2.6128015137e+02
-9.8252197266e+01
3.8481876373e+01
-1.1052953339e+02
-2.7045825195e+02
-1.0045325470e+02
4.0674282074e+01
-1.1640773010e+02
-2.8906350708e+02
-1.0345325470e+02
4.0693851471e+01
-1.2830845642e+02
-3.2227832031e+02
-1.1461809540e+02
3.9136951447e+01
-1.4994244385e+02
-3.6913906860e+02
-1.2182666779e+02
4.1189872742e+01
-3.7320001221e+02
-1.6798367310e+02
-9.5428298950e+01
1.1455865479e+02
-3.4526147461e+02
-1.4496054077e+02
-6.5125488281e+01
1.2158287811e+02
-3.3846054077e+02
-1.3971859741e+02
-5.4738880157e+01
1.1842346191e+02
-3.3155374146e+02
-1.3879878235e+02
-5.1158729553e+01
1.1551298523e+02
-3.2774853516e+02
-1.3835627747e+02
-5.1041816711e+01
1.1093337250e+02
-3.2417962646e+02
-1.3844660950e+02
-5.1803146362e+01
1.0709968567e+02
-3.2186392212e+02
-1.3844609070e+02
-5.2824462891e+01
1.0384013367e+02
-3.2004031372e+02
-1.3845945740e+02
-5.3702610016e+01
1.0138877106e+02
-3.1883096313e+02
-1.3841601562e+02
-5.4390926361e+01
9.9513252258e+01
-3.1798452759e+02
-1.3837568665e+02
-5.4903179169e+01
9.8220695496e+01
-3.1748196411e+02
-1.3834004211e+02
-5.5224193573e+01
9.7375984192e+01
-3.1723791504e+02
-1.3832075500e+02
-5.5388103485e+01
9.6974349976e+01
-3.1723791504e+02
-1.3832075500e+02
-5.5388103485e+01
9.6974349976e+01
-3.1748196411e+02
-1.3834004211e+02
-5.5224193573e+01
9.7375984192e+01
-3.1798452759e+02
-1.3837568665e+02
-5.4903179169e+01
9.8220695496e+01
-3.1883096313e+02
-1.3841601562e+02
-5.4390926361e+01
9.9513252258e+01
-3.2004031372e+02
-1.3845945740e+02
-5.3702610016e+01
1.0138877106e+02
-3.2186392212e+02
-1.3844609070e+02
-5.2824462891e+01
1.0384013367e+02
-3.2417962646e+02
-1.3844660950e+02
-5.1803146362e+01
1.0709968567e+02
-3.2774853516e+02
-1.3835627747e+02
-5.1041816711e+01
1.1093337250e+02
-3.3155374146e+02
-1.3879878235e+02
-5.1158729553e+01
1.1551298523e+02
-3.3846054077e+02
-1.3971859741e+02
-5.4738880157e+01
1.1842346191e+02
-3.4526147461e+02
-1.4496054077e+02
-6.5125488281e+01
1.2158287811e+02
-3.7320001221e+02
-1.6798367310e+02
-9.5428298950e+01
1.1455865479e+02
-4.3222766113e+02
-3.1799850464e+02
-4.9384899139e+01
2.2310780334e+02
-4.2241644287e+02
-2.7104467773e+02
-6.5728597641e+00
2.4350691223e+02
-4.1963763428e+02
-2.5347087097e+02
7.5634379387e+00
2.4520401001e+02
-4.2024957275e+02
-2.4811550903e+02
1.0611320496e+01
2.4388606262e+02
-4.2144177246e+02
-2.4691831970e+02
1.0354254723e+01
2.4179722595e+02
-4.2236968994e+02
-2.4723931885e+02
8.8797845840e+00
2.3910675049e+02
-4.2282437134e+02
-2.4791329956e+02
7.1393651962e+00
2.3658232117e+02
-4.2305255127e+02
-2.4863545227e+02
5.5844540596e+00
2.3425228882e+02
-4.2311026001e+02
-2.4923808289e+02
4.2736392021e+00
2.3240605164e+02
-4.2311157227e+02
-2.4969885254e+02
3.3206834793e+00
2.3096620178e+02
-4.2308694458e+02
-2.5000114441e+02
2.6723129749e+00
2.3002899170e+02
-4.2307104492e+02
-2.5015260315e+02
2.3594343662e+00
2.2954946899e+02
-4.2307104492e+02
-2.5015260315e+02
2.3594343662e+00
2.2954946899e+02
-4.2308694458e+02
-2.5000114441e+02
2.6723129749e+00
2.3002899170e+02
-4.2311157227e+02
-2.4969885254e+02
3.3206834793e+00
2.3096620178e+02
-4.2311026001e+02
-2.4923808289e+02
4.2736392021e+00
2.3240605164e+02
-4.2305255127e+02
-2.4863545227e+02
5.5844540596e+00
2.3425228882e+02
-4.2282437134e+02
-2.4791329956e+02
7.1393651962e+00
2.3658232117e+02
-4.2236968994e+02
-2.4723931885e+02
8.8797845840e+00
2.3910675049e+02
-4.2144177246e+02
-2.4691831970e+02
1.0354254723e+01
2.4179722595e+02
-4.2024957275e+02
-2.4811550903e+02
1.0611320496e+01
2.4388606262e+02
-4.1963763428e+02
-2.5347087097e+02
7.5634379387e+00
2.4520401001e+02
-4.2241644287e+02
-2.7104467773e+02
-6.5728597641e+00
2.4350691223e+02
-4.3222766113e+02
-3.1799850464e+02
-4.9384899139e+01
2.2310780334e+02
-6.0289996338e+02
-3.0836270142e+02
-1.1963085175e+01
3.7699374390e+02
-5.8223089600e+02
-2.7826544189e+02
2.0350816727e+01
3.9436267090e+02
-5.7985388184e+02
-2.6404434204e+02
3.5576686859e+01
3.9941717529e+02
-5.7870684814e+02
-2.6073254395e+02
3.9108257294e+01
4.0093765259e+02
-5.8017443848e+02
-2.6100363159e+02
3.9030769348e+01
3.9924063110e+02
-5.8193737793e+02
-2.6267849731e+02
3.7349830627e+01
3.9748165894e+02
-5.8378747559e+02
-2.6457901001e+02
3.5454036713e+01
3.9538580322e+02
-5.8529504395e+02
-2.6631964111e+02
3.3579837799e+01
3.9356796265e+02
-5.8649792480e+02
-2.6773867798e+02
3.2035694122e+01
3.9194705200e+02
-5.8735461426e+02
-2.6880920410e+02
3.0817695618e+01
3.9072073364e+02
-5.8791644287e+02
-2.6951403809e+02
3.0011178970e+01
3.8986343384e+02
-5.8818817139e+02
-2.6986639404e+02
2.9598510742e+01
3.8943750000e+02
-5.8818817139e+02
-2.6986639404e+02
2.9598510742e+01
3.8943750000e+02
-5.8791644287e+02
-2.6951403809e+02
3.0011178970e+01
3.8986343384e+02
-5.8735461426e+02
-2.6880920410e+02
3.0817695618e+01
3.9072073364e+02
-5.8649792480e+02
-2.6773867798e+02
3.2035694122e+01
3.9194705200e+02
-5.8529504395e+02
-2.6631964111e+02
3.3579837799e+01
3.9356796265e+02
-5.8378747559e+02
-2.6457901001e+02
3.5454036713e+01
3.9538580322e+02
-5.8193737793e+02
-2.6267849731e+02
3.7349830627e+01
3.9748165894e+02
-5.8017443848e+02
-2.6100363159e+02
3.9030769348e+01
3.9924063110e+02
-5.7870684814e+02
-2.6073254395e+02
3.9108257294e+01
4.0093765259e+02
-5.7985388184e+02
-2.6404434204e+02
3.5576686859e+01
3.9941717529e+02
-5.8223089600e+02
-2.7826544189e+02
2.0350816727e+01
3.9436267090e+02
-6.0289996338e+02
-3.0836270142e+02
-1.1963085175e+01
3.7699374390e+02
-7.1348901367e+02
-3.8077484131e+02
4.7533535004e+01
5.1037677002e+02
-6.9984997559e+02
-3.4110400391e+02
8.6553237915e+01
5.2597088623e+02
-6.9804333496e+02
-3.2876330566e+02
9.9557273865e+01
5.2640704346e+02
-6.9926757812e+02
-3.2529406738e+02
1.0369573212e+02
5.2539154053e+02
-7.0181420898e+02
-3.2563418579e+02
1.0347519684e+02
5.2299200439e+02
-7.0447766113e+02
-3.2742095947e+02
1.0179663086e+02
5.2017694092e+02
-7.0704101562e+02
-3.2962445068e+02
9.9595642090e+01
5.1760491943e+02
-7.0931079102e+02
-3.3172915649e+02
9.7530868530e+01
5.1529394531e+02
-7.1115771484e+02
-3.3354827881e+02
9.5719841003e+01
5.1343737793e+02
-7.1257006836e+02
-3.3494577026e+02
9.4334938049e+01
5.1199642944e+02
-7.1350628662e+02
-3.3590243530e+02
9.3380516052e+01
5.1103839111e+02
-7.1397863770e+02
-3.3638012695e+02
9.2904525757e+01
5.1055081177e+02
-7.1397863770e+02
-3.3638012695e+02
9.2904525757e+01
5.1055081177e+02
-7.1350628662e+02
-3.3590243530e+02
9.3380516052e+01
5.1103839111e+02
-7.1257006836e+02
-3.3494577026e+02
9.4334938049e+01
5.1199642944e+02
-7.1115771484e+02
-3.3354827881e+02
9.5719841003e+01
5.1343737793e+02
-7.0931079102e+02
-3.3172915649e+02
9.7530868530e+01
5.1529394531e+02
-7.0704101562e+02
-3.2962445068e+02
9.9595642090e+01
5.1760491943e+02
-7.0447766113e+02
-3.2742095947e+02
1.0179663086e+02
5.2017694092e+02
-7.0181420898e+02
-3.2563418579e+02
1.0347519684e+02
5.2299200439e+02
-6.9926757812e+02
-3.2529406738e+02
1.0369573212e+02
5.2539154053e+02
-6.9804333496e+02
-3.2876330566e+02
9.9557273865e+01
5.2640704346e+02
-6.9984997559e+02
-3.4110400391e+02
8.6553237915e+01
5.2597088623e+02
-7.1348901367e+02
-3.8077484131e+02
4.7533535004e+01
5.1037677002e+02
-8.6307482910e+02
-3.9684417725e+02
9.5167686462e+01
6.5556811523e+02
-8.4912304688e+02
-3.6698596191e+02
1.2541152954e+02
6.7099627686e+02
-8.4843988037e+02
-3.5407708740e+02
1.3757295227e+02
6.7326074219e+02
-8.4955120850e+02
-3.5251797485e+02
1.3842143250e+02
6.7207922363e+02
-8.5272314453e+02
-3.5398513794e+02
1.3680049133e+02
6.6895690918e+02
-8.5597369385e+02
-3.5682150269e+02
1.3382635498e+02
6.6582690430e+02
-8.5913201904e+02
-3.5972317505e+02
1.3087487793e+02
6.6267474365e+02
-8.6186437988e+02
-3.6243972778e+02
1.2810945129e+02
6.5997454834e+02
-8.6415167236e+02
-3.6468719482e+02
1.2583901978e+02
6.5771014404e+02
-8.6588732910e+02
-3.6644113159e+02
1.2407062531e+02
6.5600427246e+02
-8.6706976318e+02
-3.6761495972e+02
1.2288861847e+02
6.5484588623e+02
-8.6766070557e+02
-3.6821255493e+02
1.2228801727e+02
6.5426806641e+02
-8.6766070557e+02
-3.6821255493e+02
1.2228801727e+02
6.5426806641e+02
-8.6706976318e+02
-3.6761495972e+02
1.2288861847e+02
6.5484588623e+02
-8.6588732910e+02
-3.6644113159e+02
1.2407062531e+02
6.5600427246e+02
-8.6415167236e+02
-3.6468719482e+02
1.2583901978e+02
6.5771014404e+02
-8.6186437988e+02
-3.6243972778e+02
1.2810945129e+02
6.5997454834e+02
-8.5913201904e+02
-3.5972317505e+02
1.3087487793e+02
6.6267474365e+02
-8.5597369385e+02
-3.5682150269e+02
1.3382635498e+02
6.6582690430e+02
-8.5272314453e+02
-3.5398513794e+02
1.3680049133e+02
6.6895690918e+02
-8.4955120850e+02
-3.5251797485e+02
1.3842143250e+02
6.7207922363e+02
-8.4843988037e+02
-3.5407708740e+02
1.3757295227e+02
6.7326074219e+02
-8.4912304688e+02
-3.6698596191e+02
1.2541152954e+02
6.7099627686e+02
-8.6307482910e+02
-3.9684417725e+02
9.5167686462e+01
6.5556811523e+02
-9.8243395996e+02
-4.5035296631e+02
1.5524397278e+02
8.0248297119e+02
-9.7181237793e+02
-4.1932388306e+02
1.8702098083e+02
8.1423822021e+02
-9.7362841797e+02
-4.1102081299e+02
1.9652770996e+02
8.1256958008e+02
-9.7695184326e+02
-4.1036141968e+02
1.9792561340e+02
8.0965093994e+02
-9.8145324707e+02
-4.1316784668e+02
1.9526345825e+02
8.0505841064e+02
-9.8581451416e+02
-4.1684286499e+02
1.9170515442e+02
8.0057843018e+02
-9.8984515381e+02
-4.2063735962e+02
1.8795117188e+02
7.9651031494e+02
-9.9331903076e+02
-4.2398806763e+02
1.8463801575e+02
7.9299926758e+02
-9.9614373779e+02
-4.2680862427e+02
1.8183999634e+02
7.9016064453e+02
-9.9829815674e+02
-4.2894515991e+02
1.7972041321e+02
7.8799993896e+02
-9.9973895264e+02
-4.3040084839e+02
1.7827754211e+02
7.8655804443e+02
-1.0004659424e+03
-4.3112670898e+02
1.7755758667e+02
7.8583209229e+02
-1.0004659424e+03
-4.3112670898e+02
1.7755758667e+02
7.8583209229e+02
-9.9973895264e+02
-4.3040084839e+02
1.7827754211e+02
7.8655804443e+02
-9.9829815674e+02
-4.2894515991e+02
1.7972041321e+02
7.8799993896e+02
-9.9614373779e+02
-4.2680862427e+02
1.8183999634e+02
7.9016064453e+02
-9.9331903076e+02
-4.2398806763e+02
1.8463801575e+02
7.9299926758e+02
-9.8984515381e+02
-4.2063735962e+02
1.8795117188e+02
7.9651031494e+02
-9.8581451416e+02
-4.1684286499e+02
1.9170515442e+02
8.0057843018e+02
-9.8145324707e+02
-4.1316784668e+02
1.9526345825e+02
8.0505841064e+02
-9.7695184326e+02
-4.1036141968e+02
1.9792561340e+02
8.0965093994e+02
-9.7362841797e+02
-4.1102081299e+02
1.9652770996e+02
8.1256958008e+02
-9.7181237793e+02
-4.1932388306e+02
1.8702098083e+02
8.1423822021e+02
-9.8243395996e+02
-4.5035296631e+02
1.5524397278e+02
8.0248297119e+02
-1.1227307129e+03
-4.7233837891e+02
2.1002807617e+02
9.4871893311e+02
-1.1152038574e+03
-4.4772647095e+02
2.3478105164e+02
9.5863616943e+02
-1.1181577148e+03
-4.3995108032e+02
2.4210505676e+02
9.5646411133e+02
-1.1228491211e+03
-4.4186868286e+02
2.3977864075e+02
9.5173553467e+02
-1.1286776123e+03
-4.4596270752e+02
2.3560414124e+02
9.4599078369e+02
-1.1341656494e+03
-4.5104571533e+02
2.3040193176e+02
9.4045867920e+02
-1.1391665039e+03
-4.5578045654e+02
2.2560768127e+02
9.3540423584e+02
-1.1434246826e+03
-4.6002301025e+02
2.2132240295e+02
9.3111706543e+02
-1.1469050293e+03
-4.6346307373e+02
2.1785656738e+02
9.2762506104e+02
-1.1495312500e+03
-4.6610922241e+02
2.1519671631e+02
9.2499682617e+02
-1.1512995605e+03
-4.6787142944e+02
2.1342538452e+02
9.2323236084e+02
-1.1521837158e+03
-4.6876324463e+02
2.1253041077e+02
9.2235052490e+02
-1.1521837158e+03
-4.6876324463e+02
2.1253041077e+02
9.2235052490e+02
-1.1512995605e+03
-4.6787142944e+02
2.1342538452e+02
9.2323236084e+02
-1.1495312500e+03
-4.6610922241e+02
2.1519671631e+02
9.2499682617e+02
-1.1469050293e+03
-4.6346307373e+02
2.1785656738e+02
9.2762506104e+02
-1.1434246826e+03
-4.6002301025e+02
2.2132240295e+02
9.3111706543e+02
-1.1391665039e+03
-4.5578045654e+02
2.2560768127e+02
9.3540423584e+02
-1.1341656494e+03
-4.5104571533e+02
2.3040193176e+02
9.4045867920e+02
-1.1286776123e+03
-4.4596270752e+02
2.3560414124e+02
9.4599078369e+02
-1.1228491211e+03
-4.4186868286e+02
2.3977864075e+02
9.5173553467e+02
-1.1181577148e+03
-4.3995108032e+02
2.4210505676e+02
9.5646411133e+02
-1.1152038574e+03
-4.4772647095e+02
2.3478105164e+02
9.5863616943e+02
-1.1227307129e+03
-4.7233837891e+02
2.1002807617e+02
9.4871893311e+02
-1.2446685791e+03
-5.1477868652e+02
2.7253482056e+02
1.0981950684e+03
-1.2403247070e+03
-4.9324966431e+02
2.9509649658e+02
1.1042860107e+03
-1.2466916504e+03
-4.9005978394e+02
2.9910910034e+02
1.0987707520e+03
-1.2534610596e+03
-4.9354174805e+02
2.9602310181e+02
1.0923026123e+03
-1.2610440674e+03
-4.9969546509e+02
2.8990951538e+02
1.0846046143e+03
-1.2679871826e+03
-5.0606402588e+02
2.8360119629e+02
1.0776044922e+03
-1.2742033691e+03
-5.1210345459e+02
2.7757128906e+02
1.0713419189e+03
-1.2794582520e+03
-5.1726617432e+02
2.7242453003e+02
1.0660615234e+03
-1.2837081299e+03
-5.2152209473e+02
2.6817996216e+02
1.0618057861e+03
-1.2869182129e+03
-5.2472119141e+02
2.6499243164e+02
1.0586014404e+03
-1.2890639648e+03
-5.2688171387e+02
2.6284136963e+02
1.0564639893e+03
-1.2901407471e+03
-5.2795819092e+02
2.6176980591e+02
1.0553931885e+03
-1.2901407471e+03
-5.2795819092e+02
2.6176980591e+02
1.0553931885e+03
-1.2890639648e+03
-5.2688171387e+02
2.6284136963e+02
1.0564639893e+03
-1.2869182129e+03
-5.2472119141e+02
2.6499243164e+02
1.0586014404e+03
-1.2837081299e+03
-5.2152209473e+02
2.6817996216e+02
1.0618057861e+03
-1.2794582520e+03
-5.1726617432e+02
2.7242453003e+02
1.0660615234e+03
-1.2742033691e+03
-5.1210345459e+02
2.7757128906e+02
1.0713419189e+03
-1.2679871826e+03
-5.0606402588e+02
2.8360119629e+02
1.0776044922e+03
-1.2610440674e+03
-4.9969546509e+02
2.8990951538e+02
1.0846046143e+03
-1.2534610596e+03
-4.9354174805e+02
2.9602310181e+02
1.0923026123e+03
-1.2466916504e+03
-4.9005978394e+02
2.9910910034e+02
1.0987707520e+03
-1.2403247070e+03
-4.9324966431e+02
2.9509649658e+02
1.1042860107e+03
-1.2446685791e+03
-5.1477868652e+02
2.7253482056e+02
1.0981950684e+03
-1.3777122803e+03
-5.3888110352e+02
3.3083779907e+02
1.2472135010e+03
-1.3776347656e+03
-5.2300012207e+02
3.4723245239e+02
1.2500263672e+03
-1.3857777100e+03
-5.2201641846e+02
3.4829208374e+02
1.2425699463e+03
-1.3949150391e+03
-5.2850177002e+02
3.4173706055e+02
1.2336074219e+03
-1.4042443848e+03
-5.3630426025e+02
3.3395718384e+02
1.2243665771e+03
-1.4127612305e+03
-5.4445275879e+02
3.2575601196e+02
1.2158009033e+03
-1.4202796631e+03
-5.5172283936e+02
3.1847613525e+02
1.2082851562e+03
-1.4266248779e+03
-5.5804162598e+02
3.1215206909e+02
1.2019577637e+03
-1.4317470703e+03
-5.6311755371e+02
3.0708090210e+02
1.1968748779e+03
-1.4356040039e+03
-5.6698162842e+02
3.0322503662e+02
1.1930583496e+03
-1.4381850586e+03
-5.6955090332e+02
3.0066287231e+02
1.1905122070e+03
-1.4394765625e+03
-5.7084515381e+02
2.9937310791e+02
1.1892396240e+03
-1.4394765625e+03
-5.7084515381e+02
2.9937310791e+02
1.1892396240e+03
-1.4381850586e+03
-5.6955090332e+02
3.0066287231e+02
1.1905122070e+03
-1.4356040039e+03
-5.6698162842e+02
3.0322503662e+02
1.1930583496e+03
-1.4317470703e+03
-5.6311755371e+02
3.0708090210e+02
1.1968748779e+03
-1.4266248779e+03
-5.5804162598e+02
3.1215206909e+02
1.2019577637e+03
-1.4202796631e+03
-5.5172283936e+02
3.1847613525e+02
1.2082851562e+03
-1.4127612305e+03
-5.4445275879e+02
3.2575601196e+02
1.2158009033e+03
-1.4042443848e+03
-5.3630426025e+02
3.3395718384e+02
1.2243665771e+03
-1.3949150391e+03
-5.2850177002e+02
3.4173706055e+02
1.2336074219e+03
-1.3857777100e+03
-5.2201641846e+02
3.4829208374e+02
1.2425699463e+03
-1.3776347656e+03
-5.2300012207e+02
3.4723245239e+02
1.2500263672e+03
-1.3777122803e+03
-5.3888110352e+02
3.3083779907e+02
1.2472135010e+03
-1.4991590576e+03
-5.7389349365e+02
3.9511080933e+02
1.3960281982e+03
-1.5027968750e+03
-5.6291723633e+02
4.0716906738e+02
1.3948314209e+03
-1.5146212158e+03
-5.6625946045e+02
4.0438116455e+02
1.3841721191e+03
-1.5259826660e+03
-5.7491455078e+02
3.9595013428e+02
1.3731508789e+03
-1.5374901123e+03
-5.8513702393e+02
3.8575588989e+02
1.3617039795e+03
-1.5477338867e+03
-5.9487786865e+02
3.7607333374e+02
1.3515454102e+03
-1.5567525635e+03
-6.0371606445e+02
3.6725872803e+02
1.3425989990e+03
-1.5643068848e+03
-6.1116674805e+02
3.5984930420e+02
1.3351430664e+03
-1.5703953857e+03
-6.1723162842e+02
3.5382025146e+02
1.3291563721e+03
-1.5749716797e+03
-6.2177642822e+02
3.4931036377e+02
1.3246740723e+03
-1.5780294189e+03
-6.2482934570e+02
3.4628280640e+02
1.3216866455e+03
-1.5795595703e+03
-6.2635070801e+02
3.4477520752e+02
1.3201943359e+03
-1.5795595703e+03
-6.2635070801e+02
3.4477520752e+02
1.3201943359e+03
-1.5780294189e+03
-6.2482934570e+02
3.4628280640e+02
1.3216866455e+03
-1.5749716797e+03
-6.2177642822e+02
3.4931036377e+02
1.3246740723e+03
-1.5703953857e+03
-6.1723162842e+02
3.5382025146e+02
1.3291563721e+03
-1.5643068848e+03
-6.1116674805e+02
3.5984930420e+02
1.3351430664e+03
-1.5567525635e+03
-6.0371606445e+02
3.6725872803e+02
1.3425989990e+03
-1.5477338867e+03
-5.9487786865e+02
3.7607333374e+02
1.3515454102e+03
-1.5374901123e+03
-5.8513702393e+02
3.8575588989e+02
1.3617039795e+03
-1.5259826660e+03
-5.7491455078e+02
3.9595013428e+02
1.3731508789e+03
-1.5146212158e+03
-5.6625946045e+02
4.0438116455e+02
1.3841721191e+03
-1.5027968750e+03
-5.6291723633e+02
4.0716906738e+02
1.3948314209e+03
-1.4991590576e+03
-5.7389349365e+02
3.9511080933e+02
1.3960281982e+03
-1.6250894775e+03
-5.9774938965e+02
4.5512780762e+02
1.5442630615e+03
-1.6334714355e+03
-5.9260418701e+02
4.6120596313e+02
1.5389393311e+03
-1.6477205811e+03
-5.9927587891e+02
4.5494708252e+02
1.5255996094e+03
-1.6619323730e+03
-6.1112115479e+02
4.4324285889e+02
1.5118148193e+03
-1.6754490967e+03
-6.2335418701e+02
4.3112417603e+02
1.4985098877e+03
-1.6875887451e+03
-6.3512414551e+02
4.1939382935e+02
1.4865017090e+03
-1.6981375732e+03
-6.4541741943e+02
4.0916894531e+02
1.4761418457e+03
-1.7069981689e+03
-6.5420379639e+02
4.0044329834e+02
1.4674702148e+03
-1.7141104736e+03
-6.6123339844e+02
3.9347619629e+02
1.4605506592e+03
-1.7194598389e+03
-6.6655096436e+02
3.8821102905e+02
1.4553648682e+03
-1.7230299072e+03
-6.7008514404e+02
3.8471542358e+02
1.4519163818e+03
-1.7248166504e+03
-6.7186041260e+02
3.8296044922e+02
1.4501931152e+03
-1.7248166504e+03
-6.7186041260e+02
3.8296044922e+02
1.4501931152e+03
-1.7230299072e+03
-6.7008514404e+02
3.8471542358e+02
1.4519163818e+03
-1.7194598389e+03
-6.6655096436e+02
3.8821102905e+02
1.4553648682e+03
-1.7141104736e+03
-6.6123339844e+02
3.9347619629e+02
1.4605506592e+03
-1.7069981689e+03
-6.5420379639e+02
4.0044329834e+02
1.4674702148e+03
-1.6981375732e+03
-6.4541741943e+02
4.0916894531e+02
1.4761418457e+03
-1.6875887451e+03
-6.3512414551e+02
4.1939382935e+02
1.4865017090e+03
-1.6754490967e+03
-6.2335418701e+02
4.3112417603e+02
1.4985098877e+03
-1.6619323730e+03
-6.1112115479e+02
4.4324285889e+02
1.5118148193e+03
-1.6477205811e+03
-5.9927587891e+02
4.5494708252e+02
1.5255996094e+03
-1.6334714355e+03
-5.9260418701e+02
4.6120596313e+02
1.5389393311e+03
-1.6250894775e+03
-5.9774938965e+02
4.5512780762e+02
1.5442630615e+03
-1.7425689697e+03
-6.2726776123e+02
5.1901690674e+02
1.6896091309e+03
-1.7551531982e+03
-6.2779156494e+02
5.1969989014e+02
1.6800582275e+03
-1.7731333008e+03
-6.3869055176e+02
5.0929989624e+02
1.6634506836e+03
-1.7898078613e+03
-6.5315026855e+02
4.9505780029e+02
1.6473131104e+03
-1.8057625732e+03
-6.6794677734e+02
4.8035772705e+02
1.6316896973e+03
-1.8197972412e+03
-6.8151690674e+02
4.6690206909e+02
1.6179714355e+03
-1.8320341797e+03
-6.9352404785e+02
4.5498718262e+02
1.6060456543e+03
-1.8422410889e+03
-7.0357757568e+02
4.4504333496e+02
1.5961634521e+03
-1.8504483643e+03
-7.1169805908e+02
4.3701864624e+02
1.5882551270e+03
-1.8566038818e+03
-7.1777551270e+02
4.3102584839e+02
1.5823522949e+03
-1.8607153320e+03
-7.2184454346e+02
4.2701632690e+02
1.5784218750e+03
-1.8627703857e+03
-7.2387310791e+02
4.2501950073e+02
1.5764615479e+03
-1.8627703857e+03
-7.2387310791e+02
4.2501950073e+02
1.5764615479e+03
-1.8607153320e+03
-7.2184454346e+02
4.2701632690e+02
1.5784218750e+03
-1.8566038818e+03
-7.1777551270e+02
4.3102584839e+02
1.5823522949e+03
-1.8504483643e+03
-7.1169805908e+02
4.3701864624e+02
1.5882551270e+03
-1.8422410889e+03
-7.0357757568e+02
4.4504333496e+02
1.5961634521e+03
-1.8320341797e+03
-6.9352404785e+02
4.5498718262e+02
1.6060456543e+03
-1.8197972412e+03
-6.8151690674e+02
4.6690206909e+02
1.6179714355e+03
-1.8057625732e+03
-6.6794677734e+02
4.8035772705e+02
1.6316896973e+03
-1.7898078613e+03
-6.5315026855e+02
4.9505780029e+02
1.6473131104e+03
-1.7731333008e+03
-6.3869055176e+02
5.0929989624e+02
1.6634506836e+03
-1.7551531982e+03
-6.2779156494e+02
5.1969989014e+02
1.6800582275e+03
-1.7425689697e+03
-6.2726776123e+02
5.1901690674e+02
1.6896091309e+03
-1.8599243164e+03
-6.4950439453e+02
5.7879296875e+02
1.8323946533e+03
-1.8773883057e+03
-6.5606518555e+02
5.7350817871e+02
1.8183426514e+03
-1.8982215576e+03
-6.7083612061e+02
5.5933258057e+02
1.7987458496e+03
-1.9179117432e+03
-6.8852160645e+02
5.4192321777e+02
1.7797696533e+03
-1.9360410156e+03
-7.0557080078e+02
5.2508331299e+02
1.7621064453e+03
-1.9521469727e+03
-7.2127288818e+02
5.0953033447e+02
1.7464351807e+03
-1.9660341797e+03
-7.3486328125e+02
4.9610614014e+02
1.7330233154e+03
-1.9776646729e+03
-7.4633752441e+02
4.8478323364e+02
1.7218502197e+03
-1.9869768066e+03
-7.5550018311e+02
4.7576220703e+02
1.7129655762e+03
-1.9939747314e+03
-7.6240356445e+02
4.6897366333e+02
1.7063182373e+03
-1.9986395264e+03
-7.6699176025e+02
4.6446798706e+02
1.7019053955e+03
-2.0009741211e+03
-7.6929211426e+02
4.6221017456e+02
1.6997011719e+03
-2.0009741211e+03
-7.6929211426e+02
4.6221017456e+02
1.6997011719e+03
-1.9986395264e+03
-7.6699176025e+02
4.6446798706e+02
1.7019053955e+03
-1.9939747314e+03
-7.6240356445e+02
4.6897366333e+02
1.7063182373e+03
-1.9869768066e+03
-7.5550018311e+02
4.7576220703e+02
1.7129655762e+03
-1.9776646729e+03
-7.4633752441e+02
4.8478323364e+02
1.7218502197e+03
-1.9660341797e+03
-7.3486328125e+02
4.9610614014e+02
1.7330233154e+03
-1.9521469727e+03
-7.2127288818e+02
5.0953033447e+02
1.7464351807e+03
-1.9360410156e+03
-7.0557080078e+02
5.2508331299e+02
1.7621064453e+03
-1.9179117432e+03
-6.8852160645e+02
5.4192321777e+02
1.7797696533e+03
-1.8982215576e+03
-6.7083612061e+02
5.5933258057e+02
1.7987458496e+03
-1.8773883057e+03
-6.5606518555e+02
5.7350817871e+02
1.8183426514e+03
-1.8599243164e+03
-6.4950439453e+02
5.7879296875e+02
1.8323946533e+03
-1.9696035156e+03
-6.7429364014e+02
6.3982409668e+02
1.9699375000e+03
-1.9914956055e+03
-6.8673809814e+02
6.2879888916e+02
1.9515695801e+03
-2.0159682617e+03
-7.0565124512e+02
6.1045159912e+02
1.9286840820e+03
-2.0382680664e+03
-7.2616516113e+02
5.9023645020e+02
1.9072203369e+03
-2.0589067383e+03
-7.4577325439e+02
5.7083862305e+02
1.8872429199e+03
-2.0769726562e+03
-7.6337390137e+02
5.5345147705e+02
1.8698121338e+03
-2.0926218262e+03
-7.7871270752e+02
5.3831237793e+02
1.8548035889e+03
-2.1056506348e+03
-7.9150701904e+02
5.2572564697e+02
1.8424033203e+03
-2.1161088867e+03
-8.0179016113e+02
5.1562402344e+02
1.8325087891e+03
-2.1239462891e+03
-8.0948162842e+02
5.0808563232e+02
1.8251359863e+03
-2.1291784668e+03
-8.1462017822e+02
5.0305401611e+02
1.8202318115e+03
-2.1317927246e+03
-8.1718292236e+02
5.0054745483e+02
1.8177877197e+03
-2.1317927246e+03
-8.1718292236e+02
5.0054745483e+02
1.8177877197e+03
-2.1291784668e+03
-8.1462017822e+02
5.0305401611e+02
1.8202318115e+03
-2.1239462891e+03
-8.0948162842e+02
5.0808563232e+02
1.8251359863e+03
-2.1161088867e+03
-8.0179016113e+02
5.1562402344e+02
1.8325087891e+03
-2.1056506348e+03
-7.9150701904e+02
5.2572564697e+02
1.8424033203e+03
-2.0926218262e+03
-7.7871270752e+02
5.3831237793e+02
1.8548035889e+03
-2.0769726562e+03
-7.6337390137e+02
5.5345147705e+02
1.8698121338e+03
-2.0589067383e+03
-7.4577325439e+02
5.7083862305e+02
1.8872429199e+03
-2.0382680664e+03
-7.2616516113e+02
5.9023645020e+02
1.9072203369e+03
-2.0159682617e+03
-7.0565124512e+02
6.1045159912e+02
1.9286840820e+03
-1.9914956055e+03
-6.8673809814e+02
6.2879888916e+02
1.9515695801e+03
-1.9696035156e+03
-6.7429364014e+02
6.3982409668e+02
1.9699375000e+03
-2.0756223145e+03
-6.9404351807e+02
6.9668444824e+02
2.1020017090e+03
-2.1022514648e+03
-7.1242614746e+02
6.7986291504e+02
2.0791455078e+03
-2.1297280273e+03
-7.3530145264e+02
6.5769470215e+02
2.0532468262e+03
-2.1549855957e+03
-7.5892706299e+02
6.3445556641e+02
2.0290258789e+03
-2.1778349609e+03
-7.8084814453e+02
6.1285150146e+02
2.0069868164e+03
-2.1979855957e+03
-8.0053887939e+02
5.9343267822e+02
1.9876451416e+03
-2.2152934570e+03
-8.1747717285e+02
5.7677490234e+02
1.9711677246e+03
-2.2297587891e+03
-8.3167895508e+02
5.6283337402e+02
1.9574937744e+03
-2.2413271484e+03
-8.4300823975e+02
5.5173999023e+02
1.9466411133e+03
-2.2500148926e+03
-8.5152124023e+02
5.4341705322e+02
1.9385340576e+03
-2.2558032227e+03
-8.5717993164e+02
5.3789331055e+02
1.9331571045e+03
-2.2586994629e+03
-8.6001336670e+02
5.3512927246e+02
1.9304727783e+03
-2.2586994629e+03
-8.6001336670e+02
5.3512927246e+02
1.9304727783e+03
-2.2558032227e+03
-8.5717993164e+02
5.3789331055e+02
1.9331571045e+03
-2.2500148926e+03
-8.5152124023e+02
5.4341705322e+02
1.9385340576e+03
-2.2413271484e+03
-8.4300823975e+02
5.5173999023e+02
1.9466411133e+03
-2.2297587891e+03
-8.3167895508e+02
5.6283337402e+02
1.9574937744e+03
-2.2152934570e+03
-8.1747717285e+02
5.7677490234e+02
1.9711677246e+03
-2.1979855957e+03
-8.0053887939e+02
5.9343267822e+02
1.9876451416e+03
-2.1778349609e+03
-7.8084814453e+02
6.1285150146e+02
2.0069868164e+03
-2.1549855957e+03
-7.5892706299e+02
6.3445556641e+02
2.0290258789e+03
-2.1297280273e+03
-7.3530145264e+02
6.5769470215e+02
2.0532468262e+03
-2.1022514648e+03
-7.1242614746e+02
6.7986291504e+02
2.0791455078e+03
-2.0756223145e+03
-6.9404351807e+02
6.9668444824e+02
2.1020017090e+03
-2.1733940430e+03
-7.1436102295e+02
7.5219458008e+02
2.2262463379e+03
-2.2043337402e+03
-7.3839465332e+02
7.2982733154e+02
2.1992370605e+03
-2.2351926270e+03
-7.6517498779e+02
7.0372344971e+02
2.1702070312e+03
-2.2630217285e+03
-7.9159020996e+02
6.7772094727e+02
2.1435610352e+03
-2.2882683105e+03
-8.1592266846e+02
6.5373126221e+02
2.1193420410e+03
-2.3103183594e+03
-8.3747198486e+02
6.3251763916e+02
2.0983037109e+03
-2.3293322754e+03
-8.5607586670e+02
6.1424011230e+02
2.0803103027e+03
-2.3451503906e+03
-8.7155718994e+02
5.9907983398e+02
2.0654687500e+03
-2.3578317871e+03
-8.8395898438e+02
5.8695892334e+02
2.0536550293e+03
-2.3673317871e+03
-8.9323248291e+02
5.7791699219e+02
2.0448605957e+03
-2.3736713867e+03
-8.9941876221e+02
5.7189227295e+02
2.0390164795e+03
-2.3768386230e+03
-9.0250494385e+02
5.6889013672e+02
2.0361051025e+03
-2.3768386230e+03
-9.0250494385e+02
5.6889013672e+02
2.0361051025e+03
-2.3736713867e+03
-8.9941876221e+02
5.7189227295e+02
2.0390164795e+03
-2.3673317871e+03
-8.9323248291e+02
5.7791699219e+02
2.0448605957e+03
-2.3578317871e+03
-8.8395898438e+02
5.8695892334e+02
2.0536550293e+03
-2.3451503906e+03
-8.7155718994e+02
5.9907983398e+02
2.0654687500e+03
-2.3293322754e+03
-8.5607586670e+02
6.1424011230e+02
2.0803103027e+03
-2.3103183594e+03
-8.3747198486e+02
6.3251763916e+02
2.0983037109e+03
-2.2882683105e+03
-8.1592266846e+02
6.5373126221e+02
2.1193420410e+03
-2.2630217285e+03
-7.9159020996e+02
6.7772094727e+02
2.1435610352e+03
-2.2351926270e+03
-7.6517498779e+02
7.0372344971e+02
2.1702070312e+03
-2.2043337402e+03
-7.3839465332e+02
7.2982733154e+02
2.1992370605e+03
-2.1733940430e+03
-7.1436102295e+02
7.5219458008e+02
2.2262463379e+03
-2.2645585938e+03
-7.3095874023e+02
8.0301025391e+02
2.3418103027e+03
-2.2998034668e+03
-7.6043133545e+02
7.7534753418e+02
2.3106762695e+03
-2.3335256348e+03
-7.9089520264e+02
7.4567773438e+02
2.2788488770e+03
-2.3640534668e+03
-8.2013159180e+02
7.1693286133e+02
2.2496970215e+03
-2.3913798828e+03
-8.4663647461e+02
6.9086151123e+02
2.2235607910e+03
-2.4153630371e+03
-8.7009173584e+02
6.6780621338e+02
2.2007849121e+03
-2.4359223633e+03
-8.9018786621e+02
6.4811260986e+02
2.1814401855e+03
-2.4530788574e+03
-9.0696191406e+02
6.3171527100e+02
2.1654343262e+03
-2.4667924805e+03
-9.2033508301e+02
6.1867803955e+02
2.1527451172e+03
-2.4770852051e+03
-9.3036553955e+02
6.0891778564e+02
2.1432790527e+03
-2.4839418945e+03
-9.3703381348e+02
6.0244012451e+02
2.1370041504e+03
-2.4873720703e+03
-9.4036962891e+02
5.9920208740e+02
2.1338730469e+03
-2.4873720703e+03
-9.4036962891e+02
5.9920208740e+02
2.1338730469e+03
-2.4839418945e+03
-9.3703381348e+02
6.0244012451e+02
2.1370041504e+03
-2.4770852051e+03
-9.3036553955e+02
6.0891778564e+02
2.1432790527e+03
-2.4667924805e+03
-9.2033508301e+02
6.1867803955e+02
2.1527451172e+03
-2.4530788574e+03
-9.0696191406e+02
6.3171527100e+02
2.1654343262e+03
-2.4359223633e+03
-8.9018786621e+02
6.4811260986e+02
2.1814401855e+03
-2.4153630371e+03
-8.7009173584e+02
6.6780621338e+02
2.2007849121e+03
-2.3913798828e+03
-8.4663647461e+02
6.9086151123e+02
2.2235607910e+03
-2.3640534668e+03
-8.2013159180e+02
7.1693286133e+02
2.2496970215e+03
-2.3335256348e+03
-7.9089520264e+02
7.4567773438e+02
2.2788488770e+03
-2.2998034668e+03
-7.6043133545e+02
7.7534753418e+02
2.3106762695e+03
-2.2645585938e+03
-7.3095874023e+02
8.0301025391e+02
2.3418103027e+03
-2.3462275391e+03
-7.4685443115e+02
8.5018298340e+02
2.4467624512e+03
-2.3853046875e+03
-7.8131018066e+02
8.1763049316e+02
2.4119462891e+03
-2.4219575195e+03
-8.1519958496e+02
7.8452893066e+02
2.3773691406e+03
-2.4547983398e+03
-8.4693481445e+02
7.5332189941e+02
2.3460578613e+03
-2.4842309570e+03
-8.7554711914e+02
7.2518347168e+02
2.3180202637e+03
-2.5099082031e+03
-9.0066577148e+02
7.0052618408e+02
2.2937416992e+03
-2.5319812012e+03
-9.2222387695e+02
6.7942199707e+02
2.2730722656e+03
-2.5503400879e+03
-9.4013580322e+02
6.6194531250e+02
2.2560415039e+03
-2.5650437012e+03
-9.5445324707e+02
6.4800897217e+02
2.2425109863e+03
-2.5760585938e+03
-9.6515771484e+02
6.3761486816e+02
2.2324440918e+03
-2.5834062500e+03
-9.7229101562e+02
6.3069805908e+02
2.2257600098e+03
-2.5870771484e+03
-9.7585052490e+02
6.2725054932e+02
2.2224309082e+03
-2.5870771484e+03
-9.7585052490e+02
6.2725054932e+02
2.2224309082e+03
-2.5834062500e+03
-9.7229101562e+02
6.3069805908e+02
2.2257600098e+03
-2.5760585938e+03
-9.6515771484e+02
6.3761486816e+02
2.2324440918e+03
-2.5650437012e+03
-9.5445324707e+02
6.4800897217e+02
2.2425109863e+03
-2.5503400879e+03
-9.4013580322e+02
6.6194531250e+02
2.2560415039e+03
-2.5319812012e+03
-9.2222387695e+02
6.7942199707e+02
2.2730722656e+03
-2.5099082031e+03
-9.0066577148e+02
7.0052618408e+02
2.2937416992e+03
-2.4842309570e+03
-8.7554711914e+02
7.2518347168e+02
2.3180202637e+03
-2.4547983398e+03
-8.4693481445e+02
7.5332189941e+02
2.3460578613e+03
-2.4219575195e+03
-8.1519958496e+02
7.8452893066e+02
2.3773691406e+03
-2.3853046875e+03
-7.8131018066e+02
8.1763049316e+02
2.4119462891e+03
-2.3462275391e+03
-7.4685443115e+02
8.5018298340e+02
2.4467624512e+03
-2.4188081055e+03
-7.5976934814e+02
8.9177203369e+02
2.5399594727e+03
-2.4614580078e+03
-7.9875457764e+02
8.5480761719e+02
2.5017050781e+03
-2.5005546875e+03
-8.3573132324e+02
8.1870050049e+02
2.4647758789e+03
-2.5356398926e+03
-8.6980627441e+02
7.8521478271e+02
2.4313862305e+03
-2.5668403320e+03
-9.0025549316e+02
7.5531121826e+02
2.4017370605e+03
-2.5941398926e+03
-9.2695758057e+02
7.2912908936e+02
2.3760190430e+03
-2.6175178223e+03
-9.4977496338e+02
7.0683020020e+02
2.3542197266e+03
-2.6370046387e+03
-9.6876531982e+02
6.8832611084e+02
2.3362221680e+03
-2.6525783691e+03
-9.8389990234e+02
6.7362152100e+02
2.3219633789e+03
-2.6642619629e+03
-9.9523718262e+02
6.6262976074e+02
2.3113381348e+03
-2.6720451660e+03
-1.0027752686e+03
6.5533428955e+02
2.3042966309e+03
-2.6759379883e+03
-1.0065437012e+03
6.5169036865e+02
2.3007851562e+03
-2.6759379883e+03
-1.0065437012e+03
6.5169036865e+02
2.3007851562e+03
-2.6720451660e+03
-1.0027752686e+03
6.5533428955e+02
2.3042966309e+03
-2.6642619629e+03
-9.9523718262e+02
6.6262976074e+02
2.3113381348e+03
-2.6525783691e+03
-9.8389990234e+02
6.7362152100e+02
2.3219633789e+03
-2.6370046387e+03
-9.6876531982e+02
6.8832611084e+02
2.3362221680e+03
-2.6175178223e+03
-9.4977496338e+02
7.0683020020e+02
2.3542197266e+03
-2.5941398926e+03
-9.2695758057e+02
7.2912908936e+02
2.3760190430e+03
-2.5668403320e+03
-9.0025549316e+02
7.5531121826e+02
2.4017370605e+03
-2.5356398926e+03
-8.6980627441e+02
7.8521478271e+02
2.4313862305e+03
-2.5005546875e+03
-8.3573132324e+02
8.1870050049e+02
2.4647758789e+03
-2.4614580078e+03
-7.9875457764e+02
8.5480761719e+02
2.5017050781e+03
-2.4188081055e+03
-7.5976934814e+02
8.9177203369e+02
2.5399594727e+03
-2.4804589844e+03
-7.7120404053e+02
9.2787359619e+02
2.6198747559e+03
-2.5261271973e+03
-8.1409576416e+02
8.8708197021e+02
2.5787211914e+03
-2.5675009766e+03
-8.5375579834e+02
8.4830175781e+02
2.5396413574e+03
-2.6044245605e+03
-8.8980798340e+02
8.1287615967e+02
2.5045480957e+03
-2.6372731934e+03
-9.2190332031e+02
7.8136749268e+02
2.4734174805e+03
-2.6659143066e+03
-9.4992303467e+02
7.5391979980e+02
2.4465173340e+03
-2.6904843750e+03
-9.7388366699e+02
7.3052398682e+02
2.4236862793e+03
-2.7109206543e+03
-9.9377227783e+02
7.1117059326e+02
2.4048867188e+03
-2.7272761230e+03
-1.0096466675e+03
6.9576489258e+02
2.3899719238e+03
-2.7395292969e+03
-1.0215146484e+03
6.8427600098e+02
2.3788781738e+03
-2.7477001953e+03
-1.0294172363e+03
6.7663769531e+02
2.3715178223e+03
-2.7517829590e+03
-1.0333616943e+03
6.7282971191e+02
2.3678518066e+03
-2.7517829590e+03
-1.0333616943e+03
6.7282971191e+02
2.3678518066e+03
-2.7477001953e+03
-1.0294172363e+03
6.7663769531e+02
2.3715178223e+03
-2.7395292969e+03
-1.0215146484e+03
6.8427600098e+02
2.3788781738e+03
-2.7272761230e+03
-1.0096466675e+03
6.9576489258e+02
2.3899719238e+03
-2.7109206543e+03
-9.9377227783e+02
7.1117059326e+02
2.4048867188e+03
-2.6904843750e+03
-9.7388366699e+02
7.3052398682e+02
2.4236862793e+03
-2.6659143066e+03
-9.4992303467e+02
7.5391979980e+02
2.4465173340e+03
-2.6372731934e+03
-9.2190332031e+02
7.8136749268e+02
2.4734174805e+03
-2.6044245605e+03
-8.8980798340e+02
8.1287615967e+02
2.5045480957e+03
-2.5675009766e+03
-8.5375579834e+02
8.4830175781e+02
2.5396413574e+03
-2.5261271973e+03
-8.1409576416e+02
8.8708197021e+02
2.5787211914e+03
-2.4804589844e+03
-7.7120404053e+02
9.2787359619e+02
2.6198747559e+03
-2.5310446777e+03
-7.8003424072e+02
9.5739898682e+02
2.6854055176e+03
-2.5792763672e+03
-8.2617993164e+02
9.1343481445e+02
2.6417805176e+03
-2.6224316406e+03
-8.6806463623e+02
8.7248004150e+02
2.6009997559e+03
-2.6609675293e+03
-9.0579534912e+02
8.3541766357e+02
2.5644169922e+03
-2.6951040039e+03
-9.3922229004e+02
8.0262774658e+02
2.5321218262e+03
-2.7249165039e+03
-9.6837829590e+02
7.7408807373e+02
2.5041911621e+03
-2.7504333496e+03
-9.9325170898e+02
7.4982678223e+02
2.4805461426e+03
-2.7716862793e+03
-1.0139158325e+03
7.2973687744e+02
2.4610539551e+03
-2.7886723633e+03
-1.0303813477e+03
7.1377673340e+02
2.4456164551e+03
-2.8014101562e+03
-1.0427049561e+03
7.0185888672e+02
2.4341225586e+03
-2.8098964844e+03
-1.0509001465e+03
6.9394787598e+02
2.4265058594e+03
-2.8141401367e+03
-1.0549951172e+03
6.8999896240e+02
2.4227089844e+03
-2.8141401367e+03
-1.0549951172e+03
6.8999896240e+02
2.4227089844e+03
-2.8098964844e+03
-1.0509001465e+03
6.9394787598e+02
2.4265058594e+03
-2.8014101562e+03
-1.0427049561e+03
7.0185888672e+02
2.4341225586e+03
-2.7886723633e+03
-1.0303813477e+03
7.1377673340e+02
2.4456164551e+03
-2.7716862793e+03
-1.0139158325e+03
7.2973687744e+02
2.4610539551e+03
-2.7504333496e+03
-9.9325170898e+02
7.4982678223e+02
2.4805461426e+03
-2.7249165039e+03
-9.6837829590e+02
7.7408807373e+02
2.5041911621e+03
-2.6951040039e+03
-9.3922229004e+02
8.0262774658e+02
2.5321218262e+03
-2.6609675293e+03
-9.0579534912e+02
8.3541766357e+02
2.5644169922e+03
-2.6224316406e+03
-8.6806463623e+02
8.7248004150e+02
2.6009997559e+03
-2.5792763672e+03
-8.2617993164e+02
9.1343481445e+02
2.6417805176e+03
-2.5310446777e+03
-7.8003424072e+02
9.5739898682e+02
2.6854055176e+03
-2.5694536133e+03
-7.8693652344e+02
9.8010375977e+02
2.7354838867e+03
-2.6196169434e+03
-8.3557537842e+02
9.3369976807e+02
2.6900024414e+03
-2.6642194824e+03
-8.7917321777e+02
8.9104461670e+02
2.6478513184e+03
-2.7039387207e+03
-9.1817242432e+02
8.5274114990e+02
2.6101770020e+03
-2.7391264648e+03
-9.5264855957e+02
8.1893176270e+02
2.5769396973e+03
-2.7698010254e+03
-9.8265081787e+02
7.8958087158e+02
2.5482534180e+03
-2.7960810547e+03
-1.0082529297e+03
7.6462292480e+02
2.5239526367e+03
-2.8179433594e+03
-1.0294929199e+03
7.4398962402e+02
2.5039492188e+03
-2.8354301758e+03
-1.0464305420e+03
7.2758361816e+02
2.4880944824e+03
-2.8485334473e+03
-1.0590938721e+03
7.1534832764e+02
2.4763024902e+03
-2.8572685547e+03
-1.0675218506e+03
7.0721917725e+02
2.4684831543e+03
-2.8616340332e+03
-1.0717292480e+03
7.0316552734e+02
2.4645883789e+03
-2.8616340332e+03
-1.0717292480e+03
7.0316552734e+02
2.4645883789e+03
-2.8572685547e+03
-1.0675218506e+03
7.0721917725e+02
2.4684831543e+03
-2.8485334473e+03
-1.0590938721e+03
7.1534832764e+02
2.4763024902e+03
-2.8354301758e+03
-1.0464305420e+03
7.2758361816e+02
2.4880944824e+03
-2.8179433594e+03
-1.0294929199e+03
7.4398962402e+02
2.5039492188e+03
-2.7960810547e+03
-1.0082529297e+03
7.6462292480e+02
2.5239526367e+03
-2.7698010254e+03
-9.8265081787e+02
7.8958087158e+02
2.5482534180e+03
-2.7391264648e+03
-9.5264855957e+02
8.1893176270e+02
2.5769396973e+03
-2.7039387207e+03
-9.1817242432e+02
8.5274114990e+02
2.6101770020e+03
-2.6642194824e+03
-8.7917321777e+02
8.9104461670e+02
2.6478513184e+03
-2.6196169434e+03
-8.3557537842e+02
9.3369976807e+02
2.6900024414e+03
-2.5694536133e+03
-7.8693652344e+02
9.8010375977e+02
2.7354838867e+03
-2.5954497070e+03
-7.9141784668e+02
9.9543908691e+02
2.7693371582e+03
-2.6469528809e+03
-8.4175811768e+02
9.4737567139e+02
2.7225637207e+03
-2.6924943848e+03
-8.8652081299e+02
9.0357934570e+02
2.6795195312e+03
-2.7330568848e+03
-9.2639758301e+02
8.6441955566e+02
2.6410668945e+03
-2.7689238281e+03
-9.6157342529e+02
8.2993658447e+02
2.6072187500e+03
-2.8002126465e+03
-9.9216973877e+02
8.0001544189e+02
2.5779943848e+03
-2.8269909668e+03
-1.0182515869e+03
7.7460284424e+02
2.5532673340e+03
-2.8492822266e+03
-1.0398974609e+03
7.5358489990e+02
2.5329020996e+03
-2.8671005859e+03
-1.0571453857e+03
7.3688812256e+02
2.5167741699e+03
-2.8804582520e+03
-1.0700474854e+03
7.2442871094e+02
2.5047734375e+03
-2.8893593750e+03
-1.0786289062e+03
7.1615673828e+02
2.4968200684e+03
-2.8938093262e+03
-1.0829151611e+03
7.1202941895e+02
2.4928569336e+03
-2.8938093262e+03
-1.0829151611e+03
7.1202941895e+02
2.4928569336e+03
-2.8893593750e+03
-1.0786289062e+03
7.1615673828e+02
2.4968200684e+03
-2.8804582520e+03
-1.0700474854e+03
7.2442871094e+02
2.5047734375e+03
-2.8671005859e+03
-1.0571453857e+03
7.3688812256e+02
2.5167741699e+03
-2.8492822266e+03
-1.0398974609e+03
7.5358489990e+02
2.5329020996e+03
-2.8269909668e+03
-1.0182515869e+03
7.7460284424e+02
2.5532673340e+03
-2.8002126465e+03
-9.9216973877e+02
8.0001544189e+02
2.5779943848e+03
-2.7689238281e+03
-9.6157342529e+02
8.2993658447e+02
2.6072187500e+03
-2.7330568848e+03
-9.2639758301e+02
8.6441955566e+02
2.6410668945e+03
-2.6924943848e+03
-8.8652081299e+02
9.0357934570e+02
2.6795195312e+03
-2.6469528809e+03
-8.4175811768e+02
9.4737567139e+02
2.7225637207e+03
-2.5954497070e+03
-7.9141784668e+02
9.9543908691e+02
2.7693371582e+03
-2.6085004883e+03
-7.9372583008e+02
1.0031916504e+03
2.7864023438e+03
-2.6606684570e+03
-8.4492303467e+02
9.5429016113e+02
2.7389899902e+03
-2.7067065430e+03
-8.9027484131e+02
9.0991021729e+02
2.6954750977e+03
-2.7476774902e+03
-9.3058862305e+02
8.7032330322e+02
2.6566464844e+03
-2.7839057617e+03
-9.6612500000e+02
8.3549066162e+02
2.6224750977e+03
-2.8154919434e+03
-9.9701306152e+02
8.0529003906e+02
2.5929907227e+03
-2.8425329590e+03
-1.0233453369e+03
7.7963848877e+02
2.5680388184e+03
-2.8650341797e+03
-1.0451895752e+03
7.5843347168e+02
2.5474978027e+03
-2.8830251465e+03
-1.0625998535e+03
7.4158367920e+02
2.5312268066e+03
-2.8965090332e+03
-1.0756187744e+03
7.2901507568e+02
2.5191235352e+03
-2.9054956055e+03
-1.0842802734e+03
7.2066821289e+02
2.5111008301e+03
-2.9099875488e+03
-1.0886053467e+03
7.1650488281e+02
2.5071040039e+03
-2.9099875488e+03
-1.0886053467e+03
7.1650488281e+02
2.5071040039e+03
-2.9054956055e+03
-1.0842802734e+03
7.2066821289e+02
2.5111008301e+03
-2.8965090332e+03
-1.0756187744e+03
7.2901507568e+02
2.5191235352e+03
-2.8830251465e+03
-1.0625998535e+03
7.4158367920e+02
2.5312268066e+03
-2.8650341797e+03
-1.0451895752e+03
7.5843347168e+02
2.5474978027e+03
-2.8425329590e+03
-1.0233453369e+03
7.7963848877e+02
2.5680388184e+03
-2.8154919434e+03
-9.9701306152e+02
8.0529003906e+02
2.5929907227e+03
-2.7839057617e+03
-9.6612500000e+02
8.3549066162e+02
2.6224750977e+03
-2.7476774902e+03
-9.3058862305e+02
8.7032330322e+02
2.6566464844e+03
-2.7067065430e+03
-8.9027484131e+02
9.0991021729e+02
2.6954750977e+03
-2.6606684570e+03
-8.4492303467e+02
9.5429016113e+02
2.7389899902e+03
-2.6085004883e+03
-7.9372583008e+02
1.0031916504e+03
2.7864023438e+03
-2.6085004883e+03
-7.9372583008e+02
1.0031916504e+03
2.7864023438e+03
-2.6606684570e+03
-8.4492303467e+02
9.5429016113e+02
2.7389899902e+03
-2.7067065430e+03
-8.9027484131e+02
9.0991021729e+02
2.6954750977e+03
-2.7476774902e+03
-9.3058862305e+02
8.7032330322e+02
2.6566464844e+03
-2.7839057617e+03
-9.6612500000e+02
8.3549066162e+02
2.6224750977e+03
-2.8154919434e+03
-9.9701306152e+02
8.0529003906e+02
2.5929907227e+03
-2.8425329590e+03
-1.0233453369e+03
7.7963848877e+02
2.5680388184e+03
-2.8650341797e+03
-1.0451895752e+03
7.5843347168e+02
2.5474978027e+03
-2.8830251465e+03
-1.0625998535e+03
7.4158367920e+02
2.5312268066e+03
-2.8965090332e+03
-1.0756187744e+03
7.2901507568e+02
2.5191235352e+03
-2.9054956055e+03
-1.0842802734e+03
7.2066821289e+02
2.5111008301e+03
-2.9099875488e+03
-1.0886053467e+03
7.1650488281e+02
2.5071040039e+03
-2.9099875488e+03
-1.0886053467e+03
7.1650488281e+02
2.5071040039e+03
-2.9054956055e+03
-1.0842802734e+03
7.2066821289e+02
2.5111008301e+03
-2.8965090332e+03
-1.0756187744e+03
7.2901507568e+02
2.5191235352e+03
-2.8830251465e+03
-1.0625998535e+03
7.4158367920e+02
2.5312268066e+03
-2.8650341797e+03
-1.0451895752e+03
7.5843347168e+02
2.5474978027e+03
-2.8425329590e+03
-1.0233453369e+03
7.7963848877e+02
2.5680388184e+03
-2.8154919434e+03
-9.9701306152e+02
8.0529003906e+02
2.5929907227e+03
-2.7839057617e+03
-9.6612500000e+02
8.3549066162e+02
2.6224750977e+03
-2.7476774902e+03
-9.3058862305e+02
8.7032330322e+02
2.6566464844e+03
-2.7067065430e+03
-8.9027484131e+02
9.0991021729e+02
2.6954750977e+03
-2.6606684570e+03
-8.4492303467e+02
9.5429016113e+02
2.7389899902e+03
-2.6085004883e+03
-7.9372583008e+02
1.0031916504e+03
2.7864023438e+03
-2.5954497070e+03
-7.9141784668e+02
9.9543908691e+02
2.7693371582e+03
-2.6469528809e+03
-8.4175811768e+02
9.4737567139e+02
2.7225637207e+03
-2.6924943848e+03
-8.8652081299e+02
9.0357934570e+02
2.6795195312e+03
-2.7330568848e+03
-9.2639758301e+02
8.6441955566e+02
2.6410668945e+03
-2.7689238281e+03
-9.6157342529e+02
8.2993658447e+02
2.6072187500e+03
-2.8002126465e+03
-9.9216973877e+02
8.0001544189e+02
2.5779943848e+03
-2.8269909668e+03
-1.0182515869e+03
7.7460284424e+02
2.5532673340e+03
-2.8492822266e+03
-1.0398974609e+03
7.5358489990e+02
2.5329020996e+03
-2.8671005859e+03
-1.0571453857e+03
7.3688812256e+02
2.5167741699e+03
-2.8804582520e+03
-1.0700474854e+03
7.2442871094e+02
2.5047734375e+03
-2.8893593750e+03
-1.0786289062e+03
7.1615673828e+02
2.4968200684e+03
-2.8938093262e+03
-1.0829151611e+03
7.1202941895e+02
2.4928569336e+03
-2.8938093262e+03
-1.0829151611e+03
7.1202941895e+02
2.4928569336e+03
-2.8893593750e+03
-1.0786289062e+03
7.1615673828e+02
2.4968200684e+03
-2.8804582520e+03
-1.0700474854e+03
7.2442871094e+02
2.5047734375e+03
-2.8671005859e+03
-1.0571453857e+03
7.3688812256e+02
2.5167741699e+03
-2.8492822266e+03
-1.0398974609e+03
7.5358489990e+02
2.5329020996e+03
-2.8269909668e+03
-1.0182515869e+03
7.7460284424e+02
2.5532673340e+03
-2.8002126465e+03
-9.9216973877e+02
8.0001544189e+02
2.5779943848e+03
-2.7689238281e+03
-9.6157342529e+02
8.2993658447e+02
2.6072187500e+03
-2.7330568848e+03
-9.2639758301e+02
8.6441955566e+02
2.6410668945e+03
-2.6924943848e+03
-8.8652081299e+02
9.0357934570e+02
2.6795195312e+03
-2.6469528809e+03
-8.4175811768e+02
9.4737567139e+02
2.7225637207e+03
-2.5954497070e+03
-7.9141784668e+02
9.9543908691e+02
2.7693371582e+03
-2.5694536133e+03
-7.8693652344e+02
9.8010375977e+02
2.7354838867e+03
-2.6196169434e+03
-8.3557537842e+02
9.3369976807e+02
2.6900024414e+03
-2.6642194824e+03
-8.7917321777e+02
8.9104461670e+02
2.6478513184e+03
-2.7039387207e+03
-9.1817242432e+02
8.5274114990e+02
2.6101770020e+03
-2.7391264648e+03
-9.5264855957e+02
8.1893176270e+02
2.5769396973e+03
-2.7698010254e+03
-9.8265081787e+02
7.8958087158e+02
2.5482534180e+03
-2.7960810547e+03
-1.0082529297e+03
7.6462292480e+02
2.5239526367e+03
-2.8179433594e+03
-1.0294929199e+03
7.4398962402e+02
2.5039492188e+03
-2.8354301758e+03
-1.0464305420e+03
7.2758361816e+02
2.4880944824e+03
-2.8485334473e+03
-1.0590938721e+03
7.1534832764e+02
2.4763024902e+03
-2.8572685547e+03
-1.0675218506e+03
7.0721917725e+02
2.4684831543e+03
-2.8616340332e+03
-1.0717292480e+03
7.0316552734e+02
2.4645883789e+03
-2.8616340332e+03
-1.0717292480e+03
7.0316552734e+02
2.4645883789e+03
-2.8572685547e+03
-1.0675218506e+03
7.0721917725e+02
2.4684831543e+03
-2.8485334473e+03
-1.0590938721e+03
7.1534832764e+02
2.4763024902e+03
-2.8354301758e+03
-1.0464305420e+03
7.2758361816e+02
2.4880944824e+03
-2.8179433594e+03
-1.0294929199e+03
7.4398962402e+02
2.5039492188e+03
-2.7960810547e+03
-1.0082529297e+03
7.6462292480e+02
2.5239526367e+03
-2.7698010254e+03
-9.8265081787e+02
7.8958087158e+02
2.5482534180e+03
-2.7391264648e+03
-9.5264855957e+02
8.1893176270e+02
2.5769396973e+03
-2.7039387207e+03
-9.1817242432e+02
8.5274114990e+02
2.6101770020e+03
-2.6642194824e+03
-8.7917321777e+02
8.9104461670e+02
2.6478513184e+03
-2.6196169434e+03
-8.3557537842e+02
9.3369976807e+02
2.6900024414e+03
-2.5694536133e+03
-7.8693652344e+02
9.8010375977e+02
2.7354838867e+03
-2.5310446777e+03
-7.8003424072e+02
9.5739898682e+02
2.6854055176e+03
-2.5792763672e+03
-8.2617993164e+02
9.1343481445e+02
2.6417805176e+03
-2.6224316406e+03
-8.6806463623e+02
8.7248004150e+02
2.6009997559e+03
-2.6609675293e+03
-9.0579534912e+02
8.3541766357e+02
2.5644169922e+03
-2.6951040039e+03
-9.3922229004e+02
8.0262774658e+02
2.5321218262e+03
-2.7249165039e+03
-9.6837829590e+02
7.7408807373e+02
2.5041911621e+03
-2.7504333496e+03
-9.9325170898e+02
7.4982678223e+02
2.4805461426e+03
-2.7716862793e+03
-1.0139158325e+03
7.2973687744e+02
2.4610539551e+03
-2.7886723633e+03
-1.0303813477e+03
7.1377673340e+02
2.4456164551e+03
-2.8014101562e+03
-1.0427049561e+03
7.0185888672e+02
2.4341225586e+03
-2.8098964844e+03
-1.0509001465e+03
6.9394787598e+02
2.4265058594e+03
-2.8141401367e+03
-1.0549951172e+03
6.8999896240e+02
2.4227089844e+03
-2.8141401367e+03
-1.0549951172e+03
6.8999896240e+02
2.4227089844e+03
-2.8098964844e+03
-1.0509001465e+03
6.9394787598e+02
2.4265058594e+03
-2.8014101562e+03
-1.0427049561e+03
7.0185888672e+02
2.4341225586e+03
-2.7886723633e+03
-1.0303813477e+03
7.1377673340e+02
2.4456164551e+03
-2.7716862793e+03
-1.0139158325e+03
7.2973687744e+02
2.4610539551e+03
-2.7504333496e+03
-9.9325170898e+02
7.4982678223e+02
2.4805461426e+03
-2.7249165039e+03
-9.6837829590e+02
7.7408807373e+02
2.5041911621e+03
-2.6951040039e+03
-9.3922229004e+02
8.0262774658e+02
2.5321218262e+03
-2.6609675293e+03
-9.0579534912e+02
8.3541766357e+02
2.5644169922e+03
-2.6224316406e+03
-8.6806463623e+02
8.7248004150e+02
2.6009997559e+03
-2.5792763672e+03
-8.2617993164e+02
9.1343481445e+02
2.6417805176e+03
-2.5310446777e+03
-7.8003424072e+02
9.5739898682e+02
2.6854055176e+03
-2.4804589844e+03
-7.7120404053e+02
9.2787359619e+02
2.6198747559e+03
-2.5261271973e+03
-8.1409576416e+02
8.8708197021e+02
2.5787211914e+03
-2.5675009766e+03
-8.5375579834e+02
8.4830175781e+02
2.5396413574e+03
-2.6044245605e+03
-8.8980798340e+02
8.1287615967e+02
2.5045480957e+03
-2.6372731934e+03
-9.2190332031e+02
7.8136749268e+02
2.4734174805e+03
-2.6659143066e+03
-9.4992303467e+02
7.5391979980e+02
2.4465173340e+03
-2.6904843750e+03
-9.7388366699e+02
7.3052398682e+02
2.4236862793e+03
-2.7109206543e+03
-9.9377227783e+02
7.1117059326e+02
2.4048867188e+03
-2.7272761230e+03
-1.0096466675e+03
6.9576489258e+02
2.3899719238e+03
-2.7395292969e+03
-1.0215146484e+03
6.8427600098e+02
2.3788781738e+03
-2.7477001953e+03
-1.0294172363e+03
6.7663769531e+02
2.3715178223e+03
-2.7517829590e+03
-1.0333616943e+03
6.7282971191e+02
2.3678518066e+03
-2.7517829590e+03
-1.0333616943e+03
6.7282971191e+02
2.3678518066e+03
-2.7477001953e+03
-1.0294172363e+03
6.7663769531e+02
2.3715178223e+03
-2.7395292969e+03
-1.0215146484e+03
6.8427600098e+02
2.3788781738e+03
-2.7272761230e+03
-1.0096466675e+03
6.9576489258e+02
2.3899719238e+03
-2.7109206543e+03
-9.9377227783e+02
7.1117059326e+02
2.4048867188e+03
-2.6904843750e+03
-9.7388366699e+02
7.3052398682e+02
2.4236862793e+03
-2.6659143066e+03
-9.4992303467e+02
7.5391979980e+02
2.4465173340e+03
-2.6372731934e+03
-9.2190332031e+02
7.8136749268e+02
2.4734174805e+03
-2.6044245605e+03
-8.8980798340e+02
8.1287615967e+02
2.5045480957e+03
-2.5675009766e+03
-8.5375579834e+02
8.4830175781e+02
2.5396413574e+03
-2.5261271973e+03
-8.1409576416e+02
8.8708197021e+02
2.5787211914e+03
-2.4804589844e+03
-7.7120404053e+02
9.2787359619e+02
2.6198747559e+03
-2.4188081055e+03
-7.5976934814e+02
8.9177203369e+02
2.5399594727e+03
-2.4614580078e+03
-7.9875457764e+02
8.5480761719e+02
2.5017050781e+03
-2.5005546875e+03
-8.3573132324e+02
8.1870050049e+02
2.4647758789e+03
-2.5356398926e+03
-8.6980627441e+02
7.8521478271e+02
2.4313862305e+03
-2.5668403320e+03
-9.0025549316e+02
7.5531121826e+02
2.4017370605e+03
-2.5941398926e+03
-9.2695758057e+02
7.2912908936e+02
2.3760190430e+03
-2.6175178223e+03
-9.4977496338e+02
7.0683020020e+02
2.3542197266e+03
-2.6370046387e+03
-9.6876531982e+02
6.8832611084e+02
2.3362221680e+03
-2.6525783691e+03
-9.8389990234e+02
6.7362152100e+02
2.3219633789e+03
-2.6642619629e+03
-9.9523718262e+02
6.6262976074e+02
2.3113381348e+03
-2.6720451660e+03
-1.0027752686e+03
6.5533428955e+02
2.3042966309e+03
-2.6759379883e+03
-1.0065437012e+03
6.5169036865e+02
2.3007851562e+03
-2.6759379883e+03
-1.0065437012e+03
6.5169036865e+02
2.3007851562e+03
-2.6720451660e+03
-1.0027752686e+03
6.5533428955e+02
2.3042966309e+03
-2.6642619629e+03
-9.9523718262e+02
6.6262976074e+02
2.3113381348e+03
-2.6525783691e+03
-9.8389990234e+02
6.7362152100e+02
2.3219633789e+03
-2.6370046387e+03
-9.6876531982e+02
6.8832611084e+02
2.3362221680e+03
-2.6175178223e+03
-9.4977496338e+02
7.0683020020e+02
2.3542197266e+03
-2.5941398926e+03
-9.2695758057e+02
7.2912908936e+02
2.3760190430e+03
-2.5668403320e+03
-9.0025549316e+02
7.5531121826e+02
2.4017370605e+03
-2.5356398926e+03
-8.6980627441e+02
7.8521478271e+02
2.4313862305e+03
-2.5005546875e+03
-8.3573132324e+02
8.1870050049e+02
2.4647758789e+03
-2.4614580078e+03
-7.9875457764e+02
8.5480761719e+02
2.5017050781e+03
-2.4188081055e+03
-7.5976934814e+02
8.9177203369e+02
2.5399594727e+03
-2.3462275391e+03
-7.4685443115e+02
8.5018298340e+02
2.4467624512e+03
-2.3853046875e+03
-7.8131018066e+02
8.1763049316e+02
2.4119462891e+03
-2.4219575195e+03
-8.1519958496e+02
7.8452893066e+02
2.3773691406e+03
-2.4547983398e+03
-8.4693481445e+02
7.5332189941e+02
2.3460578613e+03
-2.4842309570e+03
-8.7554711914e+02
7.2518347168e+02
2.3180202637e+03
-2.5099082031e+03
-9.0066577148e+02
7.0052618408e+02
2.2937416992e+03
-2.5319812012e+03
-9.2222387695e+02
6.7942199707e+02
2.2730722656e+03
-2.5503400879e+03
-9.4013580322e+02
6.6194531250e+02
2.2560415039e+03
-2.5650437012e+03
-9.5445324707e+02
6.4800897217e+02
2.2425109863e+03
-2.5760585938e+03
-9.6515771484e+02
6.3761486816e+02
2.2324440918e+03
-2.5834062500e+03
-9.7229101562e+02
6.3069805908e+02
2.2257600098e+03
-2.5870771484e+03
-9.7585052490e+02
6.2725054932e+02
2.2224309082e+03
-2.5870771484e+03
-9.7585052490e+02
6.2725054932e+02
2.2224309082e+03
-2.5834062500e+03
-9.7229101562e+02
6.3069805908e+02
2.2257600098e+03
-2.5760585938e+03
-9.6515771484e+02
6.3761486816e+02
2.2324440918e+03
-2.5650437012e+03
-9.5445324707e+02
6.4800897217e+02
2.2425109863e+03
-2.5503400879e+03
-9.4013580322e+02
6.6194531250e+02
2.2560415039e+03
-2.5319812012e+03
-9.2222387695e+02
6.7942199707e+02
2.2730722656e+03
-2.5099082031e+03
-9.0066577148e+02
7.0052618408e+02
2.2937416992e+03
-2.4842309570e+03
-8.7554711914e+02
7.2518347168e+02
2.3180202637e+03
-2.4547983398e+03
-8.4693481445e+02
7.5332189941e+02
2.3460578613e+03
-2.4219575195e+03
-8.1519958496e+02
7.8452893066e+02
2.3773691406e+03
-2.3853046875e+03
-7.8131018066e+02
8.1763049316e+02
2.4119462891e+03
-2.3462275391e+03
-7.4685443115e+02
8.5018298340e+02
2.4467624512e+03
-2.2645585938e+03
-7.3095874023e+02
8.0301025391e+02
2.3418103027e+03
-2.2998034668e+03
-7.6043133545e+02
7.7534753418e+02
2.3106762695e+03
-2.3335256348e+03
-7.9089520264e+02
7.4567773438e+02
2.2788488770e+03
-2.3640534668e+03
-8.2013159180e+02
7.1693286133e+02
2.2496970215e+03
-2.3913798828e+03
-8.4663647461e+02
6.9086151123e+02
2.2235607910e+03
-2.4153630371e+03
-8.7009173584e+02
6.6780621338e+02
2.2007849121e+03
-2.4359223633e+03
-8.9018786621e+02
6.4811260986e+02
2.1814401855e+03
-2.4530788574e+03
-9.0696191406e+02
6.3171527100e+02
2.1654343262e+03
-2.4667924805e+03
-9.2033514404e+02
6.1867803955e+02
2.1527451172e+03
-2.4770852051e+03
-9.3036553955e+02
6.0891778564e+02
2.1432790527e+03
-2.4839418945e+03
-9.3703381348e+02
6.0244012451e+02
2.1370041504e+03
-2.4873720703e+03
-9.4036962891e+02
5.9920208740e+02
2.1338730469e+03
-2.4873720703e+03
-9.4036962891e+02
5.9920208740e+02
2.1338730469e+03
-2.4839418945e+03
-9.3703381348e+02
6.0244012451e+02
2.1370041504e+03
-2.4770852051e+03
-9.3036553955e+02
6.0891778564e+02
2.1432790527e+03
-2.4667924805e+03
-9.2033514404e+02
6.1867803955e+02
2.1527451172e+03
-2.4530788574e+03
-9.0696191406e+02
6.3171527100e+02
2.1654343262e+03
-2.4359223633e+03
-8.9018786621e+02
6.4811260986e+02
2.1814401855e+03
-2.4153630371e+03
-8.7009173584e+02
6.6780621338e+02
2.2007849121e+03
-2.3913798828e+03
-8.4663647461e+02
6.9086151123e+02
2.2235607910e+03
-2.3640534668e+03
-8.2013159180e+02
7.1693286133e+02
2.2496970215e+03
-2.3335256348e+03
-7.9089520264e+02
7.4567773438e+02
2.2788488770e+03
-2.2998034668e+03
-7.6043133545e+02
7.7534753418e+02
2.3106762695e+03
-2.2645585938e+03
-7.3095874023e+02
8.0301025391e+02
2.3418103027e+03
-2.1733940430e+03
-7.1436102295e+02
7.5219458008e+02
2.2262463379e+03
-2.2043337402e+03
-7.3839465332e+02
7.2982733154e+02
2.1992370605e+03
-2.2351926270e+03
-7.6517498779e+02
7.0372344971e+02
2.1702070312e+03
-2.2630217285e+03
-7.9159020996e+02
6.7772094727e+02
2.1435610352e+03
-2.2882683105e+03
-8.1592266846e+02
6.5373126221e+02
2.1193420410e+03
-2.3103183594e+03
-8.3747198486e+02
6.3251763916e+02
2.0983037109e+03
-2.3293322754e+03
-8.5607586670e+02
6.1424011230e+02
2.0803103027e+03
-2.3451503906e+03
-8.7155718994e+02
5.9907983398e+02
2.0654687500e+03
-2.3578317871e+03
-8.8395898438e+02
5.8695892334e+02
2.0536550293e+03
-2.3673317871e+03
-8.9323248291e+02
5.7791699219e+02
2.0448605957e+03
-2.3736713867e+03
-8.9941876221e+02
5.7189227295e+02
2.0390164795e+03
-2.3768386230e+03
-9.0250494385e+02
5.6889013672e+02
2.0361051025e+03
-2.3768386230e+03
-9.0250494385e+02
5.6889013672e+02
2.0361051025e+03
-2.3736713867e+03
-8.9941876221e+02
5.7189227295e+02
2.0390164795e+03
-2.3673317871e+03
-8.9323248291e+02
5.7791699219e+02
2.0448605957e+03
-2.3578317871e+03
-8.8395898438e+02
5.8695892334e+02
2.0536550293e+03
-2.3451503906e+03
-8.7155718994e+02
5.9907983398e+02
2.0654687500e+03
-2.3293322754e+03
-8.5607586670e+02
6.1424011230e+02
2.0803103027e+03
-2.3103183594e+03
-8.3747198486e+02
6.3251763916e+02
2.0983037109e+03
-2.2882683105e+03
-8.1592266846e+02
6.5373126221e+02
2.1193420410e+03
-2.2630217285e+03
-7.9159020996e+02
6.7772094727e+02
2.1435610352e+03
-2.2351926270e+03
-7.6517498779e+02
7.0372344971e+02
2.1702070312e+03
-2.2043337402e+03
-7.3839465332e+02
7.2982733154e+02
2.1992370605e+03
-2.1733940430e+03
-7.1436102295e+02
7.5219458008e+02
2.2262463379e+03
-2.0756223145e+03
-6.9404351807e+02
6.9668444824e+02
2.1020017090e+03
-2.1022514648e+03
-7.1242614746e+02
6.7986291504e+02
2.0791455078e+03
-2.1297280273e+03
-7.3530145264e+02
6.5769470215e+02
2.0532468262e+03
-2.1549855957e+03
-7.5892706299e+02
6.3445556641e+02
2.0290258789e+03
-2.1778349609e+03
-7.8084814453e+02
6.1285150146e+02
2.0069868164e+03
-2.1979855957e+03
-8.0053887939e+02
5.9343267822e+02
1.9876451416e+03
-2.2152934570e+03
-8.1747717285e+02
5.7677490234e+02
1.9711677246e+03
-2.2297587891e+03
-8.3167895508e+02
5.6283337402e+02
1.9574937744e+03
-2.2413271484e+03
-8.4300823975e+02
5.5173999023e+02
1.9466411133e+03
-2.2500148926e+03
-8.5152124023e+02
5.4341705322e+02
1.9385340576e+03
-2.2558032227e+03
-8.5717993164e+02
5.3789331055e+02
1.9331571045e+03
-2.2586994629e+03
-8.6001336670e+02
5.3512927246e+02
1.9304727783e+03
-2.2586994629e+03
-8.6001336670e+02
5.3512927246e+02
1.9304727783e+03
-2.2558032227e+03
-8.5717993164e+02
5.3789331055e+02
1.9331571045e+03
-2.2500148926e+03
-8.5152124023e+02
5.4341705322e+02
1.9385340576e+03
-2.2413271484e+03
-8.4300823975e+02
5.5173999023e+02
1.9466411133e+03
-2.2297587891e+03
-8.3167895508e+02
5.6283337402e+02
1.9574937744e+03
-2.2152934570e+03
-8.1747717285e+02
5.7677490234e+02
1.9711677246e+03
-2.1979855957e+03
-8.0053887939e+02
5.9343267822e+02
1.9876451416e+03
-2.1778349609e+03
-7.8084814453e+02
6.1285150146e+02
2.0069868164e+03
-2.1549855957e+03
-7.5892706299e+02
6.3445556641e+02
2.0290258789e+03
-2.1297280273e+03
-7.3530145264e+02
6.5769470215e+02
2.0532468262e+03
-2.1022514648e+03
-7.1242614746e+02
6.7986291504e+02
2.0791455078e+03
-2.0756223145e+03
-6.9404351807e+02
6.9668444824e+02
2.1020017090e+03
-1.9696035156e+03
-6.7429364014e+02
6.3982409668e+02
1.9699375000e+03
-1.9914956055e+03
-6.8673809814e+02
6.2879888916e+02
1.9515695801e+03
-2.0159682617e+03
-7.0565124512e+02
6.1045159912e+02
1.9286840820e+03
-2.0382680664e+03
-7.2616516113e+02
5.9023645020e+02
1.9072203369e+03
-2.0589067383e+03
-7.4577325439e+02
5.7083862305e+02
1.8872429199e+03
-2.0769726562e+03
-7.6337390137e+02
5.5345147705e+02
1.8698121338e+03
-2.0926218262e+03
-7.7871270752e+02
5.3831237793e+02
1.8548035889e+03
-2.1056506348e+03
-7.9150701904e+02
5.2572564697e+02
1.8424033203e+03
-2.1161088867e+03
-8.0179016113e+02
5.1562402344e+02
1.8325087891e+03
-2.1239462891e+03
-8.0948162842e+02
5.0808563232e+02
1.8251359863e+03
-2.1291784668e+03
-8.1462017822e+02
5.0305401611e+02
1.8202318115e+03
-2.1317927246e+03
-8.1718292236e+02
5.0054745483e+02
1.8177877197e+03
-2.1317927246e+03
-8.1718292236e+02
5.0054745483e+02
1.8177877197e+03
-2.1291784668e+03
-8.1462017822e+02
5.0305401611e+02
1.8202318115e+03
-2.1239462891e+03
-8.0948162842e+02
5.0808563232e+02
1.8251359863e+03
-2.1161088867e+03
-8.0179016113e+02
5.1562402344e+02
1.8325087891e+03
-2.1056506348e+03
-7.9150701904e+02
5.2572564697e+02
1.8424033203e+03
-2.0926218262e+03
-7.7871270752e+02
5.3831237793e+02
1.8548035889e+03
-2.0769726562e+03
-7.6337390137e+02
5.5345147705e+02
1.8698121338e+03
-2.0589067383e+03
-7.4577325439e+02
5.7083862305e+02
1.8872429199e+03
-2.0382680664e+03
-7.2616516113e+02
5.9023645020e+02
1.9072203369e+03
-2.0159682617e+03
-7.0565124512e+02
6.1045159912e+02
1.9286840820e+03
-1.9914956055e+03
-6.8673809814e+02
6.2879888916e+02
1.9515695801e+03
-1.9696035156e+03
-6.7429364014e+02
6.3982409668e+02
1.9699375000e+03
-1.8599243164e+03
-6.4950439453e+02
5.7879296875e+02
1.8323946533e+03
-1.8773883057e+03
-6.5606518555e+02
5.7350817871e+02
1.8183426514e+03
-1.8982215576e+03
-6.7083612061e+02
5.5933258057e+02
1.7987458496e+03
-1.9179117432e+03
-6.8852160645e+02
5.4192321777e+02
1.7797696533e+03
-1.9360410156e+03
-7.0557080078e+02
5.2508331299e+02
1.7621064453e+03
-1.9521469727e+03
-7.2127288818e+02
5.0953033447e+02
1.7464351807e+03
-1.9660341797e+03
-7.3486328125e+02
4.9610614014e+02
1.7330233154e+03
-1.9776646729e+03
-7.4633752441e+02
4.8478323364e+02
1.7218502197e+03
-1.9869768066e+03
-7.5550018311e+02
4.7576220703e+02
1.7129655762e+03
-1.9939747314e+03
-7.6240356445e+02
4.6897366333e+02
1.7063182373e+03
-1.9986395264e+03
-7.6699176025e+02
4.6446798706e+02
1.7019053955e+03
-2.0009741211e+03
-7.6929211426e+02
4.6221017456e+02
1.6997011719e+03
-2.0009741211e+03
-7.6929211426e+02
4.6221017456e+02
1.6997011719e+03
-1.9986395264e+03
-7.6699176025e+02
4.6446798706e+02
1.7019053955e+03
-1.9939747314e+03
-7.6240356445e+02
4.6897366333e+02
1.7063182373e+03
-1.9869768066e+03
-7.5550018311e+02
4.7576220703e+02
1.7129655762e+03
-1.9776646729e+03
-7.4633752441e+02
4.8478323364e+02
1.7218502197e+03
-1.9660341797e+03
-7.3486328125e+02
4.9610614014e+02
1.7330233154e+03
-1.9521469727e+03
-7.2127288818e+02
5.0953033447e+02
1.7464351807e+03
-1.9360410156e+03
-7.0557080078e+02
5.2508331299e+02
1.7621064453e+03
-1.9179117432e+03
-6.8852160645e+02
5.4192321777e+02
1.7797696533e+03
-1.8982215576e+03
-6.7083612061e+02
5.5933258057e+02
1.7987458496e+03
-1.8773883057e+03
-6.5606518555e+02
5.7350817871e+02
1.8183426514e+03
-1.8599243164e+03
-6.4950439453e+02
5.7879296875e+02
1.8323946533e+03
-1.7425689697e+03
-6.2726776123e+02
5.1901690674e+02
1.6896091309e+03
-1.7551531982e+03
-6.2779156494e+02
5.1969989014e+02
1.6800582275e+03
-1.7731333008e+03
-6.3869055176e+02
5.0929989624e+02
1.6634506836e+03
-1.7898078613e+03
-6.5315026855e+02
4.9505780029e+02
1.6473131104e+03
-1.8057625732e+03
-6.6794677734e+02
4.8035772705e+02
1.6316896973e+03
-1.8197972412e+03
-6.8151690674e+02
4.6690206909e+02
1.6179714355e+03
-1.8320341797e+03
-6.9352404785e+02
4.5498718262e+02
1.6060456543e+03
-1.8422410889e+03
-7.0357757568e+02
4.4504333496e+02
1.5961634521e+03
-1.8504483643e+03
-7.1169805908e+02
4.3701864624e+02
1.5882551270e+03
-1.8566038818e+03
-7.1777551270e+02
4.3102584839e+02
1.5823522949e+03
-1.8607153320e+03
-7.2184454346e+02
4.2701632690e+02
1.5784218750e+03
-1.8627703857e+03
-7.2387310791e+02
4.2501950073e+02
1.5764615479e+03
-1.8627703857e+03
-7.2387310791e+02
4.2501950073e+02
1.5764615479e+03
-1.8607153320e+03
-7.2184454346e+02
4.2701632690e+02
1.5784218750e+03
-1.8566038818e+03
-7.1777551270e+02
4.3102584839e+02
1.5823522949e+03
-1.8504483643e+03
-7.1169805908e+02
4.3701864624e+02
1.5882551270e+03
-1.8422410889e+03
-7.0357757568e+02
4.4504333496e+02
1.5961634521e+03
-1.8320341797e+03
-6.9352404785e+02
4.5498718262e+02
1.6060456543e+03
-1.8197972412e+03
-6.8151690674e+02
4.6690206909e+02
1.6179714355e+03
-1.8057625732e+03
-6.6794677734e+02
4.8035772705e+02
1.6316896973e+03
-1.7898078613e+03
-6.5315026855e+02
4.9505780029e+02
1.6473131104e+03
-1.7731333008e+03
-6.3869055176e+02
5.0929989624e+02
1.6634506836e+03
-1.7551531982e+03
-6.2779156494e+02
5.1969989014e+02
1.6800582275e+03
-1.7425689697e+03
-6.2726776123e+02
5.1901690674e+02
1.6896091309e+03
-1.6250894775e+03
-5.9774938965e+02
4.5512780762e+02
1.5442630615e+03
-1.6334714355e+03
-5.9260418701e+02
4.6120596313e+02
1.5389393311e+03
-1.6477205811e+03
-5.9927587891e+02
4.5494708252e+02
1.5255996094e+03
-1.6619323730e+03
-6.1112115479e+02
4.4324285889e+02
1.5118148193e+03
-1.6754490967e+03
-6.2335418701e+02
4.3112417603e+02
1.4985098877e+03
-1.6875887451e+03
-6.3512414551e+02
4.1939382935e+02
1.4865017090e+03
-1.6981375732e+03
-6.4541741943e+02
4.0916894531e+02
1.4761418457e+03
-1.7069981689e+03
-6.5420379639e+02
4.0044329834e+02
1.4674702148e+03
-1.7141104736e+03
-6.6123339844e+02
3.9347619629e+02
1.4605506592e+03
-1.7194598389e+03
-6.6655096436e+02
3.8821102905e+02
1.4553648682e+03
-1.7230299072e+03
-6.7008514404e+02
3.8471542358e+02
1.4519163818e+03
-1.7248166504e+03
-6.7186041260e+02
3.8296044922e+02
1.4501931152e+03
-1.7248166504e+03
-6.7186041260e+02
3.8296044922e+02
1.4501931152e+03
-1.7230299072e+03
-6.7008514404e+02
3.8471542358e+02
1.4519163818e+03
-1.7194598389e+03
-6.6655096436e+02
3.8821102905e+02
1.4553648682e+03
-1.7141104736e+03
-6.6123339844e+02
3.9347619629e+02
1.4605506592e+03
-1.7069981689e+03
-6.5420379639e+02
4.0044329834e+02
1.4674702148e+03
-1.6981375732e+03
-6.4541741943e+02
4.0916894531e+02
1.4761418457e+03
-1.6875887451e+03
-6.3512414551e+02
4.1939382935e+02
1.4865017090e+03
-1.6754490967e+03
-6.2335418701e+02
4.3112417603e+02
1.4985098877e+03
-1.6619323730e+03
-6.1112115479e+02
4.4324285889e+02
1.5118148193e+03
-1.6477205811e+03
-5.9927587891e+02
4.5494708252e+02
1.5255996094e+03
-1.6334714355e+03
-5.9260418701e+02
4.6120596313e+02
1.5389393311e+03
-1.6250894775e+03
-5.9774938965e+02
4.5512780762e+02
1.5442630615e+03
-1.4991590576e+03
-5.7389349365e+02
3.9511080933e+02
1.3960281982e+03
-1.5027968750e+03
-5.6291723633e+02
4.0716906738e+02
1.3948314209e+03
-1.5146212158e+03
-5.6625946045e+02
4.0438116455e+02
1.3841721191e+03
-1.5259826660e+03
-5.7491455078e+02
3.9595013428e+02
1.3731508789e+03
-1.5374901123e+03
-5.8513702393e+02
3.8575588989e+02
1.3617039795e+03
-1.5477338867e+03
-5.9487786865e+02
3.7607333374e+02
1.3515454102e+03
-1.5567525635e+03
-6.0371606445e+02
3.6725872803e+02
1.3425989990e+03
-1.5643068848e+03
-6.1116674805e+02
3.5984930420e+02
1.3351430664e+03
-1.5703953857e+03
-6.1723162842e+02
3.5382025146e+02
1.3291563721e+03
-1.5749716797e+03
-6.2177642822e+02
3.4931036377e+02
1.3246740723e+03
-1.5780294189e+03
-6.2482934570e+02
3.4628280640e+02
1.3216866455e+03
-1.5795595703e+03
-6.2635070801e+02
3.4477520752e+02
1.3201943359e+03
-1.5795595703e+03
-6.2635070801e+02
3.4477520752e+02
1.3201943359e+03
-1.5780294189e+03
-6.2482934570e+02
3.4628280640e+02
1.3216866455e+03
-1.5749716797e+03
-6.2177642822e+02
3.4931036377e+02
1.3246740723e+03
-1.5703953857e+03
-6.1723162842e+02
3.5382025146e+02
1.3291563721e+03
-1.5643068848e+03
-6.1116674805e+02
3.5984930420e+02
1.3351430664e+03
-1.5567525635e+03
-6.0371606445e+02
3.6725872803e+02
1.3425989990e+03
-1.5477338867e+03
-5.9487786865e+02
3.7607333374e+02
1.3515454102e+03
-1.5374901123e+03
-5.8513702393e+02
3.8575588989e+02
1.3617039795e+03
-1.5259826660e+03
-5.7491455078e+02
3.9595013428e+02
1.3731508789e+03
-1.5146212158e+03
-5.6625946045e+02
4.0438116455e+02
1.3841721191e+03
-1.5027968750e+03
-5.6291723633e+02
4.0716906738e+02
1.3948314209e+03
-1.4991590576e+03
-5.7389349365e+02
3.9511080933e+02
1.3960281982e+03
-1.3777122803e+03
-5.3888110352e+02
3.3083779907e+02
1.2472135010e+03
-1.3776347656e+03
-5.2300012207e+02
3.4723245239e+02
1.2500263672e+03
-1.3857777100e+03
-5.2201641846e+02
3.4829211426e+02
1.2425699463e+03
-1.3949150391e+03
-5.2850177002e+02
3.4173706055e+02
1.2336074219e+03
-1.4042443848e+03
-5.3630426025e+02
3.3395718384e+02
1.2243665771e+03
-1.4127612305e+03
-5.4445275879e+02
3.2575601196e+02
1.2158009033e+03
-1.4202796631e+03
-5.5172283936e+02
3.1847613525e+02
1.2082851562e+03
-1.4266248779e+03
-5.5804162598e+02
3.1215206909e+02
1.2019577637e+03
-1.4317470703e+03
-5.6311755371e+02
3.0708090210e+02
1.1968748779e+03
-1.4356040039e+03
-5.6698162842e+02
3.0322503662e+02
1.1930583496e+03
-1.4381850586e+03
-5.6955090332e+02
3.0066287231e+02
1.1905122070e+03
-1.4394765625e+03
-5.7084515381e+02
2.9937310791e+02
1.1892396240e+03
-1.4394765625e+03
-5.7084515381e+02
2.9937310791e+02
1.1892396240e+03
-1.4381850586e+03
-5.6955090332e+02
3.0066287231e+02
1.1905122070e+03
-1.4356040039e+03
-5.6698162842e+02
3.0322503662e+02
1.1930583496e+03
-1.4317470703e+03
-5.6311755371e+02
3.0708090210e+02
1.1968748779e+03
-1.4266248779e+03
-5.5804162598e+02
3.1215206909e+02
1.2019577637e+03
-1.4202796631e+03
-5.5172283936e+02
3.1847613525e+02
1.2082851562e+03
-1.4127612305e+03
-5.4445275879e+02
3.2575601196e+02
1.2158009033e+03
-1.4042443848e+03
-5.3630426025e+02
3.3395718384e+02
1.2243665771e+03
-1.3949150391e+03
-5.2850177002e+02
3.4173706055e+02
1.2336074219e+03
-1.3857777100e+03
-5.2201641846e+02
3.4829211426e+02
1.2425699463e+03
-1.3776347656e+03
-5.2300012207e+02
3.4723245239e+02
1.2500263672e+03
-1.3777122803e+03
-5.3888110352e+02
3.3083779907e+02
1.2472135010e+03
-1.2446685791e+03
-5.1477868652e+02
2.7253482056e+02
1.0981950684e+03
-1.2403247070e+03
-4.9324966431e+02
2.9509649658e+02
1.1042860107e+03
-1.2466916504e+03
-4.9005978394e+02
2.9910910034e+02
1.0987707520e+03
-1.2534610596e+03
-4.9354174805e+02
2.9602310181e+02
1.0923026123e+03
-1.2610440674e+03
-4.9969546509e+02
2.8990951538e+02
1.0846046143e+03
-1.2679871826e+03
-5.0606402588e+02
2.8360119629e+02
1.0776044922e+03
-1.2742033691e+03
-5.1210345459e+02
2.7757128906e+02
1.0713419189e+03
-1.2794582520e+03
-5.1726617432e+02
2.7242453003e+02
1.0660615234e+03
-1.2837081299e+03
-5.2152209473e+02
2.6817996216e+02
1.0618057861e+03
-1.2869182129e+03
-5.2472119141e+02
2.6499243164e+02
1.0586014404e+03
-1.2890639648e+03
-5.2688171387e+02
2.6284136963e+02
1.0564639893e+03
-1.2901407471e+03
-5.2795819092e+02
2.6176980591e+02
1.0553931885e+03
-1.2901407471e+03
-5.2795819092e+02
2.6176980591e+02
1.0553931885e+03
-1.2890639648e+03
-5.2688171387e+02
2.6284136963e+02
1.0564639893e+03
-1.2869182129e+03
-5.2472119141e+02
2.6499243164e+02
1.0586014404e+03
-1.2837081299e+03
-5.2152209473e+02
2.6817996216e+02
1.0618057861e+03
-1.2794582520e+03
-5.1726617432e+02
2.7242453003e+02
1.0660615234e+03
-1.2742033691e+03
-5.1210345459e+02
2.7757128906e+02
1.0713419189e+03
-1.2679871826e+03
-5.0606402588e+02
2.8360119629e+02
1.0776044922e+03
-1.2610440674e+03
-4.9969546509e+02
2.8990951538e+02
1.0846046143e+03
-1.2534610596e+03
-4.9354174805e+02
2.9602310181e+02
1.0923026123e+03
-1.2466916504e+03
-4.9005978394e+02
2.9910910034e+02
1.0987707520e+03
-1.2403247070e+03
-4.9324966431e+02
2.9509649658e+02
1.1042860107e+03
-1.2446685791e+03
-5.1477868652e+02
2.7253482056e+02
1.0981950684e+03
-1.1227307129e+03
-4.7233837891e+02
2.1002807617e+02
9.4871893311e+02
-1.1152038574e+03
-4.4772647095e+02
2.3478105164e+02
9.5863616943e+02
-1.1181577148e+03
-4.3995108032e+02
2.4210505676e+02
9.5646411133e+02
-1.1228491211e+03
-4.4186868286e+02
2.3977864075e+02
9.5173553467e+02
-1.1286776123e+03
-4.4596270752e+02
2.3560414124e+02
9.4599078369e+02
-1.1341656494e+03
-4.5104571533e+02
2.3040193176e+02
9.4045867920e+02
-1.1391665039e+03
-4.5578045654e+02
2.2560768127e+02
9.3540423584e+02
-1.1434246826e+03
-4.6002301025e+02
2.2132240295e+02
9.3111706543e+02
-1.1469050293e+03
-4.6346307373e+02
2.1785656738e+02
9.2762506104e+02
-1.1495312500e+03
-4.6610922241e+02
2.1519671631e+02
9.2499682617e+02
-1.1512995605e+03
-4.6787142944e+02
2.1342538452e+02
9.2323236084e+02
-1.1521837158e+03
-4.6876324463e+02
2.1253041077e+02
9.2235052490e+02
-1.1521837158e+03
-4.6876324463e+02
2.1253041077e+02
9.2235052490e+02
-1.1512995605e+03
-4.6787142944e+02
2.1342538452e+02
9.2323236084e+02
-1.1495312500e+03
-4.6610922241e+02
2.1519671631e+02
9.2499682617e+02
-1.1469050293e+03
-4.6346307373e+02
2.1785656738e+02
9.2762506104e+02
-1.1434246826e+03
-4.6002301025e+02
2.2132240295e+02
9.3111706543e+02
-1.1391665039e+03
-4.5578045654e+02
2.2560768127e+02
9.3540423584e+02
-1.1341656494e+03
-4.5104571533e+02
2.3040193176e+02
9.4045867920e+02
-1.1286776123e+03
-4.4596270752e+02
2.3560414124e+02
9.4599078369e+02
-1.1228491211e+03
-4.4186868286e+02
2.3977864075e+02
9.5173553467e+02
-1.1181577148e+03
-4.3995108032e+02
2.4210505676e+02
9.5646411133e+02
-1.1152038574e+03
-4.4772647095e+02
2.3478105164e+02
9.5863616943e+02
-1.1227307129e+03
-4.7233837891e+02
2.1002807617e+02
9.4871893311e+02
-9.8243395996e+02
-4.5035296631e+02
1.5524397278e+02
8.0248297119e+02
-9.7181237793e+02
-4.1932388306e+02
1.8702098083e+02
8.1423822021e+02
-9.7362841797e+02
-4.1102081299e+02
1.9652770996e+02
8.1256958008e+02
-9.7695184326e+02
-4.1036141968e+02
1.9792561340e+02
8.0965093994e+02
-9.8145324707e+02
-4.1316784668e+02
1.9526345825e+02
8.0505841064e+02
-9.8581451416e+02
-4.1684286499e+02
1.9170515442e+02
8.0057843018e+02
-9.8984515381e+02
-4.2063735962e+02
1.8795117188e+02
7.9651031494e+02
-9.9331903076e+02
-4.2398806763e+02
1.8463801575e+02
7.9299926758e+02
-9.9614373779e+02
-4.2680862427e+02
1.8183999634e+02
7.9016064453e+02
-9.9829815674e+02
-4.2894515991e+02
1.7972041321e+02
7.8799993896e+02
-9.9973895264e+02
-4.3040084839e+02
1.7827754211e+02
7.8655804443e+02
-1.0004659424e+03
-4.3112670898e+02
1.7755758667e+02
7.8583209229e+02
-1.0004659424e+03
-4.3112670898e+02
1.7755758667e+02
7.8583209229e+02
-9.9973895264e+02
-4.3040084839e+02
1.7827754211e+02
7.8655804443e+02
-9.9829815674e+02
-4.2894515991e+02
1.7972041321e+02
7.8799993896e+02
-9.9614373779e+02
-4.2680862427e+02
1.8183999634e+02
7.9016064453e+02
-9.9331903076e+02
-4.2398806763e+02
1.8463801575e+02
7.9299926758e+02
-9.8984515381e+02
-4.2063735962e+02
1.8795117188e+02
7.9651031494e+02
-9.8581451416e+02
-4.1684286499e+02
1.9170515442e+02
8.0057843018e+02
-9.8145324707e+02
-4.1316784668e+02
1.9526345825e+02
8.0505841064e+02
-9.7695184326e+02
-4.1036141968e+02
1.9792561340e+02
8.0965093994e+02
-9.7362841797e+02
-4.1102081299e+02
1.9652770996e+02
8.1256958008e+02
-9.7181237793e+02
-4.1932388306e+02
1.8702098083e+02
8.1423822021e+02
-9.8243395996e+02
-4.5035296631e+02
1.5524397278e+02
8.0248297119e+02
-8.6307482910e+02
-3.9684417725e+02
9.5167686462e+01
6.5556811523e+02
-8.4912304688e+02
-3.6698596191e+02
1.2541153717e+02
6.7099627686e+02
-8.4843988037e+02
-3.5407708740e+02
1.3757295227e+02
6.7326074219e+02
-8.4955120850e+02
-3.5251797485e+02
1.3842143250e+02
6.7207922363e+02
-8.5272314453e+02
-3.5398513794e+02
1.3680049133e+02
6.6895690918e+02
-8.5597369385e+02
-3.5682150269e+02
1.3382635498e+02
6.6582690430e+02
-8.5913201904e+02
-3.5972317505e+02
1.3087487793e+02
6.6267474365e+02
-8.6186437988e+02
-3.6243972778e+02
1.2810945129e+02
6.5997454834e+02
-8.6415167236e+02
-3.6468719482e+02
1.2583901978e+02
6.5771014404e+02
-8.6588732910e+02
-3.6644113159e+02
1.2407062531e+02
6.5600427246e+02
-8.6706976318e+02
-3.6761495972e+02
1.2288861847e+02
6.5484588623e+02
-8.6766070557e+02
-3.6821255493e+02
1.2228801727e+02
6.5426806641e+02
-8.6766070557e+02
-3.6821255493e+02
1.2228801727e+02
6.5426806641e+02
-8.6706976318e+02
-3.6761495972e+02
1.2288861847e+02
6.5484588623e+02
-8.6588732910e+02
-3.6644113159e+02
1.2407062531e+02
6.5600427246e+02
-8.6415167236e+02
-3.6468719482e+02
1.2583901978e+02
6.5771014404e+02
-8.6186437988e+02
-3.6243972778e+02
1.2810945129e+02
6.5997454834e+02
-8.5913201904e+02
-3.5972317505e+02
1.3087487793e+02
6.6267474365e+02
-8.5597369385e+02
-3.5682150269e+02
1.3382635498e+02
6.6582690430e+02
-8.5272314453e+02
-3.5398513794e+02
1.3680049133e+02
6.6895690918e+02
-8.4955120850e+02
-3.5251797485e+02
1.3842143250e+02
6.7207922363e+02
-8.4843988037e+02
-3.5407708740e+02
1.3757295227e+02
6.7326074219e+02
-8.4912304688e+02
-3.6698596191e+02
1.2541153717e+02
6.7099627686e+02
-8.6307482910e+02
-3.9684417725e+02
9.5167686462e+01
6.5556811523e+02
-7.1348895264e+02
-3.8077484131e+02
4.7533535004e+01
5.1037677002e+02
-6.9984997559e+02
-3.4110400391e+02
8.6553237915e+01
5.2597088623e+02
-6.9804333496e+02
-3.2876330566e+02
9.9557273865e+01
5.2640704346e+02
-6.9926757812e+02
-3.2529406738e+02
1.0369573212e+02
5.2539154053e+02
-7.0181420898e+02
-3.2563418579e+02
1.0347519684e+02
5.2299200439e+02
-7.0447766113e+02
-3.2742095947e+02
1.0179663086e+02
5.2017694092e+02
-7.0704101562e+02
-3.2962445068e+02
9.9595642090e+01
5.1760498047e+02
-7.0931079102e+02
-3.3172915649e+02
9.7530868530e+01
5.1529394531e+02
-7.1115771484e+02
-3.3354827881e+02
9.5719841003e+01
5.1343737793e+02
-7.1257006836e+02
-3.3494577026e+02
9.4334938049e+01
5.1199642944e+02
-7.1350628662e+02
-3.3590243530e+02
9.3380516052e+01
5.1103839111e+02
-7.1397863770e+02
-3.3638012695e+02
9.2904525757e+01
5.1055081177e+02
-7.1397863770e+02
-3.3638012695e+02
9.2904525757e+01
5.1055081177e+02
-7.1350628662e+02
-3.3590243530e+02
9.3380516052e+01
5.1103839111e+02
-7.1257006836e+02
-3.3494577026e+02
9.4334938049e+01
5.1199642944e+02
-7.1115771484e+02
-3.3354827881e+02
9.5719841003e+01
5.1343737793e+02
-7.0931079102e+02
-3.3172915649e+02
9.7530868530e+01
5.1529394531e+02
-7.0704101562e+02
-3.2962445068e+02
9.9595642090e+01
5.1760498047e+02
-7.0447766113e+02
-3.2742095947e+02
1.0179663086e+02
5.2017694092e+02
-7.0181420898e+02
-3.2563418579e+02
1.0347519684e+02
5.2299200439e+02
-6.9926757812e+02
-3.2529406738e+02
1.0369573212e+02
5.2539154053e+02
-6.9804333496e+02
-3.2876330566e+02
9.9557273865e+01
5.2640704346e+02
-6.9984997559e+02
-3.4110400391e+02
8.6553237915e+01
5.2597088623e+02
-7.1348895264e+02
-3.8077484131e+02
4.7533535004e+01
5.1037677002e+02
-6.0289996338e+02
-3.0836270142e+02
-1.1963085175e+01
3.7699374390e+02
-5.8223089600e+02
-2.7826544189e+02
2.0350816727e+01
3.9436267090e+02
-5.7985388184e+02
-2.6404434204e+02
3.5576686859e+01
3.9941717529e+02
-5.7870684814e+02
-2.6073254395e+02
3.9108257294e+01
4.0093765259e+02
-5.8017443848e+02
-2.6100363159e+02
3.9030769348e+01
3.9924063110e+02
-5.8193737793e+02
-2.6267849731e+02
3.7349830627e+01
3.9748165894e+02
-5.8378753662e+02
-2.6457901001e+02
3.5454036713e+01
3.9538580322e+02
-5.8529504395e+02
-2.6631964111e+02
3.3579837799e+01
3.9356796265e+02
-5.8649792480e+02
-2.6773867798e+02
3.2035694122e+01
3.9194705200e+02
-5.8735461426e+02
-2.6880920410e+02
3.0817695618e+01
3.9072073364e+02
-5.8791644287e+02
-2.6951403809e+02
3.0011178970e+01
3.8986343384e+02
-5.8818817139e+02
-2.6986639404e+02
2.9598510742e+01
3.8943750000e+02
-5.8818817139e+02
-2.6986639404e+02
2.9598510742e+01
3.8943750000e+02
-5.8791644287e+02
-2.6951403809e+02
3.0011178970e+01
3.8986343384e+02
-5.8735461426e+02
-2.6880920410e+02
3.0817695618e+01
3.9072073364e+02
-5.8649792480e+02
-2.6773867798e+02
3.2035694122e+01
3.9194705200e+02
-5.8529504395e+02
-2.6631964111e+02
3.3579837799e+01
3.9356796265e+02
-5.8378753662e+02
-2.6457901001e+02
3.5454036713e+01
3.9538580322e+02
-5.8193737793e+02
-2.6267849731e+02
3.7349830627e+01
3.9748165894e+02
-5.8017443848e+02
-2.6100363159e+02
3.9030769348e+01
3.9924063110e+02
-5.7870684814e+02
-2.6073254395e+02
3.9108257294e+01
4.0093765259e+02
-5.7985388184e+02
-2.6404434204e+02
3.5576686859e+01
3.9941717529e+02
-5.8223089600e+02
-2.7826544189e+02
2.0350816727e+01
3.9436267090e+02
-6.0289996338e+02
-3.0836270142e+02
-1.1963085175e+01
3.7699374390e+02
-4.3222766113e+02
-3.1799850464e+02
-4.9384899139e+01
2.2310780334e+02
-4.2241644287e+02
-2.7104467773e+02
-6.5728592873e+00
2.4350691223e+02
-4.1963763428e+02
-2.5347087097e+02
7.5634379387e+00
2.4520401001e+02
-4.2024957275e+02
-2.4811550903e+02
1.0611321449e+01
2.4388606262e+02
-4.2144177246e+02
-2.4691831970e+02
1.0354255676e+01
2.4179722595e+02
-4.2236968994e+02
-2.4723931885e+02
8.8797855377e+00
2.3910675049e+02
-4.2282437134e+02
-2.4791329956e+02
7.1393656731e+00
2.3658232117e+02
-4.2305255127e+02
-2.4863545227e+02
5.5844545364e+00
2.3425228882e+02
-4.2311026001e+02
-2.4923808289e+02
4.2736392021e+00
2.3240605164e+02
-4.2311157227e+02
-2.4969885254e+02
3.3206837177e+00
2.3096620178e+02
-4.2308694458e+02
-2.5000114441e+02
2.6723132133e+00
2.3002899170e+02
-4.2307104492e+02
-2.5015260315e+02
2.3594346046e+00
2.2954946899e+02
-4.2307104492e+02
-2.5015260315e+02
2.3594346046e+00
2.2954946899e+02
-4.2308694458e+02
-2.5000114441e+02
2.6723132133e+00
2.3002899170e+02
-4.2311157227e+02
-2.4969885254e+02
3.3206837177e+00
2.3096620178e+02
-4.2311026001e+02
-2.4923808289e+02
4.2736392021e+00
2.3240605164e+02
-4.2305255127e+02
-2.4863545227e+02
5.5844545364e+00
2.3425228882e+02
-4.2282437134e+02
-2.4791329956e+02
7.1393656731e+00
2.3658232117e+02
-4.2236968994e+02
-2.4723931885e+02
8.8797855377e+00
2.3910675049e+02
-4.2144177246e+02
-2.4691831970e+02
1.0354255676e+01
2.4179722595e+02
-4.2024957275e+02
-2.4811550903e+02
1.0611321449e+01
2.4388606262e+02
-4.1963763428e+02
-2.5347087097e+02
7.5634379387e+00
2.4520401001e+02
-4.2241644287e+02
-2.7104467773e+02
-6.5728592873e+00
2.4350691223e+02
-4.3222766113e+02
-3.1799850464e+02
-4.9384899139e+01
2.2310780334e+02
-3.7320001221e+02
-1.6798367310e+02
-9.5428298950e+01
1.1455865479e+02
-3.4526147461e+02
-1.4496054077e+02
-6.5125488281e+01
1.2158287811e+02
-3.3846054077e+02
-1.3971858215e+02
-5.4738880157e+01
1.1842346191e+02
-3.3155374146e+02
-1.3879876709e+02
-5.1158733368e+01
1.1551298523e+02
-3.2774853516e+02
-1.3835627747e+02
-5.1041816711e+01
1.1093337250e+02
-3.2417962646e+02
-1.3844660950e+02
-5.1803146362e+01
1.0709968567e+02
-3.2186392212e+02
-1.3844609070e+02
-5.2824462891e+01
1.0384013367e+02
-3.2004031372e+02
-1.3845945740e+02
-5.3702610016e+01
1.0138877106e+02
-3.1883096313e+02
-1.3841601562e+02
-5.4390926361e+01
9.9513252258e+01
-3.1798452759e+02
-1.3837568665e+02
-5.4903179169e+01
9.8220695496e+01
-3.1748196411e+02
-1.3834004211e+02
-5.5224193573e+01
9.7375984192e+01
-3.1723791504e+02
-1.3832075500e+02
-5.5388103485e+01
9.6974349976e+01
-3.1723791504e+02
-1.3832075500e+02
-5.5388103485e+01
9.6974349976e+01
-3.1748196411e+02
-1.3834004211e+02
-5.5224193573e+01
9.7375984192e+01
-3.1798452759e+02
-1.3837568665e+02
-5.4903179169e+01
9.8220695496e+01
-3.1883096313e+02
-1.3841601562e+02
-5.4390926361e+01
9.9513252258e+01
-3.2004031372e+02
-1.3845945740e+02
-5.3702610016e+01
1.0138877106e+02
-3.2186392212e+02
-1.3844609070e+02
-5.2824462891e+01
1.0384013367e+02
-3.2417962646e+02
-1.3844660950e+02
-5.1803146362e+01
1.0709968567e+02
-3.2774853516e+02
-1.3835627747e+02
-5.1041816711e+01
1.1093337250e+02
-3.3155374146e+02
-1.3879876709e+02
-5.1158733368e+01
1.1551298523e+02
-3.3846054077e+02
-1.3971858215e+02
-5.4738880157e+01
1.1842346191e+02
-3.4526147461e+02
-1.4496054077e+02
-6.5125488281e+01
1.2158287811e+02
-3.7320001221e+02
-1.6798367310e+02
-9.5428298950e+01
1.1455865479e+02
-1.4994244385e+02
-3.6913067627e+02
-1.2182846832e+02
4.1189876556e+01
-1.2830845642e+02
-3.2226995850e+02
-1.1461988068e+02
3.9136951447e+01
-1.1640773010e+02
-2.8905511475e+02
-1.0345503235e+02
4.0693851471e+01
-1.1052952576e+02
-2.7044989014e+02
-1.0045503235e+02
4.0674282074e+01
-1.0448163605e+02
-2.6127178955e+02
-9.8253967285e+01
3.8481876373e+01
-1.0176871490e+02
-2.5553292847e+02
-9.8158210754e+01
3.6973316193e+01
-9.9216918945e+01
-2.5270878601e+02
-9.7795791626e+01
3.5607425690e+01
-9.7999320984e+01
-2.5077479553e+02
-9.7915634155e+01
3.4767047882e+01
-9.6917907715e+01
-2.4983927917e+02
-9.7879943848e+01
3.4066360474e+01
-9.6394065857e+01
-2.4919856262e+02
-9.7984992981e+01
3.3668262482e+01
-9.5993400574e+01
-2.4892408752e+02
-9.8007080078e+01
3.3377479553e+01
-9.5847084045e+01
-2.4877737427e+02
-9.8047325134e+01
3.3260208130e+01
-9.5847084045e+01
-2.4877737427e+02
-9.8047325134e+01
3.3260208130e+01
-9.5993400574e+01
-2.4892408752e+02
-9.8007080078e+01
3.3377479553e+01
-9.6394065857e+01
-2.4919856262e+02
-9.7984992981e+01
3.3668262482e+01
-9.6917907715e+01
-2.4983927917e+02
-9.7879943848e+01
3.4066360474e+01
-9.7999320984e+01
-2.5077479553e+02
-9.7915634155e+01
3.4767047882e+01
-9.9216918945e+01
-2.5270878601e+02
-9.7795791626e+01
3.5607425690e+01
-1.0176871490e+02
-2.5553292847e+02
-9.8158210754e+01
3.6973316193e+01
-1.0448163605e+02
-2.6127178955e+02
-9.8253967285e+01
3.8481876373e+01
-1.1052952576e+02
-2.7044989014e+02
-1.0045503235e+02
4.0674282074e+01
-1.1640773010e+02
-2.8905511475e+02
-1.0345503235e+02
4.0693851471e+01
-1.2830845642e+02
-3.2226995850e+02
-1.1461988068e+02
3.9136951447e+01
-1.4994244385e+02
-3.6913067627e+02
-1.2182846832e+02
4.1189876556e+01
