-5.8801380157e+01
-2.3537916565e+02
-1.4367770386e+02
1.8598623276e+01
-5.6521991730e+01
-2.3094459534e+02
-1.5162680054e+02
1.0840805054e+01
-5.3870304108e+01
-2.2132170105e+02
-1.4877261353e+02
1.0791788101e+01
-5.3535377502e+01
-2.1550314331e+02
-1.4808718872e+02
8.4557600021e+00
-5.1510650635e+01
-2.1212568665e+02
-1.4721971130e+02
7.3761672974e+00
-5.0835079193e+01
-2.0968986511e+02
-1.4677435303e+02
6.2209453583e+00
-4.9842220306e+01
-2.0825251770e+02
-1.4634652710e+02
5.6731967926e+00
-4.9411468506e+01
-2.0713648987e+02
-1.4604165649e+02
5.1969709396e+00
-4.8955516815e+01
-2.0645639038e+02
-1.4579409790e+02
4.9336485863e+00
-4.8737529755e+01
-2.0595336914e+02
-1.4562648010e+02
4.7401552200e+00
-4.8558662415e+01
-2.0567483521e+02
-1.4551448059e+02
4.6344065666e+00
-4.8492820740e+01
-2.0552981567e+02
-1.4546208191e+02
4.5816912651e+00
-4.8492820740e+01
-2.0552981567e+02
-1.4546208191e+02
4.5816912651e+00
-4.8558662415e+01
-2.0567483521e+02
-1.4551448059e+02
4.6344065666e+00
-4.8737529755e+01
-2.0595336914e+02
-1.4562648010e+02
4.7401552200e+00
-4.8955516815e+01
-2.0645639038e+02
-1.4579409790e+02
4.9336485863e+00
-4.9411468506e+01
-2.0713648987e+02
-1.4604165649e+02
5.1969709396e+00
-4.9842220306e+01
-2.0825251770e+02
-1.4634652710e+02
5.6731967926e+00
-5.0835079193e+01
-2.0968986511e+02
-1.4677435303e+02
6.2209453583e+00
-5.1510650635e+01
-2.1212568665e+02
-1.4721971130e+02
7.3761672974e+00
-5.3535377502e+01
-2.1550314331e+02
-1.4808718872e+02
8.4557600021e+00
-5.3870304108e+01
-2.2132170105e+02
-1.4877261353e+02
1.0791788101e+01
-5.6521991730e+01
-2.3094459534e+02
-1.5162680054e+02
1.0840805054e+01
-5.8801380157e+01
-2.3537916565e+02
-1.4367770386e+02
1.8598623276e+01
-2.1747789001e+02
-9.6955718994e+01
-5.8733669281e+01
-1.2538451195e+01
-2.1306979370e+02
-9.8754013062e+01
-6.0431503296e+01
-1.7127664566e+01
-2.1298141479e+02
-1.0179200745e+02
-6.3018772125e+01
-2.2120523453e+01
-2.1098643494e+02
-1.0269197083e+02
-6.3784099579e+01
-2.4349422455e+01
-2.0974775696e+02
-1.0301374054e+02
-6.4664062500e+01
-2.6843374252e+01
-2.0805671692e+02
-1.0309587860e+02
-6.5264602661e+01
-2.8326688766e+01
-2.0688591003e+02
-1.0296984100e+02
-6.5667541504e+01
-2.9573348999e+01
-2.0581579590e+02
-1.0284101868e+02
-6.5941810608e+01
-3.0344305038e+01
-2.0508319092e+02
-1.0267427063e+02
-6.6094291687e+01
-3.0945398331e+01
-2.0452131653e+02
-1.0255550385e+02
-6.6202598572e+01
-3.1310537338e+01
-2.0418359375e+02
-1.0246132660e+02
-6.6253349304e+01
-3.1556674957e+01
-2.0401017761e+02
-1.0241796875e+02
-6.6281814575e+01
-3.1664293289e+01
-2.0401017761e+02
-1.0241796875e+02
-6.6281814575e+01
-3.1664293289e+01
-2.0418359375e+02
-1.0246132660e+02
-6.6253349304e+01
-3.1556674957e+01
-2.0452131653e+02
-1.0255550385e+02
-6.6202598572e+01
-3.1310537338e+01
-2.0508319092e+02
-1.0267427063e+02
-6.6094291687e+01
-3.0945398331e+01
-2.0581579590e+02
-1.0284101868e+02
-6.5941810608e+01
-3.0344305038e+01
-2.0688591003e+02
-1.0296984100e+02
-6.5667541504e+01
-2.9573348999e+01
-2.0805671692e+02
-1.0309587860e+02
-6.5264602661e+01
-2.8326688766e+01
-2.0974775696e+02
-1.0301374054e+02
-6.4664062500e+01
-2.6843374252e+01
-2.1098643494e+02
-1.0269197083e+02
-6.3784099579e+01
-2.4349422455e+01
-2.1298141479e+02
-1.0179200745e+02
-6.3018772125e+01
-2.2120523453e+01
-2.1306979370e+02
-9.8754013062e+01
-6.0431503296e+01
-1.7127664566e+01
-2.1747789001e+02
-9.6955718994e+01
-5.8733669281e+01
-1.2538451195e+01
-2.2865214539e+02
-1.5915917969e+02
-5.3029449463e+01
4.1966300964e+01
-2.3220198059e+02
-1.5266926575e+02
-4.6327209473e+01
4.2811676025e+01
-2.3335237122e+02
-1.5244966125e+02
-4.6540241241e+01
4.1480850220e+01
-2.3529237366e+02
-1.5352925110e+02
-4.7978202820e+01
3.9300373077e+01
-2.3626577759e+02
-1.5444531250e+02
-4.9212791443e+01
3.8008361816e+01
-2.3697528076e+02
-1.5510569763e+02
-5.0232360840e+01
3.6593509674e+01
-2.3713323975e+02
-1.5556126404e+02
-5.1063732147e+01
3.5590023041e+01
-2.3718370056e+02
-1.5581237793e+02
-5.1649330139e+01
3.4686611176e+01
-2.3707507324e+02
-1.5597436523e+02
-5.2099620819e+01
3.4060871124e+01
-2.3697903442e+02
-1.5604739380e+02
-5.2386661530e+01
3.3571971893e+01
-2.3687959290e+02
-1.5609109497e+02
-5.2578907013e+01
3.3277084351e+01
-2.3683209229e+02
-1.5610461426e+02
-5.2664615631e+01
3.3123149872e+01
-2.3683209229e+02
-1.5610461426e+02
-5.2664615631e+01
3.3123149872e+01
-2.3687959290e+02
-1.5609109497e+02
-5.2578907013e+01
3.3277084351e+01
-2.3697903442e+02
-1.5604739380e+02
-5.2386661530e+01
3.3571971893e+01
-2.3707507324e+02
-1.5597436523e+02
-5.2099620819e+01
3.4060871124e+01
-2.3718370056e+02
-1.5581237793e+02
-5.1649330139e+01
3.4686611176e+01
-2.3713323975e+02
-1.5556126404e+02
-5.1063732147e+01
3.5590023041e+01
-2.3697528076e+02
-1.5510569763e+02
-5.0232360840e+01
3.6593509674e+01
-2.3626577759e+02
-1.5444531250e+02
-4.9212791443e+01
3.8008361816e+01
-2.3529237366e+02
-1.5352925110e+02
-4.7978202820e+01
3.9300373077e+01
-2.3335237122e+02
-1.5244966125e+02
-4.6540241241e+01
4.1480850220e+01
-2.3220198059e+02
-1.5266926575e+02
-4.6327209473e+01
4.2811676025e+01
-2.2865214539e+02
-1.5915917969e+02
-5.3029449463e+01
4.1966300964e+01
-2.9740298462e+02
-1.6752975464e+02
-4.2067470551e+01
1.0790638733e+02
-2.9425970459e+02
-1.6677638245e+02
-4.1614311218e+01
1.0942807007e+02
-2.9547686768e+02
-1.6462866211e+02
-3.9740310669e+01
1.0899343109e+02
-2.9606188965e+02
-1.6491600037e+02
-4.0350826263e+01
1.0837269592e+02
-2.9723492432e+02
-1.6570085144e+02
-4.1275379181e+01
1.0697689056e+02
-2.9812408447e+02
-1.6664985657e+02
-4.2321014404e+01
1.0597846985e+02
-2.9897274780e+02
-1.6743554688e+02
-4.3167884827e+01
1.0494582367e+02
-2.9953018188e+02
-1.6810095215e+02
-4.3909870148e+01
1.0418322754e+02
-2.9996334839e+02
-1.6857243347e+02
-4.4448223114e+01
1.0352108765e+02
-3.0022201538e+02
-1.6892140198e+02
-4.4860671997e+01
1.0306367493e+02
-3.0039105225e+02
-1.6913046265e+02
-4.5113941193e+01
1.0274350739e+02
-3.0046319580e+02
-1.6923654175e+02
-4.5244522095e+01
1.0259226227e+02
-3.0046319580e+02
-1.6923654175e+02
-4.5244522095e+01
1.0259226227e+02
-3.0039105225e+02
-1.6913046265e+02
-4.5113941193e+01
1.0274350739e+02
-3.0022201538e+02
-1.6892140198e+02
-4.4860671997e+01
1.0306367493e+02
-2.9996334839e+02
-1.6857243347e+02
-4.4448223114e+01
1.0352108765e+02
-2.9953018188e+02
-1.6810095215e+02
-4.3909870148e+01
1.0418322754e+02
-2.9897274780e+02
-1.6743554688e+02
-4.3167884827e+01
1.0494582367e+02
-2.9812408447e+02
-1.6664985657e+02
-4.2321014404e+01
1.0597846985e+02
-2.9723492432e+02
-1.6570085144e+02
-4.1275379181e+01
1.0697689056e+02
-2.9606188965e+02
-1.6491600037e+02
-4.0350826263e+01
1.0837269592e+02
-2.9547686768e+02
-1.6462866211e+02
-3.9740310669e+01
1.0899343109e+02
-2.9425970459e+02
-1.6677638245e+02
-4.1614311218e+01
1.0942807007e+02
-2.9740298462e+02
-1.6752975464e+02
-4.2067470551e+01
1.0790638733e+02
-3.4953164673e+02
-1.9249526978e+02
-1.8518535614e+01
1.5265809631e+02
-3.4847558594e+02
-1.8565393066e+02
-1.1250249863e+01
1.5422518921e+02
-3.4843453979e+02
-1.8600692749e+02
-1.1026129723e+01
1.5355119324e+02
-3.4927600098e+02
-1.8611413574e+02
-1.0691905022e+01
1.5269972229e+02
-3.5005603027e+02
-1.8686787415e+02
-1.1321256638e+01
1.5188574219e+02
-3.5094769287e+02
-1.8761337280e+02
-1.2019871712e+01
1.5086891174e+02
-3.5169128418e+02
-1.8842120361e+02
-1.2832728386e+01
1.5006002808e+02
-3.5239471436e+02
-1.8908279419e+02
-1.3503130913e+01
1.4929512024e+02
-3.5292538452e+02
-1.8965748596e+02
-1.4096513748e+01
1.4872164917e+02
-3.5334539795e+02
-1.9006759644e+02
-1.4523290634e+01
1.4826261902e+02
-3.5360925293e+02
-1.9035340881e+02
-1.4822959900e+01
1.4797085571e+02
-3.5374612427e+02
-1.9048957825e+02
-1.4966567993e+01
1.4781857300e+02
-3.5374612427e+02
-1.9048957825e+02
-1.4966567993e+01
1.4781857300e+02
-3.5360925293e+02
-1.9035340881e+02
-1.4822959900e+01
1.4797085571e+02
-3.5334539795e+02
-1.9006759644e+02
-1.4523290634e+01
1.4826261902e+02
-3.5292538452e+02
-1.8965748596e+02
-1.4096513748e+01
1.4872164917e+02
-3.5239471436e+02
-1.8908279419e+02
-1.3503130913e+01
1.4929512024e+02
-3.5169128418e+02
-1.8842120361e+02
-1.2832728386e+01
1.5006002808e+02
-3.5094769287e+02
-1.8761337280e+02
-1.2019871712e+01
1.5086891174e+02
-3.5005603027e+02
-1.8686787415e+02
-1.1321256638e+01
1.5188574219e+02
-3.4927600098e+02
-1.8611413574e+02
-1.0691905022e+01
1.5269972229e+02
-3.4843453979e+02
-1.8600692749e+02
-1.1026129723e+01
1.5355119324e+02
-3.4847558594e+02
-1.8565393066e+02
-1.1250249863e+01
1.5422518921e+02
-3.4953164673e+02
-1.9249526978e+02
-1.8518535614e+01
1.5265809631e+02
-4.0790325928e+02
-2.0471107483e+02
-3.3788974285e+00
2.1126509094e+02
-4.0650131226e+02
-2.0243632507e+02
-1.3843045235e+00
2.1299705505e+02
-4.0666458130e+02
-1.9961950684e+02
8.2961195707e-01
2.1322259521e+02
-4.0701486206e+02
-1.9988656616e+02
9.8764888942e-02
2.1265153503e+02
-4.0776858521e+02
-2.0022822571e+02
-4.1276028752e-01
2.1177111816e+02
-4.0845233154e+02
-2.0096487427e+02
-1.2594202757e+00
2.1099951172e+02
-4.0916326904e+02
-2.0159991455e+02
-1.9547826052e+00
2.1017538452e+02
-4.0974530029e+02
-2.0224928284e+02
-2.6470232010e+00
2.0950518799e+02
-4.1026364136e+02
-2.0275634766e+02
-3.1798763275e+00
2.0891410828e+02
-4.1064419556e+02
-2.0317588806e+02
-3.6154463291e+00
2.0848277283e+02
-4.1091442871e+02
-2.0344622803e+02
-3.8953552246e+00
2.0817974854e+02
-4.1104580688e+02
-2.0358969116e+02
-4.0429639816e+00
2.0803236389e+02
-4.1104580688e+02
-2.0358969116e+02
-4.0429639816e+00
2.0803236389e+02
-4.1091442871e+02
-2.0344622803e+02
-3.8953552246e+00
2.0817974854e+02
-4.1064419556e+02
-2.0317588806e+02
-3.6154463291e+00
2.0848277283e+02
-4.1026364136e+02
-2.0275634766e+02
-3.1798763275e+00
2.0891410828e+02
-4.0974530029e+02
-2.0224928284e+02
-2.6470232010e+00
2.0950518799e+02
-4.0916326904e+02
-2.0159991455e+02
-1.9547826052e+00
2.1017538452e+02
-4.0845233154e+02
-2.0096487427e+02
-1.2594202757e+00
2.1099951172e+02
-4.0776858521e+02
-2.0022822571e+02
-4.1276028752e-01
2.1177111816e+02
-4.0701486206e+02
-1.9988656616e+02
9.8764888942e-02
2.1265153503e+02
-4.0666458130e+02
-1.9961950684e+02
8.2961195707e-01
2.1322259521e+02
-4.0650131226e+02
-2.0243632507e+02
-1.3843045235e+00
2.1299705505e+02
-4.0790325928e+02
-2.0471107483e+02
-3.3788974285e+00
2.1126509094e+02
-4.5757556152e+02
-2.2802406311e+02
1.6289823532e+01
2.6407513428e+02
-4.5595901489e+02
-2.2309931946e+02
2.1703357697e+01
2.6570724487e+02
-4.5649841309e+02
-2.2324362183e+02
2.2062671661e+01
2.6489978027e+02
-4.5701602173e+02
-2.2303263855e+02
2.2548469543e+01
2.6431347656e+02
-4.5770733643e+02
-2.2375845337e+02
2.1846094131e+01
2.6338806152e+02
-4.5842343140e+02
-2.2435316467e+02
2.1243480682e+01
2.6246582031e+02
-4.5907119751e+02
-2.2507666016e+02
2.0485614777e+01
2.6166250610e+02
-4.5966732788e+02
-2.2564953613e+02
1.9877489090e+01
2.6093490601e+02
-4.6014105225e+02
-2.2617488098e+02
1.9318895340e+01
2.6036013794e+02
-4.6052020264e+02
-2.2655206299e+02
1.8914688110e+01
2.5990612793e+02
-4.6076867676e+02
-2.2682424927e+02
1.8624477386e+01
2.5960852051e+02
-4.6089834595e+02
-2.2695452881e+02
1.8484737396e+01
2.5945477295e+02
-4.6089834595e+02
-2.2695452881e+02
1.8484737396e+01
2.5945477295e+02
-4.6076867676e+02
-2.2682424927e+02
1.8624477386e+01
2.5960852051e+02
-4.6052020264e+02
-2.2655206299e+02
1.8914688110e+01
2.5990612793e+02
-4.6014105225e+02
-2.2617488098e+02
1.9318895340e+01
2.6036013794e+02
-4.5966732788e+02
-2.2564953613e+02
1.9877489090e+01
2.6093490601e+02
-4.5907119751e+02
-2.2507666016e+02
2.0485614777e+01
2.6166250610e+02
-4.5842343140e+02
-2.2435316467e+02
2.1243480682e+01
2.6246582031e+02
-4.5770733643e+02
-2.2375845337e+02
2.1846094131e+01
2.6338806152e+02
-4.5701602173e+02
-2.2303263855e+02
2.2548469543e+01
2.6431347656e+02
-4.5649841309e+02
-2.2324362183e+02
2.2062671661e+01
2.6489978027e+02
-4.5595901489e+02
-2.2309931946e+02
2.1703357697e+01
2.6570724487e+02
-4.5757556152e+02
-2.2802406311e+02
1.6289823532e+01
2.6407513428e+02
-5.1272277832e+02
-2.3871041870e+02
3.4591236115e+01
3.1702816772e+02
-5.1217333984e+02
-2.3610044861e+02
3.7084308624e+01
3.1815713501e+02
-5.1228320312e+02
-2.3431608582e+02
3.8507614136e+01
3.1803244019e+02
-5.1300439453e+02
-2.3496467590e+02
3.7579093933e+01
3.1703170776e+02
-5.1376678467e+02
-2.3540983582e+02
3.7011470795e+01
3.1607125854e+02
-5.1450860596e+02
-2.3625733948e+02
3.6049396515e+01
3.1509988403e+02
-5.1519671631e+02
-2.3692344666e+02
3.5303234100e+01
3.1420068359e+02
-5.1577996826e+02
-2.3760203552e+02
3.4561889648e+01
3.1344168091e+02
-5.1627374268e+02
-2.3811509705e+02
3.4002426147e+01
3.1280703735e+02
-5.1664160156e+02
-2.3853894043e+02
3.3545738220e+01
3.1233395386e+02
-5.1689648438e+02
-2.3880865479e+02
3.3254314423e+01
3.1200952148e+02
-5.1702191162e+02
-2.3895205688e+02
3.3100475311e+01
3.1184924316e+02
-5.1702191162e+02
-2.3895205688e+02
3.3100475311e+01
3.1184924316e+02
-5.1689648438e+02
-2.3880865479e+02
3.3254314423e+01
3.1200952148e+02
-5.1664160156e+02
-2.3853894043e+02
3.3545738220e+01
3.1233395386e+02
-5.1627374268e+02
-2.3811509705e+02
3.4002426147e+01
3.1280703735e+02
-5.1577996826e+02
-2.3760203552e+02
3.4561889648e+01
3.1344168091e+02
-5.1519671631e+02
-2.3692344666e+02
3.5303234100e+01
3.1420068359e+02
-5.1450860596e+02
-2.3625733948e+02
3.6049396515e+01
3.1509988403e+02
-5.1376678467e+02
-2.3540983582e+02
3.7011470795e+01
3.1607125854e+02
-5.1300439453e+02
-2.3496467590e+02
3.7579093933e+01
3.1703170776e+02
-5.1228320312e+02
-2.3431608582e+02
3.8507614136e+01
3.1803244019e+02
-5.1217333984e+02
-2.3610044861e+02
3.7084308624e+01
3.1815713501e+02
-5.1272277832e+02
-2.3871041870e+02
3.4591236115e+01
3.1702816772e+02
-5.5953607178e+02
-2.5858316040e+02
5.3476936340e+01
3.6951867676e+02
-5.5874749756e+02
-2.5551106262e+02
5.6956291199e+01
3.7047509766e+02
-5.5985443115e+02
-2.5569444275e+02
5.6999485016e+01
3.6926928711e+02
-5.6054052734e+02
-2.5587428284e+02
5.6871417999e+01
3.6835791016e+02
-5.6152081299e+02
-2.5689227295e+02
5.5775619507e+01
3.6703112793e+02
-5.6237145996e+02
-2.5767449951e+02
5.4923072815e+01
3.6589526367e+02
-5.6315771484e+02
-2.5855969238e+02
5.3957256317e+01
3.6485531616e+02
-5.6382586670e+02
-2.5924209595e+02
5.3205295563e+01
3.6397503662e+02
-5.6436657715e+02
-2.5985342407e+02
5.2535522461e+01
3.6326513672e+02
-5.6478149414e+02
-2.6028799438e+02
5.2056461334e+01
3.6272442627e+02
-5.6505688477e+02
-2.6059753418e+02
5.1717285156e+01
3.6236544800e+02
-5.6519702148e+02
-2.6074545288e+02
5.1554389954e+01
3.6218377686e+02
-5.6519702148e+02
-2.6074545288e+02
5.1554389954e+01
3.6218377686e+02
-5.6505688477e+02
-2.6059753418e+02
5.1717285156e+01
3.6236544800e+02
-5.6478149414e+02
-2.6028799438e+02
5.2056461334e+01
3.6272442627e+02
-5.6436657715e+02
-2.5985342407e+02
5.2535522461e+01
3.6326513672e+02
-5.6382586670e+02
-2.5924209595e+02
5.3205295563e+01
3.6397503662e+02
-5.6315771484e+02
-2.5855969238e+02
5.3957256317e+01
3.6485531616e+02
-5.6237145996e+02
-2.5767449951e+02
5.4923072815e+01
3.6589526367e+02
-5.6152081299e+02
-2.5689227295e+02
5.5775619507e+01
3.6703112793e+02
-5.6054052734e+02
-2.5587428284e+02
5.6871417999e+01
3.6835791016e+02
-5.5985443115e+02
-2.5569444275e+02
5.6999485016e+01
3.6926928711e+02
-5.5874749756e+02
-2.5551106262e+02
5.6956291199e+01
3.7047509766e+02
-5.5953607178e+02
-2.5858316040e+02
5.3476936340e+01
3.6951867676e+02
-6.0988543701e+02
-2.6948605347e+02
7.1451843262e+01
4.1980932617e+02
-6.1023669434e+02
-2.6769259644e+02
7.3330619812e+01
4.2003695679e+02
-6.1096624756e+02
-2.6721267700e+02
7.3671966553e+01
4.1913699341e+02
-6.1222241211e+02
-2.6833767700e+02
7.2387298584e+01
4.1756820679e+02
-6.1326977539e+02
-2.6920791626e+02
7.1408866882e+01
4.1620486450e+02
-6.1430999756e+02
-2.7037701416e+02
7.0116104126e+01
4.1482266235e+02
-6.1519598389e+02
-2.7128848267e+02
6.9109321594e+01
4.1364328003e+02
-6.1595928955e+02
-2.7216317749e+02
6.8153083801e+01
4.1263055420e+02
-6.1657397461e+02
-2.7282189941e+02
6.7431098938e+01
4.1181716919e+02
-6.1703808594e+02
-2.7335220337e+02
6.6853622437e+01
4.1120391846e+02
-6.1735015869e+02
-2.7369027710e+02
6.6484283447e+01
4.1079296875e+02
-6.1750592041e+02
-2.7386755371e+02
6.6291519165e+01
4.1058782959e+02
-6.1750592041e+02
-2.7386755371e+02
6.6291519165e+01
4.1058782959e+02
-6.1735015869e+02
-2.7369027710e+02
6.6484283447e+01
4.1079296875e+02
-6.1703808594e+02
-2.7335220337e+02
6.6853622437e+01
4.1120391846e+02
-6.1657397461e+02
-2.7282189941e+02
6.7431098938e+01
4.1181716919e+02
-6.1595928955e+02
-2.7216317749e+02
6.8153083801e+01
4.1263055420e+02
-6.1519598389e+02
-2.7128848267e+02
6.9109321594e+01
4.1364328003e+02
-6.1430999756e+02
-2.7037701416e+02
7.0116104126e+01
4.1482266235e+02
-6.1326977539e+02
-2.6920791626e+02
7.1408866882e+01
4.1620486450e+02
-6.1222241211e+02
-2.6833767700e+02
7.2387298584e+01
4.1756820679e+02
-6.1096624756e+02
-2.6721267700e+02
7.3671966553e+01
4.1913699341e+02
-6.1023669434e+02
-2.6769259644e+02
7.3330619812e+01
4.2003695679e+02
-6.0988543701e+02
-2.6948605347e+02
7.1451843262e+01
4.1980932617e+02
-6.5397619629e+02
-2.8598654175e+02
8.9784774780e+01
4.6893438721e+02
-6.5435559082e+02
-2.8455050659e+02
9.1557739258e+01
4.6891131592e+02
-6.5607446289e+02
-2.8525619507e+02
9.0910423279e+01
4.6711038208e+02
-6.5728112793e+02
-2.8617004395e+02
8.9929191589e+01
4.6557226562e+02
-6.5872534180e+02
-2.8763607788e+02
8.8333419800e+01
4.6372601318e+02
-6.5990039062e+02
-2.8880825806e+02
8.7049079895e+01
4.6219473267e+02
-6.6098120117e+02
-2.9000317383e+02
8.5741378784e+01
4.6078738403e+02
-6.6186444092e+02
-2.9093432617e+02
8.4717849731e+01
4.5963302612e+02
-6.6258563232e+02
-2.9173947144e+02
8.3836555481e+01
4.5869345093e+02
-6.6312457275e+02
-2.9231610107e+02
8.3203376770e+01
4.5799182129e+02
-6.6348590088e+02
-2.9271902466e+02
8.2762588501e+01
4.5752206421e+02
-6.6366656494e+02
-2.9291320801e+02
8.2549560547e+01
4.5728741455e+02
-6.6366656494e+02
-2.9291320801e+02
8.2549560547e+01
4.5728741455e+02
-6.6348590088e+02
-2.9271902466e+02
8.2762588501e+01
4.5752206421e+02
-6.6312457275e+02
-2.9231610107e+02
8.3203376770e+01
4.5799182129e+02
-6.6258563232e+02
-2.9173947144e+02
8.3836555481e+01
4.5869345093e+02
-6.6186444092e+02
-2.9093432617e+02
8.4717849731e+01
4.5963302612e+02
-6.6098120117e+02
-2.9000317383e+02
8.5741378784e+01
4.6078738403e+02
-6.5990039062e+02
-2.8880825806e+02
8.7049079895e+01
4.6219473267e+02
-6.5872534180e+02
-2.8763607788e+02
8.8333419800e+01
4.6372601318e+02
-6.5728112793e+02
-2.8617004395e+02
8.9929191589e+01
4.6557226562e+02
-6.5607446289e+02
-2.8525619507e+02
9.0910423279e+01
4.6711038208e+02
-6.5435559082e+02
-2.8455050659e+02
9.1557739258e+01
4.6891131592e+02
-6.5397619629e+02
-2.8598654175e+02
8.9784774780e+01
4.6893438721e+02
-6.9922076416e+02
-2.9671847534e+02
1.0668851471e+02
5.1582550049e+02
-7.0060516357e+02
-2.9624923706e+02
1.0738488770e+02
5.1502209473e+02
-7.0216119385e+02
-2.9698333740e+02
1.0661848450e+02
5.1325555420e+02
-7.0399725342e+02
-2.9867831421e+02
1.0480480957e+02
5.1106430054e+02
-7.0550354004e+02
-3.0013238525e+02
1.0323288727e+02
5.0914648438e+02
-7.0695959473e+02
-3.0172183228e+02
1.0150822449e+02
5.0727914429e+02
-7.0816467285e+02
-3.0299310303e+02
1.0012660980e+02
5.0572152710e+02
-7.0920349121e+02
-3.0415148926e+02
9.8870895386e+01
5.0438174438e+02
-7.1002301025e+02
-3.0503411865e+02
9.7912071228e+01
5.0332336426e+02
-7.1064544678e+02
-3.0572857666e+02
9.7159774780e+01
5.0252151489e+02
-7.1105810547e+02
-3.0617541504e+02
9.6674804688e+01
5.0199005127e+02
-7.1126556396e+02
-3.0640649414e+02
9.6424583435e+01
5.0172320557e+02
-7.1126556396e+02
-3.0640649414e+02
9.6424583435e+01
5.0172320557e+02
-7.1105810547e+02
-3.0617541504e+02
9.6674804688e+01
5.0199005127e+02
-7.1064544678e+02
-3.0572857666e+02
9.7159774780e+01
5.0252151489e+02
-7.1002301025e+02
-3.0503411865e+02
9.7912071228e+01
5.0332336426e+02
-7.0920349121e+02
-3.0415148926e+02
9.8870895386e+01
5.0438174438e+02
-7.0816467285e+02
-3.0299310303e+02
1.0012660980e+02
5.0572152710e+02
-7.0695959473e+02
-3.0172183228e+02
1.0150822449e+02
5.0727914429e+02
-7.0550354004e+02
-3.0013238525e+02
1.0323288727e+02
5.0914648438e+02
-7.0399725342e+02
-2.9867831421e+02
1.0480480957e+02
5.1106430054e+02
-7.0216119385e+02
-2.9698333740e+02
1.0661848450e+02
5.1325555420e+02
-7.0060516357e+02
-2.9624923706e+02
1.0738488770e+02
5.1502209473e+02
-6.9922076416e+02
-2.9671847534e+02
1.0668851471e+02
5.1582550049e+02
-7.3967840576e+02
-3.1051843262e+02
1.2371862793e+02
5.6065545654e+02
-7.4129895020e+02
-3.1066241455e+02
1.2389658356e+02
5.5953216553e+02
-7.4369604492e+02
-3.1218820190e+02
1.2236304474e+02
5.5701989746e+02
-7.4555963135e+02
-3.1391381836e+02
1.2052069092e+02
5.5476141357e+02
-7.4751141357e+02
-3.1589147949e+02
1.1838975525e+02
5.5236260986e+02
-7.4910174561e+02
-3.1754116821e+02
1.1660154724e+02
5.5035357666e+02
-7.5054339600e+02
-3.1910614014e+02
1.1490483093e+02
5.4853326416e+02
-7.5171026611e+02
-3.2034869385e+02
1.1355544281e+02
5.4705206299e+02
-7.5266387939e+02
-3.2139459229e+02
1.1242198944e+02
5.4584521484e+02
-7.5336987305e+02
-3.2215188599e+02
1.1160020447e+02
5.4495068359e+02
-7.5384509277e+02
-3.2267340088e+02
1.1103546143e+02
5.4434985352e+02
-7.5408105469e+02
-3.2292700195e+02
1.1076044464e+02
5.4405139160e+02
-7.5408105469e+02
-3.2292700195e+02
1.1076044464e+02
5.4405139160e+02
-7.5384509277e+02
-3.2267340088e+02
1.1103546143e+02
5.4434985352e+02
-7.5336987305e+02
-3.2215188599e+02
1.1160020447e+02
5.4495068359e+02
-7.5266387939e+02
-3.2139459229e+02
1.1242198944e+02
5.4584521484e+02
-7.5171026611e+02
-3.2034869385e+02
1.1355544281e+02
5.4705206299e+02
-7.5054339600e+02
-3.1910614014e+02
1.1490483093e+02
5.4853326416e+02
-7.4910174561e+02
-3.1754116821e+02
1.1660154724e+02
5.5035357666e+02
-7.4751141357e+02
-3.1589147949e+02
1.1838975525e+02
5.5236260986e+02
-7.4555963135e+02
-3.1391381836e+02
1.2052069092e+02
5.5476141357e+02
-7.4369604492e+02
-3.1218820190e+02
1.2236304474e+02
5.5701989746e+02
-7.4129895020e+02
-3.1066241455e+02
1.2389658356e+02
5.5953216553e+02
-7.3967840576e+02
-3.1051843262e+02
1.2371862793e+02
5.6065545654e+02
-7.7961846924e+02
-3.2049914551e+02
1.3925738525e+02
6.0299658203e+02
-7.8209790039e+02
-3.2150338745e+02
1.3856341553e+02
6.0112634277e+02
-7.8451269531e+02
-3.2335006714e+02
1.3671820068e+02
5.9849780273e+02
-7.8694982910e+02
-3.2568624878e+02
1.3426519775e+02
5.9566064453e+02
-7.8898834229e+02
-3.2776419067e+02
1.3205172729e+02
5.9314556885e+02
-7.9088995361e+02
-3.2980203247e+02
1.2986598206e+02
5.9078656006e+02
-7.9246057129e+02
-3.3147250366e+02
1.2807022095e+02
5.8881878662e+02
-7.9380676270e+02
-3.3294262695e+02
1.2649004364e+02
5.8713543701e+02
-7.9486370850e+02
-3.3407748413e+02
1.2526879883e+02
5.8581121826e+02
-7.9566705322e+02
-3.3495632935e+02
1.2432433319e+02
5.8480737305e+02
-7.9619720459e+02
-3.3552679443e+02
1.2371063995e+02
5.8414459229e+02
-7.9646435547e+02
-3.3581890869e+02
1.2339681244e+02
5.8381109619e+02
-7.9646435547e+02
-3.3581890869e+02
1.2339681244e+02
5.8381109619e+02
-7.9619720459e+02
-3.3552679443e+02
1.2371063995e+02
5.8414459229e+02
-7.9566705322e+02
-3.3495632935e+02
1.2432433319e+02
5.8480737305e+02
-7.9486370850e+02
-3.3407748413e+02
1.2526879883e+02
5.8581121826e+02
-7.9380676270e+02
-3.3294262695e+02
1.2649004364e+02
5.8713543701e+02
-7.9246057129e+02
-3.3147250366e+02
1.2807022095e+02
5.8881878662e+02
-7.9088995361e+02
-3.2980203247e+02
1.2986598206e+02
5.9078656006e+02
-7.8898834229e+02
-3.2776419067e+02
1.3205172729e+02
5.9314556885e+02
-7.8694982910e+02
-3.2568624878e+02
1.3426519775e+02
5.9566064453e+02
-7.8451269531e+02
-3.2335006714e+02
1.3671820068e+02
5.9849780273e+02
-7.8209790039e+02
-3.2150338745e+02
1.3856341553e+02
6.0112634277e+02
-7.7961846924e+02
-3.2049914551e+02
1.3925738525e+02
6.0299658203e+02
-8.1550000000e+02
-3.3195285034e+02
1.5443389893e+02
6.4275067139e+02
-8.1833630371e+02
-3.3363519287e+02
1.5309379578e+02
6.4051013184e+02
-8.2143792725e+02
-3.3609063721e+02
1.5061508179e+02
6.3725549316e+02
-8.2397882080e+02
-3.3860269165e+02
1.4796786499e+02
6.3427899170e+02
-8.2643676758e+02
-3.4111328125e+02
1.4529251099e+02
6.3133178711e+02
-8.2847253418e+02
-3.4325793457e+02
1.4299264526e+02
6.2882812500e+02
-8.3028649902e+02
-3.4520300293e+02
1.4090461731e+02
6.2659796143e+02
-8.3175701904e+02
-3.4677124023e+02
1.3921974182e+02
6.2478106689e+02
-8.3295477295e+02
-3.4806677246e+02
1.3782916260e+02
6.2330505371e+02
-8.3384014893e+02
-3.4901370239e+02
1.3681231689e+02
6.2221289062e+02
-8.3443627930e+02
-3.4965902710e+02
1.3612011719e+02
6.2147906494e+02
-8.3473175049e+02
-3.4997515869e+02
1.3578082275e+02
6.2111523438e+02
-8.3473175049e+02
-3.4997515869e+02
1.3578082275e+02
6.2111523438e+02
-8.3443627930e+02
-3.4965902710e+02
1.3612011719e+02
6.2147906494e+02
-8.3384014893e+02
-3.4901370239e+02
1.3681231689e+02
6.2221289062e+02
-8.3295477295e+02
-3.4806677246e+02
1.3782916260e+02
6.2330505371e+02
-8.3175701904e+02
-3.4677124023e+02
1.3921974182e+02
6.2478106689e+02
-8.3028649902e+02
-3.4520300293e+02
1.4090461731e+02
6.2659796143e+02
-8.2847253418e+02
-3.4325793457e+02
1.4299264526e+02
6.2882812500e+02
-8.2643676758e+02
-3.4111328125e+02
1.4529251099e+02
6.3133178711e+02
-8.2397882080e+02
-3.3860269165e+02
1.4796786499e+02
6.3427899170e+02
-8.2143792725e+02
-3.3609063721e+02
1.5061508179e+02
6.3725549316e+02
-8.1833630371e+02
-3.3363519287e+02
1.5309379578e+02
6.4051013184e+02
-8.1550000000e+02
-3.3195285034e+02
1.5443389893e+02
6.4275067139e+02
-8.4974786377e+02
-3.4077157593e+02
1.6822120667e+02
6.7959991455e+02
-8.5330920410e+02
-3.4323205566e+02
1.6612138367e+02
6.7669030762e+02
-8.5654315186e+02
-3.4609838867e+02
1.6326045227e+02
6.7324505615e+02
-8.5957214355e+02
-3.4909222412e+02
1.6013957214e+02
6.6977685547e+02
-8.6214556885e+02
-3.5176849365e+02
1.5731086731e+02
6.6668353271e+02
-8.6447967529e+02
-3.5424636841e+02
1.5467330933e+02
6.6385772705e+02
-8.6641937256e+02
-3.5631164551e+02
1.5246987915e+02
6.6148736572e+02
-8.6806915283e+02
-3.5808834839e+02
1.5057359314e+02
6.5947479248e+02
-8.6936578369e+02
-3.5947424316e+02
1.4909358215e+02
6.5789050293e+02
-8.7034942627e+02
-3.6053543091e+02
1.4796116638e+02
6.5669158936e+02
-8.7099835205e+02
-3.6122924805e+02
1.4722052002e+02
6.5590051270e+02
-8.7132531738e+02
-3.6158190918e+02
1.4684432983e+02
6.5550250244e+02
-8.7132531738e+02
-3.6158190918e+02
1.4684432983e+02
6.5550250244e+02
-8.7099835205e+02
-3.6122924805e+02
1.4722052002e+02
6.5590051270e+02
-8.7034942627e+02
-3.6053543091e+02
1.4796116638e+02
6.5669158936e+02
-8.6936578369e+02
-3.5947424316e+02
1.4909358215e+02
6.5789050293e+02
-8.6806915283e+02
-3.5808834839e+02
1.5057359314e+02
6.5947479248e+02
-8.6641937256e+02
-3.5631164551e+02
1.5246987915e+02
6.6148736572e+02
-8.6447967529e+02
-3.5424636841e+02
1.5467330933e+02
6.6385772705e+02
-8.6214556885e+02
-3.5176849365e+02
1.5731086731e+02
6.6668353271e+02
-8.5957214355e+02
-3.4909222412e+02
1.6013957214e+02
6.6977685547e+02
-8.5654315186e+02
-3.4609838867e+02
1.6326045227e+02
6.7324505615e+02
-8.5330920410e+02
-3.4323205566e+02
1.6612138367e+02
6.7669030762e+02
-8.4974786377e+02
-3.4077157593e+02
1.6822120667e+02
6.7959991455e+02
-8.8025146484e+02
-3.5004147339e+02
1.8117538452e+02
7.1346807861e+02
-8.8421051025e+02
-3.5315725708e+02
1.7843374634e+02
7.1017431641e+02
-8.8799291992e+02
-3.5652648926e+02
1.7504345703e+02
7.0621044922e+02
-8.9117095947e+02
-3.5975576782e+02
1.7167141724e+02
7.0256805420e+02
-8.9410595703e+02
-3.6278189087e+02
1.6847346497e+02
6.9910729980e+02
-8.9657263184e+02
-3.6539297485e+02
1.6569613647e+02
6.9613671875e+02
-8.9873785400e+02
-3.6769744873e+02
1.6324142456e+02
6.9352783203e+02
-9.0050170898e+02
-3.6957550049e+02
1.6123973083e+02
6.9139416504e+02
-9.0193170166e+02
-3.7110699463e+02
1.5960807800e+02
6.8966839600e+02
-9.0299029541e+02
-3.7223458862e+02
1.5840678406e+02
6.8839025879e+02
-9.0370196533e+02
-3.7299725342e+02
1.5759480286e+02
6.8753277588e+02
-9.0405480957e+02
-3.7337298584e+02
1.5719471741e+02
6.8710748291e+02
-9.0405480957e+02
-3.7337298584e+02
1.5719471741e+02
6.8710748291e+02
-9.0370196533e+02
-3.7299725342e+02
1.5759480286e+02
6.8753277588e+02
-9.0299029541e+02
-3.7223458862e+02
1.5840678406e+02
6.8839025879e+02
-9.0193170166e+02
-3.7110699463e+02
1.5960807800e+02
6.8966839600e+02
-9.0050170898e+02
-3.6957550049e+02
1.6123973083e+02
6.9139416504e+02
-8.9873785400e+02
-3.6769744873e+02
1.6324142456e+02
6.9352783203e+02
-8.9657263184e+02
-3.6539297485e+02
1.6569613647e+02
6.9613671875e+02
-8.9410595703e+02
-3.6278189087e+02
1.6847346497e+02
6.9910729980e+02
-8.9117095947e+02
-3.5975576782e+02
1.7167141724e+02
7.0256805420e+02
-8.8799291992e+02
-3.5652648926e+02
1.7504345703e+02
7.0621044922e+02
-8.8421051025e+02
-3.5315725708e+02
1.7843374634e+02
7.1017431641e+02
-8.8025146484e+02
-3.5004147339e+02
1.8117538452e+02
7.1346807861e+02
-9.0835125732e+02
-3.5740054321e+02
1.9279266357e+02
7.4402825928e+02
-9.1290637207e+02
-3.6119125366e+02
1.8939756775e+02
7.4016949463e+02
-9.1687225342e+02
-3.6496154785e+02
1.8562866211e+02
7.3599237061e+02
-9.2044622803e+02
-3.6857141113e+02
1.8188099670e+02
7.3194866943e+02
-9.2351019287e+02
-3.7178222656e+02
1.7850463867e+02
7.2833508301e+02
-9.2623638916e+02
-3.7466387939e+02
1.7545376587e+02
7.2509082031e+02
-9.2851800537e+02
-3.7708908081e+02
1.7288063049e+02
7.2235443115e+02
-9.3044396973e+02
-3.7914483643e+02
1.7069856262e+02
7.2004760742e+02
-9.3196234131e+02
-3.8076058960e+02
1.6898313904e+02
7.1822735596e+02
-9.3311077881e+02
-3.8198785400e+02
1.6768086243e+02
7.1685363770e+02
-9.3386932373e+02
-3.8279461670e+02
1.6682475281e+02
7.1594635010e+02
-9.3425109863e+02
-3.8320248413e+02
1.6639218140e+02
7.1549041748e+02
-9.3425109863e+02
-3.8320248413e+02
1.6639218140e+02
7.1549041748e+02
-9.3386932373e+02
-3.8279461670e+02
1.6682475281e+02
7.1594635010e+02
-9.3311077881e+02
-3.8198785400e+02
1.6768086243e+02
7.1685363770e+02
-9.3196234131e+02
-3.8076058960e+02
1.6898313904e+02
7.1822735596e+02
-9.3044396973e+02
-3.7914483643e+02
1.7069856262e+02
7.2004760742e+02
-9.2851800537e+02
-3.7708908081e+02
1.7288063049e+02
7.2235443115e+02
-9.2623638916e+02
-3.7466387939e+02
1.7545376587e+02
7.2509082031e+02
-9.2351019287e+02
-3.7178222656e+02
1.7850463867e+02
7.2833508301e+02
-9.2044622803e+02
-3.6857141113e+02
1.8188099670e+02
7.3194866943e+02
-9.1687225342e+02
-3.6496154785e+02
1.8562866211e+02
7.3599237061e+02
-9.1290637207e+02
-3.6119125366e+02
1.8939756775e+02
7.4016949463e+02
-9.0835125732e+02
-3.5740054321e+02
1.9279266357e+02
7.4402825928e+02
-9.3280468750e+02
-3.6456954956e+02
2.0322572327e+02
7.7125177002e+02
-9.3773358154e+02
-3.6893298340e+02
1.9926716614e+02
7.6703814697e+02
-9.4212207031e+02
-3.7311407471e+02
1.9507054138e+02
7.6244995117e+02
-9.4585479736e+02
-3.7695834351e+02
1.9107910156e+02
7.5823168945e+02
-9.4920904541e+02
-3.8044329834e+02
1.8741714478e+02
7.5432324219e+02
-9.5205731201e+02
-3.8345959473e+02
1.8422703552e+02
7.5094598389e+02
-9.5452935791e+02
-3.8607904053e+02
1.8145231628e+02
7.4801086426e+02
-9.5655346680e+02
-3.8822863770e+02
1.7917401123e+02
7.4560040283e+02
-9.5818688965e+02
-3.8996621704e+02
1.7733291626e+02
7.4365954590e+02
-9.5939898682e+02
-3.9125241089e+02
1.7597036743e+02
7.4221936035e+02
-9.6021203613e+02
-3.9211755371e+02
1.7505435181e+02
7.4125506592e+02
-9.6061572266e+02
-3.9254562378e+02
1.7460110474e+02
7.4077630615e+02
-9.6061572266e+02
-3.9254562378e+02
1.7460110474e+02
7.4077630615e+02
-9.6021203613e+02
-3.9211755371e+02
1.7505435181e+02
7.4125506592e+02
-9.5939898682e+02
-3.9125241089e+02
1.7597036743e+02
7.4221936035e+02
-9.5818688965e+02
-3.8996621704e+02
1.7733291626e+02
7.4365954590e+02
-9.5655346680e+02
-3.8822863770e+02
1.7917401123e+02
7.4560040283e+02
-9.5452935791e+02
-3.8607904053e+02
1.8145231628e+02
7.4801086426e+02
-9.5205731201e+02
-3.8345959473e+02
1.8422703552e+02
7.5094598389e+02
-9.4920904541e+02
-3.8044329834e+02
1.8741714478e+02
7.5432324219e+02
-9.4585479736e+02
-3.7695834351e+02
1.9107910156e+02
7.5823168945e+02
-9.4212207031e+02
-3.7311407471e+02
1.9507054138e+02
7.6244995117e+02
-9.3773358154e+02
-3.6893298340e+02
1.9926716614e+02
7.6703814697e+02
-9.3280468750e+02
-3.6456954956e+02
2.0322572327e+02
7.7125177002e+02
-9.5432055664e+02
-3.7025396729e+02
2.1229498291e+02
7.9483551025e+02
-9.5971118164e+02
-3.7515869141e+02
2.0781172180e+02
7.9017956543e+02
-9.6428198242e+02
-3.7967709351e+02
2.0329069519e+02
7.8539526367e+02
-9.6831585693e+02
-3.8381024170e+02
1.9901187134e+02
7.8087005615e+02
-9.7179107666e+02
-3.8746267700e+02
1.9518481445e+02
7.7682470703e+02
-9.7484472656e+02
-3.9068463135e+02
1.9178669739e+02
7.7323370361e+02
-9.7741540527e+02
-3.9341061401e+02
1.8890609741e+02
7.7019177246e+02
-9.7957183838e+02
-3.9569958496e+02
1.8648634338e+02
7.6764233398e+02
-9.8127758789e+02
-3.9750820923e+02
1.8457432556e+02
7.6562512207e+02
-9.8256378174e+02
-3.9887402344e+02
1.8313108826e+02
7.6410717773e+02
-9.8341497803e+02
-3.9977566528e+02
1.8217849731e+02
7.6310302734e+02
-9.8384252930e+02
-4.0022955322e+02
1.8169912720e+02
7.6259930420e+02
-9.8384252930e+02
-4.0022955322e+02
1.8169912720e+02
7.6259930420e+02
-9.8341497803e+02
-3.9977566528e+02
1.8217849731e+02
7.6310302734e+02
-9.8256378174e+02
-3.9887402344e+02
1.8313108826e+02
7.6410717773e+02
-9.8127758789e+02
-3.9750820923e+02
1.8457432556e+02
7.6562512207e+02
-9.7957183838e+02
-3.9569958496e+02
1.8648634338e+02
7.6764233398e+02
-9.7741540527e+02
-3.9341061401e+02
1.8890609741e+02
7.7019177246e+02
-9.7484472656e+02
-3.9068463135e+02
1.9178669739e+02
7.7323370361e+02
-9.7179107666e+02
-3.8746267700e+02
1.9518481445e+02
7.7682470703e+02
-9.6831585693e+02
-3.8381024170e+02
1.9901187134e+02
7.8087005615e+02
-9.6428198242e+02
-3.7967709351e+02
2.0329069519e+02
7.8539526367e+02
-9.5971118164e+02
-3.7515869141e+02
2.0781172180e+02
7.9017956543e+02
-9.5432055664e+02
-3.7025396729e+02
2.1229498291e+02
7.9483551025e+02
-9.7218652344e+02
-3.7536285400e+02
2.1995368958e+02
8.1477551270e+02
-9.7787792969e+02
-3.8071105957e+02
2.1503485107e+02
8.0983496094e+02
-9.8275097656e+02
-3.8553839111e+02
2.1019636536e+02
8.0475146484e+02
-9.8692193604e+02
-3.8986431885e+02
2.0572000122e+02
8.0007983398e+02
-9.9060906982e+02
-3.9371606445e+02
2.0168742371e+02
7.9581860352e+02
-9.9376196289e+02
-3.9705136108e+02
1.9817317200e+02
7.9212030029e+02
-9.9647619629e+02
-3.9992041016e+02
1.9514538574e+02
7.8892962646e+02
-9.9870874023e+02
-4.0228533936e+02
1.9264834595e+02
7.8630023193e+02
-1.0005028076e+03
-4.0418554688e+02
1.9064248657e+02
7.8419122314e+02
-1.0018376465e+03
-4.0559774780e+02
1.8915219116e+02
7.8262286377e+02
-1.0027309570e+03
-4.0654364014e+02
1.8815440369e+02
7.8157507324e+02
-1.0031752319e+03
-4.0701330566e+02
1.8765905762e+02
7.8105407715e+02
-1.0031752319e+03
-4.0701330566e+02
1.8765905762e+02
7.8105407715e+02
-1.0027309570e+03
-4.0654364014e+02
1.8815440369e+02
7.8157507324e+02
-1.0018376465e+03
-4.0559774780e+02
1.8915219116e+02
7.8262286377e+02
-1.0005028076e+03
-4.0418554688e+02
1.9064248657e+02
7.8419122314e+02
-9.9870874023e+02
-4.0228533936e+02
1.9264834595e+02
7.8630023193e+02
-9.9647619629e+02
-3.9992041016e+02
1.9514538574e+02
7.8892962646e+02
-9.9376196289e+02
-3.9705136108e+02
1.9817317200e+02
7.9212030029e+02
-9.9060906982e+02
-3.9371606445e+02
2.0168742371e+02
7.9581860352e+02
-9.8692193604e+02
-3.8986431885e+02
2.0572000122e+02
8.0007983398e+02
-9.8275097656e+02
-3.8553839111e+02
2.1019636536e+02
8.0475146484e+02
-9.7787792969e+02
-3.8071105957e+02
2.1503485107e+02
8.0983496094e+02
-9.7218652344e+02
-3.7536285400e+02
2.1995368958e+02
8.1477551270e+02
-9.8675152588e+02
-3.7922601318e+02
2.2617300415e+02
8.3082574463e+02
-9.9275970459e+02
-3.8495343018e+02
2.2088545227e+02
8.2558044434e+02
-9.9777514648e+02
-3.9002194214e+02
2.1581193542e+02
8.2034869385e+02
-1.0021495361e+03
-3.9454421997e+02
2.1113905334e+02
8.1546917725e+02
-1.0059296875e+03
-3.9852081299e+02
2.0698216248e+02
8.1110552979e+02
-1.0092243042e+03
-4.0199508667e+02
2.0332728577e+02
8.0726068115e+02
-1.0120104980e+03
-4.0494326782e+02
2.0022030640e+02
8.0399285889e+02
-1.0143362427e+03
-4.0740399170e+02
1.9762609863e+02
8.0126647949e+02
-1.0161818237e+03
-4.0935565186e+02
1.9556872559e+02
7.9910363770e+02
-1.0175692749e+03
-4.1082327271e+02
1.9402227783e+02
7.9748059082e+02
-1.0184895020e+03
-4.1179531860e+02
1.9299832153e+02
7.9640490723e+02
-1.0189508667e+03
-4.1228302002e+02
1.9248471069e+02
7.9586627197e+02
-1.0189508667e+03
-4.1228302002e+02
1.9248471069e+02
7.9586627197e+02
-1.0184895020e+03
-4.1179531860e+02
1.9299832153e+02
7.9640490723e+02
-1.0175692749e+03
-4.1082327271e+02
1.9402227783e+02
7.9748059082e+02
-1.0161818237e+03
-4.0935565186e+02
1.9556872559e+02
7.9910363770e+02
-1.0143362427e+03
-4.0740399170e+02
1.9762609863e+02
8.0126647949e+02
-1.0120104980e+03
-4.0494326782e+02
2.0022030640e+02
8.0399285889e+02
-1.0092243042e+03
-4.0199508667e+02
2.0332728577e+02
8.0726068115e+02
-1.0059296875e+03
-3.9852081299e+02
2.0698216248e+02
8.1110552979e+02
-1.0021495361e+03
-3.9454421997e+02
2.1113905334e+02
8.1546917725e+02
-9.9777514648e+02
-3.9002194214e+02
2.1581193542e+02
8.2034869385e+02
-9.9275970459e+02
-3.8495343018e+02
2.2088545227e+02
8.2558044434e+02
-9.8675152588e+02
-3.7922601318e+02
2.2617300415e+02
8.3082574463e+02
-9.9763256836e+02
-3.8228967285e+02
2.3085455322e+02
8.4299237061e+02
-1.0038346558e+03
-3.8829724121e+02
2.2529220581e+02
8.3756323242e+02
-1.0090324707e+03
-3.9355844116e+02
2.2002247620e+02
8.3214935303e+02
-1.0134986572e+03
-3.9820608521e+02
2.1522219849e+02
8.2717309570e+02
-1.0174078979e+03
-4.0230435181e+02
2.1094062805e+02
8.2267761230e+02
-1.0207672729e+03
-4.0585348511e+02
2.0720944214e+02
8.1876324463e+02
-1.0236425781e+03
-4.0888931274e+02
2.0401280212e+02
8.1540362549e+02
-1.0260166016e+03
-4.1139941406e+02
2.0136854553e+02
8.1262658691e+02
-1.0279177246e+03
-4.1340783691e+02
1.9925326538e+02
8.1040643311e+02
-1.0293358154e+03
-4.1490512085e+02
1.9767686462e+02
8.0875177002e+02
-1.0302824707e+03
-4.1590478516e+02
1.9662480164e+02
8.0764874268e+02
-1.0307542725e+03
-4.1640252686e+02
1.9610107422e+02
8.0709936523e+02
-1.0307542725e+03
-4.1640252686e+02
1.9610107422e+02
8.0709936523e+02
-1.0302824707e+03
-4.1590478516e+02
1.9662480164e+02
8.0764874268e+02
-1.0293358154e+03
-4.1490512085e+02
1.9767686462e+02
8.0875177002e+02
-1.0279177246e+03
-4.1340783691e+02
1.9925326538e+02
8.1040643311e+02
-1.0260166016e+03
-4.1139941406e+02
2.0136854553e+02
8.1262658691e+02
-1.0236425781e+03
-4.0888931274e+02
2.0401280212e+02
8.1540362549e+02
-1.0207672729e+03
-4.0585348511e+02
2.0720944214e+02
8.1876324463e+02
-1.0174078979e+03
-4.0230435181e+02
2.1094062805e+02
8.2267761230e+02
-1.0134986572e+03
-3.9820608521e+02
2.1522219849e+02
8.2717309570e+02
-1.0090324707e+03
-3.9355844116e+02
2.2002247620e+02
8.3214935303e+02
-1.0038346558e+03
-3.8829724121e+02
2.2529220581e+02
8.3756323242e+02
-9.9763256836e+02
-3.8228967285e+02
2.3085455322e+02
8.4299237061e+02
-1.0049842529e+03
-3.8424246216e+02
2.3401739502e+02
8.5111956787e+02
-1.0113477173e+03
-3.9044537354e+02
2.2826484680e+02
8.4553509521e+02
-1.0166229248e+03
-3.9583190918e+02
2.2287207031e+02
8.4004174805e+02
-1.0211917725e+03
-4.0057925415e+02
2.1797167969e+02
8.3496038818e+02
-1.0251513672e+03
-4.0474383545e+02
2.1362379456e+02
8.3041027832e+02
-1.0285830078e+03
-4.0836312866e+02
2.0982154846e+02
8.2642138672e+02
-1.0314963379e+03
-4.1144107056e+02
2.0658264160e+02
8.2302124023e+02
-1.0339184570e+03
-4.1399990845e+02
2.0388896179e+02
8.2019445801e+02
-1.0358463135e+03
-4.1603540039e+02
2.0174656677e+02
8.1794641113e+02
-1.0372916260e+03
-4.1756112671e+02
2.0014137268e+02
8.1626354980e+02
-1.0382524414e+03
-4.1857440186e+02
1.9907566833e+02
8.1514617920e+02
-1.0387330322e+03
-4.1908142090e+02
1.9854254150e+02
8.1458758545e+02
-1.0387330322e+03
-4.1908142090e+02
1.9854254150e+02
8.1458758545e+02
-1.0382524414e+03
-4.1857440186e+02
1.9907566833e+02
8.1514617920e+02
-1.0372916260e+03
-4.1756112671e+02
2.0014137268e+02
8.1626354980e+02
-1.0358463135e+03
-4.1603540039e+02
2.0174656677e+02
8.1794641113e+02
-1.0339184570e+03
-4.1399990845e+02
2.0388896179e+02
8.2019445801e+02
-1.0314963379e+03
-4.1144107056e+02
2.0658264160e+02
8.2302124023e+02
-1.0285830078e+03
-4.0836312866e+02
2.0982154846e+02
8.2642138672e+02
-1.0251513672e+03
-4.0474383545e+02
2.1362379456e+02
8.3041027832e+02
-1.0211917725e+03
-4.0057925415e+02
2.1797167969e+02
8.3496038818e+02
-1.0166229248e+03
-3.9583190918e+02
2.2287207031e+02
8.4004174805e+02
-1.0113477173e+03
-3.9044537354e+02
2.2826484680e+02
8.4553509521e+02
-1.0049842529e+03
-3.8424246216e+02
2.3401739502e+02
8.5111956787e+02
-1.0086389160e+03
-3.8526351929e+02
2.3559318542e+02
8.5520989990e+02
-1.0150692139e+03
-3.9156219482e+02
2.2974682617e+02
8.4956201172e+02
-1.0204053955e+03
-3.9701425171e+02
2.2428762817e+02
8.4400750732e+02
-1.0250063477e+03
-4.0180493164e+02
2.1934333801e+02
8.3889239502e+02
-1.0290092773e+03
-4.0601046753e+02
2.1495359802e+02
8.3429797363e+02
-1.0324635010e+03
-4.0965588379e+02
2.1112480164e+02
8.3028497314e+02
-1.0354069824e+03
-4.1276333618e+02
2.0785577393e+02
8.2685382080e+02
-1.0378458252e+03
-4.1533932495e+02
2.0514476013e+02
8.2400964355e+02
-1.0397924805e+03
-4.1739401245e+02
2.0298280334e+02
8.2174212646e+02
-1.0412482910e+03
-4.1892996216e+02
2.0136730957e+02
8.2004852295e+02
-1.0422181396e+03
-4.1995260620e+02
2.0029206848e+02
8.1892181396e+02
-1.0427023926e+03
-4.2046307373e+02
1.9975549316e+02
8.1835961914e+02
-1.0427023926e+03
-4.2046307373e+02
1.9975549316e+02
8.1835961914e+02
-1.0422181396e+03
-4.1995260620e+02
2.0029206848e+02
8.1892181396e+02
-1.0412482910e+03
-4.1892996216e+02
2.0136730957e+02
8.2004852295e+02
-1.0397924805e+03
-4.1739401245e+02
2.0298280334e+02
8.2174212646e+02
-1.0378458252e+03
-4.1533932495e+02
2.0514476013e+02
8.2400964355e+02
-1.0354069824e+03
-4.1276333618e+02
2.0785577393e+02
8.2685382080e+02
-1.0324635010e+03
-4.0965588379e+02
2.1112480164e+02
8.3028497314e+02
-1.0290092773e+03
-4.0601046753e+02
2.1495359802e+02
8.3429797363e+02
-1.0250063477e+03
-4.0180493164e+02
2.1934333801e+02
8.3889239502e+02
-1.0204053955e+03
-3.9701425171e+02
2.2428762817e+02
8.4400750732e+02
-1.0150692139e+03
-3.9156219482e+02
2.2974682617e+02
8.4956201172e+02
-1.0086389160e+03
-3.8526351929e+02
2.3559318542e+02
8.5520989990e+02
-1.0086388550e+03
-3.8526351929e+02
2.3559317017e+02
8.5520983887e+02
-1.0150691528e+03
-3.9156219482e+02
2.2974681091e+02
8.4956201172e+02
-1.0204053955e+03
-3.9701425171e+02
2.2428762817e+02
8.4400744629e+02
-1.0250063477e+03
-4.0180493164e+02
2.1934333801e+02
8.3889239502e+02
-1.0290092773e+03
-4.0601046753e+02
2.1495359802e+02
8.3429797363e+02
-1.0324635010e+03
-4.0965588379e+02
2.1112480164e+02
8.3028497314e+02
-1.0354069824e+03
-4.1276333618e+02
2.0785575867e+02
8.2685375977e+02
-1.0378457031e+03
-4.1533932495e+02
2.0514474487e+02
8.2400964355e+02
-1.0397924805e+03
-4.1739401245e+02
2.0298278809e+02
8.2174212646e+02
-1.0412482910e+03
-4.1892993164e+02
2.0136729431e+02
8.2004852295e+02
-1.0422181396e+03
-4.1995260620e+02
2.0029205322e+02
8.1892175293e+02
-1.0427023926e+03
-4.2046307373e+02
1.9975547791e+02
8.1835955811e+02
-1.0427023926e+03
-4.2046307373e+02
1.9975547791e+02
8.1835955811e+02
-1.0422181396e+03
-4.1995260620e+02
2.0029205322e+02
8.1892175293e+02
-1.0412482910e+03
-4.1892993164e+02
2.0136729431e+02
8.2004852295e+02
-1.0397924805e+03
-4.1739401245e+02
2.0298278809e+02
8.2174212646e+02
-1.0378457031e+03
-4.1533932495e+02
2.0514474487e+02
8.2400964355e+02
-1.0354069824e+03
-4.1276333618e+02
2.0785575867e+02
8.2685375977e+02
-1.0324635010e+03
-4.0965588379e+02
2.1112480164e+02
8.3028497314e+02
-1.0290092773e+03
-4.0601046753e+02
2.1495359802e+02
8.3429797363e+02
-1.0250063477e+03
-4.0180493164e+02
2.1934333801e+02
8.3889239502e+02
-1.0204053955e+03
-3.9701425171e+02
2.2428762817e+02
8.4400744629e+02
-1.0150691528e+03
-3.9156219482e+02
2.2974681091e+02
8.4956201172e+02
-1.0086388550e+03
-3.8526351929e+02
2.3559317017e+02
8.5520983887e+02
-1.0049842529e+03
-3.8424246216e+02
2.3401736450e+02
8.5111944580e+02
-1.0113477173e+03
-3.9044537354e+02
2.2826481628e+02
8.4553503418e+02
-1.0166228638e+03
-3.9583190918e+02
2.2287203979e+02
8.4004168701e+02
-1.0211917114e+03
-4.0057925415e+02
2.1797163391e+02
8.3496026611e+02
-1.0251512451e+03
-4.0474380493e+02
2.1362376404e+02
8.3041021729e+02
-1.0285828857e+03
-4.0836312866e+02
2.0982151794e+02
8.2642132568e+02
-1.0314962158e+03
-4.1144107056e+02
2.0658261108e+02
8.2302117920e+02
-1.0339184570e+03
-4.1399990845e+02
2.0388893127e+02
8.2019439697e+02
-1.0358461914e+03
-4.1603540039e+02
2.0174653625e+02
8.1794635010e+02
-1.0372916260e+03
-4.1756112671e+02
2.0014134216e+02
8.1626348877e+02
-1.0382523193e+03
-4.1857440186e+02
1.9907563782e+02
8.1514605713e+02
-1.0387330322e+03
-4.1908142090e+02
1.9854251099e+02
8.1458752441e+02
-1.0387330322e+03
-4.1908142090e+02
1.9854251099e+02
8.1458752441e+02
-1.0382523193e+03
-4.1857440186e+02
1.9907563782e+02
8.1514605713e+02
-1.0372916260e+03
-4.1756112671e+02
2.0014134216e+02
8.1626348877e+02
-1.0358461914e+03
-4.1603540039e+02
2.0174653625e+02
8.1794635010e+02
-1.0339184570e+03
-4.1399990845e+02
2.0388893127e+02
8.2019439697e+02
-1.0314962158e+03
-4.1144107056e+02
2.0658261108e+02
8.2302117920e+02
-1.0285828857e+03
-4.0836312866e+02
2.0982151794e+02
8.2642132568e+02
-1.0251512451e+03
-4.0474380493e+02
2.1362376404e+02
8.3041021729e+02
-1.0211917114e+03
-4.0057925415e+02
2.1797163391e+02
8.3496026611e+02
-1.0166228638e+03
-3.9583190918e+02
2.2287203979e+02
8.4004168701e+02
-1.0113477173e+03
-3.9044537354e+02
2.2826481628e+02
8.4553503418e+02
-1.0049842529e+03
-3.8424246216e+02
2.3401736450e+02
8.5111944580e+02
-9.9763250732e+02
-3.8228964233e+02
2.3085449219e+02
8.4299224854e+02
-1.0038345947e+03
-3.8829724121e+02
2.2529214478e+02
8.3756311035e+02
-1.0090324097e+03
-3.9355844116e+02
2.2002241516e+02
8.3214923096e+02
-1.0134985962e+03
-3.9820608521e+02
2.1522215271e+02
8.2717297363e+02
-1.0174077759e+03
-4.0230435181e+02
2.1094058228e+02
8.2267749023e+02
-1.0207672119e+03
-4.0585348511e+02
2.0720938110e+02
8.1876312256e+02
-1.0236425171e+03
-4.0888928223e+02
2.0401274109e+02
8.1540350342e+02
-1.0260166016e+03
-4.1139941406e+02
2.0136848450e+02
8.1262646484e+02
-1.0279176025e+03
-4.1340780640e+02
1.9925321960e+02
8.1040631104e+02
-1.0293356934e+03
-4.1490512085e+02
1.9767680359e+02
8.0875170898e+02
-1.0302824707e+03
-4.1590475464e+02
1.9662474060e+02
8.0764862061e+02
-1.0307542725e+03
-4.1640249634e+02
1.9610102844e+02
8.0709924316e+02
-1.0307542725e+03
-4.1640249634e+02
1.9610102844e+02
8.0709924316e+02
-1.0302824707e+03
-4.1590475464e+02
1.9662474060e+02
8.0764862061e+02
-1.0293356934e+03
-4.1490512085e+02
1.9767680359e+02
8.0875170898e+02
-1.0279176025e+03
-4.1340780640e+02
1.9925321960e+02
8.1040631104e+02
-1.0260166016e+03
-4.1139941406e+02
2.0136848450e+02
8.1262646484e+02
-1.0236425171e+03
-4.0888928223e+02
2.0401274109e+02
8.1540350342e+02
-1.0207672119e+03
-4.0585348511e+02
2.0720938110e+02
8.1876312256e+02
-1.0174077759e+03
-4.0230435181e+02
2.1094058228e+02
8.2267749023e+02
-1.0134985962e+03
-3.9820608521e+02
2.1522215271e+02
8.2717297363e+02
-1.0090324097e+03
-3.9355844116e+02
2.2002241516e+02
8.3214923096e+02
-1.0038345947e+03
-3.8829724121e+02
2.2529214478e+02
8.3756311035e+02
-9.9763250732e+02
-3.8228964233e+02
2.3085449219e+02
8.4299224854e+02
-9.8675140381e+02
-3.7922601318e+02
2.2617291260e+02
8.3082562256e+02
-9.9275958252e+02
-3.8495343018e+02
2.2088537598e+02
8.2558026123e+02
-9.9777508545e+02
-3.9002191162e+02
2.1581185913e+02
8.2034851074e+02
-1.0021494141e+03
-3.9454421997e+02
2.1113897705e+02
8.1546899414e+02
-1.0059296265e+03
-3.9852081299e+02
2.0698208618e+02
8.1110534668e+02
-1.0092241821e+03
-4.0199505615e+02
2.0332720947e+02
8.0726049805e+02
-1.0120104370e+03
-4.0494326782e+02
2.0022023010e+02
8.0399267578e+02
-1.0143361206e+03
-4.0740396118e+02
1.9762603760e+02
8.0126635742e+02
-1.0161817017e+03
-4.0935565186e+02
1.9556864929e+02
7.9910345459e+02
-1.0175691528e+03
-4.1082327271e+02
1.9402220154e+02
7.9748040771e+02
-1.0184893799e+03
-4.1179528809e+02
1.9299824524e+02
7.9640472412e+02
-1.0189507446e+03
-4.1228302002e+02
1.9248463440e+02
7.9586608887e+02
-1.0189507446e+03
-4.1228302002e+02
1.9248463440e+02
7.9586608887e+02
-1.0184893799e+03
-4.1179528809e+02
1.9299824524e+02
7.9640472412e+02
-1.0175691528e+03
-4.1082327271e+02
1.9402220154e+02
7.9748040771e+02
-1.0161817017e+03
-4.0935565186e+02
1.9556864929e+02
7.9910345459e+02
-1.0143361206e+03
-4.0740396118e+02
1.9762603760e+02
8.0126635742e+02
-1.0120104370e+03
-4.0494326782e+02
2.0022023010e+02
8.0399267578e+02
-1.0092241821e+03
-4.0199505615e+02
2.0332720947e+02
8.0726049805e+02
-1.0059296265e+03
-3.9852081299e+02
2.0698208618e+02
8.1110534668e+02
-1.0021494141e+03
-3.9454421997e+02
2.1113897705e+02
8.1546899414e+02
-9.9777508545e+02
-3.9002191162e+02
2.1581185913e+02
8.2034851074e+02
-9.9275958252e+02
-3.8495343018e+02
2.2088537598e+02
8.2558026123e+02
-9.8675140381e+02
-3.7922601318e+02
2.2617291260e+02
8.3082562256e+02
-9.7218640137e+02
-3.7536285400e+02
2.1995358276e+02
8.1477526855e+02
-9.7787780762e+02
-3.8071105957e+02
2.1503474426e+02
8.0983477783e+02
-9.8275085449e+02
-3.8553836060e+02
2.1019627380e+02
8.0475122070e+02
-9.8692181396e+02
-3.8986431885e+02
2.0571990967e+02
8.0007965088e+02
-9.9060894775e+02
-3.9371603394e+02
2.0168731689e+02
7.9581835938e+02
-9.9376177979e+02
-3.9705133057e+02
1.9817308044e+02
7.9212005615e+02
-9.9647607422e+02
-3.9992037964e+02
1.9514529419e+02
7.8892944336e+02
-9.9870861816e+02
-4.0228533936e+02
1.9264825439e+02
7.8629998779e+02
-1.0005026855e+03
-4.0418551636e+02
1.9064241028e+02
7.8419097900e+02
-1.0018375244e+03
-4.0559771729e+02
1.8915211487e+02
7.8262261963e+02
-1.0027307739e+03
-4.0654360962e+02
1.8815431213e+02
7.8157489014e+02
-1.0031750488e+03
-4.0701327515e+02
1.8765898132e+02
7.8105383301e+02
-1.0031750488e+03
-4.0701327515e+02
1.8765898132e+02
7.8105383301e+02
-1.0027307739e+03
-4.0654360962e+02
1.8815431213e+02
7.8157489014e+02
-1.0018375244e+03
-4.0559771729e+02
1.8915211487e+02
7.8262261963e+02
-1.0005026855e+03
-4.0418551636e+02
1.9064241028e+02
7.8419097900e+02
-9.9870861816e+02
-4.0228533936e+02
1.9264825439e+02
7.8629998779e+02
-9.9647607422e+02
-3.9992037964e+02
1.9514529419e+02
7.8892944336e+02
-9.9376177979e+02
-3.9705133057e+02
1.9817308044e+02
7.9212005615e+02
-9.9060894775e+02
-3.9371603394e+02
2.0168731689e+02
7.9581835938e+02
-9.8692181396e+02
-3.8986431885e+02
2.0571990967e+02
8.0007965088e+02
-9.8275085449e+02
-3.8553836060e+02
2.1019627380e+02
8.0475122070e+02
-9.7787780762e+02
-3.8071105957e+02
2.1503474426e+02
8.0983477783e+02
-9.7218640137e+02
-3.7536285400e+02
2.1995358276e+02
8.1477526855e+02
-9.5432037354e+02
-3.7025393677e+02
2.1229486084e+02
7.9483526611e+02
-9.5971099854e+02
-3.7515866089e+02
2.0781159973e+02
7.9017932129e+02
-9.6428179932e+02
-3.7967706299e+02
2.0329057312e+02
7.8539501953e+02
-9.6831567383e+02
-3.8381021118e+02
1.9901174927e+02
7.8086981201e+02
-9.7179095459e+02
-3.8746264648e+02
1.9518470764e+02
7.7682446289e+02
-9.7484454346e+02
-3.9068460083e+02
1.9178657532e+02
7.7323345947e+02
-9.7741522217e+02
-3.9341058350e+02
1.8890599060e+02
7.7019152832e+02
-9.7957165527e+02
-3.9569955444e+02
1.8648623657e+02
7.6764202881e+02
-9.8127740479e+02
-3.9750817871e+02
1.8457421875e+02
7.6562487793e+02
-9.8256359863e+02
-3.9887399292e+02
1.8313098145e+02
7.6410693359e+02
-9.8341479492e+02
-3.9977563477e+02
1.8217839050e+02
7.6310278320e+02
-9.8384234619e+02
-4.0022952271e+02
1.8169902039e+02
7.6259906006e+02
-9.8384234619e+02
-4.0022952271e+02
1.8169902039e+02
7.6259906006e+02
-9.8341479492e+02
-3.9977563477e+02
1.8217839050e+02
7.6310278320e+02
-9.8256359863e+02
-3.9887399292e+02
1.8313098145e+02
7.6410693359e+02
-9.8127740479e+02
-3.9750817871e+02
1.8457421875e+02
7.6562487793e+02
-9.7957165527e+02
-3.9569955444e+02
1.8648623657e+02
7.6764202881e+02
-9.7741522217e+02
-3.9341058350e+02
1.8890599060e+02
7.7019152832e+02
-9.7484454346e+02
-3.9068460083e+02
1.9178657532e+02
7.7323345947e+02
-9.7179095459e+02
-3.8746264648e+02
1.9518470764e+02
7.7682446289e+02
-9.6831567383e+02
-3.8381021118e+02
1.9901174927e+02
7.8086981201e+02
-9.6428179932e+02
-3.7967706299e+02
2.0329057312e+02
7.8539501953e+02
-9.5971099854e+02
-3.7515866089e+02
2.0781159973e+02
7.9017932129e+02
-9.5432037354e+02
-3.7025393677e+02
2.1229486084e+02
7.9483526611e+02
-9.3280450439e+02
-3.6456954956e+02
2.0322557068e+02
7.7125146484e+02
-9.3773339844e+02
-3.6893295288e+02
1.9926702881e+02
7.6703784180e+02
-9.4212188721e+02
-3.7311404419e+02
1.9507040405e+02
7.6244964600e+02
-9.4585461426e+02
-3.7695831299e+02
1.9107897949e+02
7.5823138428e+02
-9.4920880127e+02
-3.8044326782e+02
1.8741702271e+02
7.5432299805e+02
-9.5205706787e+02
-3.8345956421e+02
1.8422691345e+02
7.5094573975e+02
-9.5452911377e+02
-3.8607897949e+02
1.8145219421e+02
7.4801055908e+02
-9.5655328369e+02
-3.8822860718e+02
1.7917388916e+02
7.4560015869e+02
-9.5818664551e+02
-3.8996618652e+02
1.7733280945e+02
7.4365930176e+02
-9.5939874268e+02
-3.9125238037e+02
1.7597024536e+02
7.4221905518e+02
-9.6021179199e+02
-3.9211749268e+02
1.7505422974e+02
7.4125482178e+02
-9.6061547852e+02
-3.9254556274e+02
1.7460098267e+02
7.4077600098e+02
-9.6061547852e+02
-3.9254556274e+02
1.7460098267e+02
7.4077600098e+02
-9.6021179199e+02
-3.9211749268e+02
1.7505422974e+02
7.4125482178e+02
-9.5939874268e+02
-3.9125238037e+02
1.7597024536e+02
7.4221905518e+02
-9.5818664551e+02
-3.8996618652e+02
1.7733280945e+02
7.4365930176e+02
-9.5655328369e+02
-3.8822860718e+02
1.7917388916e+02
7.4560015869e+02
-9.5452911377e+02
-3.8607897949e+02
1.8145219421e+02
7.4801055908e+02
-9.5205706787e+02
-3.8345956421e+02
1.8422691345e+02
7.5094573975e+02
-9.4920880127e+02
-3.8044326782e+02
1.8741702271e+02
7.5432299805e+02
-9.4585461426e+02
-3.7695831299e+02
1.9107897949e+02
7.5823138428e+02
-9.4212188721e+02
-3.7311404419e+02
1.9507040405e+02
7.6244964600e+02
-9.3773339844e+02
-3.6893295288e+02
1.9926702881e+02
7.6703784180e+02
-9.3280450439e+02
-3.6456954956e+02
2.0322557068e+02
7.7125146484e+02
-9.0835101318e+02
-3.5740051270e+02
1.9279251099e+02
7.4402789307e+02
-9.1290612793e+02
-3.6119122314e+02
1.8939741516e+02
7.4016918945e+02
-9.1687200928e+02
-3.6496148682e+02
1.8562852478e+02
7.3599200439e+02
-9.2044598389e+02
-3.6857138062e+02
1.8188085938e+02
7.3194836426e+02
-9.2350994873e+02
-3.7178216553e+02
1.7850450134e+02
7.2833477783e+02
-9.2623614502e+02
-3.7466381836e+02
1.7545362854e+02
7.2509051514e+02
-9.2851776123e+02
-3.7708901978e+02
1.7288049316e+02
7.2235406494e+02
-9.3044372559e+02
-3.7914477539e+02
1.7069842529e+02
7.2004730225e+02
-9.3196209717e+02
-3.8076052856e+02
1.6898301697e+02
7.1822705078e+02
-9.3311053467e+02
-3.8198779297e+02
1.6768074036e+02
7.1685333252e+02
-9.3386907959e+02
-3.8279455566e+02
1.6682461548e+02
7.1594604492e+02
-9.3425085449e+02
-3.8320242310e+02
1.6639204407e+02
7.1549005127e+02
-9.3425085449e+02
-3.8320242310e+02
1.6639204407e+02
7.1549005127e+02
-9.3386907959e+02
-3.8279455566e+02
1.6682461548e+02
7.1594604492e+02
-9.3311053467e+02
-3.8198779297e+02
1.6768074036e+02
7.1685333252e+02
-9.3196209717e+02
-3.8076052856e+02
1.6898301697e+02
7.1822705078e+02
-9.3044372559e+02
-3.7914477539e+02
1.7069842529e+02
7.2004730225e+02
-9.2851776123e+02
-3.7708901978e+02
1.7288049316e+02
7.2235406494e+02
-9.2623614502e+02
-3.7466381836e+02
1.7545362854e+02
7.2509051514e+02
-9.2350994873e+02
-3.7178216553e+02
1.7850450134e+02
7.2833477783e+02
-9.2044598389e+02
-3.6857138062e+02
1.8188085938e+02
7.3194836426e+02
-9.1687200928e+02
-3.6496148682e+02
1.8562852478e+02
7.3599200439e+02
-9.1290612793e+02
-3.6119122314e+02
1.8939741516e+02
7.4016918945e+02
-9.0835101318e+02
-3.5740051270e+02
1.9279251099e+02
7.4402789307e+02
-8.8025122070e+02
-3.5004141235e+02
1.8117521667e+02
7.1346771240e+02
-8.8421026611e+02
-3.5315719604e+02
1.7843357849e+02
7.1017395020e+02
-8.8799261475e+02
-3.5652642822e+02
1.7504330444e+02
7.0621008301e+02
-8.9117065430e+02
-3.5975570679e+02
1.7167126465e+02
7.0256768799e+02
-8.9410565186e+02
-3.6278182983e+02
1.6847332764e+02
6.9910693359e+02
-8.9657232666e+02
-3.6539291382e+02
1.6569598389e+02
6.9613635254e+02
-8.9873760986e+02
-3.6769738770e+02
1.6324128723e+02
6.9352752686e+02
-9.0050140381e+02
-3.6957540894e+02
1.6123959351e+02
6.9139379883e+02
-9.0193145752e+02
-3.7110693359e+02
1.5960794067e+02
6.8966809082e+02
-9.0299005127e+02
-3.7223449707e+02
1.5840664673e+02
6.8838995361e+02
-9.0370172119e+02
-3.7299719238e+02
1.5759466553e+02
6.8753240967e+02
-9.0405450439e+02
-3.7337292480e+02
1.5719458008e+02
6.8710711670e+02
-9.0405450439e+02
-3.7337292480e+02
1.5719458008e+02
6.8710711670e+02
-9.0370172119e+02
-3.7299719238e+02
1.5759466553e+02
6.8753240967e+02
-9.0299005127e+02
-3.7223449707e+02
1.5840664673e+02
6.8838995361e+02
-9.0193145752e+02
-3.7110693359e+02
1.5960794067e+02
6.8966809082e+02
-9.0050140381e+02
-3.6957540894e+02
1.6123959351e+02
6.9139379883e+02
-8.9873760986e+02
-3.6769738770e+02
1.6324128723e+02
6.9352752686e+02
-8.9657232666e+02
-3.6539291382e+02
1.6569598389e+02
6.9613635254e+02
-8.9410565186e+02
-3.6278182983e+02
1.6847332764e+02
6.9910693359e+02
-8.9117065430e+02
-3.5975570679e+02
1.7167126465e+02
7.0256768799e+02
-8.8799261475e+02
-3.5652642822e+02
1.7504330444e+02
7.0621008301e+02
-8.8421026611e+02
-3.5315719604e+02
1.7843357849e+02
7.1017395020e+02
-8.8025122070e+02
-3.5004141235e+02
1.8117521667e+02
7.1346771240e+02
-8.4974761963e+02
-3.4077151489e+02
1.6822103882e+02
6.7959948730e+02
-8.5330889893e+02
-3.4323199463e+02
1.6612121582e+02
6.7668988037e+02
-8.5654284668e+02
-3.4609832764e+02
1.6326029968e+02
6.7324468994e+02
-8.5957183838e+02
-3.4909216309e+02
1.6013941956e+02
6.6977648926e+02
-8.6214526367e+02
-3.5176843262e+02
1.5731071472e+02
6.6668316650e+02
-8.6447930908e+02
-3.5424630737e+02
1.5467315674e+02
6.6385736084e+02
-8.6641906738e+02
-3.5631158447e+02
1.5246972656e+02
6.6148699951e+02
-8.6806878662e+02
-3.5808825684e+02
1.5057344055e+02
6.5947442627e+02
-8.6936547852e+02
-3.5947415161e+02
1.4909344482e+02
6.5789013672e+02
-8.7034912109e+02
-3.6053533936e+02
1.4796102905e+02
6.5669122314e+02
-8.7099798584e+02
-3.6122915649e+02
1.4722038269e+02
6.5590014648e+02
-8.7132501221e+02
-3.6158181763e+02
1.4684419250e+02
6.5550213623e+02
-8.7132501221e+02
-3.6158181763e+02
1.4684419250e+02
6.5550213623e+02
-8.7099798584e+02
-3.6122915649e+02
1.4722038269e+02
6.5590014648e+02
-8.7034912109e+02
-3.6053533936e+02
1.4796102905e+02
6.5669122314e+02
-8.6936547852e+02
-3.5947415161e+02
1.4909344482e+02
6.5789013672e+02
-8.6806878662e+02
-3.5808825684e+02
1.5057344055e+02
6.5947442627e+02
-8.6641906738e+02
-3.5631158447e+02
1.5246972656e+02
6.6148699951e+02
-8.6447930908e+02
-3.5424630737e+02
1.5467315674e+02
6.6385736084e+02
-8.6214526367e+02
-3.5176843262e+02
1.5731071472e+02
6.6668316650e+02
-8.5957183838e+02
-3.4909216309e+02
1.6013941956e+02
6.6977648926e+02
-8.5654284668e+02
-3.4609832764e+02
1.6326029968e+02
6.7324468994e+02
-8.5330889893e+02
-3.4323199463e+02
1.6612121582e+02
6.7668988037e+02
-8.4974761963e+02
-3.4077151489e+02
1.6822103882e+02
6.7959948730e+02
-8.1549969482e+02
-3.3195278931e+02
1.5443373108e+02
6.4275024414e+02
-8.1833593750e+02
-3.3363510132e+02
1.5309362793e+02
6.4050976562e+02
-8.2143756104e+02
-3.3609054565e+02
1.5061491394e+02
6.3725506592e+02
-8.2397845459e+02
-3.3860260010e+02
1.4796771240e+02
6.3427862549e+02
-8.2643646240e+02
-3.4111318970e+02
1.4529235840e+02
6.3133135986e+02
-8.2847222900e+02
-3.4325784302e+02
1.4299249268e+02
6.2882775879e+02
-8.3028619385e+02
-3.4520291138e+02
1.4090447998e+02
6.2659753418e+02
-8.3175665283e+02
-3.4677114868e+02
1.3921960449e+02
6.2478063965e+02
-8.3295440674e+02
-3.4806665039e+02
1.3782901001e+02
6.2330462646e+02
-8.3383984375e+02
-3.4901358032e+02
1.3681217957e+02
6.2221246338e+02
-8.3443597412e+02
-3.4965893555e+02
1.3611996460e+02
6.2147869873e+02
-8.3473138428e+02
-3.4997506714e+02
1.3578067017e+02
6.2111486816e+02
-8.3473138428e+02
-3.4997506714e+02
1.3578067017e+02
6.2111486816e+02
-8.3443597412e+02
-3.4965893555e+02
1.3611996460e+02
6.2147869873e+02
-8.3383984375e+02
-3.4901358032e+02
1.3681217957e+02
6.2221246338e+02
-8.3295440674e+02
-3.4806665039e+02
1.3782901001e+02
6.2330462646e+02
-8.3175665283e+02
-3.4677114868e+02
1.3921960449e+02
6.2478063965e+02
-8.3028619385e+02
-3.4520291138e+02
1.4090447998e+02
6.2659753418e+02
-8.2847222900e+02
-3.4325784302e+02
1.4299249268e+02
6.2882775879e+02
-8.2643646240e+02
-3.4111318970e+02
1.4529235840e+02
6.3133135986e+02
-8.2397845459e+02
-3.3860260010e+02
1.4796771240e+02
6.3427862549e+02
-8.2143756104e+02
-3.3609054565e+02
1.5061491394e+02
6.3725506592e+02
-8.1833593750e+02
-3.3363510132e+02
1.5309362793e+02
6.4050976562e+02
-8.1549969482e+02
-3.3195278931e+02
1.5443373108e+02
6.4275024414e+02
-7.7961810303e+02
-3.2049905396e+02
1.3925721741e+02
6.0299615479e+02
-7.8209747314e+02
-3.2150329590e+02
1.3856324768e+02
6.0112591553e+02
-7.8451232910e+02
-3.2334997559e+02
1.3671803284e+02
5.9849743652e+02
-7.8694946289e+02
-3.2568612671e+02
1.3426502991e+02
5.9566021729e+02
-7.8898791504e+02
-3.2776406860e+02
1.3205157471e+02
5.9314514160e+02
-7.9088958740e+02
-3.2980191040e+02
1.2986582947e+02
5.9078613281e+02
-7.9246020508e+02
-3.3147238159e+02
1.2807006836e+02
5.8881842041e+02
-7.9380639648e+02
-3.3294250488e+02
1.2648989868e+02
5.8713500977e+02
-7.9486328125e+02
-3.3407736206e+02
1.2526865387e+02
5.8581085205e+02
-7.9566668701e+02
-3.3495620728e+02
1.2432418823e+02
5.8480694580e+02
-7.9619683838e+02
-3.3552667236e+02
1.2371049500e+02
5.8414416504e+02
-7.9646398926e+02
-3.3581878662e+02
1.2339666748e+02
5.8381072998e+02
-7.9646398926e+02
-3.3581878662e+02
1.2339666748e+02
5.8381072998e+02
-7.9619683838e+02
-3.3552667236e+02
1.2371049500e+02
5.8414416504e+02
-7.9566668701e+02
-3.3495620728e+02
1.2432418823e+02
5.8480694580e+02
-7.9486328125e+02
-3.3407736206e+02
1.2526865387e+02
5.8581085205e+02
-7.9380639648e+02
-3.3294250488e+02
1.2648989868e+02
5.8713500977e+02
-7.9246020508e+02
-3.3147238159e+02
1.2807006836e+02
5.8881842041e+02
-7.9088958740e+02
-3.2980191040e+02
1.2986582947e+02
5.9078613281e+02
-7.8898791504e+02
-3.2776406860e+02
1.3205157471e+02
5.9314514160e+02
-7.8694946289e+02
-3.2568612671e+02
1.3426502991e+02
5.9566021729e+02
-7.8451232910e+02
-3.2334997559e+02
1.3671803284e+02
5.9849743652e+02
-7.8209747314e+02
-3.2150329590e+02
1.3856324768e+02
6.0112591553e+02
-7.7961810303e+02
-3.2049905396e+02
1.3925721741e+02
6.0299615479e+02
-7.3967797852e+02
-3.1051831055e+02
1.2371846771e+02
5.6065502930e+02
-7.4129852295e+02
-3.1066229248e+02
1.2389642334e+02
5.5953173828e+02
-7.4369561768e+02
-3.1218807983e+02
1.2236289215e+02
5.5701947021e+02
-7.4555920410e+02
-3.1391369629e+02
1.2052053833e+02
5.5476098633e+02
-7.4751098633e+02
-3.1589135742e+02
1.1838961029e+02
5.5236218262e+02
-7.4910137939e+02
-3.1754104614e+02
1.1660140228e+02
5.5035314941e+02
-7.5054302979e+02
-3.1910598755e+02
1.1490468597e+02
5.4853283691e+02
-7.5170983887e+02
-3.2034857178e+02
1.1355529785e+02
5.4705169678e+02
-7.5266345215e+02
-3.2139443970e+02
1.1242185211e+02
5.4584478760e+02
-7.5336950684e+02
-3.2215173340e+02
1.1160006714e+02
5.4495025635e+02
-7.5384466553e+02
-3.2267324829e+02
1.1103532410e+02
5.4434942627e+02
-7.5408062744e+02
-3.2292684937e+02
1.1076030731e+02
5.4405096436e+02
-7.5408062744e+02
-3.2292684937e+02
1.1076030731e+02
5.4405096436e+02
-7.5384466553e+02
-3.2267324829e+02
1.1103532410e+02
5.4434942627e+02
-7.5336950684e+02
-3.2215173340e+02
1.1160006714e+02
5.4495025635e+02
-7.5266345215e+02
-3.2139443970e+02
1.1242185211e+02
5.4584478760e+02
-7.5170983887e+02
-3.2034857178e+02
1.1355529785e+02
5.4705169678e+02
-7.5054302979e+02
-3.1910598755e+02
1.1490468597e+02
5.4853283691e+02
-7.4910137939e+02
-3.1754104614e+02
1.1660140228e+02
5.5035314941e+02
-7.4751098633e+02
-3.1589135742e+02
1.1838961029e+02
5.5236218262e+02
-7.4555920410e+02
-3.1391369629e+02
1.2052053833e+02
5.5476098633e+02
-7.4369561768e+02
-3.1218807983e+02
1.2236289215e+02
5.5701947021e+02
-7.4129852295e+02
-3.1066229248e+02
1.2389642334e+02
5.5953173828e+02
-7.3967797852e+02
-3.1051831055e+02
1.2371846771e+02
5.6065502930e+02
-6.9922033691e+02
-2.9671832275e+02
1.0668836212e+02
5.1582507324e+02
-7.0060473633e+02
-2.9624908447e+02
1.0738474274e+02
5.1502166748e+02
-7.0216076660e+02
-2.9698321533e+02
1.0661833954e+02
5.1325512695e+02
-7.0399682617e+02
-2.9867816162e+02
1.0480466461e+02
5.1106387329e+02
-7.0550311279e+02
-3.0013223267e+02
1.0323274994e+02
5.0914605713e+02
-7.0695916748e+02
-3.0172167969e+02
1.0150808716e+02
5.0727874756e+02
-7.0816424561e+02
-3.0299295044e+02
1.0012647247e+02
5.0572109985e+02
-7.0920306396e+02
-3.0415133667e+02
9.8870758057e+01
5.0438134766e+02
-7.1002258301e+02
-3.0503396606e+02
9.7911941528e+01
5.0332293701e+02
-7.1064501953e+02
-3.0572842407e+02
9.7159645081e+01
5.0252108765e+02
-7.1105767822e+02
-3.0617523193e+02
9.6674674988e+01
5.0198962402e+02
-7.1126513672e+02
-3.0640634155e+02
9.6424453735e+01
5.0172280884e+02
-7.1126513672e+02
-3.0640634155e+02
9.6424453735e+01
5.0172280884e+02
-7.1105767822e+02
-3.0617523193e+02
9.6674674988e+01
5.0198962402e+02
-7.1064501953e+02
-3.0572842407e+02
9.7159645081e+01
5.0252108765e+02
-7.1002258301e+02
-3.0503396606e+02
9.7911941528e+01
5.0332293701e+02
-7.0920306396e+02
-3.0415133667e+02
9.8870758057e+01
5.0438134766e+02
-7.0816424561e+02
-3.0299295044e+02
1.0012647247e+02
5.0572109985e+02
-7.0695916748e+02
-3.0172167969e+02
1.0150808716e+02
5.0727874756e+02
-7.0550311279e+02
-3.0013223267e+02
1.0323274994e+02
5.0914605713e+02
-7.0399682617e+02
-2.9867816162e+02
1.0480466461e+02
5.1106387329e+02
-7.0216076660e+02
-2.9698321533e+02
1.0661833954e+02
5.1325512695e+02
-7.0060473633e+02
-2.9624908447e+02
1.0738474274e+02
5.1502166748e+02
-6.9922033691e+02
-2.9671832275e+02
1.0668836212e+02
5.1582507324e+02
-6.5397576904e+02
-2.8598638916e+02
8.9784629822e+01
4.6893395996e+02
-6.5435516357e+02
-2.8455035400e+02
9.1557609558e+01
4.6891088867e+02
-6.5607403564e+02
-2.8525604248e+02
9.0910293579e+01
4.6710995483e+02
-6.5728070068e+02
-2.8616989136e+02
8.9929061890e+01
4.6557183838e+02
-6.5872491455e+02
-2.8763592529e+02
8.8333290100e+01
4.6372561646e+02
-6.5989990234e+02
-2.8880807495e+02
8.7048957825e+01
4.6219430542e+02
-6.6098077393e+02
-2.9000299072e+02
8.5741256714e+01
4.6078698730e+02
-6.6186395264e+02
-2.9093414307e+02
8.4717727661e+01
4.5963259888e+02
-6.6258514404e+02
-2.9173928833e+02
8.3836433411e+01
4.5869305420e+02
-6.6312414551e+02
-2.9231591797e+02
8.3203254700e+01
4.5799139404e+02
-6.6348541260e+02
-2.9271887207e+02
8.2762466431e+01
4.5752166748e+02
-6.6366613770e+02
-2.9291305542e+02
8.2549438477e+01
4.5728701782e+02
-6.6366613770e+02
-2.9291305542e+02
8.2549438477e+01
4.5728701782e+02
-6.6348541260e+02
-2.9271887207e+02
8.2762466431e+01
4.5752166748e+02
-6.6312414551e+02
-2.9231591797e+02
8.3203254700e+01
4.5799139404e+02
-6.6258514404e+02
-2.9173928833e+02
8.3836433411e+01
4.5869305420e+02
-6.6186395264e+02
-2.9093414307e+02
8.4717727661e+01
4.5963259888e+02
-6.6098077393e+02
-2.9000299072e+02
8.5741256714e+01
4.6078698730e+02
-6.5989990234e+02
-2.8880807495e+02
8.7048957825e+01
4.6219430542e+02
-6.5872491455e+02
-2.8763592529e+02
8.8333290100e+01
4.6372561646e+02
-6.5728070068e+02
-2.8616989136e+02
8.9929061890e+01
4.6557183838e+02
-6.5607403564e+02
-2.8525604248e+02
9.0910293579e+01
4.6710995483e+02
-6.5435516357e+02
-2.8455035400e+02
9.1557609558e+01
4.6891088867e+02
-6.5397576904e+02
-2.8598638916e+02
8.9784629822e+01
4.6893395996e+02
-6.0988500977e+02
-2.6948590088e+02
7.1451721191e+01
4.1980889893e+02
-6.1023620605e+02
-2.6769241333e+02
7.3330505371e+01
4.2003656006e+02
-6.1096575928e+02
-2.6721249390e+02
7.3671852112e+01
4.1913656616e+02
-6.1222192383e+02
-2.6833749390e+02
7.2387184143e+01
4.1756781006e+02
-6.1326928711e+02
-2.6920773315e+02
7.1408752441e+01
4.1620446777e+02
-6.1430950928e+02
-2.7037683105e+02
7.0115989685e+01
4.1482226562e+02
-6.1519549561e+02
-2.7128829956e+02
6.9109214783e+01
4.1364288330e+02
-6.1595880127e+02
-2.7216299438e+02
6.8152976990e+01
4.1263015747e+02
-6.1657348633e+02
-2.7282171631e+02
6.7430999756e+01
4.1181677246e+02
-6.1703759766e+02
-2.7335202026e+02
6.6853523254e+01
4.1120352173e+02
-6.1734973145e+02
-2.7369009399e+02
6.6484176636e+01
4.1079257202e+02
-6.1750543213e+02
-2.7386737061e+02
6.6291412354e+01
4.1058743286e+02
-6.1750543213e+02
-2.7386737061e+02
6.6291412354e+01
4.1058743286e+02
-6.1734973145e+02
-2.7369009399e+02
6.6484176636e+01
4.1079257202e+02
-6.1703759766e+02
-2.7335202026e+02
6.6853523254e+01
4.1120352173e+02
-6.1657348633e+02
-2.7282171631e+02
6.7430999756e+01
4.1181677246e+02
-6.1595880127e+02
-2.7216299438e+02
6.8152976990e+01
4.1263015747e+02
-6.1519549561e+02
-2.7128829956e+02
6.9109214783e+01
4.1364288330e+02
-6.1430950928e+02
-2.7037683105e+02
7.0115989685e+01
4.1482226562e+02
-6.1326928711e+02
-2.6920773315e+02
7.1408752441e+01
4.1620446777e+02
-6.1222192383e+02
-2.6833749390e+02
7.2387184143e+01
4.1756781006e+02
-6.1096575928e+02
-2.6721249390e+02
7.3671852112e+01
4.1913656616e+02
-6.1023620605e+02
-2.6769241333e+02
7.3330505371e+01
4.2003656006e+02
-6.0988500977e+02
-2.6948590088e+02
7.1451721191e+01
4.1980889893e+02
-5.5953558350e+02
-2.5858294678e+02
5.3476840973e+01
3.6951831055e+02
-5.5874700928e+02
-2.5551087952e+02
5.6956192017e+01
3.7047470093e+02
-5.5985394287e+02
-2.5569424438e+02
5.6999385834e+01
3.6926892090e+02
-5.6054003906e+02
-2.5587409973e+02
5.6871322632e+01
3.6835751343e+02
-5.6152032471e+02
-2.5689208984e+02
5.5775527954e+01
3.6703076172e+02
-5.6237097168e+02
-2.5767428589e+02
5.4922981262e+01
3.6589489746e+02
-5.6315722656e+02
-2.5855950928e+02
5.3957168579e+01
3.6485491943e+02
-5.6382543945e+02
-2.5924191284e+02
5.3205207825e+01
3.6397463989e+02
-5.6436614990e+02
-2.5985324097e+02
5.2535434723e+01
3.6326477051e+02
-5.6478100586e+02
-2.6028778076e+02
5.2056373596e+01
3.6272406006e+02
-5.6505639648e+02
-2.6059735107e+02
5.1717201233e+01
3.6236508179e+02
-5.6519653320e+02
-2.6074523926e+02
5.1554306030e+01
3.6218341064e+02
-5.6519653320e+02
-2.6074523926e+02
5.1554306030e+01
3.6218341064e+02
-5.6505639648e+02
-2.6059735107e+02
5.1717201233e+01
3.6236508179e+02
-5.6478100586e+02
-2.6028778076e+02
5.2056373596e+01
3.6272406006e+02
-5.6436614990e+02
-2.5985324097e+02
5.2535434723e+01
3.6326477051e+02
-5.6382543945e+02
-2.5924191284e+02
5.3205207825e+01
3.6397463989e+02
-5.6315722656e+02
-2.5855950928e+02
5.3957168579e+01
3.6485491943e+02
-5.6237097168e+02
-2.5767428589e+02
5.4922981262e+01
3.6589489746e+02
-5.6152032471e+02
-2.5689208984e+02
5.5775527954e+01
3.6703076172e+02
-5.6054003906e+02
-2.5587409973e+02
5.6871322632e+01
3.6835751343e+02
-5.5985394287e+02
-2.5569424438e+02
5.6999385834e+01
3.6926892090e+02
-5.5874700928e+02
-2.5551087952e+02
5.6956192017e+01
3.7047470093e+02
-5.5953558350e+02
-2.5858294678e+02
5.3476840973e+01
3.6951831055e+02
-5.1272229004e+02
-2.3871022034e+02
3.4591159821e+01
3.1702780151e+02
-5.1217285156e+02
-2.3610025024e+02
3.7084232330e+01
3.1815679932e+02
-5.1228271484e+02
-2.3431588745e+02
3.8507537842e+01
3.1803210449e+02
-5.1300390625e+02
-2.3496446228e+02
3.7579021454e+01
3.1703134155e+02
-5.1376629639e+02
-2.3540962219e+02
3.7011398315e+01
3.1607092285e+02
-5.1450811768e+02
-2.3625712585e+02
3.6049327850e+01
3.1509954834e+02
-5.1519622803e+02
-2.3692324829e+02
3.5303165436e+01
3.1420034790e+02
-5.1577947998e+02
-2.3760182190e+02
3.4561824799e+01
3.1344131470e+02
-5.1627325439e+02
-2.3811488342e+02
3.4002361298e+01
3.1280670166e+02
-5.1664117432e+02
-2.3853872681e+02
3.3545673370e+01
3.1233361816e+02
-5.1689599609e+02
-2.3880844116e+02
3.3254249573e+01
3.1200918579e+02
-5.1702142334e+02
-2.3895184326e+02
3.3100410461e+01
3.1184890747e+02
-5.1702142334e+02
-2.3895184326e+02
3.3100410461e+01
3.1184890747e+02
-5.1689599609e+02
-2.3880844116e+02
3.3254249573e+01
3.1200918579e+02
-5.1664117432e+02
-2.3853872681e+02
3.3545673370e+01
3.1233361816e+02
-5.1627325439e+02
-2.3811488342e+02
3.4002361298e+01
3.1280670166e+02
-5.1577947998e+02
-2.3760182190e+02
3.4561824799e+01
3.1344131470e+02
-5.1519622803e+02
-2.3692324829e+02
3.5303165436e+01
3.1420034790e+02
-5.1450811768e+02
-2.3625712585e+02
3.6049327850e+01
3.1509954834e+02
-5.1376629639e+02
-2.3540962219e+02
3.7011398315e+01
3.1607092285e+02
-5.1300390625e+02
-2.3496446228e+02
3.7579021454e+01
3.1703134155e+02
-5.1228271484e+02
-2.3431588745e+02
3.8507537842e+01
3.1803210449e+02
-5.1217285156e+02
-2.3610025024e+02
3.7084232330e+01
3.1815679932e+02
-5.1272229004e+02
-2.3871022034e+02
3.4591159821e+01
3.1702780151e+02
-4.5757507324e+02
-2.2802384949e+02
1.6289777756e+01
2.6407479858e+02
-4.5595852661e+02
-2.2309910583e+02
2.1703310013e+01
2.6570690918e+02
-4.5649795532e+02
-2.2324340820e+02
2.2062622070e+01
2.6489947510e+02
-4.5701553345e+02
-2.2303242493e+02
2.2548421860e+01
2.6431317139e+02
-4.5770687866e+02
-2.2375823975e+02
2.1846046448e+01
2.6338772583e+02
-4.5842297363e+02
-2.2435295105e+02
2.1243434906e+01
2.6246551514e+02
-4.5907073975e+02
-2.2507644653e+02
2.0485569000e+01
2.6166220093e+02
-4.5966687012e+02
-2.2564932251e+02
1.9877443314e+01
2.6093460083e+02
-4.6014056396e+02
-2.2617465210e+02
1.9318851471e+01
2.6035983276e+02
-4.6051974487e+02
-2.2655184937e+02
1.8914644241e+01
2.5990582275e+02
-4.6076821899e+02
-2.2682402039e+02
1.8624433517e+01
2.5960821533e+02
-4.6089785767e+02
-2.2695431519e+02
1.8484695435e+01
2.5945446777e+02
-4.6089785767e+02
-2.2695431519e+02
1.8484695435e+01
2.5945446777e+02
-4.6076821899e+02
-2.2682402039e+02
1.8624433517e+01
2.5960821533e+02
-4.6051974487e+02
-2.2655184937e+02
1.8914644241e+01
2.5990582275e+02
-4.6014056396e+02
-2.2617465210e+02
1.9318851471e+01
2.6035983276e+02
-4.5966687012e+02
-2.2564932251e+02
1.9877443314e+01
2.6093460083e+02
-4.5907073975e+02
-2.2507644653e+02
2.0485569000e+01
2.6166220093e+02
-4.5842297363e+02
-2.2435295105e+02
2.1243434906e+01
2.6246551514e+02
-4.5770687866e+02
-2.2375823975e+02
2.1846046448e+01
2.6338772583e+02
-4.5701553345e+02
-2.2303242493e+02
2.2548421860e+01
2.6431317139e+02
-4.5649795532e+02
-2.2324340820e+02
2.2062622070e+01
2.6489947510e+02
-4.5595852661e+02
-2.2309910583e+02
2.1703310013e+01
2.6570690918e+02
-4.5757507324e+02
-2.2802384949e+02
1.6289777756e+01
2.6407479858e+02
-4.0790280151e+02
-2.0471086121e+02
-3.3789153099e+00
2.1126481628e+02
-4.0650085449e+02
-2.0243609619e+02
-1.3843252659e+00
2.1299678040e+02
-4.0666409302e+02
-1.9961927795e+02
8.2959091663e-01
2.1322233582e+02
-4.0701440430e+02
-1.9988633728e+02
9.8744668067e-02
2.1265126038e+02
-4.0776809692e+02
-2.0022801208e+02
-4.1277953982e-01
2.1177084351e+02
-4.0845187378e+02
-2.0096464539e+02
-1.2594386339e+00
2.1099925232e+02
-4.0916278076e+02
-2.0159968567e+02
-1.9548001289e+00
2.1017512512e+02
-4.0974481201e+02
-2.0224905396e+02
-2.6470398903e+00
2.0950492859e+02
-4.1026318359e+02
-2.0275613403e+02
-3.1798925400e+00
2.0891384888e+02
-4.1064373779e+02
-2.0317565918e+02
-3.6154620647e+00
2.0848251343e+02
-4.1091397095e+02
-2.0344599915e+02
-3.8953707218e+00
2.0817948914e+02
-4.1104534912e+02
-2.0358946228e+02
-4.0429792404e+00
2.0803210449e+02
-4.1104534912e+02
-2.0358946228e+02
-4.0429792404e+00
2.0803210449e+02
-4.1091397095e+02
-2.0344599915e+02
-3.8953707218e+00
2.0817948914e+02
-4.1064373779e+02
-2.0317565918e+02
-3.6154620647e+00
2.0848251343e+02
-4.1026318359e+02
-2.0275613403e+02
-3.1798925400e+00
2.0891384888e+02
-4.0974481201e+02
-2.0224905396e+02
-2.6470398903e+00
2.0950492859e+02
-4.0916278076e+02
-2.0159968567e+02
-1.9548001289e+00
2.1017512512e+02
-4.0845187378e+02
-2.0096464539e+02
-1.2594386339e+00
2.1099925232e+02
-4.0776809692e+02
-2.0022801208e+02
-4.1277953982e-01
2.1177084351e+02
-4.0701440430e+02
-1.9988633728e+02
9.8744668067e-02
2.1265126038e+02
-4.0666409302e+02
-1.9961927795e+02
8.2959091663e-01
2.1322233582e+02
-4.0650085449e+02
-2.0243609619e+02
-1.3843252659e+00
2.1299678040e+02
-4.0790280151e+02
-2.0471086121e+02
-3.3789153099e+00
2.1126481628e+02
-3.4953121948e+02
-1.9249504089e+02
-1.8518520355e+01
1.5265788269e+02
-3.4847512817e+02
-1.8565370178e+02
-1.1250239372e+01
1.5422499084e+02
-3.4843408203e+02
-1.8600669861e+02
-1.1026121140e+01
1.5355099487e+02
-3.4927557373e+02
-1.8611392212e+02
-1.0691897392e+01
1.5269950867e+02
-3.5005560303e+02
-1.8686766052e+02
-1.1321248055e+01
1.5188554382e+02
-3.5094726562e+02
-1.8761315918e+02
-1.2019863129e+01
1.5086869812e+02
-3.5169085693e+02
-1.8842097473e+02
-1.2832719803e+01
1.5005982971e+02
-3.5239428711e+02
-1.8908256531e+02
-1.3503121376e+01
1.4929490662e+02
-3.5292495728e+02
-1.8965725708e+02
-1.4096503258e+01
1.4872145081e+02
-3.5334497070e+02
-1.9006738281e+02
-1.4523280144e+01
1.4826240540e+02
-3.5360882568e+02
-1.9035317993e+02
-1.4822949409e+01
1.4797065735e+02
-3.5374569702e+02
-1.9048934937e+02
-1.4966557503e+01
1.4781837463e+02
-3.5374569702e+02
-1.9048934937e+02
-1.4966557503e+01
1.4781837463e+02
-3.5360882568e+02
-1.9035317993e+02
-1.4822949409e+01
1.4797065735e+02
-3.5334497070e+02
-1.9006738281e+02
-1.4523280144e+01
1.4826240540e+02
-3.5292495728e+02
-1.8965725708e+02
-1.4096503258e+01
1.4872145081e+02
-3.5239428711e+02
-1.8908256531e+02
-1.3503121376e+01
1.4929490662e+02
-3.5169085693e+02
-1.8842097473e+02
-1.2832719803e+01
1.5005982971e+02
-3.5094726562e+02
-1.8761315918e+02
-1.2019863129e+01
1.5086869812e+02
-3.5005560303e+02
-1.8686766052e+02
-1.1321248055e+01
1.5188554382e+02
-3.4927557373e+02
-1.8611392212e+02
-1.0691897392e+01
1.5269950867e+02
-3.4843408203e+02
-1.8600669861e+02
-1.1026121140e+01
1.5355099487e+02
-3.4847512817e+02
-1.8565370178e+02
-1.1250239372e+01
1.5422499084e+02
-3.4953121948e+02
-1.9249504089e+02
-1.8518520355e+01
1.5265788269e+02
-2.9740255737e+02
-1.6752952576e+02
-4.2067420959e+01
1.0790625000e+02
-2.9425930786e+02
-1.6677615356e+02
-4.1614269257e+01
1.0942792511e+02
-2.9547647095e+02
-1.6462844849e+02
-3.9740268707e+01
1.0899328613e+02
-2.9606149292e+02
-1.6491578674e+02
-4.0350784302e+01
1.0837255096e+02
-2.9723452759e+02
-1.6570062256e+02
-4.1275337219e+01
1.0697674561e+02
-2.9812368774e+02
-1.6664964294e+02
-4.2320972443e+01
1.0597832489e+02
-2.9897235107e+02
-1.6743533325e+02
-4.3167842865e+01
1.0494568634e+02
-2.9952978516e+02
-1.6810073853e+02
-4.3909828186e+01
1.0418309021e+02
-2.9996295166e+02
-1.6857221985e+02
-4.4448177338e+01
1.0352095032e+02
-3.0022161865e+02
-1.6892118835e+02
-4.4860626221e+01
1.0306353760e+02
-3.0039065552e+02
-1.6913024902e+02
-4.5113899231e+01
1.0274336243e+02
-3.0046279907e+02
-1.6923632812e+02
-4.5244480133e+01
1.0259212494e+02
-3.0046279907e+02
-1.6923632812e+02
-4.5244480133e+01
1.0259212494e+02
-3.0039065552e+02
-1.6913024902e+02
-4.5113899231e+01
1.0274336243e+02
-3.0022161865e+02
-1.6892118835e+02
-4.4860626221e+01
1.0306353760e+02
-2.9996295166e+02
-1.6857221985e+02
-4.4448177338e+01
1.0352095032e+02
-2.9952978516e+02
-1.6810073853e+02
-4.3909828186e+01
1.0418309021e+02
-2.9897235107e+02
-1.6743533325e+02
-4.3167842865e+01
1.0494568634e+02
-2.9812368774e+02
-1.6664964294e+02
-4.2320972443e+01
1.0597832489e+02
-2.9723452759e+02
-1.6570062256e+02
-4.1275337219e+01
1.0697674561e+02
-2.9606149292e+02
-1.6491578674e+02
-4.0350784302e+01
1.0837255096e+02
-2.9547647095e+02
-1.6462844849e+02
-3.9740268707e+01
1.0899328613e+02
-2.9425930786e+02
-1.6677615356e+02
-4.1614269257e+01
1.0942792511e+02
-2.9740255737e+02
-1.6752952576e+02
-4.2067420959e+01
1.0790625000e+02
-2.2865179443e+02
-1.5915895081e+02
-5.3029361725e+01
4.1966239929e+01
-2.3220164490e+02
-1.5266905212e+02
-4.6327133179e+01
4.2811611176e+01
-2.3335202026e+02
-1.5244944763e+02
-4.6540168762e+01
4.1480781555e+01
-2.3529202271e+02
-1.5352903748e+02
-4.7978130341e+01
3.9300304413e+01
-2.3626544189e+02
-1.5444509888e+02
-4.9212722778e+01
3.8008293152e+01
-2.3697494507e+02
-1.5510549927e+02
-5.0232288361e+01
3.6593441010e+01
-2.3713290405e+02
-1.5556106567e+02
-5.1063659668e+01
3.5589958191e+01
-2.3718336487e+02
-1.5581216431e+02
-5.1649257660e+01
3.4686546326e+01
-2.3707473755e+02
-1.5597415161e+02
-5.2099548340e+01
3.4060810089e+01
-2.3697871399e+02
-1.5604718018e+02
-5.2386589050e+01
3.3571910858e+01
-2.3687927246e+02
-1.5609088135e+02
-5.2578834534e+01
3.3277023315e+01
-2.3683177185e+02
-1.5610441589e+02
-5.2664543152e+01
3.3123088837e+01
-2.3683177185e+02
-1.5610441589e+02
-5.2664543152e+01
3.3123088837e+01
-2.3687927246e+02
-1.5609088135e+02
-5.2578834534e+01
3.3277023315e+01
-2.3697871399e+02
-1.5604718018e+02
-5.2386589050e+01
3.3571910858e+01
-2.3707473755e+02
-1.5597415161e+02
-5.2099548340e+01
3.4060810089e+01
-2.3718336487e+02
-1.5581216431e+02
-5.1649257660e+01
3.4686546326e+01
-2.3713290405e+02
-1.5556106567e+02
-5.1063659668e+01
3.5589958191e+01
-2.3697494507e+02
-1.5510549927e+02
-5.0232288361e+01
3.6593441010e+01
-2.3626544189e+02
-1.5444509888e+02
-4.9212722778e+01
3.8008293152e+01
-2.3529202271e+02
-1.5352903748e+02
-4.7978130341e+01
3.9300304413e+01
-2.3335202026e+02
-1.5244944763e+02
-4.6540168762e+01
4.1480781555e+01
-2.3220164490e+02
-1.5266905212e+02
-4.6327133179e+01
4.2811611176e+01
-2.2865179443e+02
-1.5915895081e+02
-5.3029361725e+01
4.1966239929e+01
-2.1747760010e+02
-9.6955520630e+01
-5.8733547211e+01
-1.2538443565e+01
-2.1306950378e+02
-9.8753814697e+01
-6.0431388855e+01
-1.7127655029e+01
-2.1298114014e+02
-1.0179181671e+02
-6.3018661499e+01
-2.2120512009e+01
-2.1098616028e+02
-1.0269178009e+02
-6.3783988953e+01
-2.4349409103e+01
-2.0974748230e+02
-1.0301354980e+02
-6.4663948059e+01
-2.6843358994e+01
-2.0805644226e+02
-1.0309569550e+02
-6.5264488220e+01
-2.8326671600e+01
-2.0688563538e+02
-1.0296965790e+02
-6.5667434692e+01
-2.9573329926e+01
-2.0581553650e+02
-1.0284082794e+02
-6.5941696167e+01
-3.0344284058e+01
-2.0508293152e+02
-1.0267407990e+02
-6.6094177246e+01
-3.0945377350e+01
-2.0452105713e+02
-1.0255531311e+02
-6.6202484131e+01
-3.1310514450e+01
-2.0418333435e+02
-1.0246114349e+02
-6.6253242493e+01
-3.1556652069e+01
-2.0400991821e+02
-1.0241777802e+02
-6.6281707764e+01
-3.1664270401e+01
-2.0400991821e+02
-1.0241777802e+02
-6.6281707764e+01
-3.1664270401e+01
-2.0418333435e+02
-1.0246114349e+02
-6.6253242493e+01
-3.1556652069e+01
-2.0452105713e+02
-1.0255531311e+02
-6.6202484131e+01
-3.1310514450e+01
-2.0508293152e+02
-1.0267407990e+02
-6.6094177246e+01
-3.0945377350e+01
-2.0581553650e+02
-1.0284082794e+02
-6.5941696167e+01
-3.0344284058e+01
-2.0688563538e+02
-1.0296965790e+02
-6.5667434692e+01
-2.9573329926e+01
-2.0805644226e+02
-1.0309569550e+02
-6.5264488220e+01
-2.8326671600e+01
-2.0974748230e+02
-1.0301354980e+02
-6.4663948059e+01
-2.6843358994e+01
-2.1098616028e+02
-1.0269178009e+02
-6.3783988953e+01
-2.4349409103e+01
-2.1298114014e+02
-1.0179181671e+02
-6.3018661499e+01
-2.2120512009e+01
-2.1306950378e+02
-9.8753814697e+01
-6.0431388855e+01
-1.7127655029e+01
-2.1747760010e+02
-9.6955520630e+01
-5.8733547211e+01
-1.2538443565e+01
-5.8801158905e+01
-2.3499824524e+02
-1.4355133057e+02
1.8598724365e+01
-5.6521781921e+01
-2.3056382751e+02
-1.5150025940e+02
1.0840908051e+01
-5.3870098114e+01
-2.2094108582e+02
-1.4864593506e+02
1.0791890144e+01
-5.3535179138e+01
-2.1512268066e+02
-1.4796034241e+02
8.4558639526e+00
-5.1510456085e+01
-2.1174534607e+02
-1.4709272766e+02
7.3762717247e+00
-5.0834884644e+01
-2.0930963135e+02
-1.4664724731e+02
6.2210502625e+00
-4.9842025757e+01
-2.0787239075e+02
-1.4621932983e+02
5.6733021736e+00
-4.9411273956e+01
-2.0675643921e+02
-1.4591438293e+02
5.1970767975e+00
-4.8955326080e+01
-2.0607640076e+02
-1.4566673279e+02
4.9337544441e+00
-4.8737335205e+01
-2.0557342529e+02
-1.4549906921e+02
4.7402610779e+00
-4.8558471680e+01
-2.0529492188e+02
-1.4538705444e+02
4.6345129013e+00
-4.8492630005e+01
-2.0514991760e+02
-1.4533462524e+02
4.5817975998e+00
-4.8492630005e+01
-2.0514991760e+02
-1.4533462524e+02
4.5817975998e+00
-4.8558471680e+01
-2.0529492188e+02
-1.4538705444e+02
4.6345129013e+00
-4.8737335205e+01
-2.0557342529e+02
-1.4549906921e+02
4.7402610779e+00
-4.8955326080e+01
-2.0607640076e+02
-1.4566673279e+02
4.9337544441e+00
-4.9411273956e+01
-2.0675643921e+02
-1.4591438293e+02
5.1970767975e+00
-4.9842025757e+01
-2.0787239075e+02
-1.4621932983e+02
5.6733021736e+00
-5.0834884644e+01
-2.0930963135e+02
-1.4664724731e+02
6.2210502625e+00
-5.1510456085e+01
-2.1174534607e+02
-1.4709272766e+02
7.3762717247e+00
-5.3535179138e+01
-2.1512268066e+02
-1.4796034241e+02
8.4558639526e+00
-5.3870098114e+01
-2.2094108582e+02
-1.4864593506e+02
1.0791890144e+01
-5.6521781921e+01
-2.3056382751e+02
-1.5150025940e+02
1.0840908051e+01
-5.8801158905e+01
-2.3499824524e+02
-1.4355133057e+02
1.8598724365e+01
