-9.3889739990e+01
-2.8277157593e+02
-1.2866464233e+02
3.3581058502e+01
-8.4838615417e+01
-2.6527603149e+02
-1.3303134155e+02
2.6303501129e+01
-7.9444885254e+01
-2.4841886902e+02
-1.2818240356e+02
2.6646772385e+01
-7.7164604187e+01
-2.3852392578e+02
-1.2720972443e+02
2.4641767502e+01
-7.3671524048e+01
-2.3324705505e+02
-1.2618708801e+02
2.2931921005e+01
-7.2186004639e+01
-2.2968957520e+02
-1.2602063751e+02
2.1452484131e+01
-7.0580810547e+01
-2.2774476624e+02
-1.2572896576e+02
2.0503635406e+01
-6.9811676025e+01
-2.2631228638e+02
-1.2563686371e+02
1.9809469223e+01
-6.9096771240e+01
-2.2550532532e+02
-1.2551189423e+02
1.9339662552e+01
-6.8739547729e+01
-2.2492446899e+02
-1.2546770477e+02
1.9034969330e+01
-6.8464889526e+01
-2.2462435913e+02
-1.2542168427e+02
1.8843107224e+01
-6.8361061096e+01
-2.2446743774e+02
-1.2540975189e+02
1.8756568909e+01
-6.8361061096e+01
-2.2446743774e+02
-1.2540975189e+02
1.8756568909e+01
-6.8464889526e+01
-2.2462435913e+02
-1.2542168427e+02
1.8843107224e+01
-6.8739547729e+01
-2.2492446899e+02
-1.2546770477e+02
1.9034969330e+01
-6.9096771240e+01
-2.2550532532e+02
-1.2551189423e+02
1.9339662552e+01
-6.9811676025e+01
-2.2631228638e+02
-1.2563686371e+02
1.9809469223e+01
-7.0580810547e+01
-2.2774476624e+02
-1.2572896576e+02
2.0503635406e+01
-7.2186004639e+01
-2.2968957520e+02
-1.2602063751e+02
2.1452484131e+01
-7.3671524048e+01
-2.3324705505e+02
-1.2618708801e+02
2.2931921005e+01
-7.7164604187e+01
-2.3852392578e+02
-1.2720972443e+02
2.4641767502e+01
-7.9444885254e+01
-2.4841886902e+02
-1.2818240356e+02
2.6646772385e+01
-8.4838615417e+01
-2.6527603149e+02
-1.3303134155e+02
2.6303501129e+01
-9.3889739990e+01
-2.8277157593e+02
-1.2866464233e+02
3.3581058502e+01
-2.8631939697e+02
-1.2318470001e+02
-6.3740116119e+01
4.7967639923e+01
-2.7404425049e+02
-1.1737675476e+02
-5.6613597870e+01
4.5659755707e+01
-2.7129782104e+02
-1.1782088470e+02
-5.5662025452e+01
4.0466457367e+01
-2.6738772583e+02
-1.1807123566e+02
-5.5312774658e+01
3.7525318146e+01
-2.6495181274e+02
-1.1805352783e+02
-5.6043853760e+01
3.3953762054e+01
-2.6235000610e+02
-1.1805228424e+02
-5.6797958374e+01
3.1402826309e+01
-2.6056549072e+02
-1.1789550781e+02
-5.7466945648e+01
2.9273105621e+01
-2.5906542969e+02
-1.1776336670e+02
-5.7978244781e+01
2.7787668228e+01
-2.5804141235e+02
-1.1760046387e+02
-5.8332656860e+01
2.6650852203e+01
-2.5729080200e+02
-1.1748425293e+02
-5.8589691162e+01
2.5900447845e+01
-2.5683865356e+02
-1.1739466095e+02
-5.8739032745e+01
2.5407224655e+01
-2.5661257935e+02
-1.1735260010e+02
-5.8816425323e+01
2.5178699493e+01
-2.5661257935e+02
-1.1735260010e+02
-5.8816425323e+01
2.5178699493e+01
-2.5683865356e+02
-1.1739466095e+02
-5.8739032745e+01
2.5407224655e+01
-2.5729080200e+02
-1.1748425293e+02
-5.8589691162e+01
2.5900447845e+01
-2.5804141235e+02
-1.1760046387e+02
-5.8332656860e+01
2.6650852203e+01
-2.5906542969e+02
-1.1776336670e+02
-5.7978244781e+01
2.7787668228e+01
-2.6056549072e+02
-1.1789550781e+02
-5.7466945648e+01
2.9273105621e+01
-2.6235000610e+02
-1.1805228424e+02
-5.6797958374e+01
3.1402826309e+01
-2.6495181274e+02
-1.1805352783e+02
-5.6043853760e+01
3.3953762054e+01
-2.6738772583e+02
-1.1807123566e+02
-5.5312774658e+01
3.7525318146e+01
-2.7129782104e+02
-1.1782088470e+02
-5.5662025452e+01
4.0466457367e+01
-2.7404425049e+02
-1.1737675476e+02
-5.6613597870e+01
4.5659755707e+01
-2.8631939697e+02
-1.2318470001e+02
-6.3740116119e+01
4.7967639923e+01
-3.1832333374e+02
-2.1636495972e+02
-4.0612472534e+01
1.2516323853e+02
-3.1852832031e+02
-1.9851541138e+02
-2.3176137924e+01
1.3214515686e+02
-3.1858273315e+02
-1.9339588928e+02
-1.9151048660e+01
1.3169242859e+02
-3.2013482666e+02
-1.9267791748e+02
-1.9254600525e+01
1.2972434998e+02
-3.2115786743e+02
-1.9300167847e+02
-2.0210998535e+01
1.2815647888e+02
-3.2186679077e+02
-1.9355136108e+02
-2.1395112991e+01
1.2628043365e+02
-3.2202767944e+02
-1.9404629517e+02
-2.2530799866e+01
1.2472855377e+02
-3.2204495239e+02
-1.9440460205e+02
-2.3440509796e+01
1.2330604553e+02
-3.2190991211e+02
-1.9466799927e+02
-2.4177543640e+01
1.2223476410e+02
-3.2178326416e+02
-1.9483180237e+02
-2.4687482834e+01
1.2139831543e+02
-3.2166537476e+02
-1.9493563843e+02
-2.5032272339e+01
1.2086824799e+02
-3.2160678101e+02
-1.9498155212e+02
-2.5194181442e+01
1.2059519958e+02
-3.2160678101e+02
-1.9498155212e+02
-2.5194181442e+01
1.2059519958e+02
-3.2166537476e+02
-1.9493563843e+02
-2.5032272339e+01
1.2086824799e+02
-3.2178326416e+02
-1.9483180237e+02
-2.4687482834e+01
1.2139831543e+02
-3.2190991211e+02
-1.9466799927e+02
-2.4177543640e+01
1.2223476410e+02
-3.2204495239e+02
-1.9440460205e+02
-2.3440509796e+01
1.2330604553e+02
-3.2202767944e+02
-1.9404629517e+02
-2.2530799866e+01
1.2472855377e+02
-3.2186679077e+02
-1.9355136108e+02
-2.1395112991e+01
1.2628043365e+02
-3.2115786743e+02
-1.9300167847e+02
-2.0210998535e+01
1.2815647888e+02
-3.2013482666e+02
-1.9267791748e+02
-1.9254600525e+01
1.2972434998e+02
-3.1858273315e+02
-1.9339588928e+02
-1.9151048660e+01
1.3169242859e+02
-3.1852832031e+02
-1.9851541138e+02
-2.3176137924e+01
1.3214515686e+02
-3.1832333374e+02
-2.1636495972e+02
-4.0612472534e+01
1.2516323853e+02
-4.3185977173e+02
-2.2285118103e+02
-1.8451042175e+01
2.3197515869e+02
-4.2346783447e+02
-2.1343965149e+02
-9.0521764755e+00
2.3781904602e+02
-4.2371276855e+02
-2.0769905090e+02
-3.4896752834e+00
2.3898403931e+02
-4.2378985596e+02
-2.0687223816e+02
-3.0291943550e+00
2.3892384338e+02
-4.2502526855e+02
-2.0748158264e+02
-3.7820620537e+00
2.3737371826e+02
-4.2615765381e+02
-2.0863471985e+02
-5.0573620796e+00
2.3610571289e+02
-4.2727951050e+02
-2.0974295044e+02
-6.2420773506e+00
2.3471449280e+02
-4.2809127808e+02
-2.1072148132e+02
-7.3384881020e+00
2.3359671021e+02
-4.2872427368e+02
-2.1146849060e+02
-8.1898527145e+00
2.3261059570e+02
-4.2913525391e+02
-2.1202720642e+02
-8.8521118164e+00
2.3189202881e+02
-4.2940231323e+02
-2.1238011169e+02
-9.2769756317e+00
2.3138874817e+02
-4.2952389526e+02
-2.1255761719e+02
-9.4949855804e+00
2.3114363098e+02
-4.2952389526e+02
-2.1255761719e+02
-9.4949855804e+00
2.3114363098e+02
-4.2940231323e+02
-2.1238011169e+02
-9.2769756317e+00
2.3138874817e+02
-4.2913525391e+02
-2.1202720642e+02
-8.8521118164e+00
2.3189202881e+02
-4.2872427368e+02
-2.1146849060e+02
-8.1898527145e+00
2.3261059570e+02
-4.2809127808e+02
-2.1072148132e+02
-7.3384881020e+00
2.3359671021e+02
-4.2727951050e+02
-2.0974295044e+02
-6.2420773506e+00
2.3471449280e+02
-4.2615765381e+02
-2.0863471985e+02
-5.0573620796e+00
2.3610571289e+02
-4.2502526855e+02
-2.0748158264e+02
-3.7820620537e+00
2.3737371826e+02
-4.2378985596e+02
-2.0687223816e+02
-3.0291943550e+00
2.3892384338e+02
-4.2371276855e+02
-2.0769905090e+02
-3.4896752834e+00
2.3898403931e+02
-4.2346783447e+02
-2.1343965149e+02
-9.0521764755e+00
2.3781904602e+02
-4.3185977173e+02
-2.2285118103e+02
-1.8451042175e+01
2.3197515869e+02
-5.1126492310e+02
-2.6598040771e+02
2.0209102631e+01
3.1288604736e+02
-5.0664736938e+02
-2.4988977051e+02
3.6727687836e+01
3.1846524048e+02
-5.0603558350e+02
-2.4673753357e+02
4.0708076477e+01
3.1796719360e+02
-5.0700805664e+02
-2.4592436218e+02
4.2179492950e+01
3.1701486206e+02
-5.0831152344e+02
-2.4661489868e+02
4.1663730621e+01
3.1569165039e+02
-5.0971887207e+02
-2.4769253540e+02
4.0662284851e+01
3.1410220337e+02
-5.1099536133e+02
-2.4892372131e+02
3.9425613403e+01
3.1274169922e+02
-5.1215771484e+02
-2.5001524353e+02
3.8329887390e+01
3.1149481201e+02
-5.1307434082e+02
-2.5095822144e+02
3.7365219116e+01
3.1052243042e+02
-5.1378485107e+02
-2.5165908813e+02
3.6645881653e+01
3.0975790405e+02
-5.1424530029e+02
-2.5214202881e+02
3.6146213531e+01
3.0925872803e+02
-5.1448016357e+02
-2.5237834167e+02
3.5900974274e+01
3.0900198364e+02
-5.1448016357e+02
-2.5237834167e+02
3.5900974274e+01
3.0900198364e+02
-5.1424530029e+02
-2.5214202881e+02
3.6146213531e+01
3.0925872803e+02
-5.1378485107e+02
-2.5165908813e+02
3.6645881653e+01
3.0975790405e+02
-5.1307434082e+02
-2.5095822144e+02
3.7365219116e+01
3.1052243042e+02
-5.1215771484e+02
-2.5001524353e+02
3.8329887390e+01
3.1149481201e+02
-5.1099536133e+02
-2.4892372131e+02
3.9425613403e+01
3.1274169922e+02
-5.0971887207e+02
-2.4769253540e+02
4.0662284851e+01
3.1410220337e+02
-5.0831152344e+02
-2.4661489868e+02
4.1663730621e+01
3.1569165039e+02
-5.0700805664e+02
-2.4592436218e+02
4.2179492950e+01
3.1701486206e+02
-5.0603558350e+02
-2.4673753357e+02
4.0708076477e+01
3.1796719360e+02
-5.0664736938e+02
-2.4988977051e+02
3.6727687836e+01
3.1846524048e+02
-5.1126492310e+02
-2.6598040771e+02
2.0209102631e+01
3.1288604736e+02
-6.0852270508e+02
-2.8248648071e+02
4.8173149109e+01
4.0919500732e+02
-6.0357244873e+02
-2.7225051880e+02
5.8122135162e+01
4.1480114746e+02
-6.0355004883e+02
-2.6647552490e+02
6.3026088715e+01
4.1556829834e+02
-6.0411193848e+02
-2.6618411255e+02
6.2624691010e+01
4.1472125244e+02
-6.0556518555e+02
-2.6685324097e+02
6.1718093872e+01
4.1311822510e+02
-6.0699255371e+02
-2.6820690918e+02
6.0204353333e+01
4.1160086060e+02
-6.0840814209e+02
-2.6950970459e+02
5.8817489624e+01
4.1004519653e+02
-6.0960961914e+02
-2.7076925659e+02
5.7496017456e+01
4.0873913574e+02
-6.1063726807e+02
-2.7179067993e+02
5.6438205719e+01
4.0762466431e+02
-6.1140832520e+02
-2.7260507202e+02
5.5601112366e+01
4.0679525757e+02
-6.1194152832e+02
-2.7314288330e+02
5.5049789429e+01
4.0622521973e+02
-6.1220544434e+02
-2.7342086792e+02
5.4766021729e+01
4.0594354248e+02
-6.1220544434e+02
-2.7342086792e+02
5.4766021729e+01
4.0594354248e+02
-6.1194152832e+02
-2.7314288330e+02
5.5049789429e+01
4.0622521973e+02
-6.1140832520e+02
-2.7260507202e+02
5.5601112366e+01
4.0679525757e+02
-6.1063726807e+02
-2.7179067993e+02
5.6438205719e+01
4.0762466431e+02
-6.0960961914e+02
-2.7076925659e+02
5.7496017456e+01
4.0873913574e+02
-6.0840814209e+02
-2.6950970459e+02
5.8817489624e+01
4.1004519653e+02
-6.0699255371e+02
-2.6820690918e+02
6.0204353333e+01
4.1160086060e+02
-6.0556518555e+02
-2.6685324097e+02
6.1718093872e+01
4.1311822510e+02
-6.0411193848e+02
-2.6618411255e+02
6.2624691010e+01
4.1472125244e+02
-6.0355004883e+02
-2.6647552490e+02
6.3026088715e+01
4.1556829834e+02
-6.0357244873e+02
-2.7225051880e+02
5.8122135162e+01
4.1480114746e+02
-6.0852270508e+02
-2.8248648071e+02
4.8173149109e+01
4.0919500732e+02
-6.8880401611e+02
-3.1865832520e+02
8.3937805176e+01
4.9979971313e+02
-6.8462304688e+02
-3.0642355347e+02
9.6905181885e+01
5.0419479370e+02
-6.8551489258e+02
-3.0427362061e+02
9.9879692078e+01
5.0299694824e+02
-6.8685308838e+02
-3.0401892090e+02
1.0059719086e+02
5.0163958740e+02
-6.8863232422e+02
-3.0538769531e+02
9.9281814575e+01
4.9955435181e+02
-6.9039215088e+02
-3.0689846802e+02
9.7780624390e+01
4.9751855469e+02
-6.9201062012e+02
-3.0852676392e+02
9.6116661072e+01
4.9570043945e+02
-6.9343267822e+02
-3.0991427612e+02
9.4691795349e+01
4.9410867310e+02
-6.9458154297e+02
-3.1111138916e+02
9.3457382202e+01
4.9283187866e+02
-6.9547070312e+02
-3.1200274658e+02
9.2535461426e+01
4.9184866333e+02
-6.9606176758e+02
-3.1262066650e+02
9.1897422791e+01
4.9119635010e+02
-6.9636309814e+02
-3.1292483521e+02
9.1582557678e+01
4.9086523438e+02
-6.9636309814e+02
-3.1292483521e+02
9.1582557678e+01
4.9086523438e+02
-6.9606176758e+02
-3.1262066650e+02
9.1897422791e+01
4.9119635010e+02
-6.9547070312e+02
-3.1200274658e+02
9.2535461426e+01
4.9184866333e+02
-6.9458154297e+02
-3.1111138916e+02
9.3457382202e+01
4.9283187866e+02
-6.9343267822e+02
-3.0991427612e+02
9.4691795349e+01
4.9410867310e+02
-6.9201062012e+02
-3.0852676392e+02
9.6116661072e+01
4.9570043945e+02
-6.9039215088e+02
-3.0689846802e+02
9.7780624390e+01
4.9751855469e+02
-6.8863232422e+02
-3.0538769531e+02
9.9281814575e+01
4.9955435181e+02
-6.8685308838e+02
-3.0401892090e+02
1.0059719086e+02
5.0163958740e+02
-6.8551489258e+02
-3.0427362061e+02
9.9879692078e+01
5.0299694824e+02
-6.8462304688e+02
-3.0642355347e+02
9.6905181885e+01
5.0419479370e+02
-6.8880401611e+02
-3.1865832520e+02
8.3937805176e+01
4.9979971313e+02
-7.7926116943e+02
-3.3541598511e+02
1.1578897095e+02
5.9051959229e+02
-7.7681738281e+02
-3.2657937622e+02
1.2450324249e+02
5.9408068848e+02
-7.7776556396e+02
-3.2309738159e+02
1.2746425629e+02
5.9324694824e+02
-7.7961761475e+02
-3.2412542725e+02
1.2602154541e+02
5.9104284668e+02
-7.8182989502e+02
-3.2564270020e+02
1.2433840942e+02
5.8859893799e+02
-7.8392285156e+02
-3.2772610474e+02
1.2209291840e+02
5.8621423340e+02
-7.8583642578e+02
-3.2957879639e+02
1.2013070679e+02
5.8403033447e+02
-7.8746368408e+02
-3.3129626465e+02
1.1832816315e+02
5.8218078613e+02
-7.8880541992e+02
-3.3266262817e+02
1.1689979553e+02
5.8066290283e+02
-7.8981451416e+02
-3.3373434448e+02
1.1578497314e+02
5.7952343750e+02
-7.9049896240e+02
-3.3443917847e+02
1.1505162811e+02
5.7875360107e+02
-7.9083978271e+02
-3.3480081177e+02
1.1467651367e+02
5.7837017822e+02
-7.9083978271e+02
-3.3480081177e+02
1.1467651367e+02
5.7837017822e+02
-7.9049896240e+02
-3.3443917847e+02
1.1505162811e+02
5.7875360107e+02
-7.8981451416e+02
-3.3373434448e+02
1.1578497314e+02
5.7952343750e+02
-7.8880541992e+02
-3.3266262817e+02
1.1689979553e+02
5.8066290283e+02
-7.8746368408e+02
-3.3129626465e+02
1.1832816315e+02
5.8218078613e+02
-7.8583642578e+02
-3.2957879639e+02
1.2013070679e+02
5.8403033447e+02
-7.8392285156e+02
-3.2772610474e+02
1.2209291840e+02
5.8621423340e+02
-7.8182989502e+02
-3.2564270020e+02
1.2433840942e+02
5.8859893799e+02
-7.7961761475e+02
-3.2412542725e+02
1.2602154541e+02
5.9104284668e+02
-7.7776556396e+02
-3.2309738159e+02
1.2746425629e+02
5.9324694824e+02
-7.7681738281e+02
-3.2657937622e+02
1.2450324249e+02
5.9408068848e+02
-7.7926116943e+02
-3.3541598511e+02
1.1578897095e+02
5.9051959229e+02
-8.5712188721e+02
-3.6542852783e+02
1.5105906677e+02
6.8040191650e+02
-8.5536437988e+02
-3.5725979614e+02
1.5990460205e+02
6.8266278076e+02
-8.5797680664e+02
-3.5658190918e+02
1.6100062561e+02
6.8007098389e+02
-8.6039447021e+02
-3.5776614380e+02
1.5994628906e+02
6.7742431641e+02
-8.6323767090e+02
-3.6028680420e+02
1.5733628845e+02
6.7413311768e+02
-8.6581109619e+02
-3.6269195557e+02
1.5485415649e+02
6.7119720459e+02
-8.6813104248e+02
-3.6506930542e+02
1.5237886047e+02
6.6855578613e+02
-8.7009454346e+02
-3.6704675293e+02
1.5031816101e+02
6.6632580566e+02
-8.7168249512e+02
-3.6871069336e+02
1.4858399963e+02
6.6452789307e+02
-8.7288653564e+02
-3.6994326782e+02
1.4729844666e+02
6.6316943359e+02
-8.7368994141e+02
-3.7078701782e+02
1.4641973877e+02
6.6226428223e+02
-8.7409442139e+02
-3.7120288086e+02
1.4598623657e+02
6.6180950928e+02
-8.7409442139e+02
-3.7120288086e+02
1.4598623657e+02
6.6180950928e+02
-8.7368994141e+02
-3.7078701782e+02
1.4641973877e+02
6.6226428223e+02
-8.7288653564e+02
-3.6994326782e+02
1.4729844666e+02
6.6316943359e+02
-8.7168249512e+02
-3.6871069336e+02
1.4858399963e+02
6.6452789307e+02
-8.7009454346e+02
-3.6704675293e+02
1.5031816101e+02
6.6632580566e+02
-8.6813104248e+02
-3.6506930542e+02
1.5237886047e+02
6.6855578613e+02
-8.6581109619e+02
-3.6269195557e+02
1.5485415649e+02
6.7119720459e+02
-8.6323767090e+02
-3.6028680420e+02
1.5733628845e+02
6.7413311768e+02
-8.6039447021e+02
-3.5776614380e+02
1.5994628906e+02
6.7742431641e+02
-8.5797680664e+02
-3.5658190918e+02
1.6100062561e+02
6.8007098389e+02
-8.5536437988e+02
-3.5725979614e+02
1.5990460205e+02
6.8266278076e+02
-8.5712188721e+02
-3.6542852783e+02
1.5105906677e+02
6.8040191650e+02
-9.4040753174e+02
-3.8263394165e+02
1.8321237183e+02
7.6822924805e+02
-9.4073303223e+02
-3.7695431519e+02
1.8908271790e+02
7.6907733154e+02
-9.4356994629e+02
-3.7638650513e+02
1.8949272156e+02
7.6614678955e+02
-9.4704913330e+02
-3.7907174683e+02
1.8659811401e+02
7.6231024170e+02
-9.5042834473e+02
-3.8194567871e+02
1.8359368896e+02
7.5855523682e+02
-9.5356549072e+02
-3.8512249756e+02
1.8025500488e+02
7.5498742676e+02
-9.5631036377e+02
-3.8786230469e+02
1.7739546204e+02
7.5188085938e+02
-9.5863684082e+02
-3.9030108643e+02
1.7485493469e+02
7.4924963379e+02
-9.6051312256e+02
-3.9222885132e+02
1.7284974670e+02
7.4713482666e+02
-9.6192657471e+02
-3.9371667480e+02
1.7130496216e+02
7.4554425049e+02
-9.6287341309e+02
-3.9469561768e+02
1.7028855896e+02
7.4448144531e+02
-9.6334680176e+02
-3.9519369507e+02
1.6977209473e+02
7.4395031738e+02
-9.6334680176e+02
-3.9519369507e+02
1.6977209473e+02
7.4395031738e+02
-9.6287341309e+02
-3.9469561768e+02
1.7028855896e+02
7.4448144531e+02
-9.6192657471e+02
-3.9371667480e+02
1.7130496216e+02
7.4554425049e+02
-9.6051312256e+02
-3.9222885132e+02
1.7284974670e+02
7.4713482666e+02
-9.5863684082e+02
-3.9030108643e+02
1.7485493469e+02
7.4924963379e+02
-9.5631036377e+02
-3.8786230469e+02
1.7739546204e+02
7.5188085938e+02
-9.5356549072e+02
-3.8512249756e+02
1.8025500488e+02
7.5498742676e+02
-9.5042834473e+02
-3.8194567871e+02
1.8359368896e+02
7.5855523682e+02
-9.4704913330e+02
-3.7907174683e+02
1.8659811401e+02
7.6231024170e+02
-9.4356994629e+02
-3.7638650513e+02
1.8949272156e+02
7.6614678955e+02
-9.4073303223e+02
-3.7695431519e+02
1.8908271790e+02
7.6907733154e+02
-9.4040753174e+02
-3.8263394165e+02
1.8321237183e+02
7.6822924805e+02
-1.0146896362e+03
-4.0752325439e+02
2.1778660583e+02
8.5385589600e+02
-1.0160471191e+03
-4.0353561401e+02
2.2237110901e+02
8.5334826660e+02
-1.0206199951e+03
-4.0506369019e+02
2.2100830078e+02
8.4886877441e+02
-1.0246704102e+03
-4.0821243286e+02
2.1781338501e+02
8.4446514893e+02
-1.0289206543e+03
-4.1218392944e+02
2.1368620300e+02
8.3972802734e+02
-1.0326241455e+03
-4.1580239868e+02
2.0993878174e+02
8.3559863281e+02
-1.0359140625e+03
-4.1917572021e+02
2.0643011475e+02
8.3191766357e+02
-1.0386530762e+03
-4.2196411133e+02
2.0353454590e+02
8.2886041260e+02
-1.0408665771e+03
-4.2426699829e+02
2.0114369202e+02
8.2639471436e+02
-1.0425277100e+03
-4.2597341919e+02
1.9937333679e+02
8.2454870605e+02
-1.0436381836e+03
-4.2713076782e+02
1.9817355347e+02
8.2331622314e+02
-1.0441938477e+03
-4.2770278931e+02
1.9758062744e+02
8.2270043945e+02
-1.0441938477e+03
-4.2770278931e+02
1.9758062744e+02
8.2270043945e+02
-1.0436381836e+03
-4.2713076782e+02
1.9817355347e+02
8.2331622314e+02
-1.0425277100e+03
-4.2597341919e+02
1.9937333679e+02
8.2454870605e+02
-1.0408665771e+03
-4.2426699829e+02
2.0114369202e+02
8.2639471436e+02
-1.0386530762e+03
-4.2196411133e+02
2.0353454590e+02
8.2886041260e+02
-1.0359140625e+03
-4.1917572021e+02
2.0643011475e+02
8.3191766357e+02
-1.0326241455e+03
-4.1580239868e+02
2.0993878174e+02
8.3559863281e+02
-1.0289206543e+03
-4.1218392944e+02
2.1368620300e+02
8.3972802734e+02
-1.0246704102e+03
-4.0821243286e+02
2.1781338501e+02
8.4446514893e+02
-1.0206199951e+03
-4.0506369019e+02
2.2100830078e+02
8.4886877441e+02
-1.0160471191e+03
-4.0353561401e+02
2.2237110901e+02
8.5334826660e+02
-1.0146896362e+03
-4.0752325439e+02
2.1778660583e+02
8.5385589600e+02
-1.0905726318e+03
-4.2422085571e+02
2.4909962463e+02
9.3711914062e+02
-1.0939986572e+03
-4.2255322266e+02
2.5120271301e+02
9.3492083740e+02
-1.0991025391e+03
-4.2501629639e+02
2.4876904297e+02
9.2970977783e+02
-1.1043793945e+03
-4.2960174561e+02
2.4405976868e+02
9.2406451416e+02
-1.1092137451e+03
-4.3411547852e+02
2.3941894531e+02
9.1875683594e+02
-1.1136228027e+03
-4.3858724976e+02
2.3478645325e+02
9.1386175537e+02
-1.1174082031e+03
-4.4241241455e+02
2.3083609009e+02
9.0967254639e+02
-1.1206049805e+03
-4.4572875977e+02
2.2740957642e+02
9.0613598633e+02
-1.1231596680e+03
-4.4835040283e+02
2.2470411682e+02
9.0331884766e+02
-1.1250849609e+03
-4.5035256958e+02
2.2263928223e+02
9.0119964600e+02
-1.1263675537e+03
-4.5167272949e+02
2.2127841187e+02
8.9979083252e+02
-1.1270101318e+03
-4.5234060669e+02
2.2059028625e+02
8.9908569336e+02
-1.1270101318e+03
-4.5234060669e+02
2.2059028625e+02
8.9908569336e+02
-1.1263675537e+03
-4.5167272949e+02
2.2127841187e+02
8.9979083252e+02
-1.1250849609e+03
-4.5035256958e+02
2.2263928223e+02
9.0119964600e+02
-1.1231596680e+03
-4.4835040283e+02
2.2470411682e+02
9.0331884766e+02
-1.1206049805e+03
-4.4572875977e+02
2.2740957642e+02
9.0613598633e+02
-1.1174082031e+03
-4.4241241455e+02
2.3083609009e+02
9.0967254639e+02
-1.1136228027e+03
-4.3858724976e+02
2.3478645325e+02
9.1386175537e+02
-1.1092137451e+03
-4.3411547852e+02
2.3941894531e+02
9.1875683594e+02
-1.1043793945e+03
-4.2960174561e+02
2.4405976868e+02
9.2406451416e+02
-1.0991025391e+03
-4.2501629639e+02
2.4876904297e+02
9.2970977783e+02
-1.0939986572e+03
-4.2255322266e+02
2.5120271301e+02
9.3492083740e+02
-1.0905726318e+03
-4.2422085571e+02
2.4909962463e+02
9.3711914062e+02
-1.1595289307e+03
-4.4503771973e+02
2.8177581787e+02
1.0168789673e+03
-1.1642626953e+03
-4.4540161133e+02
2.8200976562e+02
1.0132642822e+03
-1.1709892578e+03
-4.4960208130e+02
2.7788305664e+02
1.0066234741e+03
-1.1769371338e+03
-4.5491815186e+02
2.7245825195e+02
1.0002758789e+03
-1.1827380371e+03
-4.6049887085e+02
2.6670376587e+02
9.9397692871e+02
-1.1877445068e+03
-4.6549606323e+02
2.6155413818e+02
9.8850549316e+02
-1.1921444092e+03
-4.6999102783e+02
2.5691156006e+02
9.8368939209e+02
-1.1957872314e+03
-4.7370571899e+02
2.5308300781e+02
9.7971234131e+02
-1.1987259521e+03
-4.7673623657e+02
2.4996022034e+02
9.7651062012e+02
-1.2009229736e+03
-4.7898605347e+02
2.4764480591e+02
9.7412310791e+02
-1.2023925781e+03
-4.8050277710e+02
2.4608457947e+02
9.7252850342e+02
-1.2031259766e+03
-4.8125433350e+02
2.4531185913e+02
9.7173376465e+02
-1.2031259766e+03
-4.8125433350e+02
2.4531185913e+02
9.7173376465e+02
-1.2023925781e+03
-4.8050277710e+02
2.4608457947e+02
9.7252850342e+02
-1.2009229736e+03
-4.7898605347e+02
2.4764480591e+02
9.7412310791e+02
-1.1987259521e+03
-4.7673623657e+02
2.4996022034e+02
9.7651062012e+02
-1.1957872314e+03
-4.7370571899e+02
2.5308300781e+02
9.7971234131e+02
-1.1921444092e+03
-4.6999102783e+02
2.5691156006e+02
9.8368939209e+02
-1.1877445068e+03
-4.6549606323e+02
2.6155413818e+02
9.8850549316e+02
-1.1827380371e+03
-4.6049887085e+02
2.6670376587e+02
9.9397692871e+02
-1.1769371338e+03
-4.5491815186e+02
2.7245825195e+02
1.0002758789e+03
-1.1709892578e+03
-4.4960208130e+02
2.7788305664e+02
1.0066234741e+03
-1.1642626953e+03
-4.4540161133e+02
2.8200976562e+02
1.0132642822e+03
-1.1595289307e+03
-4.4503771973e+02
2.8177581787e+02
1.0168789673e+03
-1.2274652100e+03
-4.6041107178e+02
3.1142788696e+02
1.0934116211e+03
-1.2341546631e+03
-4.6305215454e+02
3.0938079834e+02
1.0880399170e+03
-1.2416389160e+03
-4.6853454590e+02
3.0399905396e+02
1.0804964600e+03
-1.2487988281e+03
-4.7515890503e+02
2.9727508545e+02
1.0729587402e+03
-1.2552265625e+03
-4.8141311646e+02
2.9088726807e+02
1.0660181885e+03
-1.2609948730e+03
-4.8725775146e+02
2.8488400269e+02
1.0597558594e+03
-1.2659145508e+03
-4.9224911499e+02
2.7976486206e+02
1.0544237061e+03
-1.2700543213e+03
-4.9650549316e+02
2.7539724731e+02
1.0499428711e+03
-1.2733522949e+03
-4.9987658691e+02
2.7194265747e+02
1.0463852539e+03
-1.2758365479e+03
-5.0243350220e+02
2.6932351685e+02
1.0437114258e+03
-1.2774882812e+03
-5.0412322998e+02
2.6759396362e+02
1.0419376221e+03
-1.2783161621e+03
-5.0497479248e+02
2.6672259521e+02
1.0410494385e+03
-1.2783161621e+03
-5.0497479248e+02
2.6672259521e+02
1.0410494385e+03
-1.2774882812e+03
-5.0412322998e+02
2.6759396362e+02
1.0419376221e+03
-1.2758365479e+03
-5.0243350220e+02
2.6932351685e+02
1.0437114258e+03
-1.2733522949e+03
-4.9987658691e+02
2.7194265747e+02
1.0463852539e+03
-1.2700543213e+03
-4.9650549316e+02
2.7539724731e+02
1.0499428711e+03
-1.2659145508e+03
-4.9224911499e+02
2.7976486206e+02
1.0544237061e+03
-1.2609948730e+03
-4.8725775146e+02
2.8488400269e+02
1.0597558594e+03
-1.2552265625e+03
-4.8141311646e+02
2.9088726807e+02
1.0660181885e+03
-1.2487988281e+03
-4.7515890503e+02
2.9727508545e+02
1.0729587402e+03
-1.2416389160e+03
-4.6853454590e+02
3.0399905396e+02
1.0804964600e+03
-1.2341546631e+03
-4.6305215454e+02
3.0938079834e+02
1.0880399170e+03
-1.2274652100e+03
-4.6041107178e+02
3.1142788696e+02
1.0934116211e+03
-1.2893613281e+03
-4.7767807007e+02
3.4115158081e+02
1.1655441895e+03
-1.2974874268e+03
-4.8241134644e+02
3.3707473755e+02
1.1587357178e+03
-1.3064320068e+03
-4.8944296265e+02
3.3010775757e+02
1.1498629150e+03
-1.3143389893e+03
-4.9693933105e+02
3.2249246216e+02
1.1415532227e+03
-1.3217191162e+03
-5.0417758179e+02
3.1508428955e+02
1.1336754150e+03
-1.3280867920e+03
-5.1059436035e+02
3.0851016235e+02
1.1268326416e+03
-1.3336336670e+03
-5.1624041748e+02
3.0271969604e+02
1.1208757324e+03
-1.3382204590e+03
-5.2091113281e+02
2.9793862915e+02
1.1159636230e+03
-1.3419130859e+03
-5.2469055176e+02
2.9407131958e+02
1.1120195312e+03
-1.3446706543e+03
-5.2750177002e+02
2.9119873047e+02
1.1090826416e+03
-1.3465147705e+03
-5.2938916016e+02
2.8927090454e+02
1.1071223145e+03
-1.3474344482e+03
-5.3032635498e+02
2.8831427002e+02
1.1061461182e+03
-1.3474344482e+03
-5.3032635498e+02
2.8831427002e+02
1.1061461182e+03
-1.3465147705e+03
-5.2938916016e+02
2.8927090454e+02
1.1071223145e+03
-1.3446706543e+03
-5.2750177002e+02
2.9119873047e+02
1.1090826416e+03
-1.3419130859e+03
-5.2469055176e+02
2.9407131958e+02
1.1120195312e+03
-1.3382204590e+03
-5.2091113281e+02
2.9793862915e+02
1.1159636230e+03
-1.3336336670e+03
-5.1624041748e+02
3.0271969604e+02
1.1208757324e+03
-1.3280867920e+03
-5.1059436035e+02
3.0851016235e+02
1.1268326416e+03
-1.3217191162e+03
-5.0417758179e+02
3.1508428955e+02
1.1336754150e+03
-1.3143389893e+03
-4.9693933105e+02
3.2249246216e+02
1.1415532227e+03
-1.3064320068e+03
-4.8944296265e+02
3.3010775757e+02
1.1498629150e+03
-1.2974874268e+03
-4.8241134644e+02
3.3707473755e+02
1.1587357178e+03
-1.2893613281e+03
-4.7767807007e+02
3.4115158081e+02
1.1655441895e+03
-1.3484130859e+03
-4.9117898560e+02
3.6812380981e+02
1.2333210449e+03
-1.3583233643e+03
-4.9807174683e+02
3.6193276978e+02
1.2248358154e+03
-1.3681318359e+03
-5.0645260620e+02
3.5367462158e+02
1.2150239258e+03
-1.3771540527e+03
-5.1511431885e+02
3.4491787720e+02
1.2056256104e+03
-1.3851752930e+03
-5.2307354736e+02
3.3682092285e+02
1.1970916748e+03
-1.3922869873e+03
-5.3027392578e+02
3.2946673584e+02
1.1895024414e+03
-1.3983424072e+03
-5.3642041016e+02
3.2319461060e+02
1.1830490723e+03
-1.4034207764e+03
-5.4160638428e+02
3.1790274048e+02
1.1776506348e+03
-1.4074637451e+03
-5.4572143555e+02
3.1370956421e+02
1.1733685303e+03
-1.4105062256e+03
-5.4882806396e+02
3.1054571533e+02
1.1701545410e+03
-1.4125280762e+03
-5.5088494873e+02
3.0845285034e+02
1.1680238037e+03
-1.4135413818e+03
-5.5191870117e+02
3.0740127563e+02
1.1669573975e+03
-1.4135413818e+03
-5.5191870117e+02
3.0740127563e+02
1.1669573975e+03
-1.4125280762e+03
-5.5088494873e+02
3.0845285034e+02
1.1680238037e+03
-1.4105062256e+03
-5.4882806396e+02
3.1054571533e+02
1.1701545410e+03
-1.4074637451e+03
-5.4572143555e+02
3.1370956421e+02
1.1733685303e+03
-1.4034207764e+03
-5.4160638428e+02
3.1790274048e+02
1.1776506348e+03
-1.3983424072e+03
-5.3642041016e+02
3.2319461060e+02
1.1830490723e+03
-1.3922869873e+03
-5.3027392578e+02
3.2946673584e+02
1.1895024414e+03
-1.3851752930e+03
-5.2307354736e+02
3.3682092285e+02
1.1970916748e+03
-1.3771540527e+03
-5.1511431885e+02
3.4491787720e+02
1.2056256104e+03
-1.3681318359e+03
-5.0645260620e+02
3.5367462158e+02
1.2150239258e+03
-1.3583233643e+03
-4.9807174683e+02
3.6193276978e+02
1.2248358154e+03
-1.3484130859e+03
-4.9117898560e+02
3.6812380981e+02
1.2333210449e+03
-1.4016484375e+03
-5.0514767456e+02
3.9400006104e+02
1.2958774414e+03
-1.4129720459e+03
-5.1401812744e+02
3.8586428833e+02
1.2860191650e+03
-1.4240489502e+03
-5.2378411865e+02
3.7618234253e+02
1.2750144043e+03
-1.4338259277e+03
-5.3333441162e+02
3.6652130127e+02
1.2648524170e+03
-1.4427143555e+03
-5.4216528320e+02
3.5753237915e+02
1.2554777832e+03
-1.4503957520e+03
-5.4993536377e+02
3.4961022949e+02
1.2473350830e+03
-1.4570408936e+03
-5.5668011475e+02
3.4273187256e+02
1.2403052979e+03
-1.4625384521e+03
-5.6226489258e+02
3.3704565430e+02
1.2345075684e+03
-1.4669553223e+03
-5.6675903320e+02
3.3247293091e+02
1.2298651123e+03
-1.4702539062e+03
-5.7010729980e+02
3.2907083130e+02
1.2264090576e+03
-1.4724584961e+03
-5.7234869385e+02
3.2679452515e+02
1.2241042480e+03
-1.4735577393e+03
-5.7346356201e+02
3.2566311646e+02
1.2229569092e+03
-1.4735577393e+03
-5.7346356201e+02
3.2566311646e+02
1.2229569092e+03
-1.4724584961e+03
-5.7234869385e+02
3.2679452515e+02
1.2241042480e+03
-1.4702539062e+03
-5.7010729980e+02
3.2907083130e+02
1.2264090576e+03
-1.4669553223e+03
-5.6675903320e+02
3.3247293091e+02
1.2298651123e+03
-1.4625384521e+03
-5.6226489258e+02
3.3704565430e+02
1.2345075684e+03
-1.4570408936e+03
-5.5668011475e+02
3.4273187256e+02
1.2403052979e+03
-1.4503957520e+03
-5.4993536377e+02
3.4961022949e+02
1.2473350830e+03
-1.4427143555e+03
-5.4216528320e+02
3.5753237915e+02
1.2554777832e+03
-1.4338259277e+03
-5.3333441162e+02
3.6652130127e+02
1.2648524170e+03
-1.4240489502e+03
-5.2378411865e+02
3.7618234253e+02
1.2750144043e+03
-1.4129720459e+03
-5.1401812744e+02
3.8586428833e+02
1.2860191650e+03
-1.4016484375e+03
-5.0514767456e+02
3.9400006104e+02
1.2958774414e+03
-1.4507058105e+03
-5.1637432861e+02
4.1720056152e+02
1.3529772949e+03
-1.4635789795e+03
-5.2716729736e+02
4.0719134521e+02
1.3416343994e+03
-1.4755072021e+03
-5.3818109131e+02
3.9630795288e+02
1.3297501221e+03
-1.4862497559e+03
-5.4873065186e+02
3.8566592407e+02
1.3186451416e+03
-1.4957440186e+03
-5.5824694824e+02
3.7601348877e+02
1.3086595459e+03
-1.5040925293e+03
-5.6669665527e+02
3.6741784668e+02
1.2998620605e+03
-1.5112016602e+03
-5.7390563965e+02
3.6008990479e+02
1.2923840332e+03
-1.5171463623e+03
-5.7994647217e+02
3.5395281982e+02
1.2861522217e+03
-1.5218804932e+03
-5.8474682617e+02
3.4908291626e+02
1.2812087402e+03
-1.5254390869e+03
-5.8835900879e+02
3.4542120361e+02
1.2775042725e+03
-1.5278044434e+03
-5.9075415039e+02
3.4299560547e+02
1.2750484619e+03
-1.5289892578e+03
-5.9195544434e+02
3.4177935791e+02
1.2738199463e+03
-1.5289892578e+03
-5.9195544434e+02
3.4177935791e+02
1.2738199463e+03
-1.5278044434e+03
-5.9075415039e+02
3.4299560547e+02
1.2750484619e+03
-1.5254390869e+03
-5.8835900879e+02
3.4542120361e+02
1.2775042725e+03
-1.5218804932e+03
-5.8474682617e+02
3.4908291626e+02
1.2812087402e+03
-1.5171463623e+03
-5.7994647217e+02
3.5395281982e+02
1.2861522217e+03
-1.5112016602e+03
-5.7390563965e+02
3.6008990479e+02
1.2923840332e+03
-1.5040925293e+03
-5.6669665527e+02
3.6741784668e+02
1.2998620605e+03
-1.4957440186e+03
-5.5824694824e+02
3.7601348877e+02
1.3086595459e+03
-1.4862497559e+03
-5.4873065186e+02
3.8566592407e+02
1.3186451416e+03
-1.4755072021e+03
-5.3818109131e+02
3.9630795288e+02
1.3297501221e+03
-1.4635789795e+03
-5.2716729736e+02
4.0719134521e+02
1.3416343994e+03
-1.4507058105e+03
-5.1637432861e+02
4.1720056152e+02
1.3529772949e+03
-1.4938300781e+03
-5.2717578125e+02
4.3839898682e+02
1.4040307617e+03
-1.5079560547e+03
-5.3968450928e+02
4.2669970703e+02
1.3914803467e+03
-1.5209281006e+03
-5.5187445068e+02
4.1461718750e+02
1.3785933838e+03
-1.5323557129e+03
-5.6322491455e+02
4.0316793823e+02
1.3668065186e+03
-1.5425804443e+03
-5.7346966553e+02
3.9277874756e+02
1.3561157227e+03
-1.5514304199e+03
-5.8243212891e+02
3.8367388916e+02
1.3468321533e+03
-1.5590480957e+03
-5.9014776611e+02
3.7583786011e+02
1.3388638916e+03
-1.5653564453e+03
-5.9654040527e+02
3.6935501099e+02
1.3322886963e+03
-1.5704154053e+03
-6.0166540527e+02
3.6416253662e+02
1.3270361328e+03
-1.5741954346e+03
-6.0548852539e+02
3.6029434204e+02
1.3231250000e+03
-1.5767198486e+03
-6.0804235840e+02
3.5771197510e+02
1.3205194092e+03
-1.5779790039e+03
-6.0931427002e+02
3.5642681885e+02
1.3192219238e+03
-1.5779790039e+03
-6.0931427002e+02
3.5642681885e+02
1.3192219238e+03
-1.5767198486e+03
-6.0804235840e+02
3.5771197510e+02
1.3205194092e+03
-1.5741954346e+03
-6.0548852539e+02
3.6029434204e+02
1.3231250000e+03
-1.5704154053e+03
-6.0166540527e+02
3.6416253662e+02
1.3270361328e+03
-1.5653564453e+03
-5.9654040527e+02
3.6935501099e+02
1.3322886963e+03
-1.5590480957e+03
-5.9014776611e+02
3.7583786011e+02
1.3388638916e+03
-1.5514304199e+03
-5.8243212891e+02
3.8367388916e+02
1.3468321533e+03
-1.5425804443e+03
-5.7346966553e+02
3.9277874756e+02
1.3561157227e+03
-1.5323557129e+03
-5.6322491455e+02
4.0316793823e+02
1.3668065186e+03
-1.5209281006e+03
-5.5187445068e+02
4.1461718750e+02
1.3785933838e+03
-1.5079560547e+03
-5.3968450928e+02
4.2669970703e+02
1.3914803467e+03
-1.4938300781e+03
-5.2717578125e+02
4.3839898682e+02
1.4040307617e+03
-1.5317901611e+03
-5.3583129883e+02
4.5680978394e+02
1.4486766357e+03
-1.5471613770e+03
-5.4990631104e+02
4.4358297729e+02
1.4349244385e+03
-1.5608682861e+03
-5.6312847900e+02
4.3049679565e+02
1.4212979736e+03
-1.5730672607e+03
-5.7527697754e+02
4.1826055908e+02
1.4087572021e+03
-1.5838073730e+03
-5.8610070801e+02
4.0730624390e+02
1.3975543213e+03
-1.5932006836e+03
-5.9560644531e+02
3.9766397095e+02
1.3877443848e+03
-1.6012039795e+03
-6.0371130371e+02
3.8944940186e+02
1.3794063721e+03
-1.6078809814e+03
-6.1047296143e+02
3.8260253906e+02
1.3724783936e+03
-1.6132017822e+03
-6.1585192871e+02
3.7716363525e+02
1.3669804688e+03
-1.6171968994e+03
-6.1989007568e+02
3.7308435059e+02
1.3628663330e+03
-1.6198536377e+03
-6.2257086182e+02
3.7037899780e+02
1.3601380615e+03
-1.6211835938e+03
-6.2391339111e+02
3.6902465820e+02
1.3587742920e+03
-1.6211835938e+03
-6.2391339111e+02
3.6902465820e+02
1.3587742920e+03
-1.6198536377e+03
-6.2257086182e+02
3.7037899780e+02
1.3601380615e+03
-1.6171968994e+03
-6.1989007568e+02
3.7308435059e+02
1.3628663330e+03
-1.6132017822e+03
-6.1585192871e+02
3.7716363525e+02
1.3669804688e+03
-1.6078809814e+03
-6.1047296143e+02
3.8260253906e+02
1.3724783936e+03
-1.6012039795e+03
-6.0371130371e+02
3.8944940186e+02
1.3794063721e+03
-1.5932006836e+03
-5.9560644531e+02
3.9766397095e+02
1.3877443848e+03
-1.5838073730e+03
-5.8610070801e+02
4.0730624390e+02
1.3975543213e+03
-1.5730672607e+03
-5.7527697754e+02
4.1826055908e+02
1.4087572021e+03
-1.5608682861e+03
-5.6312847900e+02
4.3049679565e+02
1.4212979736e+03
-1.5471613770e+03
-5.4990631104e+02
4.4358297729e+02
1.4349244385e+03
-1.5317901611e+03
-5.3583129883e+02
4.5680978394e+02
1.4486766357e+03
-1.5635664062e+03
-5.4352935791e+02
4.7258096313e+02
1.4865212402e+03
-1.5799173584e+03
-5.5893054199e+02
4.5804968262e+02
1.4718262939e+03
-1.5944060059e+03
-5.7305456543e+02
4.4405191040e+02
1.4574400635e+03
-1.6071501465e+03
-5.8583459473e+02
4.3118365479e+02
1.4443620605e+03
-1.6184436035e+03
-5.9721002197e+02
4.1967578125e+02
1.4326256104e+03
-1.6282302246e+03
-6.0712182617e+02
4.0963183594e+02
1.4224359131e+03
-1.6366245117e+03
-6.1561199951e+02
4.0103356934e+02
1.4137246094e+03
-1.6435836182e+03
-6.2264929199e+02
3.9391683960e+02
1.4065317383e+03
-1.6491556396e+03
-6.2827697754e+02
3.8823214722e+02
1.4007967529e+03
-1.6533221436e+03
-6.3247924805e+02
3.8399301147e+02
1.3965242920e+03
-1.6561021729e+03
-6.3528204346e+02
3.8116772461e+02
1.3936810303e+03
-1.6574897461e+03
-6.3667932129e+02
3.7976019287e+02
1.3922645264e+03
-1.6574897461e+03
-6.3667932129e+02
3.7976019287e+02
1.3922645264e+03
-1.6561021729e+03
-6.3528204346e+02
3.8116772461e+02
1.3936810303e+03
-1.6533221436e+03
-6.3247924805e+02
3.8399301147e+02
1.3965242920e+03
-1.6491556396e+03
-6.2827697754e+02
3.8823214722e+02
1.4007967529e+03
-1.6435836182e+03
-6.2264929199e+02
3.9391683960e+02
1.4065317383e+03
-1.6366245117e+03
-6.1561199951e+02
4.0103356934e+02
1.4137246094e+03
-1.6282302246e+03
-6.0712182617e+02
4.0963183594e+02
1.4224359131e+03
-1.6184436035e+03
-5.9721002197e+02
4.1967578125e+02
1.4326256104e+03
-1.6071501465e+03
-5.8583459473e+02
4.3118365479e+02
1.4443620605e+03
-1.5944060059e+03
-5.7305456543e+02
4.4405191040e+02
1.4574400635e+03
-1.5799173584e+03
-5.5893054199e+02
4.5804968262e+02
1.4718262939e+03
-1.5635664062e+03
-5.4352935791e+02
4.7258096313e+02
1.4865212402e+03
-1.5894685059e+03
-5.4940606689e+02
4.8535791016e+02
1.5172055664e+03
-1.6066933594e+03
-5.6591491699e+02
4.6974447632e+02
1.5016644287e+03
-1.6217189941e+03
-5.8077355957e+02
4.5502709961e+02
1.4867449951e+03
-1.6350020752e+03
-5.9411224365e+02
4.4160617065e+02
1.4731403809e+03
-1.6466701660e+03
-6.0590533447e+02
4.2968887329e+02
1.4610356445e+03
-1.6568402100e+03
-6.1619671631e+02
4.1926977539e+02
1.4504772949e+03
-1.6655114746e+03
-6.2496728516e+02
4.1039816284e+02
1.4415021973e+03
-1.6727327881e+03
-6.3226409912e+02
4.0302593994e+02
1.4340606689e+03
-1.6784916992e+03
-6.3807354736e+02
3.9716491699e+02
1.4281519775e+03
-1.6828116455e+03
-6.4242779541e+02
3.9277685547e+02
1.4237359619e+03
-1.6856860352e+03
-6.4532110596e+02
3.8986395264e+02
1.4208060303e+03
-1.6871240234e+03
-6.4676843262e+02
3.8840753174e+02
1.4193426514e+03
-1.6871240234e+03
-6.4676843262e+02
3.8840753174e+02
1.4193426514e+03
-1.6856860352e+03
-6.4532110596e+02
3.8986395264e+02
1.4208060303e+03
-1.6828116455e+03
-6.4242779541e+02
3.9277685547e+02
1.4237359619e+03
-1.6784916992e+03
-6.3807354736e+02
3.9716491699e+02
1.4281519775e+03
-1.6727327881e+03
-6.3226409912e+02
4.0302593994e+02
1.4340606689e+03
-1.6655114746e+03
-6.2496728516e+02
4.1039816284e+02
1.4415021973e+03
-1.6568402100e+03
-6.1619671631e+02
4.1926977539e+02
1.4504772949e+03
-1.6466701660e+03
-6.0590533447e+02
4.2968887329e+02
1.4610356445e+03
-1.6350020752e+03
-5.9411224365e+02
4.4160617065e+02
1.4731403809e+03
-1.6217189941e+03
-5.8077355957e+02
4.5502709961e+02
1.4867449951e+03
-1.6066933594e+03
-5.6591491699e+02
4.6974447632e+02
1.5016644287e+03
-1.5894685059e+03
-5.4940606689e+02
4.8535791016e+02
1.5172055664e+03
-1.6089378662e+03
-5.5402301025e+02
4.9508776855e+02
1.5404884033e+03
-1.6267855225e+03
-5.7136975098e+02
4.7865112305e+02
1.5243474121e+03
-1.6422965088e+03
-5.8679644775e+02
4.6336282349e+02
1.5089537354e+03
-1.6559299316e+03
-6.0053814697e+02
4.4954025269e+02
1.4950059814e+03
-1.6679434814e+03
-6.1267614746e+02
4.3727862549e+02
1.4825683594e+03
-1.6783645020e+03
-6.2322760010e+02
4.2660281372e+02
1.4717685547e+03
-1.6872818604e+03
-6.3223931885e+02
4.1749224854e+02
1.4625598145e+03
-1.6946818848e+03
-6.3971179199e+02
4.0994833374e+02
1.4549510498e+03
-1.7005998535e+03
-6.4567749023e+02
4.0393350220e+02
1.4488934326e+03
-1.7050280762e+03
-6.5013586426e+02
3.9944424438e+02
1.4443779297e+03
-1.7079805908e+03
-6.5310595703e+02
3.9645608521e+02
1.4413756104e+03
-1.7094549561e+03
-6.5458795166e+02
3.9496606445e+02
1.4398790283e+03
-1.7094549561e+03
-6.5458795166e+02
3.9496606445e+02
1.4398790283e+03
-1.7079805908e+03
-6.5310595703e+02
3.9645608521e+02
1.4413756104e+03
-1.7050280762e+03
-6.5013586426e+02
3.9944424438e+02
1.4443779297e+03
-1.7005998535e+03
-6.4567749023e+02
4.0393350220e+02
1.4488934326e+03
-1.6946818848e+03
-6.3971179199e+02
4.0994833374e+02
1.4549510498e+03
-1.6872818604e+03
-6.3223931885e+02
4.1749224854e+02
1.4625598145e+03
-1.6783645020e+03
-6.2322760010e+02
4.2660281372e+02
1.4717685547e+03
-1.6679434814e+03
-6.1267614746e+02
4.3727862549e+02
1.4825683594e+03
-1.6559299316e+03
-6.0053814697e+02
4.4954025269e+02
1.4950059814e+03
-1.6422965088e+03
-5.8679644775e+02
4.6336282349e+02
1.5089537354e+03
-1.6267855225e+03
-5.7136975098e+02
4.7865112305e+02
1.5243474121e+03
-1.6089378662e+03
-5.5402301025e+02
4.9508776855e+02
1.5404884033e+03
-1.6220769043e+03
-5.5699243164e+02
5.0163281250e+02
1.5561203613e+03
-1.6403754883e+03
-5.7491271973e+02
4.8463528442e+02
1.5395426025e+03
-1.6561693115e+03
-5.9072094727e+02
4.6897174072e+02
1.5238697510e+03
-1.6700799561e+03
-6.0475073242e+02
4.5486373901e+02
1.5096510010e+03
-1.6822906494e+03
-6.1710717773e+02
4.4238748169e+02
1.4970208740e+03
-1.6929099121e+03
-6.2785400391e+02
4.3151867676e+02
1.4860311279e+03
-1.7019720459e+03
-6.3701245117e+02
4.2226489258e+02
1.4766850586e+03
-1.7095083008e+03
-6.4461889648e+02
4.1458926392e+02
1.4689478760e+03
-1.7155235596e+03
-6.5067944336e+02
4.0848242188e+02
1.4628001709e+03
-1.7200317383e+03
-6.5521649170e+02
4.0391619873e+02
1.4582102051e+03
-1.7230332031e+03
-6.5823370361e+02
4.0088247681e+02
1.4551630859e+03
-1.7245339355e+03
-6.5974163818e+02
3.9936712646e+02
1.4536422119e+03
-1.7245339355e+03
-6.5974163818e+02
3.9936712646e+02
1.4536422119e+03
-1.7230332031e+03
-6.5823370361e+02
4.0088247681e+02
1.4551630859e+03
-1.7200317383e+03
-6.5521649170e+02
4.0391619873e+02
1.4582102051e+03
-1.7155235596e+03
-6.5067944336e+02
4.0848242188e+02
1.4628001709e+03
-1.7095083008e+03
-6.4461889648e+02
4.1458926392e+02
1.4689478760e+03
-1.7019720459e+03
-6.3701245117e+02
4.2226489258e+02
1.4766850586e+03
-1.6929099121e+03
-6.2785400391e+02
4.3151867676e+02
1.4860311279e+03
-1.6822906494e+03
-6.1710717773e+02
4.4238748169e+02
1.4970208740e+03
-1.6700799561e+03
-6.0475073242e+02
4.5486373901e+02
1.5096510010e+03
-1.6561693115e+03
-5.9072094727e+02
4.6897174072e+02
1.5238697510e+03
-1.6403754883e+03
-5.7491271973e+02
4.8463528442e+02
1.5395426025e+03
-1.6220769043e+03
-5.5699243164e+02
5.0163281250e+02
1.5561203613e+03
-1.6286363525e+03
-5.5853131104e+02
5.0492315674e+02
1.5639809570e+03
-1.6471484375e+03
-5.7673803711e+02
4.8764440918e+02
1.5471975098e+03
-1.6631069336e+03
-5.9274029541e+02
4.7178643799e+02
1.5313634033e+03
-1.6771383057e+03
-6.0690838623e+02
4.5754077148e+02
1.5170267334e+03
-1.6894663086e+03
-6.1938232422e+02
4.4494750977e+02
1.5042834473e+03
-1.7001719971e+03
-6.3021862793e+02
4.3399047852e+02
1.4932109375e+03
-1.7093179932e+03
-6.3945916748e+02
4.2465551758e+02
1.4837852783e+03
-1.7169156494e+03
-6.4712597656e+02
4.1692098999e+02
1.4759908447e+03
-1.7229852295e+03
-6.5323974609e+02
4.1076177979e+02
1.4697923584e+03
-1.7275305176e+03
-6.5781250000e+02
4.0616091919e+02
1.4651684570e+03
-1.7305587158e+03
-6.6085595703e+02
4.0310153198e+02
1.4620966797e+03
-1.7320718994e+03
-6.6237579346e+02
4.0157467651e+02
1.4605644531e+03
-1.7320718994e+03
-6.6237579346e+02
4.0157467651e+02
1.4605644531e+03
-1.7305587158e+03
-6.6085595703e+02
4.0310153198e+02
1.4620966797e+03
-1.7275305176e+03
-6.5781250000e+02
4.0616091919e+02
1.4651684570e+03
-1.7229852295e+03
-6.5323974609e+02
4.1076177979e+02
1.4697923584e+03
-1.7169156494e+03
-6.4712597656e+02
4.1692098999e+02
1.4759908447e+03
-1.7093179932e+03
-6.3945916748e+02
4.2465551758e+02
1.4837852783e+03
-1.7001719971e+03
-6.3021862793e+02
4.3399047852e+02
1.4932109375e+03
-1.6894663086e+03
-6.1938232422e+02
4.4494750977e+02
1.5042834473e+03
-1.6771383057e+03
-6.0690838623e+02
4.5754077148e+02
1.5170267334e+03
-1.6631069336e+03
-5.9274029541e+02
4.7178643799e+02
1.5313634033e+03
-1.6471484375e+03
-5.7673803711e+02
4.8764440918e+02
1.5471975098e+03
-1.6286363525e+03
-5.5853131104e+02
5.0492315674e+02
1.5639809570e+03
-1.6286363525e+03
-5.5853131104e+02
5.0492315674e+02
1.5639809570e+03
-1.6471484375e+03
-5.7673803711e+02
4.8764440918e+02
1.5471975098e+03
-1.6631069336e+03
-5.9274029541e+02
4.7178643799e+02
1.5313634033e+03
-1.6771383057e+03
-6.0690838623e+02
4.5754077148e+02
1.5170267334e+03
-1.6894663086e+03
-6.1938232422e+02
4.4494750977e+02
1.5042834473e+03
-1.7001719971e+03
-6.3021862793e+02
4.3399047852e+02
1.4932109375e+03
-1.7093179932e+03
-6.3945916748e+02
4.2465551758e+02
1.4837852783e+03
-1.7169156494e+03
-6.4712597656e+02
4.1692098999e+02
1.4759908447e+03
-1.7229852295e+03
-6.5323974609e+02
4.1076177979e+02
1.4697923584e+03
-1.7275305176e+03
-6.5781250000e+02
4.0616091919e+02
1.4651684570e+03
-1.7305587158e+03
-6.6085595703e+02
4.0310153198e+02
1.4620966797e+03
-1.7320718994e+03
-6.6237579346e+02
4.0157467651e+02
1.4605644531e+03
-1.7320718994e+03
-6.6237579346e+02
4.0157467651e+02
1.4605644531e+03
-1.7305587158e+03
-6.6085595703e+02
4.0310153198e+02
1.4620966797e+03
-1.7275305176e+03
-6.5781250000e+02
4.0616091919e+02
1.4651684570e+03
-1.7229852295e+03
-6.5323974609e+02
4.1076177979e+02
1.4697923584e+03
-1.7169156494e+03
-6.4712597656e+02
4.1692098999e+02
1.4759908447e+03
-1.7093179932e+03
-6.3945916748e+02
4.2465551758e+02
1.4837852783e+03
-1.7001719971e+03
-6.3021862793e+02
4.3399047852e+02
1.4932109375e+03
-1.6894663086e+03
-6.1938232422e+02
4.4494750977e+02
1.5042834473e+03
-1.6771383057e+03
-6.0690838623e+02
4.5754077148e+02
1.5170267334e+03
-1.6631069336e+03
-5.9274029541e+02
4.7178643799e+02
1.5313634033e+03
-1.6471484375e+03
-5.7673803711e+02
4.8764440918e+02
1.5471975098e+03
-1.6286363525e+03
-5.5853131104e+02
5.0492315674e+02
1.5639809570e+03
-1.6220769043e+03
-5.5699243164e+02
5.0163281250e+02
1.5561203613e+03
-1.6403754883e+03
-5.7491271973e+02
4.8463528442e+02
1.5395426025e+03
-1.6561693115e+03
-5.9072094727e+02
4.6897174072e+02
1.5238697510e+03
-1.6700799561e+03
-6.0475073242e+02
4.5486373901e+02
1.5096510010e+03
-1.6822906494e+03
-6.1710717773e+02
4.4238748169e+02
1.4970208740e+03
-1.6929099121e+03
-6.2785400391e+02
4.3151867676e+02
1.4860311279e+03
-1.7019720459e+03
-6.3701245117e+02
4.2226489258e+02
1.4766850586e+03
-1.7095083008e+03
-6.4461889648e+02
4.1458926392e+02
1.4689478760e+03
-1.7155235596e+03
-6.5067944336e+02
4.0848242188e+02
1.4628001709e+03
-1.7200317383e+03
-6.5521649170e+02
4.0391619873e+02
1.4582102051e+03
-1.7230332031e+03
-6.5823370361e+02
4.0088247681e+02
1.4551630859e+03
-1.7245339355e+03
-6.5974163818e+02
3.9936712646e+02
1.4536422119e+03
-1.7245339355e+03
-6.5974163818e+02
3.9936712646e+02
1.4536422119e+03
-1.7230332031e+03
-6.5823370361e+02
4.0088247681e+02
1.4551630859e+03
-1.7200317383e+03
-6.5521649170e+02
4.0391619873e+02
1.4582102051e+03
-1.7155235596e+03
-6.5067944336e+02
4.0848242188e+02
1.4628001709e+03
-1.7095083008e+03
-6.4461889648e+02
4.1458926392e+02
1.4689478760e+03
-1.7019720459e+03
-6.3701245117e+02
4.2226489258e+02
1.4766850586e+03
-1.6929099121e+03
-6.2785400391e+02
4.3151867676e+02
1.4860311279e+03
-1.6822906494e+03
-6.1710717773e+02
4.4238748169e+02
1.4970208740e+03
-1.6700799561e+03
-6.0475073242e+02
4.5486373901e+02
1.5096510010e+03
-1.6561693115e+03
-5.9072094727e+02
4.6897174072e+02
1.5238697510e+03
-1.6403754883e+03
-5.7491271973e+02
4.8463528442e+02
1.5395426025e+03
-1.6220769043e+03
-5.5699243164e+02
5.0163281250e+02
1.5561203613e+03
-1.6089378662e+03
-5.5402301025e+02
4.9508776855e+02
1.5404884033e+03
-1.6267855225e+03
-5.7136975098e+02
4.7865112305e+02
1.5243474121e+03
-1.6422965088e+03
-5.8679644775e+02
4.6336282349e+02
1.5089537354e+03
-1.6559299316e+03
-6.0053814697e+02
4.4954025269e+02
1.4950059814e+03
-1.6679434814e+03
-6.1267614746e+02
4.3727862549e+02
1.4825683594e+03
-1.6783645020e+03
-6.2322760010e+02
4.2660281372e+02
1.4717685547e+03
-1.6872818604e+03
-6.3223931885e+02
4.1749224854e+02
1.4625598145e+03
-1.6946818848e+03
-6.3971179199e+02
4.0994833374e+02
1.4549510498e+03
-1.7005998535e+03
-6.4567749023e+02
4.0393350220e+02
1.4488934326e+03
-1.7050280762e+03
-6.5013586426e+02
3.9944424438e+02
1.4443779297e+03
-1.7079805908e+03
-6.5310595703e+02
3.9645608521e+02
1.4413756104e+03
-1.7094549561e+03
-6.5458795166e+02
3.9496606445e+02
1.4398790283e+03
-1.7094549561e+03
-6.5458795166e+02
3.9496606445e+02
1.4398790283e+03
-1.7079805908e+03
-6.5310595703e+02
3.9645608521e+02
1.4413756104e+03
-1.7050280762e+03
-6.5013586426e+02
3.9944424438e+02
1.4443779297e+03
-1.7005998535e+03
-6.4567749023e+02
4.0393350220e+02
1.4488934326e+03
-1.6946818848e+03
-6.3971179199e+02
4.0994833374e+02
1.4549510498e+03
-1.6872818604e+03
-6.3223931885e+02
4.1749224854e+02
1.4625598145e+03
-1.6783645020e+03
-6.2322760010e+02
4.2660281372e+02
1.4717685547e+03
-1.6679434814e+03
-6.1267614746e+02
4.3727862549e+02
1.4825683594e+03
-1.6559299316e+03
-6.0053814697e+02
4.4954025269e+02
1.4950059814e+03
-1.6422965088e+03
-5.8679644775e+02
4.6336282349e+02
1.5089537354e+03
-1.6267855225e+03
-5.7136975098e+02
4.7865112305e+02
1.5243474121e+03
-1.6089378662e+03
-5.5402301025e+02
4.9508776855e+02
1.5404884033e+03
-1.5894685059e+03
-5.4940606689e+02
4.8535791016e+02
1.5172055664e+03
-1.6066933594e+03
-5.6591491699e+02
4.6974447632e+02
1.5016644287e+03
-1.6217189941e+03
-5.8077355957e+02
4.5502709961e+02
1.4867449951e+03
-1.6350020752e+03
-5.9411224365e+02
4.4160617065e+02
1.4731403809e+03
-1.6466701660e+03
-6.0590533447e+02
4.2968887329e+02
1.4610356445e+03
-1.6568402100e+03
-6.1619671631e+02
4.1926977539e+02
1.4504772949e+03
-1.6655114746e+03
-6.2496728516e+02
4.1039816284e+02
1.4415021973e+03
-1.6727327881e+03
-6.3226409912e+02
4.0302593994e+02
1.4340606689e+03
-1.6784916992e+03
-6.3807354736e+02
3.9716491699e+02
1.4281519775e+03
-1.6828116455e+03
-6.4242779541e+02
3.9277685547e+02
1.4237359619e+03
-1.6856860352e+03
-6.4532110596e+02
3.8986395264e+02
1.4208060303e+03
-1.6871240234e+03
-6.4676843262e+02
3.8840753174e+02
1.4193426514e+03
-1.6871240234e+03
-6.4676843262e+02
3.8840753174e+02
1.4193426514e+03
-1.6856860352e+03
-6.4532110596e+02
3.8986395264e+02
1.4208060303e+03
-1.6828116455e+03
-6.4242779541e+02
3.9277685547e+02
1.4237359619e+03
-1.6784916992e+03
-6.3807354736e+02
3.9716491699e+02
1.4281519775e+03
-1.6727327881e+03
-6.3226409912e+02
4.0302593994e+02
1.4340606689e+03
-1.6655114746e+03
-6.2496728516e+02
4.1039816284e+02
1.4415021973e+03
-1.6568402100e+03
-6.1619671631e+02
4.1926977539e+02
1.4504772949e+03
-1.6466701660e+03
-6.0590533447e+02
4.2968887329e+02
1.4610356445e+03
-1.6350020752e+03
-5.9411224365e+02
4.4160617065e+02
1.4731403809e+03
-1.6217189941e+03
-5.8077355957e+02
4.5502709961e+02
1.4867449951e+03
-1.6066933594e+03
-5.6591491699e+02
4.6974447632e+02
1.5016644287e+03
-1.5894685059e+03
-5.4940606689e+02
4.8535791016e+02
1.5172055664e+03
-1.5635664062e+03
-5.4352935791e+02
4.7258096313e+02
1.4865212402e+03
-1.5799173584e+03
-5.5893054199e+02
4.5804968262e+02
1.4718262939e+03
-1.5944060059e+03
-5.7305456543e+02
4.4405191040e+02
1.4574400635e+03
-1.6071501465e+03
-5.8583459473e+02
4.3118365479e+02
1.4443620605e+03
-1.6184436035e+03
-5.9721002197e+02
4.1967578125e+02
1.4326256104e+03
-1.6282302246e+03
-6.0712182617e+02
4.0963183594e+02
1.4224359131e+03
-1.6366245117e+03
-6.1561199951e+02
4.0103356934e+02
1.4137246094e+03
-1.6435836182e+03
-6.2264929199e+02
3.9391683960e+02
1.4065317383e+03
-1.6491556396e+03
-6.2827697754e+02
3.8823214722e+02
1.4007967529e+03
-1.6533221436e+03
-6.3247924805e+02
3.8399301147e+02
1.3965242920e+03
-1.6561021729e+03
-6.3528204346e+02
3.8116772461e+02
1.3936810303e+03
-1.6574897461e+03
-6.3667932129e+02
3.7976019287e+02
1.3922645264e+03
-1.6574897461e+03
-6.3667932129e+02
3.7976019287e+02
1.3922645264e+03
-1.6561021729e+03
-6.3528204346e+02
3.8116772461e+02
1.3936810303e+03
-1.6533221436e+03
-6.3247924805e+02
3.8399301147e+02
1.3965242920e+03
-1.6491556396e+03
-6.2827697754e+02
3.8823214722e+02
1.4007967529e+03
-1.6435836182e+03
-6.2264929199e+02
3.9391683960e+02
1.4065317383e+03
-1.6366245117e+03
-6.1561199951e+02
4.0103356934e+02
1.4137246094e+03
-1.6282302246e+03
-6.0712182617e+02
4.0963183594e+02
1.4224359131e+03
-1.6184436035e+03
-5.9721002197e+02
4.1967578125e+02
1.4326256104e+03
-1.6071501465e+03
-5.8583459473e+02
4.3118365479e+02
1.4443620605e+03
-1.5944060059e+03
-5.7305456543e+02
4.4405191040e+02
1.4574400635e+03
-1.5799173584e+03
-5.5893054199e+02
4.5804968262e+02
1.4718262939e+03
-1.5635664062e+03
-5.4352935791e+02
4.7258096313e+02
1.4865212402e+03
-1.5317901611e+03
-5.3583129883e+02
4.5680978394e+02
1.4486766357e+03
-1.5471613770e+03
-5.4990631104e+02
4.4358297729e+02
1.4349244385e+03
-1.5608682861e+03
-5.6312847900e+02
4.3049679565e+02
1.4212979736e+03
-1.5730672607e+03
-5.7527697754e+02
4.1826055908e+02
1.4087572021e+03
-1.5838073730e+03
-5.8610070801e+02
4.0730624390e+02
1.3975543213e+03
-1.5932006836e+03
-5.9560644531e+02
3.9766397095e+02
1.3877443848e+03
-1.6012039795e+03
-6.0371130371e+02
3.8944940186e+02
1.3794063721e+03
-1.6078809814e+03
-6.1047296143e+02
3.8260253906e+02
1.3724783936e+03
-1.6132017822e+03
-6.1585192871e+02
3.7716363525e+02
1.3669804688e+03
-1.6171968994e+03
-6.1989007568e+02
3.7308435059e+02
1.3628663330e+03
-1.6198536377e+03
-6.2257086182e+02
3.7037899780e+02
1.3601380615e+03
-1.6211835938e+03
-6.2391339111e+02
3.6902465820e+02
1.3587742920e+03
-1.6211835938e+03
-6.2391339111e+02
3.6902465820e+02
1.3587742920e+03
-1.6198536377e+03
-6.2257086182e+02
3.7037899780e+02
1.3601380615e+03
-1.6171968994e+03
-6.1989007568e+02
3.7308435059e+02
1.3628663330e+03
-1.6132017822e+03
-6.1585192871e+02
3.7716363525e+02
1.3669804688e+03
-1.6078809814e+03
-6.1047296143e+02
3.8260253906e+02
1.3724783936e+03
-1.6012039795e+03
-6.0371130371e+02
3.8944940186e+02
1.3794063721e+03
-1.5932006836e+03
-5.9560644531e+02
3.9766397095e+02
1.3877443848e+03
-1.5838073730e+03
-5.8610070801e+02
4.0730624390e+02
1.3975543213e+03
-1.5730672607e+03
-5.7527697754e+02
4.1826055908e+02
1.4087572021e+03
-1.5608682861e+03
-5.6312847900e+02
4.3049679565e+02
1.4212979736e+03
-1.5471613770e+03
-5.4990631104e+02
4.4358297729e+02
1.4349244385e+03
-1.5317901611e+03
-5.3583129883e+02
4.5680978394e+02
1.4486766357e+03
-1.4938300781e+03
-5.2717578125e+02
4.3839898682e+02
1.4040307617e+03
-1.5079560547e+03
-5.3968450928e+02
4.2669970703e+02
1.3914803467e+03
-1.5209281006e+03
-5.5187445068e+02
4.1461718750e+02
1.3785933838e+03
-1.5323557129e+03
-5.6322491455e+02
4.0316793823e+02
1.3668065186e+03
-1.5425804443e+03
-5.7346966553e+02
3.9277874756e+02
1.3561157227e+03
-1.5514304199e+03
-5.8243212891e+02
3.8367388916e+02
1.3468321533e+03
-1.5590480957e+03
-5.9014776611e+02
3.7583786011e+02
1.3388638916e+03
-1.5653564453e+03
-5.9654040527e+02
3.6935501099e+02
1.3322886963e+03
-1.5704154053e+03
-6.0166540527e+02
3.6416253662e+02
1.3270361328e+03
-1.5741954346e+03
-6.0548852539e+02
3.6029434204e+02
1.3231250000e+03
-1.5767198486e+03
-6.0804235840e+02
3.5771197510e+02
1.3205194092e+03
-1.5779790039e+03
-6.0931427002e+02
3.5642681885e+02
1.3192219238e+03
-1.5779790039e+03
-6.0931427002e+02
3.5642681885e+02
1.3192219238e+03
-1.5767198486e+03
-6.0804235840e+02
3.5771197510e+02
1.3205194092e+03
-1.5741954346e+03
-6.0548852539e+02
3.6029434204e+02
1.3231250000e+03
-1.5704154053e+03
-6.0166540527e+02
3.6416253662e+02
1.3270361328e+03
-1.5653564453e+03
-5.9654040527e+02
3.6935501099e+02
1.3322886963e+03
-1.5590480957e+03
-5.9014776611e+02
3.7583786011e+02
1.3388638916e+03
-1.5514304199e+03
-5.8243212891e+02
3.8367388916e+02
1.3468321533e+03
-1.5425804443e+03
-5.7346966553e+02
3.9277874756e+02
1.3561157227e+03
-1.5323557129e+03
-5.6322491455e+02
4.0316793823e+02
1.3668065186e+03
-1.5209281006e+03
-5.5187445068e+02
4.1461718750e+02
1.3785933838e+03
-1.5079560547e+03
-5.3968450928e+02
4.2669970703e+02
1.3914803467e+03
-1.4938300781e+03
-5.2717578125e+02
4.3839898682e+02
1.4040307617e+03
-1.4507058105e+03
-5.1637432861e+02
4.1720056152e+02
1.3529772949e+03
-1.4635789795e+03
-5.2716729736e+02
4.0719134521e+02
1.3416343994e+03
-1.4755072021e+03
-5.3818109131e+02
3.9630795288e+02
1.3297501221e+03
-1.4862497559e+03
-5.4873065186e+02
3.8566592407e+02
1.3186451416e+03
-1.4957440186e+03
-5.5824694824e+02
3.7601348877e+02
1.3086595459e+03
-1.5040925293e+03
-5.6669665527e+02
3.6741784668e+02
1.2998620605e+03
-1.5112016602e+03
-5.7390563965e+02
3.6008990479e+02
1.2923840332e+03
-1.5171463623e+03
-5.7994647217e+02
3.5395281982e+02
1.2861522217e+03
-1.5218804932e+03
-5.8474682617e+02
3.4908291626e+02
1.2812087402e+03
-1.5254390869e+03
-5.8835900879e+02
3.4542120361e+02
1.2775042725e+03
-1.5278044434e+03
-5.9075415039e+02
3.4299560547e+02
1.2750484619e+03
-1.5289892578e+03
-5.9195544434e+02
3.4177935791e+02
1.2738199463e+03
-1.5289892578e+03
-5.9195544434e+02
3.4177935791e+02
1.2738199463e+03
-1.5278044434e+03
-5.9075415039e+02
3.4299560547e+02
1.2750484619e+03
-1.5254390869e+03
-5.8835900879e+02
3.4542120361e+02
1.2775042725e+03
-1.5218804932e+03
-5.8474682617e+02
3.4908291626e+02
1.2812087402e+03
-1.5171463623e+03
-5.7994647217e+02
3.5395281982e+02
1.2861522217e+03
-1.5112016602e+03
-5.7390563965e+02
3.6008990479e+02
1.2923840332e+03
-1.5040925293e+03
-5.6669665527e+02
3.6741784668e+02
1.2998620605e+03
-1.4957440186e+03
-5.5824694824e+02
3.7601348877e+02
1.3086595459e+03
-1.4862497559e+03
-5.4873065186e+02
3.8566592407e+02
1.3186451416e+03
-1.4755072021e+03
-5.3818109131e+02
3.9630795288e+02
1.3297501221e+03
-1.4635789795e+03
-5.2716729736e+02
4.0719134521e+02
1.3416343994e+03
-1.4507058105e+03
-5.1637432861e+02
4.1720056152e+02
1.3529772949e+03
-1.4016484375e+03
-5.0514767456e+02
3.9400006104e+02
1.2958774414e+03
-1.4129720459e+03
-5.1401812744e+02
3.8586428833e+02
1.2860191650e+03
-1.4240489502e+03
-5.2378411865e+02
3.7618234253e+02
1.2750144043e+03
-1.4338259277e+03
-5.3333441162e+02
3.6652130127e+02
1.2648524170e+03
-1.4427143555e+03
-5.4216528320e+02
3.5753237915e+02
1.2554777832e+03
-1.4503957520e+03
-5.4993536377e+02
3.4961022949e+02
1.2473350830e+03
-1.4570408936e+03
-5.5668011475e+02
3.4273187256e+02
1.2403052979e+03
-1.4625384521e+03
-5.6226489258e+02
3.3704565430e+02
1.2345075684e+03
-1.4669553223e+03
-5.6675903320e+02
3.3247293091e+02
1.2298651123e+03
-1.4702539062e+03
-5.7010729980e+02
3.2907083130e+02
1.2264090576e+03
-1.4724584961e+03
-5.7234869385e+02
3.2679452515e+02
1.2241042480e+03
-1.4735577393e+03
-5.7346356201e+02
3.2566311646e+02
1.2229569092e+03
-1.4735577393e+03
-5.7346356201e+02
3.2566311646e+02
1.2229569092e+03
-1.4724584961e+03
-5.7234869385e+02
3.2679452515e+02
1.2241042480e+03
-1.4702539062e+03
-5.7010729980e+02
3.2907083130e+02
1.2264090576e+03
-1.4669553223e+03
-5.6675903320e+02
3.3247293091e+02
1.2298651123e+03
-1.4625384521e+03
-5.6226489258e+02
3.3704565430e+02
1.2345075684e+03
-1.4570408936e+03
-5.5668011475e+02
3.4273187256e+02
1.2403052979e+03
-1.4503957520e+03
-5.4993536377e+02
3.4961022949e+02
1.2473350830e+03
-1.4427143555e+03
-5.4216528320e+02
3.5753237915e+02
1.2554777832e+03
-1.4338259277e+03
-5.3333441162e+02
3.6652130127e+02
1.2648524170e+03
-1.4240489502e+03
-5.2378411865e+02
3.7618234253e+02
1.2750144043e+03
-1.4129720459e+03
-5.1401812744e+02
3.8586428833e+02
1.2860191650e+03
-1.4016484375e+03
-5.0514767456e+02
3.9400006104e+02
1.2958774414e+03
-1.3484130859e+03
-4.9117898560e+02
3.6812380981e+02
1.2333210449e+03
-1.3583233643e+03
-4.9807174683e+02
3.6193276978e+02
1.2248358154e+03
-1.3681318359e+03
-5.0645260620e+02
3.5367462158e+02
1.2150239258e+03
-1.3771540527e+03
-5.1511431885e+02
3.4491787720e+02
1.2056256104e+03
-1.3851752930e+03
-5.2307354736e+02
3.3682092285e+02
1.1970916748e+03
-1.3922869873e+03
-5.3027392578e+02
3.2946673584e+02
1.1895024414e+03
-1.3983424072e+03
-5.3642041016e+02
3.2319461060e+02
1.1830490723e+03
-1.4034207764e+03
-5.4160638428e+02
3.1790274048e+02
1.1776506348e+03
-1.4074637451e+03
-5.4572143555e+02
3.1370956421e+02
1.1733685303e+03
-1.4105062256e+03
-5.4882806396e+02
3.1054571533e+02
1.1701545410e+03
-1.4125280762e+03
-5.5088494873e+02
3.0845285034e+02
1.1680238037e+03
-1.4135413818e+03
-5.5191870117e+02
3.0740127563e+02
1.1669573975e+03
-1.4135413818e+03
-5.5191870117e+02
3.0740127563e+02
1.1669573975e+03
-1.4125280762e+03
-5.5088494873e+02
3.0845285034e+02
1.1680238037e+03
-1.4105062256e+03
-5.4882806396e+02
3.1054571533e+02
1.1701545410e+03
-1.4074637451e+03
-5.4572143555e+02
3.1370956421e+02
1.1733685303e+03
-1.4034207764e+03
-5.4160638428e+02
3.1790274048e+02
1.1776506348e+03
-1.3983424072e+03
-5.3642041016e+02
3.2319461060e+02
1.1830490723e+03
-1.3922869873e+03
-5.3027392578e+02
3.2946673584e+02
1.1895024414e+03
-1.3851752930e+03
-5.2307354736e+02
3.3682092285e+02
1.1970916748e+03
-1.3771540527e+03
-5.1511431885e+02
3.4491787720e+02
1.2056256104e+03
-1.3681318359e+03
-5.0645260620e+02
3.5367462158e+02
1.2150239258e+03
-1.3583233643e+03
-4.9807174683e+02
3.6193276978e+02
1.2248358154e+03
-1.3484130859e+03
-4.9117898560e+02
3.6812380981e+02
1.2333210449e+03
-1.2893613281e+03
-4.7767807007e+02
3.4115158081e+02
1.1655441895e+03
-1.2974874268e+03
-4.8241134644e+02
3.3707473755e+02
1.1587357178e+03
-1.3064320068e+03
-4.8944296265e+02
3.3010775757e+02
1.1498629150e+03
-1.3143389893e+03
-4.9693933105e+02
3.2249246216e+02
1.1415532227e+03
-1.3217191162e+03
-5.0417758179e+02
3.1508428955e+02
1.1336754150e+03
-1.3280867920e+03
-5.1059436035e+02
3.0851016235e+02
1.1268326416e+03
-1.3336336670e+03
-5.1624041748e+02
3.0271969604e+02
1.1208757324e+03
-1.3382204590e+03
-5.2091113281e+02
2.9793862915e+02
1.1159636230e+03
-1.3419130859e+03
-5.2469055176e+02
2.9407131958e+02
1.1120195312e+03
-1.3446706543e+03
-5.2750177002e+02
2.9119873047e+02
1.1090826416e+03
-1.3465148926e+03
-5.2938916016e+02
2.8927090454e+02
1.1071223145e+03
-1.3474344482e+03
-5.3032635498e+02
2.8831427002e+02
1.1061461182e+03
-1.3474344482e+03
-5.3032635498e+02
2.8831427002e+02
1.1061461182e+03
-1.3465148926e+03
-5.2938916016e+02
2.8927090454e+02
1.1071223145e+03
-1.3446706543e+03
-5.2750177002e+02
2.9119873047e+02
1.1090826416e+03
-1.3419130859e+03
-5.2469055176e+02
2.9407131958e+02
1.1120195312e+03
-1.3382204590e+03
-5.2091113281e+02
2.9793862915e+02
1.1159636230e+03
-1.3336336670e+03
-5.1624041748e+02
3.0271969604e+02
1.1208757324e+03
-1.3280867920e+03
-5.1059436035e+02
3.0851016235e+02
1.1268326416e+03
-1.3217191162e+03
-5.0417758179e+02
3.1508428955e+02
1.1336754150e+03
-1.3143389893e+03
-4.9693933105e+02
3.2249246216e+02
1.1415532227e+03
-1.3064320068e+03
-4.8944296265e+02
3.3010775757e+02
1.1498629150e+03
-1.2974874268e+03
-4.8241134644e+02
3.3707473755e+02
1.1587357178e+03
-1.2893613281e+03
-4.7767807007e+02
3.4115158081e+02
1.1655441895e+03
-1.2274652100e+03
-4.6041107178e+02
3.1142788696e+02
1.0934116211e+03
-1.2341546631e+03
-4.6305215454e+02
3.0938079834e+02
1.0880399170e+03
-1.2416389160e+03
-4.6853454590e+02
3.0399905396e+02
1.0804964600e+03
-1.2487988281e+03
-4.7515890503e+02
2.9727508545e+02
1.0729587402e+03
-1.2552265625e+03
-4.8141311646e+02
2.9088726807e+02
1.0660181885e+03
-1.2609948730e+03
-4.8725775146e+02
2.8488400269e+02
1.0597558594e+03
-1.2659145508e+03
-4.9224911499e+02
2.7976486206e+02
1.0544237061e+03
-1.2700543213e+03
-4.9650549316e+02
2.7539724731e+02
1.0499428711e+03
-1.2733522949e+03
-4.9987658691e+02
2.7194265747e+02
1.0463852539e+03
-1.2758365479e+03
-5.0243350220e+02
2.6932351685e+02
1.0437114258e+03
-1.2774882812e+03
-5.0412322998e+02
2.6759396362e+02
1.0419376221e+03
-1.2783161621e+03
-5.0497479248e+02
2.6672259521e+02
1.0410494385e+03
-1.2783161621e+03
-5.0497479248e+02
2.6672259521e+02
1.0410494385e+03
-1.2774882812e+03
-5.0412322998e+02
2.6759396362e+02
1.0419376221e+03
-1.2758365479e+03
-5.0243350220e+02
2.6932351685e+02
1.0437114258e+03
-1.2733522949e+03
-4.9987658691e+02
2.7194265747e+02
1.0463852539e+03
-1.2700543213e+03
-4.9650549316e+02
2.7539724731e+02
1.0499428711e+03
-1.2659145508e+03
-4.9224911499e+02
2.7976486206e+02
1.0544237061e+03
-1.2609948730e+03
-4.8725775146e+02
2.8488400269e+02
1.0597558594e+03
-1.2552265625e+03
-4.8141311646e+02
2.9088726807e+02
1.0660181885e+03
-1.2487988281e+03
-4.7515890503e+02
2.9727508545e+02
1.0729587402e+03
-1.2416389160e+03
-4.6853454590e+02
3.0399905396e+02
1.0804964600e+03
-1.2341546631e+03
-4.6305215454e+02
3.0938079834e+02
1.0880399170e+03
-1.2274652100e+03
-4.6041107178e+02
3.1142788696e+02
1.0934116211e+03
-1.1595289307e+03
-4.4503771973e+02
2.8177581787e+02
1.0168789673e+03
-1.1642626953e+03
-4.4540161133e+02
2.8200976562e+02
1.0132642822e+03
-1.1709892578e+03
-4.4960208130e+02
2.7788305664e+02
1.0066234741e+03
-1.1769371338e+03
-4.5491815186e+02
2.7245825195e+02
1.0002758789e+03
-1.1827380371e+03
-4.6049887085e+02
2.6670376587e+02
9.9397692871e+02
-1.1877445068e+03
-4.6549606323e+02
2.6155413818e+02
9.8850549316e+02
-1.1921444092e+03
-4.6999102783e+02
2.5691156006e+02
9.8368939209e+02
-1.1957872314e+03
-4.7370571899e+02
2.5308300781e+02
9.7971234131e+02
-1.1987259521e+03
-4.7673623657e+02
2.4996022034e+02
9.7651062012e+02
-1.2009229736e+03
-4.7898605347e+02
2.4764480591e+02
9.7412310791e+02
-1.2023925781e+03
-4.8050277710e+02
2.4608457947e+02
9.7252850342e+02
-1.2031259766e+03
-4.8125433350e+02
2.4531185913e+02
9.7173376465e+02
-1.2031259766e+03
-4.8125433350e+02
2.4531185913e+02
9.7173376465e+02
-1.2023925781e+03
-4.8050277710e+02
2.4608457947e+02
9.7252850342e+02
-1.2009229736e+03
-4.7898605347e+02
2.4764480591e+02
9.7412310791e+02
-1.1987259521e+03
-4.7673623657e+02
2.4996022034e+02
9.7651062012e+02
-1.1957872314e+03
-4.7370571899e+02
2.5308300781e+02
9.7971234131e+02
-1.1921444092e+03
-4.6999102783e+02
2.5691156006e+02
9.8368939209e+02
-1.1877445068e+03
-4.6549606323e+02
2.6155413818e+02
9.8850549316e+02
-1.1827380371e+03
-4.6049887085e+02
2.6670376587e+02
9.9397692871e+02
-1.1769371338e+03
-4.5491815186e+02
2.7245825195e+02
1.0002758789e+03
-1.1709892578e+03
-4.4960208130e+02
2.7788305664e+02
1.0066234741e+03
-1.1642626953e+03
-4.4540161133e+02
2.8200976562e+02
1.0132642822e+03
-1.1595289307e+03
-4.4503771973e+02
2.8177581787e+02
1.0168789673e+03
-1.0905726318e+03
-4.2422085571e+02
2.4909962463e+02
9.3711914062e+02
-1.0939986572e+03
-4.2255322266e+02
2.5120271301e+02
9.3492083740e+02
-1.0991025391e+03
-4.2501629639e+02
2.4876904297e+02
9.2970977783e+02
-1.1043793945e+03
-4.2960174561e+02
2.4405976868e+02
9.2406451416e+02
-1.1092137451e+03
-4.3411547852e+02
2.3941894531e+02
9.1875683594e+02
-1.1136228027e+03
-4.3858724976e+02
2.3478645325e+02
9.1386175537e+02
-1.1174082031e+03
-4.4241241455e+02
2.3083609009e+02
9.0967254639e+02
-1.1206049805e+03
-4.4572875977e+02
2.2740957642e+02
9.0613598633e+02
-1.1231596680e+03
-4.4835040283e+02
2.2470411682e+02
9.0331884766e+02
-1.1250849609e+03
-4.5035256958e+02
2.2263928223e+02
9.0119964600e+02
-1.1263675537e+03
-4.5167272949e+02
2.2127841187e+02
8.9979083252e+02
-1.1270101318e+03
-4.5234060669e+02
2.2059028625e+02
8.9908569336e+02
-1.1270101318e+03
-4.5234060669e+02
2.2059028625e+02
8.9908569336e+02
-1.1263675537e+03
-4.5167272949e+02
2.2127841187e+02
8.9979083252e+02
-1.1250849609e+03
-4.5035256958e+02
2.2263928223e+02
9.0119964600e+02
-1.1231596680e+03
-4.4835040283e+02
2.2470411682e+02
9.0331884766e+02
-1.1206049805e+03
-4.4572875977e+02
2.2740957642e+02
9.0613598633e+02
-1.1174082031e+03
-4.4241241455e+02
2.3083609009e+02
9.0967254639e+02
-1.1136228027e+03
-4.3858724976e+02
2.3478645325e+02
9.1386175537e+02
-1.1092137451e+03
-4.3411547852e+02
2.3941894531e+02
9.1875683594e+02
-1.1043793945e+03
-4.2960174561e+02
2.4405976868e+02
9.2406451416e+02
-1.0991025391e+03
-4.2501629639e+02
2.4876904297e+02
9.2970977783e+02
-1.0939986572e+03
-4.2255322266e+02
2.5120271301e+02
9.3492083740e+02
-1.0905726318e+03
-4.2422085571e+02
2.4909962463e+02
9.3711914062e+02
-1.0146896362e+03
-4.0752325439e+02
2.1778660583e+02
8.5385589600e+02
-1.0160471191e+03
-4.0353561401e+02
2.2237110901e+02
8.5334826660e+02
-1.0206199951e+03
-4.0506369019e+02
2.2100830078e+02
8.4886877441e+02
-1.0246704102e+03
-4.0821243286e+02
2.1781338501e+02
8.4446514893e+02
-1.0289206543e+03
-4.1218395996e+02
2.1368620300e+02
8.3972802734e+02
-1.0326241455e+03
-4.1580239868e+02
2.0993878174e+02
8.3559863281e+02
-1.0359140625e+03
-4.1917572021e+02
2.0643011475e+02
8.3191772461e+02
-1.0386530762e+03
-4.2196411133e+02
2.0353454590e+02
8.2886041260e+02
-1.0408665771e+03
-4.2426699829e+02
2.0114369202e+02
8.2639471436e+02
-1.0425277100e+03
-4.2597341919e+02
1.9937333679e+02
8.2454870605e+02
-1.0436381836e+03
-4.2713076782e+02
1.9817355347e+02
8.2331622314e+02
-1.0441938477e+03
-4.2770278931e+02
1.9758062744e+02
8.2270043945e+02
-1.0441938477e+03
-4.2770278931e+02
1.9758062744e+02
8.2270043945e+02
-1.0436381836e+03
-4.2713076782e+02
1.9817355347e+02
8.2331622314e+02
-1.0425277100e+03
-4.2597341919e+02
1.9937333679e+02
8.2454870605e+02
-1.0408665771e+03
-4.2426699829e+02
2.0114369202e+02
8.2639471436e+02
-1.0386530762e+03
-4.2196411133e+02
2.0353454590e+02
8.2886041260e+02
-1.0359140625e+03
-4.1917572021e+02
2.0643011475e+02
8.3191772461e+02
-1.0326241455e+03
-4.1580239868e+02
2.0993878174e+02
8.3559863281e+02
-1.0289206543e+03
-4.1218395996e+02
2.1368620300e+02
8.3972802734e+02
-1.0246704102e+03
-4.0821243286e+02
2.1781338501e+02
8.4446514893e+02
-1.0206199951e+03
-4.0506369019e+02
2.2100830078e+02
8.4886877441e+02
-1.0160471191e+03
-4.0353561401e+02
2.2237110901e+02
8.5334826660e+02
-1.0146896362e+03
-4.0752325439e+02
2.1778660583e+02
8.5385589600e+02
-9.4040753174e+02
-3.8263394165e+02
1.8321237183e+02
7.6822924805e+02
-9.4073303223e+02
-3.7695431519e+02
1.8908271790e+02
7.6907733154e+02
-9.4356994629e+02
-3.7638650513e+02
1.8949272156e+02
7.6614678955e+02
-9.4704913330e+02
-3.7907174683e+02
1.8659811401e+02
7.6231024170e+02
-9.5042834473e+02
-3.8194567871e+02
1.8359368896e+02
7.5855523682e+02
-9.5356549072e+02
-3.8512249756e+02
1.8025500488e+02
7.5498742676e+02
-9.5631036377e+02
-3.8786230469e+02
1.7739546204e+02
7.5188085938e+02
-9.5863684082e+02
-3.9030108643e+02
1.7485493469e+02
7.4924963379e+02
-9.6051312256e+02
-3.9222885132e+02
1.7284974670e+02
7.4713482666e+02
-9.6192657471e+02
-3.9371667480e+02
1.7130496216e+02
7.4554425049e+02
-9.6287341309e+02
-3.9469561768e+02
1.7028855896e+02
7.4448144531e+02
-9.6334680176e+02
-3.9519369507e+02
1.6977209473e+02
7.4395031738e+02
-9.6334680176e+02
-3.9519369507e+02
1.6977209473e+02
7.4395031738e+02
-9.6287341309e+02
-3.9469561768e+02
1.7028855896e+02
7.4448144531e+02
-9.6192657471e+02
-3.9371667480e+02
1.7130496216e+02
7.4554425049e+02
-9.6051312256e+02
-3.9222885132e+02
1.7284974670e+02
7.4713482666e+02
-9.5863684082e+02
-3.9030108643e+02
1.7485493469e+02
7.4924963379e+02
-9.5631036377e+02
-3.8786230469e+02
1.7739546204e+02
7.5188085938e+02
-9.5356549072e+02
-3.8512249756e+02
1.8025500488e+02
7.5498742676e+02
-9.5042834473e+02
-3.8194567871e+02
1.8359368896e+02
7.5855523682e+02
-9.4704913330e+02
-3.7907174683e+02
1.8659811401e+02
7.6231024170e+02
-9.4356994629e+02
-3.7638650513e+02
1.8949272156e+02
7.6614678955e+02
-9.4073303223e+02
-3.7695431519e+02
1.8908271790e+02
7.6907733154e+02
-9.4040753174e+02
-3.8263394165e+02
1.8321237183e+02
7.6822924805e+02
-8.5712188721e+02
-3.6542852783e+02
1.5105906677e+02
6.8040191650e+02
-8.5536437988e+02
-3.5725979614e+02
1.5990460205e+02
6.8266278076e+02
-8.5797680664e+02
-3.5658190918e+02
1.6100062561e+02
6.8007098389e+02
-8.6039447021e+02
-3.5776614380e+02
1.5994628906e+02
6.7742431641e+02
-8.6323767090e+02
-3.6028680420e+02
1.5733628845e+02
6.7413311768e+02
-8.6581109619e+02
-3.6269195557e+02
1.5485415649e+02
6.7119720459e+02
-8.6813104248e+02
-3.6506930542e+02
1.5237886047e+02
6.6855578613e+02
-8.7009454346e+02
-3.6704675293e+02
1.5031816101e+02
6.6632580566e+02
-8.7168249512e+02
-3.6871069336e+02
1.4858399963e+02
6.6452789307e+02
-8.7288653564e+02
-3.6994326782e+02
1.4729844666e+02
6.6316943359e+02
-8.7368994141e+02
-3.7078701782e+02
1.4641973877e+02
6.6226428223e+02
-8.7409442139e+02
-3.7120288086e+02
1.4598623657e+02
6.6180950928e+02
-8.7409442139e+02
-3.7120288086e+02
1.4598623657e+02
6.6180950928e+02
-8.7368994141e+02
-3.7078701782e+02
1.4641973877e+02
6.6226428223e+02
-8.7288653564e+02
-3.6994326782e+02
1.4729844666e+02
6.6316943359e+02
-8.7168249512e+02
-3.6871069336e+02
1.4858399963e+02
6.6452789307e+02
-8.7009454346e+02
-3.6704675293e+02
1.5031816101e+02
6.6632580566e+02
-8.6813104248e+02
-3.6506930542e+02
1.5237886047e+02
6.6855578613e+02
-8.6581109619e+02
-3.6269195557e+02
1.5485415649e+02
6.7119720459e+02
-8.6323767090e+02
-3.6028680420e+02
1.5733628845e+02
6.7413311768e+02
-8.6039447021e+02
-3.5776614380e+02
1.5994628906e+02
6.7742431641e+02
-8.5797680664e+02
-3.5658190918e+02
1.6100062561e+02
6.8007098389e+02
-8.5536437988e+02
-3.5725979614e+02
1.5990460205e+02
6.8266278076e+02
-8.5712188721e+02
-3.6542852783e+02
1.5105906677e+02
6.8040191650e+02
-7.7926116943e+02
-3.3541598511e+02
1.1578897858e+02
5.9051959229e+02
-7.7681738281e+02
-3.2657937622e+02
1.2450324249e+02
5.9408068848e+02
-7.7776556396e+02
-3.2309738159e+02
1.2746425629e+02
5.9324694824e+02
-7.7961761475e+02
-3.2412542725e+02
1.2602154541e+02
5.9104284668e+02
-7.8182989502e+02
-3.2564270020e+02
1.2433840942e+02
5.8859893799e+02
-7.8392285156e+02
-3.2772610474e+02
1.2209291840e+02
5.8621423340e+02
-7.8583642578e+02
-3.2957879639e+02
1.2013070679e+02
5.8403033447e+02
-7.8746368408e+02
-3.3129626465e+02
1.1832816315e+02
5.8218078613e+02
-7.8880541992e+02
-3.3266262817e+02
1.1689979553e+02
5.8066290283e+02
-7.8981451416e+02
-3.3373434448e+02
1.1578497314e+02
5.7952343750e+02
-7.9049896240e+02
-3.3443917847e+02
1.1505162811e+02
5.7875366211e+02
-7.9083978271e+02
-3.3480081177e+02
1.1467651367e+02
5.7837017822e+02
-7.9083978271e+02
-3.3480081177e+02
1.1467651367e+02
5.7837017822e+02
-7.9049896240e+02
-3.3443917847e+02
1.1505162811e+02
5.7875366211e+02
-7.8981451416e+02
-3.3373434448e+02
1.1578497314e+02
5.7952343750e+02
-7.8880541992e+02
-3.3266262817e+02
1.1689979553e+02
5.8066290283e+02
-7.8746368408e+02
-3.3129626465e+02
1.1832816315e+02
5.8218078613e+02
-7.8583642578e+02
-3.2957879639e+02
1.2013070679e+02
5.8403033447e+02
-7.8392285156e+02
-3.2772610474e+02
1.2209291840e+02
5.8621423340e+02
-7.8182989502e+02
-3.2564270020e+02
1.2433840942e+02
5.8859893799e+02
-7.7961761475e+02
-3.2412542725e+02
1.2602154541e+02
5.9104284668e+02
-7.7776556396e+02
-3.2309738159e+02
1.2746425629e+02
5.9324694824e+02
-7.7681738281e+02
-3.2657937622e+02
1.2450324249e+02
5.9408068848e+02
-7.7926116943e+02
-3.3541598511e+02
1.1578897858e+02
5.9051959229e+02
-6.8880401611e+02
-3.1865832520e+02
8.3937805176e+01
4.9979971313e+02
-6.8462304688e+02
-3.0642355347e+02
9.6905181885e+01
5.0419479370e+02
-6.8551489258e+02
-3.0427362061e+02
9.9879692078e+01
5.0299694824e+02
-6.8685308838e+02
-3.0401892090e+02
1.0059719086e+02
5.0163958740e+02
-6.8863232422e+02
-3.0538769531e+02
9.9281814575e+01
4.9955435181e+02
-6.9039215088e+02
-3.0689846802e+02
9.7780624390e+01
4.9751858521e+02
-6.9201062012e+02
-3.0852676392e+02
9.6116661072e+01
4.9570043945e+02
-6.9343267822e+02
-3.0991427612e+02
9.4691795349e+01
4.9410867310e+02
-6.9458154297e+02
-3.1111138916e+02
9.3457382202e+01
4.9283187866e+02
-6.9547070312e+02
-3.1200274658e+02
9.2535461426e+01
4.9184866333e+02
-6.9606176758e+02
-3.1262066650e+02
9.1897422791e+01
4.9119635010e+02
-6.9636309814e+02
-3.1292483521e+02
9.1582557678e+01
4.9086523438e+02
-6.9636309814e+02
-3.1292483521e+02
9.1582557678e+01
4.9086523438e+02
-6.9606176758e+02
-3.1262066650e+02
9.1897422791e+01
4.9119635010e+02
-6.9547070312e+02
-3.1200274658e+02
9.2535461426e+01
4.9184866333e+02
-6.9458154297e+02
-3.1111138916e+02
9.3457382202e+01
4.9283187866e+02
-6.9343267822e+02
-3.0991427612e+02
9.4691795349e+01
4.9410867310e+02
-6.9201062012e+02
-3.0852676392e+02
9.6116661072e+01
4.9570043945e+02
-6.9039215088e+02
-3.0689846802e+02
9.7780624390e+01
4.9751858521e+02
-6.8863232422e+02
-3.0538769531e+02
9.9281814575e+01
4.9955435181e+02
-6.8685308838e+02
-3.0401892090e+02
1.0059719086e+02
5.0163958740e+02
-6.8551489258e+02
-3.0427362061e+02
9.9879692078e+01
5.0299694824e+02
-6.8462304688e+02
-3.0642355347e+02
9.6905181885e+01
5.0419479370e+02
-6.8880401611e+02
-3.1865832520e+02
8.3937805176e+01
4.9979971313e+02
-6.0852270508e+02
-2.8248648071e+02
4.8173149109e+01
4.0919500732e+02
-6.0357244873e+02
-2.7225051880e+02
5.8122135162e+01
4.1480114746e+02
-6.0355004883e+02
-2.6647552490e+02
6.3026088715e+01
4.1556832886e+02
-6.0411193848e+02
-2.6618411255e+02
6.2624691010e+01
4.1472125244e+02
-6.0556518555e+02
-2.6685324097e+02
6.1718097687e+01
4.1311822510e+02
-6.0699255371e+02
-2.6820690918e+02
6.0204353333e+01
4.1160086060e+02
-6.0840814209e+02
-2.6950970459e+02
5.8817489624e+01
4.1004519653e+02
-6.0960961914e+02
-2.7076925659e+02
5.7496017456e+01
4.0873913574e+02
-6.1063726807e+02
-2.7179067993e+02
5.6438209534e+01
4.0762466431e+02
-6.1140832520e+02
-2.7260507202e+02
5.5601112366e+01
4.0679525757e+02
-6.1194152832e+02
-2.7314288330e+02
5.5049789429e+01
4.0622521973e+02
-6.1220544434e+02
-2.7342086792e+02
5.4766021729e+01
4.0594354248e+02
-6.1220544434e+02
-2.7342086792e+02
5.4766021729e+01
4.0594354248e+02
-6.1194152832e+02
-2.7314288330e+02
5.5049789429e+01
4.0622521973e+02
-6.1140832520e+02
-2.7260507202e+02
5.5601112366e+01
4.0679525757e+02
-6.1063726807e+02
-2.7179067993e+02
5.6438209534e+01
4.0762466431e+02
-6.0960961914e+02
-2.7076925659e+02
5.7496017456e+01
4.0873913574e+02
-6.0840814209e+02
-2.6950970459e+02
5.8817489624e+01
4.1004519653e+02
-6.0699255371e+02
-2.6820690918e+02
6.0204353333e+01
4.1160086060e+02
-6.0556518555e+02
-2.6685324097e+02
6.1718097687e+01
4.1311822510e+02
-6.0411193848e+02
-2.6618411255e+02
6.2624691010e+01
4.1472125244e+02
-6.0355004883e+02
-2.6647552490e+02
6.3026088715e+01
4.1556832886e+02
-6.0357244873e+02
-2.7225051880e+02
5.8122135162e+01
4.1480114746e+02
-6.0852270508e+02
-2.8248648071e+02
4.8173149109e+01
4.0919500732e+02
-5.1126492310e+02
-2.6598040771e+02
2.0209102631e+01
3.1288604736e+02
-5.0664736938e+02
-2.4988977051e+02
3.6727687836e+01
3.1846524048e+02
-5.0603558350e+02
-2.4673753357e+02
4.0708076477e+01
3.1796719360e+02
-5.0700805664e+02
-2.4592436218e+02
4.2179492950e+01
3.1701486206e+02
-5.0831152344e+02
-2.4661489868e+02
4.1663730621e+01
3.1569165039e+02
-5.0971887207e+02
-2.4769253540e+02
4.0662284851e+01
3.1410220337e+02
-5.1099536133e+02
-2.4892372131e+02
3.9425613403e+01
3.1274169922e+02
-5.1215771484e+02
-2.5001524353e+02
3.8329887390e+01
3.1149481201e+02
-5.1307434082e+02
-2.5095822144e+02
3.7365219116e+01
3.1052243042e+02
-5.1378485107e+02
-2.5165908813e+02
3.6645881653e+01
3.0975790405e+02
-5.1424530029e+02
-2.5214202881e+02
3.6146213531e+01
3.0925872803e+02
-5.1448016357e+02
-2.5237834167e+02
3.5900974274e+01
3.0900198364e+02
-5.1448016357e+02
-2.5237834167e+02
3.5900974274e+01
3.0900198364e+02
-5.1424530029e+02
-2.5214202881e+02
3.6146213531e+01
3.0925872803e+02
-5.1378485107e+02
-2.5165908813e+02
3.6645881653e+01
3.0975790405e+02
-5.1307434082e+02
-2.5095822144e+02
3.7365219116e+01
3.1052243042e+02
-5.1215771484e+02
-2.5001524353e+02
3.8329887390e+01
3.1149481201e+02
-5.1099536133e+02
-2.4892372131e+02
3.9425613403e+01
3.1274169922e+02
-5.0971887207e+02
-2.4769253540e+02
4.0662284851e+01
3.1410220337e+02
-5.0831152344e+02
-2.4661489868e+02
4.1663730621e+01
3.1569165039e+02
-5.0700805664e+02
-2.4592436218e+02
4.2179492950e+01
3.1701486206e+02
-5.0603558350e+02
-2.4673753357e+02
4.0708076477e+01
3.1796719360e+02
-5.0664736938e+02
-2.4988977051e+02
3.6727687836e+01
3.1846524048e+02
-5.1126492310e+02
-2.6598040771e+02
2.0209102631e+01
3.1288604736e+02
-4.3185977173e+02
-2.2285118103e+02
-1.8451042175e+01
2.3197515869e+02
-4.2346783447e+02
-2.1343965149e+02
-9.0521764755e+00
2.3781904602e+02
-4.2371276855e+02
-2.0769903564e+02
-3.4896748066e+00
2.3898403931e+02
-4.2378985596e+02
-2.0687223816e+02
-3.0291938782e+00
2.3892384338e+02
-4.2502526855e+02
-2.0748158264e+02
-3.7820615768e+00
2.3737371826e+02
-4.2615765381e+02
-2.0863471985e+02
-5.0573616028e+00
2.3610571289e+02
-4.2727951050e+02
-2.0974295044e+02
-6.2420773506e+00
2.3471449280e+02
-4.2809127808e+02
-2.1072148132e+02
-7.3384881020e+00
2.3359671021e+02
-4.2872427368e+02
-2.1146849060e+02
-8.1898527145e+00
2.3261059570e+02
-4.2913525391e+02
-2.1202720642e+02
-8.8521108627e+00
2.3189202881e+02
-4.2940231323e+02
-2.1238011169e+02
-9.2769746780e+00
2.3138874817e+02
-4.2952389526e+02
-2.1255761719e+02
-9.4949855804e+00
2.3114363098e+02
-4.2952389526e+02
-2.1255761719e+02
-9.4949855804e+00
2.3114363098e+02
-4.2940231323e+02
-2.1238011169e+02
-9.2769746780e+00
2.3138874817e+02
-4.2913525391e+02
-2.1202720642e+02
-8.8521108627e+00
2.3189202881e+02
-4.2872427368e+02
-2.1146849060e+02
-8.1898527145e+00
2.3261059570e+02
-4.2809127808e+02
-2.1072148132e+02
-7.3384881020e+00
2.3359671021e+02
-4.2727951050e+02
-2.0974295044e+02
-6.2420773506e+00
2.3471449280e+02
-4.2615765381e+02
-2.0863471985e+02
-5.0573616028e+00
2.3610571289e+02
-4.2502526855e+02
-2.0748158264e+02
-3.7820615768e+00
2.3737371826e+02
-4.2378985596e+02
-2.0687223816e+02
-3.0291938782e+00
2.3892384338e+02
-4.2371276855e+02
-2.0769903564e+02
-3.4896748066e+00
2.3898403931e+02
-4.2346783447e+02
-2.1343965149e+02
-9.0521764755e+00
2.3781904602e+02
-4.3185977173e+02
-2.2285118103e+02
-1.8451042175e+01
2.3197515869e+02
-3.1832333374e+02
-2.1636495972e+02
-4.0612472534e+01
1.2516323853e+02
-3.1852832031e+02
-1.9851541138e+02
-2.3176136017e+01
1.3214515686e+02
-3.1858273315e+02
-1.9339588928e+02
-1.9151048660e+01
1.3169242859e+02
-3.2013482666e+02
-1.9267791748e+02
-1.9254598618e+01
1.2972434998e+02
-3.2115786743e+02
-1.9300167847e+02
-2.0210998535e+01
1.2815647888e+02
-3.2186679077e+02
-1.9355136108e+02
-2.1395112991e+01
1.2628044128e+02
-3.2202767944e+02
-1.9404629517e+02
-2.2530799866e+01
1.2472856140e+02
-3.2204495239e+02
-1.9440460205e+02
-2.3440507889e+01
1.2330604553e+02
-3.2190991211e+02
-1.9466799927e+02
-2.4177543640e+01
1.2223476410e+02
-3.2178326416e+02
-1.9483180237e+02
-2.4687482834e+01
1.2139831543e+02
-3.2166537476e+02
-1.9493563843e+02
-2.5032272339e+01
1.2086824799e+02
-3.2160678101e+02
-1.9498155212e+02
-2.5194181442e+01
1.2059519958e+02
-3.2160678101e+02
-1.9498155212e+02
-2.5194181442e+01
1.2059519958e+02
-3.2166537476e+02
-1.9493563843e+02
-2.5032272339e+01
1.2086824799e+02
-3.2178326416e+02
-1.9483180237e+02
-2.4687482834e+01
1.2139831543e+02
-3.2190991211e+02
-1.9466799927e+02
-2.4177543640e+01
1.2223476410e+02
-3.2204495239e+02
-1.9440460205e+02
-2.3440507889e+01
1.2330604553e+02
-3.2202767944e+02
-1.9404629517e+02
-2.2530799866e+01
1.2472856140e+02
-3.2186679077e+02
-1.9355136108e+02
-2.1395112991e+01
1.2628044128e+02
-3.2115786743e+02
-1.9300167847e+02
-2.0210998535e+01
1.2815647888e+02
-3.2013482666e+02
-1.9267791748e+02
-1.9254598618e+01
1.2972434998e+02
-3.1858273315e+02
-1.9339588928e+02
-1.9151048660e+01
1.3169242859e+02
-3.1852832031e+02
-1.9851541138e+02
-2.3176136017e+01
1.3214515686e+02
-3.1832333374e+02
-2.1636495972e+02
-4.0612472534e+01
1.2516323853e+02
-2.8631939697e+02
-1.2318470001e+02
-6.3740119934e+01
4.7967639923e+01
-2.7404425049e+02
-1.1737675476e+02
-5.6613597870e+01
4.5659755707e+01
-2.7129782104e+02
-1.1782088470e+02
-5.5662025452e+01
4.0466457367e+01
-2.6738772583e+02
-1.1807123566e+02
-5.5312774658e+01
3.7525318146e+01
-2.6495181274e+02
-1.1805352020e+02
-5.6043853760e+01
3.3953762054e+01
-2.6235000610e+02
-1.1805228424e+02
-5.6797958374e+01
3.1402826309e+01
-2.6056549072e+02
-1.1789550781e+02
-5.7466945648e+01
2.9273105621e+01
-2.5906542969e+02
-1.1776336670e+02
-5.7978244781e+01
2.7787668228e+01
-2.5804141235e+02
-1.1760046387e+02
-5.8332656860e+01
2.6650852203e+01
-2.5729080200e+02
-1.1748425293e+02
-5.8589694977e+01
2.5900447845e+01
-2.5683865356e+02
-1.1739466095e+02
-5.8739032745e+01
2.5407224655e+01
-2.5661257935e+02
-1.1735260010e+02
-5.8816429138e+01
2.5178699493e+01
-2.5661257935e+02
-1.1735260010e+02
-5.8816429138e+01
2.5178699493e+01
-2.5683865356e+02
-1.1739466095e+02
-5.8739032745e+01
2.5407224655e+01
-2.5729080200e+02
-1.1748425293e+02
-5.8589694977e+01
2.5900447845e+01
-2.5804141235e+02
-1.1760046387e+02
-5.8332656860e+01
2.6650852203e+01
-2.5906542969e+02
-1.1776336670e+02
-5.7978244781e+01
2.7787668228e+01
-2.6056549072e+02
-1.1789550781e+02
-5.7466945648e+01
2.9273105621e+01
-2.6235000610e+02
-1.1805228424e+02
-5.6797958374e+01
3.1402826309e+01
-2.6495181274e+02
-1.1805352020e+02
-5.6043853760e+01
3.3953762054e+01
-2.6738772583e+02
-1.1807123566e+02
-5.5312774658e+01
3.7525318146e+01
-2.7129782104e+02
-1.1782088470e+02
-5.5662025452e+01
4.0466457367e+01
-2.7404425049e+02
-1.1737675476e+02
-5.6613597870e+01
4.5659755707e+01
-2.8631939697e+02
-1.2318470001e+02
-6.3740119934e+01
4.7967639923e+01
-9.3889739990e+01
-2.8271713257e+02
-1.2866098022e+02
3.3581062317e+01
-8.4838615417e+01
-2.6522161865e+02
-1.3302764893e+02
2.6303501129e+01
-7.9444885254e+01
-2.4836447144e+02
-1.2817868042e+02
2.6646772385e+01
-7.7164604187e+01
-2.3846957397e+02
-1.2720596313e+02
2.4641767502e+01
-7.3671524048e+01
-2.3319271851e+02
-1.2618330383e+02
2.2931921005e+01
-7.2186004639e+01
-2.2963526917e+02
-1.2601683044e+02
2.1452484131e+01
-7.0580810547e+01
-2.2769047546e+02
-1.2572512817e+02
2.0503635406e+01
-6.9811676025e+01
-2.2625801086e+02
-1.2563301849e+02
1.9809469223e+01
-6.9096771240e+01
-2.2545104980e+02
-1.2550802612e+02
1.9339662552e+01
-6.8739547729e+01
-2.2487020874e+02
-1.2546382904e+02
1.9034969330e+01
-6.8464889526e+01
-2.2457009888e+02
-1.2541780853e+02
1.8843107224e+01
-6.8361061096e+01
-2.2441319275e+02
-1.2540586853e+02
1.8756568909e+01
-6.8361061096e+01
-2.2441319275e+02
-1.2540586853e+02
1.8756568909e+01
-6.8464889526e+01
-2.2457009888e+02
-1.2541780853e+02
1.8843107224e+01
-6.8739547729e+01
-2.2487020874e+02
-1.2546382904e+02
1.9034969330e+01
-6.9096771240e+01
-2.2545104980e+02
-1.2550802612e+02
1.9339662552e+01
-6.9811676025e+01
-2.2625801086e+02
-1.2563301849e+02
1.9809469223e+01
-7.0580810547e+01
-2.2769047546e+02
-1.2572512817e+02
2.0503635406e+01
-7.2186004639e+01
-2.2963526917e+02
-1.2601683044e+02
2.1452484131e+01
-7.3671524048e+01
-2.3319271851e+02
-1.2618330383e+02
2.2931921005e+01
-7.7164604187e+01
-2.3846957397e+02
-1.2720596313e+02
2.4641767502e+01
-7.9444885254e+01
-2.4836447144e+02
-1.2817868042e+02
2.6646772385e+01
-8.4838615417e+01
-2.6522161865e+02
-1.3302764893e+02
2.6303501129e+01
-9.3889739990e+01
-2.8271713257e+02
-1.2866098022e+02
3.3581062317e+01
