-1.0633964539e+02
-3.0083203125e+02
-1.2557746887e+02
3.7017360687e+01
-9.4672264099e+01
-2.7776962280e+02
-1.2793148041e+02
3.0420392990e+01
-8.8080398560e+01
-2.5781286621e+02
-1.2196746063e+02
3.0996990204e+01
-8.5047996521e+01
-2.4623071289e+02
-1.2068743134e+02
2.9274183273e+01
-8.1012603760e+01
-2.4018229675e+02
-1.1949440765e+02
2.7405595779e+01
-7.9245468140e+01
-2.3618576050e+02
-1.1937770081e+02
2.5865695953e+01
-7.7427268982e+01
-2.3405282593e+02
-1.1910060883e+02
2.4801223755e+01
-7.6547660828e+01
-2.3250921631e+02
-1.1906862640e+02
2.4051858902e+01
-7.5746414185e+01
-2.3166520691e+02
-1.1897581482e+02
2.3520271301e+01
-7.5345733643e+01
-2.3106411743e+02
-1.1897039032e+02
2.3185222626e+01
-7.5040176392e+01
-2.3076289368e+02
-1.1894422913e+02
2.2967185974e+01
-7.4924827576e+01
-2.3060505676e+02
-1.1894548798e+02
2.2871141434e+01
-7.4924827576e+01
-2.3060505676e+02
-1.1894548798e+02
2.2871141434e+01
-7.5040176392e+01
-2.3076289368e+02
-1.1894422913e+02
2.2967185974e+01
-7.5345733643e+01
-2.3106411743e+02
-1.1897039032e+02
2.3185222626e+01
-7.5746414185e+01
-2.3166520691e+02
-1.1897581482e+02
2.3520271301e+01
-7.6547660828e+01
-2.3250921631e+02
-1.1906862640e+02
2.4051858902e+01
-7.7427268982e+01
-2.3405282593e+02
-1.1910060883e+02
2.4801223755e+01
-7.9245468140e+01
-2.3618576050e+02
-1.1937770081e+02
2.5865695953e+01
-8.1012603760e+01
-2.4018229675e+02
-1.1949440765e+02
2.7405595779e+01
-8.5047996521e+01
-2.4623071289e+02
-1.2068743134e+02
2.9274183273e+01
-8.8080398560e+01
-2.5781286621e+02
-1.2196746063e+02
3.0996990204e+01
-9.4672264099e+01
-2.7776962280e+02
-1.2793148041e+02
3.0420392990e+01
-1.0633964539e+02
-3.0083203125e+02
-1.2557746887e+02
3.7017360687e+01
-3.0826858521e+02
-1.3300624084e+02
-6.8151313782e+01
6.6039741516e+01
-2.9283032227e+02
-1.2386070251e+02
-5.6880676270e+01
6.5195091248e+01
-2.8914825439e+02
-1.2318041992e+02
-5.4261802673e+01
6.0184566498e+01
-2.8456280518e+02
-1.2317112732e+02
-5.3365440369e+01
5.7120960236e+01
-2.8176153564e+02
-1.2304152679e+02
-5.3981876373e+01
5.3242252350e+01
-2.7889172363e+02
-1.2303461456e+02
-5.4768970490e+01
5.0357059479e+01
-2.7694049072e+02
-1.2289051819e+02
-5.5527763367e+01
4.7942409515e+01
-2.7532946777e+02
-1.2277524567e+02
-5.6124374390e+01
4.6220771790e+01
-2.7423428345e+02
-1.2262760925e+02
-5.6553520203e+01
4.4905010223e+01
-2.7344039917e+02
-1.2252144623e+02
-5.6866516113e+01
4.4024631500e+01
-2.7296295166e+02
-1.2243946075e+02
-5.7053222656e+01
4.3447582245e+01
-2.7272586060e+02
-1.2240059662e+02
-5.7149284363e+01
4.3177898407e+01
-2.7272586060e+02
-1.2240059662e+02
-5.7149284363e+01
4.3177898407e+01
-2.7296295166e+02
-1.2243946075e+02
-5.7053222656e+01
4.3447582245e+01
-2.7344039917e+02
-1.2252144623e+02
-5.6866516113e+01
4.4024631500e+01
-2.7423428345e+02
-1.2262760925e+02
-5.6553520203e+01
4.4905010223e+01
-2.7532946777e+02
-1.2277524567e+02
-5.6124374390e+01
4.6220771790e+01
-2.7694049072e+02
-1.2289051819e+02
-5.5527763367e+01
4.7942409515e+01
-2.7889172363e+02
-1.2303461456e+02
-5.4768970490e+01
5.0357059479e+01
-2.8176153564e+02
-1.2304152679e+02
-5.3981876373e+01
5.3242252350e+01
-2.8456280518e+02
-1.2317112732e+02
-5.3365440369e+01
5.7120960236e+01
-2.8914825439e+02
-1.2318041992e+02
-5.4261802673e+01
6.0184566498e+01
-2.9283032227e+02
-1.2386070251e+02
-5.6880676270e+01
6.5195091248e+01
-3.0826858521e+02
-1.3300624084e+02
-6.8151313782e+01
6.6039741516e+01
-3.4688562012e+02
-2.3787599182e+02
-3.9605583191e+01
1.5071835327e+02
-3.4536453247e+02
-2.1474331665e+02
-1.7364032745e+01
1.6029985046e+02
-3.4491207886e+02
-2.0736230469e+02
-1.1430334091e+01
1.6024670410e+02
-3.4629437256e+02
-2.0581283569e+02
-1.0934449196e+01
1.5838679504e+02
-3.4734979248e+02
-2.0586659241e+02
-1.1760421753e+01
1.5670893860e+02
-3.4808746338e+02
-2.0637513733e+02
-1.3006568909e+01
1.5465701294e+02
-3.4828543091e+02
-2.0690055847e+02
-1.4265031815e+01
1.5289643860e+02
-3.4832373047e+02
-2.0732104492e+02
-1.5306064606e+01
1.5127821350e+02
-3.4820809937e+02
-2.0764236450e+02
-1.6159545898e+01
1.5003945923e+02
-3.4809234619e+02
-2.0785679626e+02
-1.6759807587e+01
1.4907261658e+02
-3.4798291016e+02
-2.0799440002e+02
-1.7166414261e+01
1.4845442200e+02
-3.4792779541e+02
-2.0805827332e+02
-1.7359159470e+01
1.4813673401e+02
-3.4792779541e+02
-2.0805827332e+02
-1.7359159470e+01
1.4813673401e+02
-3.4798291016e+02
-2.0799440002e+02
-1.7166414261e+01
1.4845442200e+02
-3.4809234619e+02
-2.0785679626e+02
-1.6759807587e+01
1.4907261658e+02
-3.4820809937e+02
-2.0764236450e+02
-1.6159545898e+01
1.5003945923e+02
-3.4832373047e+02
-2.0732104492e+02
-1.5306064606e+01
1.5127821350e+02
-3.4828543091e+02
-2.0690055847e+02
-1.4265031815e+01
1.5289643860e+02
-3.4808746338e+02
-2.0637513733e+02
-1.3006568909e+01
1.5465701294e+02
-3.4734979248e+02
-2.0586659241e+02
-1.1760421753e+01
1.5670893860e+02
-3.4629437256e+02
-2.0581283569e+02
-1.0934449196e+01
1.5838679504e+02
-3.4491207886e+02
-2.0736230469e+02
-1.1430334091e+01
1.6024670410e+02
-3.4536453247e+02
-2.1474331665e+02
-1.7364032745e+01
1.6029985046e+02
-3.4688562012e+02
-2.3787599182e+02
-3.9605583191e+01
1.5071835327e+02
-4.7471270752e+02
-2.4228121948e+02
-1.3615039825e+01
2.7000314331e+02
-4.6400277710e+02
-2.2898258972e+02
-5.9972111136e-02
2.7791262817e+02
-4.6377847290e+02
-2.2163890076e+02
7.2374010086e+00
2.7979208374e+02
-4.6362893677e+02
-2.2033189392e+02
8.2254991531e+00
2.8000372314e+02
-4.6490481567e+02
-2.2087292480e+02
7.5723962784e+00
2.7840405273e+02
-4.6615426636e+02
-2.2212380981e+02
6.2054262161e+00
2.7702786255e+02
-4.6740963745e+02
-2.2338127136e+02
4.8762416840e+00
2.7548928833e+02
-4.6834732056e+02
-2.2450404358e+02
3.6259829998e+00
2.7422598267e+02
-4.6908209229e+02
-2.2537796021e+02
2.6383831501e+00
2.7310800171e+02
-4.6957183838e+02
-2.2603343201e+02
1.8673108816e+00
2.7228375244e+02
-4.6989059448e+02
-2.2645275879e+02
1.3677499294e+00
2.7170666504e+02
-4.7003839111e+02
-2.2666329956e+02
1.1116870642e+00
2.7142382812e+02
-4.7003839111e+02
-2.2666329956e+02
1.1116870642e+00
2.7142382812e+02
-4.6989059448e+02
-2.2645275879e+02
1.3677499294e+00
2.7170666504e+02
-4.6957183838e+02
-2.2603343201e+02
1.8673108816e+00
2.7228375244e+02
-4.6908209229e+02
-2.2537796021e+02
2.6383831501e+00
2.7310800171e+02
-4.6834732056e+02
-2.2450404358e+02
3.6259829998e+00
2.7422598267e+02
-4.6740963745e+02
-2.2338127136e+02
4.8762416840e+00
2.7548928833e+02
-4.6615426636e+02
-2.2212380981e+02
6.2054262161e+00
2.7702786255e+02
-4.6490481567e+02
-2.2087292480e+02
7.5723962784e+00
2.7840405273e+02
-4.6362893677e+02
-2.2033189392e+02
8.2254991531e+00
2.8000372314e+02
-4.6377847290e+02
-2.2163890076e+02
7.2374010086e+00
2.7979208374e+02
-4.6400277710e+02
-2.2898258972e+02
-5.9972111136e-02
2.7791262817e+02
-4.7471270752e+02
-2.4228121948e+02
-1.3615039825e+01
2.7000314331e+02
-5.6233911133e+02
-2.9179928589e+02
2.9974002838e+01
3.6313772583e+02
-5.5607275391e+02
-2.7141586304e+02
5.0682617188e+01
3.7055026245e+02
-5.5523016357e+02
-2.6661398315e+02
5.6346858978e+01
3.7018203735e+02
-5.5625964355e+02
-2.6534466553e+02
5.8318561554e+01
3.6919775391e+02
-5.5780096436e+02
-2.6599053955e+02
5.7852546692e+01
3.6765621948e+02
-5.5944635010e+02
-2.6721182251e+02
5.6716693878e+01
3.6582122803e+02
-5.6096661377e+02
-2.6863198853e+02
5.5292091370e+01
3.6422106934e+02
-5.6233898926e+02
-2.6991729736e+02
5.4007991791e+01
3.6276434326e+02
-5.6343182373e+02
-2.7102709961e+02
5.2879032135e+01
3.6161795044e+02
-5.6427526855e+02
-2.7186001587e+02
5.2030437469e+01
3.6072030640e+02
-5.6482574463e+02
-2.7243264771e+02
5.1442455292e+01
3.6013079834e+02
-5.6510552979e+02
-2.7271459961e+02
5.1152389526e+01
3.5982858276e+02
-5.6510552979e+02
-2.7271459961e+02
5.1152389526e+01
3.5982858276e+02
-5.6482574463e+02
-2.7243264771e+02
5.1442455292e+01
3.6013079834e+02
-5.6427526855e+02
-2.7186001587e+02
5.2030437469e+01
3.6072030640e+02
-5.6343182373e+02
-2.7102709961e+02
5.2879032135e+01
3.6161795044e+02
-5.6233898926e+02
-2.6991729736e+02
5.4007991791e+01
3.6276434326e+02
-5.6096661377e+02
-2.6863198853e+02
5.5292091370e+01
3.6422106934e+02
-5.5944635010e+02
-2.6721182251e+02
5.6716693878e+01
3.6582122803e+02
-5.5780096436e+02
-2.6599053955e+02
5.7852546692e+01
3.6765621948e+02
-5.5625964355e+02
-2.6534466553e+02
5.8318561554e+01
3.6919775391e+02
-5.5523016357e+02
-2.6661398315e+02
5.6346858978e+01
3.7018203735e+02
-5.5607275391e+02
-2.7141586304e+02
5.0682617188e+01
3.7055026245e+02
-5.6233911133e+02
-2.9179928589e+02
2.9974002838e+01
3.6313772583e+02
-6.7224145508e+02
-3.0899105835e+02
6.2453086853e+01
4.7151254272e+02
-6.6565069580e+02
-2.9513162231e+02
7.6088653564e+01
4.7890328979e+02
-6.6552514648e+02
-2.8802969360e+02
8.2279151917e+01
4.7992501831e+02
-6.6619189453e+02
-2.8750134277e+02
8.2068305969e+01
4.7898236084e+02
-6.6796844482e+02
-2.8832351685e+02
8.1003669739e+01
4.7707183838e+02
-6.6973803711e+02
-2.8995898438e+02
7.9200645447e+01
4.7523309326e+02
-6.7147943115e+02
-2.9156503296e+02
7.7509353638e+01
4.7336129761e+02
-6.7296697998e+02
-2.9310110474e+02
7.5909042358e+01
4.7177990723e+02
-6.7422991943e+02
-2.9435519409e+02
7.4617866516e+01
4.7043859863e+02
-6.7518127441e+02
-2.9534805298e+02
7.3601898193e+01
4.6943643188e+02
-6.7583575439e+02
-2.9600668335e+02
7.2929565430e+01
4.6875045776e+02
-6.7616076660e+02
-2.9634539795e+02
7.2585037231e+01
4.6841046143e+02
-6.7616076660e+02
-2.9634539795e+02
7.2585037231e+01
4.6841046143e+02
-6.7583575439e+02
-2.9600668335e+02
7.2929565430e+01
4.6875045776e+02
-6.7518127441e+02
-2.9534805298e+02
7.3601898193e+01
4.6943643188e+02
-6.7422991943e+02
-2.9435519409e+02
7.4617866516e+01
4.7043859863e+02
-6.7296697998e+02
-2.9310110474e+02
7.5909042358e+01
4.7177990723e+02
-6.7147943115e+02
-2.9156503296e+02
7.7509353638e+01
4.7336129761e+02
-6.6973803711e+02
-2.8995898438e+02
7.9200645447e+01
4.7523309326e+02
-6.6796844482e+02
-2.8832351685e+02
8.1003669739e+01
4.7707183838e+02
-6.6619189453e+02
-2.8750134277e+02
8.2068305969e+01
4.7898236084e+02
-6.6552514648e+02
-2.8802969360e+02
8.2279151917e+01
4.7992501831e+02
-6.6565069580e+02
-2.9513162231e+02
7.6088653564e+01
4.7890328979e+02
-6.7224145508e+02
-3.0899105835e+02
6.2453086853e+01
4.7151254272e+02
-7.6218103027e+02
-3.4929724121e+02
1.0375315094e+02
5.7502160645e+02
-7.5682440186e+02
-3.3365927124e+02
1.2017304230e+02
5.8072076416e+02
-7.5788964844e+02
-3.3041915894e+02
1.2433770752e+02
5.7938739014e+02
-7.5960369873e+02
-3.3011880493e+02
1.2516466522e+02
5.7770593262e+02
-7.6188897705e+02
-3.3177099609e+02
1.2358094788e+02
5.7512249756e+02
-7.6413299561e+02
-3.3369418335e+02
1.2168153381e+02
5.7260516357e+02
-7.6620050049e+02
-3.3573236084e+02
1.1961516571e+02
5.7034594727e+02
-7.6800463867e+02
-3.3748989868e+02
1.1782745361e+02
5.6837829590e+02
-7.6946557617e+02
-3.3899255371e+02
1.1629273987e+02
5.6679583740e+02
-7.7059039307e+02
-3.4011798096e+02
1.1514084625e+02
5.6558215332e+02
-7.7133978271e+02
-3.4089334106e+02
1.1434826660e+02
5.6477532959e+02
-7.7172039795e+02
-3.4127673340e+02
1.1395561981e+02
5.6436694336e+02
-7.7172039795e+02
-3.4127673340e+02
1.1395561981e+02
5.6436694336e+02
-7.7133978271e+02
-3.4089334106e+02
1.1434826660e+02
5.6477532959e+02
-7.7059039307e+02
-3.4011798096e+02
1.1514084625e+02
5.6558215332e+02
-7.6946557617e+02
-3.3899255371e+02
1.1629273987e+02
5.6679583740e+02
-7.6800463867e+02
-3.3748989868e+02
1.1782745361e+02
5.6837829590e+02
-7.6620050049e+02
-3.3573236084e+02
1.1961516571e+02
5.7034594727e+02
-7.6413299561e+02
-3.3369418335e+02
1.2168153381e+02
5.7260516357e+02
-7.6188897705e+02
-3.3177099609e+02
1.2358094788e+02
5.7512249756e+02
-7.5960369873e+02
-3.3011880493e+02
1.2516466522e+02
5.7770593262e+02
-7.5788964844e+02
-3.3041915894e+02
1.2433770752e+02
5.7938739014e+02
-7.5682440186e+02
-3.3365927124e+02
1.2017304230e+02
5.8072076416e+02
-7.6218103027e+02
-3.4929724121e+02
1.0375315094e+02
5.7502160645e+02
-8.6431097412e+02
-3.6764733887e+02
1.4056185913e+02
6.7850378418e+02
-8.6096710205e+02
-3.5594253540e+02
1.5216874695e+02
6.8319415283e+02
-8.6229711914e+02
-3.5168524170e+02
1.5588101196e+02
6.8206982422e+02
-8.6467712402e+02
-3.5288977051e+02
1.5423640442e+02
6.7935552979e+02
-8.6756042480e+02
-3.5489483643e+02
1.5206564331e+02
6.7626586914e+02
-8.7028143311e+02
-3.5754202271e+02
1.4925158691e+02
6.7326635742e+02
-8.7276513672e+02
-3.5993542480e+02
1.4674806213e+02
6.7052294922e+02
-8.7487805176e+02
-3.6212631226e+02
1.4447207642e+02
6.6819836426e+02
-8.7661444092e+02
-3.6388137817e+02
1.4265568542e+02
6.6629565430e+02
-8.7792193604e+02
-3.6524819946e+02
1.4124676514e+02
6.6486596680e+02
-8.7880633545e+02
-3.6615124512e+02
1.4031590271e+02
6.6390222168e+02
-8.7924737549e+02
-3.6661224365e+02
1.3984187317e+02
6.6342150879e+02
-8.7924737549e+02
-3.6661224365e+02
1.3984187317e+02
6.6342150879e+02
-8.7880633545e+02
-3.6615124512e+02
1.4031590271e+02
6.6390222168e+02
-8.7792193604e+02
-3.6524819946e+02
1.4124676514e+02
6.6486596680e+02
-8.7661444092e+02
-3.6388137817e+02
1.4265568542e+02
6.6629565430e+02
-8.7487805176e+02
-3.6212631226e+02
1.4447207642e+02
6.6819836426e+02
-8.7276513672e+02
-3.5993542480e+02
1.4674806213e+02
6.7052294922e+02
-8.7028143311e+02
-3.5754202271e+02
1.4925158691e+02
6.7326635742e+02
-8.6756042480e+02
-3.5489483643e+02
1.5206564331e+02
6.7626586914e+02
-8.6467712402e+02
-3.5288977051e+02
1.5423640442e+02
6.7935552979e+02
-8.6229711914e+02
-3.5168524170e+02
1.5588101196e+02
6.8206982422e+02
-8.6096710205e+02
-3.5594253540e+02
1.5216874695e+02
6.8319415283e+02
-8.6431097412e+02
-3.6764733887e+02
1.4056185913e+02
6.7850378418e+02
-9.5241436768e+02
-4.0076205444e+02
1.8173796082e+02
7.8151702881e+02
-9.5020220947e+02
-3.9020291138e+02
1.9306092834e+02
7.8441906738e+02
-9.5351153564e+02
-3.8910205078e+02
1.9465698242e+02
7.8123547363e+02
-9.5673309326e+02
-3.9073202515e+02
1.9319824219e+02
7.7783685303e+02
-9.6044665527e+02
-3.9393615723e+02
1.8991546631e+02
7.7368914795e+02
-9.6382324219e+02
-3.9708175659e+02
1.8670533752e+02
7.6996594238e+02
-9.6685858154e+02
-4.0014151001e+02
1.8355506897e+02
7.6662371826e+02
-9.6942639160e+02
-4.0271166992e+02
1.8090893555e+02
7.6380322266e+02
-9.7150299072e+02
-4.0485766602e+02
1.7869862366e+02
7.6152935791e+02
-9.7307519531e+02
-4.0645581055e+02
1.7705232239e+02
7.5981335449e+02
-9.7412493896e+02
-4.0754431152e+02
1.7593228149e+02
7.5866931152e+02
-9.7465283203e+02
-4.0808294678e+02
1.7537774658e+02
7.5809515381e+02
-9.7465283203e+02
-4.0808294678e+02
1.7537774658e+02
7.5809515381e+02
-9.7412493896e+02
-4.0754431152e+02
1.7593228149e+02
7.5866931152e+02
-9.7307519531e+02
-4.0645581055e+02
1.7705232239e+02
7.5981335449e+02
-9.7150299072e+02
-4.0485766602e+02
1.7869862366e+02
7.6152935791e+02
-9.6942639160e+02
-4.0271166992e+02
1.8090893555e+02
7.6380322266e+02
-9.6685858154e+02
-4.0014151001e+02
1.8355506897e+02
7.6662371826e+02
-9.6382324219e+02
-3.9708175659e+02
1.8670533752e+02
7.6996594238e+02
-9.6044665527e+02
-3.9393615723e+02
1.8991546631e+02
7.7368914795e+02
-9.5673309326e+02
-3.9073202515e+02
1.9319824219e+02
7.7783685303e+02
-9.5351153564e+02
-3.8910205078e+02
1.9465698242e+02
7.8123547363e+02
-9.5020220947e+02
-3.9020291138e+02
1.9306092834e+02
7.8441906738e+02
-9.5241436768e+02
-4.0076205444e+02
1.8173796082e+02
7.8151702881e+02
-1.0468826904e+03
-4.1976919556e+02
2.1927719116e+02
8.8262805176e+02
-1.0471674805e+03
-4.1227157593e+02
2.2701741028e+02
8.8378472900e+02
-1.0509814453e+03
-4.1165338135e+02
2.2749719238e+02
8.7996911621e+02
-1.0554978027e+03
-4.1505203247e+02
2.2389337158e+02
8.7513964844e+02
-1.0599650879e+03
-4.1884283447e+02
2.1998292542e+02
8.7033142090e+02
-1.0640838623e+03
-4.2294110107e+02
2.1572631836e+02
8.6580310059e+02
-1.0676992188e+03
-4.2651980591e+02
2.1203414917e+02
8.6184930420e+02
-1.0707581787e+03
-4.2967660522e+02
2.0878134155e+02
8.5850726318e+02
-1.0732257080e+03
-4.3218685913e+02
2.0619909668e+02
8.5582122803e+02
-1.0750842285e+03
-4.3411428833e+02
2.0421931458e+02
8.5380194092e+02
-1.0763287354e+03
-4.3538742065e+02
2.0291197205e+02
8.5245330811e+02
-1.0769511719e+03
-4.3603280640e+02
2.0224993896e+02
8.5177923584e+02
-1.0769511719e+03
-4.3603280640e+02
2.0224993896e+02
8.5177923584e+02
-1.0763287354e+03
-4.3538742065e+02
2.0291197205e+02
8.5245330811e+02
-1.0750842285e+03
-4.3411428833e+02
2.0421931458e+02
8.5380194092e+02
-1.0732257080e+03
-4.3218685913e+02
2.0619909668e+02
8.5582122803e+02
-1.0707581787e+03
-4.2967660522e+02
2.0878134155e+02
8.5850726318e+02
-1.0676992188e+03
-4.2651980591e+02
2.1203414917e+02
8.6184930420e+02
-1.0640838623e+03
-4.2294110107e+02
2.1572631836e+02
8.6580310059e+02
-1.0599650879e+03
-4.1884283447e+02
2.1998292542e+02
8.7033142090e+02
-1.0554978027e+03
-4.1505203247e+02
2.2389337158e+02
8.7513964844e+02
-1.0509814453e+03
-4.1165338135e+02
2.2749719238e+02
8.7996911621e+02
-1.0471674805e+03
-4.1227157593e+02
2.2701741028e+02
8.8378472900e+02
-1.0468826904e+03
-4.1976919556e+02
2.1927719116e+02
8.8262805176e+02
-1.1315429688e+03
-4.4718695068e+02
2.5997409058e+02
9.8154418945e+02
-1.1333369141e+03
-4.4198001099e+02
2.6587542725e+02
9.8085064697e+02
-1.1392351074e+03
-4.4386929321e+02
2.6421035767e+02
9.7518511963e+02
-1.1446153564e+03
-4.4804046631e+02
2.6002355957e+02
9.6951574707e+02
-1.1501821289e+03
-4.5316479492e+02
2.5475669861e+02
9.6349993896e+02
-1.1550717773e+03
-4.5790969849e+02
2.4989808655e+02
9.5822155762e+02
-1.1593995361e+03
-4.6228738403e+02
2.4539640808e+02
9.5353625488e+02
-1.1630108643e+03
-4.6593218994e+02
2.4165625000e+02
9.4963903809e+02
-1.1659259033e+03
-4.6892599487e+02
2.3858445740e+02
9.4650030518e+02
-1.1681147461e+03
-4.7115359497e+02
2.3630126953e+02
9.4414996338e+02
-1.1695777588e+03
-4.7265899658e+02
2.3475923157e+02
9.4258154297e+02
-1.1703098145e+03
-4.7340533447e+02
2.3399501038e+02
9.4179791260e+02
-1.1703098145e+03
-4.7340533447e+02
2.3399501038e+02
9.4179791260e+02
-1.1695777588e+03
-4.7265899658e+02
2.3475923157e+02
9.4258154297e+02
-1.1681147461e+03
-4.7115359497e+02
2.3630126953e+02
9.4414996338e+02
-1.1659259033e+03
-4.6892599487e+02
2.3858445740e+02
9.4650030518e+02
-1.1630108643e+03
-4.6593218994e+02
2.4165625000e+02
9.4963903809e+02
-1.1593995361e+03
-4.6228738403e+02
2.4539640808e+02
9.5353625488e+02
-1.1550717773e+03
-4.5790969849e+02
2.4989808655e+02
9.5822155762e+02
-1.1501821289e+03
-4.5316479492e+02
2.5475669861e+02
9.6349993896e+02
-1.1446153564e+03
-4.4804046631e+02
2.6002355957e+02
9.6951574707e+02
-1.1392351074e+03
-4.4386929321e+02
2.6421035767e+02
9.7518511963e+02
-1.1333369141e+03
-4.4198001099e+02
2.6587542725e+02
9.8085064697e+02
-1.1315429688e+03
-4.4718695068e+02
2.5997409058e+02
9.8154418945e+02
-1.2181766357e+03
-4.6564981079e+02
2.9695492554e+02
1.0782239990e+03
-1.2225251465e+03
-4.6339569092e+02
2.9973324585e+02
1.0754067383e+03
-1.2292857666e+03
-4.6664648438e+02
2.9656130981e+02
1.0686585693e+03
-1.2361768799e+03
-4.7256478882e+02
2.9054406738e+02
1.0614744873e+03
-1.2425762939e+03
-4.7849118042e+02
2.8451245117e+02
1.0546572266e+03
-1.2483770752e+03
-4.8429617310e+02
2.7856143188e+02
1.0484167480e+03
-1.2533792725e+03
-4.8930258179e+02
2.7344601440e+02
1.0430593262e+03
-1.2575944824e+03
-4.9361746216e+02
2.6903521729e+02
1.0385489502e+03
-1.2609683838e+03
-4.9704382324e+02
2.6553799438e+02
1.0349528809e+03
-1.2635089111e+03
-4.9965115356e+02
2.6287829590e+02
1.0322508545e+03
-1.2652026367e+03
-5.0137548828e+02
2.6112057495e+02
1.0304539795e+03
-1.2660506592e+03
-5.0224548340e+02
2.6023406982e+02
1.0295550537e+03
-1.2660506592e+03
-5.0224548340e+02
2.6023406982e+02
1.0295550537e+03
-1.2652026367e+03
-5.0137548828e+02
2.6112057495e+02
1.0304539795e+03
-1.2635089111e+03
-4.9965115356e+02
2.6287829590e+02
1.0322508545e+03
-1.2609683838e+03
-4.9704382324e+02
2.6553799438e+02
1.0349528809e+03
-1.2575944824e+03
-4.9361746216e+02
2.6903521729e+02
1.0385489502e+03
-1.2533792725e+03
-4.8930258179e+02
2.7344601440e+02
1.0430593262e+03
-1.2483770752e+03
-4.8429617310e+02
2.7856143188e+02
1.0484167480e+03
-1.2425762939e+03
-4.7849118042e+02
2.8451245117e+02
1.0546572266e+03
-1.2361768799e+03
-4.7256478882e+02
2.9054406738e+02
1.0614744873e+03
-1.2292857666e+03
-4.6664648438e+02
2.9656130981e+02
1.0686585693e+03
-1.2225251465e+03
-4.6339569092e+02
2.9973324585e+02
1.0754067383e+03
-1.2181766357e+03
-4.6564981079e+02
2.9695492554e+02
1.0782239990e+03
-1.2973095703e+03
-4.8859133911e+02
3.3577423096e+02
1.1711752930e+03
-1.3034743652e+03
-4.8902423096e+02
3.3605160522e+02
1.1664359131e+03
-1.3122265625e+03
-4.9445513916e+02
3.3075177002e+02
1.1579337158e+03
-1.3200979004e+03
-5.0143447876e+02
3.2369686890e+02
1.1497530518e+03
-1.3277161865e+03
-5.0868792725e+02
3.1629196167e+02
1.1417078857e+03
-1.3343374023e+03
-5.1523980713e+02
3.0961099243e+02
1.1346890869e+03
-1.3401375732e+03
-5.2109649658e+02
3.0362695312e+02
1.1285364990e+03
-1.3449528809e+03
-5.2596014404e+02
2.9866989136e+02
1.1234476318e+03
-1.3488321533e+03
-5.2991326904e+02
2.9464199829e+02
1.1193583984e+03
-1.3517357178e+03
-5.3285681152e+02
2.9164724731e+02
1.1163071289e+03
-1.3536768799e+03
-5.3483618164e+02
2.8963436890e+02
1.1142711182e+03
-1.3546461182e+03
-5.3581921387e+02
2.8863537598e+02
1.1132559814e+03
-1.3546461182e+03
-5.3581921387e+02
2.8863537598e+02
1.1132559814e+03
-1.3536768799e+03
-5.3483618164e+02
2.8963436890e+02
1.1142711182e+03
-1.3517357178e+03
-5.3285681152e+02
2.9164724731e+02
1.1163071289e+03
-1.3488321533e+03
-5.2991326904e+02
2.9464199829e+02
1.1193583984e+03
-1.3449528809e+03
-5.2596014404e+02
2.9866989136e+02
1.1234476318e+03
-1.3401375732e+03
-5.2109649658e+02
3.0362695312e+02
1.1285364990e+03
-1.3343374023e+03
-5.1523980713e+02
3.0961099243e+02
1.1346890869e+03
-1.3277161865e+03
-5.0868792725e+02
3.1629196167e+02
1.1417078857e+03
-1.3200979004e+03
-5.0143447876e+02
3.2369686890e+02
1.1497530518e+03
-1.3122265625e+03
-4.9445513916e+02
3.3075177002e+02
1.1579337158e+03
-1.3034743652e+03
-4.8902423096e+02
3.3605160522e+02
1.1664359131e+03
-1.2973095703e+03
-4.8859133911e+02
3.3577423096e+02
1.1711752930e+03
-1.3754113770e+03
-5.0559716797e+02
3.7115612793e+02
1.2608017578e+03
-1.3840463867e+03
-5.0897338867e+02
3.6849484253e+02
1.2538245850e+03
-1.3939145508e+03
-5.1614019775e+02
3.6149597168e+02
1.2440527344e+03
-1.4033061523e+03
-5.2476043701e+02
3.5281564331e+02
1.2343933105e+03
-1.4118138428e+03
-5.3296032715e+02
3.4451571655e+02
1.2254608154e+03
-1.4194178467e+03
-5.4058032227e+02
3.3676473999e+02
1.2174458008e+03
-1.4259285889e+03
-5.4712042236e+02
3.3012484741e+02
1.2106057129e+03
-1.4313968506e+03
-5.5267663574e+02
3.2448260498e+02
1.2048732910e+03
-1.4357609863e+03
-5.5709088135e+02
3.2000723267e+02
1.2003177490e+03
-1.4390452881e+03
-5.6043072510e+02
3.1662304688e+02
1.1968985596e+03
-1.4412309570e+03
-5.6264257812e+02
3.1438388062e+02
1.1946291504e+03
-1.4423258057e+03
-5.6375512695e+02
3.1325790405e+02
1.1934936523e+03
-1.4423258057e+03
-5.6375512695e+02
3.1325790405e+02
1.1934936523e+03
-1.4412309570e+03
-5.6264257812e+02
3.1438388062e+02
1.1946291504e+03
-1.4390452881e+03
-5.6043072510e+02
3.1662304688e+02
1.1968985596e+03
-1.4357609863e+03
-5.5709088135e+02
3.2000723267e+02
1.2003177490e+03
-1.4313968506e+03
-5.5267663574e+02
3.2448260498e+02
1.2048732910e+03
-1.4259285889e+03
-5.4712042236e+02
3.3012484741e+02
1.2106057129e+03
-1.4194178467e+03
-5.4058032227e+02
3.3676473999e+02
1.2174458008e+03
-1.4118138428e+03
-5.3296032715e+02
3.4451571655e+02
1.2254608154e+03
-1.4033061523e+03
-5.2476043701e+02
3.5281564331e+02
1.2343933105e+03
-1.3939145508e+03
-5.1614019775e+02
3.6149597168e+02
1.2440527344e+03
-1.3840463867e+03
-5.0897338867e+02
3.6849484253e+02
1.2538245850e+03
-1.3754113770e+03
-5.0559716797e+02
3.7115612793e+02
1.2608017578e+03
-1.4469227295e+03
-5.2464794922e+02
4.0679797363e+02
1.3455812988e+03
-1.4575107422e+03
-5.3078265381e+02
4.0145416260e+02
1.3366638184e+03
-1.4692109375e+03
-5.3994763184e+02
3.9241928101e+02
1.3252252197e+03
-1.4796633301e+03
-5.4977471924e+02
3.8251647949e+02
1.3144956055e+03
-1.4893845215e+03
-5.5922613525e+02
3.7293066406e+02
1.3043867188e+03
-1.4978156738e+03
-5.6764337158e+02
3.6439129639e+02
1.2955860596e+03
-1.5051430664e+03
-5.7502319336e+02
3.5689993286e+02
1.2879511719e+03
-1.5112171631e+03
-5.8114709473e+02
3.5069744873e+02
1.2816479492e+03
-1.5161011963e+03
-5.8609014893e+02
3.4569387817e+02
1.2765963135e+03
-1.5197530518e+03
-5.8977459717e+02
3.4197033691e+02
1.2728325195e+03
-1.5221937256e+03
-5.9224389648e+02
3.3947613525e+02
1.2703227539e+03
-1.5234114990e+03
-5.9347198486e+02
3.3823657227e+02
1.2690725098e+03
-1.5234114990e+03
-5.9347198486e+02
3.3823657227e+02
1.2690725098e+03
-1.5221937256e+03
-5.9224389648e+02
3.3947613525e+02
1.2703227539e+03
-1.5197530518e+03
-5.8977459717e+02
3.4197033691e+02
1.2728325195e+03
-1.5161011963e+03
-5.8609014893e+02
3.4569387817e+02
1.2765963135e+03
-1.5112171631e+03
-5.8114709473e+02
3.5069744873e+02
1.2816479492e+03
-1.5051430664e+03
-5.7502319336e+02
3.5689993286e+02
1.2879511719e+03
-1.4978156738e+03
-5.6764337158e+02
3.6439129639e+02
1.2955860596e+03
-1.4893845215e+03
-5.5922613525e+02
3.7293066406e+02
1.3043867188e+03
-1.4796633301e+03
-5.4977471924e+02
3.8251647949e+02
1.3144956055e+03
-1.4692109375e+03
-5.3994763184e+02
3.9241928101e+02
1.3252252197e+03
-1.4575107422e+03
-5.3078265381e+02
4.0145416260e+02
1.3366638184e+03
-1.4469227295e+03
-5.2464794922e+02
4.0679797363e+02
1.3455812988e+03
-1.5152736816e+03
-5.3959429932e+02
4.3927368164e+02
1.4255965576e+03
-1.5281523438e+03
-5.4854498291e+02
4.3117355347e+02
1.4145189209e+03
-1.5410747070e+03
-5.5950787354e+02
4.2041232300e+02
1.4017850342e+03
-1.5529499512e+03
-5.7083050537e+02
4.0904681396e+02
1.3896811523e+03
-1.5635721436e+03
-5.8127166748e+02
3.9851425171e+02
1.3786744385e+03
-1.5729685059e+03
-5.9069201660e+02
3.8898187256e+02
1.3689262695e+03
-1.5809941406e+03
-5.9875695801e+02
3.8083251953e+02
1.3606267090e+03
-1.5877153320e+03
-6.0554589844e+02
3.7397543335e+02
1.3537001953e+03
-1.5930748291e+03
-6.1094396973e+02
3.6853244019e+02
1.3482025146e+03
-1.5971046143e+03
-6.1501220703e+02
3.6443334961e+02
1.3440817871e+03
-1.5997852783e+03
-6.1770983887e+02
3.6171823120e+02
1.3413488770e+03
-1.6011278076e+03
-6.1906372070e+02
3.6035592651e+02
1.3399820557e+03
-1.6011278076e+03
-6.1906372070e+02
3.6035592651e+02
1.3399820557e+03
-1.5997852783e+03
-6.1770983887e+02
3.6171823120e+02
1.3413488770e+03
-1.5971046143e+03
-6.1501220703e+02
3.6443334961e+02
1.3440817871e+03
-1.5930748291e+03
-6.1094396973e+02
3.6853244019e+02
1.3482025146e+03
-1.5877153320e+03
-6.0554589844e+02
3.7397543335e+02
1.3537001953e+03
-1.5809941406e+03
-5.9875695801e+02
3.8083251953e+02
1.3606267090e+03
-1.5729685059e+03
-5.9069201660e+02
3.8898187256e+02
1.3689262695e+03
-1.5635721436e+03
-5.8127166748e+02
3.9851425171e+02
1.3786744385e+03
-1.5529499512e+03
-5.7083050537e+02
4.0904681396e+02
1.3896811523e+03
-1.5410747070e+03
-5.5950787354e+02
4.2041232300e+02
1.4017850342e+03
-1.5281523438e+03
-5.4854498291e+02
4.3117355347e+02
1.4145189209e+03
-1.5152736816e+03
-5.3959429932e+02
4.3927368164e+02
1.4255965576e+03
-1.5771668701e+03
-5.5502789307e+02
4.7056622314e+02
1.4996901855e+03
-1.5919493408e+03
-5.6658843994e+02
4.5989965820e+02
1.4867646484e+03
-1.6064923096e+03
-5.7936358643e+02
4.4728567505e+02
1.4725108643e+03
-1.6194217529e+03
-5.9189324951e+02
4.3470108032e+02
1.4593609619e+03
-1.6311621094e+03
-6.0346234131e+02
4.2302420044e+02
1.4472860107e+03
-1.6413459473e+03
-6.1366656494e+02
4.1271697998e+02
1.4367893066e+03
-1.6501435547e+03
-6.2250671387e+02
4.0379019165e+02
1.4277523193e+03
-1.6574362793e+03
-6.2984063721e+02
3.9639941406e+02
1.4202946777e+03
-1.6632900391e+03
-6.3573266602e+02
3.9046710205e+02
1.4143330078e+03
-1.6676666260e+03
-6.4012872314e+02
3.8604830933e+02
1.4098933105e+03
-1.6705899658e+03
-6.4306781006e+02
3.8309579468e+02
1.4069355469e+03
-1.6720485840e+03
-6.4453131104e+02
3.8162683105e+02
1.4054624023e+03
-1.6720485840e+03
-6.4453131104e+02
3.8162683105e+02
1.4054624023e+03
-1.6705899658e+03
-6.4306781006e+02
3.8309579468e+02
1.4069355469e+03
-1.6676666260e+03
-6.4012872314e+02
3.8604830933e+02
1.4098933105e+03
-1.6632900391e+03
-6.3573266602e+02
3.9046710205e+02
1.4143330078e+03
-1.6574362793e+03
-6.2984063721e+02
3.9639941406e+02
1.4202946777e+03
-1.6501435547e+03
-6.2250671387e+02
4.0379019165e+02
1.4277523193e+03
-1.6413459473e+03
-6.1366656494e+02
4.1271697998e+02
1.4367893066e+03
-1.6311621094e+03
-6.0346234131e+02
4.2302420044e+02
1.4472860107e+03
-1.6194217529e+03
-5.9189324951e+02
4.3470108032e+02
1.4593609619e+03
-1.6064923096e+03
-5.7936358643e+02
4.4728567505e+02
1.4725108643e+03
-1.5919493408e+03
-5.6658843994e+02
4.5989965820e+02
1.4867646484e+03
-1.5771668701e+03
-5.5502789307e+02
4.7056622314e+02
1.4996901855e+03
-1.6343018799e+03
-5.6746960449e+02
4.9871572876e+02
1.5675837402e+03
-1.6510969238e+03
-5.8155242920e+02
4.8559014893e+02
1.5527276611e+03
-1.6668215332e+03
-5.9598547363e+02
4.7137573242e+02
1.5372720947e+03
-1.6809998779e+03
-6.0981744385e+02
4.5751531982e+02
1.5229167480e+03
-1.6935850830e+03
-6.2231781006e+02
4.4493835449e+02
1.5100104980e+03
-1.7046408691e+03
-6.3340362549e+02
4.3376269531e+02
1.4986759033e+03
-1.7140770264e+03
-6.4287731934e+02
4.2422500610e+02
1.4890373535e+03
-1.7219606934e+03
-6.5080487061e+02
4.1625180054e+02
1.4810211182e+03
-1.7282473145e+03
-6.5711279297e+02
4.0991864014e+02
1.4746604004e+03
-1.7329697266e+03
-6.6185382080e+02
4.0516326904e+02
1.4698996582e+03
-1.7361112061e+03
-6.6500079346e+02
4.0201049805e+02
1.4667426758e+03
-1.7376839600e+03
-6.6657769775e+02
4.0043127441e+02
1.4651646729e+03
-1.7376839600e+03
-6.6657769775e+02
4.0043127441e+02
1.4651646729e+03
-1.7361112061e+03
-6.6500079346e+02
4.0201049805e+02
1.4667426758e+03
-1.7329697266e+03
-6.6185382080e+02
4.0516326904e+02
1.4698996582e+03
-1.7282473145e+03
-6.5711279297e+02
4.0991864014e+02
1.4746604004e+03
-1.7219606934e+03
-6.5080487061e+02
4.1625180054e+02
1.4810211182e+03
-1.7140770264e+03
-6.4287731934e+02
4.2422500610e+02
1.4890373535e+03
-1.7046408691e+03
-6.3340362549e+02
4.3376269531e+02
1.4986759033e+03
-1.6935850830e+03
-6.2231781006e+02
4.4493835449e+02
1.5100104980e+03
-1.6809998779e+03
-6.0981744385e+02
4.5751531982e+02
1.5229167480e+03
-1.6668215332e+03
-5.9598547363e+02
4.7137573242e+02
1.5372720947e+03
-1.6510969238e+03
-5.8155242920e+02
4.8559014893e+02
1.5527276611e+03
-1.6343018799e+03
-5.6746960449e+02
4.9871572876e+02
1.5675837402e+03
-1.6847153320e+03
-5.7942065430e+02
5.2453564453e+02
1.6284521484e+03
-1.7031923828e+03
-5.9577191162e+02
5.0917675781e+02
1.6119737549e+03
-1.7202689209e+03
-6.1175579834e+02
4.9338870239e+02
1.5952257080e+03
-1.7353958740e+03
-6.2666809082e+02
4.7844595337e+02
1.5799420166e+03
-1.7489329834e+03
-6.4012243652e+02
4.6491162109e+02
1.5661311035e+03
-1.7606815186e+03
-6.5190881348e+02
4.5304577637e+02
1.5541398926e+03
-1.7707872314e+03
-6.6204479980e+02
4.4285025024e+02
1.5438707275e+03
-1.7791689453e+03
-6.7045239258e+02
4.3440945435e+02
1.5353959961e+03
-1.7858865967e+03
-6.7718585205e+02
4.2765777588e+02
1.5286357422e+03
-1.7909106445e+03
-6.8221350098e+02
4.2262472534e+02
1.5236013184e+03
-1.7942641602e+03
-6.8556909180e+02
4.1926806641e+02
1.5202506104e+03
-1.7959379883e+03
-6.8724157715e+02
4.1759646606e+02
1.5185815430e+03
-1.7959379883e+03
-6.8724157715e+02
4.1759646606e+02
1.5185815430e+03
-1.7942641602e+03
-6.8556909180e+02
4.1926806641e+02
1.5202506104e+03
-1.7909106445e+03
-6.8221350098e+02
4.2262472534e+02
1.5236013184e+03
-1.7858865967e+03
-6.7718585205e+02
4.2765777588e+02
1.5286357422e+03
-1.7791689453e+03
-6.7045239258e+02
4.3440945435e+02
1.5353959961e+03
-1.7707872314e+03
-6.6204479980e+02
4.4285025024e+02
1.5438707275e+03
-1.7606815186e+03
-6.5190881348e+02
4.5304577637e+02
1.5541398926e+03
-1.7489329834e+03
-6.4012243652e+02
4.6491162109e+02
1.5661311035e+03
-1.7353958740e+03
-6.2666809082e+02
4.7844595337e+02
1.5799420166e+03
-1.7202689209e+03
-6.1175579834e+02
4.9338870239e+02
1.5952257080e+03
-1.7031923828e+03
-5.9577191162e+02
5.0917675781e+02
1.6119737549e+03
-1.6847153320e+03
-5.7942065430e+02
5.2453564453e+02
1.6284521484e+03
-1.7291556396e+03
-5.8902349854e+02
5.4701226807e+02
1.6818507080e+03
-1.7492624512e+03
-6.0743872070e+02
5.2963970947e+02
1.6637985840e+03
-1.7673502197e+03
-6.2479528809e+02
5.1251538086e+02
1.6460449219e+03
-1.7834849854e+03
-6.4075775146e+02
4.9653991699e+02
1.6297883301e+03
-1.7977371826e+03
-6.5499560547e+02
4.8224331665e+02
1.6152829590e+03
-1.8102008057e+03
-6.6749377441e+02
4.6967785645e+02
1.6026134033e+03
-1.8208383789e+03
-6.7815991211e+02
4.5896960449e+02
1.5918474121e+03
-1.8297089844e+03
-6.8705139160e+02
4.5005551147e+02
1.5829167480e+03
-1.8367850342e+03
-6.9413012695e+02
4.4297128296e+02
1.5758298340e+03
-1.8420960693e+03
-6.9944042969e+02
4.3766320801e+02
1.5705325928e+03
-1.8456301270e+03
-7.0296801758e+02
4.3414126587e+02
1.5670192871e+03
-1.8473986816e+03
-7.0473358154e+02
4.3237942505e+02
1.5652642822e+03
-1.8473986816e+03
-7.0473358154e+02
4.3237942505e+02
1.5652642822e+03
-1.8456301270e+03
-7.0296801758e+02
4.3414126587e+02
1.5670192871e+03
-1.8420960693e+03
-6.9944042969e+02
4.3766320801e+02
1.5705325928e+03
-1.8367850342e+03
-6.9413012695e+02
4.4297128296e+02
1.5758298340e+03
-1.8297089844e+03
-6.8705139160e+02
4.5005551147e+02
1.5829167480e+03
-1.8208383789e+03
-6.7815991211e+02
4.5896960449e+02
1.5918474121e+03
-1.8102008057e+03
-6.6749377441e+02
4.6967785645e+02
1.6026134033e+03
-1.7977371826e+03
-6.5499560547e+02
4.8224331665e+02
1.6152829590e+03
-1.7834849854e+03
-6.4075775146e+02
4.9653991699e+02
1.6297883301e+03
-1.7673502197e+03
-6.2479528809e+02
5.1251538086e+02
1.6460449219e+03
-1.7492624512e+03
-6.0743872070e+02
5.2963970947e+02
1.6637985840e+03
-1.7291556396e+03
-5.8902349854e+02
5.4701226807e+02
1.6818507080e+03
-1.7664661865e+03
-5.9755114746e+02
5.6632885742e+02
1.7272047119e+03
-1.7878874512e+03
-6.1772326660e+02
5.4722924805e+02
1.7078864746e+03
-1.8069973145e+03
-6.3627435303e+02
5.2890197754e+02
1.6891455078e+03
-1.8238834229e+03
-6.5308679199e+02
5.1208013916e+02
1.6721600342e+03
-1.8388626709e+03
-6.6805291748e+02
4.9705816650e+02
1.6569649658e+03
-1.8518693848e+03
-6.8110375977e+02
4.8394992065e+02
1.6437830811e+03
-1.8630242920e+03
-6.9227709961e+02
4.7274130249e+02
1.6325343018e+03
-1.8722823486e+03
-7.0154431152e+02
4.6346240234e+02
1.6232492676e+03
-1.8796932373e+03
-7.0895068359e+02
4.5605764771e+02
1.6158552246e+03
-1.8852384033e+03
-7.1448419189e+02
4.5053430176e+02
1.6103474121e+03
-1.8889373779e+03
-7.1817285156e+02
4.4685574341e+02
1.6066849365e+03
-1.8907843018e+03
-7.2001263428e+02
4.4502239990e+02
1.6048599854e+03
-1.8907843018e+03
-7.2001263428e+02
4.4502239990e+02
1.6048599854e+03
-1.8889373779e+03
-7.1817285156e+02
4.4685574341e+02
1.6066849365e+03
-1.8852384033e+03
-7.1448419189e+02
4.5053430176e+02
1.6103474121e+03
-1.8796932373e+03
-7.0895068359e+02
4.5605764771e+02
1.6158552246e+03
-1.8722823486e+03
-7.0154431152e+02
4.6346240234e+02
1.6232492676e+03
-1.8630242920e+03
-6.9227709961e+02
4.7274130249e+02
1.6325343018e+03
-1.8518693848e+03
-6.8110375977e+02
4.8394992065e+02
1.6437830811e+03
-1.8388626709e+03
-6.6805291748e+02
4.9705816650e+02
1.6569649658e+03
-1.8238834229e+03
-6.5308679199e+02
5.1208013916e+02
1.6721600342e+03
-1.8069973145e+03
-6.3627435303e+02
5.2890197754e+02
1.6891455078e+03
-1.7878874512e+03
-6.1772326660e+02
5.4722924805e+02
1.7078864746e+03
-1.7664661865e+03
-5.9755114746e+02
5.6632885742e+02
1.7272047119e+03
-1.7969085693e+03
-6.0407702637e+02
5.8199865723e+02
1.7640654297e+03
-1.8194794922e+03
-6.2571313477e+02
5.6146844482e+02
1.7436339111e+03
-1.8393250732e+03
-6.4524273682e+02
5.4218261719e+02
1.7241693115e+03
-1.8569204102e+03
-6.6279473877e+02
5.2463153076e+02
1.7064998779e+03
-1.8724180908e+03
-6.7832525635e+02
5.0905859375e+02
1.6908061523e+03
-1.8859320068e+03
-6.9187689209e+02
4.9545877075e+02
1.6771467285e+03
-1.8974691162e+03
-7.0343176270e+02
4.8388055420e+02
1.6655432129e+03
-1.9070761719e+03
-7.1304101562e+02
4.7426779175e+02
1.6559357910e+03
-1.9147435303e+03
-7.2069476318e+02
4.6662500000e+02
1.6483099365e+03
-1.9204940186e+03
-7.2642883301e+02
4.6090692139e+02
1.6426158447e+03
-1.9243220215e+03
-7.3024041748e+02
4.5711047363e+02
1.6388381348e+03
-1.9262366943e+03
-7.3214636230e+02
4.5521316528e+02
1.6369522705e+03
-1.9262366943e+03
-7.3214636230e+02
4.5521316528e+02
1.6369522705e+03
-1.9243220215e+03
-7.3024041748e+02
4.5711047363e+02
1.6388381348e+03
-1.9204940186e+03
-7.2642883301e+02
4.6090692139e+02
1.6426158447e+03
-1.9147435303e+03
-7.2069476318e+02
4.6662500000e+02
1.6483099365e+03
-1.9070761719e+03
-7.1304101562e+02
4.7426779175e+02
1.6559357910e+03
-1.8974691162e+03
-7.0343176270e+02
4.8388055420e+02
1.6655432129e+03
-1.8859320068e+03
-6.9187689209e+02
4.9545877075e+02
1.6771467285e+03
-1.8724180908e+03
-6.7832525635e+02
5.0905859375e+02
1.6908061523e+03
-1.8569204102e+03
-6.6279473877e+02
5.2463153076e+02
1.7064998779e+03
-1.8393250732e+03
-6.4524273682e+02
5.4218261719e+02
1.7241693115e+03
-1.8194794922e+03
-6.2571313477e+02
5.6146844482e+02
1.7436339111e+03
-1.7969085693e+03
-6.0407702637e+02
5.8199865723e+02
1.7640654297e+03
-1.8198388672e+03
-6.0919604492e+02
5.9396124268e+02
1.7920676270e+03
-1.8432452393e+03
-6.3194384766e+02
5.7233941650e+02
1.7708306885e+03
-1.8637292480e+03
-6.5222784424e+02
5.5229766846e+02
1.7507464600e+03
-1.8818063965e+03
-6.7032202148e+02
5.3420880127e+02
1.7326121826e+03
-1.8977601318e+03
-6.8630999756e+02
5.1818218994e+02
1.7164862061e+03
-1.9116208496e+03
-7.0021508789e+02
5.0423602295e+02
1.7025009766e+03
-1.9234846191e+03
-7.1208874512e+02
4.9234466553e+02
1.6905946045e+03
-1.9333377686e+03
-7.2193743896e+02
4.8249990845e+02
1.6807630615e+03
-1.9412174072e+03
-7.2979772949e+02
4.7465576172e+02
1.6729438477e+03
-1.9471163330e+03
-7.3567352295e+02
4.6880130005e+02
1.6671169434e+03
-1.9510490723e+03
-7.3958679199e+02
4.6490625000e+02
1.6632452393e+03
-1.9530134277e+03
-7.4153985596e+02
4.6296374512e+02
1.6613154297e+03
-1.9530134277e+03
-7.4153985596e+02
4.6296374512e+02
1.6613154297e+03
-1.9510490723e+03
-7.3958679199e+02
4.6490625000e+02
1.6632452393e+03
-1.9471163330e+03
-7.3567352295e+02
4.6880130005e+02
1.6671169434e+03
-1.9412174072e+03
-7.2979772949e+02
4.7465576172e+02
1.6729438477e+03
-1.9333377686e+03
-7.2193743896e+02
4.8249990845e+02
1.6807630615e+03
-1.9234846191e+03
-7.1208874512e+02
4.9234466553e+02
1.6905946045e+03
-1.9116208496e+03
-7.0021508789e+02
5.0423602295e+02
1.7025009766e+03
-1.8977601318e+03
-6.8630999756e+02
5.1818218994e+02
1.7164862061e+03
-1.8818063965e+03
-6.7032202148e+02
5.3420880127e+02
1.7326121826e+03
-1.8637292480e+03
-6.5222784424e+02
5.5229766846e+02
1.7507464600e+03
-1.8432452393e+03
-6.3194384766e+02
5.7233941650e+02
1.7708306885e+03
-1.8198388672e+03
-6.0919604492e+02
5.9396124268e+02
1.7920676270e+03
-1.8353182373e+03
-6.1249548340e+02
6.0201037598e+02
1.8108967285e+03
-1.8593195801e+03
-6.3600280762e+02
5.7964593506e+02
1.7890833740e+03
-1.8801904297e+03
-6.5679559326e+02
5.5910400391e+02
1.7686207275e+03
-1.8986339111e+03
-6.7527227783e+02
5.4063732910e+02
1.7501331787e+03
-1.9148601074e+03
-6.9155548096e+02
5.2432214355e+02
1.7337467041e+03
-1.9289838867e+03
-7.0571929932e+02
5.1012213135e+02
1.7195147705e+03
-1.9410476074e+03
-7.1779254150e+02
4.9803729248e+02
1.7074233398e+03
-1.9510825195e+03
-7.2781842041e+02
4.8801989746e+02
1.6974250488e+03
-1.9590958252e+03
-7.3580780029e+02
4.8005154419e+02
1.6894853516e+03
-1.9651018066e+03
-7.4178765869e+02
4.7409619141e+02
1.6835618896e+03
-1.9691016846e+03
-7.4576495361e+02
4.7013973999e+02
1.6796304932e+03
-1.9711014404e+03
-7.4775238037e+02
4.6816406250e+02
1.6776690674e+03
-1.9711014404e+03
-7.4775238037e+02
4.6816406250e+02
1.6776690674e+03
-1.9691016846e+03
-7.4576495361e+02
4.7013973999e+02
1.6796304932e+03
-1.9651018066e+03
-7.4178765869e+02
4.7409619141e+02
1.6835618896e+03
-1.9590958252e+03
-7.3580780029e+02
4.8005154419e+02
1.6894853516e+03
-1.9510825195e+03
-7.2781842041e+02
4.8801989746e+02
1.6974250488e+03
-1.9410476074e+03
-7.1779254150e+02
4.9803729248e+02
1.7074233398e+03
-1.9289838867e+03
-7.0571929932e+02
5.1012213135e+02
1.7195147705e+03
-1.9148601074e+03
-6.9155548096e+02
5.2432214355e+02
1.7337467041e+03
-1.8986339111e+03
-6.7527227783e+02
5.4063732910e+02
1.7501331787e+03
-1.8801904297e+03
-6.5679559326e+02
5.5910400391e+02
1.7686207275e+03
-1.8593195801e+03
-6.3600280762e+02
5.7964593506e+02
1.7890833740e+03
-1.8353182373e+03
-6.1249548340e+02
6.0201037598e+02
1.8108967285e+03
-1.8430557861e+03
-6.1420245361e+02
6.0606353760e+02
1.8203677979e+03
-1.8673436279e+03
-6.3809014893e+02
5.8332580566e+02
1.7982781982e+03
-1.8884316406e+03
-6.5914093018e+02
5.6252600098e+02
1.7776043701e+03
-1.9070410156e+03
-6.7780383301e+02
5.4387500000e+02
1.7589570312e+03
-1.9234227295e+03
-6.9424304199e+02
5.2740533447e+02
1.7424233398e+03
-1.9376656494e+03
-7.0852844238e+02
5.1308630371e+02
1.7280795898e+03
-1.9498410645e+03
-7.2071044922e+02
5.0089483643e+02
1.7158850098e+03
-1.9599603271e+03
-7.3081854248e+02
4.9079782104e+02
1.7058099365e+03
-1.9680465088e+03
-7.3887847900e+02
4.8276080322e+02
1.6978041992e+03
-1.9741032715e+03
-7.4490698242e+02
4.7675872803e+02
1.6918354492e+03
-1.9781390381e+03
-7.4891906738e+02
4.7276864624e+02
1.6878719482e+03
-1.9801558838e+03
-7.5092260742e+02
4.7077749634e+02
1.6858955078e+03
-1.9801558838e+03
-7.5092260742e+02
4.7077749634e+02
1.6858955078e+03
-1.9781390381e+03
-7.4891906738e+02
4.7276864624e+02
1.6878719482e+03
-1.9741032715e+03
-7.4490698242e+02
4.7675872803e+02
1.6918354492e+03
-1.9680465088e+03
-7.3887847900e+02
4.8276080322e+02
1.6978041992e+03
-1.9599603271e+03
-7.3081854248e+02
4.9079782104e+02
1.7058099365e+03
-1.9498410645e+03
-7.2071044922e+02
5.0089483643e+02
1.7158850098e+03
-1.9376656494e+03
-7.0852844238e+02
5.1308630371e+02
1.7280795898e+03
-1.9234227295e+03
-6.9424304199e+02
5.2740533447e+02
1.7424233398e+03
-1.9070410156e+03
-6.7780383301e+02
5.4387500000e+02
1.7589570312e+03
-1.8884316406e+03
-6.5914093018e+02
5.6252600098e+02
1.7776043701e+03
-1.8673436279e+03
-6.3809014893e+02
5.8332580566e+02
1.7982781982e+03
-1.8430557861e+03
-6.1420245361e+02
6.0606353760e+02
1.8203677979e+03
-1.8430557861e+03
-6.1420245361e+02
6.0606353760e+02
1.8203677979e+03
-1.8673436279e+03
-6.3809014893e+02
5.8332580566e+02
1.7982781982e+03
-1.8884316406e+03
-6.5914093018e+02
5.6252600098e+02
1.7776043701e+03
-1.9070410156e+03
-6.7780383301e+02
5.4387500000e+02
1.7589570312e+03
-1.9234227295e+03
-6.9424304199e+02
5.2740533447e+02
1.7424233398e+03
-1.9376656494e+03
-7.0852844238e+02
5.1308630371e+02
1.7280795898e+03
-1.9498410645e+03
-7.2071044922e+02
5.0089483643e+02
1.7158850098e+03
-1.9599603271e+03
-7.3081854248e+02
4.9079782104e+02
1.7058099365e+03
-1.9680465088e+03
-7.3887847900e+02
4.8276080322e+02
1.6978041992e+03
-1.9741032715e+03
-7.4490698242e+02
4.7675872803e+02
1.6918354492e+03
-1.9781390381e+03
-7.4891906738e+02
4.7276864624e+02
1.6878719482e+03
-1.9801558838e+03
-7.5092260742e+02
4.7077749634e+02
1.6858955078e+03
-1.9801558838e+03
-7.5092260742e+02
4.7077749634e+02
1.6858955078e+03
-1.9781390381e+03
-7.4891906738e+02
4.7276864624e+02
1.6878719482e+03
-1.9741032715e+03
-7.4490698242e+02
4.7675872803e+02
1.6918354492e+03
-1.9680465088e+03
-7.3887847900e+02
4.8276080322e+02
1.6978041992e+03
-1.9599603271e+03
-7.3081854248e+02
4.9079782104e+02
1.7058099365e+03
-1.9498410645e+03
-7.2071044922e+02
5.0089483643e+02
1.7158850098e+03
-1.9376656494e+03
-7.0852844238e+02
5.1308630371e+02
1.7280795898e+03
-1.9234227295e+03
-6.9424304199e+02
5.2740533447e+02
1.7424233398e+03
-1.9070410156e+03
-6.7780383301e+02
5.4387500000e+02
1.7589570312e+03
-1.8884316406e+03
-6.5914093018e+02
5.6252600098e+02
1.7776043701e+03
-1.8673436279e+03
-6.3809014893e+02
5.8332580566e+02
1.7982781982e+03
-1.8430557861e+03
-6.1420245361e+02
6.0606353760e+02
1.8203677979e+03
-1.8353182373e+03
-6.1249548340e+02
6.0201037598e+02
1.8108967285e+03
-1.8593195801e+03
-6.3600280762e+02
5.7964593506e+02
1.7890833740e+03
-1.8801904297e+03
-6.5679559326e+02
5.5910400391e+02
1.7686207275e+03
-1.8986339111e+03
-6.7527227783e+02
5.4063732910e+02
1.7501331787e+03
-1.9148601074e+03
-6.9155548096e+02
5.2432214355e+02
1.7337467041e+03
-1.9289838867e+03
-7.0571929932e+02
5.1012213135e+02
1.7195147705e+03
-1.9410476074e+03
-7.1779254150e+02
4.9803729248e+02
1.7074233398e+03
-1.9510825195e+03
-7.2781842041e+02
4.8801989746e+02
1.6974250488e+03
-1.9590958252e+03
-7.3580780029e+02
4.8005154419e+02
1.6894853516e+03
-1.9651018066e+03
-7.4178765869e+02
4.7409619141e+02
1.6835618896e+03
-1.9691016846e+03
-7.4576495361e+02
4.7013973999e+02
1.6796304932e+03
-1.9711014404e+03
-7.4775238037e+02
4.6816406250e+02
1.6776690674e+03
-1.9711014404e+03
-7.4775238037e+02
4.6816406250e+02
1.6776690674e+03
-1.9691016846e+03
-7.4576495361e+02
4.7013973999e+02
1.6796304932e+03
-1.9651018066e+03
-7.4178765869e+02
4.7409619141e+02
1.6835618896e+03
-1.9590958252e+03
-7.3580780029e+02
4.8005154419e+02
1.6894853516e+03
-1.9510825195e+03
-7.2781842041e+02
4.8801989746e+02
1.6974250488e+03
-1.9410476074e+03
-7.1779254150e+02
4.9803729248e+02
1.7074233398e+03
-1.9289838867e+03
-7.0571929932e+02
5.1012213135e+02
1.7195147705e+03
-1.9148601074e+03
-6.9155548096e+02
5.2432214355e+02
1.7337467041e+03
-1.8986339111e+03
-6.7527227783e+02
5.4063732910e+02
1.7501331787e+03
-1.8801904297e+03
-6.5679559326e+02
5.5910400391e+02
1.7686207275e+03
-1.8593195801e+03
-6.3600280762e+02
5.7964593506e+02
1.7890833740e+03
-1.8353182373e+03
-6.1249548340e+02
6.0201037598e+02
1.8108967285e+03
-1.8198388672e+03
-6.0919604492e+02
5.9396124268e+02
1.7920676270e+03
-1.8432452393e+03
-6.3194384766e+02
5.7233941650e+02
1.7708306885e+03
-1.8637292480e+03
-6.5222784424e+02
5.5229766846e+02
1.7507464600e+03
-1.8818063965e+03
-6.7032202148e+02
5.3420880127e+02
1.7326121826e+03
-1.8977601318e+03
-6.8630999756e+02
5.1818218994e+02
1.7164862061e+03
-1.9116208496e+03
-7.0021508789e+02
5.0423602295e+02
1.7025009766e+03
-1.9234846191e+03
-7.1208874512e+02
4.9234466553e+02
1.6905946045e+03
-1.9333377686e+03
-7.2193743896e+02
4.8249990845e+02
1.6807630615e+03
-1.9412174072e+03
-7.2979772949e+02
4.7465576172e+02
1.6729438477e+03
-1.9471163330e+03
-7.3567352295e+02
4.6880130005e+02
1.6671169434e+03
-1.9510490723e+03
-7.3958679199e+02
4.6490625000e+02
1.6632452393e+03
-1.9530134277e+03
-7.4153985596e+02
4.6296374512e+02
1.6613154297e+03
-1.9530134277e+03
-7.4153985596e+02
4.6296374512e+02
1.6613154297e+03
-1.9510490723e+03
-7.3958679199e+02
4.6490625000e+02
1.6632452393e+03
-1.9471163330e+03
-7.3567352295e+02
4.6880130005e+02
1.6671169434e+03
-1.9412174072e+03
-7.2979772949e+02
4.7465576172e+02
1.6729438477e+03
-1.9333377686e+03
-7.2193743896e+02
4.8249990845e+02
1.6807630615e+03
-1.9234846191e+03
-7.1208874512e+02
4.9234466553e+02
1.6905946045e+03
-1.9116208496e+03
-7.0021508789e+02
5.0423602295e+02
1.7025009766e+03
-1.8977601318e+03
-6.8630999756e+02
5.1818218994e+02
1.7164862061e+03
-1.8818063965e+03
-6.7032202148e+02
5.3420880127e+02
1.7326121826e+03
-1.8637292480e+03
-6.5222784424e+02
5.5229766846e+02
1.7507464600e+03
-1.8432452393e+03
-6.3194384766e+02
5.7233941650e+02
1.7708306885e+03
-1.8198388672e+03
-6.0919604492e+02
5.9396124268e+02
1.7920676270e+03
-1.7969085693e+03
-6.0407702637e+02
5.8199865723e+02
1.7640654297e+03
-1.8194794922e+03
-6.2571313477e+02
5.6146844482e+02
1.7436339111e+03
-1.8393250732e+03
-6.4524273682e+02
5.4218261719e+02
1.7241693115e+03
-1.8569204102e+03
-6.6279473877e+02
5.2463153076e+02
1.7064998779e+03
-1.8724180908e+03
-6.7832525635e+02
5.0905859375e+02
1.6908061523e+03
-1.8859320068e+03
-6.9187689209e+02
4.9545877075e+02
1.6771467285e+03
-1.8974691162e+03
-7.0343176270e+02
4.8388055420e+02
1.6655432129e+03
-1.9070761719e+03
-7.1304101562e+02
4.7426779175e+02
1.6559357910e+03
-1.9147435303e+03
-7.2069476318e+02
4.6662500000e+02
1.6483099365e+03
-1.9204940186e+03
-7.2642883301e+02
4.6090692139e+02
1.6426158447e+03
-1.9243220215e+03
-7.3024041748e+02
4.5711047363e+02
1.6388381348e+03
-1.9262366943e+03
-7.3214636230e+02
4.5521316528e+02
1.6369522705e+03
-1.9262366943e+03
-7.3214636230e+02
4.5521316528e+02
1.6369522705e+03
-1.9243220215e+03
-7.3024041748e+02
4.5711047363e+02
1.6388381348e+03
-1.9204940186e+03
-7.2642883301e+02
4.6090692139e+02
1.6426158447e+03
-1.9147435303e+03
-7.2069476318e+02
4.6662500000e+02
1.6483099365e+03
-1.9070761719e+03
-7.1304101562e+02
4.7426779175e+02
1.6559357910e+03
-1.8974691162e+03
-7.0343176270e+02
4.8388055420e+02
1.6655432129e+03
-1.8859320068e+03
-6.9187689209e+02
4.9545877075e+02
1.6771467285e+03
-1.8724180908e+03
-6.7832525635e+02
5.0905859375e+02
1.6908061523e+03
-1.8569204102e+03
-6.6279473877e+02
5.2463153076e+02
1.7064998779e+03
-1.8393250732e+03
-6.4524273682e+02
5.4218261719e+02
1.7241693115e+03
-1.8194794922e+03
-6.2571313477e+02
5.6146844482e+02
1.7436339111e+03
-1.7969085693e+03
-6.0407702637e+02
5.8199865723e+02
1.7640654297e+03
-1.7664661865e+03
-5.9755114746e+02
5.6632885742e+02
1.7272047119e+03
-1.7878874512e+03
-6.1772326660e+02
5.4722924805e+02
1.7078864746e+03
-1.8069973145e+03
-6.3627435303e+02
5.2890197754e+02
1.6891455078e+03
-1.8238834229e+03
-6.5308679199e+02
5.1208013916e+02
1.6721600342e+03
-1.8388626709e+03
-6.6805291748e+02
4.9705816650e+02
1.6569649658e+03
-1.8518693848e+03
-6.8110375977e+02
4.8394992065e+02
1.6437830811e+03
-1.8630242920e+03
-6.9227709961e+02
4.7274130249e+02
1.6325343018e+03
-1.8722823486e+03
-7.0154431152e+02
4.6346240234e+02
1.6232492676e+03
-1.8796932373e+03
-7.0895068359e+02
4.5605764771e+02
1.6158552246e+03
-1.8852384033e+03
-7.1448419189e+02
4.5053430176e+02
1.6103474121e+03
-1.8889373779e+03
-7.1817285156e+02
4.4685574341e+02
1.6066849365e+03
-1.8907843018e+03
-7.2001263428e+02
4.4502239990e+02
1.6048599854e+03
-1.8907843018e+03
-7.2001263428e+02
4.4502239990e+02
1.6048599854e+03
-1.8889373779e+03
-7.1817285156e+02
4.4685574341e+02
1.6066849365e+03
-1.8852384033e+03
-7.1448419189e+02
4.5053430176e+02
1.6103474121e+03
-1.8796932373e+03
-7.0895068359e+02
4.5605764771e+02
1.6158552246e+03
-1.8722823486e+03
-7.0154431152e+02
4.6346240234e+02
1.6232492676e+03
-1.8630242920e+03
-6.9227709961e+02
4.7274130249e+02
1.6325343018e+03
-1.8518693848e+03
-6.8110375977e+02
4.8394992065e+02
1.6437830811e+03
-1.8388626709e+03
-6.6805291748e+02
4.9705816650e+02
1.6569649658e+03
-1.8238834229e+03
-6.5308679199e+02
5.1208013916e+02
1.6721600342e+03
-1.8069973145e+03
-6.3627435303e+02
5.2890197754e+02
1.6891455078e+03
-1.7878874512e+03
-6.1772326660e+02
5.4722924805e+02
1.7078864746e+03
-1.7664661865e+03
-5.9755114746e+02
5.6632885742e+02
1.7272047119e+03
-1.7291556396e+03
-5.8902349854e+02
5.4701226807e+02
1.6818507080e+03
-1.7492624512e+03
-6.0743872070e+02
5.2963970947e+02
1.6637985840e+03
-1.7673502197e+03
-6.2479528809e+02
5.1251538086e+02
1.6460449219e+03
-1.7834849854e+03
-6.4075775146e+02
4.9653991699e+02
1.6297883301e+03
-1.7977371826e+03
-6.5499560547e+02
4.8224331665e+02
1.6152829590e+03
-1.8102008057e+03
-6.6749377441e+02
4.6967785645e+02
1.6026134033e+03
-1.8208383789e+03
-6.7815991211e+02
4.5896960449e+02
1.5918474121e+03
-1.8297089844e+03
-6.8705139160e+02
4.5005551147e+02
1.5829167480e+03
-1.8367850342e+03
-6.9413012695e+02
4.4297128296e+02
1.5758298340e+03
-1.8420960693e+03
-6.9944042969e+02
4.3766320801e+02
1.5705325928e+03
-1.8456301270e+03
-7.0296801758e+02
4.3414126587e+02
1.5670192871e+03
-1.8473986816e+03
-7.0473358154e+02
4.3237942505e+02
1.5652642822e+03
-1.8473986816e+03
-7.0473358154e+02
4.3237942505e+02
1.5652642822e+03
-1.8456301270e+03
-7.0296801758e+02
4.3414126587e+02
1.5670192871e+03
-1.8420960693e+03
-6.9944042969e+02
4.3766320801e+02
1.5705325928e+03
-1.8367850342e+03
-6.9413012695e+02
4.4297128296e+02
1.5758298340e+03
-1.8297089844e+03
-6.8705139160e+02
4.5005551147e+02
1.5829167480e+03
-1.8208383789e+03
-6.7815991211e+02
4.5896960449e+02
1.5918474121e+03
-1.8102008057e+03
-6.6749377441e+02
4.6967785645e+02
1.6026134033e+03
-1.7977371826e+03
-6.5499560547e+02
4.8224331665e+02
1.6152829590e+03
-1.7834849854e+03
-6.4075775146e+02
4.9653991699e+02
1.6297883301e+03
-1.7673502197e+03
-6.2479528809e+02
5.1251538086e+02
1.6460449219e+03
-1.7492624512e+03
-6.0743872070e+02
5.2963970947e+02
1.6637985840e+03
-1.7291556396e+03
-5.8902349854e+02
5.4701226807e+02
1.6818507080e+03
-1.6847153320e+03
-5.7942065430e+02
5.2453564453e+02
1.6284521484e+03
-1.7031923828e+03
-5.9577191162e+02
5.0917675781e+02
1.6119737549e+03
-1.7202689209e+03
-6.1175579834e+02
4.9338870239e+02
1.5952257080e+03
-1.7353958740e+03
-6.2666809082e+02
4.7844595337e+02
1.5799420166e+03
-1.7489329834e+03
-6.4012243652e+02
4.6491162109e+02
1.5661311035e+03
-1.7606815186e+03
-6.5190881348e+02
4.5304577637e+02
1.5541398926e+03
-1.7707872314e+03
-6.6204479980e+02
4.4285025024e+02
1.5438707275e+03
-1.7791689453e+03
-6.7045239258e+02
4.3440945435e+02
1.5353959961e+03
-1.7858865967e+03
-6.7718585205e+02
4.2765777588e+02
1.5286357422e+03
-1.7909106445e+03
-6.8221350098e+02
4.2262472534e+02
1.5236013184e+03
-1.7942641602e+03
-6.8556909180e+02
4.1926806641e+02
1.5202506104e+03
-1.7959379883e+03
-6.8724157715e+02
4.1759646606e+02
1.5185815430e+03
-1.7959379883e+03
-6.8724157715e+02
4.1759646606e+02
1.5185815430e+03
-1.7942641602e+03
-6.8556909180e+02
4.1926806641e+02
1.5202506104e+03
-1.7909106445e+03
-6.8221350098e+02
4.2262472534e+02
1.5236013184e+03
-1.7858865967e+03
-6.7718585205e+02
4.2765777588e+02
1.5286357422e+03
-1.7791689453e+03
-6.7045239258e+02
4.3440945435e+02
1.5353959961e+03
-1.7707872314e+03
-6.6204479980e+02
4.4285025024e+02
1.5438707275e+03
-1.7606815186e+03
-6.5190881348e+02
4.5304577637e+02
1.5541398926e+03
-1.7489329834e+03
-6.4012243652e+02
4.6491162109e+02
1.5661311035e+03
-1.7353958740e+03
-6.2666809082e+02
4.7844595337e+02
1.5799420166e+03
-1.7202689209e+03
-6.1175579834e+02
4.9338870239e+02
1.5952257080e+03
-1.7031923828e+03
-5.9577191162e+02
5.0917675781e+02
1.6119737549e+03
-1.6847153320e+03
-5.7942065430e+02
5.2453564453e+02
1.6284521484e+03
-1.6343018799e+03
-5.6746960449e+02
4.9871572876e+02
1.5675837402e+03
-1.6510969238e+03
-5.8155242920e+02
4.8559014893e+02
1.5527276611e+03
-1.6668215332e+03
-5.9598547363e+02
4.7137573242e+02
1.5372720947e+03
-1.6809998779e+03
-6.0981744385e+02
4.5751531982e+02
1.5229167480e+03
-1.6935850830e+03
-6.2231781006e+02
4.4493835449e+02
1.5100104980e+03
-1.7046408691e+03
-6.3340362549e+02
4.3376269531e+02
1.4986759033e+03
-1.7140770264e+03
-6.4287731934e+02
4.2422500610e+02
1.4890373535e+03
-1.7219606934e+03
-6.5080487061e+02
4.1625180054e+02
1.4810211182e+03
-1.7282473145e+03
-6.5711279297e+02
4.0991864014e+02
1.4746604004e+03
-1.7329697266e+03
-6.6185382080e+02
4.0516326904e+02
1.4698996582e+03
-1.7361112061e+03
-6.6500079346e+02
4.0201049805e+02
1.4667426758e+03
-1.7376839600e+03
-6.6657769775e+02
4.0043127441e+02
1.4651646729e+03
-1.7376839600e+03
-6.6657769775e+02
4.0043127441e+02
1.4651646729e+03
-1.7361112061e+03
-6.6500079346e+02
4.0201049805e+02
1.4667426758e+03
-1.7329697266e+03
-6.6185382080e+02
4.0516326904e+02
1.4698996582e+03
-1.7282473145e+03
-6.5711279297e+02
4.0991864014e+02
1.4746604004e+03
-1.7219606934e+03
-6.5080487061e+02
4.1625180054e+02
1.4810211182e+03
-1.7140770264e+03
-6.4287731934e+02
4.2422500610e+02
1.4890373535e+03
-1.7046408691e+03
-6.3340362549e+02
4.3376269531e+02
1.4986759033e+03
-1.6935850830e+03
-6.2231781006e+02
4.4493835449e+02
1.5100104980e+03
-1.6809998779e+03
-6.0981744385e+02
4.5751531982e+02
1.5229167480e+03
-1.6668215332e+03
-5.9598547363e+02
4.7137573242e+02
1.5372720947e+03
-1.6510969238e+03
-5.8155242920e+02
4.8559014893e+02
1.5527276611e+03
-1.6343018799e+03
-5.6746960449e+02
4.9871572876e+02
1.5675837402e+03
-1.5771668701e+03
-5.5502789307e+02
4.7056622314e+02
1.4996901855e+03
-1.5919493408e+03
-5.6658843994e+02
4.5989965820e+02
1.4867646484e+03
-1.6064923096e+03
-5.7936358643e+02
4.4728567505e+02
1.4725108643e+03
-1.6194217529e+03
-5.9189324951e+02
4.3470108032e+02
1.4593609619e+03
-1.6311621094e+03
-6.0346234131e+02
4.2302420044e+02
1.4472860107e+03
-1.6413459473e+03
-6.1366656494e+02
4.1271697998e+02
1.4367893066e+03
-1.6501435547e+03
-6.2250671387e+02
4.0379019165e+02
1.4277523193e+03
-1.6574362793e+03
-6.2984063721e+02
3.9639941406e+02
1.4202946777e+03
-1.6632900391e+03
-6.3573266602e+02
3.9046710205e+02
1.4143330078e+03
-1.6676666260e+03
-6.4012872314e+02
3.8604830933e+02
1.4098933105e+03
-1.6705899658e+03
-6.4306781006e+02
3.8309579468e+02
1.4069355469e+03
-1.6720485840e+03
-6.4453131104e+02
3.8162683105e+02
1.4054624023e+03
-1.6720485840e+03
-6.4453131104e+02
3.8162683105e+02
1.4054624023e+03
-1.6705899658e+03
-6.4306781006e+02
3.8309579468e+02
1.4069355469e+03
-1.6676666260e+03
-6.4012872314e+02
3.8604830933e+02
1.4098933105e+03
-1.6632900391e+03
-6.3573266602e+02
3.9046710205e+02
1.4143330078e+03
-1.6574362793e+03
-6.2984063721e+02
3.9639941406e+02
1.4202946777e+03
-1.6501435547e+03
-6.2250671387e+02
4.0379019165e+02
1.4277523193e+03
-1.6413459473e+03
-6.1366656494e+02
4.1271697998e+02
1.4367893066e+03
-1.6311621094e+03
-6.0346234131e+02
4.2302420044e+02
1.4472860107e+03
-1.6194217529e+03
-5.9189324951e+02
4.3470108032e+02
1.4593609619e+03
-1.6064923096e+03
-5.7936358643e+02
4.4728567505e+02
1.4725108643e+03
-1.5919493408e+03
-5.6658843994e+02
4.5989965820e+02
1.4867646484e+03
-1.5771668701e+03
-5.5502789307e+02
4.7056622314e+02
1.4996901855e+03
-1.5152736816e+03
-5.3959429932e+02
4.3927368164e+02
1.4255965576e+03
-1.5281523438e+03
-5.4854498291e+02
4.3117355347e+02
1.4145189209e+03
-1.5410747070e+03
-5.5950787354e+02
4.2041232300e+02
1.4017850342e+03
-1.5529499512e+03
-5.7083050537e+02
4.0904681396e+02
1.3896811523e+03
-1.5635721436e+03
-5.8127166748e+02
3.9851425171e+02
1.3786744385e+03
-1.5729685059e+03
-5.9069201660e+02
3.8898187256e+02
1.3689262695e+03
-1.5809941406e+03
-5.9875695801e+02
3.8083251953e+02
1.3606267090e+03
-1.5877153320e+03
-6.0554589844e+02
3.7397543335e+02
1.3537001953e+03
-1.5930748291e+03
-6.1094396973e+02
3.6853244019e+02
1.3482025146e+03
-1.5971046143e+03
-6.1501220703e+02
3.6443334961e+02
1.3440817871e+03
-1.5997852783e+03
-6.1770983887e+02
3.6171823120e+02
1.3413488770e+03
-1.6011278076e+03
-6.1906372070e+02
3.6035592651e+02
1.3399820557e+03
-1.6011278076e+03
-6.1906372070e+02
3.6035592651e+02
1.3399820557e+03
-1.5997852783e+03
-6.1770983887e+02
3.6171823120e+02
1.3413488770e+03
-1.5971046143e+03
-6.1501220703e+02
3.6443334961e+02
1.3440817871e+03
-1.5930748291e+03
-6.1094396973e+02
3.6853244019e+02
1.3482025146e+03
-1.5877153320e+03
-6.0554589844e+02
3.7397543335e+02
1.3537001953e+03
-1.5809941406e+03
-5.9875695801e+02
3.8083251953e+02
1.3606267090e+03
-1.5729685059e+03
-5.9069201660e+02
3.8898187256e+02
1.3689262695e+03
-1.5635721436e+03
-5.8127166748e+02
3.9851425171e+02
1.3786744385e+03
-1.5529499512e+03
-5.7083050537e+02
4.0904681396e+02
1.3896811523e+03
-1.5410747070e+03
-5.5950787354e+02
4.2041232300e+02
1.4017850342e+03
-1.5281523438e+03
-5.4854498291e+02
4.3117355347e+02
1.4145189209e+03
-1.5152736816e+03
-5.3959429932e+02
4.3927368164e+02
1.4255965576e+03
-1.4469227295e+03
-5.2464794922e+02
4.0679797363e+02
1.3455812988e+03
-1.4575107422e+03
-5.3078265381e+02
4.0145416260e+02
1.3366638184e+03
-1.4692109375e+03
-5.3994763184e+02
3.9241928101e+02
1.3252252197e+03
-1.4796633301e+03
-5.4977471924e+02
3.8251647949e+02
1.3144956055e+03
-1.4893845215e+03
-5.5922613525e+02
3.7293066406e+02
1.3043867188e+03
-1.4978156738e+03
-5.6764337158e+02
3.6439129639e+02
1.2955860596e+03
-1.5051430664e+03
-5.7502319336e+02
3.5689993286e+02
1.2879511719e+03
-1.5112171631e+03
-5.8114709473e+02
3.5069744873e+02
1.2816479492e+03
-1.5161011963e+03
-5.8609014893e+02
3.4569387817e+02
1.2765963135e+03
-1.5197530518e+03
-5.8977459717e+02
3.4197033691e+02
1.2728325195e+03
-1.5221937256e+03
-5.9224389648e+02
3.3947613525e+02
1.2703227539e+03
-1.5234114990e+03
-5.9347198486e+02
3.3823657227e+02
1.2690725098e+03
-1.5234114990e+03
-5.9347198486e+02
3.3823657227e+02
1.2690725098e+03
-1.5221937256e+03
-5.9224389648e+02
3.3947613525e+02
1.2703227539e+03
-1.5197530518e+03
-5.8977459717e+02
3.4197033691e+02
1.2728325195e+03
-1.5161011963e+03
-5.8609014893e+02
3.4569387817e+02
1.2765963135e+03
-1.5112171631e+03
-5.8114709473e+02
3.5069744873e+02
1.2816479492e+03
-1.5051430664e+03
-5.7502319336e+02
3.5689993286e+02
1.2879511719e+03
-1.4978156738e+03
-5.6764337158e+02
3.6439129639e+02
1.2955860596e+03
-1.4893845215e+03
-5.5922613525e+02
3.7293066406e+02
1.3043867188e+03
-1.4796633301e+03
-5.4977471924e+02
3.8251647949e+02
1.3144956055e+03
-1.4692109375e+03
-5.3994763184e+02
3.9241928101e+02
1.3252252197e+03
-1.4575107422e+03
-5.3078265381e+02
4.0145416260e+02
1.3366638184e+03
-1.4469227295e+03
-5.2464794922e+02
4.0679797363e+02
1.3455812988e+03
-1.3754113770e+03
-5.0559716797e+02
3.7115612793e+02
1.2608017578e+03
-1.3840463867e+03
-5.0897338867e+02
3.6849484253e+02
1.2538245850e+03
-1.3939145508e+03
-5.1614019775e+02
3.6149597168e+02
1.2440527344e+03
-1.4033061523e+03
-5.2476043701e+02
3.5281564331e+02
1.2343933105e+03
-1.4118138428e+03
-5.3296032715e+02
3.4451571655e+02
1.2254608154e+03
-1.4194178467e+03
-5.4058032227e+02
3.3676473999e+02
1.2174458008e+03
-1.4259285889e+03
-5.4712042236e+02
3.3012484741e+02
1.2106058350e+03
-1.4313968506e+03
-5.5267663574e+02
3.2448260498e+02
1.2048732910e+03
-1.4357609863e+03
-5.5709088135e+02
3.2000723267e+02
1.2003177490e+03
-1.4390452881e+03
-5.6043072510e+02
3.1662304688e+02
1.1968985596e+03
-1.4412309570e+03
-5.6264257812e+02
3.1438388062e+02
1.1946291504e+03
-1.4423258057e+03
-5.6375512695e+02
3.1325790405e+02
1.1934936523e+03
-1.4423258057e+03
-5.6375512695e+02
3.1325790405e+02
1.1934936523e+03
-1.4412309570e+03
-5.6264257812e+02
3.1438388062e+02
1.1946291504e+03
-1.4390452881e+03
-5.6043072510e+02
3.1662304688e+02
1.1968985596e+03
-1.4357609863e+03
-5.5709088135e+02
3.2000723267e+02
1.2003177490e+03
-1.4313968506e+03
-5.5267663574e+02
3.2448260498e+02
1.2048732910e+03
-1.4259285889e+03
-5.4712042236e+02
3.3012484741e+02
1.2106058350e+03
-1.4194178467e+03
-5.4058032227e+02
3.3676473999e+02
1.2174458008e+03
-1.4118138428e+03
-5.3296032715e+02
3.4451571655e+02
1.2254608154e+03
-1.4033061523e+03
-5.2476043701e+02
3.5281564331e+02
1.2343933105e+03
-1.3939145508e+03
-5.1614019775e+02
3.6149597168e+02
1.2440527344e+03
-1.3840463867e+03
-5.0897338867e+02
3.6849484253e+02
1.2538245850e+03
-1.3754113770e+03
-5.0559716797e+02
3.7115612793e+02
1.2608017578e+03
-1.2973095703e+03
-4.8859133911e+02
3.3577423096e+02
1.1711752930e+03
-1.3034743652e+03
-4.8902423096e+02
3.3605160522e+02
1.1664359131e+03
-1.3122265625e+03
-4.9445513916e+02
3.3075177002e+02
1.1579337158e+03
-1.3200979004e+03
-5.0143447876e+02
3.2369686890e+02
1.1497530518e+03
-1.3277161865e+03
-5.0868792725e+02
3.1629196167e+02
1.1417078857e+03
-1.3343374023e+03
-5.1523980713e+02
3.0961099243e+02
1.1346890869e+03
-1.3401375732e+03
-5.2109649658e+02
3.0362695312e+02
1.1285364990e+03
-1.3449528809e+03
-5.2596014404e+02
2.9866989136e+02
1.1234476318e+03
-1.3488321533e+03
-5.2991326904e+02
2.9464199829e+02
1.1193583984e+03
-1.3517357178e+03
-5.3285681152e+02
2.9164724731e+02
1.1163071289e+03
-1.3536768799e+03
-5.3483618164e+02
2.8963436890e+02
1.1142711182e+03
-1.3546461182e+03
-5.3581921387e+02
2.8863537598e+02
1.1132559814e+03
-1.3546461182e+03
-5.3581921387e+02
2.8863537598e+02
1.1132559814e+03
-1.3536768799e+03
-5.3483618164e+02
2.8963436890e+02
1.1142711182e+03
-1.3517357178e+03
-5.3285681152e+02
2.9164724731e+02
1.1163071289e+03
-1.3488321533e+03
-5.2991326904e+02
2.9464199829e+02
1.1193583984e+03
-1.3449528809e+03
-5.2596014404e+02
2.9866989136e+02
1.1234476318e+03
-1.3401375732e+03
-5.2109649658e+02
3.0362695312e+02
1.1285364990e+03
-1.3343374023e+03
-5.1523980713e+02
3.0961099243e+02
1.1346890869e+03
-1.3277161865e+03
-5.0868792725e+02
3.1629196167e+02
1.1417078857e+03
-1.3200979004e+03
-5.0143447876e+02
3.2369686890e+02
1.1497530518e+03
-1.3122265625e+03
-4.9445513916e+02
3.3075177002e+02
1.1579337158e+03
-1.3034743652e+03
-4.8902423096e+02
3.3605160522e+02
1.1664359131e+03
-1.2973095703e+03
-4.8859133911e+02
3.3577423096e+02
1.1711752930e+03
-1.2181766357e+03
-4.6564981079e+02
2.9695492554e+02
1.0782239990e+03
-1.2225251465e+03
-4.6339569092e+02
2.9973324585e+02
1.0754067383e+03
-1.2292857666e+03
-4.6664648438e+02
2.9656130981e+02
1.0686585693e+03
-1.2361768799e+03
-4.7256478882e+02
2.9054406738e+02
1.0614744873e+03
-1.2425762939e+03
-4.7849118042e+02
2.8451245117e+02
1.0546572266e+03
-1.2483770752e+03
-4.8429617310e+02
2.7856143188e+02
1.0484167480e+03
-1.2533792725e+03
-4.8930258179e+02
2.7344601440e+02
1.0430593262e+03
-1.2575944824e+03
-4.9361746216e+02
2.6903521729e+02
1.0385489502e+03
-1.2609683838e+03
-4.9704382324e+02
2.6553799438e+02
1.0349528809e+03
-1.2635089111e+03
-4.9965115356e+02
2.6287829590e+02
1.0322508545e+03
-1.2652026367e+03
-5.0137548828e+02
2.6112057495e+02
1.0304539795e+03
-1.2660506592e+03
-5.0224548340e+02
2.6023406982e+02
1.0295550537e+03
-1.2660506592e+03
-5.0224548340e+02
2.6023406982e+02
1.0295550537e+03
-1.2652026367e+03
-5.0137548828e+02
2.6112057495e+02
1.0304539795e+03
-1.2635089111e+03
-4.9965115356e+02
2.6287829590e+02
1.0322508545e+03
-1.2609683838e+03
-4.9704382324e+02
2.6553799438e+02
1.0349528809e+03
-1.2575944824e+03
-4.9361746216e+02
2.6903521729e+02
1.0385489502e+03
-1.2533792725e+03
-4.8930258179e+02
2.7344601440e+02
1.0430593262e+03
-1.2483770752e+03
-4.8429617310e+02
2.7856143188e+02
1.0484167480e+03
-1.2425762939e+03
-4.7849118042e+02
2.8451245117e+02
1.0546572266e+03
-1.2361768799e+03
-4.7256478882e+02
2.9054406738e+02
1.0614744873e+03
-1.2292857666e+03
-4.6664648438e+02
2.9656130981e+02
1.0686585693e+03
-1.2225251465e+03
-4.6339569092e+02
2.9973324585e+02
1.0754067383e+03
-1.2181766357e+03
-4.6564981079e+02
2.9695492554e+02
1.0782239990e+03
-1.1315429688e+03
-4.4718695068e+02
2.5997409058e+02
9.8154418945e+02
-1.1333369141e+03
-4.4198001099e+02
2.6587542725e+02
9.8085064697e+02
-1.1392351074e+03
-4.4386929321e+02
2.6421035767e+02
9.7518511963e+02
-1.1446153564e+03
-4.4804046631e+02
2.6002355957e+02
9.6951574707e+02
-1.1501821289e+03
-4.5316479492e+02
2.5475669861e+02
9.6349993896e+02
-1.1550717773e+03
-4.5790969849e+02
2.4989808655e+02
9.5822155762e+02
-1.1593995361e+03
-4.6228738403e+02
2.4539640808e+02
9.5353625488e+02
-1.1630108643e+03
-4.6593218994e+02
2.4165625000e+02
9.4963903809e+02
-1.1659259033e+03
-4.6892599487e+02
2.3858445740e+02
9.4650036621e+02
-1.1681147461e+03
-4.7115359497e+02
2.3630126953e+02
9.4414996338e+02
-1.1695777588e+03
-4.7265899658e+02
2.3475923157e+02
9.4258154297e+02
-1.1703098145e+03
-4.7340533447e+02
2.3399501038e+02
9.4179791260e+02
-1.1703098145e+03
-4.7340533447e+02
2.3399501038e+02
9.4179791260e+02
-1.1695777588e+03
-4.7265899658e+02
2.3475923157e+02
9.4258154297e+02
-1.1681147461e+03
-4.7115359497e+02
2.3630126953e+02
9.4414996338e+02
-1.1659259033e+03
-4.6892599487e+02
2.3858445740e+02
9.4650036621e+02
-1.1630108643e+03
-4.6593218994e+02
2.4165625000e+02
9.4963903809e+02
-1.1593995361e+03
-4.6228738403e+02
2.4539640808e+02
9.5353625488e+02
-1.1550717773e+03
-4.5790969849e+02
2.4989808655e+02
9.5822155762e+02
-1.1501821289e+03
-4.5316479492e+02
2.5475669861e+02
9.6349993896e+02
-1.1446153564e+03
-4.4804046631e+02
2.6002355957e+02
9.6951574707e+02
-1.1392351074e+03
-4.4386929321e+02
2.6421035767e+02
9.7518511963e+02
-1.1333369141e+03
-4.4198001099e+02
2.6587542725e+02
9.8085064697e+02
-1.1315429688e+03
-4.4718695068e+02
2.5997409058e+02
9.8154418945e+02
-1.0468826904e+03
-4.1976919556e+02
2.1927719116e+02
8.8262805176e+02
-1.0471674805e+03
-4.1227157593e+02
2.2701741028e+02
8.8378472900e+02
-1.0509814453e+03
-4.1165338135e+02
2.2749719238e+02
8.7996911621e+02
-1.0554978027e+03
-4.1505203247e+02
2.2389337158e+02
8.7513964844e+02
-1.0599650879e+03
-4.1884283447e+02
2.1998292542e+02
8.7033142090e+02
-1.0640838623e+03
-4.2294110107e+02
2.1572631836e+02
8.6580310059e+02
-1.0676992188e+03
-4.2651980591e+02
2.1203414917e+02
8.6184930420e+02
-1.0707581787e+03
-4.2967660522e+02
2.0878134155e+02
8.5850726318e+02
-1.0732257080e+03
-4.3218685913e+02
2.0619909668e+02
8.5582122803e+02
-1.0750842285e+03
-4.3411428833e+02
2.0421931458e+02
8.5380194092e+02
-1.0763287354e+03
-4.3538742065e+02
2.0291197205e+02
8.5245330811e+02
-1.0769511719e+03
-4.3603280640e+02
2.0224993896e+02
8.5177923584e+02
-1.0769511719e+03
-4.3603280640e+02
2.0224993896e+02
8.5177923584e+02
-1.0763287354e+03
-4.3538742065e+02
2.0291197205e+02
8.5245330811e+02
-1.0750842285e+03
-4.3411428833e+02
2.0421931458e+02
8.5380194092e+02
-1.0732257080e+03
-4.3218685913e+02
2.0619909668e+02
8.5582122803e+02
-1.0707581787e+03
-4.2967660522e+02
2.0878134155e+02
8.5850726318e+02
-1.0676992188e+03
-4.2651980591e+02
2.1203414917e+02
8.6184930420e+02
-1.0640838623e+03
-4.2294110107e+02
2.1572631836e+02
8.6580310059e+02
-1.0599650879e+03
-4.1884283447e+02
2.1998292542e+02
8.7033142090e+02
-1.0554978027e+03
-4.1505203247e+02
2.2389337158e+02
8.7513964844e+02
-1.0509814453e+03
-4.1165338135e+02
2.2749719238e+02
8.7996911621e+02
-1.0471674805e+03
-4.1227157593e+02
2.2701741028e+02
8.8378472900e+02
-1.0468826904e+03
-4.1976919556e+02
2.1927719116e+02
8.8262805176e+02
-9.5241436768e+02
-4.0076205444e+02
1.8173796082e+02
7.8151702881e+02
-9.5020220947e+02
-3.9020291138e+02
1.9306092834e+02
7.8441906738e+02
-9.5351153564e+02
-3.8910205078e+02
1.9465698242e+02
7.8123547363e+02
-9.5673309326e+02
-3.9073202515e+02
1.9319824219e+02
7.7783685303e+02
-9.6044665527e+02
-3.9393615723e+02
1.8991546631e+02
7.7368914795e+02
-9.6382324219e+02
-3.9708175659e+02
1.8670533752e+02
7.6996594238e+02
-9.6685858154e+02
-4.0014151001e+02
1.8355506897e+02
7.6662371826e+02
-9.6942639160e+02
-4.0271166992e+02
1.8090893555e+02
7.6380322266e+02
-9.7150299072e+02
-4.0485766602e+02
1.7869862366e+02
7.6152935791e+02
-9.7307519531e+02
-4.0645581055e+02
1.7705232239e+02
7.5981335449e+02
-9.7412493896e+02
-4.0754431152e+02
1.7593228149e+02
7.5866931152e+02
-9.7465283203e+02
-4.0808294678e+02
1.7537774658e+02
7.5809515381e+02
-9.7465283203e+02
-4.0808294678e+02
1.7537774658e+02
7.5809515381e+02
-9.7412493896e+02
-4.0754431152e+02
1.7593228149e+02
7.5866931152e+02
-9.7307519531e+02
-4.0645581055e+02
1.7705232239e+02
7.5981335449e+02
-9.7150299072e+02
-4.0485766602e+02
1.7869862366e+02
7.6152935791e+02
-9.6942639160e+02
-4.0271166992e+02
1.8090893555e+02
7.6380322266e+02
-9.6685858154e+02
-4.0014151001e+02
1.8355506897e+02
7.6662371826e+02
-9.6382324219e+02
-3.9708175659e+02
1.8670533752e+02
7.6996594238e+02
-9.6044665527e+02
-3.9393615723e+02
1.8991546631e+02
7.7368914795e+02
-9.5673309326e+02
-3.9073202515e+02
1.9319824219e+02
7.7783685303e+02
-9.5351153564e+02
-3.8910205078e+02
1.9465698242e+02
7.8123547363e+02
-9.5020220947e+02
-3.9020291138e+02
1.9306092834e+02
7.8441906738e+02
-9.5241436768e+02
-4.0076205444e+02
1.8173796082e+02
7.8151702881e+02
-8.6431097412e+02
-3.6764733887e+02
1.4056185913e+02
6.7850378418e+02
-8.6096710205e+02
-3.5594253540e+02
1.5216874695e+02
6.8319415283e+02
-8.6229711914e+02
-3.5168524170e+02
1.5588101196e+02
6.8206982422e+02
-8.6467712402e+02
-3.5288977051e+02
1.5423640442e+02
6.7935552979e+02
-8.6756042480e+02
-3.5489483643e+02
1.5206564331e+02
6.7626586914e+02
-8.7028143311e+02
-3.5754202271e+02
1.4925158691e+02
6.7326635742e+02
-8.7276513672e+02
-3.5993542480e+02
1.4674806213e+02
6.7052294922e+02
-8.7487805176e+02
-3.6212631226e+02
1.4447207642e+02
6.6819836426e+02
-8.7661444092e+02
-3.6388137817e+02
1.4265568542e+02
6.6629565430e+02
-8.7792193604e+02
-3.6524819946e+02
1.4124676514e+02
6.6486596680e+02
-8.7880633545e+02
-3.6615124512e+02
1.4031590271e+02
6.6390222168e+02
-8.7924737549e+02
-3.6661224365e+02
1.3984187317e+02
6.6342150879e+02
-8.7924737549e+02
-3.6661224365e+02
1.3984187317e+02
6.6342150879e+02
-8.7880633545e+02
-3.6615124512e+02
1.4031590271e+02
6.6390222168e+02
-8.7792193604e+02
-3.6524819946e+02
1.4124676514e+02
6.6486596680e+02
-8.7661444092e+02
-3.6388137817e+02
1.4265568542e+02
6.6629565430e+02
-8.7487805176e+02
-3.6212631226e+02
1.4447207642e+02
6.6819836426e+02
-8.7276513672e+02
-3.5993542480e+02
1.4674806213e+02
6.7052294922e+02
-8.7028143311e+02
-3.5754202271e+02
1.4925158691e+02
6.7326635742e+02
-8.6756042480e+02
-3.5489483643e+02
1.5206564331e+02
6.7626586914e+02
-8.6467712402e+02
-3.5288977051e+02
1.5423640442e+02
6.7935552979e+02
-8.6229711914e+02
-3.5168524170e+02
1.5588101196e+02
6.8206982422e+02
-8.6096710205e+02
-3.5594253540e+02
1.5216874695e+02
6.8319415283e+02
-8.6431097412e+02
-3.6764733887e+02
1.4056185913e+02
6.7850378418e+02
-7.6218103027e+02
-3.4929724121e+02
1.0375315094e+02
5.7502160645e+02
-7.5682440186e+02
-3.3365927124e+02
1.2017304230e+02
5.8072076416e+02
-7.5788964844e+02
-3.3041915894e+02
1.2433770752e+02
5.7938739014e+02
-7.5960369873e+02
-3.3011880493e+02
1.2516466522e+02
5.7770593262e+02
-7.6188897705e+02
-3.3177099609e+02
1.2358094788e+02
5.7512249756e+02
-7.6413299561e+02
-3.3369418335e+02
1.2168153381e+02
5.7260516357e+02
-7.6620050049e+02
-3.3573236084e+02
1.1961516571e+02
5.7034594727e+02
-7.6800463867e+02
-3.3748989868e+02
1.1782745361e+02
5.6837829590e+02
-7.6946557617e+02
-3.3899255371e+02
1.1629273987e+02
5.6679583740e+02
-7.7059039307e+02
-3.4011798096e+02
1.1514084625e+02
5.6558215332e+02
-7.7133978271e+02
-3.4089334106e+02
1.1434826660e+02
5.6477532959e+02
-7.7172039795e+02
-3.4127673340e+02
1.1395561981e+02
5.6436694336e+02
-7.7172039795e+02
-3.4127673340e+02
1.1395561981e+02
5.6436694336e+02
-7.7133978271e+02
-3.4089334106e+02
1.1434826660e+02
5.6477532959e+02
-7.7059039307e+02
-3.4011798096e+02
1.1514084625e+02
5.6558215332e+02
-7.6946557617e+02
-3.3899255371e+02
1.1629273987e+02
5.6679583740e+02
-7.6800463867e+02
-3.3748989868e+02
1.1782745361e+02
5.6837829590e+02
-7.6620050049e+02
-3.3573236084e+02
1.1961516571e+02
5.7034594727e+02
-7.6413299561e+02
-3.3369418335e+02
1.2168153381e+02
5.7260516357e+02
-7.6188897705e+02
-3.3177099609e+02
1.2358094788e+02
5.7512249756e+02
-7.5960369873e+02
-3.3011880493e+02
1.2516466522e+02
5.7770593262e+02
-7.5788964844e+02
-3.3041915894e+02
1.2433770752e+02
5.7938739014e+02
-7.5682440186e+02
-3.3365927124e+02
1.2017304230e+02
5.8072076416e+02
-7.6218103027e+02
-3.4929724121e+02
1.0375315094e+02
5.7502160645e+02
-6.7224145508e+02
-3.0899105835e+02
6.2453086853e+01
4.7151254272e+02
-6.6565069580e+02
-2.9513162231e+02
7.6088653564e+01
4.7890328979e+02
-6.6552514648e+02
-2.8802969360e+02
8.2279151917e+01
4.7992501831e+02
-6.6619189453e+02
-2.8750134277e+02
8.2068305969e+01
4.7898236084e+02
-6.6796844482e+02
-2.8832351685e+02
8.1003669739e+01
4.7707183838e+02
-6.6973803711e+02
-2.8995898438e+02
7.9200645447e+01
4.7523309326e+02
-6.7147943115e+02
-2.9156503296e+02
7.7509353638e+01
4.7336129761e+02
-6.7296697998e+02
-2.9310110474e+02
7.5909042358e+01
4.7177990723e+02
-6.7422991943e+02
-2.9435519409e+02
7.4617866516e+01
4.7043859863e+02
-6.7518127441e+02
-2.9534805298e+02
7.3601898193e+01
4.6943643188e+02
-6.7583575439e+02
-2.9600668335e+02
7.2929565430e+01
4.6875045776e+02
-6.7616076660e+02
-2.9634539795e+02
7.2585037231e+01
4.6841046143e+02
-6.7616076660e+02
-2.9634539795e+02
7.2585037231e+01
4.6841046143e+02
-6.7583575439e+02
-2.9600668335e+02
7.2929565430e+01
4.6875045776e+02
-6.7518127441e+02
-2.9534805298e+02
7.3601898193e+01
4.6943643188e+02
-6.7422991943e+02
-2.9435519409e+02
7.4617866516e+01
4.7043859863e+02
-6.7296697998e+02
-2.9310110474e+02
7.5909042358e+01
4.7177990723e+02
-6.7147943115e+02
-2.9156503296e+02
7.7509353638e+01
4.7336129761e+02
-6.6973803711e+02
-2.8995898438e+02
7.9200645447e+01
4.7523309326e+02
-6.6796844482e+02
-2.8832351685e+02
8.1003669739e+01
4.7707183838e+02
-6.6619189453e+02
-2.8750134277e+02
8.2068305969e+01
4.7898236084e+02
-6.6552514648e+02
-2.8802969360e+02
8.2279151917e+01
4.7992501831e+02
-6.6565069580e+02
-2.9513162231e+02
7.6088653564e+01
4.7890328979e+02
-6.7224145508e+02
-3.0899105835e+02
6.2453086853e+01
4.7151254272e+02
-5.6233911133e+02
-2.9179928589e+02
2.9974002838e+01
3.6313772583e+02
-5.5607275391e+02
-2.7141586304e+02
5.0682617188e+01
3.7055026245e+02
-5.5523016357e+02
-2.6661398315e+02
5.6346858978e+01
3.7018203735e+02
-5.5625964355e+02
-2.6534466553e+02
5.8318561554e+01
3.6919775391e+02
-5.5780096436e+02
-2.6599053955e+02
5.7852546692e+01
3.6765621948e+02
-5.5944635010e+02
-2.6721182251e+02
5.6716693878e+01
3.6582122803e+02
-5.6096661377e+02
-2.6863198853e+02
5.5292091370e+01
3.6422106934e+02
-5.6233898926e+02
-2.6991729736e+02
5.4007991791e+01
3.6276434326e+02
-5.6343182373e+02
-2.7102709961e+02
5.2879032135e+01
3.6161795044e+02
-5.6427526855e+02
-2.7186001587e+02
5.2030437469e+01
3.6072030640e+02
-5.6482574463e+02
-2.7243264771e+02
5.1442455292e+01
3.6013079834e+02
-5.6510552979e+02
-2.7271459961e+02
5.1152389526e+01
3.5982858276e+02
-5.6510552979e+02
-2.7271459961e+02
5.1152389526e+01
3.5982858276e+02
-5.6482574463e+02
-2.7243264771e+02
5.1442455292e+01
3.6013079834e+02
-5.6427526855e+02
-2.7186001587e+02
5.2030437469e+01
3.6072030640e+02
-5.6343182373e+02
-2.7102709961e+02
5.2879032135e+01
3.6161795044e+02
-5.6233898926e+02
-2.6991729736e+02
5.4007991791e+01
3.6276434326e+02
-5.6096661377e+02
-2.6863198853e+02
5.5292091370e+01
3.6422106934e+02
-5.5944635010e+02
-2.6721182251e+02
5.6716693878e+01
3.6582122803e+02
-5.5780096436e+02
-2.6599053955e+02
5.7852546692e+01
3.6765621948e+02
-5.5625964355e+02
-2.6534466553e+02
5.8318561554e+01
3.6919775391e+02
-5.5523016357e+02
-2.6661398315e+02
5.6346858978e+01
3.7018203735e+02
-5.5607275391e+02
-2.7141586304e+02
5.0682617188e+01
3.7055026245e+02
-5.6233911133e+02
-2.9179928589e+02
2.9974002838e+01
3.6313772583e+02
-4.7471270752e+02
-2.4228121948e+02
-1.3615038872e+01
2.7000314331e+02
-4.6400277710e+02
-2.2898258972e+02
-5.9971593320e-02
2.7791262817e+02
-4.6377847290e+02
-2.2163890076e+02
7.2374014854e+00
2.7979208374e+02
-4.6362893677e+02
-2.2033189392e+02
8.2254991531e+00
2.8000372314e+02
-4.6490481567e+02
-2.2087292480e+02
7.5723967552e+00
2.7840405273e+02
-4.6615426636e+02
-2.2212380981e+02
6.2054266930e+00
2.7702786255e+02
-4.6740963745e+02
-2.2338127136e+02
4.8762416840e+00
2.7548928833e+02
-4.6834732056e+02
-2.2450404358e+02
3.6259832382e+00
2.7422598267e+02
-4.6908209229e+02
-2.2537796021e+02
2.6383831501e+00
2.7310800171e+02
-4.6957183838e+02
-2.2603343201e+02
1.8673110008e+00
2.7228375244e+02
-4.6989059448e+02
-2.2645275879e+02
1.3677500486e+00
2.7170666504e+02
-4.7003839111e+02
-2.2666329956e+02
1.1116871834e+00
2.7142382812e+02
-4.7003839111e+02
-2.2666329956e+02
1.1116871834e+00
2.7142382812e+02
-4.6989059448e+02
-2.2645275879e+02
1.3677500486e+00
2.7170666504e+02
-4.6957183838e+02
-2.2603343201e+02
1.8673110008e+00
2.7228375244e+02
-4.6908209229e+02
-2.2537796021e+02
2.6383831501e+00
2.7310800171e+02
-4.6834732056e+02
-2.2450404358e+02
3.6259832382e+00
2.7422598267e+02
-4.6740963745e+02
-2.2338127136e+02
4.8762416840e+00
2.7548928833e+02
-4.6615426636e+02
-2.2212380981e+02
6.2054266930e+00
2.7702786255e+02
-4.6490481567e+02
-2.2087292480e+02
7.5723967552e+00
2.7840405273e+02
-4.6362893677e+02
-2.2033189392e+02
8.2254991531e+00
2.8000372314e+02
-4.6377847290e+02
-2.2163890076e+02
7.2374014854e+00
2.7979208374e+02
-4.6400277710e+02
-2.2898258972e+02
-5.9971593320e-02
2.7791262817e+02
-4.7471270752e+02
-2.4228121948e+02
-1.3615038872e+01
2.7000314331e+02
-3.4688562012e+02
-2.3787599182e+02
-3.9605583191e+01
1.5071835327e+02
-3.4536453247e+02
-2.1474331665e+02
-1.7364032745e+01
1.6029985046e+02
-3.4491207886e+02
-2.0736230469e+02
-1.1430334091e+01
1.6024670410e+02
-3.4629437256e+02
-2.0581283569e+02
-1.0934448242e+01
1.5838679504e+02
-3.4734979248e+02
-2.0586659241e+02
-1.1760421753e+01
1.5670893860e+02
-3.4808746338e+02
-2.0637513733e+02
-1.3006567955e+01
1.5465701294e+02
-3.4828543091e+02
-2.0690055847e+02
-1.4265031815e+01
1.5289643860e+02
-3.4832373047e+02
-2.0732104492e+02
-1.5306063652e+01
1.5127821350e+02
-3.4820809937e+02
-2.0764236450e+02
-1.6159545898e+01
1.5003945923e+02
-3.4809237671e+02
-2.0785679626e+02
-1.6759807587e+01
1.4907261658e+02
-3.4798291016e+02
-2.0799440002e+02
-1.7166414261e+01
1.4845442200e+02
-3.4792779541e+02
-2.0805827332e+02
-1.7359159470e+01
1.4813673401e+02
-3.4792779541e+02
-2.0805827332e+02
-1.7359159470e+01
1.4813673401e+02
-3.4798291016e+02
-2.0799440002e+02
-1.7166414261e+01
1.4845442200e+02
-3.4809237671e+02
-2.0785679626e+02
-1.6759807587e+01
1.4907261658e+02
-3.4820809937e+02
-2.0764236450e+02
-1.6159545898e+01
1.5003945923e+02
-3.4832373047e+02
-2.0732104492e+02
-1.5306063652e+01
1.5127821350e+02
-3.4828543091e+02
-2.0690055847e+02
-1.4265031815e+01
1.5289643860e+02
-3.4808746338e+02
-2.0637513733e+02
-1.3006567955e+01
1.5465701294e+02
-3.4734979248e+02
-2.0586659241e+02
-1.1760421753e+01
1.5670893860e+02
-3.4629437256e+02
-2.0581283569e+02
-1.0934448242e+01
1.5838679504e+02
-3.4491207886e+02
-2.0736230469e+02
-1.1430334091e+01
1.6024670410e+02
-3.4536453247e+02
-2.1474331665e+02
-1.7364032745e+01
1.6029985046e+02
-3.4688562012e+02
-2.3787599182e+02
-3.9605583191e+01
1.5071835327e+02
-3.0826858521e+02
-1.3300624084e+02
-6.8151321411e+01
6.6039741516e+01
-2.9283032227e+02
-1.2386069489e+02
-5.6880676270e+01
6.5195091248e+01
-2.8914825439e+02
-1.2318041992e+02
-5.4261802673e+01
6.0184566498e+01
-2.8456280518e+02
-1.2317111969e+02
-5.3365440369e+01
5.7120960236e+01
-2.8176153564e+02
-1.2304152679e+02
-5.3981876373e+01
5.3242252350e+01
-2.7889172363e+02
-1.2303461456e+02
-5.4768974304e+01
5.0357059479e+01
-2.7694049072e+02
-1.2289051819e+02
-5.5527763367e+01
4.7942409515e+01
-2.7532946777e+02
-1.2277524567e+02
-5.6124374390e+01
4.6220775604e+01
-2.7423428345e+02
-1.2262760925e+02
-5.6553524017e+01
4.4905010223e+01
-2.7344039917e+02
-1.2252144623e+02
-5.6866519928e+01
4.4024635315e+01
-2.7296295166e+02
-1.2243946075e+02
-5.7053222656e+01
4.3447586060e+01
-2.7272586060e+02
-1.2240059662e+02
-5.7149284363e+01
4.3177898407e+01
-2.7272586060e+02
-1.2240059662e+02
-5.7149284363e+01
4.3177898407e+01
-2.7296295166e+02
-1.2243946075e+02
-5.7053222656e+01
4.3447586060e+01
-2.7344039917e+02
-1.2252144623e+02
-5.6866519928e+01
4.4024635315e+01
-2.7423428345e+02
-1.2262760925e+02
-5.6553524017e+01
4.4905010223e+01
-2.7532946777e+02
-1.2277524567e+02
-5.6124374390e+01
4.6220775604e+01
-2.7694049072e+02
-1.2289051819e+02
-5.5527763367e+01
4.7942409515e+01
-2.7889172363e+02
-1.2303461456e+02
-5.4768974304e+01
5.0357059479e+01
-2.8176153564e+02
-1.2304152679e+02
-5.3981876373e+01
5.3242252350e+01
-2.8456280518e+02
-1.2317111969e+02
-5.3365440369e+01
5.7120960236e+01
-2.8914825439e+02
-1.2318041992e+02
-5.4261802673e+01
6.0184566498e+01
-2.9283032227e+02
-1.2386069489e+02
-5.6880676270e+01
6.5195091248e+01
-3.0826858521e+02
-1.3300624084e+02
-6.8151321411e+01
6.6039741516e+01
-1.0633964539e+02
-3.0079888916e+02
-1.2557763672e+02
3.7017360687e+01
-9.4672264099e+01
-2.7773651123e+02
-1.2793162537e+02
3.0420391083e+01
-8.8080398560e+01
-2.5777975464e+02
-1.2196759033e+02
3.0996990204e+01
-8.5047996521e+01
-2.4619761658e+02
-1.2068753815e+02
2.9274183273e+01
-8.1012603760e+01
-2.4014921570e+02
-1.1949449158e+02
2.7405595779e+01
-7.9245468140e+01
-2.3615269470e+02
-1.1937777710e+02
2.5865697861e+01
-7.7427268982e+01
-2.3401977539e+02
-1.1910066986e+02
2.4801223755e+01
-7.6547660828e+01
-2.3247616577e+02
-1.1906867218e+02
2.4051858902e+01
-7.5746414185e+01
-2.3163217163e+02
-1.1897586060e+02
2.3520271301e+01
-7.5345733643e+01
-2.3103108215e+02
-1.1897042847e+02
2.3185222626e+01
-7.5040176392e+01
-2.3072987366e+02
-1.1894425201e+02
2.2967185974e+01
-7.4924827576e+01
-2.3057203674e+02
-1.1894551086e+02
2.2871141434e+01
-7.4924827576e+01
-2.3057203674e+02
-1.1894551086e+02
2.2871141434e+01
-7.5040176392e+01
-2.3072987366e+02
-1.1894425201e+02
2.2967185974e+01
-7.5345733643e+01
-2.3103108215e+02
-1.1897042847e+02
2.3185222626e+01
-7.5746414185e+01
-2.3163217163e+02
-1.1897586060e+02
2.3520271301e+01
-7.6547660828e+01
-2.3247616577e+02
-1.1906867218e+02
2.4051858902e+01
-7.7427268982e+01
-2.3401977539e+02
-1.1910066986e+02
2.4801223755e+01
-7.9245468140e+01
-2.3615269470e+02
-1.1937777710e+02
2.5865697861e+01
-8.1012603760e+01
-2.4014921570e+02
-1.1949449158e+02
2.7405595779e+01
-8.5047996521e+01
-2.4619761658e+02
-1.2068753815e+02
2.9274183273e+01
-8.8080398560e+01
-2.5777975464e+02
-1.2196759033e+02
3.0996990204e+01
-9.4672264099e+01
-2.7773651123e+02
-1.2793162537e+02
3.0420391083e+01
-1.0633964539e+02
-3.0079888916e+02
-1.2557763672e+02
3.7017360687e+01
