3.6956745605e+03
1.9368381348e+03
9.2275474548e+01
-1.7926970215e+03
-3.6819362793e+03
-5.5853476562e+03
3.5432426758e+03
1.8256146240e+03
9.9849136353e+01
-1.6835428467e+03
-3.4434484863e+03
-5.2929150391e+03
3.6134392090e+03
1.8222770996e+03
1.0237098694e+02
-1.6774674072e+03
-3.4272709961e+03
-5.3507451172e+03
3.6669846191e+03
1.8256066895e+03
1.0492525482e+02
-1.6675235596e+03
-3.4159025879e+03
-5.3916679688e+03
3.7181496582e+03
1.8384925537e+03
1.0835198975e+02
-1.6704610596e+03
-3.4275361328e+03
-5.4442880859e+03
3.7419448242e+03
1.8447373047e+03
1.1031872559e+02
-1.6707351074e+03
-3.4317509766e+03
-5.4673496094e+03
3.7419448242e+03
1.8447373047e+03
1.1031872559e+02
-1.6707351074e+03
-3.4317509766e+03
-5.4673496094e+03
3.7181496582e+03
1.8384925537e+03
1.0835198975e+02
-1.6704610596e+03
-3.4275361328e+03
-5.4442880859e+03
3.6669846191e+03
1.8256066895e+03
1.0492525482e+02
-1.6675235596e+03
-3.4159025879e+03
-5.3916679688e+03
3.6134392090e+03
1.8222770996e+03
1.0237098694e+02
-1.6774674072e+03
-3.4272709961e+03
-5.3507451172e+03
3.5432426758e+03
1.8256146240e+03
9.9849136353e+01
-1.6835428467e+03
-3.4434484863e+03
-5.2929150391e+03
3.6956745605e+03
1.9368381348e+03
9.2275474548e+01
-1.7926970215e+03
-3.6819362793e+03
-5.5853476562e+03
3.3253232422e+03
1.7173054199e+03
8.9168655396e+01
-1.5089284668e+03
-3.1615266113e+03
-4.6979526367e+03
3.6019108887e+03
1.9087987061e+03
6.5259628296e+01
-1.7234732666e+03
-3.6006516113e+03
-5.2111372070e+03
3.5484794922e+03
1.9131812744e+03
5.4089710236e+01
-1.7362562256e+03
-3.6261640625e+03
-5.1585063477e+03
3.5464885254e+03
1.9275718994e+03
4.7419139862e+01
-1.7592447510e+03
-3.6689560547e+03
-5.1739687500e+03
3.5296145020e+03
1.9271751709e+03
4.3273742676e+01
-1.7611734619e+03
-3.6735229492e+03
-5.1540468750e+03
3.5275412598e+03
1.9298415527e+03
4.1608406067e+01
-1.7652285156e+03
-3.6815305176e+03
-5.1539550781e+03
3.5275412598e+03
1.9298415527e+03
4.1608406067e+01
-1.7652285156e+03
-3.6815305176e+03
-5.1539550781e+03
3.5296145020e+03
1.9271751709e+03
4.3273742676e+01
-1.7611734619e+03
-3.6735229492e+03
-5.1540468750e+03
3.5464885254e+03
1.9275718994e+03
4.7419139862e+01
-1.7592447510e+03
-3.6689560547e+03
-5.1739687500e+03
3.5484794922e+03
1.9131812744e+03
5.4089710236e+01
-1.7362562256e+03
-3.6261640625e+03
-5.1585063477e+03
3.6019108887e+03
1.9087987061e+03
6.5259628296e+01
-1.7234732666e+03
-3.6006516113e+03
-5.2111372070e+03
3.3253232422e+03
1.7173054199e+03
8.9168655396e+01
-1.5089284668e+03
-3.1615266113e+03
-4.6979526367e+03
3.4264375000e+03
1.6737315674e+03
5.6990997314e+01
-1.6186082764e+03
-3.2219626465e+03
-5.0771254883e+03
3.3201728516e+03
1.5984219971e+03
5.2444721222e+01
-1.5852625732e+03
-3.1121726074e+03
-4.9415639648e+03
3.4117033691e+03
1.6390637207e+03
4.2345565796e+01
-1.6755766602e+03
-3.2512778320e+03
-5.1318237305e+03
3.4000083008e+03
1.6275723877e+03
3.3231376648e+01
-1.6976273193e+03
-3.2662658691e+03
-5.1414287109e+03
3.4069184570e+03
1.6275618896e+03
2.6754255295e+01
-1.7205875244e+03
-3.2930434570e+03
-5.1731020508e+03
3.4011152344e+03
1.6225051270e+03
2.3454538345e+01
-1.7261097412e+03
-3.2953769531e+03
-5.1729140625e+03
3.4011152344e+03
1.6225051270e+03
2.3454538345e+01
-1.7261097412e+03
-3.2953769531e+03
-5.1729140625e+03
3.4069184570e+03
1.6275618896e+03
2.6754255295e+01
-1.7205875244e+03
-3.2930434570e+03
-5.1731020508e+03
3.4000083008e+03
1.6275723877e+03
3.3231376648e+01
-1.6976273193e+03
-3.2662658691e+03
-5.1414287109e+03
3.4117033691e+03
1.6390637207e+03
4.2345565796e+01
-1.6755766602e+03
-3.2512778320e+03
-5.1318237305e+03
3.3201728516e+03
1.5984219971e+03
5.2444721222e+01
-1.5852625732e+03
-3.1121726074e+03
-4.9415639648e+03
3.4264375000e+03
1.6737315674e+03
5.6990997314e+01
-1.6186082764e+03
-3.2219626465e+03
-5.0771254883e+03
3.1338854980e+03
1.5976929932e+03
-1.8245737076e+01
-1.5501871338e+03
-3.2088891602e+03
-4.7450043945e+03
3.1913090820e+03
1.6340092773e+03
-3.1928859711e+01
-1.5938818359e+03
-3.3061982422e+03
-4.8640410156e+03
3.1193198242e+03
1.5928879395e+03
-4.3938354492e+01
-1.5583492432e+03
-3.2422060547e+03
-4.7724082031e+03
3.1406608887e+03
1.6025432129e+03
-5.4802433014e+01
-1.5810075684e+03
-3.2879738770e+03
-4.8316953125e+03
3.1303469238e+03
1.5956273193e+03
-6.2517440796e+01
-1.5835607910e+03
-3.2914946289e+03
-4.8313159180e+03
3.1337919922e+03
1.5968616943e+03
-6.6593978882e+01
-1.5905028076e+03
-3.3040187988e+03
-4.8461391602e+03
3.1337919922e+03
1.5968616943e+03
-6.6593978882e+01
-1.5905028076e+03
-3.3040187988e+03
-4.8461391602e+03
3.1303469238e+03
1.5956273193e+03
-6.2517440796e+01
-1.5835607910e+03
-3.2914946289e+03
-4.8313159180e+03
3.1406608887e+03
1.6025432129e+03
-5.4802433014e+01
-1.5810075684e+03
-3.2879738770e+03
-4.8316953125e+03
3.1193198242e+03
1.5928879395e+03
-4.3938354492e+01
-1.5583492432e+03
-3.2422060547e+03
-4.7724082031e+03
3.1913090820e+03
1.6340092773e+03
-3.1928859711e+01
-1.5938818359e+03
-3.3061982422e+03
-4.8640410156e+03
3.1338854980e+03
1.5976929932e+03
-1.8245737076e+01
-1.5501871338e+03
-3.2088891602e+03
-4.7450043945e+03
2.9441135254e+03
1.4149100342e+03
-4.7427200317e+01
-1.5949129639e+03
-3.0474680176e+03
-4.6060532227e+03
2.9078142090e+03
1.3921093750e+03
-4.8340785980e+01
-1.5861623535e+03
-3.0150617676e+03
-4.5626289062e+03
2.9484313965e+03
1.4146345215e+03
-4.9730030060e+01
-1.6242735596e+03
-3.0781296387e+03
-4.6445644531e+03
2.9164367676e+03
1.3956875000e+03
-5.0895980835e+01
-1.6143804932e+03
-3.0502351074e+03
-4.6050986328e+03
2.9220847168e+03
1.3976264648e+03
-5.2499748230e+01
-1.6243188477e+03
-3.0646289062e+03
-4.6249560547e+03
2.9158183594e+03
1.3934321289e+03
-5.3395519257e+01
-1.6240185547e+03
-3.0611440430e+03
-4.6197973633e+03
2.9158183594e+03
1.3934321289e+03
-5.3395519257e+01
-1.6240185547e+03
-3.0611440430e+03
-4.6197973633e+03
2.9220847168e+03
1.3976264648e+03
-5.2499748230e+01
-1.6243188477e+03
-3.0646289062e+03
-4.6249560547e+03
2.9164367676e+03
1.3956875000e+03
-5.0895980835e+01
-1.6143804932e+03
-3.0502351074e+03
-4.6050986328e+03
2.9484313965e+03
1.4146345215e+03
-4.9730030060e+01
-1.6242735596e+03
-3.0781296387e+03
-4.6445644531e+03
2.9078142090e+03
1.3921093750e+03
-4.8340785980e+01
-1.5861623535e+03
-3.0150617676e+03
-4.5626289062e+03
2.9441135254e+03
1.4149100342e+03
-4.7427200317e+01
-1.5949129639e+03
-3.0474680176e+03
-4.6060532227e+03
2.6518937988e+03
1.2631175537e+03
-1.5587162781e+02
-1.5033355713e+03
-2.9298737793e+03
-4.2960341797e+03
2.6693544922e+03
1.2739615479e+03
-1.5924557495e+02
-1.5153276367e+03
-2.9568344727e+03
-4.3359082031e+03
2.6363095703e+03
1.2552219238e+03
-1.6280546570e+02
-1.4981992188e+03
-2.9254611816e+03
-4.2956586914e+03
2.6566623535e+03
1.2665712891e+03
-1.6637091064e+02
-1.5141093750e+03
-2.9581560059e+03
-4.3386796875e+03
2.6439001465e+03
1.2594526367e+03
-1.6851171875e+02
-1.5090075684e+03
-2.9483469238e+03
-4.3241552734e+03
2.6466313477e+03
1.2609484863e+03
-1.6971432495e+02
-1.5119620361e+03
-2.9545419922e+03
-4.3321733398e+03
2.6466313477e+03
1.2609484863e+03
-1.6971432495e+02
-1.5119620361e+03
-2.9545419922e+03
-4.3321733398e+03
2.6439001465e+03
1.2594526367e+03
-1.6851171875e+02
-1.5090075684e+03
-2.9483469238e+03
-4.3241552734e+03
2.6566623535e+03
1.2665712891e+03
-1.6637091064e+02
-1.5141093750e+03
-2.9581560059e+03
-4.3386796875e+03
2.6363095703e+03
1.2552219238e+03
-1.6280546570e+02
-1.4981992188e+03
-2.9254611816e+03
-4.2956586914e+03
2.6693544922e+03
1.2739615479e+03
-1.5924557495e+02
-1.5153276367e+03
-2.9568344727e+03
-4.3359082031e+03
2.6518937988e+03
1.2631175537e+03
-1.5587162781e+02
-1.5033355713e+03
-2.9298737793e+03
-4.2960341797e+03
2.3655949707e+03
1.0622159424e+03
-1.9788208008e+02
-1.4997344971e+03
-2.7419179688e+03
-4.0250039062e+03
2.3541284180e+03
1.0582968750e+03
-1.9642434692e+02
-1.4953000488e+03
-2.7327734375e+03
-4.0130517578e+03
2.3710871582e+03
1.0691159668e+03
-1.9558248901e+02
-1.5085722656e+03
-2.7582885742e+03
-4.0486442871e+03
2.3509350586e+03
1.0577373047e+03
-1.9512895203e+02
-1.4991188965e+03
-2.7383642578e+03
-4.0234936523e+03
2.3592792969e+03
1.0622239990e+03
-1.9551554871e+02
-1.5066037598e+03
-2.7519348145e+03
-4.0426953125e+03
2.3545637207e+03
1.0594167480e+03
-1.9567738342e+02
-1.5050660400e+03
-2.7480122070e+03
-4.0376027832e+03
2.3545637207e+03
1.0594167480e+03
-1.9567738342e+02
-1.5050660400e+03
-2.7480122070e+03
-4.0376027832e+03
2.3592792969e+03
1.0622239990e+03
-1.9551554871e+02
-1.5066037598e+03
-2.7519348145e+03
-4.0426953125e+03
2.3509350586e+03
1.0577373047e+03
-1.9512895203e+02
-1.4991188965e+03
-2.7383642578e+03
-4.0234936523e+03
2.3710871582e+03
1.0691159668e+03
-1.9558248901e+02
-1.5085722656e+03
-2.7582885742e+03
-4.0486442871e+03
2.3541284180e+03
1.0582968750e+03
-1.9642434692e+02
-1.4953000488e+03
-2.7327734375e+03
-4.0130517578e+03
2.3655949707e+03
1.0622159424e+03
-1.9788208008e+02
-1.4997344971e+03
-2.7419179688e+03
-4.0250039062e+03
2.0385072021e+03
8.7056365967e+02
-2.9935342407e+02
-1.4231553955e+03
-2.5764851074e+03
-3.6928920898e+03
2.0458989258e+03
8.7779754639e+02
-2.9595037842e+02
-1.4240517578e+03
-2.5814519043e+03
-3.7071630859e+03
2.0322265625e+03
8.7246936035e+02
-2.9430426025e+02
-1.4154089355e+03
-2.5677558594e+03
-3.6920368652e+03
2.0439101562e+03
8.8036273193e+02
-2.9398611450e+02
-1.4227160645e+03
-2.5848620605e+03
-3.7156635742e+03
2.0340358887e+03
8.7554510498e+02
-2.9381979370e+02
-1.4171832275e+03
-2.5753281250e+03
-3.7034384766e+03
2.0369761963e+03
8.7747753906e+02
-2.9395562744e+02
-1.4193106689e+03
-2.5802492676e+03
-3.7102768555e+03
2.0369761963e+03
8.7747753906e+02
-2.9395562744e+02
-1.4193106689e+03
-2.5802492676e+03
-3.7102768555e+03
2.0340358887e+03
8.7554510498e+02
-2.9381979370e+02
-1.4171832275e+03
-2.5753281250e+03
-3.7034384766e+03
2.0439101562e+03
8.8036273193e+02
-2.9398611450e+02
-1.4227160645e+03
-2.5848620605e+03
-3.7156635742e+03
2.0322265625e+03
8.7246936035e+02
-2.9430426025e+02
-1.4154089355e+03
-2.5677558594e+03
-3.6920368652e+03
2.0458989258e+03
8.7779754639e+02
-2.9595037842e+02
-1.4240517578e+03
-2.5814519043e+03
-3.7071630859e+03
2.0385072021e+03
8.7056365967e+02
-2.9935342407e+02
-1.4231553955e+03
-2.5764851074e+03
-3.6928920898e+03
1.7007467041e+03
6.4934741211e+02
-3.6572647095e+02
-1.3879848633e+03
-2.3721916504e+03
-3.3613181152e+03
1.6997839355e+03
6.5441534424e+02
-3.5990130615e+02
-1.3808967285e+03
-2.3657419434e+03
-3.3568378906e+03
1.7073393555e+03
6.6179809570e+02
-3.5586645508e+02
-1.3820507812e+03
-2.3731940918e+03
-3.3713562012e+03
1.6974224854e+03
6.5769879150e+02
-3.5334600830e+02
-1.3748288574e+03
-2.3617182617e+03
-3.3586784668e+03
1.7035948486e+03
6.6200445557e+02
-3.5226187134e+02
-1.3783172607e+03
-2.3698999023e+03
-3.3710505371e+03
1.6999930420e+03
6.6032104492e+02
-3.5170632935e+02
-1.3760931396e+03
-2.3660136719e+03
-3.3664665527e+03
1.6999930420e+03
6.6032104492e+02
-3.5170632935e+02
-1.3760931396e+03
-2.3660136719e+03
-3.3664665527e+03
1.7035948486e+03
6.6200445557e+02
-3.5226187134e+02
-1.3783172607e+03
-2.3698999023e+03
-3.3710505371e+03
1.6974224854e+03
6.5769879150e+02
-3.5334600830e+02
-1.3748288574e+03
-2.3617182617e+03
-3.3586784668e+03
1.7073393555e+03
6.6179809570e+02
-3.5586645508e+02
-1.3820507812e+03
-2.3731940918e+03
-3.3713562012e+03
1.6997839355e+03
6.5441534424e+02
-3.5990130615e+02
-1.3808967285e+03
-2.3657419434e+03
-3.3568378906e+03
1.7007467041e+03
6.4934741211e+02
-3.6572647095e+02
-1.3879848633e+03
-2.3721916504e+03
-3.3613181152e+03
1.3398413086e+03
4.3133804321e+02
-4.6073358154e+02
-1.3183598633e+03
-2.1747702637e+03
-3.0002343750e+03
1.3460240479e+03
4.4082751465e+02
-4.5184133911e+02
-1.3119891357e+03
-2.1695910645e+03
-3.0030556641e+03
1.3418742676e+03
4.4293511963e+02
-4.4607342529e+02
-1.3041649170e+03
-2.1610642090e+03
-2.9969050293e+03
1.3482913818e+03
4.4896786499e+02
-4.4276074219e+02
-1.3046589355e+03
-2.1670854492e+03
-3.0076672363e+03
1.3428132324e+03
4.4730444336e+02
-4.4087069702e+02
-1.2997138672e+03
-2.1601301270e+03
-3.0001171875e+03
1.3452921143e+03
4.4929879761e+02
-4.4014743042e+02
-1.3005546875e+03
-2.1630681152e+03
-3.0047338867e+03
1.3452921143e+03
4.4929879761e+02
-4.4014743042e+02
-1.3005546875e+03
-2.1630681152e+03
-3.0047338867e+03
1.3428132324e+03
4.4730444336e+02
-4.4087069702e+02
-1.2997138672e+03
-2.1601301270e+03
-3.0001171875e+03
1.3482913818e+03
4.4896786499e+02
-4.4276074219e+02
-1.3046589355e+03
-2.1670854492e+03
-3.0076672363e+03
1.3418742676e+03
4.4293511963e+02
-4.4607342529e+02
-1.3041649170e+03
-2.1610642090e+03
-2.9969050293e+03
1.3460240479e+03
4.4082751465e+02
-4.5184133911e+02
-1.3119891357e+03
-2.1695910645e+03
-3.0030556641e+03
1.3398413086e+03
4.3133804321e+02
-4.6073358154e+02
-1.3183598633e+03
-2.1747702637e+03
-3.0002343750e+03
9.6871679688e+02
1.9677365112e+02
-5.3982836914e+02
-1.2632261963e+03
-1.9557008057e+03
-2.6319165039e+03
9.7302569580e+02
2.0723803711e+02
-5.2947149658e+02
-1.2523321533e+03
-1.9465465088e+03
-2.6275310059e+03
9.7762493896e+02
2.1484571838e+02
-5.2210876465e+02
-1.2468807373e+03
-1.9448723145e+03
-2.6319921875e+03
9.7410021973e+02
2.1570491028e+02
-5.1739410400e+02
-1.2401124268e+03
-1.9373581543e+03
-2.6255563965e+03
9.7807818604e+02
2.1961056519e+02
-5.1483087158e+02
-1.2399849854e+03
-1.9403502197e+03
-2.6316975098e+03
9.7604962158e+02
2.1920729065e+02
-5.1361053467e+02
-1.2376419678e+03
-1.9372263184e+03
-2.6285063477e+03
9.7604962158e+02
2.1920729065e+02
-5.1361053467e+02
-1.2376419678e+03
-1.9372263184e+03
-2.6285063477e+03
9.7807818604e+02
2.1961056519e+02
-5.1483087158e+02
-1.2399849854e+03
-1.9403502197e+03
-2.6316975098e+03
9.7410021973e+02
2.1570491028e+02
-5.1739410400e+02
-1.2401124268e+03
-1.9373581543e+03
-2.6255563965e+03
9.7762493896e+02
2.1484571838e+02
-5.2210876465e+02
-1.2468807373e+03
-1.9448723145e+03
-2.6319921875e+03
9.7302569580e+02
2.0723803711e+02
-5.2947149658e+02
-1.2523321533e+03
-1.9465465088e+03
-2.6275310059e+03
9.6871679688e+02
1.9677365112e+02
-5.3982836914e+02
-1.2632261963e+03
-1.9557008057e+03
-2.6319165039e+03
5.8417218018e+02
-3.6847919464e+01
-6.3028912354e+02
-1.1923438721e+03
-1.7363552246e+03
-2.2483278809e+03
5.9117285156e+02
-2.4475605011e+01
-6.1744213867e+02
-1.1808830566e+03
-1.7254936523e+03
-2.2451071777e+03
5.9168811035e+02
-1.8200214386e+01
-6.0864880371e+02
-1.1716242676e+03
-1.7174487305e+03
-2.2414494629e+03
5.9572125244e+02
-1.2571171761e+01
-6.0312438965e+02
-1.1678010254e+03
-1.7170506592e+03
-2.2450351562e+03
5.9359014893e+02
-1.1740188599e+01
-5.9992388916e+02
-1.1631413574e+03
-1.7119444580e+03
-2.2407001953e+03
5.9535540771e+02
-9.8573789597e+00
-5.9851879883e+02
-1.1626623535e+03
-1.7128756104e+03
-2.2430031738e+03
5.9535540771e+02
-9.8573789597e+00
-5.9851879883e+02
-1.1626623535e+03
-1.7128756104e+03
-2.2430031738e+03
5.9359014893e+02
-1.1740188599e+01
-5.9992388916e+02
-1.1631413574e+03
-1.7119444580e+03
-2.2407001953e+03
5.9572125244e+02
-1.2571171761e+01
-6.0312438965e+02
-1.1678010254e+03
-1.7170506592e+03
-2.2450351562e+03
5.9168811035e+02
-1.8200214386e+01
-6.0864880371e+02
-1.1716242676e+03
-1.7174487305e+03
-2.2414494629e+03
5.9117285156e+02
-2.4475605011e+01
-6.1744213867e+02
-1.1808830566e+03
-1.7254936523e+03
-2.2451071777e+03
5.8417218018e+02
-3.6847919464e+01
-6.3028912354e+02
-1.1923438721e+03
-1.7363552246e+03
-2.2483278809e+03
1.9275096130e+02
-2.7847256470e+02
-7.1342095947e+02
-1.1244696045e+03
-1.5053465576e+03
-1.8580594482e+03
1.9968882751e+02
-2.6485409546e+02
-6.9973248291e+02
-1.1105629883e+03
-1.4930858154e+03
-1.8520863037e+03
2.0352140808e+02
-2.5631805420e+02
-6.8994824219e+02
-1.1014383545e+03
-1.4866997070e+03
-1.8516420898e+03
2.0341383362e+02
-2.5264874268e+02
-6.8362060547e+02
-1.0943118896e+03
-1.4805175781e+03
-1.8478002930e+03
2.0601535034e+02
-2.4897073364e+02
-6.7999230957e+02
-1.0917966309e+03
-1.4800755615e+03
-1.8499603271e+03
2.0528050232e+02
-2.4838790894e+02
-6.7829974365e+02
-1.0895118408e+03
-1.4776834717e+03
-1.8479916992e+03
2.0528050232e+02
-2.4838790894e+02
-6.7829974365e+02
-1.0895118408e+03
-1.4776834717e+03
-1.8479916992e+03
2.0601535034e+02
-2.4897073364e+02
-6.7999230957e+02
-1.0917966309e+03
-1.4800755615e+03
-1.8499603271e+03
2.0341383362e+02
-2.5264874268e+02
-6.8362060547e+02
-1.0943118896e+03
-1.4805175781e+03
-1.8478002930e+03
2.0352140808e+02
-2.5631805420e+02
-6.8994824219e+02
-1.1014383545e+03
-1.4866997070e+03
-1.8516420898e+03
1.9968882751e+02
-2.6485409546e+02
-6.9973248291e+02
-1.1105629883e+03
-1.4930858154e+03
-1.8520863037e+03
1.9275096130e+02
-2.7847256470e+02
-7.1342095947e+02
-1.1244696045e+03
-1.5053465576e+03
-1.8580594482e+03
-2.0537077332e+02
-5.1902807617e+02
-7.9959051514e+02
-1.0490347900e+03
-1.2721749268e+03
-1.4607244873e+03
-1.9774275208e+02
-5.0483038330e+02
-7.8450079346e+02
-1.0345607910e+03
-1.2582175293e+03
-1.4542529297e+03
-1.9518014526e+02
-4.9650457764e+02
-7.7395513916e+02
-1.0239672241e+03
-1.2495765381e+03
-1.4509555664e+03
-1.9220008850e+02
-4.9088168335e+02
-7.6715155029e+02
-1.0178217163e+03
-1.2459039307e+03
-1.4509215088e+03
-1.9240777588e+02
-4.8859609985e+02
-7.6318438721e+02
-1.0132463989e+03
-1.2417845459e+03
-1.4483195801e+03
-1.9121507263e+02
-4.8685842896e+02
-7.6137591553e+02
-1.0118784180e+03
-1.2413615723e+03
-1.4490517578e+03
-1.9121507263e+02
-4.8685842896e+02
-7.6137591553e+02
-1.0118784180e+03
-1.2413615723e+03
-1.4490517578e+03
-1.9240777588e+02
-4.8859609985e+02
-7.6318438721e+02
-1.0132463989e+03
-1.2417845459e+03
-1.4483195801e+03
-1.9220008850e+02
-4.9088168335e+02
-7.6715155029e+02
-1.0178217163e+03
-1.2459039307e+03
-1.4509215088e+03
-1.9518014526e+02
-4.9650457764e+02
-7.7395513916e+02
-1.0239672241e+03
-1.2495765381e+03
-1.4509555664e+03
-1.9774275208e+02
-5.0483038330e+02
-7.8450079346e+02
-1.0345607910e+03
-1.2582175293e+03
-1.4542529297e+03
-2.0537077332e+02
-5.1902807617e+02
-7.9959051514e+02
-1.0490347900e+03
-1.2721749268e+03
-1.4607244873e+03
-6.0638397217e+02
-7.6204931641e+02
-8.8142431641e+02
-9.7253045654e+02
-1.0331130371e+03
-1.0599359131e+03
-5.9869152832e+02
-7.4728491211e+02
-8.6621356201e+02
-9.5715447998e+02
-1.0190097656e+03
-1.0527009277e+03
-5.9527124023e+02
-7.3837139893e+02
-8.5534588623e+02
-9.4640551758e+02
-1.0105177002e+03
-1.0500418701e+03
-5.9391021729e+02
-7.3351159668e+02
-8.4829223633e+02
-9.3905560303e+02
-1.0047897949e+03
-1.0472492676e+03
-5.9213543701e+02
-7.3006311035e+02
-8.4418273926e+02
-9.3535974121e+02
-1.0025768433e+03
-1.0473431396e+03
-5.9213061523e+02
-7.2895483398e+02
-8.4227905273e+02
-9.3319287109e+02
-1.0006809082e+03
-1.0461491699e+03
-5.9213061523e+02
-7.2895483398e+02
-8.4227905273e+02
-9.3319287109e+02
-1.0006809082e+03
-1.0461491699e+03
-5.9213543701e+02
-7.3006311035e+02
-8.4418273926e+02
-9.3535974121e+02
-1.0025768433e+03
-1.0473431396e+03
-5.9391021729e+02
-7.3351159668e+02
-8.4829223633e+02
-9.3905560303e+02
-1.0047897949e+03
-1.0472492676e+03
-5.9527124023e+02
-7.3837139893e+02
-8.5534588623e+02
-9.4640551758e+02
-1.0105177002e+03
-1.0500418701e+03
-5.9869152832e+02
-7.4728491211e+02
-8.6621356201e+02
-9.5715447998e+02
-1.0190097656e+03
-1.0527009277e+03
-6.0638397217e+02
-7.6204931641e+02
-8.8142431641e+02
-9.7253045654e+02
-1.0331130371e+03
-1.0599359131e+03
-1.0087871094e+03
-1.0025981445e+03
-9.6242480469e+02
-8.9204174805e+02
-7.9268682861e+02
-6.5772039795e+02
-1.0015421143e+03
-9.8827832031e+02
-9.4700164795e+02
-8.7670080566e+02
-7.7777923584e+02
-6.4996105957e+02
-9.9860205078e+02
-9.7959991455e+02
-9.3614031982e+02
-8.6580316162e+02
-7.6896899414e+02
-6.4673242188e+02
-9.9635754395e+02
-9.7428887939e+02
-9.2908898926e+02
-8.5889892578e+02
-7.6406420898e+02
-6.4521069336e+02
-9.9579022217e+02
-9.7150787354e+02
-9.2497717285e+02
-8.5454888916e+02
-7.6056768799e+02
-6.4354327393e+02
-9.9501696777e+02
-9.6997656250e+02
-9.2308227539e+02
-8.5281213379e+02
-7.5950604248e+02
-6.4349188232e+02
-9.9501696777e+02
-9.6997656250e+02
-9.2308227539e+02
-8.5281213379e+02
-7.5950604248e+02
-6.4349188232e+02
-9.9579022217e+02
-9.7150787354e+02
-9.2497717285e+02
-8.5454888916e+02
-7.6056768799e+02
-6.4354327393e+02
-9.9635754395e+02
-9.7428887939e+02
-9.2908898926e+02
-8.5889892578e+02
-7.6406420898e+02
-6.4521069336e+02
-9.9860205078e+02
-9.7959991455e+02
-9.3614031982e+02
-8.6580316162e+02
-7.6896899414e+02
-6.4673242188e+02
-1.0015421143e+03
-9.8827832031e+02
-9.4700164795e+02
-8.7670080566e+02
-7.7777923584e+02
-6.4996105957e+02
-1.0087871094e+03
-1.0025981445e+03
-9.6242480469e+02
-8.9204174805e+02
-7.9268682861e+02
-6.5772039795e+02
-1.4098874512e+03
-1.2417153320e+03
-1.0397395020e+03
-8.0968499756e+02
-5.5025329590e+02
-2.5614971924e+02
-1.4030698242e+03
-1.2278041992e+03
-1.0250433350e+03
-7.9470440674e+02
-5.3611322021e+02
-2.4871560669e+02
-1.4004825439e+03
-1.2195808105e+03
-1.0145893555e+03
-7.8407458496e+02
-5.2739373779e+02
-2.4551245117e+02
-1.3989670410e+03
-1.2148065186e+03
-1.0078227539e+03
-7.7715362549e+02
-5.2222460938e+02
-2.4339761353e+02
-1.3978671875e+03
-1.2118338623e+03
-1.0038808594e+03
-7.7328283691e+02
-5.1949426270e+02
-2.4274369812e+02
-1.3976271973e+03
-1.2106420898e+03
-1.0020639648e+03
-7.7135668945e+02
-5.1798937988e+02
-2.4204167175e+02
-1.3976271973e+03
-1.2106420898e+03
-1.0020639648e+03
-7.7135668945e+02
-5.1798937988e+02
-2.4204167175e+02
-1.3978671875e+03
-1.2118338623e+03
-1.0038808594e+03
-7.7328283691e+02
-5.1949426270e+02
-2.4274369812e+02
-1.3989670410e+03
-1.2148065186e+03
-1.0078227539e+03
-7.7715362549e+02
-5.2222460938e+02
-2.4339761353e+02
-1.4004825439e+03
-1.2195808105e+03
-1.0145893555e+03
-7.8407458496e+02
-5.2739373779e+02
-2.4551245117e+02
-1.4030698242e+03
-1.2278041992e+03
-1.0250433350e+03
-7.9470440674e+02
-5.3611322021e+02
-2.4871560669e+02
-1.4098874512e+03
-1.2417153320e+03
-1.0397395020e+03
-8.0968499756e+02
-5.5025329590e+02
-2.5614971924e+02
-1.8075650635e+03
-1.4763619385e+03
-1.1143630371e+03
-7.2525036621e+02
-3.0855700684e+02
1.4205432129e+02
-1.8019925537e+03
-1.4638177490e+03
-1.1005789795e+03
-7.1114459229e+02
-2.9467980957e+02
1.4947523499e+02
-1.7999152832e+03
-1.4562862549e+03
-1.0908861084e+03
-7.0128112793e+02
-2.8669430542e+02
1.5218701172e+02
-1.7986115723e+03
-1.4519284668e+03
-1.0846335449e+03
-6.9490789795e+02
-2.8197921753e+02
1.5384814453e+02
-1.7981027832e+03
-1.4494497070e+03
-1.0810179443e+03
-6.9117028809e+02
-2.7917059326e+02
1.5481661987e+02
-1.7977175293e+03
-1.4482624512e+03
-1.0793554688e+03
-6.8952233887e+02
-2.7803411865e+02
1.5506874084e+02
-1.7977175293e+03
-1.4482624512e+03
-1.0793554688e+03
-6.8952233887e+02
-2.7803411865e+02
1.5506874084e+02
-1.7981027832e+03
-1.4494497070e+03
-1.0810179443e+03
-6.9117028809e+02
-2.7917059326e+02
1.5481661987e+02
-1.7986115723e+03
-1.4519284668e+03
-1.0846335449e+03
-6.9490789795e+02
-2.8197921753e+02
1.5384814453e+02
-1.7999152832e+03
-1.4562862549e+03
-1.0908861084e+03
-7.0128112793e+02
-2.8669430542e+02
1.5218701172e+02
-1.8019925537e+03
-1.4638177490e+03
-1.1005789795e+03
-7.1114459229e+02
-2.9467980957e+02
1.4947523499e+02
-1.8075650635e+03
-1.4763619385e+03
-1.1143630371e+03
-7.2525036621e+02
-3.0855700684e+02
1.4205432129e+02
-2.1994028320e+03
-1.7063858643e+03
-1.1851381836e+03
-6.3960034180e+02
-6.8249473572e+01
5.3501086426e+02
-2.1949177246e+03
-1.6952346191e+03
-1.1729432373e+03
-6.2689544678e+02
-5.5920291901e+01
5.4139025879e+02
-2.1938574219e+03
-1.6889028320e+03
-1.1643649902e+03
-6.1792474365e+02
-4.8470989227e+01
5.4394421387e+02
-2.1931281738e+03
-1.6852584229e+03
-1.1588870850e+03
-6.1226892090e+02
-4.4387966156e+01
5.4520428467e+02
-2.1928142090e+03
-1.6831478271e+03
-1.1557457275e+03
-6.0902947998e+02
-4.2037422180e+01
5.4574322510e+02
-2.1927165527e+03
-1.6822376709e+03
-1.1543128662e+03
-6.0753680420e+02
-4.0973037720e+01
5.4603179932e+02
-2.1927165527e+03
-1.6822376709e+03
-1.1543128662e+03
-6.0753680420e+02
-4.0973037720e+01
5.4603179932e+02
-2.1928142090e+03
-1.6831478271e+03
-1.1557457275e+03
-6.0902947998e+02
-4.2037422180e+01
5.4574322510e+02
-2.1931281738e+03
-1.6852584229e+03
-1.1588870850e+03
-6.1226892090e+02
-4.4387966156e+01
5.4520428467e+02
-2.1938574219e+03
-1.6889028320e+03
-1.1643649902e+03
-6.1792474365e+02
-4.8470989227e+01
5.4394421387e+02
-2.1949177246e+03
-1.6952346191e+03
-1.1729432373e+03
-6.2689544678e+02
-5.5920291901e+01
5.4139025879e+02
-2.1994028320e+03
-1.7063858643e+03
-1.1851381836e+03
-6.3960034180e+02
-6.8249473572e+01
5.3501086426e+02
-2.5828427734e+03
-1.9295501709e+03
-1.2522247314e+03
-5.5344488525e+02
1.6841180420e+02
9.1969244385e+02
-2.5802080078e+03
-1.9205689697e+03
-1.2419005127e+03
-5.4244854736e+02
1.7951277161e+02
9.2541088867e+02
-2.5799614258e+03
-1.9154785156e+03
-1.2347429199e+03
-5.3492712402e+02
1.8558210754e+02
9.2693542480e+02
-2.5800036621e+03
-1.9127904053e+03
-1.2302435303e+03
-5.3014031982e+02
1.8906942749e+02
9.2783361816e+02
-2.5801411133e+03
-1.9112478027e+03
-1.2277138672e+03
-5.2748638916e+02
1.9091049194e+02
9.2803234863e+02
-2.5802070312e+03
-1.9105837402e+03
-1.2265723877e+03
-5.2628839111e+02
1.9172279358e+02
9.2810131836e+02
-2.5802070312e+03
-1.9105837402e+03
-1.2265723877e+03
-5.2628839111e+02
1.9172279358e+02
9.2810131836e+02
-2.5801411133e+03
-1.9112478027e+03
-1.2277138672e+03
-5.2748638916e+02
1.9091049194e+02
9.2803234863e+02
-2.5800036621e+03
-1.9127904053e+03
-1.2302435303e+03
-5.3014031982e+02
1.8906942749e+02
9.2783361816e+02
-2.5799614258e+03
-1.9154785156e+03
-1.2347429199e+03
-5.3492712402e+02
1.8558210754e+02
9.2693542480e+02
-2.5802080078e+03
-1.9205689697e+03
-1.2419005127e+03
-5.4244854736e+02
1.7951277161e+02
9.2541088867e+02
-2.5828427734e+03
-1.9295501709e+03
-1.2522247314e+03
-5.5344488525e+02
1.6841180420e+02
9.1969244385e+02
-2.9552902832e+03
-2.1450524902e+03
-1.3150961914e+03
-4.6746981812e+02
4.0004113770e+02
1.2939005127e+03
-2.9543464355e+03
-2.1382907715e+03
-1.3070977783e+03
-4.5867022705e+02
4.0896865845e+02
1.2980797119e+03
-2.9555051270e+03
-2.1349360352e+03
-1.3016463623e+03
-4.5262557983e+02
4.1397753906e+02
1.2991008301e+03
-2.9562390137e+03
-2.1332429199e+03
-1.2983201904e+03
-4.4902398682e+02
4.1636624146e+02
1.2991483154e+03
-2.9569252930e+03
-2.1323935547e+03
-1.2965207520e+03
-4.4703070068e+02
4.1771350098e+02
1.2990168457e+03
-2.9572297363e+03
-2.1320419922e+03
-1.2957294922e+03
-4.4617794800e+02
4.1821276855e+02
1.2988540039e+03
-2.9572297363e+03
-2.1320419922e+03
-1.2957294922e+03
-4.4617794800e+02
4.1821276855e+02
1.2988540039e+03
-2.9569252930e+03
-2.1323935547e+03
-1.2965207520e+03
-4.4703070068e+02
4.1771350098e+02
1.2990168457e+03
-2.9562390137e+03
-2.1332429199e+03
-1.2983201904e+03
-4.4902398682e+02
4.1636624146e+02
1.2991483154e+03
-2.9555051270e+03
-2.1349360352e+03
-1.3016463623e+03
-4.5262557983e+02
4.1397753906e+02
1.2991008301e+03
-2.9543464355e+03
-2.1382907715e+03
-1.3070977783e+03
-4.5867022705e+02
4.0896865845e+02
1.2980797119e+03
-2.9552902832e+03
-2.1450524902e+03
-1.3150961914e+03
-4.6746981812e+02
4.0004113770e+02
1.2939005127e+03
-3.3137912598e+03
-2.3509399414e+03
-1.3736492920e+03
-3.8277380371e+02
6.2442108154e+02
1.6542982178e+03
-3.3151166992e+03
-2.3469453125e+03
-1.3682235107e+03
-3.7633776855e+02
6.3139569092e+02
1.6572701416e+03
-3.3174052734e+03
-2.3452902832e+03
-1.3646800537e+03
-3.7220935059e+02
6.3463330078e+02
1.6569868164e+03
-3.3191933594e+03
-2.3448820801e+03
-1.3626843262e+03
-3.6979501343e+02
6.3616564941e+02
1.6565238037e+03
-3.3203693848e+03
-2.3447363281e+03
-1.3617064209e+03
-3.6864138794e+02
6.3673034668e+02
1.6557812500e+03
-3.3209809570e+03
-2.3447617188e+03
-1.3613122559e+03
-3.6815072632e+02
6.3695672607e+02
1.6554302979e+03
-3.3209809570e+03
-2.3447617188e+03
-1.3613122559e+03
-3.6815072632e+02
6.3695672607e+02
1.6554302979e+03
-3.3203693848e+03
-2.3447363281e+03
-1.3617064209e+03
-3.6864138794e+02
6.3673034668e+02
1.6557812500e+03
-3.3191933594e+03
-2.3448820801e+03
-1.3626843262e+03
-3.6979501343e+02
6.3616564941e+02
1.6565238037e+03
-3.3174052734e+03
-2.3452902832e+03
-1.3646800537e+03
-3.7220935059e+02
6.3463330078e+02
1.6569868164e+03
-3.3151166992e+03
-2.3469453125e+03
-1.3682235107e+03
-3.7633776855e+02
6.3139569092e+02
1.6572701416e+03
-3.3137912598e+03
-2.3509399414e+03
-1.3736492920e+03
-3.8277380371e+02
6.2442108154e+02
1.6542982178e+03
-3.6553930664e+03
-2.5460156250e+03
-1.4276323242e+03
-3.0013693237e+02
8.3957629395e+02
1.9982554932e+03
-3.6588227539e+03
-2.5447880859e+03
-1.4250155029e+03
-2.9639120483e+02
8.4398510742e+02
1.9993929443e+03
-3.6627175293e+03
-2.5451904297e+03
-1.4235693359e+03
-2.9414642334e+02
8.4576226807e+02
1.9982871094e+03
-3.6653493652e+03
-2.5460039062e+03
-1.4230029297e+03
-2.9317721558e+02
8.4597711182e+02
1.9967982178e+03
-3.6672319336e+03
-2.5467214355e+03
-1.4229259033e+03
-2.9283731079e+02
8.4593035889e+02
1.9956630859e+03
-3.6680979004e+03
-2.5471101074e+03
-1.4229591064e+03
-2.9278570557e+02
8.4574542236e+02
1.9949824219e+03
-3.6680979004e+03
-2.5471101074e+03
-1.4229591064e+03
-2.9278570557e+02
8.4574542236e+02
1.9949824219e+03
-3.6672319336e+03
-2.5467214355e+03
-1.4229259033e+03
-2.9283731079e+02
8.4593035889e+02
1.9956630859e+03
-3.6653493652e+03
-2.5460039062e+03
-1.4230029297e+03
-2.9317721558e+02
8.4597711182e+02
1.9967982178e+03
-3.6627175293e+03
-2.5451904297e+03
-1.4235693359e+03
-2.9414642334e+02
8.4576226807e+02
1.9982871094e+03
-3.6588227539e+03
-2.5447880859e+03
-1.4250155029e+03
-2.9639120483e+02
8.4398510742e+02
1.9993929443e+03
-3.6553930664e+03
-2.5460156250e+03
-1.4276323242e+03
-3.0013693237e+02
8.3957629395e+02
1.9982554932e+03
-3.9768449707e+03
-2.7284067383e+03
-1.4768444824e+03
-2.2093020630e+02
1.0432849121e+03
2.3221220703e+03
-3.9827343750e+03
-2.7302397461e+03
-1.4771635742e+03
-2.1990138245e+02
1.0453424072e+03
2.3217150879e+03
-3.9879528809e+03
-2.7325986328e+03
-1.4778701172e+03
-2.1979211426e+02
1.0451862793e+03
2.3192136230e+03
-3.9917497559e+03
-2.7348435059e+03
-1.4788205566e+03
-2.2020326233e+02
1.0443520508e+03
2.3170524902e+03
-3.9941779785e+03
-2.7363569336e+03
-1.4796710205e+03
-2.2081027222e+02
1.0434309082e+03
2.3152319336e+03
-3.9954062500e+03
-2.7371779785e+03
-1.4801578369e+03
-2.2117176819e+02
1.0429295654e+03
2.3143352051e+03
-3.9954062500e+03
-2.7371779785e+03
-1.4801578369e+03
-2.2117176819e+02
1.0429295654e+03
2.3143352051e+03
-3.9941779785e+03
-2.7363569336e+03
-1.4796710205e+03
-2.2081027222e+02
1.0434309082e+03
2.3152319336e+03
-3.9917497559e+03
-2.7348435059e+03
-1.4788205566e+03
-2.2020326233e+02
1.0443520508e+03
2.3170524902e+03
-3.9879528809e+03
-2.7325986328e+03
-1.4778701172e+03
-2.1979211426e+02
1.0451862793e+03
2.3192136230e+03
-3.9827343750e+03
-2.7302397461e+03
-1.4771635742e+03
-2.1990138245e+02
1.0453424072e+03
2.3217150879e+03
-3.9768449707e+03
-2.7284067383e+03
-1.4768444824e+03
-2.2093020630e+02
1.0432849121e+03
2.3221220703e+03
-4.2748881836e+03
-2.8967153320e+03
-1.5212166748e+03
-1.4597520447e+02
1.2330548096e+03
2.6229851074e+03
-4.2830205078e+03
-2.9014938965e+03
-1.5244750977e+03
-1.4776918030e+02
1.2324608154e+03
2.6206787109e+03
-4.2898759766e+03
-2.9059846191e+03
-1.5274033203e+03
-1.4969094849e+02
1.2306688232e+03
2.6171687012e+03
-4.2945815430e+03
-2.9095344238e+03
-1.5298551025e+03
-1.5160618591e+02
1.2284882812e+03
2.6139804688e+03
-4.2977568359e+03
-2.9119541016e+03
-1.5316614990e+03
-1.5308990479e+02
1.2268828125e+03
2.6116953125e+03
-4.2992500000e+03
-2.9131586914e+03
-1.5325985107e+03
-1.5391210938e+02
1.2259564209e+03
2.6104611816e+03
-4.2992500000e+03
-2.9131586914e+03
-1.5325985107e+03
-1.5391210938e+02
1.2259564209e+03
2.6104611816e+03
-4.2977568359e+03
-2.9119541016e+03
-1.5316614990e+03
-1.5308990479e+02
1.2268828125e+03
2.6116953125e+03
-4.2945815430e+03
-2.9095344238e+03
-1.5298551025e+03
-1.5160618591e+02
1.2284882812e+03
2.6139804688e+03
-4.2898759766e+03
-2.9059846191e+03
-1.5274033203e+03
-1.4969094849e+02
1.2306688232e+03
2.6171687012e+03
-4.2830205078e+03
-2.9014938965e+03
-1.5244750977e+03
-1.4776918030e+02
1.2324608154e+03
2.6206787109e+03
-4.2748881836e+03
-2.8967153320e+03
-1.5212166748e+03
-1.4597520447e+02
1.2330548096e+03
2.6229851074e+03
-4.5462250977e+03
-3.0491232910e+03
-1.5604798584e+03
-7.6893714905e+01
1.4068732910e+03
2.8970192871e+03
-4.5567382812e+03
-3.0568779297e+03
-1.5666400146e+03
-8.1380722046e+01
1.4039038086e+03
2.8930903320e+03
-4.5649184570e+03
-3.0633142090e+03
-1.5716740723e+03
-8.5377098083e+01
1.4002576904e+03
2.8882675781e+03
-4.5707675781e+03
-3.0682604980e+03
-1.5756260986e+03
-8.8675689697e+01
1.3969866943e+03
2.8843278809e+03
-4.5744794922e+03
-3.0714692383e+03
-1.5783438721e+03
-9.1082359314e+01
1.3945469971e+03
2.8814067383e+03
-4.5763378906e+03
-3.0731008301e+03
-1.5797288818e+03
-9.2317237854e+01
1.3932907715e+03
2.8799328613e+03
-4.5763378906e+03
-3.0731008301e+03
-1.5797288818e+03
-9.2317237854e+01
1.3932907715e+03
2.8799328613e+03
-4.5744794922e+03
-3.0714692383e+03
-1.5783438721e+03
-9.1082359314e+01
1.3945469971e+03
2.8814067383e+03
-4.5707675781e+03
-3.0682604980e+03
-1.5756260986e+03
-8.8675689697e+01
1.3969866943e+03
2.8843278809e+03
-4.5649184570e+03
-3.0633142090e+03
-1.5716740723e+03
-8.5377098083e+01
1.4002576904e+03
2.8882675781e+03
-4.5567382812e+03
-3.0568779297e+03
-1.5666400146e+03
-8.1380722046e+01
1.4039038086e+03
2.8930903320e+03
-4.5462250977e+03
-3.0491232910e+03
-1.5604798584e+03
-7.6893714905e+01
1.4068732910e+03
2.8970192871e+03
-4.7875336914e+03
-3.1842697754e+03
-1.5947376709e+03
-1.4333954811e+01
1.5618312988e+03
3.1413935547e+03
-4.8001030273e+03
-3.1947307129e+03
-1.6035606689e+03
-2.1383411407e+01
1.5564742432e+03
3.1357563477e+03
-4.8097856445e+03
-3.2031020508e+03
-1.6106372070e+03
-2.7257858276e+01
1.5512797852e+03
3.1299077148e+03
-4.8164599609e+03
-3.2092495117e+03
-1.6159578857e+03
-3.1918815613e+01
1.5468101807e+03
3.1250864258e+03
-4.8208803711e+03
-3.2132910156e+03
-1.6195512695e+03
-3.5135543823e+01
1.5437097168e+03
3.1216774902e+03
-4.8229731445e+03
-3.2152729492e+03
-1.6213505859e+03
-3.6791553497e+01
1.5420778809e+03
3.1199189453e+03
-4.8229731445e+03
-3.2152729492e+03
-1.6213505859e+03
-3.6791553497e+01
1.5420778809e+03
3.1199189453e+03
-4.8208803711e+03
-3.2132910156e+03
-1.6195512695e+03
-3.5135543823e+01
1.5437097168e+03
3.1216774902e+03
-4.8164599609e+03
-3.2092495117e+03
-1.6159578857e+03
-3.1918815613e+01
1.5468101807e+03
3.1250864258e+03
-4.8097856445e+03
-3.2031020508e+03
-1.6106372070e+03
-2.7257858276e+01
1.5512797852e+03
3.1299077148e+03
-4.8001030273e+03
-3.1947307129e+03
-1.6035606689e+03
-2.1383411407e+01
1.5564742432e+03
3.1357563477e+03
-4.7875336914e+03
-3.1842697754e+03
-1.5947376709e+03
-1.4333954811e+01
1.5618312988e+03
3.1413935547e+03
-4.9958867188e+03
-3.3004340820e+03
-1.6236518555e+03
3.9852481842e+01
1.6965517578e+03
3.3523945312e+03
-5.0104799805e+03
-3.3133808594e+03
-1.6349299316e+03
3.0533760071e+01
1.6891734619e+03
3.3453195801e+03
-5.0212597656e+03
-3.3233962402e+03
-1.6437615967e+03
2.2930158615e+01
1.6824508057e+03
3.3384228516e+03
-5.0289506836e+03
-3.3307277832e+03
-1.6503463135e+03
1.7099811554e+01
1.6770234375e+03
3.3328769531e+03
-5.0337934570e+03
-3.3354291992e+03
-1.6547132568e+03
1.3101075172e+01
1.6732445068e+03
3.3289838867e+03
-5.0362216797e+03
-3.3377797852e+03
-1.6568854980e+03
1.1100943565e+01
1.6713171387e+03
3.3269853516e+03
-5.0362216797e+03
-3.3377797852e+03
-1.6568854980e+03
1.1100943565e+01
1.6713171387e+03
3.3269853516e+03
-5.0337934570e+03
-3.3354291992e+03
-1.6547132568e+03
1.3101075172e+01
1.6732445068e+03
3.3289838867e+03
-5.0289506836e+03
-3.3307277832e+03
-1.6503463135e+03
1.7099811554e+01
1.6770234375e+03
3.3328769531e+03
-5.0212597656e+03
-3.3233962402e+03
-1.6437615967e+03
2.2930158615e+01
1.6824508057e+03
3.3384228516e+03
-5.0104799805e+03
-3.3133808594e+03
-1.6349299316e+03
3.0533760071e+01
1.6891734619e+03
3.3453195801e+03
-4.9958867188e+03
-3.3004340820e+03
-1.6236518555e+03
3.9852481842e+01
1.6965517578e+03
3.3523945312e+03
-5.1682294922e+03
-3.3966408691e+03
-1.6474765625e+03
8.5503173828e+01
1.8078107910e+03
3.5277963867e+03
-5.1843593750e+03
-3.4116447754e+03
-1.6607410889e+03
7.4256835938e+01
1.7986522217e+03
3.5194653320e+03
-5.1963696289e+03
-3.4231381836e+03
-1.6711331787e+03
6.5228485107e+01
1.7907218018e+03
3.5116779785e+03
-5.2046240234e+03
-3.4313713379e+03
-1.6787631836e+03
5.8355030060e+01
1.7844104004e+03
3.5055395508e+03
-5.2100854492e+03
-3.4367307129e+03
-1.6837823486e+03
5.3758277893e+01
1.7800970459e+03
3.5011904297e+03
-5.2126591797e+03
-3.4393376465e+03
-1.6862825928e+03
5.1423568726e+01
1.7778975830e+03
3.4990122070e+03
-5.2126591797e+03
-3.4393376465e+03
-1.6862825928e+03
5.1423568726e+01
1.7778975830e+03
3.4990122070e+03
-5.2100854492e+03
-3.4367307129e+03
-1.6837823486e+03
5.3758277893e+01
1.7800970459e+03
3.5011904297e+03
-5.2046240234e+03
-3.4313713379e+03
-1.6787631836e+03
5.8355030060e+01
1.7844104004e+03
3.5055395508e+03
-5.1963696289e+03
-3.4231381836e+03
-1.6711331787e+03
6.5228485107e+01
1.7907218018e+03
3.5116779785e+03
-5.1843593750e+03
-3.4116447754e+03
-1.6607410889e+03
7.4256835938e+01
1.7986522217e+03
3.5194653320e+03
-5.1682294922e+03
-3.3966408691e+03
-1.6474765625e+03
8.5503173828e+01
1.8078107910e+03
3.5277963867e+03
-5.3025810547e+03
-3.4712236328e+03
-1.6658551025e+03
1.2056471252e+02
1.8954622803e+03
3.6643520508e+03
-5.3201430664e+03
-3.4878559570e+03
-1.6807584229e+03
1.0783706665e+02
1.8849650879e+03
3.6549855957e+03
-5.3327851562e+03
-3.5004208984e+03
-1.6922921143e+03
9.7666336060e+01
1.8760576172e+03
3.6466003418e+03
-5.3418676758e+03
-3.5094785156e+03
-1.7007358398e+03
9.0054077148e+01
1.8690742188e+03
3.6398430176e+03
-5.3475136719e+03
-3.5152456055e+03
-1.7062989502e+03
8.4898056030e+01
1.8643402100e+03
3.6352617188e+03
-5.3503784180e+03
-3.5181215820e+03
-1.7090233154e+03
8.2363540649e+01
1.8619246826e+03
3.6328630371e+03
-5.3503784180e+03
-3.5181215820e+03
-1.7090233154e+03
8.2363540649e+01
1.8619246826e+03
3.6328630371e+03
-5.3475136719e+03
-3.5152456055e+03
-1.7062989502e+03
8.4898056030e+01
1.8643402100e+03
3.6352617188e+03
-5.3418676758e+03
-3.5094785156e+03
-1.7007358398e+03
9.0054077148e+01
1.8690742188e+03
3.6398430176e+03
-5.3327851562e+03
-3.5004208984e+03
-1.6922921143e+03
9.7666336060e+01
1.8760576172e+03
3.6466003418e+03
-5.3201430664e+03
-3.4878559570e+03
-1.6807584229e+03
1.0783706665e+02
1.8849650879e+03
3.6549855957e+03
-5.3025810547e+03
-3.4712236328e+03
-1.6658551025e+03
1.2056471252e+02
1.8954622803e+03
3.6643520508e+03
-5.3963842773e+03
-3.5241625977e+03
-1.6790458984e+03
1.4569927979e+02
1.9559771729e+03
3.7610278320e+03
-5.4146601562e+03
-3.5418647461e+03
-1.6949357910e+03
1.3196986389e+02
1.9445924072e+03
3.7510898438e+03
-5.4281899414e+03
-3.5552504883e+03
-1.7072839355e+03
1.2109151459e+02
1.9350129395e+03
3.7420407715e+03
-5.4373847656e+03
-3.5647346191e+03
-1.7163226318e+03
1.1286596680e+02
1.9276037598e+03
3.7351267090e+03
-5.4435512695e+03
-3.5709150391e+03
-1.7221696777e+03
1.0747435760e+02
1.9225402832e+03
3.7301464844e+03
-5.4464082031e+03
-3.5738969727e+03
-1.7251118164e+03
1.0470988464e+02
1.9200012207e+03
3.7277243652e+03
-5.4464082031e+03
-3.5738969727e+03
-1.7251118164e+03
1.0470988464e+02
1.9200012207e+03
3.7277243652e+03
-5.4435512695e+03
-3.5709150391e+03
-1.7221696777e+03
1.0747435760e+02
1.9225402832e+03
3.7301464844e+03
-5.4373847656e+03
-3.5647346191e+03
-1.7163226318e+03
1.1286596680e+02
1.9276037598e+03
3.7351267090e+03
-5.4281899414e+03
-3.5552504883e+03
-1.7072839355e+03
1.2109151459e+02
1.9350129395e+03
3.7420407715e+03
-5.4146601562e+03
-3.5418647461e+03
-1.6949357910e+03
1.3196986389e+02
1.9445924072e+03
3.7510898438e+03
-5.3963842773e+03
-3.5241625977e+03
-1.6790458984e+03
1.4569927979e+02
1.9559771729e+03
3.7610278320e+03
-5.4493403320e+03
-3.5534338379e+03
-1.6869331055e+03
1.5868574524e+02
1.9911403809e+03
3.8153161621e+03
-5.4683349609e+03
-3.5716523438e+03
-1.7033762207e+03
1.4453977966e+02
1.9793188477e+03
3.8048686523e+03
-5.4817949219e+03
-3.5853220215e+03
-1.7160970459e+03
1.3324229431e+02
1.9694876709e+03
3.7958522949e+03
-5.4916445312e+03
-3.5951882324e+03
-1.7253015137e+03
1.2491431427e+02
1.9617860107e+03
3.7884377441e+03
-5.4976269531e+03
-3.6014187012e+03
-1.7314417725e+03
1.1919604492e+02
1.9566417236e+03
3.7835776367e+03
-5.5007397461e+03
-3.6045485840e+03
-1.7343806152e+03
1.1645911407e+02
1.9539945068e+03
3.7809550781e+03
-5.5007397461e+03
-3.6045485840e+03
-1.7343806152e+03
1.1645911407e+02
1.9539945068e+03
3.7809550781e+03
-5.4976269531e+03
-3.6014187012e+03
-1.7314417725e+03
1.1919604492e+02
1.9566417236e+03
3.7835776367e+03
-5.4916445312e+03
-3.5951882324e+03
-1.7253015137e+03
1.2491431427e+02
1.9617860107e+03
3.7884377441e+03
-5.4817949219e+03
-3.5853220215e+03
-1.7160970459e+03
1.3324229431e+02
1.9694876709e+03
3.7958522949e+03
-5.4683349609e+03
-3.5716523438e+03
-1.7033762207e+03
1.4453977966e+02
1.9793188477e+03
3.8048686523e+03
-5.4493403320e+03
-3.5534338379e+03
-1.6869331055e+03
1.5868574524e+02
1.9911403809e+03
3.8153161621e+03
-5.4592128906e+03
-3.5610422363e+03
-1.6892792969e+03
1.6124858093e+02
1.9969157715e+03
3.8279279785e+03
-5.4778457031e+03
-3.5791303711e+03
-1.7055363770e+03
1.4716342163e+02
1.9852845459e+03
3.8177766113e+03
-5.4919082031e+03
-3.5928818359e+03
-1.7181162109e+03
1.3608682251e+02
1.9754074707e+03
3.8083063965e+03
-5.5012197266e+03
-3.6025605469e+03
-1.7274635010e+03
1.2755728912e+02
1.9678459473e+03
3.8013203125e+03
-5.5076713867e+03
-3.6089423828e+03
-1.7333662109e+03
1.2212684631e+02
1.9626102295e+03
3.7960939941e+03
-5.5105625000e+03
-3.6119853516e+03
-1.7364378662e+03
1.1923204041e+02
1.9600190430e+03
3.7936511230e+03
-5.5105625000e+03
-3.6119853516e+03
-1.7364378662e+03
1.1923204041e+02
1.9600190430e+03
3.7936511230e+03
-5.5076713867e+03
-3.6089423828e+03
-1.7333662109e+03
1.2212684631e+02
1.9626102295e+03
3.7960939941e+03
-5.5012197266e+03
-3.6025605469e+03
-1.7274635010e+03
1.2755728912e+02
1.9678459473e+03
3.8013203125e+03
-5.4919082031e+03
-3.5928818359e+03
-1.7181162109e+03
1.3608682251e+02
1.9754074707e+03
3.8083063965e+03
-5.4778457031e+03
-3.5791303711e+03
-1.7055363770e+03
1.4716342163e+02
1.9852845459e+03
3.8177766113e+03
-5.4592128906e+03
-3.5610422363e+03
-1.6892792969e+03
1.6124858093e+02
1.9969157715e+03
3.8279279785e+03
-5.4284365234e+03
-3.5432880859e+03
-1.6870351562e+03
1.5110289001e+02
1.9777502441e+03
3.7971054688e+03
-5.4471401367e+03
-3.5607089844e+03
-1.7026196289e+03
1.3783384705e+02
1.9666376953e+03
3.7869504395e+03
-5.4601791992e+03
-3.5738083496e+03
-1.7148374023e+03
1.2701808929e+02
1.9573432617e+03
3.7783261719e+03
-5.4701005859e+03
-3.5834479980e+03
-1.7235041504e+03
1.1923881531e+02
1.9498693848e+03
3.7708710938e+03
-5.4758769531e+03
-3.5894462891e+03
-1.7295487061e+03
1.1360573578e+02
1.9449438477e+03
3.7662126465e+03
-5.4790185547e+03
-3.5925183105e+03
-1.7322982178e+03
1.1106421661e+02
1.9423586426e+03
3.7635690918e+03
-5.4790185547e+03
-3.5925183105e+03
-1.7322982178e+03
1.1106421661e+02
1.9423586426e+03
3.7635690918e+03
-5.4758769531e+03
-3.5894462891e+03
-1.7295487061e+03
1.1360573578e+02
1.9449438477e+03
3.7662126465e+03
-5.4701005859e+03
-3.5834479980e+03
-1.7235041504e+03
1.1923881531e+02
1.9498693848e+03
3.7708710938e+03
-5.4601791992e+03
-3.5738083496e+03
-1.7148374023e+03
1.2701808929e+02
1.9573432617e+03
3.7783261719e+03
-5.4471401367e+03
-3.5607089844e+03
-1.7026196289e+03
1.3783384705e+02
1.9666376953e+03
3.7869504395e+03
-5.4284365234e+03
-3.5432880859e+03
-1.6870351562e+03
1.5110289001e+02
1.9777502441e+03
3.7971054688e+03
-5.3539970703e+03
-3.5064382324e+03
-1.6780970459e+03
1.3093911743e+02
1.9285852051e+03
3.7257861328e+03
-5.3710468750e+03
-3.5224467773e+03
-1.6923747559e+03
1.1870001221e+02
1.9188212891e+03
3.7169267578e+03
-5.3846528320e+03
-3.5349912109e+03
-1.7033026123e+03
1.0922584534e+02
1.9100457764e+03
3.7078830566e+03
-5.3931777344e+03
-3.5437272949e+03
-1.7118634033e+03
1.0142866516e+02
1.9033497314e+03
3.7016008301e+03
-5.3994716797e+03
-3.5496608887e+03
-1.7169564209e+03
9.6803634644e+01
1.8985487061e+03
3.6965305176e+03
-5.4021362305e+03
-3.5524348145e+03
-1.7198507080e+03
9.4071067810e+01
1.8962089844e+03
3.6943010254e+03
-5.4021362305e+03
-3.5524348145e+03
-1.7198507080e+03
9.4071067810e+01
1.8962089844e+03
3.6943010254e+03
-5.3994716797e+03
-3.5496608887e+03
-1.7169564209e+03
9.6803634644e+01
1.8985487061e+03
3.6965305176e+03
-5.3931777344e+03
-3.5437272949e+03
-1.7118634033e+03
1.0142866516e+02
1.9033497314e+03
3.7016008301e+03
-5.3846528320e+03
-3.5349912109e+03
-1.7033026123e+03
1.0922584534e+02
1.9100457764e+03
3.7078830566e+03
-5.3710468750e+03
-3.5224467773e+03
-1.6923747559e+03
1.1870001221e+02
1.9188212891e+03
3.7169267578e+03
-5.3539970703e+03
-3.5064382324e+03
-1.6780970459e+03
1.3093911743e+02
1.9285852051e+03
3.7257861328e+03
-5.2429311523e+03
-3.4418361816e+03
-1.6666390381e+03
9.8837944031e+01
1.8572215576e+03
3.6125109863e+03
-5.2597299805e+03
-3.4561877441e+03
-1.6789642334e+03
8.8752838135e+01
1.8487543945e+03
3.6039475098e+03
-5.2710522461e+03
-3.4670195312e+03
-1.6891359863e+03
7.9894088745e+01
1.8414660645e+03
3.5967785645e+03
-5.2803935547e+03
-3.4754470215e+03
-1.6959016113e+03
7.3999603271e+01
1.8351202393e+03
3.5898552246e+03
-5.2854335938e+03
-3.4805285645e+03
-1.7012602539e+03
6.9022735596e+01
1.8310297852e+03
3.5858701172e+03
-5.2883779297e+03
-3.4832343750e+03
-1.7033986816e+03
6.7093696594e+01
1.8287951660e+03
3.5834121094e+03
-5.2883779297e+03
-3.4832343750e+03
-1.7033986816e+03
6.7093696594e+01
1.8287951660e+03
3.5834121094e+03
-5.2854335938e+03
-3.4805285645e+03
-1.7012602539e+03
6.9022735596e+01
1.8310297852e+03
3.5858701172e+03
-5.2803935547e+03
-3.4754470215e+03
-1.6959016113e+03
7.3999603271e+01
1.8351202393e+03
3.5898552246e+03
-5.2710522461e+03
-3.4670195312e+03
-1.6891359863e+03
7.9894088745e+01
1.8414660645e+03
3.5967785645e+03
-5.2597299805e+03
-3.4561877441e+03
-1.6789642334e+03
8.8752838135e+01
1.8487543945e+03
3.6039475098e+03
-5.2429311523e+03
-3.4418361816e+03
-1.6666390381e+03
9.8837944031e+01
1.8572215576e+03
3.6125109863e+03
-5.0885756836e+03
-3.3648161621e+03
-1.6453795166e+03
5.7530963898e+01
1.7568005371e+03
3.4629272461e+03
-5.1021738281e+03
-3.3764250488e+03
-1.6556683350e+03
4.9014205933e+01
1.7508945312e+03
3.4567790527e+03
-5.1145263672e+03
-3.3864362793e+03
-1.6630747070e+03
4.2915695190e+01
1.7444187012e+03
3.4488464355e+03
-5.1214169922e+03
-3.3931674805e+03
-1.6699979248e+03
3.6641227722e+01
1.7395364990e+03
3.4439982910e+03
-5.1271313477e+03
-3.3980664062e+03
-1.6734138184e+03
3.3660415649e+01
1.7357214355e+03
3.4394599609e+03
-5.1293496094e+03
-3.4002753906e+03
-1.6758815918e+03
3.1323871613e+01
1.7339063721e+03
3.4376408691e+03
-5.1293496094e+03
-3.4002753906e+03
-1.6758815918e+03
3.1323871613e+01
1.7339063721e+03
3.4376408691e+03
-5.1271313477e+03
-3.3980664062e+03
-1.6734138184e+03
3.3660415649e+01
1.7357214355e+03
3.4394599609e+03
-5.1214169922e+03
-3.3931674805e+03
-1.6699979248e+03
3.6641227722e+01
1.7395364990e+03
3.4439982910e+03
-5.1145263672e+03
-3.3864362793e+03
-1.6630747070e+03
4.2915695190e+01
1.7444187012e+03
3.4488464355e+03
-5.1021738281e+03
-3.3764250488e+03
-1.6556683350e+03
4.9014205933e+01
1.7508945312e+03
3.4567790527e+03
-5.0885756836e+03
-3.3648161621e+03
-1.6453795166e+03
5.7530963898e+01
1.7568005371e+03
3.4629272461e+03
-4.9063251953e+03
-3.2546198730e+03
-1.6266492920e+03
6.9966502190e+00
1.6387965088e+03
3.2748737793e+03
-4.9200244141e+03
-3.2641967773e+03
-1.6335355225e+03
2.1896584034e+00
1.6344365234e+03
3.2688886719e+03
-4.9284179688e+03
-3.2712126465e+03
-1.6406514893e+03
-3.7180449963e+00
1.6304692383e+03
3.2641501465e+03
-4.9366376953e+03
-3.2776435547e+03
-1.6441932373e+03
-6.4182786942e+00
1.6259658203e+03
3.2582185059e+03
-4.9405395508e+03
-3.2812436523e+03
-1.6484799805e+03
-1.0355147362e+01
1.6232106934e+03
3.2552631836e+03
-4.9430727539e+03
-3.2833256836e+03
-1.6496359863e+03
-1.1299912453e+01
1.6215656738e+03
3.2531870117e+03
-4.9430727539e+03
-3.2833256836e+03
-1.6496359863e+03
-1.1299912453e+01
1.6215656738e+03
3.2531870117e+03
-4.9405395508e+03
-3.2812436523e+03
-1.6484799805e+03
-1.0355147362e+01
1.6232106934e+03
3.2552631836e+03
-4.9366376953e+03
-3.2776435547e+03
-1.6441932373e+03
-6.4182786942e+00
1.6259658203e+03
3.2582185059e+03
-4.9284179688e+03
-3.2712126465e+03
-1.6406514893e+03
-3.7180449963e+00
1.6304692383e+03
3.2641501465e+03
-4.9200244141e+03
-3.2641967773e+03
-1.6335355225e+03
2.1896584034e+00
1.6344365234e+03
3.2688886719e+03
-4.9063251953e+03
-3.2546198730e+03
-1.6266492920e+03
6.9966502190e+00
1.6387965088e+03
3.2748737793e+03
-4.6798447266e+03
-3.1454445801e+03
-1.5909296875e+03
-5.3027259827e+01
1.4944632568e+03
3.0571152344e+03
-4.6883779297e+03
-3.1506213379e+03
-1.5960581055e+03
-5.6714714050e+01
1.4941416016e+03
3.0548410645e+03
-4.6989985352e+03
-3.1573068848e+03
-1.5981312256e+03
-5.7763420105e+01
1.4907207031e+03
3.0484228516e+03
-4.7036586914e+03
-3.1612124023e+03
-1.6030445557e+03
-6.2200687408e+01
1.4883858643e+03
3.0455280762e+03
-4.7083974609e+03
-3.1646250000e+03
-1.6040220947e+03
-6.2816566467e+01
1.4859896240e+03
3.0418696289e+03
-4.7100341797e+03
-3.1660397949e+03
-1.6058789062e+03
-6.4592910767e+01
1.4849095459e+03
3.0405747070e+03
-4.7100341797e+03
-3.1660397949e+03
-1.6058789062e+03
-6.4592910767e+01
1.4849095459e+03
3.0405747070e+03
-4.7083974609e+03
-3.1646250000e+03
-1.6040220947e+03
-6.2816566467e+01
1.4859896240e+03
3.0418696289e+03
-4.7036586914e+03
-3.1612124023e+03
-1.6030445557e+03
-6.2200687408e+01
1.4883858643e+03
3.0455280762e+03
-4.6989985352e+03
-3.1573068848e+03
-1.5981312256e+03
-5.7763420105e+01
1.4907207031e+03
3.0484228516e+03
-4.6883779297e+03
-3.1506213379e+03
-1.5960581055e+03
-5.6714714050e+01
1.4941416016e+03
3.0548410645e+03
-4.6798447266e+03
-3.1454445801e+03
-1.5909296875e+03
-5.3027259827e+01
1.4944632568e+03
3.0571152344e+03
-4.4403955078e+03
-2.9905925293e+03
-1.5683869629e+03
-1.1586300659e+02
1.3367058105e+03
2.8059711914e+03
-4.4504472656e+03
-2.9947849121e+03
-1.5678422852e+03
-1.1353776550e+02
1.3370222168e+03
2.8030639648e+03
-4.4549985352e+03
-2.9966982422e+03
-1.5718732910e+03
-1.1637093353e+02
1.3374197998e+03
2.8014682617e+03
-4.4615913086e+03
-3.0006086426e+03
-1.5709755859e+03
-1.1465280914e+02
1.3352219238e+03
2.7969277344e+03
-4.4642001953e+03
-3.0023691406e+03
-1.5740361328e+03
-1.1737789154e+02
1.3340979004e+03
2.7951254883e+03
-4.4661489258e+03
-3.0036813965e+03
-1.5740030518e+03
-1.1711727905e+02
1.3331781006e+03
2.7935971680e+03
-4.4661489258e+03
-3.0036813965e+03
-1.5740030518e+03
-1.1711727905e+02
1.3331781006e+03
2.7935971680e+03
-4.4642001953e+03
-3.0023691406e+03
-1.5740361328e+03
-1.1737789154e+02
1.3340979004e+03
2.7951254883e+03
-4.4615913086e+03
-3.0006086426e+03
-1.5709755859e+03
-1.1465280914e+02
1.3352219238e+03
2.7969277344e+03
-4.4549985352e+03
-2.9966982422e+03
-1.5718732910e+03
-1.1637093353e+02
1.3374197998e+03
2.8014682617e+03
-4.4504472656e+03
-2.9947849121e+03
-1.5678422852e+03
-1.1353776550e+02
1.3370222168e+03
2.8030639648e+03
-4.4403955078e+03
-2.9905925293e+03
-1.5683869629e+03
-1.1586300659e+02
1.3367058105e+03
2.8059711914e+03
-4.1506459961e+03
-2.8610722656e+03
-1.5148220215e+03
-1.9327265930e+02
1.1604256592e+03
2.5318686523e+03
-4.1529633789e+03
-2.8579118652e+03
-1.5151119385e+03
-1.9232403564e+02
1.1672081299e+03
2.5342001953e+03
-4.1615541992e+03
-2.8611684570e+03
-1.5099260254e+03
-1.8662719727e+02
1.1670249023e+03
2.5294946289e+03
-4.1639394531e+03
-2.8618608398e+03
-1.5130703125e+03
-1.8952926636e+02
1.1675860596e+03
2.5285957031e+03
-4.1673295898e+03
-2.8635368652e+03
-1.5111564941e+03
-1.8736405945e+02
1.1668771973e+03
2.5261643066e+03
-4.1683334961e+03
-2.8639807129e+03
-1.5122021484e+03
-1.8841336060e+02
1.1666925049e+03
2.5254233398e+03
-4.1683334961e+03
-2.8639807129e+03
-1.5122021484e+03
-1.8841336060e+02
1.1666925049e+03
2.5254233398e+03
-4.1673295898e+03
-2.8635368652e+03
-1.5111564941e+03
-1.8736405945e+02
1.1668771973e+03
2.5261643066e+03
-4.1639394531e+03
-2.8618608398e+03
-1.5130703125e+03
-1.8952926636e+02
1.1675860596e+03
2.5285957031e+03
-4.1615541992e+03
-2.8611684570e+03
-1.5099260254e+03
-1.8662719727e+02
1.1670249023e+03
2.5294946289e+03
-4.1529633789e+03
-2.8579118652e+03
-1.5151119385e+03
-1.9232403564e+02
1.1672081299e+03
2.5342001953e+03
-4.1506459961e+03
-2.8610722656e+03
-1.5148220215e+03
-1.9327265930e+02
1.1604256592e+03
2.5318686523e+03
-3.8720039062e+03
-2.6606325684e+03
-1.4930791016e+03
-2.5868399048e+02
9.6574169922e+02
2.2334272461e+03
-3.8783288574e+03
-2.6605041504e+03
-1.4827884521e+03
-2.4726560974e+02
9.7002258301e+02
2.2336838379e+03
-3.8789387207e+03
-2.6564934082e+03
-1.4851622314e+03
-2.4821000671e+02
9.7536956787e+02
2.2353125000e+03
-3.8831831055e+03
-2.6575332031e+03
-1.4788458252e+03
-2.4104103088e+02
9.7577368164e+02
2.2327553711e+03
-3.8845888672e+03
-2.6572629395e+03
-1.4805146484e+03
-2.4239256287e+02
9.7637866211e+02
2.2319543457e+03
-3.8858520508e+03
-2.6578225098e+03
-1.4793914795e+03
-2.4099324036e+02
9.7615698242e+02
2.2310615234e+03
-3.8858520508e+03
-2.6578225098e+03
-1.4793914795e+03
-2.4099324036e+02
9.7615698242e+02
2.2310615234e+03
-3.8845888672e+03
-2.6572629395e+03
-1.4805146484e+03
-2.4239256287e+02
9.7637866211e+02
2.2319543457e+03
-3.8831831055e+03
-2.6575332031e+03
-1.4788458252e+03
-2.4104103088e+02
9.7577368164e+02
2.2327553711e+03
-3.8789387207e+03
-2.6564934082e+03
-1.4851622314e+03
-2.4821000671e+02
9.7536956787e+02
2.2353125000e+03
-3.8783288574e+03
-2.6605041504e+03
-1.4827884521e+03
-2.4726560974e+02
9.7002258301e+02
2.2336838379e+03
-3.8720039062e+03
-2.6606325684e+03
-1.4930791016e+03
-2.5868399048e+02
9.6574169922e+02
2.2334272461e+03
-3.5257226562e+03
-2.5266682129e+03
-1.4181586914e+03
-3.5605053711e+02
7.7898156738e+02
1.9106788330e+03
-3.5218520508e+03
-2.5130441895e+03
-1.4163691406e+03
-3.5268908691e+02
7.9432086182e+02
1.9175555420e+03
-3.5274758301e+03
-2.5130297852e+03
-1.4014958496e+03
-3.3809588623e+02
7.9734307861e+02
1.9151251221e+03
-3.5282978516e+03
-2.5106362305e+03
-1.4033985596e+03
-3.4011611938e+02
8.0062500000e+02
1.9155115967e+03
-3.5300910645e+03
-2.5106748047e+03
-1.3989162598e+03
-3.3544662476e+02
8.0159997559e+02
1.9146025391e+03
-3.5304831543e+03
-2.5100251465e+03
-1.3988588867e+03
-3.3551065063e+02
8.0244927979e+02
1.9144177246e+03
-3.5304831543e+03
-2.5100251465e+03
-1.3988588867e+03
-3.3551065063e+02
8.0244927979e+02
1.9144177246e+03
-3.5300910645e+03
-2.5106748047e+03
-1.3989162598e+03
-3.3544662476e+02
8.0159997559e+02
1.9146025391e+03
-3.5282978516e+03
-2.5106362305e+03
-1.4033985596e+03
-3.4011611938e+02
8.0062500000e+02
1.9155115967e+03
-3.5274758301e+03
-2.5130297852e+03
-1.4014958496e+03
-3.3809588623e+02
7.9734307861e+02
1.9151251221e+03
-3.5218520508e+03
-2.5130441895e+03
-1.4163691406e+03
-3.5268908691e+02
7.9432086182e+02
1.9175555420e+03
-3.5257226562e+03
-2.5266682129e+03
-1.4181586914e+03
-3.5605053711e+02
7.7898156738e+02
1.9106788330e+03
-3.2313398438e+03
-2.2739040527e+03
-1.4019024658e+03
-4.0998010254e+02
5.3630755615e+02
1.5886705322e+03
-3.2327055664e+03
-2.2719655762e+03
-1.3778111572e+03
-3.8623635864e+02
5.4286163330e+02
1.5925140381e+03
-3.2311279297e+03
-2.2624875488e+03
-1.3815451660e+03
-3.8818539429e+02
5.5255993652e+02
1.5960861816e+03
-3.2320275879e+03
-2.2605351562e+03
-1.3698126221e+03
-3.7535989380e+02
5.5583404541e+02
1.5965264893e+03
-3.2322485352e+03
-2.2578725586e+03
-1.3691379395e+03
-3.7452816772e+02
5.5838458252e+02
1.5966054688e+03
-3.2326628418e+03
-2.2576682129e+03
-1.3671544189e+03
-3.7222079468e+02
5.5879742432e+02
1.5964185791e+03
-3.2326628418e+03
-2.2576682129e+03
-1.3671544189e+03
-3.7222079468e+02
5.5879742432e+02
1.5964185791e+03
-3.2322485352e+03
-2.2578725586e+03
-1.3691379395e+03
-3.7452816772e+02
5.5838458252e+02
1.5966054688e+03
-3.2320275879e+03
-2.2605351562e+03
-1.3698126221e+03
-3.7535989380e+02
5.5583404541e+02
1.5965264893e+03
-3.2311279297e+03
-2.2624875488e+03
-1.3815451660e+03
-3.8818539429e+02
5.5255993652e+02
1.5960861816e+03
-3.2327055664e+03
-2.2719655762e+03
-1.3778111572e+03
-3.8623635864e+02
5.4286163330e+02
1.5925140381e+03
-3.2313398438e+03
-2.2739040527e+03
-1.4019024658e+03
-4.0998010254e+02
5.3630755615e+02
1.5886705322e+03
-2.8227292480e+03
-2.1657785645e+03
-1.3011289062e+03
-5.3319091797e+02
3.7816714478e+02
1.2147753906e+03
-2.8163200684e+03
-2.1403132324e+03
-1.3037584229e+03
-5.3292504883e+02
4.0233901978e+02
1.2242259521e+03
-2.8163757324e+03
-2.1359467773e+03
-1.2766033936e+03
-5.0655139160e+02
4.0955963135e+02
1.2257403564e+03
-2.8169809570e+03
-2.1307238770e+03
-1.2766031494e+03
-5.0747113037e+02
4.1468228149e+02
1.2257934570e+03
-2.8179338379e+03
-2.1303161621e+03
-1.2719180908e+03
-5.0244894409e+02
4.1616275024e+02
1.2256135254e+03
-2.8184890137e+03
-2.1292475586e+03
-1.2712524414e+03
-5.0196246338e+02
4.1747430420e+02
1.2253332520e+03
-2.8184890137e+03
-2.1292475586e+03
-1.2712524414e+03
-5.0196246338e+02
4.1747430420e+02
1.2253332520e+03
-2.8179338379e+03
-2.1303161621e+03
-1.2719180908e+03
-5.0244894409e+02
4.1616275024e+02
1.2256135254e+03
-2.8169809570e+03
-2.1307238770e+03
-1.2766031494e+03
-5.0747113037e+02
4.1468228149e+02
1.2257934570e+03
-2.8163757324e+03
-2.1359467773e+03
-1.2766033936e+03
-5.0655139160e+02
4.0955963135e+02
1.2257403564e+03
-2.8163200684e+03
-2.1403132324e+03
-1.3037584229e+03
-5.3292504883e+02
4.0233901978e+02
1.2242259521e+03
-2.8227292480e+03
-2.1657785645e+03
-1.3011289062e+03
-5.3319091797e+02
3.7816714478e+02
1.2147753906e+03
-2.5476052246e+03
-1.8139552002e+03
-1.3117552490e+03
-5.7019738770e+02
6.5263832092e+01
9.1206152344e+02
-2.5383088379e+03
-1.8108963623e+03
-1.2668276367e+03
-5.2812329102e+02
7.4323966980e+01
9.2151898193e+02
-2.5402939453e+03
-1.8014359131e+03
-1.2767318115e+03
-5.3692510986e+02
8.3326652527e+01
9.2234155273e+02
-2.5400742188e+03
-1.8006656494e+03
-1.2661528320e+03
-5.2407037354e+02
8.7239631653e+01
9.2413940430e+02
-2.5406015625e+03
-1.7969396973e+03
-1.2627003174e+03
-5.2060711670e+02
9.1233650208e+01
9.2421850586e+02
-2.5402722168e+03
-1.7961428223e+03
-1.2599257812e+03
-5.1749945068e+02
9.2312889099e+01
9.2474273682e+02
-2.5402722168e+03
-1.7961428223e+03
-1.2599257812e+03
-5.1749945068e+02
9.2312889099e+01
9.2474273682e+02
-2.5406015625e+03
-1.7969396973e+03
-1.2627003174e+03
-5.2060711670e+02
9.1233650208e+01
9.2421850586e+02
-2.5400742188e+03
-1.8006656494e+03
-1.2661528320e+03
-5.2407037354e+02
8.7239631653e+01
9.2413940430e+02
-2.5402939453e+03
-1.8014359131e+03
-1.2767318115e+03
-5.3692510986e+02
8.3326652527e+01
9.2234155273e+02
-2.5383088379e+03
-1.8108963623e+03
-1.2668276367e+03
-5.2812329102e+02
7.4323966980e+01
9.2151898193e+02
-2.5476052246e+03
-1.8139552002e+03
-1.3117552490e+03
-5.7019738770e+02
6.5263832092e+01
9.1206152344e+02
-2.0505673828e+03
-1.8311673584e+03
-1.0697099609e+03
-6.6271374512e+02
-6.3823844910e+01
4.3776687622e+02
-2.0586042480e+03
-1.8124636230e+03
-1.1018189697e+03
-6.8795404053e+02
-4.3898403168e+01
4.4153002930e+02
-2.0555742188e+03
-1.8059567871e+03
-1.0707062988e+03
-6.5427099609e+02
-3.2696632385e+01
4.4490750122e+02
-2.0566625977e+03
-1.7948538818e+03
-1.0612034912e+03
-6.4784429932e+02
-2.6382722855e+01
4.4394821167e+02
-2.0558474121e+03
-1.7920029297e+03
-1.0561086426e+03
-6.4320965576e+02
-2.5471582413e+01
4.4391812134e+02
-2.0565998535e+03
-1.7901369629e+03
-1.0549877930e+03
-6.4268774414e+02
-2.4842397690e+01
4.4278552246e+02
-2.0565998535e+03
-1.7901369629e+03
-1.0549877930e+03
-6.4268774414e+02
-2.4842397690e+01
4.4278552246e+02
-2.0558474121e+03
-1.7920029297e+03
-1.0561086426e+03
-6.4320965576e+02
-2.5471582413e+01
4.4391812134e+02
-2.0566625977e+03
-1.7948538818e+03
-1.0612034912e+03
-6.4784429932e+02
-2.6382722855e+01
4.4394821167e+02
-2.0555742188e+03
-1.8059567871e+03
-1.0707062988e+03
-6.5427099609e+02
-3.2696632385e+01
4.4490750122e+02
-2.0586042480e+03
-1.8124636230e+03
-1.1018189697e+03
-6.8795404053e+02
-4.3898403168e+01
4.4153002930e+02
-2.0505673828e+03
-1.8311673584e+03
-1.0697099609e+03
-6.6271374512e+02
-6.3823844910e+01
4.3776687622e+02
-1.9461043701e+03
-1.1268198242e+03
-1.3271446533e+03
-7.4390106201e+02
-2.9621832275e+02
1.2225070190e+02
-1.9319526367e+03
-1.1087795410e+03
-1.2384017334e+03
-6.6296197510e+02
-2.7733325195e+02
1.2520215607e+02
-1.9348394775e+03
-1.0934602051e+03
-1.2318729248e+03
-6.6554882812e+02
-2.7496673584e+02
1.1917967224e+02
-1.9310133057e+03
-1.0979467773e+03
-1.2344312744e+03
-6.6653845215e+02
-2.7611645508e+02
1.1763986206e+02
-1.9330036621e+03
-1.0994645996e+03
-1.2361074219e+03
-6.6784674072e+02
-2.7523715210e+02
1.1428218842e+02
-1.9323828125e+03
-1.1013580322e+03
-1.2363857422e+03
-6.6753875732e+02
-2.7513079834e+02
1.1416016388e+02
-1.9323828125e+03
-1.1013580322e+03
-1.2363857422e+03
-6.6753875732e+02
-2.7513079834e+02
1.1416016388e+02
-1.9330036621e+03
-1.0994645996e+03
-1.2361074219e+03
-6.6784674072e+02
-2.7523715210e+02
1.1428218842e+02
-1.9310133057e+03
-1.0979467773e+03
-1.2344312744e+03
-6.6653845215e+02
-2.7611645508e+02
1.1763986206e+02
-1.9348394775e+03
-1.0934602051e+03
-1.2318729248e+03
-6.6554882812e+02
-2.7496673584e+02
1.1917967224e+02
-1.9319526367e+03
-1.1087795410e+03
-1.2384017334e+03
-6.6296197510e+02
-2.7733325195e+02
1.2520215607e+02
-1.9461043701e+03
-1.1268198242e+03
-1.3271446533e+03
-7.4390106201e+02
-2.9621832275e+02
1.2225070190e+02
-1.0085604858e+03
-2.0062353516e+03
-7.5680615234e+02
-8.2702551270e+02
-5.9150463867e+02
2.1376910400e+02
-9.9430316162e+02
-1.9705157471e+03
-7.8574957275e+02
-8.7557788086e+02
-6.2593634033e+02
1.8336351013e+02
-9.7752697754e+02
-1.9806683350e+03
-8.1187652588e+02
-8.9454913330e+02
-6.3526800537e+02
1.8474803162e+02
-9.7974517822e+02
-1.9784687500e+03
-8.1375250244e+02
-8.9459454346e+02
-6.3537133789e+02
1.8507928467e+02
-9.7557220459e+02
-1.9777927246e+03
-8.1469390869e+02
-8.9306933594e+02
-6.3395520020e+02
1.9041889954e+02
-9.7627191162e+02
-1.9757597656e+03
-8.1508697510e+02
-8.9219958496e+02
-6.3232781982e+02
1.9146922302e+02
-9.7627191162e+02
-1.9757597656e+03
-8.1508697510e+02
-8.9219958496e+02
-6.3232781982e+02
1.9146922302e+02
-9.7557220459e+02
-1.9777927246e+03
-8.1469390869e+02
-8.9306933594e+02
-6.3395520020e+02
1.9041889954e+02
-9.7974517822e+02
-1.9784687500e+03
-8.1375250244e+02
-8.9459454346e+02
-6.3537133789e+02
1.8507928467e+02
-9.7752697754e+02
-1.9806683350e+03
-8.1187652588e+02
-8.9454913330e+02
-6.3526800537e+02
1.8474803162e+02
-9.9430316162e+02
-1.9705157471e+03
-7.8574957275e+02
-8.7557788086e+02
-6.2593634033e+02
1.8336351013e+02
-1.0085604858e+03
-2.0062353516e+03
-7.5680615234e+02
-8.2702551270e+02
-5.9150463867e+02
2.1376910400e+02
-3.7411968994e+02
-2.7456964111e+02
-3.0720124512e+03
-1.5565670166e+03
2.2906309509e+02
-1.7135757446e+01
-3.3707992554e+02
-2.9111630249e+02
-3.1946181641e+03
-1.6892889404e+03
2.0136737061e+02
-1.1905112267e+01
-3.5441577148e+02
-2.8415679932e+02
-3.1673806152e+03
-1.6752933350e+03
1.9398904419e+02
-3.2365276337e+01
-3.3999224854e+02
-2.8163958740e+02
-3.1527187500e+03
-1.6734379883e+03
1.9264169312e+02
-2.1052244186e+01
-3.4405883789e+02
-2.7293511963e+02
-3.1410783691e+03
-1.6707963867e+03
1.9584169006e+02
-2.0469472885e+01
-3.4168164062e+02
-2.7121109009e+02
-3.1340212402e+03
-1.6689965820e+03
1.9628649902e+02
-1.7921558380e+01
-3.4168164062e+02
-2.7121109009e+02
-3.1340212402e+03
-1.6689965820e+03
1.9628649902e+02
-1.7921558380e+01
-3.4405883789e+02
-2.7293511963e+02
-3.1410783691e+03
-1.6707963867e+03
1.9584169006e+02
-2.0469472885e+01
-3.3999224854e+02
-2.8163958740e+02
-3.1527187500e+03
-1.6734379883e+03
1.9264169312e+02
-2.1052244186e+01
-3.5441577148e+02
-2.8415679932e+02
-3.1673806152e+03
-1.6752933350e+03
1.9398904419e+02
-3.2365276337e+01
-3.3707992554e+02
-2.9111630249e+02
-3.1946181641e+03
-1.6892889404e+03
2.0136737061e+02
-1.1905112267e+01
-3.7411968994e+02
-2.7456964111e+02
-3.0720124512e+03
-1.5565670166e+03
2.2906309509e+02
-1.7135757446e+01
