-5.1774084473e+02
-4.9391870117e+02
-4.9327630615e+02
-4.9387393188e+02
-4.9570767212e+02
-5.2073175049e+02
-4.8055572510e+02
-4.5824365234e+02
-4.5812808228e+02
-4.5869509888e+02
-4.5992721558e+02
-4.8341229248e+02
-4.7334332275e+02
-4.5160455322e+02
-4.5255004883e+02
-4.5311706543e+02
-4.5328509521e+02
-4.7624301147e+02
-4.6725375366e+02
-4.4531570435e+02
-4.4670922852e+02
-4.4727444458e+02
-4.4699487305e+02
-4.7018344116e+02
-4.6543896484e+02
-4.4328845215e+02
-4.4487313843e+02
-4.4544058228e+02
-4.4497589111e+02
-4.6840115356e+02
-4.6424212646e+02
-4.4193643188e+02
-4.4358474731e+02
-4.4415298462e+02
-4.4362728882e+02
-4.6721878052e+02
-4.6424212646e+02
-4.4193643188e+02
-4.4358474731e+02
-4.4415298462e+02
-4.4362728882e+02
-4.6721878052e+02
-4.6543896484e+02
-4.4328845215e+02
-4.4487313843e+02
-4.4544058228e+02
-4.4497589111e+02
-4.6840115356e+02
-4.6725375366e+02
-4.4531570435e+02
-4.4670922852e+02
-4.4727444458e+02
-4.4699487305e+02
-4.7018344116e+02
-4.7334332275e+02
-4.5160455322e+02
-4.5255004883e+02
-4.5311706543e+02
-4.5328509521e+02
-4.7624301147e+02
-4.8055572510e+02
-4.5824365234e+02
-4.5812808228e+02
-4.5869509888e+02
-4.5992721558e+02
-4.8341229248e+02
-5.1774084473e+02
-4.9391870117e+02
-4.9327630615e+02
-4.9387393188e+02
-4.9570767212e+02
-5.2073175049e+02
-3.9361325073e+02
-4.3322381592e+02
-4.2967993164e+02
-4.3017449951e+02
-4.3474069214e+02
-3.9608874512e+02
-4.4278381348e+02
-4.8659240723e+02
-4.8450628662e+02
-4.8506243896e+02
-4.8831192017e+02
-4.4551501465e+02
-4.4096389771e+02
-4.8659963989e+02
-4.8449896240e+02
-4.8505612183e+02
-4.8832965088e+02
-4.4366354370e+02
-4.4292907715e+02
-4.9001528931e+02
-4.8806375122e+02
-4.8862634277e+02
-4.9176416016e+02
-4.4563455200e+02
-4.4100326538e+02
-4.8884338379e+02
-4.8696520996e+02
-4.8752722168e+02
-4.9059378052e+02
-4.4369757080e+02
-4.4078143311e+02
-4.8899203491e+02
-4.8715710449e+02
-4.8771990967e+02
-4.9074591064e+02
-4.4347531128e+02
-4.4078143311e+02
-4.8899203491e+02
-4.8715710449e+02
-4.8771990967e+02
-4.9074591064e+02
-4.4347531128e+02
-4.4100326538e+02
-4.8884338379e+02
-4.8696520996e+02
-4.8752722168e+02
-4.9059378052e+02
-4.4369757080e+02
-4.4292907715e+02
-4.9001528931e+02
-4.8806375122e+02
-4.8862634277e+02
-4.9176416016e+02
-4.4563455200e+02
-4.4096389771e+02
-4.8659963989e+02
-4.8449896240e+02
-4.8505612183e+02
-4.8832965088e+02
-4.4366354370e+02
-4.4278381348e+02
-4.8659240723e+02
-4.8450628662e+02
-4.8506243896e+02
-4.8831192017e+02
-4.4551501465e+02
-3.9361325073e+02
-4.3322381592e+02
-4.2967993164e+02
-4.3017449951e+02
-4.3474069214e+02
-3.9608874512e+02
-4.6108227539e+02
-4.4987484741e+02
-4.6418243408e+02
-4.6468692017e+02
-4.5133480835e+02
-4.6363320923e+02
-4.4805795288e+02
-4.3503677368e+02
-4.4920260620e+02
-4.4969424438e+02
-4.3643563843e+02
-4.5052648926e+02
-4.6733056641e+02
-4.5492163086e+02
-4.6972491455e+02
-4.7024188232e+02
-4.5637741089e+02
-4.6988867188e+02
-4.7067633057e+02
-4.5845239258e+02
-4.7356808472e+02
-4.7408914185e+02
-4.5990914917e+02
-4.7323382568e+02
-4.7523324585e+02
-4.6324880981e+02
-4.7859057617e+02
-4.7911685181e+02
-4.6471429443e+02
-4.7780352783e+02
-4.7605645752e+02
-4.6415991211e+02
-4.7959088135e+02
-4.8011788940e+02
-4.6562460327e+02
-4.7862500000e+02
-4.7605645752e+02
-4.6415991211e+02
-4.7959088135e+02
-4.8011788940e+02
-4.6562460327e+02
-4.7862500000e+02
-4.7523324585e+02
-4.6324880981e+02
-4.7859057617e+02
-4.7911685181e+02
-4.6471429443e+02
-4.7780352783e+02
-4.7067633057e+02
-4.5845239258e+02
-4.7356808472e+02
-4.7408914185e+02
-4.5990914917e+02
-4.7323382568e+02
-4.6733056641e+02
-4.5492163086e+02
-4.6972491455e+02
-4.7024188232e+02
-4.5637741089e+02
-4.6988867188e+02
-4.4805795288e+02
-4.3503677368e+02
-4.4920260620e+02
-4.4969424438e+02
-4.3643563843e+02
-4.5052648926e+02
-4.6108227539e+02
-4.4987484741e+02
-4.6418243408e+02
-4.6468692017e+02
-4.5133480835e+02
-4.6363320923e+02
-4.5658898926e+02
-4.6143652344e+02
-4.5400558472e+02
-4.5444357300e+02
-4.6282812500e+02
-4.5885736084e+02
-4.6735867310e+02
-4.7224908447e+02
-4.6460656738e+02
-4.6505386353e+02
-4.7368246460e+02
-4.6968395996e+02
-4.5849246216e+02
-4.6246252441e+02
-4.5460195923e+02
-4.5503375244e+02
-4.6386120605e+02
-4.6076306152e+02
-4.6445184326e+02
-4.6818841553e+02
-4.6035571289e+02
-4.6079104614e+02
-4.6960424805e+02
-4.6674737549e+02
-4.6523712158e+02
-4.6872744751e+02
-4.6087295532e+02
-4.6130654907e+02
-4.7014184570e+02
-4.6752856445e+02
-4.6713131714e+02
-4.7053970337e+02
-4.6268939209e+02
-4.6312387085e+02
-4.7195840454e+02
-4.6942846680e+02
-4.6713131714e+02
-4.7053970337e+02
-4.6268939209e+02
-4.6312387085e+02
-4.7195840454e+02
-4.6942846680e+02
-4.6523712158e+02
-4.6872744751e+02
-4.6087295532e+02
-4.6130654907e+02
-4.7014184570e+02
-4.6752856445e+02
-4.6445184326e+02
-4.6818841553e+02
-4.6035571289e+02
-4.6079104614e+02
-4.6960424805e+02
-4.6674737549e+02
-4.5849246216e+02
-4.6246252441e+02
-4.5460195923e+02
-4.5503375244e+02
-4.6386120605e+02
-4.6076306152e+02
-4.6735867310e+02
-4.7224908447e+02
-4.6460656738e+02
-4.6505386353e+02
-4.7368246460e+02
-4.6968395996e+02
-4.5658898926e+02
-4.6143652344e+02
-4.5400558472e+02
-4.5444357300e+02
-4.6282812500e+02
-4.5885736084e+02
-4.6507855225e+02
-4.6282089233e+02
-4.6628283691e+02
-4.6671856689e+02
-4.6406021118e+02
-4.6717880249e+02
-4.5928604126e+02
-4.5735556030e+02
-4.6091812134e+02
-4.6135034180e+02
-4.5857614136e+02
-4.6135794067e+02
-4.6663928223e+02
-4.6503964233e+02
-4.6848892212e+02
-4.6893270874e+02
-4.6628723145e+02
-4.6875079346e+02
-4.6250296021e+02
-4.6076608276e+02
-4.6401730347e+02
-4.6445739746e+02
-4.6199816895e+02
-4.6459085083e+02
-4.6408862305e+02
-4.6234552002e+02
-4.6553265381e+02
-4.6597531128e+02
-4.6358261108e+02
-4.6618441772e+02
-4.6351840210e+02
-4.6173001099e+02
-4.6487460327e+02
-4.6531683350e+02
-4.6296447754e+02
-4.6561029053e+02
-4.6351840210e+02
-4.6173001099e+02
-4.6487460327e+02
-4.6531683350e+02
-4.6296447754e+02
-4.6561029053e+02
-4.6408862305e+02
-4.6234552002e+02
-4.6553265381e+02
-4.6597531128e+02
-4.6358261108e+02
-4.6618441772e+02
-4.6250296021e+02
-4.6076608276e+02
-4.6401730347e+02
-4.6445739746e+02
-4.6199816895e+02
-4.6459085083e+02
-4.6663928223e+02
-4.6503964233e+02
-4.6848892212e+02
-4.6893270874e+02
-4.6628723145e+02
-4.6875079346e+02
-4.5928604126e+02
-4.5735556030e+02
-4.6091812134e+02
-4.6135034180e+02
-4.5857614136e+02
-4.6135794067e+02
-4.6507855225e+02
-4.6282089233e+02
-4.6628283691e+02
-4.6671856689e+02
-4.6406021118e+02
-4.6717880249e+02
-4.6220428467e+02
-4.6399621582e+02
-4.6321502686e+02
-4.6357189941e+02
-4.6512066650e+02
-4.6406060791e+02
-4.6516375732e+02
-4.6655383301e+02
-4.6582299805e+02
-4.6618234253e+02
-4.6768930054e+02
-4.6703787231e+02
-4.6022113037e+02
-4.6145169067e+02
-4.6086679077e+02
-4.6121923828e+02
-4.6257031250e+02
-4.6206994629e+02
-4.6389300537e+02
-4.6519058228e+02
-4.6471124268e+02
-4.6506753540e+02
-4.6632308960e+02
-4.6576214600e+02
-4.6221701050e+02
-4.6347415161e+02
-4.6299200439e+02
-4.6334591675e+02
-4.6460104370e+02
-4.6407708740e+02
-4.6281359863e+02
-4.6408520508e+02
-4.6361254883e+02
-4.6396697998e+02
-4.6521450806e+02
-4.6467712402e+02
-4.6281359863e+02
-4.6408520508e+02
-4.6361254883e+02
-4.6396697998e+02
-4.6521450806e+02
-4.6467712402e+02
-4.6221701050e+02
-4.6347415161e+02
-4.6299200439e+02
-4.6334591675e+02
-4.6460104370e+02
-4.6407708740e+02
-4.6389300537e+02
-4.6519058228e+02
-4.6471124268e+02
-4.6506753540e+02
-4.6632308960e+02
-4.6576214600e+02
-4.6022113037e+02
-4.6145169067e+02
-4.6086679077e+02
-4.6121923828e+02
-4.6257031250e+02
-4.6206994629e+02
-4.6516375732e+02
-4.6655383301e+02
-4.6582299805e+02
-4.6618234253e+02
-4.6768930054e+02
-4.6703787231e+02
-4.6220428467e+02
-4.6399621582e+02
-4.6321502686e+02
-4.6357189941e+02
-4.6512066650e+02
-4.6406060791e+02
-4.6383322144e+02
-4.6378146362e+02
-4.6452420044e+02
-4.6486193848e+02
-4.6475692749e+02
-4.6547299194e+02
-4.6192376709e+02
-4.6222082520e+02
-4.6286431885e+02
-4.6320074463e+02
-4.6319128418e+02
-4.6355419922e+02
-4.6495816040e+02
-4.6527389526e+02
-4.6580261230e+02
-4.6614337158e+02
-4.6625549316e+02
-4.6660543823e+02
-4.6197747803e+02
-4.6225506592e+02
-4.6273483276e+02
-4.6307254028e+02
-4.6322616577e+02
-4.6360937500e+02
-4.6353646851e+02
-4.6384643555e+02
-4.6434210205e+02
-4.6468200684e+02
-4.6482318115e+02
-4.6517715454e+02
-4.6291687012e+02
-4.6321548462e+02
-4.6370526123e+02
-4.6404458618e+02
-4.6418997192e+02
-4.6455426025e+02
-4.6291687012e+02
-4.6321548462e+02
-4.6370526123e+02
-4.6404458618e+02
-4.6418997192e+02
-4.6455426025e+02
-4.6353646851e+02
-4.6384643555e+02
-4.6434210205e+02
-4.6468200684e+02
-4.6482318115e+02
-4.6517715454e+02
-4.6197747803e+02
-4.6225506592e+02
-4.6273483276e+02
-4.6307254028e+02
-4.6322616577e+02
-4.6360937500e+02
-4.6495816040e+02
-4.6527389526e+02
-4.6580261230e+02
-4.6614337158e+02
-4.6625549316e+02
-4.6660543823e+02
-4.6192376709e+02
-4.6222082520e+02
-4.6286431885e+02
-4.6320074463e+02
-4.6319128418e+02
-4.6355419922e+02
-4.6383322144e+02
-4.6378146362e+02
-4.6452420044e+02
-4.6486193848e+02
-4.6475692749e+02
-4.6547299194e+02
-4.6319308472e+02
-4.6348944092e+02
-4.6375155640e+02
-4.6402490234e+02
-4.6433557129e+02
-4.6459530640e+02
-4.6425338745e+02
-4.6427914429e+02
-4.6463510132e+02
-4.6490954590e+02
-4.6512820435e+02
-4.6566149902e+02
-4.6223330688e+02
-4.6231286621e+02
-4.6273611450e+02
-4.6300811768e+02
-4.6315521240e+02
-4.6363092041e+02
-4.6434503174e+02
-4.6443603516e+02
-4.6487411499e+02
-4.6514843750e+02
-4.6528619385e+02
-4.6575402832e+02
-4.6293133545e+02
-4.6300335693e+02
-4.6342684937e+02
-4.6369940186e+02
-4.6384866333e+02
-4.6433285522e+02
-4.6349356079e+02
-4.6357476807e+02
-4.6400424194e+02
-4.6427740479e+02
-4.6442224121e+02
-4.6489825439e+02
-4.6349356079e+02
-4.6357476807e+02
-4.6400424194e+02
-4.6427740479e+02
-4.6442224121e+02
-4.6489825439e+02
-4.6293133545e+02
-4.6300335693e+02
-4.6342684937e+02
-4.6369940186e+02
-4.6384866333e+02
-4.6433285522e+02
-4.6434503174e+02
-4.6443603516e+02
-4.6487411499e+02
-4.6514843750e+02
-4.6528619385e+02
-4.6575402832e+02
-4.6223330688e+02
-4.6231286621e+02
-4.6273611450e+02
-4.6300811768e+02
-4.6315521240e+02
-4.6363092041e+02
-4.6425338745e+02
-4.6427914429e+02
-4.6463510132e+02
-4.6490954590e+02
-4.6512820435e+02
-4.6566149902e+02
-4.6319308472e+02
-4.6348944092e+02
-4.6375155640e+02
-4.6402490234e+02
-4.6433557129e+02
-4.6459530640e+02
-4.6349948120e+02
-4.6382806396e+02
-4.6394375610e+02
-4.6418267822e+02
-4.6452789307e+02
-4.6467187500e+02
-4.6289059448e+02
-4.6341500854e+02
-4.6345312500e+02
-4.6369131470e+02
-4.6411361694e+02
-4.6405981445e+02
-4.6416043091e+02
-4.6461123657e+02
-4.6461837769e+02
-4.6485800171e+02
-4.6531405640e+02
-4.6533642578e+02
-4.6264669800e+02
-4.6311074829e+02
-4.6312014771e+02
-4.6335815430e+02
-4.6380819702e+02
-4.6381475830e+02
-4.6376058960e+02
-4.6423468018e+02
-4.6425421143e+02
-4.6449362183e+02
-4.6493603516e+02
-4.6493463135e+02
-4.6324163818e+02
-4.6371109009e+02
-4.6372570801e+02
-4.6396456909e+02
-4.6441058350e+02
-4.6441287231e+02
-4.6324163818e+02
-4.6371109009e+02
-4.6372570801e+02
-4.6396456909e+02
-4.6441058350e+02
-4.6441287231e+02
-4.6376058960e+02
-4.6423468018e+02
-4.6425421143e+02
-4.6449362183e+02
-4.6493603516e+02
-4.6493463135e+02
-4.6264669800e+02
-4.6311074829e+02
-4.6312014771e+02
-4.6335815430e+02
-4.6380819702e+02
-4.6381475830e+02
-4.6416043091e+02
-4.6461123657e+02
-4.6461837769e+02
-4.6485800171e+02
-4.6531405640e+02
-4.6533642578e+02
-4.6289059448e+02
-4.6341500854e+02
-4.6345312500e+02
-4.6369131470e+02
-4.6411361694e+02
-4.6405981445e+02
-4.6349948120e+02
-4.6382806396e+02
-4.6394375610e+02
-4.6418267822e+02
-4.6452789307e+02
-4.6467187500e+02
-4.6356213379e+02
-4.6362402344e+02
-4.6394839478e+02
-4.6413278198e+02
-4.6418795776e+02
-4.6449813843e+02
-4.6391043091e+02
-4.6383761597e+02
-4.6421939087e+02
-4.6440435791e+02
-4.6440206909e+02
-4.6484820557e+02
-4.6311676025e+02
-4.6311849976e+02
-4.6350994873e+02
-4.6369406128e+02
-4.6368038940e+02
-4.6405032349e+02
-4.6415747070e+02
-4.6413552856e+02
-4.6452056885e+02
-4.6470581055e+02
-4.6470108032e+02
-4.6509646606e+02
-4.6330892944e+02
-4.6328741455e+02
-4.6366793823e+02
-4.6385214233e+02
-4.6384997559e+02
-4.6424343872e+02
-4.6374200439e+02
-4.6372250366e+02
-4.6410690308e+02
-4.6429156494e+02
-4.6428659058e+02
-4.6467880249e+02
-4.6374200439e+02
-4.6372250366e+02
-4.6410690308e+02
-4.6429156494e+02
-4.6428659058e+02
-4.6467880249e+02
-4.6330892944e+02
-4.6328741455e+02
-4.6366793823e+02
-4.6385214233e+02
-4.6384997559e+02
-4.6424343872e+02
-4.6415747070e+02
-4.6413552856e+02
-4.6452056885e+02
-4.6470581055e+02
-4.6470108032e+02
-4.6509646606e+02
-4.6311676025e+02
-4.6311849976e+02
-4.6350994873e+02
-4.6369406128e+02
-4.6368038940e+02
-4.6405032349e+02
-4.6391043091e+02
-4.6383761597e+02
-4.6421939087e+02
-4.6440435791e+02
-4.6440206909e+02
-4.6484820557e+02
-4.6356213379e+02
-4.6362402344e+02
-4.6394839478e+02
-4.6413278198e+02
-4.6418795776e+02
-4.6449813843e+02
-4.6365014648e+02
-4.6390539551e+02
-4.6392535400e+02
-4.6406796265e+02
-4.6432641602e+02
-4.6435369873e+02
-4.6346249390e+02
-4.6380844116e+02
-4.6378921509e+02
-4.6393136597e+02
-4.6422918701e+02
-4.6416485596e+02
-4.6395358276e+02
-4.6423480225e+02
-4.6421688843e+02
-4.6435946655e+02
-4.6465698242e+02
-4.6465838623e+02
-4.6325735474e+02
-4.6356607056e+02
-4.6355419922e+02
-4.6369601440e+02
-4.6398577881e+02
-4.6395846558e+02
-4.6387741089e+02
-4.6417926025e+02
-4.6416845703e+02
-4.6431103516e+02
-4.6460110474e+02
-4.6458178711e+02
-4.6353771973e+02
-4.6384020996e+02
-4.6382705688e+02
-4.6396923828e+02
-4.6426083374e+02
-4.6424029541e+02
-4.6353771973e+02
-4.6384020996e+02
-4.6382705688e+02
-4.6396923828e+02
-4.6426083374e+02
-4.6424029541e+02
-4.6387741089e+02
-4.6417926025e+02
-4.6416845703e+02
-4.6431103516e+02
-4.6460110474e+02
-4.6458178711e+02
-4.6325735474e+02
-4.6356607056e+02
-4.6355419922e+02
-4.6369601440e+02
-4.6398577881e+02
-4.6395846558e+02
-4.6395358276e+02
-4.6423480225e+02
-4.6421688843e+02
-4.6435946655e+02
-4.6465698242e+02
-4.6465838623e+02
-4.6346249390e+02
-4.6380844116e+02
-4.6378921509e+02
-4.6393136597e+02
-4.6422918701e+02
-4.6416485596e+02
-4.6365014648e+02
-4.6390539551e+02
-4.6392535400e+02
-4.6406796265e+02
-4.6432641602e+02
-4.6435369873e+02
-4.6382772827e+02
-4.6382766724e+02
-4.6401809692e+02
-4.6411154175e+02
-4.6411175537e+02
-4.6429882812e+02
-4.6392483521e+02
-4.6386434937e+02
-4.6407992554e+02
-4.6417358398e+02
-4.6414816284e+02
-4.6439611816e+02
-4.6363085938e+02
-4.6362234497e+02
-4.6383227539e+02
-4.6392565918e+02
-4.6390518188e+02
-4.6410046387e+02
-4.6408752441e+02
-4.6405212402e+02
-4.6425793457e+02
-4.6435174561e+02
-4.6433642578e+02
-4.6455944824e+02
-4.6365243530e+02
-4.6362725830e+02
-4.6383367920e+02
-4.6392697144e+02
-4.6391000366e+02
-4.6412203979e+02
-4.6390603638e+02
-4.6387820435e+02
-4.6408563232e+02
-4.6417919922e+02
-4.6416183472e+02
-4.6437695312e+02
-4.6390603638e+02
-4.6387820435e+02
-4.6408563232e+02
-4.6417919922e+02
-4.6416183472e+02
-4.6437695312e+02
-4.6365243530e+02
-4.6362725830e+02
-4.6383367920e+02
-4.6392697144e+02
-4.6391000366e+02
-4.6412203979e+02
-4.6408752441e+02
-4.6405212402e+02
-4.6425793457e+02
-4.6435174561e+02
-4.6433642578e+02
-4.6455944824e+02
-4.6363085938e+02
-4.6362234497e+02
-4.6383227539e+02
-4.6392565918e+02
-4.6390518188e+02
-4.6410046387e+02
-4.6392483521e+02
-4.6386434937e+02
-4.6407992554e+02
-4.6417358398e+02
-4.6414816284e+02
-4.6439611816e+02
-4.6382772827e+02
-4.6382766724e+02
-4.6401809692e+02
-4.6411154175e+02
-4.6411175537e+02
-4.6429882812e+02
-4.6387664795e+02
-4.6399880981e+02
-4.6397406006e+02
-4.6402359009e+02
-4.6414477539e+02
-4.6411950684e+02
-4.6383309937e+02
-4.6399511719e+02
-4.6395477295e+02
-4.6400399780e+02
-4.6414086914e+02
-4.6407531738e+02
-4.6400344849e+02
-4.6412539673e+02
-4.6409133911e+02
-4.6414062500e+02
-4.6427142334e+02
-4.6424627686e+02
-4.6371298218e+02
-4.6385885620e+02
-4.6382684326e+02
-4.6387579346e+02
-4.6400381470e+02
-4.6395419312e+02
-4.6400845337e+02
-4.6414300537e+02
-4.6410983276e+02
-4.6415908813e+02
-4.6428890991e+02
-4.6425119019e+02
-4.6382827759e+02
-4.6396664429e+02
-4.6393328857e+02
-4.6398233032e+02
-4.6411190796e+02
-4.6407003784e+02
-4.6382827759e+02
-4.6396664429e+02
-4.6393328857e+02
-4.6398233032e+02
-4.6411190796e+02
-4.6407003784e+02
-4.6400845337e+02
-4.6414300537e+02
-4.6410983276e+02
-4.6415908813e+02
-4.6428890991e+02
-4.6425119019e+02
-4.6371298218e+02
-4.6385885620e+02
-4.6382684326e+02
-4.6387579346e+02
-4.6400381470e+02
-4.6395419312e+02
-4.6400344849e+02
-4.6412539673e+02
-4.6409133911e+02
-4.6414062500e+02
-4.6427142334e+02
-4.6424627686e+02
-4.6383309937e+02
-4.6399511719e+02
-4.6395477295e+02
-4.6400399780e+02
-4.6414086914e+02
-4.6407531738e+02
-4.6387664795e+02
-4.6399880981e+02
-4.6397406006e+02
-4.6402359009e+02
-4.6414477539e+02
-4.6411950684e+02
-4.6405108643e+02
-4.6399703979e+02
-4.6405676270e+02
-4.6406066895e+02
-4.6400949097e+02
-4.6406967163e+02
-4.6406472778e+02
-4.6398425293e+02
-4.6405300903e+02
-4.6405688477e+02
-4.6399612427e+02
-4.6408282471e+02
-4.6397235107e+02
-4.6392172241e+02
-4.6398477173e+02
-4.6398849487e+02
-4.6393313599e+02
-4.6398971558e+02
-4.6415100098e+02
-4.6408029175e+02
-4.6414273071e+02
-4.6414657593e+02
-4.6409213257e+02
-4.6416912842e+02
-4.6395776367e+02
-4.6389804077e+02
-4.6396142578e+02
-4.6396502686e+02
-4.6390917969e+02
-4.6397485352e+02
-4.6408038330e+02
-4.6401632690e+02
-4.6407949829e+02
-4.6408322144e+02
-4.6402786255e+02
-4.6409808350e+02
-4.6408038330e+02
-4.6401632690e+02
-4.6407949829e+02
-4.6408322144e+02
-4.6402786255e+02
-4.6409808350e+02
-4.6395776367e+02
-4.6389804077e+02
-4.6396142578e+02
-4.6396502686e+02
-4.6390917969e+02
-4.6397485352e+02
-4.6415100098e+02
-4.6408029175e+02
-4.6414273071e+02
-4.6414657593e+02
-4.6409213257e+02
-4.6416912842e+02
-4.6397235107e+02
-4.6392172241e+02
-4.6398477173e+02
-4.6398849487e+02
-4.6393313599e+02
-4.6398971558e+02
-4.6406472778e+02
-4.6398425293e+02
-4.6405300903e+02
-4.6405688477e+02
-4.6399612427e+02
-4.6408282471e+02
-4.6405108643e+02
-4.6399703979e+02
-4.6405676270e+02
-4.6406066895e+02
-4.6400949097e+02
-4.6406967163e+02
-4.6410470581e+02
-4.6410861206e+02
-4.6402651978e+02
-4.6398730469e+02
-4.6398974609e+02
-4.6390487671e+02
-4.6410833740e+02
-4.6412963867e+02
-4.6404199219e+02
-4.6400253296e+02
-4.6401037598e+02
-4.6390786743e+02
-4.6415307617e+02
-4.6415249634e+02
-4.6406933594e+02
-4.6402975464e+02
-4.6403302002e+02
-4.6395245361e+02
-4.6404861450e+02
-4.6406417847e+02
-4.6398056030e+02
-4.6394082642e+02
-4.6394421387e+02
-4.6384729004e+02
-4.6416976929e+02
-4.6417559814e+02
-4.6409140015e+02
-4.6405175781e+02
-4.6405596924e+02
-4.6396902466e+02
-4.6409005737e+02
-4.6410012817e+02
-4.6401620483e+02
-4.6397647095e+02
-4.6398019409e+02
-4.6388885498e+02
-4.6409005737e+02
-4.6410012817e+02
-4.6401620483e+02
-4.6397647095e+02
-4.6398019409e+02
-4.6388885498e+02
-4.6416976929e+02
-4.6417559814e+02
-4.6409140015e+02
-4.6405175781e+02
-4.6405596924e+02
-4.6396902466e+02
-4.6404861450e+02
-4.6406417847e+02
-4.6398056030e+02
-4.6394082642e+02
-4.6394421387e+02
-4.6384729004e+02
-4.6415307617e+02
-4.6415249634e+02
-4.6406933594e+02
-4.6402975464e+02
-4.6403302002e+02
-4.6395245361e+02
-4.6410833740e+02
-4.6412963867e+02
-4.6404199219e+02
-4.6400253296e+02
-4.6401037598e+02
-4.6390786743e+02
-4.6410470581e+02
-4.6410861206e+02
-4.6402651978e+02
-4.6398730469e+02
-4.6398974609e+02
-4.6390487671e+02
-4.6425872803e+02
-4.6414086914e+02
-4.6409164429e+02
-4.6400994873e+02
-4.6389550781e+02
-4.6384729004e+02
-4.6424713135e+02
-4.6411764526e+02
-4.6407144165e+02
-4.6398959351e+02
-4.6387152100e+02
-4.6383480835e+02
-4.6423156738e+02
-4.6411776733e+02
-4.6406784058e+02
-4.6398587036e+02
-4.6387130737e+02
-4.6381881714e+02
-4.6428829956e+02
-4.6416192627e+02
-4.6411291504e+02
-4.6403094482e+02
-4.6391543579e+02
-4.6387564087e+02
-4.6421643066e+02
-4.6409826660e+02
-4.6404931641e+02
-4.6396722412e+02
-4.6385147095e+02
-4.6380334473e+02
-4.6426568604e+02
-4.6414364624e+02
-4.6409454346e+02
-4.6401248169e+02
-4.6389697266e+02
-4.6385278320e+02
-4.6426568604e+02
-4.6414364624e+02
-4.6409454346e+02
-4.6401248169e+02
-4.6389697266e+02
-4.6385278320e+02
-4.6421643066e+02
-4.6409826660e+02
-4.6404931641e+02
-4.6396722412e+02
-4.6385147095e+02
-4.6380334473e+02
-4.6428829956e+02
-4.6416192627e+02
-4.6411291504e+02
-4.6403094482e+02
-4.6391543579e+02
-4.6387564087e+02
-4.6423156738e+02
-4.6411776733e+02
-4.6406784058e+02
-4.6398587036e+02
-4.6387130737e+02
-4.6381881714e+02
-4.6424713135e+02
-4.6411764526e+02
-4.6407144165e+02
-4.6398959351e+02
-4.6387152100e+02
-4.6383480835e+02
-4.6425872803e+02
-4.6414086914e+02
-4.6409164429e+02
-4.6400994873e+02
-4.6389550781e+02
-4.6384729004e+02
-4.6431921387e+02
-4.6422323608e+02
-4.6407498169e+02
-4.6395275879e+02
-4.6385565186e+02
-4.6370404053e+02
-4.6433557129e+02
-4.6424713135e+02
-4.6409643555e+02
-4.6397393799e+02
-4.6387899780e+02
-4.6371960449e+02
-4.6433483887e+02
-4.6423526001e+02
-4.6408746338e+02
-4.6396481323e+02
-4.6386666870e+02
-4.6371841431e+02
-4.6430841064e+02
-4.6421841431e+02
-4.6406912231e+02
-4.6394638062e+02
-4.6384954834e+02
-4.6369165039e+02
-4.6434786987e+02
-4.6425122070e+02
-4.6410229492e+02
-4.6397955322e+02
-4.6388235474e+02
-4.6373120117e+02
-4.6431945801e+02
-4.6422610474e+02
-4.6407711792e+02
-4.6395431519e+02
-4.6385714722e+02
-4.6370263672e+02
-4.6431945801e+02
-4.6422610474e+02
-4.6407711792e+02
-4.6395431519e+02
-4.6385714722e+02
-4.6370263672e+02
-4.6434786987e+02
-4.6425122070e+02
-4.6410229492e+02
-4.6397955322e+02
-4.6388235474e+02
-4.6373120117e+02
-4.6430841064e+02
-4.6421841431e+02
-4.6406912231e+02
-4.6394638062e+02
-4.6384954834e+02
-4.6369165039e+02
-4.6433483887e+02
-4.6423526001e+02
-4.6408746338e+02
-4.6396481323e+02
-4.6386666870e+02
-4.6371841431e+02
-4.6433557129e+02
-4.6424713135e+02
-4.6409643555e+02
-4.6397393799e+02
-4.6387899780e+02
-4.6371960449e+02
-4.6431921387e+02
-4.6422323608e+02
-4.6407498169e+02
-4.6395275879e+02
-4.6385565186e+02
-4.6370404053e+02
-4.6445196533e+02
-4.6426623535e+02
-4.6412536621e+02
-4.6396426392e+02
-4.6378216553e+02
-4.6364218140e+02
-4.6443536377e+02
-4.6424450684e+02
-4.6410525513e+02
-4.6394390869e+02
-4.6375955200e+02
-4.6362448120e+02
-4.6444561768e+02
-4.6426245117e+02
-4.6412033081e+02
-4.6395883179e+02
-4.6377713013e+02
-4.6363430786e+02
-4.6445404053e+02
-4.6426376343e+02
-4.6412332153e+02
-4.6396173096e+02
-4.6377819824e+02
-4.6364254761e+02
-4.6443533325e+02
-4.6425030518e+02
-4.6410897827e+02
-4.6394732666e+02
-4.6376458740e+02
-4.6362362671e+02
-4.6445019531e+02
-4.6426245117e+02
-4.6412142944e+02
-4.6395974731e+02
-4.6377673340e+02
-4.6363851929e+02
-4.6445019531e+02
-4.6426245117e+02
-4.6412142944e+02
-4.6395974731e+02
-4.6377673340e+02
-4.6363851929e+02
-4.6443533325e+02
-4.6425030518e+02
-4.6410897827e+02
-4.6394732666e+02
-4.6376458740e+02
-4.6362362671e+02
-4.6445404053e+02
-4.6426376343e+02
-4.6412332153e+02
-4.6396173096e+02
-4.6377819824e+02
-4.6364254761e+02
-4.6444561768e+02
-4.6426245117e+02
-4.6412033081e+02
-4.6395883179e+02
-4.6377713013e+02
-4.6363430786e+02
-4.6443536377e+02
-4.6424450684e+02
-4.6410525513e+02
-4.6394390869e+02
-4.6375955200e+02
-4.6362448120e+02
-4.6445196533e+02
-4.6426623535e+02
-4.6412536621e+02
-4.6396426392e+02
-4.6378216553e+02
-4.6364218140e+02
-4.6451367188e+02
-4.6433358765e+02
-4.6411779785e+02
-4.6391983032e+02
-4.6373873901e+02
-4.6351913452e+02
-4.6453094482e+02
-4.6435397339e+02
-4.6413595581e+02
-4.6393771362e+02
-4.6375839233e+02
-4.6353540039e+02
-4.6451696777e+02
-4.6433462524e+02
-4.6411926270e+02
-4.6392080688e+02
-4.6373849487e+02
-4.6352081299e+02
-4.6451913452e+02
-4.6434210205e+02
-4.6412454224e+02
-4.6392596436e+02
-4.6374572754e+02
-4.6352273560e+02
-4.6452551270e+02
-4.6434436035e+02
-4.6412802124e+02
-4.6392941284e+02
-4.6374789429e+02
-4.6352902222e+02
-4.6451913452e+02
-4.6434017944e+02
-4.6412326050e+02
-4.6392465210e+02
-4.6374365234e+02
-4.6352258301e+02
-4.6451913452e+02
-4.6434017944e+02
-4.6412326050e+02
-4.6392465210e+02
-4.6374365234e+02
-4.6352258301e+02
-4.6452551270e+02
-4.6434436035e+02
-4.6412802124e+02
-4.6392941284e+02
-4.6374789429e+02
-4.6352902222e+02
-4.6451913452e+02
-4.6434210205e+02
-4.6412454224e+02
-4.6392596436e+02
-4.6374572754e+02
-4.6352273560e+02
-4.6451696777e+02
-4.6433462524e+02
-4.6411926270e+02
-4.6392080688e+02
-4.6373849487e+02
-4.6352081299e+02
-4.6453094482e+02
-4.6435397339e+02
-4.6413595581e+02
-4.6393771362e+02
-4.6375839233e+02
-4.6353540039e+02
-4.6451367188e+02
-4.6433358765e+02
-4.6411779785e+02
-4.6391983032e+02
-4.6373873901e+02
-4.6351913452e+02
-4.6462765503e+02
-4.6437475586e+02
-4.6415719604e+02
-4.6392459106e+02
-4.6367587280e+02
-4.6345938110e+02
-4.6461276245e+02
-4.6435760498e+02
-4.6414208984e+02
-4.6390914917e+02
-4.6365777588e+02
-4.6344323730e+02
-4.6462857056e+02
-4.6437707520e+02
-4.6415835571e+02
-4.6392523193e+02
-4.6367678833e+02
-4.6345855713e+02
-4.6462145996e+02
-4.6436593628e+02
-4.6414962769e+02
-4.6391638184e+02
-4.6366531372e+02
-4.6345111084e+02
-4.6462216187e+02
-4.6436990356e+02
-4.6415194702e+02
-4.6391864014e+02
-4.6366918945e+02
-4.6345172119e+02
-4.6462368774e+02
-4.6436965942e+02
-4.6415243530e+02
-4.6391909790e+02
-4.6366885376e+02
-4.6345321655e+02
-4.6462368774e+02
-4.6436965942e+02
-4.6415243530e+02
-4.6391909790e+02
-4.6366885376e+02
-4.6345321655e+02
-4.6462216187e+02
-4.6436990356e+02
-4.6415194702e+02
-4.6391864014e+02
-4.6366918945e+02
-4.6345172119e+02
-4.6462145996e+02
-4.6436593628e+02
-4.6414962769e+02
-4.6391638184e+02
-4.6366531372e+02
-4.6345111084e+02
-4.6462857056e+02
-4.6437707520e+02
-4.6415835571e+02
-4.6392523193e+02
-4.6367678833e+02
-4.6345855713e+02
-4.6461276245e+02
-4.6435760498e+02
-4.6414208984e+02
-4.6390914917e+02
-4.6365777588e+02
-4.6344323730e+02
-4.6462765503e+02
-4.6437475586e+02
-4.6415719604e+02
-4.6392459106e+02
-4.6367587280e+02
-4.6345938110e+02
-4.6468389893e+02
-4.6443502808e+02
-4.6415420532e+02
-4.6388922119e+02
-4.6363900757e+02
-4.6335354614e+02
-4.6469824219e+02
-4.6445068359e+02
-4.6416671753e+02
-4.6390139771e+02
-4.6365377808e+02
-4.6336672974e+02
-4.6468362427e+02
-4.6443331909e+02
-4.6415267944e+02
-4.6388711548e+02
-4.6363580322e+02
-4.6335137939e+02
-4.6469293213e+02
-4.6444592285e+02
-4.6416226196e+02
-4.6389660645e+02
-4.6364813232e+02
-4.6336047363e+02
-4.6468905640e+02
-4.6443927002e+02
-4.6415753174e+02
-4.6389178467e+02
-4.6364132690e+02
-4.6335644531e+02
-4.6469006348e+02
-4.6444186401e+02
-4.6415914917e+02
-4.6389340210e+02
-4.6364385986e+02
-4.6335742188e+02
-4.6469006348e+02
-4.6444186401e+02
-4.6415914917e+02
-4.6389340210e+02
-4.6364385986e+02
-4.6335742188e+02
-4.6468905640e+02
-4.6443927002e+02
-4.6415753174e+02
-4.6389178467e+02
-4.6364132690e+02
-4.6335644531e+02
-4.6469293213e+02
-4.6444592285e+02
-4.6416226196e+02
-4.6389660645e+02
-4.6364813232e+02
-4.6336047363e+02
-4.6468362427e+02
-4.6443331909e+02
-4.6415267944e+02
-4.6388711548e+02
-4.6363580322e+02
-4.6335137939e+02
-4.6469824219e+02
-4.6445068359e+02
-4.6416671753e+02
-4.6390139771e+02
-4.6365377808e+02
-4.6336672974e+02
-4.6468389893e+02
-4.6443502808e+02
-4.6415420532e+02
-4.6388922119e+02
-4.6363900757e+02
-4.6335354614e+02
-4.6478247070e+02
-4.6446524048e+02
-4.6418646240e+02
-4.6389166260e+02
-4.6357971191e+02
-4.6330270386e+02
-4.6477142334e+02
-4.6445285034e+02
-4.6417724609e+02
-4.6388208008e+02
-4.6356625366e+02
-4.6329025269e+02
-4.6478494263e+02
-4.6446862793e+02
-4.6418878174e+02
-4.6389340210e+02
-4.6358148193e+02
-4.6330319214e+02
-4.6477618408e+02
-4.6445678711e+02
-4.6418017578e+02
-4.6388467407e+02
-4.6356930542e+02
-4.6329406738e+02
-4.6478106689e+02
-4.6446432495e+02
-4.6418551636e+02
-4.6388995361e+02
-4.6357672119e+02
-4.6329885864e+02
-4.6477920532e+02
-4.6446096802e+02
-4.6418316650e+02
-4.6388757324e+02
-4.6357327271e+02
-4.6329693604e+02
-4.6477920532e+02
-4.6446096802e+02
-4.6418316650e+02
-4.6388757324e+02
-4.6357327271e+02
-4.6329693604e+02
-4.6478106689e+02
-4.6446432495e+02
-4.6418551636e+02
-4.6388995361e+02
-4.6357672119e+02
-4.6329885864e+02
-4.6477618408e+02
-4.6445678711e+02
-4.6418017578e+02
-4.6388467407e+02
-4.6356930542e+02
-4.6329406738e+02
-4.6478494263e+02
-4.6446862793e+02
-4.6418878174e+02
-4.6389340210e+02
-4.6358148193e+02
-4.6330319214e+02
-4.6477142334e+02
-4.6445285034e+02
-4.6417724609e+02
-4.6388208008e+02
-4.6356625366e+02
-4.6329025269e+02
-4.6478247070e+02
-4.6446524048e+02
-4.6418646240e+02
-4.6389166260e+02
-4.6357971191e+02
-4.6330270386e+02
-4.6482620239e+02
-4.6452569580e+02
-4.6418341064e+02
-4.6386138916e+02
-4.6355850220e+02
-4.6321011353e+02
-4.6483633423e+02
-4.6453701782e+02
-4.6419015503e+02
-4.6386776733e+02
-4.6356881714e+02
-4.6321893311e+02
-4.6482611084e+02
-4.6452426147e+02
-4.6418185425e+02
-4.6385922241e+02
-4.6355538940e+02
-4.6320797729e+02
-4.6483334351e+02
-4.6453503418e+02
-4.6418884277e+02
-4.6386608887e+02
-4.6356585693e+02
-4.6321493530e+02
-4.6482946777e+02
-4.6452810669e+02
-4.6418411255e+02
-4.6386129761e+02
-4.6355877686e+02
-4.6321087646e+02
-4.6483114624e+02
-4.6453152466e+02
-4.6418649292e+02
-4.6386364746e+02
-4.6356213379e+02
-4.6321252441e+02
-4.6483114624e+02
-4.6453152466e+02
-4.6418649292e+02
-4.6386364746e+02
-4.6356213379e+02
-4.6321252441e+02
-4.6482946777e+02
-4.6452810669e+02
-4.6418411255e+02
-4.6386129761e+02
-4.6355877686e+02
-4.6321087646e+02
-4.6483334351e+02
-4.6453503418e+02
-4.6418884277e+02
-4.6386608887e+02
-4.6356585693e+02
-4.6321493530e+02
-4.6482611084e+02
-4.6452426147e+02
-4.6418185425e+02
-4.6385922241e+02
-4.6355538940e+02
-4.6320797729e+02
-4.6483633423e+02
-4.6453701782e+02
-4.6419015503e+02
-4.6386776733e+02
-4.6356881714e+02
-4.6321893311e+02
-4.6482620239e+02
-4.6452569580e+02
-4.6418341064e+02
-4.6386138916e+02
-4.6355850220e+02
-4.6321011353e+02
-4.6491412354e+02
-4.6453491211e+02
-4.6421295166e+02
-4.6386651611e+02
-4.6349435425e+02
-4.6317568970e+02
-4.6490795898e+02
-4.6452655029e+02
-4.6420932007e+02
-4.6386248779e+02
-4.6348489380e+02
-4.6316802979e+02
-4.6491543579e+02
-4.6453747559e+02
-4.6421478271e+02
-4.6386773682e+02
-4.6349520874e+02
-4.6317486572e+02
-4.6491162109e+02
-4.6452896118e+02
-4.6420999146e+02
-4.6386279297e+02
-4.6348632812e+02
-4.6317068481e+02
-4.6491345215e+02
-4.6453479004e+02
-4.6421377563e+02
-4.6386651611e+02
-4.6349203491e+02
-4.6317239380e+02
-4.6491296387e+02
-4.6453201294e+02
-4.6421176147e+02
-4.6386447144e+02
-4.6348916626e+02
-4.6317181396e+02
-4.6491296387e+02
-4.6453201294e+02
-4.6421176147e+02
-4.6386447144e+02
-4.6348916626e+02
-4.6317181396e+02
-4.6491345215e+02
-4.6453479004e+02
-4.6421377563e+02
-4.6386651611e+02
-4.6349203491e+02
-4.6317239380e+02
-4.6491162109e+02
-4.6452896118e+02
-4.6420999146e+02
-4.6386279297e+02
-4.6348632812e+02
-4.6317068481e+02
-4.6491543579e+02
-4.6453747559e+02
-4.6421478271e+02
-4.6386773682e+02
-4.6349520874e+02
-4.6317486572e+02
-4.6490795898e+02
-4.6452655029e+02
-4.6420932007e+02
-4.6386248779e+02
-4.6348489380e+02
-4.6316802979e+02
-4.6491412354e+02
-4.6453491211e+02
-4.6421295166e+02
-4.6386651611e+02
-4.6349435425e+02
-4.6317568970e+02
-4.6493695068e+02
-4.6460617065e+02
-4.6420413208e+02
-4.6383609009e+02
-4.6350088501e+02
-4.6309048462e+02
-4.6494158936e+02
-4.6461389160e+02
-4.6420556641e+02
-4.6383712769e+02
-4.6350750732e+02
-4.6309365845e+02
-4.6493920898e+02
-4.6460610962e+02
-4.6420321655e+02
-4.6383453369e+02
-4.6349902344e+02
-4.6309051514e+02
-4.6493896484e+02
-4.6461267090e+02
-4.6420620728e+02
-4.6383740234e+02
-4.6350527954e+02
-4.6308993530e+02
-4.6494070435e+02
-4.6460879517e+02
-4.6420346069e+02
-4.6383456421e+02
-4.6350119019e+02
-4.6309152222e+02
-4.6493939209e+02
-4.6461068726e+02
-4.6420516968e+02
-4.6383627319e+02
-4.6350305176e+02
-4.6309017944e+02
-4.6493939209e+02
-4.6461068726e+02
-4.6420516968e+02
-4.6383627319e+02
-4.6350305176e+02
-4.6309017944e+02
-4.6494070435e+02
-4.6460879517e+02
-4.6420346069e+02
-4.6383456421e+02
-4.6350119019e+02
-4.6309152222e+02
-4.6493896484e+02
-4.6461267090e+02
-4.6420620728e+02
-4.6383740234e+02
-4.6350527954e+02
-4.6308993530e+02
-4.6493920898e+02
-4.6460610962e+02
-4.6420321655e+02
-4.6383453369e+02
-4.6349902344e+02
-4.6309051514e+02
-4.6494158936e+02
-4.6461389160e+02
-4.6420556641e+02
-4.6383712769e+02
-4.6350750732e+02
-4.6309365845e+02
-4.6493695068e+02
-4.6460617065e+02
-4.6420413208e+02
-4.6383609009e+02
-4.6350088501e+02
-4.6309048462e+02
-4.6502188110e+02
-4.6457901001e+02
-4.6423739624e+02
-4.6385076904e+02
-4.6341787720e+02
-4.6308221436e+02
-4.6502249146e+02
-4.6457406616e+02
-4.6423880005e+02
-4.6385177612e+02
-4.6341174316e+02
-4.6308129883e+02
-4.6501992798e+02
-4.6457995605e+02
-4.6423880005e+02
-4.6385156250e+02
-4.6341699219e+02
-4.6307800293e+02
-4.6502645874e+02
-4.6457632446e+02
-4.6423751831e+02
-4.6385009766e+02
-4.6341299438e+02
-4.6308416748e+02
-4.6502008057e+02
-4.6457821655e+02
-4.6423977661e+02
-4.6385229492e+02
-4.6341470337e+02
-4.6307763672e+02
-4.6502410889e+02
-4.6457763672e+02
-4.6423815918e+02
-4.6385064697e+02
-4.6341406250e+02
-4.6308163452e+02
-4.6502410889e+02
-4.6457763672e+02
-4.6423815918e+02
-4.6385064697e+02
-4.6341406250e+02
-4.6308163452e+02
-4.6502008057e+02
-4.6457821655e+02
-4.6423977661e+02
-4.6385229492e+02
-4.6341470337e+02
-4.6307763672e+02
-4.6502645874e+02
-4.6457632446e+02
-4.6423751831e+02
-4.6385009766e+02
-4.6341299438e+02
-4.6308416748e+02
-4.6501992798e+02
-4.6457995605e+02
-4.6423880005e+02
-4.6385156250e+02
-4.6341699219e+02
-4.6307800293e+02
-4.6502249146e+02
-4.6457406616e+02
-4.6423880005e+02
-4.6385177612e+02
-4.6341174316e+02
-4.6308129883e+02
-4.6502188110e+02
-4.6457901001e+02
-4.6423739624e+02
-4.6385076904e+02
-4.6341787720e+02
-4.6308221436e+02
-4.6501196289e+02
-4.6468011475e+02
-4.6421414185e+02
-4.6381192017e+02
-4.6347222900e+02
-4.6299426270e+02
-4.6500799561e+02
-4.6468466187e+02
-4.6421087646e+02
-4.6380825806e+02
-4.6347561646e+02
-4.6298880005e+02
-4.6501885986e+02
-4.6468215942e+02
-4.6421316528e+02
-4.6381027222e+02
-4.6347241211e+02
-4.6299884033e+02
-4.6500469971e+02
-4.6468313599e+02
-4.6421398926e+02
-4.6381094360e+02
-4.6347305298e+02
-4.6298434448e+02
-4.6501776123e+02
-4.6468414307e+02
-4.6421139526e+02
-4.6380828857e+02
-4.6347384644e+02
-4.6299725342e+02
-4.6501010132e+02
-4.6468322754e+02
-4.6421356201e+02
-4.6381042480e+02
-4.6347286987e+02
-4.6298956299e+02
-4.6501010132e+02
-4.6468322754e+02
-4.6421356201e+02
-4.6381042480e+02
-4.6347286987e+02
-4.6298956299e+02
-4.6501776123e+02
-4.6468414307e+02
-4.6421139526e+02
-4.6380828857e+02
-4.6347384644e+02
-4.6299725342e+02
-4.6500469971e+02
-4.6468313599e+02
-4.6421398926e+02
-4.6381094360e+02
-4.6347305298e+02
-4.6298434448e+02
-4.6501885986e+02
-4.6468215942e+02
-4.6421316528e+02
-4.6381027222e+02
-4.6347241211e+02
-4.6299884033e+02
-4.6500799561e+02
-4.6468466187e+02
-4.6421087646e+02
-4.6380825806e+02
-4.6347561646e+02
-4.6298880005e+02
-4.6501196289e+02
-4.6468011475e+02
-4.6421414185e+02
-4.6381192017e+02
-4.6347222900e+02
-4.6299426270e+02
-4.6510736084e+02
-4.6458966064e+02
-4.6426217651e+02
-4.6384747314e+02
-4.6334420776e+02
-4.6302713013e+02
-4.6511941528e+02
-4.6458795166e+02
-4.6426782227e+02
-4.6385272217e+02
-4.6334130859e+02
-4.6303759766e+02
-4.6509921265e+02
-4.6458807373e+02
-4.6426464844e+02
-4.6384930420e+02
-4.6334075928e+02
-4.6301663208e+02
-4.6512448120e+02
-4.6459109497e+02
-4.6426315308e+02
-4.6384765625e+02
-4.6334341431e+02
-4.6304150391e+02
-4.6510278320e+02
-4.6458691406e+02
-4.6426776123e+02
-4.6385217285e+02
-4.6333908081e+02
-4.6301968384e+02
-4.6511541748e+02
-4.6458987427e+02
-4.6426409912e+02
-4.6384851074e+02
-4.6334194946e+02
-4.6303222656e+02
-4.6511541748e+02
-4.6458987427e+02
-4.6426409912e+02
-4.6384851074e+02
-4.6334194946e+02
-4.6303222656e+02
-4.6510278320e+02
-4.6458691406e+02
-4.6426776123e+02
-4.6385217285e+02
-4.6333908081e+02
-4.6301968384e+02
-4.6512448120e+02
-4.6459109497e+02
-4.6426315308e+02
-4.6384765625e+02
-4.6334341431e+02
-4.6304150391e+02
-4.6509921265e+02
-4.6458807373e+02
-4.6426464844e+02
-4.6384930420e+02
-4.6334075928e+02
-4.6301663208e+02
-4.6511941528e+02
-4.6458795166e+02
-4.6426782227e+02
-4.6385272217e+02
-4.6334130859e+02
-4.6303759766e+02
-4.6510736084e+02
-4.6458966064e+02
-4.6426217651e+02
-4.6384747314e+02
-4.6334420776e+02
-4.6302713013e+02
-4.6504534912e+02
-4.6475671387e+02
-4.6420932007e+02
-4.6378521729e+02
-4.6348315430e+02
-4.6291815186e+02
-4.6502590942e+02
-4.6475769043e+02
-4.6420254517e+02
-4.6377801514e+02
-4.6348294067e+02
-4.6289715576e+02
-4.6506079102e+02
-4.6476205444e+02
-4.6420568848e+02
-4.6378091431e+02
-4.6348660278e+02
-4.6293121338e+02
-4.6502133179e+02
-4.6475473022e+02
-4.6421054077e+02
-4.6378561401e+02
-4.6347894287e+02
-4.6289141846e+02
-4.6505490112e+02
-4.6476336670e+02
-4.6420162964e+02
-4.6377661133e+02
-4.6348736572e+02
-4.6292480469e+02
-4.6503582764e+02
-4.6475802612e+02
-4.6420834351e+02
-4.6378329468e+02
-4.6348193359e+02
-4.6290570068e+02
-4.6503582764e+02
-4.6475802612e+02
-4.6420834351e+02
-4.6378329468e+02
-4.6348193359e+02
-4.6290570068e+02
-4.6505490112e+02
-4.6476336670e+02
-4.6420162964e+02
-4.6377661133e+02
-4.6348736572e+02
-4.6292480469e+02
-4.6502133179e+02
-4.6475473022e+02
-4.6421054077e+02
-4.6378561401e+02
-4.6347894287e+02
-4.6289141846e+02
-4.6506079102e+02
-4.6476205444e+02
-4.6420568848e+02
-4.6378091431e+02
-4.6348660278e+02
-4.6293121338e+02
-4.6502590942e+02
-4.6475769043e+02
-4.6420254517e+02
-4.6377801514e+02
-4.6348294067e+02
-4.6289715576e+02
-4.6504534912e+02
-4.6475671387e+02
-4.6420932007e+02
-4.6378521729e+02
-4.6348315430e+02
-4.6291815186e+02
-4.6517620850e+02
-4.6455242920e+02
-4.6429272461e+02
-4.6386242676e+02
-4.6326010132e+02
-4.6301773071e+02
-4.6520962524e+02
-4.6455505371e+02
-4.6430072021e+02
-4.6386999512e+02
-4.6326153564e+02
-4.6304956055e+02
-4.6515646362e+02
-4.6454644775e+02
-4.6430041504e+02
-4.6386941528e+02
-4.6325222778e+02
-4.6299566650e+02
-4.6521597290e+02
-4.6456030273e+02
-4.6428884888e+02
-4.6385772705e+02
-4.6326571655e+02
-4.6305477905e+02
-4.6516702271e+02
-4.6454632568e+02
-4.6430593872e+02
-4.6387472534e+02
-4.6325155640e+02
-4.6300570679e+02
-4.6519458008e+02
-4.6455487061e+02
-4.6429391479e+02
-4.6386267090e+02
-4.6326000977e+02
-4.6303320312e+02
-4.6519458008e+02
-4.6455487061e+02
-4.6429391479e+02
-4.6386267090e+02
-4.6326000977e+02
-4.6303320312e+02
-4.6516702271e+02
-4.6454632568e+02
-4.6430593872e+02
-4.6387472534e+02
-4.6325155640e+02
-4.6300570679e+02
-4.6521597290e+02
-4.6456030273e+02
-4.6428884888e+02
-4.6385772705e+02
-4.6326571655e+02
-4.6305477905e+02
-4.6515646362e+02
-4.6454644775e+02
-4.6430041504e+02
-4.6386941528e+02
-4.6325222778e+02
-4.6299566650e+02
-4.6520962524e+02
-4.6455505371e+02
-4.6430072021e+02
-4.6386999512e+02
-4.6326153564e+02
-4.6304956055e+02
-4.6517620850e+02
-4.6455242920e+02
-4.6429272461e+02
-4.6386242676e+02
-4.6326010132e+02
-4.6301773071e+02
-4.6502761841e+02
-4.6485491943e+02
-4.6418145752e+02
-4.6374795532e+02
-4.6355325317e+02
-4.6285360718e+02
-4.6497851562e+02
-4.6485012817e+02
-4.6417446899e+02
-4.6374057007e+02
-4.6354727173e+02
-4.6280297852e+02
-4.6505868530e+02
-4.6486630249e+02
-4.6416873169e+02
-4.6373455811e+02
-4.6356274414e+02
-4.6288235474e+02
-4.6497308350e+02
-4.6484436035e+02
-4.6419290161e+02
-4.6375860596e+02
-4.6354046631e+02
-4.6279641724e+02
-4.6504251099e+02
-4.6486575317e+02
-4.6416232300e+02
-4.6372793579e+02
-4.6356164551e+02
-4.6286566162e+02
-4.6500421143e+02
-4.6485342407e+02
-4.6418304443e+02
-4.6374862671e+02
-4.6354925537e+02
-4.6282730103e+02
-4.6500421143e+02
-4.6485342407e+02
-4.6418304443e+02
-4.6374862671e+02
-4.6354925537e+02
-4.6282730103e+02
-4.6504251099e+02
-4.6486575317e+02
-4.6416232300e+02
-4.6372793579e+02
-4.6356164551e+02
-4.6286566162e+02
-4.6497308350e+02
-4.6484436035e+02
-4.6419290161e+02
-4.6375860596e+02
-4.6354046631e+02
-4.6279641724e+02
-4.6505868530e+02
-4.6486630249e+02
-4.6416873169e+02
-4.6373455811e+02
-4.6356274414e+02
-4.6288235474e+02
-4.6497851562e+02
-4.6485012817e+02
-4.6417446899e+02
-4.6374057007e+02
-4.6354727173e+02
-4.6280297852e+02
-4.6502761841e+02
-4.6485491943e+02
-4.6418145752e+02
-4.6374795532e+02
-4.6355325317e+02
-4.6285360718e+02
-4.6524069214e+02
-4.6444021606e+02
-4.6434069824e+02
-4.6390725708e+02
-4.6313854980e+02
-4.6306671143e+02
-4.6531530762e+02
-4.6445123291e+02
-4.6434515381e+02
-4.6391131592e+02
-4.6314843750e+02
-4.6313977051e+02
-4.6519985962e+02
-4.6442578125e+02
-4.6436340332e+02
-4.6392929077e+02
-4.6312228394e+02
-4.6302359009e+02
-4.6532116699e+02
-4.6445977783e+02
-4.6431848145e+02
-4.6388421631e+02
-4.6315591431e+02
-4.6314450073e+02
-4.6522573853e+02
-4.6442922974e+02
-4.6437060547e+02
-4.6393627930e+02
-4.6312518311e+02
-4.6304898071e+02
-4.6527755737e+02
-4.6444635010e+02
-4.6433660889e+02
-4.6390225220e+02
-4.6314224243e+02
-4.6310070801e+02
-4.6527755737e+02
-4.6444635010e+02
-4.6433660889e+02
-4.6390225220e+02
-4.6314224243e+02
-4.6310070801e+02
-4.6522573853e+02
-4.6442922974e+02
-4.6437060547e+02
-4.6393627930e+02
-4.6312518311e+02
-4.6304898071e+02
-4.6532116699e+02
-4.6445977783e+02
-4.6431848145e+02
-4.6388421631e+02
-4.6315591431e+02
-4.6314450073e+02
-4.6519985962e+02
-4.6442578125e+02
-4.6436340332e+02
-4.6392929077e+02
-4.6312228394e+02
-4.6302359009e+02
-4.6531530762e+02
-4.6445123291e+02
-4.6434515381e+02
-4.6391131592e+02
-4.6314843750e+02
-4.6313977051e+02
-4.6524069214e+02
-4.6444021606e+02
-4.6434069824e+02
-4.6390725708e+02
-4.6313854980e+02
-4.6306671143e+02
-4.6494161987e+02
-4.6501266479e+02
-4.6411380005e+02
-4.6368341064e+02
-4.6372021484e+02
-4.6278320312e+02
-4.6483520508e+02
-4.6499475098e+02
-4.6411682129e+02
-4.6368603516e+02
-4.6370117188e+02
-4.6267532349e+02
-4.6500076294e+02
-4.6503582764e+02
-4.6407720947e+02
-4.6364617920e+02
-4.6374154663e+02
-4.6284008789e+02
-4.6483322144e+02
-4.6498587036e+02
-4.6415570068e+02
-4.6372451782e+02
-4.6369125366e+02
-4.6267221069e+02
-4.6496160889e+02
-4.6502859497e+02
-4.6407104492e+02
-4.6363977051e+02
-4.6373376465e+02
-4.6280041504e+02
-4.6489370728e+02
-4.6500592041e+02
-4.6412472534e+02
-4.6369345093e+02
-4.6371105957e+02
-4.6273251343e+02
-4.6489370728e+02
-4.6500592041e+02
-4.6412472534e+02
-4.6369345093e+02
-4.6371105957e+02
-4.6273251343e+02
-4.6496160889e+02
-4.6502859497e+02
-4.6407104492e+02
-4.6363977051e+02
-4.6373376465e+02
-4.6280041504e+02
-4.6483322144e+02
-4.6498587036e+02
-4.6415570068e+02
-4.6372451782e+02
-4.6369125366e+02
-4.6267221069e+02
-4.6500076294e+02
-4.6503582764e+02
-4.6407720947e+02
-4.6364617920e+02
-4.6374154663e+02
-4.6284008789e+02
-4.6483520508e+02
-4.6499475098e+02
-4.6411682129e+02
-4.6368603516e+02
-4.6370117188e+02
-4.6267532349e+02
-4.6494161987e+02
-4.6501266479e+02
-4.6411380005e+02
-4.6368341064e+02
-4.6372021484e+02
-4.6278320312e+02
-4.6532485962e+02
-4.6420092773e+02
-4.6442987061e+02
-4.6400555420e+02
-4.6292691040e+02
-4.6319699097e+02
-4.6547891235e+02
-4.6423324585e+02
-4.6441314697e+02
-4.6398843384e+02
-4.6295812988e+02
-4.6334951782e+02
-4.6524716187e+02
-4.6417025757e+02
-4.6448931885e+02
-4.6406439209e+02
-4.6289450073e+02
-4.6311709595e+02
-4.6547540283e+02
-4.6424313354e+02
-4.6435943604e+02
-4.6393432617e+02
-4.6296701050e+02
-4.6334494019e+02
-4.6530731201e+02
-4.6418563843e+02
-4.6449200439e+02
-4.6406683350e+02
-4.6290936279e+02
-4.6317672729e+02
-4.6539379883e+02
-4.6421475220e+02
-4.6441036987e+02
-4.6398516846e+02
-4.6293838501e+02
-4.6326315308e+02
-4.6539379883e+02
-4.6421475220e+02
-4.6441036987e+02
-4.6398516846e+02
-4.6293838501e+02
-4.6326315308e+02
-4.6530731201e+02
-4.6418563843e+02
-4.6449200439e+02
-4.6406683350e+02
-4.6290936279e+02
-4.6317672729e+02
-4.6547540283e+02
-4.6424313354e+02
-4.6435943604e+02
-4.6393432617e+02
-4.6296701050e+02
-4.6334494019e+02
-4.6524716187e+02
-4.6417025757e+02
-4.6448931885e+02
-4.6406439209e+02
-4.6289450073e+02
-4.6311709595e+02
-4.6547891235e+02
-4.6423324585e+02
-4.6441314697e+02
-4.6398843384e+02
-4.6295812988e+02
-4.6334951782e+02
-4.6532485962e+02
-4.6420092773e+02
-4.6442987061e+02
-4.6400555420e+02
-4.6292691040e+02
-4.6319699097e+02
-4.6475701904e+02
-4.6530139160e+02
-4.6397396851e+02
-4.6355883789e+02
-4.6405432129e+02
-4.6267480469e+02
-4.6454058838e+02
-4.6524771118e+02
-4.6401730347e+02
-4.6360180664e+02
-4.6399957275e+02
-4.6245700073e+02
-4.6486325073e+02
-4.6534594727e+02
-4.6388223267e+02
-4.6346649170e+02
-4.6409713745e+02
-4.6277886963e+02
-4.6455889893e+02
-4.6524264526e+02
-4.6408981323e+02
-4.6367395020e+02
-4.6399353027e+02
-4.6247424316e+02
-4.6477362061e+02
-4.6531842041e+02
-4.6388925171e+02
-4.6347326660e+02
-4.6406912231e+02
-4.6268878174e+02
-4.6466708374e+02
-4.6528250122e+02
-4.6400924683e+02
-4.6359326172e+02
-4.6403314209e+02
-4.6258221436e+02
-4.6466708374e+02
-4.6528250122e+02
-4.6400924683e+02
-4.6359326172e+02
-4.6403314209e+02
-4.6258221436e+02
-4.6477362061e+02
-4.6531842041e+02
-4.6388925171e+02
-4.6347326660e+02
-4.6406912231e+02
-4.6268878174e+02
-4.6455889893e+02
-4.6524264526e+02
-4.6408981323e+02
-4.6367395020e+02
-4.6399353027e+02
-4.6247424316e+02
-4.6486325073e+02
-4.6534594727e+02
-4.6388223267e+02
-4.6346649170e+02
-4.6409713745e+02
-4.6277886963e+02
-4.6454058838e+02
-4.6524771118e+02
-4.6401730347e+02
-4.6360180664e+02
-4.6399957275e+02
-4.6245700073e+02
-4.6475701904e+02
-4.6530139160e+02
-4.6397396851e+02
-4.6355883789e+02
-4.6405432129e+02
-4.6267480469e+02
-4.6546936035e+02
-4.6374334717e+02
-4.6460253906e+02
-4.6419903564e+02
-4.6253256226e+02
-4.6344662476e+02
-4.6577517700e+02
-4.6383657837e+02
-4.6451312256e+02
-4.6410922241e+02
-4.6262472534e+02
-4.6375097656e+02
-4.6533361816e+02
-4.6368612671e+02
-4.6474255371e+02
-4.6433843994e+02
-4.6247369385e+02
-4.6330883789e+02
-4.6573208618e+02
-4.6383071899e+02
-4.6442120361e+02
-4.6401696777e+02
-4.6261791992e+02
-4.6370687866e+02
-4.6546640015e+02
-4.6373416138e+02
-4.6471591187e+02
-4.6431158447e+02
-4.6252124023e+02
-4.6344110107e+02
-4.6559310913e+02
-4.6377728271e+02
-4.6454547119e+02
-4.6414114380e+02
-4.6256427002e+02
-4.6356777954e+02
-4.6559310913e+02
-4.6377728271e+02
-4.6454547119e+02
-4.6414114380e+02
-4.6256427002e+02
-4.6356777954e+02
-4.6546640015e+02
-4.6373416138e+02
-4.6471591187e+02
-4.6431158447e+02
-4.6252124023e+02
-4.6344110107e+02
-4.6573208618e+02
-4.6383071899e+02
-4.6442120361e+02
-4.6401696777e+02
-4.6261791992e+02
-4.6370687866e+02
-4.6533361816e+02
-4.6368612671e+02
-4.6474255371e+02
-4.6433843994e+02
-4.6247369385e+02
-4.6330883789e+02
-4.6577517700e+02
-4.6383657837e+02
-4.6451312256e+02
-4.6410922241e+02
-4.6262472534e+02
-4.6375097656e+02
-4.6546936035e+02
-4.6374334717e+02
-4.6460253906e+02
-4.6419903564e+02
-4.6253256226e+02
-4.6344662476e+02
-4.6442944336e+02
-4.6583145142e+02
-4.6371359253e+02
-4.6332531738e+02
-4.6466397095e+02
-4.6248086548e+02
-4.6400448608e+02
-4.6567327881e+02
-4.6388385010e+02
-4.6349523926e+02
-4.6450482178e+02
-4.6205468750e+02
-4.6460247803e+02
-4.6590441895e+02
-4.6350753784e+02
-4.6311868286e+02
-4.6473529053e+02
-4.6265191650e+02
-4.6409445190e+02
-4.6570767212e+02
-4.6399273682e+02
-4.6360379028e+02
-4.6453829956e+02
-4.6214367676e+02
-4.6441192627e+02
-4.6582733154e+02
-4.6357244873e+02
-4.6318344116e+02
-4.6465777588e+02
-4.6246096802e+02
-4.6426724243e+02
-4.6577709961e+02
-4.6380612183e+02
-4.6341708374e+02
-4.6460751343e+02
-4.6231625366e+02
-4.6426724243e+02
-4.6577709961e+02
-4.6380612183e+02
-4.6341708374e+02
-4.6460751343e+02
-4.6231625366e+02
-4.6441192627e+02
-4.6582733154e+02
-4.6357244873e+02
-4.6318344116e+02
-4.6465777588e+02
-4.6246096802e+02
-4.6409445190e+02
-4.6570767212e+02
-4.6399273682e+02
-4.6360379028e+02
-4.6453829956e+02
-4.6214367676e+02
-4.6460247803e+02
-4.6590441895e+02
-4.6350753784e+02
-4.6311868286e+02
-4.6473529053e+02
-4.6265191650e+02
-4.6400448608e+02
-4.6567327881e+02
-4.6388385010e+02
-4.6349523926e+02
-4.6450482178e+02
-4.6205468750e+02
-4.6442944336e+02
-4.6583145142e+02
-4.6371359253e+02
-4.6332531738e+02
-4.6466397095e+02
-4.6248086548e+02
-4.6571929932e+02
-4.6295840454e+02
-4.6490136719e+02
-4.6452951050e+02
-4.6184423828e+02
-4.6385687256e+02
-4.6630889893e+02
-4.6323016357e+02
-4.6459542847e+02
-4.6422317505e+02
-4.6211495972e+02
-4.6444506836e+02
-4.6551507568e+02
-4.6288070679e+02
-4.6519845581e+02
-4.6482598877e+02
-4.6176507568e+02
-4.6365078735e+02
-4.6614373779e+02
-4.6314163208e+02
-4.6448339844e+02
-4.6411080933e+02
-4.6202563477e+02
-4.6427905273e+02
-4.6578128052e+02
-4.6299893188e+02
-4.6506570435e+02
-4.6469302368e+02
-4.6188281250e+02
-4.6391653442e+02
-4.6593966675e+02
-4.6305703735e+02
-4.6475787354e+02
-4.6438516235e+02
-4.6194085693e+02
-4.6407482910e+02
-4.6593966675e+02
-4.6305703735e+02
-4.6475787354e+02
-4.6438516235e+02
-4.6194085693e+02
-4.6407482910e+02
-4.6578128052e+02
-4.6299893188e+02
-4.6506570435e+02
-4.6469302368e+02
-4.6188281250e+02
-4.6391653442e+02
-4.6614373779e+02
-4.6314163208e+02
-4.6448339844e+02
-4.6411080933e+02
-4.6202563477e+02
-4.6427905273e+02
-4.6551507568e+02
-4.6288070679e+02
-4.6519845581e+02
-4.6482598877e+02
-4.6176507568e+02
-4.6365078735e+02
-4.6630889893e+02
-4.6323016357e+02
-4.6459542847e+02
-4.6422317505e+02
-4.6211495972e+02
-4.6444506836e+02
-4.6571929932e+02
-4.6295840454e+02
-4.6490136719e+02
-4.6452951050e+02
-4.6184423828e+02
-4.6385687256e+02
-4.6393731689e+02
-4.6666589355e+02
-4.6332516479e+02
-4.6297463989e+02
-4.6560928345e+02
-4.6217556763e+02
-4.6313275146e+02
-4.6620721436e+02
-4.6385864258e+02
-4.6350784302e+02
-4.6514984131e+02
-4.6137005615e+02
-4.6416500854e+02
-4.6672946167e+02
-4.6291372681e+02
-4.6256274414e+02
-4.6567138672e+02
-4.6240148926e+02
-4.6342044067e+02
-4.6639843750e+02
-4.6394528198e+02
-4.6359417725e+02
-4.6534014893e+02
-4.6165679932e+02
-4.6381271362e+02
-4.6656372070e+02
-4.6316476440e+02
-4.6281365967e+02
-4.6550527954e+02
-4.6204888916e+02
-4.6364743042e+02
-4.6649560547e+02
-4.6355242920e+02
-4.6320129395e+02
-4.6543710327e+02
-4.6188357544e+02
-4.6364743042e+02
-4.6649560547e+02
-4.6355242920e+02
-4.6320129395e+02
-4.6543710327e+02
-4.6188357544e+02
-4.6381271362e+02
-4.6656372070e+02
-4.6316476440e+02
-4.6281365967e+02
-4.6550527954e+02
-4.6204888916e+02
-4.6342044067e+02
-4.6639843750e+02
-4.6394528198e+02
-4.6359417725e+02
-4.6534014893e+02
-4.6165679932e+02
-4.6416500854e+02
-4.6672946167e+02
-4.6291372681e+02
-4.6256274414e+02
-4.6567138672e+02
-4.6240148926e+02
-4.6313275146e+02
-4.6620721436e+02
-4.6385864258e+02
-4.6350784302e+02
-4.6514984131e+02
-4.6137005615e+02
-4.6393731689e+02
-4.6666589355e+02
-4.6332516479e+02
-4.6297463989e+02
-4.6560928345e+02
-4.6217556763e+02
-4.6603817749e+02
-4.6192517090e+02
-4.6523104858e+02
-4.6490039062e+02
-4.6093829346e+02
-4.6438604736e+02
-4.6712203979e+02
-4.6269454956e+02
-4.6432983398e+02
-4.6399880981e+02
-4.6170663452e+02
-4.6546853638e+02
-4.6582763672e+02
-4.6193774414e+02
-4.6578674316e+02
-4.6545547485e+02
-4.6094958496e+02
-4.6417385864e+02
-4.6666244507e+02
-4.6233926392e+02
-4.6433584595e+02
-4.6400451660e+02
-4.6135076904e+02
-4.6500823975e+02
-4.6626922607e+02
-4.6215505981e+02
-4.6534594727e+02
-4.6501446533e+02
-4.6116647339e+02
-4.6461499023e+02
-4.6643569946e+02
-4.6224053955e+02
-4.6488507080e+02
-4.6455358887e+02
-4.6125189209e+02
-4.6478137207e+02
-4.6643569946e+02
-4.6224053955e+02
-4.6488507080e+02
-4.6455358887e+02
-4.6125189209e+02
-4.6478137207e+02
-4.6626922607e+02
-4.6215505981e+02
-4.6534594727e+02
-4.6501446533e+02
-4.6116647339e+02
-4.6461499023e+02
-4.6666244507e+02
-4.6233926392e+02
-4.6433584595e+02
-4.6400451660e+02
-4.6135076904e+02
-4.6500823975e+02
-4.6582763672e+02
-4.6193774414e+02
-4.6578674316e+02
-4.6545547485e+02
-4.6094958496e+02
-4.6417385864e+02
-4.6712203979e+02
-4.6269454956e+02
-4.6432983398e+02
-4.6399880981e+02
-4.6170663452e+02
-4.6546853638e+02
-4.6603817749e+02
-4.6192517090e+02
-4.6523104858e+02
-4.6490039062e+02
-4.6093829346e+02
-4.6438604736e+02
-4.6343365479e+02
-4.6741247559e+02
-4.6310726929e+02
-4.6280441284e+02
-4.6649432373e+02
-4.6190649414e+02
-4.6202639771e+02
-4.6616384888e+02
-4.6460626221e+02
-4.6430322266e+02
-4.6524523926e+02
-4.6049862671e+02
-4.6358004761e+02
-4.6722723389e+02
-4.6240637207e+02
-4.6210327148e+02
-4.6630789185e+02
-4.6205145264e+02
-4.6272329712e+02
-4.6677789307e+02
-4.6439831543e+02
-4.6409509277e+02
-4.6585833740e+02
-4.6119458008e+02
-4.6308279419e+02
-4.6698437500e+02
-4.6315243530e+02
-4.6284927368e+02
-4.6606469727e+02
-4.6155395508e+02
-4.6292047119e+02
-4.6687011719e+02
-4.6366476440e+02
-4.6336154175e+02
-4.6595037842e+02
-4.6139160156e+02
-4.6292047119e+02
-4.6687011719e+02
-4.6366476440e+02
-4.6336154175e+02
-4.6595037842e+02
-4.6139160156e+02
-4.6308279419e+02
-4.6698437500e+02
-4.6315243530e+02
-4.6284927368e+02
-4.6606469727e+02
-4.6155395508e+02
-4.6272329712e+02
-4.6677789307e+02
-4.6439831543e+02
-4.6409509277e+02
-4.6585833740e+02
-4.6119458008e+02
-4.6358004761e+02
-4.6722723389e+02
-4.6240637207e+02
-4.6210327148e+02
-4.6630789185e+02
-4.6205145264e+02
-4.6202639771e+02
-4.6616384888e+02
-4.6460626221e+02
-4.6430322266e+02
-4.6524523926e+02
-4.6049862671e+02
-4.6343365479e+02
-4.6741247559e+02
-4.6310726929e+02
-4.6280441284e+02
-4.6649432373e+02
-4.6190649414e+02
-4.6607815552e+02
-4.6159185791e+02
-4.6497729492e+02
-4.6469610596e+02
-4.6075979614e+02
-4.6467980957e+02
-4.6782647705e+02
-4.6356927490e+02
-4.6254971313e+02
-4.6226824951e+02
-4.6273602295e+02
-4.6642669678e+02
-4.6609524536e+02
-4.6215814209e+02
-4.6581622314e+02
-4.6553436279e+02
-4.6132482910e+02
-4.6469534302e+02
-4.6685821533e+02
-4.6261138916e+02
-4.6316778564e+02
-4.6288595581e+02
-4.6177789307e+02
-4.6545800781e+02
-4.6656390381e+02
-4.6236242676e+02
-4.6460656738e+02
-4.6432452393e+02
-4.6152883911e+02
-4.6516363525e+02
-4.6671612549e+02
-4.6251852417e+02
-4.6407940674e+02
-4.6379736328e+02
-4.6168490601e+02
-4.6531579590e+02
-4.6671612549e+02
-4.6251852417e+02
-4.6407940674e+02
-4.6379736328e+02
-4.6168490601e+02
-4.6531579590e+02
-4.6656390381e+02
-4.6236242676e+02
-4.6460656738e+02
-4.6432452393e+02
-4.6152883911e+02
-4.6516363525e+02
-4.6685821533e+02
-4.6261138916e+02
-4.6316778564e+02
-4.6288595581e+02
-4.6177789307e+02
-4.6545800781e+02
-4.6609524536e+02
-4.6215814209e+02
-4.6581622314e+02
-4.6553436279e+02
-4.6132482910e+02
-4.6469534302e+02
-4.6782647705e+02
-4.6356927490e+02
-4.6254971313e+02
-4.6226824951e+02
-4.6273602295e+02
-4.6642669678e+02
-4.6607815552e+02
-4.6159185791e+02
-4.6497729492e+02
-4.6469610596e+02
-4.6075979614e+02
-4.6467980957e+02
-4.6363378906e+02
-4.6648617554e+02
-4.6410122681e+02
-4.6385470581e+02
-4.6572937012e+02
-4.6238299561e+02
-4.6162380981e+02
-4.6349414062e+02
-4.6796051025e+02
-4.6771368408e+02
-4.6273739624e+02
-4.6037271118e+02
-4.6329089355e+02
-4.6517846680e+02
-4.6317089844e+02
-4.6292440796e+02
-4.6442098999e+02
-4.6203909302e+02
-4.6272494507e+02
-4.6473669434e+02
-4.6649197388e+02
-4.6624523926e+02
-4.6397894287e+02
-4.6147296143e+02
-4.6289697266e+02
-4.6503939819e+02
-4.6494869995e+02
-4.6470208740e+02
-4.6428149414e+02
-4.6164492798e+02
-4.6274060059e+02
-4.6481448364e+02
-4.6542956543e+02
-4.6518295288e+02
-4.6405654907e+02
-4.6148855591e+02
-4.6274060059e+02
-4.6481448364e+02
-4.6542956543e+02
-4.6518295288e+02
-4.6405654907e+02
-4.6148855591e+02
-4.6289697266e+02
-4.6503939819e+02
-4.6494869995e+02
-4.6470208740e+02
-4.6428149414e+02
-4.6164492798e+02
-4.6272494507e+02
-4.6473669434e+02
-4.6649197388e+02
-4.6624523926e+02
-4.6397894287e+02
-4.6147296143e+02
-4.6329089355e+02
-4.6517846680e+02
-4.6317089844e+02
-4.6292440796e+02
-4.6442098999e+02
-4.6203909302e+02
-4.6162380981e+02
-4.6349414062e+02
-4.6796051025e+02
-4.6771368408e+02
-4.6273739624e+02
-4.6037271118e+02
-4.6363378906e+02
-4.6648617554e+02
-4.6410122681e+02
-4.6385470581e+02
-4.6572937012e+02
-4.6238299561e+02
-4.6552072144e+02
-4.6416159058e+02
-4.6300091553e+02
-4.6277627563e+02
-4.6350881958e+02
-4.6441125488e+02
-4.6735870361e+02
-4.6826855469e+02
-4.5681311035e+02
-4.5658853149e+02
-4.6761434937e+02
-4.6624810791e+02
-4.6597430420e+02
-4.6637045288e+02
-4.6348767090e+02
-4.6326226807e+02
-4.6571624756e+02
-4.6486346436e+02
-4.6605044556e+02
-4.6662915039e+02
-4.5945794678e+02
-4.5923266602e+02
-4.6597491455e+02
-4.6493954468e+02
-4.6585879517e+02
-4.6606423950e+02
-4.6075234985e+02
-4.6052691650e+02
-4.6541006470e+02
-4.6474783325e+02
-4.6591687012e+02
-4.6626531982e+02
-4.6025946045e+02
-4.6003396606e+02
-4.6561108398e+02
-4.6480584717e+02
-4.6591687012e+02
-4.6626531982e+02
-4.6025946045e+02
-4.6003396606e+02
-4.6561108398e+02
-4.6480584717e+02
-4.6585879517e+02
-4.6606423950e+02
-4.6075234985e+02
-4.6052691650e+02
-4.6541006470e+02
-4.6474783325e+02
-4.6605044556e+02
-4.6662915039e+02
-4.5945794678e+02
-4.5923266602e+02
-4.6597491455e+02
-4.6493954468e+02
-4.6597430420e+02
-4.6637045288e+02
-4.6348767090e+02
-4.6326226807e+02
-4.6571624756e+02
-4.6486346436e+02
-4.6735870361e+02
-4.6826855469e+02
-4.5681311035e+02
-4.5658853149e+02
-4.6761434937e+02
-4.6624810791e+02
-4.6552072144e+02
-4.6416159058e+02
-4.6300091553e+02
-4.6277627563e+02
-4.6350881958e+02
-4.6441125488e+02
-4.6306948853e+02
-4.6292193604e+02
-4.6734619141e+02
-4.6716259766e+02
-4.6234188843e+02
-4.6213162231e+02
-4.6176614380e+02
-4.5738864136e+02
-4.7648501587e+02
-4.7630068970e+02
-4.5680917358e+02
-4.6082766724e+02
-4.6213912964e+02
-4.5877963257e+02
-4.6711148071e+02
-4.6692803955e+02
-4.5819982910e+02
-4.6120065308e+02
-4.6255636597e+02
-4.5854147339e+02
-4.7127398682e+02
-4.7109030151e+02
-4.5796142578e+02
-4.6161743164e+02
-4.6292245483e+02
-4.5954647827e+02
-4.7060916138e+02
-4.7042550659e+02
-4.5896606445e+02
-4.6198342896e+02
-4.6314627075e+02
-4.5954095459e+02
-4.7126519775e+02
-4.7108157349e+02
-4.5896054077e+02
-4.6220715332e+02
-4.6314627075e+02
-4.5954095459e+02
-4.7126519775e+02
-4.7108157349e+02
-4.5896054077e+02
-4.6220715332e+02
-4.6292245483e+02
-4.5954647827e+02
-4.7060916138e+02
-4.7042550659e+02
-4.5896606445e+02
-4.6198342896e+02
-4.6255636597e+02
-4.5854147339e+02
-4.7127398682e+02
-4.7109030151e+02
-4.5796142578e+02
-4.6161743164e+02
-4.6213912964e+02
-4.5877963257e+02
-4.6711148071e+02
-4.6692803955e+02
-4.5819982910e+02
-4.6120065308e+02
-4.6176614380e+02
-4.5738864136e+02
-4.7648501587e+02
-4.7630068970e+02
-4.5680917358e+02
-4.6082766724e+02
-4.6306948853e+02
-4.6292193604e+02
-4.6734619141e+02
-4.6716259766e+02
-4.6234188843e+02
-4.6213162231e+02
-4.6286779785e+02
-4.6292062378e+02
-4.6446469116e+02
-4.6430123901e+02
-4.6247195435e+02
-4.6207080078e+02
-4.6204223633e+02
-4.6851046753e+02
-4.5025750732e+02
-4.5009503174e+02
-4.6806057739e+02
-4.6124578857e+02
-4.6375869751e+02
-4.6885449219e+02
-4.6311566162e+02
-4.6295184326e+02
-4.6840393066e+02
-4.6296087646e+02
-4.6417080688e+02
-4.7048730469e+02
-4.6105746460e+02
-4.6089352417e+02
-4.7003619385e+02
-4.6337298584e+02
-4.6464993286e+02
-4.6996575928e+02
-4.6180871582e+02
-4.6164471436e+02
-4.6951480103e+02
-4.6385198975e+02
-4.6459017944e+02
-4.7015505981e+02
-4.6133666992e+02
-4.6117260742e+02
-4.6970407104e+02
-4.6379229736e+02
-4.6459017944e+02
-4.7015505981e+02
-4.6133666992e+02
-4.6117260742e+02
-4.6970407104e+02
-4.6379229736e+02
-4.6464993286e+02
-4.6996575928e+02
-4.6180871582e+02
-4.6164471436e+02
-4.6951480103e+02
-4.6385198975e+02
-4.6417080688e+02
-4.7048730469e+02
-4.6105746460e+02
-4.6089352417e+02
-4.7003619385e+02
-4.6337298584e+02
-4.6375869751e+02
-4.6885449219e+02
-4.6311566162e+02
-4.6295184326e+02
-4.6840393066e+02
-4.6296087646e+02
-4.6204223633e+02
-4.6851046753e+02
-4.5025750732e+02
-4.5009503174e+02
-4.6806057739e+02
-4.6124578857e+02
-4.6286779785e+02
-4.6292062378e+02
-4.6446469116e+02
-4.6430123901e+02
-4.6247195435e+02
-4.6207080078e+02
-4.6101504517e+02
-4.7682800293e+02
-4.3056408691e+02
-4.3045910645e+02
-4.7643435669e+02
-4.6042535400e+02
-4.6755456543e+02
-4.7753097534e+02
-4.5797293091e+02
-4.5786511230e+02
-4.7713522339e+02
-4.6696038818e+02
-4.6782284546e+02
-4.7884436035e+02
-4.4707351685e+02
-4.4696646118e+02
-4.7844854736e+02
-4.6722955322e+02
-4.6937533569e+02
-4.7779016113e+02
-4.4736520386e+02
-4.4725869751e+02
-4.7739562988e+02
-4.6878176880e+02
-4.6973556519e+02
-4.7897824097e+02
-4.4727188110e+02
-4.4716555786e+02
-4.7858386230e+02
-4.6914218140e+02
-4.7051733398e+02
-4.7930383301e+02
-4.4804534912e+02
-4.4793911743e+02
-4.7890969849e+02
-4.6992385864e+02
-4.7051733398e+02
-4.7930383301e+02
-4.4804534912e+02
-4.4793911743e+02
-4.7890969849e+02
-4.6992385864e+02
-4.6973556519e+02
-4.7897824097e+02
-4.4727188110e+02
-4.4716555786e+02
-4.7858386230e+02
-4.6914218140e+02
-4.6937533569e+02
-4.7779016113e+02
-4.4736520386e+02
-4.4725869751e+02
-4.7739562988e+02
-4.6878176880e+02
-4.6782284546e+02
-4.7884436035e+02
-4.4707351685e+02
-4.4696646118e+02
-4.7844854736e+02
-4.6722955322e+02
-4.6755456543e+02
-4.7753097534e+02
-4.5797293091e+02
-4.5786511230e+02
-4.7713522339e+02
-4.6696038818e+02
-4.6101504517e+02
-4.7682800293e+02
-4.3056408691e+02
-4.3045910645e+02
-4.7643435669e+02
-4.6042535400e+02
-5.3233062744e+02
-3.7154006958e+02
-4.9770156860e+02
-4.9758126831e+02
-3.7133529663e+02
-5.3185266113e+02
-5.3313684082e+02
-3.7136349487e+02
-4.6252053833e+02
-4.6240454102e+02
-3.7116174316e+02
-5.3266253662e+02
-5.3762707520e+02
-3.7290573120e+02
-4.7008932495e+02
-4.6997409058e+02
-3.7270574951e+02
-5.3715246582e+02
-5.3849871826e+02
-3.7792156982e+02
-4.7683770752e+02
-4.7672155762e+02
-3.7771978760e+02
-5.3802502441e+02
-5.4052954102e+02
-3.8001290894e+02
-4.8107754517e+02
-4.8096099854e+02
-3.7981030273e+02
-5.4005566406e+02
-5.4062738037e+02
-3.8129046631e+02
-4.8261700439e+02
-4.8250021362e+02
-3.8108718872e+02
-5.4015368652e+02
-5.4062738037e+02
-3.8129046631e+02
-4.8261700439e+02
-4.8250021362e+02
-3.8108718872e+02
-5.4015368652e+02
-5.4052954102e+02
-3.8001290894e+02
-4.8107754517e+02
-4.8096099854e+02
-3.7981030273e+02
-5.4005566406e+02
-5.3849871826e+02
-3.7792156982e+02
-4.7683770752e+02
-4.7672155762e+02
-3.7771978760e+02
-5.3802502441e+02
-5.3762707520e+02
-3.7290573120e+02
-4.7008932495e+02
-4.6997409058e+02
-3.7270574951e+02
-5.3715246582e+02
-5.3313684082e+02
-3.7136349487e+02
-4.6252053833e+02
-4.6240454102e+02
-3.7116174316e+02
-5.3266253662e+02
-5.3233062744e+02
-3.7154006958e+02
-4.9770156860e+02
-4.9758126831e+02
-3.7133529663e+02
-5.3185266113e+02
-1.9699639893e+02
-6.9270880127e+02
-4.3517794800e+02
-4.3516491699e+02
-6.9236932373e+02
-1.9676045227e+02
-2.0771722412e+02
-7.0280883789e+02
-4.6391046143e+02
-4.6389895630e+02
-7.0248138428e+02
-2.0749024963e+02
-2.0506663513e+02
-7.1453820801e+02
-4.8263452148e+02
-4.8262133789e+02
-7.1420922852e+02
-2.0484216309e+02
-2.0660952759e+02
-7.1747808838e+02
-4.8678469849e+02
-4.8677154541e+02
-7.1714947510e+02
-2.0638424683e+02
-2.0461895752e+02
-7.1896514893e+02
-4.8854626465e+02
-4.8853268433e+02
-7.1863629150e+02
-2.0439356995e+02
-2.0490919495e+02
-7.1895416260e+02
-4.8925408936e+02
-4.8924035645e+02
-7.1862542725e+02
-2.0468345642e+02
-2.0490919495e+02
-7.1895416260e+02
-4.8925408936e+02
-4.8924035645e+02
-7.1862542725e+02
-2.0468345642e+02
-2.0461895752e+02
-7.1896514893e+02
-4.8854626465e+02
-4.8853268433e+02
-7.1863629150e+02
-2.0439356995e+02
-2.0660952759e+02
-7.1747808838e+02
-4.8678469849e+02
-4.8677154541e+02
-7.1714947510e+02
-2.0638424683e+02
-2.0506663513e+02
-7.1453820801e+02
-4.8263452148e+02
-4.8262133789e+02
-7.1420922852e+02
-2.0484216309e+02
-2.0771722412e+02
-7.0280883789e+02
-4.6391046143e+02
-4.6389895630e+02
-7.0248138428e+02
-2.0749024963e+02
-1.9699639893e+02
-6.9270880127e+02
-4.3517794800e+02
-4.3516491699e+02
-6.9236932373e+02
-1.9676045227e+02
-9.4074913025e+01
6.6472755432e+01
-1.2824962158e+03
-1.2821551514e+03
6.6570182800e+01
-9.4012756348e+01
-8.8856765747e+01
4.6883941650e+01
-1.3574786377e+03
-1.3571362305e+03
4.6982738495e+01
-8.8799880981e+01
-9.8043220520e+01
4.5879261017e+01
-1.3523881836e+03
-1.3520480957e+03
4.5975048065e+01
-9.7987304688e+01
-9.1138458252e+01
4.4082714081e+01
-1.3526181641e+03
-1.3522802734e+03
4.4177852631e+01
-9.1082916260e+01
-9.2464355469e+01
4.5505229950e+01
-1.3518328857e+03
-1.3514967041e+03
4.5599521637e+01
-9.2408050537e+01
-9.1375129700e+01
4.5205131531e+01
-1.3510001221e+03
-1.3506647949e+03
4.5299125671e+01
-9.1318771362e+01
-9.1375129700e+01
4.5205131531e+01
-1.3510001221e+03
-1.3506647949e+03
4.5299125671e+01
-9.1318771362e+01
-9.2464355469e+01
4.5505229950e+01
-1.3518328857e+03
-1.3514967041e+03
4.5599521637e+01
-9.2408050537e+01
-9.1138458252e+01
4.4082714081e+01
-1.3526181641e+03
-1.3522802734e+03
4.4177852631e+01
-9.1082916260e+01
-9.8043220520e+01
4.5879261017e+01
-1.3523881836e+03
-1.3520480957e+03
4.5975048065e+01
-9.7987304688e+01
-8.8856765747e+01
4.6883941650e+01
-1.3574786377e+03
-1.3571362305e+03
4.6982738495e+01
-8.8799880981e+01
-9.4074913025e+01
6.6472755432e+01
-1.2824962158e+03
-1.2821551514e+03
6.6570182800e+01
-9.4012756348e+01
