-1.0932393555e+04
-1.0482462891e+04
-1.0551318359e+04
-1.0551318359e+04
-1.0482462891e+04
-1.0932394531e+04
-8.9326406250e+03
-8.5088515625e+03
-8.5242773438e+03
-8.5242773438e+03
-8.5088515625e+03
-8.9326416016e+03
-7.2847866211e+03
-6.9510444336e+03
-6.9676196289e+03
-6.9676196289e+03
-6.9510444336e+03
-7.2847871094e+03
-5.6538364258e+03
-5.3880751953e+03
-5.4051855469e+03
-5.4051855469e+03
-5.3880751953e+03
-5.6538369141e+03
-4.1084687500e+03
-3.9142365723e+03
-3.9288864746e+03
-3.9288864746e+03
-3.9142365723e+03
-4.1084687500e+03
-2.5810302734e+03
-2.4552602539e+03
-2.4654404297e+03
-2.4654404297e+03
-2.4552602539e+03
-2.5810302734e+03
-1.0856038818e+03
-1.0284392090e+03
-1.0340030518e+03
-1.0340030518e+03
-1.0284392090e+03
-1.0856038818e+03
4.0715515137e+02
3.9853890991e+02
3.9764013672e+02
3.9764013672e+02
3.9853890991e+02
4.0715515137e+02
1.8890762939e+03
1.8155367432e+03
1.8180268555e+03
1.8180268555e+03
1.8155368652e+03
1.8890764160e+03
3.3958120117e+03
3.2644624023e+03
3.2694296875e+03
3.2694296875e+03
3.2644624023e+03
3.3958120117e+03
4.8916054688e+03
4.6943642578e+03
4.7044262695e+03
4.7044262695e+03
4.6943642578e+03
4.8916054688e+03
6.4934599609e+03
6.2953618164e+03
6.3614135742e+03
6.3614135742e+03
6.2953618164e+03
6.4934604492e+03
-8.9688789062e+03
-9.8021953125e+03
-9.6660048828e+03
-9.6660048828e+03
-9.8021953125e+03
-8.9688789062e+03
-8.1043759766e+03
-8.9768906250e+03
-8.9241337891e+03
-8.9241337891e+03
-8.9768906250e+03
-8.1043754883e+03
-6.6224985352e+03
-7.3538447266e+03
-7.3175229492e+03
-7.3175229492e+03
-7.3538447266e+03
-6.6224985352e+03
-5.2313823242e+03
-5.8288715820e+03
-5.8046240234e+03
-5.8046240234e+03
-5.8288715820e+03
-5.2313823242e+03
-3.7953210449e+03
-4.2404306641e+03
-4.2252392578e+03
-4.2252392578e+03
-4.2404306641e+03
-3.7953208008e+03
-2.4015959473e+03
-2.6951428223e+03
-2.6886440430e+03
-2.6886440430e+03
-2.6951428223e+03
-2.4015957031e+03
-1.0019480591e+03
-1.1426723633e+03
-1.1434233398e+03
-1.1434233398e+03
-1.1426723633e+03
-1.0019479980e+03
3.7779504395e+02
3.8410968018e+02
3.7620819092e+02
3.7620819092e+02
3.8410968018e+02
3.7779501343e+02
1.7748597412e+03
1.9244946289e+03
1.9108488770e+03
1.9108488770e+03
1.9244945068e+03
1.7748597412e+03
3.1422595215e+03
3.4180202637e+03
3.3975019531e+03
3.3975019531e+03
3.4180202637e+03
3.1422592773e+03
4.5611342773e+03
4.9635957031e+03
4.9364277344e+03
4.9364277344e+03
4.9635957031e+03
4.5611342773e+03
5.7169541016e+03
6.1194956055e+03
6.0331850586e+03
6.0331850586e+03
6.1194951172e+03
5.7169536133e+03
-9.8421181641e+03
-9.6343173828e+03
-9.9308076172e+03
-9.9308076172e+03
-9.6343173828e+03
-9.8421181641e+03
-8.0407446289e+03
-7.8041279297e+03
-8.0614121094e+03
-8.0614125977e+03
-7.8041279297e+03
-8.0407446289e+03
-6.8100117188e+03
-6.6392514648e+03
-6.8734018555e+03
-6.8734023438e+03
-6.6392514648e+03
-6.8100117188e+03
-5.3824785156e+03
-5.2439125977e+03
-5.4344833984e+03
-5.4344833984e+03
-5.2439130859e+03
-5.3824790039e+03
-4.0010751953e+03
-3.9049145508e+03
-4.0489167480e+03
-4.0489169922e+03
-3.9049145508e+03
-4.0010751953e+03
-2.5712131348e+03
-2.5121716309e+03
-2.6069238281e+03
-2.6069238281e+03
-2.5121716309e+03
-2.5712131348e+03
-1.1633630371e+03
-1.1433959961e+03
-1.1900189209e+03
-1.1900190430e+03
-1.1433959961e+03
-1.1633630371e+03
2.5858828735e+02
2.4273493958e+02
2.4408714294e+02
2.4408714294e+02
2.4273493958e+02
2.5858828735e+02
1.6433769531e+03
1.5890944824e+03
1.6347805176e+03
1.6347805176e+03
1.5890946045e+03
1.6433769531e+03
3.0495781250e+03
2.9655375977e+03
3.0532736816e+03
3.0532736816e+03
2.9655375977e+03
3.0495783691e+03
4.3455571289e+03
4.2097724609e+03
4.3210537109e+03
4.3210537109e+03
4.2097724609e+03
4.3455576172e+03
5.9185458984e+03
5.7887700195e+03
5.9339277344e+03
5.9339277344e+03
5.7887700195e+03
5.9185458984e+03
-9.1629052734e+03
-9.2702373047e+03
-9.1313828125e+03
-9.1313828125e+03
-9.2702373047e+03
-9.1629052734e+03
-7.9956005859e+03
-8.1043291016e+03
-7.9741811523e+03
-7.9741811523e+03
-8.1043291016e+03
-7.9956005859e+03
-6.4606914062e+03
-6.5291074219e+03
-6.4089555664e+03
-6.4089555664e+03
-6.5291074219e+03
-6.4606914062e+03
-5.1745649414e+03
-5.2335458984e+03
-5.1399868164e+03
-5.1399868164e+03
-5.2335458984e+03
-5.1745644531e+03
-3.8256503906e+03
-3.8655759277e+03
-3.7962451172e+03
-3.7962451172e+03
-3.8655759277e+03
-3.8256503906e+03
-2.5267272949e+03
-2.5538095703e+03
-2.5103535156e+03
-2.5103535156e+03
-2.5538095703e+03
-2.5267272949e+03
-1.2009129639e+03
-1.2131151123e+03
-1.1941282959e+03
-1.1941282959e+03
-1.2131151123e+03
-1.2009129639e+03
9.9531265259e+01
9.9224716187e+01
9.2621292114e+01
9.2621284485e+01
9.9224708557e+01
9.9531265259e+01
1.4299814453e+03
1.4455750732e+03
1.4152755127e+03
1.4152755127e+03
1.4455750732e+03
1.4299814453e+03
2.7200534668e+03
2.7433847656e+03
2.6865739746e+03
2.6865739746e+03
2.7433847656e+03
2.7200534668e+03
4.1387011719e+03
4.1890756836e+03
4.1188037109e+03
4.1188037109e+03
4.1890756836e+03
4.1387011719e+03
5.3706879883e+03
5.4213237305e+03
5.3365439453e+03
5.3365439453e+03
5.4213237305e+03
5.3706879883e+03
-8.8567421875e+03
-8.8131591797e+03
-8.8750830078e+03
-8.8750830078e+03
-8.8131591797e+03
-8.8567421875e+03
-7.4536616211e+03
-7.4133325195e+03
-7.4720605469e+03
-7.4720605469e+03
-7.4133330078e+03
-7.4536616211e+03
-6.3197768555e+03
-6.2991005859e+03
-6.3519013672e+03
-6.3519013672e+03
-6.2991005859e+03
-6.3197768555e+03
-4.9911040039e+03
-4.9694780273e+03
-5.0074604492e+03
-5.0074604492e+03
-4.9694780273e+03
-4.9911040039e+03
-3.7639458008e+03
-3.7519218750e+03
-3.7805654297e+03
-3.7805654297e+03
-3.7519218750e+03
-3.7639458008e+03
-2.4986005859e+03
-2.4907922363e+03
-2.5088164062e+03
-2.5088164062e+03
-2.4907922363e+03
-2.4986005859e+03
-1.2705985107e+03
-1.2699692383e+03
-1.2789799805e+03
-1.2789799805e+03
-1.2699692383e+03
-1.2705985107e+03
-1.5679627419e+01
-1.9456010818e+01
-1.7999219894e+01
-1.7999217987e+01
-1.9456008911e+01
-1.5679624557e+01
1.2106882324e+03
1.1984094238e+03
1.2086879883e+03
1.2086879883e+03
1.1984094238e+03
1.2106882324e+03
2.4936684570e+03
2.4804497070e+03
2.5042001953e+03
2.5042001953e+03
2.4804497070e+03
2.4936684570e+03
3.6723371582e+03
3.6457504883e+03
3.6755092773e+03
3.6755092773e+03
3.6457504883e+03
3.6723371582e+03
4.9782939453e+03
4.9468750000e+03
4.9816674805e+03
4.9816674805e+03
4.9468750000e+03
4.9782939453e+03
-8.2524150391e+03
-8.2880517578e+03
-8.2724775391e+03
-8.2724775391e+03
-8.2880517578e+03
-8.2524150391e+03
-7.1611586914e+03
-7.1863544922e+03
-7.1709882812e+03
-7.1709882812e+03
-7.1863544922e+03
-7.1611586914e+03
-5.9030419922e+03
-5.9177099609e+03
-5.9037221680e+03
-5.9037221680e+03
-5.9177099609e+03
-5.9030419922e+03
-4.8123671875e+03
-4.8287626953e+03
-4.8211811523e+03
-4.8211811523e+03
-4.8287626953e+03
-4.8123671875e+03
-3.6298049316e+03
-3.6395239258e+03
-3.6332004395e+03
-3.6332006836e+03
-3.6395239258e+03
-3.6298049316e+03
-2.4975095215e+03
-2.5055458984e+03
-2.5024584961e+03
-2.5024584961e+03
-2.5055458984e+03
-2.4975095215e+03
-1.3313625488e+03
-1.3347850342e+03
-1.3335006104e+03
-1.3335006104e+03
-1.3347850342e+03
-1.3313625488e+03
-1.9352638245e+02
-1.9507269287e+02
-1.9716123962e+02
-1.9716123962e+02
-1.9507269287e+02
-1.9352638245e+02
9.7862524414e+02
9.8277050781e+02
9.7907440186e+02
9.7907440186e+02
9.8277050781e+02
9.7862524414e+02
2.1008933105e+03
2.1045734863e+03
2.0949130859e+03
2.0949130859e+03
2.1045734863e+03
2.1008933105e+03
3.3118195801e+03
3.3217807617e+03
3.3090710449e+03
3.3090710449e+03
3.3217807617e+03
3.3118195801e+03
4.4568852539e+03
4.4690966797e+03
4.4533833008e+03
4.4533833008e+03
4.4690966797e+03
4.4568852539e+03
-7.7366728516e+03
-7.7364653320e+03
-7.7469218750e+03
-7.7469218750e+03
-7.7364653320e+03
-7.7366728516e+03
-6.6359228516e+03
-6.6385156250e+03
-6.6461069336e+03
-6.6461069336e+03
-6.6385156250e+03
-6.6359228516e+03
-5.6535043945e+03
-5.6574067383e+03
-5.6627490234e+03
-5.6627490234e+03
-5.6574067383e+03
-5.6535043945e+03
-4.5497978516e+03
-4.5491196289e+03
-4.5506518555e+03
-4.5506518555e+03
-4.5491196289e+03
-4.5497978516e+03
-3.5328034668e+03
-3.5341833496e+03
-3.5361311035e+03
-3.5361311035e+03
-3.5341833496e+03
-3.5328034668e+03
-2.4649650879e+03
-2.4642001953e+03
-2.4645402832e+03
-2.4645402832e+03
-2.4642001953e+03
-2.4649650879e+03
-1.4288247070e+03
-1.4288114014e+03
-1.4289578857e+03
-1.4289578857e+03
-1.4288114014e+03
-1.4288247070e+03
-3.5958917236e+02
-3.5787411499e+02
-3.5639334106e+02
-3.5639334106e+02
-3.5787411499e+02
-3.5958917236e+02
6.8237805176e+02
6.8248309326e+02
6.8369433594e+02
6.8369433594e+02
6.8248309326e+02
6.8237805176e+02
1.7789945068e+03
1.7815942383e+03
1.7854406738e+03
1.7854406738e+03
1.7815942383e+03
1.7789945068e+03
2.8252929688e+03
2.8267084961e+03
2.8309216309e+03
2.8309216309e+03
2.8267084961e+03
2.8252929688e+03
3.9292744141e+03
3.9258488770e+03
3.9300012207e+03
3.9300012207e+03
3.9258488770e+03
3.9292744141e+03
-7.1041767578e+03
-7.1111279297e+03
-7.1148593750e+03
-7.1148593750e+03
-7.1111274414e+03
-7.1041767578e+03
-6.2101333008e+03
-6.2071987305e+03
-6.2103500977e+03
-6.2103500977e+03
-6.2071987305e+03
-6.2101333008e+03
-5.2339277344e+03
-5.2296699219e+03
-5.2312993164e+03
-5.2312993164e+03
-5.2296699219e+03
-5.2339277344e+03
-4.3461894531e+03
-4.3434731445e+03
-4.3455678711e+03
-4.3455678711e+03
-4.3434731445e+03
-4.3461894531e+03
-3.3818217773e+03
-3.3768249512e+03
-3.3767312012e+03
-3.3767312012e+03
-3.3768249512e+03
-3.3818217773e+03
-2.4611218262e+03
-2.4573522949e+03
-2.4571958008e+03
-2.4571958008e+03
-2.4573522949e+03
-2.4611218262e+03
-1.5017198486e+03
-1.4968259277e+03
-1.4953555908e+03
-1.4953555908e+03
-1.4968259277e+03
-1.5017198486e+03
-5.6421691895e+02
-5.6032983398e+02
-5.5890844727e+02
-5.5890844727e+02
-5.6032983398e+02
-5.6421691895e+02
4.1220718384e+02
4.1761996460e+02
4.2048892212e+02
4.2048892212e+02
4.1761996460e+02
4.1220718384e+02
1.3587120361e+03
1.3627722168e+03
1.3648779297e+03
1.3648779297e+03
1.3627722168e+03
1.3587120361e+03
2.3572578125e+03
2.3608896484e+03
2.3621914062e+03
2.3621914062e+03
2.3608896484e+03
2.3572578125e+03
3.3425256348e+03
3.3451115723e+03
3.3445693359e+03
3.3445693359e+03
3.3451115723e+03
3.3425256348e+03
-6.4763061523e+03
-6.4804926758e+03
-6.4807871094e+03
-6.4807871094e+03
-6.4804926758e+03
-6.4763061523e+03
-5.6604501953e+03
-5.6636914062e+03
-5.6607246094e+03
-5.6607246094e+03
-5.6636914062e+03
-5.6604501953e+03
-4.8910214844e+03
-4.8913046875e+03
-4.8871230469e+03
-4.8871230469e+03
-4.8913046875e+03
-4.8910214844e+03
-4.0486875000e+03
-4.0462292480e+03
-4.0410178223e+03
-4.0410175781e+03
-4.0462292480e+03
-4.0486875000e+03
-3.2592531738e+03
-3.2568676758e+03
-3.2528024902e+03
-3.2528024902e+03
-3.2568676758e+03
-3.2592531738e+03
-2.4188583984e+03
-2.4142045898e+03
-2.4097700195e+03
-2.4097700195e+03
-2.4142045898e+03
-2.4188583984e+03
-1.6018483887e+03
-1.5968967285e+03
-1.5932991943e+03
-1.5932991943e+03
-1.5968967285e+03
-1.6018483887e+03
-7.4856933594e+02
-7.4175445557e+02
-7.3794305420e+02
-7.3794305420e+02
-7.4175445557e+02
-7.4856933594e+02
8.6989006042e+01
9.3809951782e+01
9.6530021667e+01
9.6530021667e+01
9.3809951782e+01
8.6989006042e+01
9.6523248291e+02
9.7335266113e+02
9.7593658447e+02
9.7593658447e+02
9.7335266113e+02
9.6523248291e+02
1.8287341309e+03
1.8374166260e+03
1.8386480713e+03
1.8386480713e+03
1.8374166260e+03
1.8287341309e+03
2.7244040527e+03
2.7284248047e+03
2.7281938477e+03
2.7281938477e+03
2.7284248047e+03
2.7244040527e+03
-5.7977231445e+03
-5.7976450195e+03
-5.8015644531e+03
-5.8015644531e+03
-5.7976450195e+03
-5.7977231445e+03
-5.1510766602e+03
-5.1424316406e+03
-5.1448540039e+03
-5.1448540039e+03
-5.1424316406e+03
-5.1510766602e+03
-4.4566318359e+03
-4.4478066406e+03
-4.4478662109e+03
-4.4478662109e+03
-4.4478066406e+03
-4.4566318359e+03
-3.8009589844e+03
-3.7919458008e+03
-3.7912602539e+03
-3.7912602539e+03
-3.7919458008e+03
-3.8009589844e+03
-3.0880996094e+03
-3.0781347656e+03
-3.0757905273e+03
-3.0757905273e+03
-3.0781347656e+03
-3.0880996094e+03
-2.4029777832e+03
-2.3937578125e+03
-2.3911638184e+03
-2.3911638184e+03
-2.3937578125e+03
-2.4029777832e+03
-1.6777081299e+03
-1.6680476074e+03
-1.6643422852e+03
-1.6643422852e+03
-1.6680476074e+03
-1.6777081299e+03
-9.6578332520e+02
-9.5676300049e+02
-9.5284753418e+02
-9.5284753418e+02
-9.5676300049e+02
-9.6578332520e+02
-2.1678050232e+02
-2.0747052002e+02
-2.0266590881e+02
-2.0266590881e+02
-2.0747052002e+02
-2.1678050232e+02
5.2175848389e+02
5.3041748047e+02
5.3516082764e+02
5.3516082764e+02
5.3041748047e+02
5.2175848389e+02
1.2944460449e+03
1.3015992432e+03
1.3054368896e+03
1.3054368896e+03
1.3015992432e+03
1.2944460449e+03
2.0763955078e+03
2.0799807129e+03
2.0816943359e+03
2.0816943359e+03
2.0799807129e+03
2.0763955078e+03
-5.1093828125e+03
-5.1099213867e+03
-5.1090356445e+03
-5.1090356445e+03
-5.1099213867e+03
-5.1093828125e+03
-4.5773554688e+03
-4.5740141602e+03
-4.5698081055e+03
-4.5698081055e+03
-4.5740141602e+03
-4.5773554688e+03
-4.0558354492e+03
-4.0493452148e+03
-4.0437050781e+03
-4.0437050781e+03
-4.0493452148e+03
-4.0558354492e+03
-3.4865390625e+03
-3.4787456055e+03
-3.4723688965e+03
-3.4723688965e+03
-3.4787456055e+03
-3.4865390625e+03
-2.9416450195e+03
-2.9333022461e+03
-2.9273105469e+03
-2.9273105469e+03
-2.9333022461e+03
-2.9416450195e+03
-2.3517773438e+03
-2.3423193359e+03
-2.3360268555e+03
-2.3360268555e+03
-2.3423193359e+03
-2.3517773438e+03
-1.7749954834e+03
-1.7651281738e+03
-1.7592722168e+03
-1.7592722168e+03
-1.7651281738e+03
-1.7749954834e+03
-1.1617408447e+03
-1.1511466064e+03
-1.1452618408e+03
-1.1452618408e+03
-1.1511466064e+03
-1.1617408447e+03
-5.5497497559e+02
-5.4404748535e+02
-5.3869384766e+02
-5.3869384766e+02
-5.4404748535e+02
-5.5497503662e+02
8.6161384583e+01
9.7085975647e+01
1.0184077454e+02
1.0184077454e+02
9.7085975647e+01
8.6161384583e+01
7.3128436279e+02
7.4197814941e+02
7.4504437256e+02
7.4504437256e+02
7.4197814941e+02
7.3128436279e+02
1.4013349609e+03
1.4069412842e+03
1.4078205566e+03
1.4078205566e+03
1.4069412842e+03
1.4013349609e+03
-4.3961679688e+03
-4.3931547852e+03
-4.3944218750e+03
-4.3944218750e+03
-4.3931547852e+03
-4.3961679688e+03
-4.0180407715e+03
-4.0071950684e+03
-4.0061728516e+03
-4.0061728516e+03
-4.0071950684e+03
-4.0180407715e+03
-3.6051425781e+03
-3.5935153809e+03
-3.5901181641e+03
-3.5901181641e+03
-3.5935153809e+03
-3.6051425781e+03
-3.2023645020e+03
-3.1896623535e+03
-3.1854821777e+03
-3.1854821777e+03
-3.1896623535e+03
-3.2023645020e+03
-2.7560983887e+03
-2.7430664062e+03
-2.7380561523e+03
-2.7380561523e+03
-2.7430664062e+03
-2.7560983887e+03
-2.3217675781e+03
-2.3085908203e+03
-2.3034360352e+03
-2.3034360352e+03
-2.3085908203e+03
-2.3217675781e+03
-1.8491275635e+03
-1.8359576416e+03
-1.8303786621e+03
-1.8303786621e+03
-1.8359576416e+03
-1.8491275635e+03
-1.3811250000e+03
-1.3677352295e+03
-1.3620438232e+03
-1.3620438232e+03
-1.3677352295e+03
-1.3811250000e+03
-8.7885418701e+02
-8.6584399414e+02
-8.6012689209e+02
-8.6012689209e+02
-8.6584399414e+02
-8.7885418701e+02
-3.7439904785e+02
-3.6151235962e+02
-3.5610058594e+02
-3.5610058594e+02
-3.6151235962e+02
-3.7439904785e+02
1.5757911682e+02
1.6896466064e+02
1.7277603149e+02
1.7277603149e+02
1.6896466064e+02
1.5757911682e+02
7.0853021240e+02
7.1455468750e+02
7.1579553223e+02
7.1579553223e+02
7.1455468750e+02
7.0853021240e+02
-3.6759272461e+03
-3.6724509277e+03
-3.6715549316e+03
-3.6715549316e+03
-3.6724509277e+03
-3.6759272461e+03
-3.4264216309e+03
-3.4174445801e+03
-3.4131982422e+03
-3.4131982422e+03
-3.4174445801e+03
-3.4264216309e+03
-3.1689667969e+03
-3.1574934082e+03
-3.1513508301e+03
-3.1513508301e+03
-3.1574934082e+03
-3.1689667969e+03
-2.8758356934e+03
-2.8638344727e+03
-2.8568337402e+03
-2.8568337402e+03
-2.8638344727e+03
-2.8758356934e+03
-2.5880612793e+03
-2.5752841797e+03
-2.5680390625e+03
-2.5680390625e+03
-2.5752841797e+03
-2.5880612793e+03
-2.2616276855e+03
-2.2488920898e+03
-2.2413908691e+03
-2.2413908691e+03
-2.2488920898e+03
-2.2616276855e+03
-1.9386267090e+03
-1.9253077393e+03
-1.9177194824e+03
-1.9177194824e+03
-1.9253077393e+03
-1.9386267090e+03
-1.5807371826e+03
-1.5679372559e+03
-1.5604229736e+03
-1.5604229736e+03
-1.5679372559e+03
-1.5807371826e+03
-1.2210699463e+03
-1.2076912842e+03
-1.2001523438e+03
-1.2001522217e+03
-1.2076912842e+03
-1.2210699463e+03
-8.3089819336e+02
-8.1863977051e+02
-8.1179132080e+02
-8.1179132080e+02
-8.1863977051e+02
-8.3089819336e+02
-4.2814379883e+02
-4.1703042603e+02
-4.1183441162e+02
-4.1183441162e+02
-4.1703042603e+02
-4.2814379883e+02
-1.6725630760e+00
3.8160068989e+00
6.3552145958e+00
6.3552174568e+00
3.8160052299e+00
-1.6725673676e+00
-2.9444519043e+03
-2.9399287109e+03
-2.9388713379e+03
-2.9388713379e+03
-2.9399289551e+03
-2.9444519043e+03
-2.8399450684e+03
-2.8280153809e+03
-2.8243354492e+03
-2.8243354492e+03
-2.8280153809e+03
-2.8399450684e+03
-2.7057287598e+03
-2.6923342285e+03
-2.6865488281e+03
-2.6865488281e+03
-2.6923342285e+03
-2.7057287598e+03
-2.5660883789e+03
-2.5511789551e+03
-2.5447744141e+03
-2.5447744141e+03
-2.5511789551e+03
-2.5660886230e+03
-2.3912409668e+03
-2.3764106445e+03
-2.3698193359e+03
-2.3698193359e+03
-2.3764106445e+03
-2.3912409668e+03
-2.2168591309e+03
-2.2010585938e+03
-2.1944050293e+03
-2.1944050293e+03
-2.2010585938e+03
-2.2168591309e+03
-2.0074074707e+03
-1.9921134033e+03
-1.9856804199e+03
-1.9856804199e+03
-1.9921134033e+03
-2.0074074707e+03
-1.7959230957e+03
-1.7794624023e+03
-1.7729909668e+03
-1.7729909668e+03
-1.7794624023e+03
-1.7959230957e+03
-1.5521965332e+03
-1.5368695068e+03
-1.5311358643e+03
-1.5311358643e+03
-1.5368695068e+03
-1.5521965332e+03
-1.3003153076e+03
-1.2843978271e+03
-1.2791988525e+03
-1.2791988525e+03
-1.2843978271e+03
-1.3003153076e+03
-1.0226333618e+03
-1.0082931519e+03
-1.0053853149e+03
-1.0053853149e+03
-1.0082931519e+03
-1.0226333618e+03
-7.2236700439e+02
-7.1459552002e+02
-7.1462878418e+02
-7.1462878418e+02
-7.1459558105e+02
-7.2236700439e+02
-2.2123889160e+03
-2.2059560547e+03
-2.2053757324e+03
-2.2053757324e+03
-2.2059560547e+03
-2.2123889160e+03
-2.2397421875e+03
-2.2272470703e+03
-2.2232387695e+03
-2.2232387695e+03
-2.2272470703e+03
-2.2397421875e+03
-2.2499951172e+03
-2.2357060547e+03
-2.2294660645e+03
-2.2294660645e+03
-2.2357060547e+03
-2.2499951172e+03
-2.2305666504e+03
-2.2164306641e+03
-2.2092363281e+03
-2.2092363281e+03
-2.2164306641e+03
-2.2305666504e+03
-2.2058603516e+03
-2.1907851562e+03
-2.1828769531e+03
-2.1828769531e+03
-2.1907851562e+03
-2.2058603516e+03
-2.1475615234e+03
-2.1335791016e+03
-2.1254548340e+03
-2.1254548340e+03
-2.1335791016e+03
-2.1475615234e+03
-2.0859304199e+03
-2.0711228027e+03
-2.0624677734e+03
-2.0624675293e+03
-2.0711228027e+03
-2.0859304199e+03
-1.9917874756e+03
-1.9787678223e+03
-1.9702683105e+03
-1.9702683105e+03
-1.9787678223e+03
-1.9917874756e+03
-1.8919097900e+03
-1.8777176514e+03
-1.8686351318e+03
-1.8686351318e+03
-1.8777176514e+03
-1.8919097900e+03
-1.7625495605e+03
-1.7509776611e+03
-1.7427259521e+03
-1.7427259521e+03
-1.7509776611e+03
-1.7625496826e+03
-1.6186285400e+03
-1.6084713135e+03
-1.6016940918e+03
-1.6016940918e+03
-1.6084713135e+03
-1.6186285400e+03
-1.4510828857e+03
-1.4469367676e+03
-1.4429973145e+03
-1.4429971924e+03
-1.4469367676e+03
-1.4510828857e+03
-1.4779312744e+03
-1.4729389648e+03
-1.4703461914e+03
-1.4703461914e+03
-1.4729389648e+03
-1.4779312744e+03
-1.6425762939e+03
-1.6306556396e+03
-1.6255626221e+03
-1.6255626221e+03
-1.6306556396e+03
-1.6425762939e+03
-1.7802203369e+03
-1.7666032715e+03
-1.7597105713e+03
-1.7597105713e+03
-1.7666032715e+03
-1.7802203369e+03
-1.9053393555e+03
-1.8897100830e+03
-1.8823306885e+03
-1.8823306885e+03
-1.8897100830e+03
-1.9053393555e+03
-2.0000451660e+03
-1.9850341797e+03
-1.9780104980e+03
-1.9780104980e+03
-1.9850343018e+03
-2.0000451660e+03
-2.0890070801e+03
-2.0723005371e+03
-2.0652949219e+03
-2.0652949219e+03
-2.0723005371e+03
-2.0890070801e+03
-2.1465935059e+03
-2.1309091797e+03
-2.1246010742e+03
-2.1246010742e+03
-2.1309091797e+03
-2.1465935059e+03
-2.1985981445e+03
-2.1807758789e+03
-2.1745017090e+03
-2.1745017090e+03
-2.1807758789e+03
-2.1985981445e+03
-2.2197602539e+03
-2.2042692871e+03
-2.1994560547e+03
-2.1994560547e+03
-2.2042692871e+03
-2.2197602539e+03
-2.2328310547e+03
-2.2151796875e+03
-2.2108352051e+03
-2.2108352051e+03
-2.2151796875e+03
-2.2328310547e+03
-2.2195153809e+03
-2.2043232422e+03
-2.2027609863e+03
-2.2027609863e+03
-2.2043232422e+03
-2.2195153809e+03
-2.1843186035e+03
-2.1761889648e+03
-2.1778950195e+03
-2.1778950195e+03
-2.1761889648e+03
-2.1843186035e+03
-7.4981182861e+02
-7.4232763672e+02
-7.4166180420e+02
-7.4166180420e+02
-7.4232763672e+02
-7.4981182861e+02
-1.0438251953e+03
-1.0304755859e+03
-1.0264294434e+03
-1.0264294434e+03
-1.0304755859e+03
-1.0438251953e+03
-1.3174370117e+03
-1.3024498291e+03
-1.2963256836e+03
-1.2963256836e+03
-1.3024498291e+03
-1.3174370117e+03
-1.5644392090e+03
-1.5506151123e+03
-1.5438117676e+03
-1.5438117676e+03
-1.5506151123e+03
-1.5644392090e+03
-1.8024395752e+03
-1.7871619873e+03
-1.7794216309e+03
-1.7794216309e+03
-1.7871619873e+03
-1.8024395752e+03
-2.0108076172e+03
-1.9974434814e+03
-1.9896617432e+03
-1.9896617432e+03
-1.9974434814e+03
-2.0108076172e+03
-2.2126152344e+03
-2.1980788574e+03
-2.1896599121e+03
-2.1896599121e+03
-2.1980788574e+03
-2.2126152344e+03
-2.3850769043e+03
-2.3733989258e+03
-2.3652783203e+03
-2.3652783203e+03
-2.3733989258e+03
-2.3850769043e+03
-2.5520075684e+03
-2.5378552246e+03
-2.5287390137e+03
-2.5287390137e+03
-2.5378552246e+03
-2.5520075684e+03
-2.6884826660e+03
-2.6794943848e+03
-2.6717783203e+03
-2.6717783203e+03
-2.6794943848e+03
-2.6884826660e+03
-2.8148803711e+03
-2.8057209473e+03
-2.7993723145e+03
-2.7993723145e+03
-2.8057209473e+03
-2.8148803711e+03
-2.9175568848e+03
-2.9148483887e+03
-2.9110539551e+03
-2.9110539551e+03
-2.9148483887e+03
-2.9175568848e+03
-2.7274934769e+01
-2.1064985275e+01
-1.9897556305e+01
-1.9897548676e+01
-2.1064990997e+01
-2.7274942398e+01
-4.5036447144e+02
-4.3805484009e+02
-4.3451382446e+02
-4.3451382446e+02
-4.3805484009e+02
-4.5036447144e+02
-8.4839678955e+02
-8.3574926758e+02
-8.3004528809e+02
-8.3004528809e+02
-8.3574926758e+02
-8.4839685059e+02
-1.2335092773e+03
-1.2181336670e+03
-1.2112919922e+03
-1.2112919922e+03
-1.2181336670e+03
-1.2335092773e+03
-1.5905915527e+03
-1.5772052002e+03
-1.5706375732e+03
-1.5706375732e+03
-1.5772052002e+03
-1.5905915527e+03
-1.9404101562e+03
-1.9252335205e+03
-1.9182602539e+03
-1.9182602539e+03
-1.9252335205e+03
-1.9404101562e+03
-2.2630930176e+03
-2.2498505859e+03
-2.2432824707e+03
-2.2432824707e+03
-2.2498505859e+03
-2.2630930176e+03
-2.5794914551e+03
-2.5638056641e+03
-2.5569250488e+03
-2.5569250488e+03
-2.5638056641e+03
-2.5794914551e+03
-2.8668603516e+03
-2.8556445312e+03
-2.8502324219e+03
-2.8502324219e+03
-2.8556445312e+03
-2.8668603516e+03
-3.1521577148e+03
-3.1359187012e+03
-3.1298308105e+03
-3.1298308105e+03
-3.1359187012e+03
-3.1521577148e+03
-3.4071662598e+03
-3.3972373047e+03
-3.3937275391e+03
-3.3937275391e+03
-3.3972373047e+03
-3.4071662598e+03
-3.6469116211e+03
-3.6430754395e+03
-3.6432104492e+03
-3.6432104492e+03
-3.6430754395e+03
-3.6469116211e+03
6.8384716797e+02
6.8635705566e+02
6.9253863525e+02
6.9253863525e+02
6.8635705566e+02
6.8384716797e+02
1.3760516357e+02
1.4552082825e+02
1.5389453125e+02
1.5389453125e+02
1.4552084351e+02
1.3760516357e+02
-3.9039968872e+02
-3.7818896484e+02
-3.6977584839e+02
-3.6977584839e+02
-3.7818896484e+02
-3.9039968872e+02
-8.9177496338e+02
-8.8168786621e+02
-8.7485681152e+02
-8.7485681152e+02
-8.8168786621e+02
-8.9177496338e+02
-1.3863754883e+03
-1.3727681885e+03
-1.3664774170e+03
-1.3664774170e+03
-1.3727681885e+03
-1.3863754883e+03
-1.8550837402e+03
-1.8427089844e+03
-1.8379799805e+03
-1.8379799805e+03
-1.8427089844e+03
-1.8550837402e+03
-2.3170048828e+03
-2.3019589844e+03
-2.2981967773e+03
-2.2981967773e+03
-2.3019589844e+03
-2.3170048828e+03
-2.7541931152e+03
-2.7414040527e+03
-2.7393840332e+03
-2.7393840332e+03
-2.7414040527e+03
-2.7541931152e+03
-3.1886152344e+03
-3.1705554199e+03
-3.1690280762e+03
-3.1690280762e+03
-3.1705554199e+03
-3.1886152344e+03
-3.5901018066e+03
-3.5805056152e+03
-3.5829440918e+03
-3.5829440918e+03
-3.5805056152e+03
-3.5901018066e+03
-3.9956044922e+03
-3.9785229492e+03
-3.9832966309e+03
-3.9832966309e+03
-3.9785229492e+03
-3.9956044922e+03
-4.3734160156e+03
-4.3646748047e+03
-4.3714926758e+03
-4.3714926758e+03
-4.3646748047e+03
-4.3734160156e+03
1.3755682373e+03
1.3924010010e+03
1.3792054443e+03
1.3792054443e+03
1.3924010010e+03
1.3755682373e+03
7.0874334717e+02
7.2989276123e+02
7.2114532471e+02
7.2114532471e+02
7.2989276123e+02
7.0874328613e+02
6.8418083191e+01
8.2668197632e+01
7.9673233032e+01
7.9673240662e+01
8.2668182373e+01
6.8418075562e+01
-5.6635980225e+02
-5.5015838623e+02
-5.4761291504e+02
-5.4761291504e+02
-5.5015844727e+02
-5.6635986328e+02
-1.1734566650e+03
-1.1637557373e+03
-1.1577933350e+03
-1.1577933350e+03
-1.1637557373e+03
-1.1734566650e+03
-1.7745246582e+03
-1.7663826904e+03
-1.7564793701e+03
-1.7564793701e+03
-1.7663826904e+03
-1.7745246582e+03
-2.3536447754e+03
-2.3513044434e+03
-2.3381025391e+03
-2.3381025391e+03
-2.3513044434e+03
-2.3536447754e+03
-2.9277988281e+03
-2.9264035645e+03
-2.9094233398e+03
-2.9094233398e+03
-2.9264035645e+03
-2.9277988281e+03
-3.4776081543e+03
-3.4854650879e+03
-3.4657470703e+03
-3.4657470703e+03
-3.4854650879e+03
-3.4776081543e+03
-4.0357326660e+03
-4.0367180176e+03
-4.0113603516e+03
-4.0113603516e+03
-4.0367180176e+03
-4.0357326660e+03
-4.5518051758e+03
-4.5725317383e+03
-4.5469643555e+03
-4.5469643555e+03
-4.5725317383e+03
-4.5518051758e+03
-5.0732270508e+03
-5.0949946289e+03
-5.0720878906e+03
-5.0720878906e+03
-5.0949946289e+03
-5.0732270508e+03
2.0593847656e+03
2.0371177979e+03
2.0729721680e+03
2.0729721680e+03
2.0371177979e+03
2.0593847656e+03
1.2815679932e+03
1.2646921387e+03
1.2961224365e+03
1.2961224365e+03
1.2646921387e+03
1.2815679932e+03
5.0982760620e+02
5.0965655518e+02
5.3293426514e+02
5.3293426514e+02
5.0965655518e+02
5.0982760620e+02
-2.2912765503e+02
-2.2855313110e+02
-2.1611637878e+02
-2.1611637878e+02
-2.2855311584e+02
-2.2912765503e+02
-9.6812756348e+02
-9.5682922363e+02
-9.5365338135e+02
-9.5365332031e+02
-9.5682922363e+02
-9.6812756348e+02
-1.6874166260e+03
-1.6705030518e+03
-1.6769001465e+03
-1.6769001465e+03
-1.6705030518e+03
-1.6874166260e+03
-2.4021855469e+03
-2.3754538574e+03
-2.3910698242e+03
-2.3910698242e+03
-2.3754538574e+03
-2.4021855469e+03
-3.0982153320e+03
-3.0665476074e+03
-3.0919724121e+03
-3.0919724121e+03
-3.0665476074e+03
-3.0982153320e+03
-3.7929670410e+03
-3.7486037598e+03
-3.7840771484e+03
-3.7840771484e+03
-3.7486040039e+03
-3.7929670410e+03
-4.4547001953e+03
-4.4167749023e+03
-4.4650634766e+03
-4.4650634766e+03
-4.4167749023e+03
-4.4547006836e+03
-5.1488520508e+03
-5.0802978516e+03
-5.1362124023e+03
-5.1362124023e+03
-5.0802978516e+03
-5.1488520508e+03
-5.7931645508e+03
-5.7406191406e+03
-5.8019179688e+03
-5.8019179688e+03
-5.7406191406e+03
-5.7931645508e+03
2.6924458008e+03
2.7461379395e+03
2.6715400391e+03
2.6715400391e+03
2.7461379395e+03
2.6924458008e+03
1.7996369629e+03
1.8556531982e+03
1.7984869385e+03
1.7984869385e+03
1.8556530762e+03
1.7996368408e+03
9.4751422119e+02
9.7491857910e+02
9.3799108887e+02
9.3799102783e+02
9.7491851807e+02
9.4751416016e+02
8.1766662598e+01
1.0350682831e+02
8.9207649231e+01
8.9207649231e+01
1.0350681305e+02
8.1766647339e+01
-7.5930584717e+02
-7.5453802490e+02
-7.4719732666e+02
-7.4719732666e+02
-7.5453802490e+02
-7.5930584717e+02
-1.5962277832e+03
-1.6037117920e+03
-1.5749777832e+03
-1.5749777832e+03
-1.6037117920e+03
-1.5962277832e+03
-2.4184633789e+03
-2.4422492676e+03
-2.3922683105e+03
-2.3922683105e+03
-2.4422490234e+03
-2.4184633789e+03
-3.2401564941e+03
-3.2760522461e+03
-3.2042934570e+03
-3.2042934570e+03
-3.2760522461e+03
-3.2401564941e+03
-4.0476430664e+03
-4.1031787109e+03
-4.0090441895e+03
-4.0090439453e+03
-4.1031787109e+03
-4.0476430664e+03
-4.8666723633e+03
-4.9251005859e+03
-4.8093437500e+03
-4.8093437500e+03
-4.9251005859e+03
-4.8666718750e+03
-5.6191108398e+03
-5.7322138672e+03
-5.6044838867e+03
-5.6044838867e+03
-5.7322138672e+03
-5.6191108398e+03
-6.4315292969e+03
-6.5288310547e+03
-6.3908720703e+03
-6.3908720703e+03
-6.5288305664e+03
-6.4315292969e+03
3.3432023926e+03
3.2421459961e+03
3.3738212891e+03
3.3738212891e+03
3.2421462402e+03
3.3432026367e+03
2.3693613281e+03
2.2739416504e+03
2.3760803223e+03
2.3760803223e+03
2.2739418945e+03
2.3693613281e+03
1.3597899170e+03
1.3167154541e+03
1.3874588623e+03
1.3874588623e+03
1.3167154541e+03
1.3597899170e+03
3.9689666748e+02
3.7496093750e+02
4.0874374390e+02
4.0874377441e+02
3.7496096802e+02
3.9689669800e+02
-5.6387390137e+02
-5.5555456543e+02
-5.6136071777e+02
-5.6136071777e+02
-5.5555456543e+02
-5.6387390137e+02
-1.5100789795e+03
-1.4761405029e+03
-1.5220672607e+03
-1.5220672607e+03
-1.4761405029e+03
-1.5100789795e+03
-2.4542714844e+03
-2.3911284180e+03
-2.4777053223e+03
-2.4777053223e+03
-2.3911284180e+03
-2.4542714844e+03
-3.3895944824e+03
-3.2999306641e+03
-3.4274858398e+03
-3.4274858398e+03
-3.2999306641e+03
-3.3895944824e+03
-4.3321630859e+03
-4.2079453125e+03
-4.3766147461e+03
-4.3766147461e+03
-4.2079458008e+03
-4.3321635742e+03
-5.2690249023e+03
-5.1208334961e+03
-5.3255317383e+03
-5.3255317383e+03
-5.1208334961e+03
-5.2690249023e+03
-6.2729848633e+03
-6.0428935547e+03
-6.2778559570e+03
-6.2778559570e+03
-6.0428940430e+03
-6.2729848633e+03
-7.1435556641e+03
-6.9597617188e+03
-7.2353759766e+03
-7.2353759766e+03
-6.9597617188e+03
-7.1435556641e+03
3.7904174805e+03
4.0548847656e+03
3.9386760254e+03
3.9386757812e+03
4.0548847656e+03
3.7904174805e+03
2.6696245117e+03
2.9223996582e+03
2.8455612793e+03
2.8455612793e+03
2.9223996582e+03
2.6696242676e+03
1.6608736572e+03
1.8105607910e+03
1.7594121094e+03
1.7594121094e+03
1.8105606689e+03
1.6608736572e+03
6.4113104248e+02
7.1042150879e+02
6.8157214355e+02
6.8157214355e+02
7.1042144775e+02
6.4113098145e+02
-3.6279791260e+02
-3.8385968018e+02
-3.8783312988e+02
-3.8783312988e+02
-3.8385968018e+02
-3.6279788208e+02
-1.3634364014e+03
-1.4731333008e+03
-1.4520462646e+03
-1.4520462646e+03
-1.4731331787e+03
-1.3634364014e+03
-2.3537338867e+03
-2.5564980469e+03
-2.5098574219e+03
-2.5098574219e+03
-2.5564980469e+03
-2.3537338867e+03
-3.3401701660e+03
-3.6364833984e+03
-3.5642207031e+03
-3.5642207031e+03
-3.6364831543e+03
-3.3401699219e+03
-4.3153745117e+03
-4.7125268555e+03
-4.6144614258e+03
-4.6144614258e+03
-4.7125268555e+03
-4.3153740234e+03
-5.2939985352e+03
-5.7863818359e+03
-5.6659414062e+03
-5.6659414062e+03
-5.7863813477e+03
-5.2939985352e+03
-6.2522617188e+03
-6.8743862305e+03
-6.7220312500e+03
-6.7220312500e+03
-6.8743857422e+03
-6.2522617188e+03
-7.4403090820e+03
-8.0121533203e+03
-7.7897763672e+03
-7.7897763672e+03
-8.0121528320e+03
-7.4403090820e+03
4.5756787109e+03
4.3662036133e+03
4.4013281250e+03
4.4013281250e+03
4.3662036133e+03
4.5756787109e+03
3.4310930176e+03
3.2215466309e+03
3.2349909668e+03
3.2349909668e+03
3.2215466309e+03
3.4310930176e+03
2.2147348633e+03
2.0776706543e+03
2.0829550781e+03
2.0829550781e+03
2.0776708984e+03
2.2147351074e+03
1.0098454590e+03
9.3364678955e+02
9.3905432129e+02
9.3905438232e+02
9.3364685059e+02
1.0098455200e+03
-1.9733589172e+02
-2.0544349670e+02
-2.0120013428e+02
-2.0120013428e+02
-2.0544349670e+02
-1.9733589172e+02
-1.4009283447e+03
-1.3408684082e+03
-1.3374020996e+03
-1.3374020996e+03
-1.3408684082e+03
-1.4009284668e+03
-2.6062026367e+03
-2.4748891602e+03
-2.4723911133e+03
-2.4723911133e+03
-2.4748891602e+03
-2.6062028809e+03
-3.8110864258e+03
-3.6071706543e+03
-3.6055969238e+03
-3.6055969238e+03
-3.6071708984e+03
-3.8110864258e+03
-5.0182875977e+03
-4.7387368164e+03
-4.7389355469e+03
-4.7389355469e+03
-4.7387368164e+03
-5.0182875977e+03
-6.2205214844e+03
-5.8673359375e+03
-5.8701679688e+03
-5.8701679688e+03
-5.8673364258e+03
-6.2205214844e+03
-7.4104760742e+03
-6.9805766602e+03
-7.0008183594e+03
-7.0008183594e+03
-6.9805766602e+03
-7.4104765625e+03
-8.4711503906e+03
-8.0678735352e+03
-8.1291972656e+03
-8.1291972656e+03
-8.0678735352e+03
-8.4711503906e+03
5.0415502930e+03
4.8666445312e+03
4.8997133789e+03
4.8997133789e+03
4.8666445312e+03
5.0415502930e+03
3.8203078613e+03
3.6477968750e+03
3.6581989746e+03
3.6581989746e+03
3.6477971191e+03
3.8203081055e+03
2.5374638672e+03
2.4273718262e+03
2.4271645508e+03
2.4271645508e+03
2.4273718262e+03
2.5374638672e+03
1.2502465820e+03
1.2032520752e+03
1.2006113281e+03
1.2006113281e+03
1.2032520752e+03
1.2502465820e+03
-4.0223758698e+01
-1.9925739288e+01
-2.4303943634e+01
-2.4303945541e+01
-1.9925750732e+01
-4.0223770142e+01
-1.3331926270e+03
-1.2445288086e+03
-1.2498646240e+03
-1.2498646240e+03
-1.2445288086e+03
-1.3331927490e+03
-2.6301250000e+03
-2.4706437988e+03
-2.4766489258e+03
-2.4766489258e+03
-2.4706437988e+03
-2.6301250000e+03
-3.9315483398e+03
-3.7009255371e+03
-3.7068781738e+03
-3.7068781738e+03
-3.7009257812e+03
-3.9315483398e+03
-5.2414111328e+03
-4.9342470703e+03
-4.9403593750e+03
-4.9403593750e+03
-4.9342475586e+03
-5.2414111328e+03
-6.5495683594e+03
-6.1725654297e+03
-6.1759565430e+03
-6.1759565430e+03
-6.1725659180e+03
-6.5495688477e+03
-7.8726328125e+03
-7.3982065430e+03
-7.4128647461e+03
-7.4128647461e+03
-7.3982065430e+03
-7.8726328125e+03
-9.0353388672e+03
-8.5932783203e+03
-8.6483564453e+03
-8.6483564453e+03
-8.5932783203e+03
-9.0353388672e+03
5.2801879883e+03
5.5383911133e+03
5.4234418945e+03
5.4234418945e+03
5.5383906250e+03
5.2801879883e+03
3.9049687500e+03
4.1682822266e+03
4.0982114258e+03
4.0982114258e+03
4.1682822266e+03
3.9049685059e+03
2.6460566406e+03
2.8119040527e+03
2.7703854980e+03
2.7703854980e+03
2.8119040527e+03
2.6460566406e+03
1.3786173096e+03
1.4624337158e+03
1.4436567383e+03
1.4436567383e+03
1.4624337158e+03
1.3786173096e+03
1.1643482971e+02
1.1056219482e+02
1.1662155914e+02
1.1662156677e+02
1.1056220245e+02
1.1643483734e+02
-1.1486646729e+03
-1.2434123535e+03
-1.2123197021e+03
-1.2123197021e+03
-1.2434123535e+03
-1.1486646729e+03
-2.4140324707e+03
-2.6018312988e+03
-2.5453051758e+03
-2.5453051758e+03
-2.6018312988e+03
-2.4140324707e+03
-3.6843845215e+03
-3.9650095215e+03
-3.8831015625e+03
-3.8831015625e+03
-3.9650092773e+03
-3.6843842773e+03
-4.9532114258e+03
-5.3355654297e+03
-5.2279135742e+03
-5.2279135742e+03
-5.3355649414e+03
-4.9532109375e+03
-6.2382861328e+03
-6.7122456055e+03
-6.5830566406e+03
-6.5830566406e+03
-6.7122456055e+03
-6.2382856445e+03
-7.4955976562e+03
-8.1102451172e+03
-7.9541538086e+03
-7.9541538086e+03
-8.1102451172e+03
-7.4955971680e+03
-8.9760761719e+03
-9.5674453125e+03
-9.3487773438e+03
-9.3487773438e+03
-9.5674453125e+03
-8.9760751953e+03
5.7957412109e+03
5.6896533203e+03
5.8204658203e+03
5.8204658203e+03
5.6896533203e+03
5.7957412109e+03
4.4366225586e+03
4.3251708984e+03
4.4246235352e+03
4.4246235352e+03
4.3251708984e+03
4.4366225586e+03
3.0192075195e+03
2.9614982910e+03
3.0300512695e+03
3.0300512695e+03
2.9614982910e+03
3.0192077637e+03
1.6371704102e+03
1.6020096436e+03
1.6345926514e+03
1.6345927734e+03
1.6020097656e+03
1.6371704102e+03
2.5070178223e+02
2.4505139160e+02
2.3808976746e+02
2.3808975220e+02
2.4505139160e+02
2.5070179749e+02
-1.1342580566e+03
-1.1146206055e+03
-1.1619918213e+03
-1.1619919434e+03
-1.1146207275e+03
-1.1342580566e+03
-2.5275722656e+03
-2.4793449707e+03
-2.5678190918e+03
-2.5678190918e+03
-2.4793452148e+03
-2.5275722656e+03
-3.9260490723e+03
-3.8526367188e+03
-3.9827839355e+03
-3.9827839355e+03
-3.8526367188e+03
-3.9260490723e+03
-5.3447719727e+03
-5.2375844727e+03
-5.4102241211e+03
-5.4102241211e+03
-5.2375844727e+03
-5.3447719727e+03
-6.7686396484e+03
-6.6429228516e+03
-6.8548237305e+03
-6.8548237305e+03
-6.6429228516e+03
-6.7686396484e+03
-8.2794658203e+03
-8.0763999023e+03
-8.3203925781e+03
-8.3203925781e+03
-8.0763999023e+03
-8.2794658203e+03
-9.7053593750e+03
-9.5303251953e+03
-9.8123964844e+03
-9.8123964844e+03
-9.5303261719e+03
-9.7053593750e+03
6.0876875000e+03
6.1316733398e+03
6.0519306641e+03
6.0519306641e+03
6.1316733398e+03
6.0876875000e+03
4.6458383789e+03
4.6913286133e+03
4.6271176758e+03
4.6271176758e+03
4.6913286133e+03
4.6458383789e+03
3.2379653320e+03
3.2497341309e+03
3.2029030762e+03
3.2029030762e+03
3.2497341309e+03
3.2379653320e+03
1.7996696777e+03
1.8043775635e+03
1.7788452148e+03
1.7788452148e+03
1.8043774414e+03
1.7996696777e+03
3.6829684448e+02
3.5568551636e+02
3.5143017578e+02
3.5143017578e+02
3.5568551636e+02
3.6829684448e+02
-1.0724859619e+03
-1.0980318604e+03
-1.0811944580e+03
-1.0811944580e+03
-1.0980318604e+03
-1.0724859619e+03
-2.5174389648e+03
-2.5600380859e+03
-2.5223022461e+03
-2.5223022461e+03
-2.5600380859e+03
-2.5174389648e+03
-3.9786289062e+03
-4.0339853516e+03
-3.9748293457e+03
-3.9748293457e+03
-4.0339853516e+03
-3.9786289062e+03
-5.4472944336e+03
-5.5235864258e+03
-5.4423095703e+03
-5.4423095703e+03
-5.5235864258e+03
-5.4472944336e+03
-6.9529599609e+03
-7.0311738281e+03
-6.9265830078e+03
-6.9265830078e+03
-7.0311733398e+03
-6.9529599609e+03
-8.4252080078e+03
-8.5511298828e+03
-8.4305898438e+03
-8.4305898438e+03
-8.5511298828e+03
-8.4252080078e+03
-9.9709111328e+03
-1.0083491211e+04
-9.9511806641e+03
-9.9511806641e+03
-1.0083491211e+04
-9.9709111328e+03
6.3516630859e+03
6.3198925781e+03
6.3522646484e+03
6.3522646484e+03
6.3198925781e+03
6.3516630859e+03
4.8822187500e+03
4.8490942383e+03
4.8743007812e+03
4.8743007812e+03
4.8490942383e+03
4.8822187500e+03
3.3979201660e+03
3.3814028320e+03
3.3975566406e+03
3.3975566406e+03
3.3814028320e+03
3.3979201660e+03
1.9317364502e+03
1.9135373535e+03
1.9178001709e+03
1.9178001709e+03
1.9135373535e+03
1.9317364502e+03
4.4889785767e+02
4.3970272827e+02
4.3387350464e+02
4.3387347412e+02
4.3970272827e+02
4.4889785767e+02
-1.0367486572e+03
-1.0415153809e+03
-1.0574870605e+03
-1.0574870605e+03
-1.0415153809e+03
-1.0367486572e+03
-2.5371020508e+03
-2.5329912109e+03
-2.5585629883e+03
-2.5585629883e+03
-2.5329912109e+03
-2.5371020508e+03
-4.0447043457e+03
-4.0364133301e+03
-4.0720166016e+03
-4.0720166016e+03
-4.0364133301e+03
-4.0447043457e+03
-5.5755219727e+03
-5.5544951172e+03
-5.5999194336e+03
-5.5999194336e+03
-5.5544951172e+03
-5.5755219727e+03
-7.1026396484e+03
-7.0872944336e+03
-7.1454086914e+03
-7.1454086914e+03
-7.0872944336e+03
-7.1026396484e+03
-8.6853779297e+03
-8.6432001953e+03
-8.7092919922e+03
-8.7092919922e+03
-8.6432001953e+03
-8.6853789062e+03
-1.0263872070e+04
-1.0229590820e+04
-1.0297689453e+04
-1.0297689453e+04
-1.0229590820e+04
-1.0263872070e+04
6.5196347656e+03
6.5237768555e+03
6.5057514648e+03
6.5057514648e+03
6.5237763672e+03
6.5196347656e+03
5.0176450195e+03
5.0206674805e+03
5.0045834961e+03
5.0045834961e+03
5.0206674805e+03
5.0176450195e+03
3.5236621094e+03
3.5160478516e+03
3.5029689941e+03
3.5029689941e+03
3.5160478516e+03
3.5236621094e+03
2.0142120361e+03
2.0080606689e+03
1.9995555420e+03
1.9995555420e+03
2.0080606689e+03
2.0142120361e+03
5.1002664185e+02
4.9647467041e+02
4.9059463501e+02
4.9059463501e+02
4.9647467041e+02
5.1002664185e+02
-1.0075963745e+03
-1.0235135498e+03
-1.0260921631e+03
-1.0260921631e+03
-1.0235135498e+03
-1.0075963745e+03
-2.5307832031e+03
-2.5533276367e+03
-2.5531972656e+03
-2.5531972656e+03
-2.5533276367e+03
-2.5307829590e+03
-4.0725090332e+03
-4.0968911133e+03
-4.0934257812e+03
-4.0934257812e+03
-4.0968911133e+03
-4.0725090332e+03
-5.6211396484e+03
-5.6555791016e+03
-5.6498417969e+03
-5.6498417969e+03
-5.6555791016e+03
-5.6211396484e+03
-7.2067597656e+03
-7.2361118164e+03
-7.2247597656e+03
-7.2247597656e+03
-7.2361118164e+03
-7.2067597656e+03
-8.7926201172e+03
-8.8376210938e+03
-8.8233310547e+03
-8.8233310547e+03
-8.8376210938e+03
-8.7926201172e+03
-1.0418840820e+04
-1.0460396484e+04
-1.0446901367e+04
-1.0446901367e+04
-1.0460396484e+04
-1.0418840820e+04
6.6198442383e+03
6.6105512695e+03
6.6112270508e+03
6.6112270508e+03
6.6105512695e+03
6.6198442383e+03
5.1031630859e+03
5.0926142578e+03
5.0922509766e+03
5.0922509766e+03
5.0926142578e+03
5.1031630859e+03
3.5835771484e+03
3.5749062500e+03
3.5728632812e+03
3.5728632812e+03
3.5749062500e+03
3.5835771484e+03
2.0687102051e+03
2.0550915527e+03
2.0500927734e+03
2.0500927734e+03
2.0550915527e+03
2.0687102051e+03
5.4002770996e+02
5.2832598877e+02
5.2217535400e+02
5.2217535400e+02
5.2832598877e+02
5.4002770996e+02
-9.9099639893e+02
-1.0053392944e+03
-1.0136099243e+03
-1.0136099243e+03
-1.0053392944e+03
-9.9099639893e+02
-2.5377932129e+03
-2.5507121582e+03
-2.5603620605e+03
-2.5603620605e+03
-2.5507121582e+03
-2.5377932129e+03
-4.0926320801e+03
-4.1088510742e+03
-4.1206386719e+03
-4.1206386719e+03
-4.1088510742e+03
-4.0926320801e+03
-5.6730151367e+03
-5.6850170898e+03
-5.6974804688e+03
-5.6974804688e+03
-5.6850170898e+03
-5.6730151367e+03
-7.2592333984e+03
-7.2787451172e+03
-7.2944746094e+03
-7.2944746094e+03
-7.2787451172e+03
-7.2592333984e+03
-8.8828994141e+03
-8.8960742188e+03
-8.9132382812e+03
-8.9132382812e+03
-8.8960742188e+03
-8.8828994141e+03
-1.0526684570e+04
-1.0542086914e+04
-1.0557568359e+04
-1.0557568359e+04
-1.0542086914e+04
-1.0526684570e+04
6.6399409180e+03
6.6321596680e+03
6.6286308594e+03
6.6286308594e+03
6.6321596680e+03
6.6399409180e+03
5.1191972656e+03
5.1103803711e+03
5.1061044922e+03
5.1061044922e+03
5.1103803711e+03
5.1191972656e+03
3.5996853027e+03
3.5882182617e+03
3.5832355957e+03
3.5832355957e+03
3.5882182617e+03
3.5996853027e+03
2.0727980957e+03
2.0627866211e+03
2.0576889648e+03
2.0576889648e+03
2.0627866211e+03
2.0727980957e+03
5.4691705322e+02
5.3356250000e+02
5.2702587891e+02
5.2702587891e+02
5.3356250000e+02
5.4691705322e+02
-9.9249261475e+02
-1.0050770264e+03
-1.0119782104e+03
-1.0119782104e+03
-1.0050770264e+03
-9.9249261475e+02
-2.5375480957e+03
-2.5530583496e+03
-2.5611159668e+03
-2.5611159668e+03
-2.5530583496e+03
-2.5375480957e+03
-4.1015488281e+03
-4.1157104492e+03
-4.1239882812e+03
-4.1239882812e+03
-4.1157104492e+03
-4.1015488281e+03
-5.6739892578e+03
-5.6930981445e+03
-5.7031352539e+03
-5.7031352539e+03
-5.6930981445e+03
-5.6739892578e+03
-7.2761611328e+03
-7.2917573242e+03
-7.3012475586e+03
-7.3012475586e+03
-7.2917573242e+03
-7.2761611328e+03
-8.8926357422e+03
-8.9124355469e+03
-8.9223144531e+03
-8.9223154297e+03
-8.9124355469e+03
-8.8926357422e+03
-1.0538517578e+04
-1.0558168945e+04
-1.0569208984e+04
-1.0569208984e+04
-1.0558168945e+04
-1.0538517578e+04
6.5806596680e+03
6.5761640625e+03
6.5709443359e+03
6.5709443359e+03
6.5761640625e+03
6.5806596680e+03
5.0670468750e+03
5.0615546875e+03
5.0564086914e+03
5.0564086914e+03
5.0615546875e+03
5.0670468750e+03
3.5543752441e+03
3.5470217285e+03
3.5418989258e+03
3.5418989258e+03
3.5470217285e+03
3.5543752441e+03
2.0424339600e+03
2.0314399414e+03
2.0256124268e+03
2.0256124268e+03
2.0314399414e+03
2.0424339600e+03
5.2087255859e+02
5.0961325073e+02
5.0412689209e+02
5.0412689209e+02
5.0961325073e+02
5.2087255859e+02
-1.0027640381e+03
-1.0174685669e+03
-1.0235862427e+03
-1.0235862427e+03
-1.0174685669e+03
-1.0027640381e+03
-2.5411557617e+03
-2.5560310059e+03
-2.5619296875e+03
-2.5619296875e+03
-2.5560310059e+03
-2.5411557617e+03
-4.0867370605e+03
-4.1056103516e+03
-4.1122353516e+03
-4.1122353516e+03
-4.1056103516e+03
-4.0867370605e+03
-5.6544912109e+03
-5.6722045898e+03
-5.6781728516e+03
-5.6781728516e+03
-5.6722045898e+03
-5.6544912109e+03
-7.2331674805e+03
-7.2558129883e+03
-7.2626215820e+03
-7.2626215820e+03
-7.2558129883e+03
-7.2331674805e+03
-8.8391259766e+03
-8.8615000000e+03
-8.8683798828e+03
-8.8683798828e+03
-8.8615000000e+03
-8.8391259766e+03
-1.0469060547e+04
-1.0492230469e+04
-1.0498278320e+04
-1.0498278320e+04
-1.0492230469e+04
-1.0469060547e+04
6.4477436523e+03
6.4398110352e+03
6.4383139648e+03
6.4383139648e+03
6.4398110352e+03
6.4477436523e+03
4.9536035156e+03
4.9452094727e+03
4.9430332031e+03
4.9430332031e+03
4.9452094727e+03
4.9536035156e+03
3.4617424316e+03
3.4524597168e+03
3.4492910156e+03
3.4492910156e+03
3.4524597168e+03
3.4617424316e+03
1.9666901855e+03
1.9575717773e+03
1.9535068359e+03
1.9535068359e+03
1.9575717773e+03
1.9666901855e+03
4.7248574829e+02
4.6136395264e+02
4.5568945312e+02
4.5568945312e+02
4.6136395264e+02
4.7248574829e+02
-1.0325788574e+03
-1.0430767822e+03
-1.0495207520e+03
-1.0495207520e+03
-1.0430767822e+03
-1.0325788574e+03
-2.5411967773e+03
-2.5538073730e+03
-2.5618110352e+03
-2.5618110352e+03
-2.5538073730e+03
-2.5411967773e+03
-4.0658259277e+03
-4.0774079590e+03
-4.0860292969e+03
-4.0860292969e+03
-4.0774079590e+03
-4.0658259277e+03
-5.5987153320e+03
-5.6132133789e+03
-5.6236655273e+03
-5.6236655273e+03
-5.6132133789e+03
-5.5987153320e+03
-7.1535419922e+03
-7.1669526367e+03
-7.1779555664e+03
-7.1779555664e+03
-7.1669526367e+03
-7.1535419922e+03
-8.7248925781e+03
-8.7396269531e+03
-8.7517373047e+03
-8.7517373047e+03
-8.7396269531e+03
-8.7248925781e+03
-1.0319310547e+04
-1.0335541992e+04
-1.0348376953e+04
-1.0348376953e+04
-1.0335541992e+04
-1.0319310547e+04
6.2385058594e+03
6.2350610352e+03
6.2304833984e+03
6.2304833984e+03
6.2350610352e+03
6.2385058594e+03
4.7747250977e+03
4.7711137695e+03
4.7669140625e+03
4.7669140625e+03
4.7711137695e+03
4.7747250977e+03
3.3143164062e+03
3.3087275391e+03
3.3047963867e+03
3.3047963867e+03
3.3087275391e+03
3.3143164062e+03
1.8568443604e+03
1.8489729004e+03
1.8447235107e+03
1.8447235107e+03
1.8489729004e+03
1.8568443604e+03
3.9334924316e+02
3.8461355591e+02
3.8053982544e+02
3.8053982544e+02
3.8461355591e+02
3.9334924316e+02
-1.0693391113e+03
-1.0807843018e+03
-1.0853693848e+03
-1.0853693848e+03
-1.0807843018e+03
-1.0693391113e+03
-2.5434147949e+03
-2.5553479004e+03
-2.5597209473e+03
-2.5597209473e+03
-2.5553479004e+03
-2.5434147949e+03
-4.0218151855e+03
-4.0368537598e+03
-4.0418449707e+03
-4.0418449707e+03
-4.0368537598e+03
-4.0218151855e+03
-5.5161962891e+03
-5.5313701172e+03
-5.5360644531e+03
-5.5360644531e+03
-5.5313701172e+03
-5.5161962891e+03
-7.0209204102e+03
-7.0391191406e+03
-7.0443315430e+03
-7.0443315430e+03
-7.0391191406e+03
-7.0209204102e+03
-8.5448164062e+03
-8.5643798828e+03
-8.5698779297e+03
-8.5698779297e+03
-8.5643798828e+03
-8.5448164062e+03
-1.0088297852e+04
-1.0109217773e+04
-1.0114897461e+04
-1.0114897461e+04
-1.0109217773e+04
-1.0088297852e+04
5.9621240234e+03
5.9569052734e+03
5.9554086914e+03
5.9554086914e+03
5.9569052734e+03
5.9621240234e+03
4.5390781250e+03
4.5344946289e+03
4.5329648438e+03
4.5329648438e+03
4.5344946289e+03
4.5390781250e+03
3.1230817871e+03
3.1179306641e+03
3.1160019531e+03
3.1160019531e+03
3.1179306641e+03
3.1230817871e+03
1.7064873047e+03
1.7009003906e+03
1.6982618408e+03
1.6982618408e+03
1.7009003906e+03
1.7064873047e+03
2.9504190063e+02
2.8809945679e+02
2.8433071899e+02
2.8433071899e+02
2.8809945679e+02
2.9504190063e+02
-1.1237762451e+03
-1.1306385498e+03
-1.1350399170e+03
-1.1350399170e+03
-1.1306385498e+03
-1.1237762451e+03
-2.5417343750e+03
-2.5502324219e+03
-2.5558833008e+03
-2.5558833008e+03
-2.5502324219e+03
-2.5417343750e+03
-3.9703005371e+03
-3.9785029297e+03
-3.9847023926e+03
-3.9847023926e+03
-3.9785029297e+03
-3.9703005371e+03
-5.4040751953e+03
-5.4141318359e+03
-5.4216875000e+03
-5.4216875000e+03
-5.4141318359e+03
-5.4040751953e+03
-6.8513984375e+03
-6.8617631836e+03
-6.8700683594e+03
-6.8700683594e+03
-6.8617631836e+03
-6.8513984375e+03
-8.3111679688e+03
-8.3224199219e+03
-8.3320888672e+03
-8.3320888672e+03
-8.3224199219e+03
-8.3111669922e+03
-9.7862080078e+03
-9.8003945312e+03
-9.8110273438e+03
-9.8110273438e+03
-9.8003945312e+03
-9.7862080078e+03
5.6191738281e+03
5.6172011719e+03
5.6143315430e+03
5.6143315430e+03
5.6172011719e+03
5.6191738281e+03
4.2486640625e+03
4.2477265625e+03
4.2457250977e+03
4.2457250977e+03
4.2477265625e+03
4.2486640625e+03
2.8838315430e+03
2.8816921387e+03
2.8801318359e+03
2.8801318359e+03
2.8816921387e+03
2.8838315430e+03
1.5284792480e+03
1.5249587402e+03
1.5232192383e+03
1.5232192383e+03
1.5249587402e+03
1.5284792480e+03
1.6963462830e+02
1.6517089844e+02
1.6340719604e+02
1.6340719604e+02
1.6517089844e+02
1.6963462830e+02
-1.1823507080e+03
-1.1886788330e+03
-1.1908961182e+03
-1.1908961182e+03
-1.1886788330e+03
-1.1823507080e+03
-2.5409763184e+03
-2.5479191895e+03
-2.5501101074e+03
-2.5501101074e+03
-2.5479191895e+03
-2.5409763184e+03
-3.8990454102e+03
-3.9081335449e+03
-3.9108862305e+03
-3.9108862305e+03
-3.9081335449e+03
-3.8990454102e+03
-5.2652055664e+03
-5.2750141602e+03
-5.2778515625e+03
-5.2778515625e+03
-5.2750141602e+03
-5.2652055664e+03
-6.6373251953e+03
-6.6491469727e+03
-6.6525766602e+03
-6.6525766602e+03
-6.6491469727e+03
-6.6373251953e+03
-8.0196357422e+03
-8.0333701172e+03
-8.0376723633e+03
-8.0376723633e+03
-8.0333701172e+03
-8.0196357422e+03
-9.4131748047e+03
-9.4296748047e+03
-9.4350654297e+03
-9.4350654297e+03
-9.4296748047e+03
-9.4131748047e+03
5.2193378906e+03
5.2174746094e+03
5.2162602539e+03
5.2162602539e+03
5.2174746094e+03
5.2193378906e+03
3.9074665527e+03
3.9078457031e+03
3.9073205566e+03
3.9073205566e+03
3.9078457031e+03
3.9074665527e+03
2.6105991211e+03
2.6106608887e+03
2.6104689941e+03
2.6104689941e+03
2.6106608887e+03
2.6105991211e+03
1.3141312256e+03
1.3136864014e+03
1.3131286621e+03
1.3131286621e+03
1.3136864014e+03
1.3141312256e+03
3.1192106247e+01
2.9886655807e+01
2.8633621216e+01
2.8633621216e+01
2.9886657715e+01
3.1192110062e+01
-1.2558305664e+03
-1.2573978271e+03
-1.2591425781e+03
-1.2591425781e+03
-1.2573978271e+03
-1.2558305664e+03
-2.5354980469e+03
-2.5382124023e+03
-2.5408569336e+03
-2.5408569336e+03
-2.5382124023e+03
-2.5354980469e+03
-3.8188657227e+03
-3.8217751465e+03
-3.8249069824e+03
-3.8249069824e+03
-3.8217751465e+03
-3.8188657227e+03
-5.1022954102e+03
-5.1064199219e+03
-5.1105576172e+03
-5.1105576172e+03
-5.1064199219e+03
-5.1022954102e+03
-6.3897207031e+03
-6.3948544922e+03
-6.3998437500e+03
-6.3998437500e+03
-6.3948544922e+03
-6.3897207031e+03
-7.6826718750e+03
-7.6888881836e+03
-7.6955322266e+03
-7.6955322266e+03
-7.6888881836e+03
-7.6826718750e+03
-8.9809804688e+03
-8.9917880859e+03
-9.0000087891e+03
-9.0000087891e+03
-8.9917880859e+03
-8.9809804688e+03
4.7648647461e+03
4.7652050781e+03
4.7640151367e+03
4.7640151367e+03
4.7652050781e+03
4.7648647461e+03
3.5266174316e+03
3.5293420410e+03
3.5298161621e+03
3.5298161621e+03
3.5293420410e+03
3.5266174316e+03
2.2948176270e+03
2.2972272949e+03
2.2985156250e+03
2.2985156250e+03
2.2972272949e+03
2.2948176270e+03
1.0834656982e+03
1.0852232666e+03
1.0865289307e+03
1.0865289307e+03
1.0852232666e+03
1.0834656982e+03
-1.3075845337e+02
-1.2986482239e+02
-1.2863200378e+02
-1.2863200378e+02
-1.2986482239e+02
-1.3075845337e+02
-1.3293833008e+03
-1.3296569824e+03
-1.3287435303e+03
-1.3287435303e+03
-1.3296569824e+03
-1.3293833008e+03
-2.5292685547e+03
-2.5302077637e+03
-2.5293706055e+03
-2.5293706055e+03
-2.5302077637e+03
-2.5292685547e+03
-3.7224045410e+03
-3.7247504883e+03
-3.7243698730e+03
-3.7243698730e+03
-3.7247504883e+03
-3.7224045410e+03
-4.9145654297e+03
-4.9178696289e+03
-4.9177910156e+03
-4.9177910156e+03
-4.9178696289e+03
-4.9145654297e+03
-6.1068251953e+03
-6.1116049805e+03
-6.1122382812e+03
-6.1122382812e+03
-6.1116049805e+03
-6.1068251953e+03
-7.2987446289e+03
-7.3057915039e+03
-7.3079721680e+03
-7.3079721680e+03
-7.3057915039e+03
-7.2987446289e+03
-8.4920302734e+03
-8.5035244141e+03
-8.5077373047e+03
-8.5077373047e+03
-8.5035244141e+03
-8.4920302734e+03
4.2671293945e+03
4.2685463867e+03
4.2681191406e+03
4.2681191406e+03
4.2685463867e+03
4.2671293945e+03
3.1000090332e+03
3.1057358398e+03
3.1066245117e+03
3.1066245117e+03
3.1057358398e+03
3.1000090332e+03
1.9604039307e+03
1.9663359375e+03
1.9682088623e+03
1.9682088623e+03
1.9663359375e+03
1.9604039307e+03
8.1851275635e+02
8.2399871826e+02
8.2584954834e+02
8.2584954834e+02
8.2399871826e+02
8.1851275635e+02
-2.9754107666e+02
-2.9242117310e+02
-2.9090252686e+02
-2.9090252686e+02
-2.9242117310e+02
-2.9754107666e+02
-1.4150390625e+03
-1.4103178711e+03
-1.4091693115e+03
-1.4091693115e+03
-1.4103178711e+03
-1.4150390625e+03
-2.5176733398e+03
-2.5136538086e+03
-2.5131293945e+03
-2.5131293945e+03
-2.5136538086e+03
-2.5176733398e+03
-3.6163386230e+03
-3.6127421875e+03
-3.6126535645e+03
-3.6126535645e+03
-3.6127421875e+03
-3.6163386230e+03
-4.7092290039e+03
-4.7064409180e+03
-4.7071484375e+03
-4.7071484375e+03
-4.7064409180e+03
-4.7092290039e+03
-5.7952280273e+03
-5.7938481445e+03
-5.7955166016e+03
-5.7955166016e+03
-5.7938481445e+03
-5.7952280273e+03
-6.8797412109e+03
-6.8797495117e+03
-6.8833974609e+03
-6.8833974609e+03
-6.8797495117e+03
-6.8797412109e+03
-7.9581005859e+03
-7.9645463867e+03
-7.9705068359e+03
-7.9705068359e+03
-7.9645463867e+03
-7.9581005859e+03
3.7250651855e+03
3.7285207520e+03
3.7284414062e+03
3.7284414062e+03
3.7285207520e+03
3.7250651855e+03
2.6536677246e+03
2.6607155762e+03
2.6634040527e+03
2.6634040527e+03
2.6607155762e+03
2.6536677246e+03
1.5841905518e+03
1.5914976807e+03
1.5956544189e+03
1.5956544189e+03
1.5914976807e+03
1.5841905518e+03
5.5231555176e+02
5.5980072021e+02
5.6426068115e+02
5.6426068115e+02
5.5980072021e+02
5.5231555176e+02
-4.8483288574e+02
-4.7810821533e+02
-4.7370022583e+02
-4.7370022583e+02
-4.7810821533e+02
-4.8483288574e+02
-1.4964708252e+03
-1.4903614502e+03
-1.4861385498e+03
-1.4861385498e+03
-1.4903614502e+03
-1.4964708252e+03
-2.5035031738e+03
-2.4980202637e+03
-2.4939033203e+03
-2.4939033203e+03
-2.4980202637e+03
-2.5035031738e+03
-3.4973764648e+03
-3.4927712402e+03
-3.4890183105e+03
-3.4890183105e+03
-3.4927712402e+03
-3.4973764648e+03
-4.4806743164e+03
-4.4770727539e+03
-4.4737290039e+03
-4.4737290039e+03
-4.4770727539e+03
-4.4806743164e+03
-5.4589926758e+03
-5.4565048828e+03
-5.4540156250e+03
-5.4540156250e+03
-5.4565048828e+03
-5.4589926758e+03
-6.4245791016e+03
-6.4247319336e+03
-6.4244882812e+03
-6.4244882812e+03
-6.4247319336e+03
-6.4245791016e+03
-7.3827275391e+03
-7.3889301758e+03
-7.3915791016e+03
-7.3915791016e+03
-7.3889301758e+03
-7.3827275391e+03
3.1570224609e+03
3.1604626465e+03
3.1620253906e+03
3.1620253906e+03
3.1604626465e+03
3.1570224609e+03
2.1597922363e+03
2.1700234375e+03
2.1732568359e+03
2.1732568359e+03
2.1700234375e+03
2.1597922363e+03
1.2114571533e+03
1.2230933838e+03
1.2276434326e+03
1.2276434326e+03
1.2230933838e+03
1.2114571533e+03
2.5069880676e+02
2.6176419067e+02
2.6651461792e+02
2.6651461792e+02
2.6176419067e+02
2.5069880676e+02
-6.6873376465e+02
-6.5759698486e+02
-6.5285510254e+02
-6.5285510254e+02
-6.5759698486e+02
-6.6873376465e+02
-1.5868065186e+03
-1.5761192627e+03
-1.5715697021e+03
-1.5715697021e+03
-1.5761192627e+03
-1.5868065186e+03
-2.4833381348e+03
-2.4730476074e+03
-2.4688759766e+03
-2.4688759766e+03
-2.4730476074e+03
-2.4833381348e+03
-3.3682819824e+03
-3.3585024414e+03
-3.3546625977e+03
-3.3546625977e+03
-3.3585024414e+03
-3.3682819824e+03
-4.2420712891e+03
-4.2328803711e+03
-4.2296943359e+03
-4.2296943359e+03
-4.2328803711e+03
-4.2420712891e+03
-5.0968969727e+03
-5.0894238281e+03
-5.0872333984e+03
-5.0872333984e+03
-5.0894238281e+03
-5.0968969727e+03
-5.9462202148e+03
-5.9403457031e+03
-5.9404067383e+03
-5.9404067383e+03
-5.9403457031e+03
-5.9462202148e+03
-6.7760986328e+03
-6.7784121094e+03
-6.7817358398e+03
-6.7817358398e+03
-6.7784121094e+03
-6.7760986328e+03
2.5467480469e+03
2.5554541016e+03
2.5537790527e+03
2.5537790527e+03
2.5554541016e+03
2.5467480469e+03
1.6750568848e+03
1.6882579346e+03
1.6908144531e+03
1.6908144531e+03
1.6882579346e+03
1.6750568848e+03
7.8746301270e+02
8.0036102295e+02
8.0548504639e+02
8.0548504639e+02
8.0036102295e+02
7.8746301270e+02
-3.6182174683e+01
-2.2091766357e+01
-1.6175975800e+01
-1.6175970078e+01
-2.2091770172e+01
-3.6182182312e+01
-8.6978393555e+02
-8.5622979736e+02
-8.5032257080e+02
-8.5032250977e+02
-8.5622979736e+02
-8.6978399658e+02
-1.6702399902e+03
-1.6568125000e+03
-1.6511239014e+03
-1.6511239014e+03
-1.6568125000e+03
-1.6702399902e+03
-2.4595087891e+03
-2.4465319824e+03
-2.4410888672e+03
-2.4410888672e+03
-2.4465319824e+03
-2.4595087891e+03
-3.2299270020e+03
-3.2174211426e+03
-3.2124272461e+03
-3.2124272461e+03
-3.2174211426e+03
-3.2299270020e+03
-3.9809348145e+03
-3.9693151855e+03
-3.9648823242e+03
-3.9648823242e+03
-3.9693151855e+03
-3.9809348145e+03
-4.7243608398e+03
-4.7135322266e+03
-4.7102539062e+03
-4.7102539062e+03
-4.7135322266e+03
-4.7243608398e+03
-5.4397377930e+03
-5.4320170898e+03
-5.4315966797e+03
-5.4315966797e+03
-5.4320170898e+03
-5.4397377930e+03
-6.1438657227e+03
-6.1437431641e+03
-6.1464291992e+03
-6.1464291992e+03
-6.1437431641e+03
-6.1438657227e+03
1.9394504395e+03
1.9389317627e+03
1.9465588379e+03
1.9465588379e+03
1.9389317627e+03
1.9394504395e+03
1.1258175049e+03
1.1345582275e+03
1.1437906494e+03
1.1437906494e+03
1.1345582275e+03
1.1258175049e+03
4.0163171387e+02
4.1466564941e+02
4.2505044556e+02
4.2505044556e+02
4.1466564941e+02
4.0163171387e+02
-3.5685284424e+02
-3.4459368896e+02
-3.3409976196e+02
-3.3409976196e+02
-3.4459368896e+02
-3.5685284424e+02
-1.0606783447e+03
-1.0482762451e+03
-1.0375379639e+03
-1.0375379639e+03
-1.0482762451e+03
-1.0606783447e+03
-1.7572331543e+03
-1.7454731445e+03
-1.7344835205e+03
-1.7344835205e+03
-1.7454731445e+03
-1.7572331543e+03
-2.4276853027e+03
-2.4163459473e+03
-2.4051953125e+03
-2.4051953125e+03
-2.4163459473e+03
-2.4276853027e+03
-3.0795263672e+03
-3.0688972168e+03
-3.0576250000e+03
-3.0576250000e+03
-3.0688972168e+03
-3.0795263672e+03
-3.7152446289e+03
-3.7053510742e+03
-3.6943869629e+03
-3.6943869629e+03
-3.7053510742e+03
-3.7152446289e+03
-4.3201240234e+03
-4.3123662109e+03
-4.3021567383e+03
-4.3021567383e+03
-4.3123662109e+03
-4.3201240234e+03
-4.9225449219e+03
-4.9164233398e+03
-4.9089140625e+03
-4.9089140625e+03
-4.9164233398e+03
-4.9225449219e+03
-5.4879531250e+03
-5.4908398438e+03
-5.4885258789e+03
-5.4885258789e+03
-5.4908398438e+03
-5.4879531250e+03
1.2688416748e+03
1.2892659912e+03
1.2772094727e+03
1.2772094727e+03
1.2892659912e+03
1.2688415527e+03
6.3749841309e+02
6.6358990479e+02
6.5715478516e+02
6.5715478516e+02
6.6358990479e+02
6.3749841309e+02
-6.0297294617e+01
-3.7313228607e+01
-4.0042686462e+01
-4.0042682648e+01
-3.7313240051e+01
-6.0297309875e+01
-6.5978735352e+02
-6.3477740479e+02
-6.3591033936e+02
-6.3591033936e+02
-6.3477740479e+02
-6.5978741455e+02
-1.2675937500e+03
-1.2420080566e+03
-1.2428636475e+03
-1.2428636475e+03
-1.2420080566e+03
-1.2675937500e+03
-1.8415109863e+03
-1.8148798828e+03
-1.8162131348e+03
-1.8162131348e+03
-1.8148798828e+03
-1.8415109863e+03
-2.3980681152e+03
-2.3708979492e+03
-2.3730771484e+03
-2.3730771484e+03
-2.3708979492e+03
-2.3980681152e+03
-2.9316159668e+03
-2.9039602051e+03
-2.9072646484e+03
-2.9072646484e+03
-2.9039602051e+03
-2.9316159668e+03
-3.4384284668e+03
-3.4108884277e+03
-3.4153547363e+03
-3.4153547363e+03
-3.4108884277e+03
-3.4384284668e+03
-3.9344187012e+03
-3.9072534180e+03
-3.9134458008e+03
-3.9134458008e+03
-3.9072534180e+03
-3.9344187012e+03
-4.3813403320e+03
-4.3581816406e+03
-4.3668906250e+03
-4.3668906250e+03
-4.3581816406e+03
-4.3813403320e+03
-4.8264487305e+03
-4.8137631836e+03
-4.8235908203e+03
-4.8235908203e+03
-4.8137631836e+03
-4.8264487305e+03
6.7608264160e+02
6.6368804932e+02
6.9763409424e+02
6.9763415527e+02
6.6368811035e+02
6.7608264160e+02
3.3498668671e+01
2.9382305145e+01
6.3967159271e+01
6.3967178345e+01
2.9382326126e+01
3.3498676300e+01
-4.4131954956e+02
-4.3458831787e+02
-3.9794296265e+02
-3.9794296265e+02
-4.3458828735e+02
-4.4131954956e+02
-9.7826953125e+02
-9.6956140137e+02
-9.3177642822e+02
-9.3177642822e+02
-9.6956134033e+02
-9.7826953125e+02
-1.4668620605e+03
-1.4574820557e+03
-1.4184569092e+03
-1.4184569092e+03
-1.4574819336e+03
-1.4668620605e+03
-1.9357929688e+03
-1.9275290527e+03
-1.8870128174e+03
-1.8870128174e+03
-1.9275289307e+03
-1.9357929688e+03
-2.3701379395e+03
-2.3635153809e+03
-2.3214687500e+03
-2.3214687500e+03
-2.3635153809e+03
-2.3701379395e+03
-2.7737963867e+03
-2.7696059570e+03
-2.7262841797e+03
-2.7262841797e+03
-2.7696059570e+03
-2.7737963867e+03
-3.1539421387e+03
-3.1523757324e+03
-3.1087612305e+03
-3.1087612305e+03
-3.1523757324e+03
-3.1539421387e+03
-3.4969887695e+03
-3.4986367188e+03
-3.4560466309e+03
-3.4560466309e+03
-3.4986364746e+03
-3.4969887695e+03
-3.8477353516e+03
-3.8505253906e+03
-3.8134199219e+03
-3.8134199219e+03
-3.8505253906e+03
-3.8477353516e+03
-4.1278120117e+03
-4.1370893555e+03
-4.1096464844e+03
-4.1096464844e+03
-4.1370893555e+03
-4.1278120117e+03
-5.7312610626e+01
2.8472065926e+00
-4.3071414948e+01
-4.3071437836e+01
2.8471548557e+00
-5.7312644958e+01
-3.9201141357e+02
-3.1701562500e+02
-3.5393835449e+02
-3.5393838501e+02
-3.1701568604e+02
-3.9201144409e+02
-9.1193212891e+02
-8.4354382324e+02
-8.7935278320e+02
-8.7935278320e+02
-8.4354382324e+02
-9.1193218994e+02
-1.3223548584e+03
-1.2561324463e+03
-1.2938704834e+03
-1.2938704834e+03
-1.2561324463e+03
-1.3223549805e+03
-1.7054267578e+03
-1.6391806641e+03
-1.6798261719e+03
-1.6798261719e+03
-1.6391806641e+03
-1.7054267578e+03
-2.0478659668e+03
-1.9789571533e+03
-2.0225562744e+03
-2.0225562744e+03
-1.9789572754e+03
-2.0478659668e+03
-2.3629626465e+03
-2.2902614746e+03
-2.3365568848e+03
-2.3365568848e+03
-2.2902614746e+03
-2.3629626465e+03
-2.6489221191e+03
-2.5722556152e+03
-2.6208015137e+03
-2.6208015137e+03
-2.5722558594e+03
-2.6489221191e+03
-2.8949636230e+03
-2.8162099609e+03
-2.8662019043e+03
-2.8662019043e+03
-2.8162099609e+03
-2.8949636230e+03
-3.1127185059e+03
-3.0358703613e+03
-3.0867438965e+03
-3.0867441406e+03
-3.0358706055e+03
-3.1127185059e+03
-3.2619414062e+03
-3.1947136230e+03
-3.2453527832e+03
-3.2453527832e+03
-3.1947136230e+03
-3.2619414062e+03
-3.4459799805e+03
-3.4021154785e+03
-3.4537797852e+03
-3.4537797852e+03
-3.4021154785e+03
-3.4459799805e+03
-3.9469018555e+02
-5.2352886963e+02
-5.1748815918e+02
-5.1748815918e+02
-5.2352880859e+02
-3.9469012451e+02
-1.0233461304e+03
-1.1582352295e+03
-1.1518331299e+03
-1.1518331299e+03
-1.1582351074e+03
-1.0233460693e+03
-1.2911516113e+03
-1.4323583984e+03
-1.4225372314e+03
-1.4225372314e+03
-1.4323582764e+03
-1.2911514893e+03
-1.5302570801e+03
-1.6776480713e+03
-1.6659592285e+03
-1.6659592285e+03
-1.6776479492e+03
-1.5302570801e+03
-1.7453021240e+03
-1.8990966797e+03
-1.8847779541e+03
-1.8847779541e+03
-1.8990966797e+03
-1.7453020020e+03
-1.9551539307e+03
-2.1153469238e+03
-2.0981269531e+03
-2.0981269531e+03
-2.1153466797e+03
-1.9551538086e+03
-2.1532695312e+03
-2.3184152832e+03
-2.2981721191e+03
-2.2981721191e+03
-2.3184152832e+03
-2.1532692871e+03
-2.3303891602e+03
-2.4975615234e+03
-2.4743554688e+03
-2.4743554688e+03
-2.4975615234e+03
-2.3303889160e+03
-2.4833164062e+03
-2.6477770996e+03
-2.6222531738e+03
-2.6222531738e+03
-2.6477768555e+03
-2.4833164062e+03
-2.5825766602e+03
-2.7386157227e+03
-2.7122639160e+03
-2.7122639160e+03
-2.7386157227e+03
-2.5825766602e+03
-2.6433679199e+03
-2.7872939453e+03
-2.7641022949e+03
-2.7641022949e+03
-2.7872937012e+03
-2.6433676758e+03
-2.5570983887e+03
-2.6920324707e+03
-2.6658813477e+03
-2.6658813477e+03
-2.6920322266e+03
-2.5570983887e+03
-1.9911259766e+03
-1.9658023682e+03
-1.9770327148e+03
-1.9770327148e+03
-1.9658023682e+03
-1.9911259766e+03
-1.8058970947e+03
-1.7682133789e+03
-1.7808549805e+03
-1.7808549805e+03
-1.7682133789e+03
-1.8058970947e+03
-1.7928797607e+03
-1.7372156982e+03
-1.7480548096e+03
-1.7480548096e+03
-1.7372156982e+03
-1.7928797607e+03
-1.8624979248e+03
-1.7912126465e+03
-1.7981926270e+03
-1.7981926270e+03
-1.7912126465e+03
-1.8624979248e+03
-1.9721744385e+03
-1.8873317871e+03
-1.8906374512e+03
-1.8906374512e+03
-1.8873317871e+03
-1.9721744385e+03
-2.0987470703e+03
-2.0023572998e+03
-2.0023002930e+03
-2.0023002930e+03
-2.0023572998e+03
-2.0987473145e+03
-2.2201408691e+03
-2.1136523438e+03
-2.1101723633e+03
-2.1101723633e+03
-2.1136525879e+03
-2.2201408691e+03
-2.3236296387e+03
-2.2078857422e+03
-2.2003276367e+03
-2.2003276367e+03
-2.2078857422e+03
-2.3236296387e+03
-2.3841428223e+03
-2.2588750000e+03
-2.2458127441e+03
-2.2458125000e+03
-2.2588750000e+03
-2.3841428223e+03
-2.3927922363e+03
-2.2560881348e+03
-2.2357158203e+03
-2.2357158203e+03
-2.2560881348e+03
-2.3927922363e+03
-2.2882541504e+03
-2.1338256836e+03
-2.1067509766e+03
-2.1067509766e+03
-2.1338256836e+03
-2.2882543945e+03
-2.0621853027e+03
-1.8975732422e+03
-1.8740968018e+03
-1.8740966797e+03
-1.8975732422e+03
-2.0621853027e+03
