-5.3974550781e+03
-5.1714711914e+03
-5.1920502930e+03
-5.1920502930e+03
-5.1714711914e+03
-5.3974555664e+03
-4.5680512695e+03
-4.3543227539e+03
-4.3568823242e+03
-4.3568823242e+03
-4.3543227539e+03
-4.5680512695e+03
-3.9494287109e+03
-3.7682277832e+03
-3.7743640137e+03
-3.7743640137e+03
-3.7682280273e+03
-3.9494287109e+03
-3.3374948730e+03
-3.1794633789e+03
-3.1870891113e+03
-3.1870891113e+03
-3.1794633789e+03
-3.3374948730e+03
-2.7655913086e+03
-2.6324340820e+03
-2.6397282715e+03
-2.6397282715e+03
-2.6324340820e+03
-2.7655913086e+03
-2.1989401855e+03
-2.0902143555e+03
-2.0960559082e+03
-2.0960559082e+03
-2.0902143555e+03
-2.1989401855e+03
-1.6444285889e+03
-1.5610861816e+03
-1.5652178955e+03
-1.5652178955e+03
-1.5610861816e+03
-1.6444287109e+03
-1.0911165771e+03
-1.0330000000e+03
-1.0352022705e+03
-1.0352022705e+03
-1.0330000000e+03
-1.0911165771e+03
-5.4082556152e+02
-5.0830709839e+02
-5.0869705200e+02
-5.0869705200e+02
-5.0830712891e+02
-5.4082556152e+02
1.0167693138e+01
1.9371255875e+01
2.1140413284e+01
2.1140415192e+01
1.9371252060e+01
1.0167688370e+01
5.5600415039e+02
5.4003387451e+02
5.4675097656e+02
5.4675097656e+02
5.4003393555e+02
5.5600415039e+02
1.0607180176e+03
1.0472073975e+03
1.0764127197e+03
1.0764127197e+03
1.0472073975e+03
1.0607180176e+03
-4.3573735352e+03
-4.7568007812e+03
-4.6973940430e+03
-4.6973940430e+03
-4.7568007812e+03
-4.3573735352e+03
-4.1821733398e+03
-4.6067915039e+03
-4.5803613281e+03
-4.5803613281e+03
-4.6067910156e+03
-4.1821733398e+03
-3.6328911133e+03
-4.0138239746e+03
-3.9921950684e+03
-3.9921950684e+03
-4.0138237305e+03
-3.6328911133e+03
-3.1264584961e+03
-3.4642150879e+03
-3.4469560547e+03
-3.4469560547e+03
-3.4642148438e+03
-3.1264584961e+03
-2.5907382812e+03
-2.8759741211e+03
-2.8619658203e+03
-2.8619658203e+03
-2.8759738770e+03
-2.5907382812e+03
-2.0740437012e+03
-2.3051042480e+03
-2.2943098145e+03
-2.2943098145e+03
-2.3051040039e+03
-2.0740434570e+03
-1.5542193604e+03
-1.7287170410e+03
-1.7206370850e+03
-1.7206370850e+03
-1.7287169189e+03
-1.5542192383e+03
-1.0410515137e+03
-1.1592871094e+03
-1.1539057617e+03
-1.1539057617e+03
-1.1592871094e+03
-1.0410515137e+03
-5.2477264404e+02
-5.8620593262e+02
-5.8308203125e+02
-5.8308203125e+02
-5.8620593262e+02
-5.2477264404e+02
-7.4280357361e+00
-1.6154415131e+01
-1.5650915146e+01
-1.5650915146e+01
-1.6154411316e+01
-7.4280314445e+00
5.1937170410e+02
5.6570385742e+02
5.6264404297e+02
5.6264404297e+02
5.6570385742e+02
5.1937170410e+02
1.0917830811e+03
1.1486292725e+03
1.1259011230e+03
1.1259011230e+03
1.1486292725e+03
1.0917830811e+03
-4.8534296875e+03
-4.7427875977e+03
-4.8848496094e+03
-4.8848500977e+03
-4.7427875977e+03
-4.8534296875e+03
-4.1639062500e+03
-4.0388728027e+03
-4.1666293945e+03
-4.1666293945e+03
-4.0388730469e+03
-4.1639062500e+03
-3.7687290039e+03
-3.6686118164e+03
-3.7900407715e+03
-3.7900407715e+03
-3.6686118164e+03
-3.7687292480e+03
-3.2521474609e+03
-3.1644133301e+03
-3.2710407715e+03
-3.2710410156e+03
-3.1644133301e+03
-3.2521477051e+03
-2.7543349609e+03
-2.6827963867e+03
-2.7732746582e+03
-2.7732746582e+03
-2.6827966309e+03
-2.7543352051e+03
-2.2261538086e+03
-2.1686186523e+03
-2.2413505859e+03
-2.2413505859e+03
-2.1686186523e+03
-2.2261538086e+03
-1.7024122314e+03
-1.6594453125e+03
-1.7143729248e+03
-1.7143729248e+03
-1.6594453125e+03
-1.7024123535e+03
-1.1695539551e+03
-1.1397563477e+03
-1.1764610596e+03
-1.1764610596e+03
-1.1397563477e+03
-1.1695539551e+03
-6.3849645996e+02
-6.2262945557e+02
-6.4187927246e+02
-6.4187927246e+02
-6.2262951660e+02
-6.3849645996e+02
-1.0117890930e+02
-9.5985771179e+01
-9.8384162903e+01
-9.8384162903e+01
-9.5985778809e+01
-1.0117890930e+02
4.4275756836e+02
4.2923468018e+02
4.3769915771e+02
4.3769915771e+02
4.2923471069e+02
4.4275756836e+02
1.0064050903e+03
9.9119555664e+02
1.0123558350e+03
1.0123558350e+03
9.9119561768e+02
1.0064050903e+03
-4.6092612305e+03
-4.6582202148e+03
-4.5844951172e+03
-4.5844951172e+03
-4.6582202148e+03
-4.6092612305e+03
-4.2042773438e+03
-4.2537651367e+03
-4.1831254883e+03
-4.1831254883e+03
-4.2537651367e+03
-4.2042773438e+03
-3.6133239746e+03
-3.6460644531e+03
-3.5789150391e+03
-3.5789150391e+03
-3.6460644531e+03
-3.6133239746e+03
-3.1548208008e+03
-3.1833908691e+03
-3.1261879883e+03
-3.1261879883e+03
-3.1833908691e+03
-3.1548208008e+03
-2.6565375977e+03
-2.6775021973e+03
-2.6291704102e+03
-2.6291704102e+03
-2.6775021973e+03
-2.6565375977e+03
-2.1786745605e+03
-2.1947065430e+03
-2.1559597168e+03
-2.1559597168e+03
-2.1947065430e+03
-2.1786745605e+03
-1.6840196533e+03
-1.6945360107e+03
-1.6648789062e+03
-1.6648789062e+03
-1.6945360107e+03
-1.6840196533e+03
-1.1922227783e+03
-1.1985559082e+03
-1.1784310303e+03
-1.1784310303e+03
-1.1985559082e+03
-1.1922227783e+03
-6.9088989258e+02
-6.9183660889e+02
-6.8065399170e+02
-6.8065399170e+02
-6.9183660889e+02
-6.9088989258e+02
-1.8838552856e+02
-1.8719151306e+02
-1.8579780579e+02
-1.8579780579e+02
-1.8719151306e+02
-1.8838552856e+02
3.2235299683e+02
3.3185565186e+02
3.2786486816e+02
3.2786486816e+02
3.3185565186e+02
3.2235299683e+02
8.1411614990e+02
8.2347454834e+02
8.1386059570e+02
8.1386059570e+02
8.2347448730e+02
8.1411614990e+02
-4.5251850586e+03
-4.5007236328e+03
-4.5313432617e+03
-4.5313432617e+03
-4.5007236328e+03
-4.5251850586e+03
-3.9901518555e+03
-3.9683479004e+03
-3.9980583496e+03
-3.9980583496e+03
-3.9683479004e+03
-3.9901518555e+03
-3.5861843262e+03
-3.5721408691e+03
-3.5991396484e+03
-3.5991396484e+03
-3.5721408691e+03
-3.5861843262e+03
-3.0788259277e+03
-3.0641679688e+03
-3.0851279297e+03
-3.0851279297e+03
-3.0641679688e+03
-3.0788259277e+03
-2.6251850586e+03
-2.6139313965e+03
-2.6312346191e+03
-2.6312348633e+03
-2.6139313965e+03
-2.6251850586e+03
-2.1505407715e+03
-2.1406855469e+03
-2.1539133301e+03
-2.1539133301e+03
-2.1406855469e+03
-2.1505407715e+03
-1.6908051758e+03
-1.6836097412e+03
-1.6934942627e+03
-1.6934942627e+03
-1.6836097412e+03
-1.6908051758e+03
-1.2217519531e+03
-1.2162978516e+03
-1.2224260254e+03
-1.2224260254e+03
-1.2162978516e+03
-1.2217519531e+03
-7.5666186523e+02
-7.5454211426e+02
-7.5757714844e+02
-7.5757714844e+02
-7.5454217529e+02
-7.5666186523e+02
-2.8582391357e+02
-2.8426281738e+02
-2.8283013916e+02
-2.8283013916e+02
-2.8426281738e+02
-2.8582391357e+02
1.7715669250e+02
1.7414195251e+02
1.7734910583e+02
1.7734910583e+02
1.7414195251e+02
1.7715669250e+02
6.5648199463e+02
6.5312078857e+02
6.5834173584e+02
6.5834173584e+02
6.5312078857e+02
6.5648199463e+02
-4.3093334961e+03
-4.3248408203e+03
-4.3149697266e+03
-4.3149697266e+03
-4.3248408203e+03
-4.3093334961e+03
-3.9017102051e+03
-3.9129594727e+03
-3.9036311035e+03
-3.9036311035e+03
-3.9129594727e+03
-3.9017102051e+03
-3.4159448242e+03
-3.4232033691e+03
-3.4152216797e+03
-3.4152216797e+03
-3.4232033691e+03
-3.4159448242e+03
-3.0149179688e+03
-3.0228925781e+03
-3.0175825195e+03
-3.0175825195e+03
-3.0228923340e+03
-3.0149179688e+03
-2.5651687012e+03
-2.5706242676e+03
-2.5658159180e+03
-2.5658159180e+03
-2.5706242676e+03
-2.5651687012e+03
-2.1408754883e+03
-2.1457438965e+03
-2.1421679688e+03
-2.1421679688e+03
-2.1457438965e+03
-2.1408754883e+03
-1.7023679199e+03
-1.7055081787e+03
-1.7025852051e+03
-1.7025852051e+03
-1.7055081787e+03
-1.7023679199e+03
-1.2730363770e+03
-1.2754750977e+03
-1.2737484131e+03
-1.2737484131e+03
-1.2754750977e+03
-1.2730363770e+03
-8.3710528564e+02
-8.3741540527e+02
-8.3623394775e+02
-8.3623394775e+02
-8.3741540527e+02
-8.3710528564e+02
-4.0533779907e+02
-4.0578778076e+02
-4.0651464844e+02
-4.0651464844e+02
-4.0578778076e+02
-4.0533779907e+02
3.7968852997e+01
3.9839996338e+01
3.8692394257e+01
3.8692390442e+01
3.9839992523e+01
3.7968849182e+01
4.7398507690e+02
4.7595776367e+02
4.7418814087e+02
4.7418814087e+02
4.7595776367e+02
4.7398507690e+02
-4.1295649414e+03
-4.1278959961e+03
-4.1324042969e+03
-4.1324042969e+03
-4.1278959961e+03
-4.1295649414e+03
-3.7054074707e+03
-3.7063471680e+03
-3.7098718262e+03
-3.7098718262e+03
-3.7063471680e+03
-3.7054074707e+03
-3.3365305176e+03
-3.3379851074e+03
-3.3404411621e+03
-3.3404411621e+03
-3.3379851074e+03
-3.3365305176e+03
-2.9092702637e+03
-2.9091225586e+03
-2.9101577148e+03
-2.9101577148e+03
-2.9091225586e+03
-2.9092702637e+03
-2.5275644531e+03
-2.5282128906e+03
-2.5294289551e+03
-2.5294289551e+03
-2.5282128906e+03
-2.5275644531e+03
-2.1217238770e+03
-2.1215432129e+03
-2.1221411133e+03
-2.1221411133e+03
-2.1215432129e+03
-2.1217238770e+03
-1.7303853760e+03
-1.7304625244e+03
-1.7309898682e+03
-1.7309898682e+03
-1.7304625244e+03
-1.7303853760e+03
-1.3289406738e+03
-1.3283160400e+03
-1.3282523193e+03
-1.3282523193e+03
-1.3283160400e+03
-1.3289406738e+03
-9.3259411621e+02
-9.3251422119e+02
-9.3252478027e+02
-9.3252478027e+02
-9.3251422119e+02
-9.3259411621e+02
-5.2809387207e+02
-5.2690429688e+02
-5.2595483398e+02
-5.2595483398e+02
-5.2690429688e+02
-5.2809387207e+02
-1.2887516785e+02
-1.2812869263e+02
-1.2727149200e+02
-1.2727149200e+02
-1.2812869263e+02
-1.2887516785e+02
2.8145059204e+02
2.8195568848e+02
2.8270721436e+02
2.8270721436e+02
2.8195568848e+02
2.8145059204e+02
-3.9036706543e+03
-3.9056572266e+03
-3.9065969238e+03
-3.9065969238e+03
-3.9056572266e+03
-3.9036706543e+03
-3.5553024902e+03
-3.5540336914e+03
-3.5553779297e+03
-3.5553779297e+03
-3.5540336914e+03
-3.5553024902e+03
-3.1739616699e+03
-3.1726247559e+03
-3.1739809570e+03
-3.1739809570e+03
-3.1726247559e+03
-3.1739616699e+03
-2.8369392090e+03
-2.8361613770e+03
-2.8377368164e+03
-2.8377368164e+03
-2.8361613770e+03
-2.8369392090e+03
-2.4641318359e+03
-2.4625100098e+03
-2.4632961426e+03
-2.4632961426e+03
-2.4625100098e+03
-2.4641318359e+03
-2.1146667480e+03
-2.1134963379e+03
-2.1142666016e+03
-2.1142666016e+03
-2.1134963379e+03
-2.1146667480e+03
-1.7505805664e+03
-1.7489583740e+03
-1.7492128906e+03
-1.7492128906e+03
-1.7489583740e+03
-1.7505805664e+03
-1.3947622070e+03
-1.3935114746e+03
-1.3937346191e+03
-1.3937346191e+03
-1.3935114746e+03
-1.3947622070e+03
-1.0306669922e+03
-1.0287720947e+03
-1.0283879395e+03
-1.0283879395e+03
-1.0287720947e+03
-1.0306669922e+03
-6.7047430420e+02
-6.6910162354e+02
-6.6891937256e+02
-6.6891937256e+02
-6.6910162354e+02
-6.7047430420e+02
-3.0087765503e+02
-2.9920166016e+02
-2.9881509399e+02
-2.9881509399e+02
-2.9920166016e+02
-3.0087765503e+02
6.7457389832e+01
6.8800628662e+01
6.9114395142e+01
6.9114395142e+01
6.8800628662e+01
6.7457389832e+01
-3.6755380859e+03
-3.6776274414e+03
-3.6770957031e+03
-3.6770957031e+03
-3.6776274414e+03
-3.6755380859e+03
-3.3509313965e+03
-3.3541364746e+03
-3.3527307129e+03
-3.3527307129e+03
-3.3541364746e+03
-3.3509313965e+03
-3.0495195312e+03
-3.0515856934e+03
-3.0499111328e+03
-3.0499111328e+03
-3.0515856934e+03
-3.0495195312e+03
-2.7179665527e+03
-2.7192165527e+03
-2.7173256836e+03
-2.7173256836e+03
-2.7192165527e+03
-2.7179665527e+03
-2.4150703125e+03
-2.4163249512e+03
-2.4148735352e+03
-2.4148735352e+03
-2.4163249512e+03
-2.4150703125e+03
-2.0911208496e+03
-2.0915070801e+03
-2.0899091797e+03
-2.0899091797e+03
-2.0915070801e+03
-2.0911208496e+03
-1.7795939941e+03
-1.7798331299e+03
-1.7785391846e+03
-1.7785391846e+03
-1.7798331299e+03
-1.7795939941e+03
-1.4576661377e+03
-1.4571143799e+03
-1.4557220459e+03
-1.4557220459e+03
-1.4571143799e+03
-1.4576661377e+03
-1.1404163818e+03
-1.1398225098e+03
-1.1388125000e+03
-1.1388125000e+03
-1.1398225098e+03
-1.1404163818e+03
-8.1494769287e+02
-8.1357391357e+02
-8.1245404053e+02
-8.1245404053e+02
-8.1357391357e+02
-8.1494769287e+02
-4.9151992798e+02
-4.8997085571e+02
-4.8920437622e+02
-4.8920437622e+02
-4.8997085571e+02
-4.9151992798e+02
-1.6057795715e+02
-1.5938221741e+02
-1.5895574951e+02
-1.5895574951e+02
-1.5938221741e+02
-1.6057795715e+02
-3.4276865234e+03
-3.4274936523e+03
-3.4293540039e+03
-3.4293540039e+03
-3.4274936523e+03
-3.4276865234e+03
-3.1628759766e+03
-3.1604965820e+03
-3.1624528809e+03
-3.1624528809e+03
-3.1604965820e+03
-3.1628759766e+03
-2.8833850098e+03
-2.8814389648e+03
-2.8829702148e+03
-2.8829702148e+03
-2.8814389648e+03
-2.8833850098e+03
-2.6251738281e+03
-2.6231206055e+03
-2.6244133301e+03
-2.6244133301e+03
-2.6231206055e+03
-2.6251738281e+03
-2.3443759766e+03
-2.3420170898e+03
-2.3427492676e+03
-2.3427492676e+03
-2.3420170898e+03
-2.3443759766e+03
-2.0800971680e+03
-2.0779853516e+03
-2.0786201172e+03
-2.0786201172e+03
-2.0779853516e+03
-2.0800971680e+03
-1.8022663574e+03
-1.7999460449e+03
-1.8001379395e+03
-1.8001379395e+03
-1.7999460449e+03
-1.8022663574e+03
-1.5311674805e+03
-1.5290693359e+03
-1.5291458740e+03
-1.5291458740e+03
-1.5290693359e+03
-1.5311674805e+03
-1.2515074463e+03
-1.2491690674e+03
-1.2488092041e+03
-1.2488092041e+03
-1.2491690674e+03
-1.2515074463e+03
-9.7435009766e+02
-9.7226037598e+02
-9.7185266113e+02
-9.7185266113e+02
-9.7226037598e+02
-9.7435009766e+02
-6.8986633301e+02
-6.8780200195e+02
-6.8732073975e+02
-6.8732073975e+02
-6.8780200195e+02
-6.8986633301e+02
-4.0379650879e+02
-4.0235189819e+02
-4.0205554199e+02
-4.0205554199e+02
-4.0235189819e+02
-4.0379650879e+02
-3.1708488770e+03
-3.1723195801e+03
-3.1715627441e+03
-3.1715627441e+03
-3.1723195801e+03
-3.1708488770e+03
-2.9468537598e+03
-2.9483862305e+03
-2.9469326172e+03
-2.9469326172e+03
-2.9483862305e+03
-2.9468537598e+03
-2.7317412109e+03
-2.7321958008e+03
-2.7305776367e+03
-2.7305776367e+03
-2.7321958008e+03
-2.7317412109e+03
-2.5008090820e+03
-2.5010190430e+03
-2.4993088379e+03
-2.4993088379e+03
-2.5010190430e+03
-2.5008090820e+03
-2.2854335938e+03
-2.2854040527e+03
-2.2838442383e+03
-2.2838442383e+03
-2.2854040527e+03
-2.2854335938e+03
-2.0543010254e+03
-2.0538464355e+03
-2.0521767578e+03
-2.0521767578e+03
-2.0538464355e+03
-2.0543010254e+03
-1.8322838135e+03
-1.8316396484e+03
-1.8301199951e+03
-1.8301199951e+03
-1.8316396484e+03
-1.8322838135e+03
-1.6003135986e+03
-1.5993060303e+03
-1.5977351074e+03
-1.5977351074e+03
-1.5993060303e+03
-1.6003135986e+03
-1.3718884277e+03
-1.3707244873e+03
-1.3693233643e+03
-1.3693233643e+03
-1.3707244873e+03
-1.3718884277e+03
-1.1359779053e+03
-1.1344980469e+03
-1.1331270752e+03
-1.1331270752e+03
-1.1344980469e+03
-1.1359779053e+03
-9.0003924561e+02
-8.9853973389e+02
-8.9746777344e+02
-8.9746777344e+02
-8.9853973389e+02
-9.0003924561e+02
-6.5830023193e+02
-6.5731091309e+02
-6.5660198975e+02
-6.5660198975e+02
-6.5731091309e+02
-6.5830023193e+02
-2.9033447266e+03
-2.9027236328e+03
-2.9037939453e+03
-2.9037939453e+03
-2.9027236328e+03
-2.9033447266e+03
-2.7348605957e+03
-2.7326347656e+03
-2.7335368652e+03
-2.7335368652e+03
-2.7326347656e+03
-2.7348605957e+03
-2.5586047363e+03
-2.5565827637e+03
-2.5570703125e+03
-2.5570703125e+03
-2.5565827637e+03
-2.5586047363e+03
-2.3914643555e+03
-2.3890441895e+03
-2.3893395996e+03
-2.3893395996e+03
-2.3890441895e+03
-2.3914643555e+03
-2.2103212891e+03
-2.2078439941e+03
-2.2079023438e+03
-2.2079023438e+03
-2.2078439941e+03
-2.2103212891e+03
-2.0390191650e+03
-2.0364578857e+03
-2.0364633789e+03
-2.0364633789e+03
-2.0364578857e+03
-2.0390191650e+03
-1.8563027344e+03
-1.8537047119e+03
-1.8535306396e+03
-1.8535306396e+03
-1.8537047119e+03
-1.8563027344e+03
-1.6785163574e+03
-1.6758056641e+03
-1.6755604248e+03
-1.6755604248e+03
-1.6758056641e+03
-1.6785163574e+03
-1.4925697021e+03
-1.4898609619e+03
-1.4894980469e+03
-1.4894980469e+03
-1.4898609619e+03
-1.4925697021e+03
-1.3078859863e+03
-1.3051776123e+03
-1.3048160400e+03
-1.3048160400e+03
-1.3051776123e+03
-1.3078859863e+03
-1.1171358643e+03
-1.1144569092e+03
-1.1142459717e+03
-1.1142459717e+03
-1.1144569092e+03
-1.1171358643e+03
-9.2355273438e+02
-9.2174829102e+02
-9.2186956787e+02
-9.2186956787e+02
-9.2174829102e+02
-9.2355273438e+02
-2.6286740723e+03
-2.6290429688e+03
-2.6285231934e+03
-2.6285231934e+03
-2.6290429688e+03
-2.6286740723e+03
-2.5084602051e+03
-2.5083659668e+03
-2.5072543945e+03
-2.5072543945e+03
-2.5083659668e+03
-2.5084602051e+03
-2.3903972168e+03
-2.3895898438e+03
-2.3881979980e+03
-2.3881979980e+03
-2.3895898438e+03
-2.3903972168e+03
-2.2631071777e+03
-2.2623552246e+03
-2.2608146973e+03
-2.2608146973e+03
-2.2623552246e+03
-2.2631071777e+03
-2.1431308594e+03
-2.1420959473e+03
-2.1404931641e+03
-2.1404931641e+03
-2.1420959473e+03
-2.1431308594e+03
-2.0117779541e+03
-2.0107640381e+03
-2.0090690918e+03
-2.0090690918e+03
-2.0107640381e+03
-2.0117779541e+03
-1.8861829834e+03
-1.8849262695e+03
-1.8831859131e+03
-1.8831859131e+03
-1.8849262695e+03
-1.8861829834e+03
-1.7515720215e+03
-1.7504505615e+03
-1.7486986084e+03
-1.7486986084e+03
-1.7504505615e+03
-1.7515720215e+03
-1.6194719238e+03
-1.6180841064e+03
-1.6162736816e+03
-1.6162736816e+03
-1.6180841064e+03
-1.6194719238e+03
-1.4805229492e+03
-1.4792581787e+03
-1.4775095215e+03
-1.4775095215e+03
-1.4792581787e+03
-1.4805229492e+03
-1.3406108398e+03
-1.3395551758e+03
-1.3380241699e+03
-1.3380241699e+03
-1.3395551758e+03
-1.3406108398e+03
-1.1958969727e+03
-1.1954564209e+03
-1.1942945557e+03
-1.1942945557e+03
-1.1954564209e+03
-1.1958969727e+03
-2.3486955566e+03
-2.3478532715e+03
-2.3482041016e+03
-2.3482041016e+03
-2.3478532715e+03
-2.3486955566e+03
-2.2827697754e+03
-2.2805957031e+03
-2.2806616211e+03
-2.2806616211e+03
-2.2805957031e+03
-2.2827697754e+03
-2.2114584961e+03
-2.2092272949e+03
-2.2090234375e+03
-2.2090234375e+03
-2.2092272949e+03
-2.2114584961e+03
-2.1430097656e+03
-2.1402729492e+03
-2.1399931641e+03
-2.1399931641e+03
-2.1402729492e+03
-2.1430097656e+03
-2.0652961426e+03
-2.0626359863e+03
-2.0623547363e+03
-2.0623547363e+03
-2.0626359863e+03
-2.0652961426e+03
-1.9925958252e+03
-1.9895720215e+03
-1.9892950439e+03
-1.9892950439e+03
-1.9895720215e+03
-1.9925958252e+03
-1.9106080322e+03
-1.9077507324e+03
-1.9075495605e+03
-1.9075495605e+03
-1.9077507324e+03
-1.9106080322e+03
-1.8319519043e+03
-1.8286043701e+03
-1.8283575439e+03
-1.8283575439e+03
-1.8286043701e+03
-1.8319519043e+03
-1.7456069336e+03
-1.7425899658e+03
-1.7425374756e+03
-1.7425374756e+03
-1.7425899658e+03
-1.7456069336e+03
-1.6600938721e+03
-1.6567592773e+03
-1.6567639160e+03
-1.6567639160e+03
-1.6567592773e+03
-1.6600938721e+03
-1.5692041016e+03
-1.5659324951e+03
-1.5662828369e+03
-1.5662828369e+03
-1.5659324951e+03
-1.5692041016e+03
-1.4751859131e+03
-1.4729938965e+03
-1.4738018799e+03
-1.4738018799e+03
-1.4729938965e+03
-1.4751859131e+03
-2.0655034180e+03
-2.0649936523e+03
-2.0646159668e+03
-2.0646159668e+03
-2.0649936523e+03
-2.0655034180e+03
-2.0506494141e+03
-2.0494870605e+03
-2.0485485840e+03
-2.0485485840e+03
-2.0494870605e+03
-2.0506494141e+03
-2.0346075439e+03
-2.0330650635e+03
-2.0317136230e+03
-2.0317136230e+03
-2.0330650635e+03
-2.0346075439e+03
-2.0121636963e+03
-2.0109156494e+03
-2.0093535156e+03
-2.0093535156e+03
-2.0109156494e+03
-2.0121636963e+03
-1.9923937988e+03
-1.9908934326e+03
-1.9891322021e+03
-1.9891322021e+03
-1.9908934326e+03
-1.9923937988e+03
-1.9641481934e+03
-1.9630621338e+03
-1.9612103271e+03
-1.9612103271e+03
-1.9630621338e+03
-1.9641481934e+03
-1.9391113281e+03
-1.9377142334e+03
-1.9356536865e+03
-1.9356536865e+03
-1.9377142334e+03
-1.9391113281e+03
-1.9060703125e+03
-1.9053554688e+03
-1.9033358154e+03
-1.9033358154e+03
-1.9053554688e+03
-1.9060703125e+03
-1.8751661377e+03
-1.8739136963e+03
-1.8715925293e+03
-1.8715925293e+03
-1.8739136963e+03
-1.8751661377e+03
-1.8375561523e+03
-1.8370540771e+03
-1.8348607178e+03
-1.8348607178e+03
-1.8370540771e+03
-1.8375561523e+03
-1.7991987305e+03
-1.7989609375e+03
-1.7969093018e+03
-1.7969093018e+03
-1.7989609375e+03
-1.7991987305e+03
-1.7568400879e+03
-1.7572976074e+03
-1.7555528564e+03
-1.7555528564e+03
-1.7572976074e+03
-1.7568400879e+03
-1.7814526367e+03
-1.7804176025e+03
-1.7803049316e+03
-1.7803049316e+03
-1.7804176025e+03
-1.7814526367e+03
-1.8197851562e+03
-1.8175874023e+03
-1.8171667480e+03
-1.8171667480e+03
-1.8175874023e+03
-1.8197851562e+03
-1.8534114990e+03
-1.8510396729e+03
-1.8504914551e+03
-1.8504914551e+03
-1.8510396729e+03
-1.8534114990e+03
-1.8868271484e+03
-1.8838503418e+03
-1.8833380127e+03
-1.8833380127e+03
-1.8838503418e+03
-1.8868271484e+03
-1.9133457031e+03
-1.9105671387e+03
-1.9102292480e+03
-1.9102292480e+03
-1.9105671387e+03
-1.9133457031e+03
-1.9419627686e+03
-1.9386049805e+03
-1.9383438721e+03
-1.9383438721e+03
-1.9386049805e+03
-1.9419627686e+03
-1.9630122070e+03
-1.9600317383e+03
-1.9600443115e+03
-1.9600443115e+03
-1.9600317383e+03
-1.9630122070e+03
-1.9863937988e+03
-1.9825103760e+03
-1.9824960938e+03
-1.9824960938e+03
-1.9825103760e+03
-1.9863937988e+03
-2.0022985840e+03
-1.9993084717e+03
-1.9998198242e+03
-1.9998198242e+03
-1.9993084717e+03
-2.0022985840e+03
-2.0198984375e+03
-2.0159190674e+03
-2.0164322510e+03
-2.0164322510e+03
-2.0159190674e+03
-2.0198984375e+03
-2.0320811768e+03
-2.0285128174e+03
-2.0295050049e+03
-2.0295050049e+03
-2.0285128174e+03
-2.0320811768e+03
-2.0417229004e+03
-2.0392756348e+03
-2.0409206543e+03
-2.0409206543e+03
-2.0392756348e+03
-2.0417229004e+03
-1.4985734863e+03
-1.4975677490e+03
-1.4971391602e+03
-1.4971391602e+03
-1.4975677490e+03
-1.4985734863e+03
-1.5880205078e+03
-1.5863148193e+03
-1.5854195557e+03
-1.5854195557e+03
-1.5863148193e+03
-1.5880205078e+03
-1.6746712646e+03
-1.6727127686e+03
-1.6714156494e+03
-1.6714156494e+03
-1.6727127686e+03
-1.6746712646e+03
-1.7559542236e+03
-1.7545601807e+03
-1.7530738525e+03
-1.7530738525e+03
-1.7545601807e+03
-1.7559542236e+03
-1.8376557617e+03
-1.8359815674e+03
-1.8342695312e+03
-1.8342695312e+03
-1.8359815674e+03
-1.8376557617e+03
-1.9126588135e+03
-1.9116855469e+03
-1.9099229736e+03
-1.9099229736e+03
-1.9116855469e+03
-1.9126588135e+03
-1.9893045654e+03
-1.9879219971e+03
-1.9859121094e+03
-1.9859121094e+03
-1.9879219971e+03
-1.9893045654e+03
-2.0589101562e+03
-2.0587209473e+03
-2.0568344727e+03
-2.0568344727e+03
-2.0587209473e+03
-2.0589101562e+03
-2.1311740723e+03
-2.1298449707e+03
-2.1274428711e+03
-2.1274428711e+03
-2.1298449707e+03
-2.1311740723e+03
-2.1959121094e+03
-2.1964663086e+03
-2.1944731445e+03
-2.1944731445e+03
-2.1964663086e+03
-2.1959121094e+03
-2.2618835449e+03
-2.2620854492e+03
-2.2602272949e+03
-2.2602272949e+03
-2.2620854492e+03
-2.2618835449e+03
-2.3242299805e+03
-2.3253669434e+03
-2.3235385742e+03
-2.3235385742e+03
-2.3253669434e+03
-2.3242299805e+03
-1.2191643066e+03
-1.2177309570e+03
-1.2176871338e+03
-1.2176871338e+03
-1.2177309570e+03
-1.2191643066e+03
-1.3597987061e+03
-1.3575114746e+03
-1.3569615479e+03
-1.3569615479e+03
-1.3575114746e+03
-1.3597987061e+03
-1.4957263184e+03
-1.4936132812e+03
-1.4927738037e+03
-1.4927738037e+03
-1.4936132812e+03
-1.4957263184e+03
-1.6303238525e+03
-1.6275570068e+03
-1.6266309814e+03
-1.6266309814e+03
-1.6275570068e+03
-1.6303238525e+03
-1.7590590820e+03
-1.7568226318e+03
-1.7559844971e+03
-1.7559844971e+03
-1.7568226318e+03
-1.7590590820e+03
-1.8884237061e+03
-1.8856385498e+03
-1.8847584229e+03
-1.8847584229e+03
-1.8856385498e+03
-1.8884237061e+03
-2.0116097412e+03
-2.0095500488e+03
-2.0088541260e+03
-2.0088541260e+03
-2.0095500488e+03
-2.0116097412e+03
-2.1366674805e+03
-2.1335144043e+03
-2.1326611328e+03
-2.1326611328e+03
-2.1335144043e+03
-2.1366674805e+03
-2.2542551270e+03
-2.2530034180e+03
-2.2527751465e+03
-2.2527751465e+03
-2.2530034180e+03
-2.2542551270e+03
-2.3762333984e+03
-2.3726740723e+03
-2.3719243164e+03
-2.3719243164e+03
-2.3726740723e+03
-2.3762333984e+03
-2.4909094238e+03
-2.4893303223e+03
-2.4889755859e+03
-2.4889755859e+03
-2.4893303223e+03
-2.4909094238e+03
-2.6053544922e+03
-2.6043930664e+03
-2.6051057129e+03
-2.6051057129e+03
-2.6043930664e+03
-2.6053544922e+03
-9.4488854980e+02
-9.4434259033e+02
-9.4304870605e+02
-9.4304870605e+02
-9.4434259033e+02
-9.4488854980e+02
-1.1347878418e+03
-1.1332425537e+03
-1.1321583252e+03
-1.1321583252e+03
-1.1332425537e+03
-1.1347878418e+03
-1.3215714111e+03
-1.3190168457e+03
-1.3183005371e+03
-1.3183005371e+03
-1.3190168457e+03
-1.3215714111e+03
-1.5029116211e+03
-1.5009042969e+03
-1.5006480713e+03
-1.5006480713e+03
-1.5009042969e+03
-1.5029116211e+03
-1.6839682617e+03
-1.6811462402e+03
-1.6812794189e+03
-1.6812794189e+03
-1.6811462402e+03
-1.6839682617e+03
-1.8595079346e+03
-1.8571008301e+03
-1.8577708740e+03
-1.8577708740e+03
-1.8571008301e+03
-1.8595079346e+03
-2.0358977051e+03
-2.0325567627e+03
-2.0335798340e+03
-2.0335798340e+03
-2.0325567627e+03
-2.0358977051e+03
-2.2063798828e+03
-2.2041254883e+03
-2.2058208008e+03
-2.2058208008e+03
-2.2041254883e+03
-2.2063798828e+03
-2.3804755859e+03
-2.3758425293e+03
-2.3775097656e+03
-2.3775097656e+03
-2.3758425293e+03
-2.3804755859e+03
-2.5448488770e+03
-2.5438127441e+03
-2.5470485840e+03
-2.5470485840e+03
-2.5438127441e+03
-2.5448488770e+03
-2.7160134277e+03
-2.7117026367e+03
-2.7154392090e+03
-2.7154392090e+03
-2.7117026367e+03
-2.7160134277e+03
-2.8816450195e+03
-2.8793840332e+03
-2.8826320801e+03
-2.8826320801e+03
-2.8793840332e+03
-2.8816452637e+03
-6.7901269531e+02
-6.7596112061e+02
-6.7783581543e+02
-6.7783581543e+02
-6.7596112061e+02
-6.7901269531e+02
-9.1695043945e+02
-9.1416064453e+02
-9.1420275879e+02
-9.1420275879e+02
-9.1416064453e+02
-9.1695043945e+02
-1.1493177490e+03
-1.1488430176e+03
-1.1469754639e+03
-1.1469754639e+03
-1.1488430176e+03
-1.1493177490e+03
-1.3808387451e+03
-1.3805854492e+03
-1.3771934814e+03
-1.3771934814e+03
-1.3805854492e+03
-1.3808387451e+03
-1.6068046875e+03
-1.6085482178e+03
-1.6038178711e+03
-1.6038178711e+03
-1.6085482178e+03
-1.6068046875e+03
-1.8327038574e+03
-1.8352006836e+03
-1.8291019287e+03
-1.8291019287e+03
-1.8352006836e+03
-1.8327038574e+03
-2.0536486816e+03
-2.0583071289e+03
-2.0510161133e+03
-2.0510161133e+03
-2.0583071289e+03
-2.0536486816e+03
-2.2762233887e+03
-2.2809807129e+03
-2.2722646484e+03
-2.2722646484e+03
-2.2809807129e+03
-2.2762233887e+03
-2.4920715332e+03
-2.5007421875e+03
-2.4911381836e+03
-2.4911381836e+03
-2.5007421875e+03
-2.4920715332e+03
-2.7166325684e+03
-2.7216357422e+03
-2.7094291992e+03
-2.7094291992e+03
-2.7216357422e+03
-2.7166325684e+03
-2.9275256348e+03
-2.9400771484e+03
-2.9274436035e+03
-2.9274436035e+03
-2.9400771484e+03
-2.9275256348e+03
-3.1458269043e+03
-3.1566381836e+03
-3.1452651367e+03
-3.1452651367e+03
-3.1566381836e+03
-3.1458269043e+03
-4.2199447632e+02
-4.2410610962e+02
-4.1833255005e+02
-4.1833255005e+02
-4.2410610962e+02
-4.2199447632e+02
-7.0557409668e+02
-7.0515057373e+02
-7.0254211426e+02
-7.0254211426e+02
-7.0515057373e+02
-7.0557409668e+02
-9.8731439209e+02
-9.8210095215e+02
-9.8342877197e+02
-9.8342877197e+02
-9.8210095215e+02
-9.8731445312e+02
-1.2623221436e+03
-1.2557199707e+03
-1.2607686768e+03
-1.2607686768e+03
-1.2557200928e+03
-1.2623221436e+03
-1.5373581543e+03
-1.5273828125e+03
-1.5360788574e+03
-1.5360788574e+03
-1.5273828125e+03
-1.5373581543e+03
-1.8084047852e+03
-1.7962569580e+03
-1.8085240479e+03
-1.8085240479e+03
-1.7962569580e+03
-1.8084049072e+03
-2.0803198242e+03
-2.0645969238e+03
-2.0803129883e+03
-2.0803129883e+03
-2.0645969238e+03
-2.0803198242e+03
-2.3478190918e+03
-2.3305771484e+03
-2.3499555664e+03
-2.3499555664e+03
-2.3305771484e+03
-2.3478190918e+03
-2.6187275391e+03
-2.5962441406e+03
-2.6192014160e+03
-2.6192014160e+03
-2.5962441406e+03
-2.6187275391e+03
-2.8776894531e+03
-2.8590429688e+03
-2.8871359863e+03
-2.8871359863e+03
-2.8590429688e+03
-2.8776896973e+03
-3.1553364258e+03
-3.1238991699e+03
-3.1540029297e+03
-3.1540029297e+03
-3.1238991699e+03
-3.1553364258e+03
-3.4164023438e+03
-3.3912163086e+03
-3.4216040039e+03
-3.4216040039e+03
-3.3912163086e+03
-3.4164023438e+03
-1.8281690979e+02
-1.7312654114e+02
-1.8218489075e+02
-1.8218489075e+02
-1.7312655640e+02
-1.8281690979e+02
-5.0883328247e+02
-5.0261480713e+02
-5.0451226807e+02
-5.0451226807e+02
-5.0261483765e+02
-5.0883328247e+02
-8.2623321533e+02
-8.2904534912e+02
-8.2239294434e+02
-8.2239294434e+02
-8.2904528809e+02
-8.2623321533e+02
-1.1452805176e+03
-1.1523046875e+03
-1.1376274414e+03
-1.1376274414e+03
-1.1523046875e+03
-1.1452805176e+03
-1.4598726807e+03
-1.4730028076e+03
-1.4502238770e+03
-1.4502238770e+03
-1.4730028076e+03
-1.4598726807e+03
-1.7745969238e+03
-1.7926071777e+03
-1.7618837891e+03
-1.7618837891e+03
-1.7926071777e+03
-1.7745969238e+03
-2.0865817871e+03
-2.1106445312e+03
-2.0719916992e+03
-2.0719916992e+03
-2.1106445312e+03
-2.0865815430e+03
-2.4013173828e+03
-2.4294665527e+03
-2.3826616211e+03
-2.3826616211e+03
-2.4294665527e+03
-2.4013173828e+03
-2.7127448730e+03
-2.7484116211e+03
-2.6932446289e+03
-2.6932443848e+03
-2.7484113770e+03
-2.7127448730e+03
-3.0342043457e+03
-3.0685388184e+03
-3.0048098145e+03
-3.0048098145e+03
-3.0685388184e+03
-3.0342043457e+03
-3.3280163574e+03
-3.3843906250e+03
-3.3170075684e+03
-3.3170075684e+03
-3.3843906250e+03
-3.3280163574e+03
-3.6517292480e+03
-3.6978398438e+03
-3.6272187500e+03
-3.6272187500e+03
-3.6978398438e+03
-3.6517292480e+03
5.3559356689e+01
3.6794265747e+01
4.9400066376e+01
4.9400070190e+01
3.6794281006e+01
5.3559368134e+01
-3.1099096680e+02
-3.1912673950e+02
-3.1712869263e+02
-3.1712869263e+02
-3.1912673950e+02
-3.1099096680e+02
-6.7981042480e+02
-6.7156793213e+02
-6.8362768555e+02
-6.8362768555e+02
-6.7156793213e+02
-6.7981042480e+02
-1.0404407959e+03
-1.0222152100e+03
-1.0485706787e+03
-1.0485708008e+03
-1.0222152100e+03
-1.0404409180e+03
-1.4001608887e+03
-1.3707680664e+03
-1.4122310791e+03
-1.4122312012e+03
-1.3707680664e+03
-1.4001608887e+03
-1.7566265869e+03
-1.7173474121e+03
-1.7739405518e+03
-1.7739405518e+03
-1.7173475342e+03
-1.7566265869e+03
-2.1134445801e+03
-2.0633901367e+03
-2.1352202148e+03
-2.1352204590e+03
-2.0633903809e+03
-2.1134445801e+03
-2.4681047363e+03
-2.4087722168e+03
-2.4958510742e+03
-2.4958510742e+03
-2.4087722168e+03
-2.4681047363e+03
-2.8280131836e+03
-2.7558894043e+03
-2.8581350098e+03
-2.8581350098e+03
-2.7558894043e+03
-2.8280131836e+03
-3.1860148926e+03
-3.1074843750e+03
-3.2227836914e+03
-3.2227836914e+03
-3.1074843750e+03
-3.1860148926e+03
-3.5797258301e+03
-3.4673703613e+03
-3.5916313477e+03
-3.5916315918e+03
-3.4673706055e+03
-3.5797258301e+03
-3.9163161621e+03
-3.8270856934e+03
-3.9669672852e+03
-3.9669672852e+03
-3.8270856934e+03
-3.9163164062e+03
2.5530125427e+02
2.8226199341e+02
2.6709759521e+02
2.6709759521e+02
2.8226196289e+02
2.5530123901e+02
-1.4319285583e+02
-1.3333697510e+02
-1.3798046875e+02
-1.3798046875e+02
-1.3333699036e+02
-1.4319285583e+02
-5.2414746094e+02
-5.5003015137e+02
-5.4337554932e+02
-5.4337554932e+02
-5.5003015137e+02
-5.2414746094e+02
-9.0498529053e+02
-9.6351269531e+02
-9.4744073486e+02
-9.4744067383e+02
-9.6351269531e+02
-9.0498529053e+02
-1.2822202148e+03
-1.3749606934e+03
-1.3491766357e+03
-1.3491766357e+03
-1.3749606934e+03
-1.2822202148e+03
-1.6583936768e+03
-1.7848674316e+03
-1.7495079346e+03
-1.7495079346e+03
-1.7848673096e+03
-1.6583936768e+03
-2.0318460693e+03
-2.1929633789e+03
-2.1480275879e+03
-2.1480275879e+03
-2.1929631348e+03
-2.0318460693e+03
-2.4050886230e+03
-2.6002592773e+03
-2.5459404297e+03
-2.5459404297e+03
-2.6002592773e+03
-2.4050886230e+03
-2.7744694824e+03
-3.0066394043e+03
-2.9430705566e+03
-2.9430705566e+03
-3.0066391602e+03
-2.7744692383e+03
-3.1478410645e+03
-3.4126193848e+03
-3.3419277344e+03
-3.3419277344e+03
-3.4126193848e+03
-3.1478410645e+03
-3.5090761719e+03
-3.8254956055e+03
-3.7448449707e+03
-3.7448449707e+03
-3.8254953613e+03
-3.5090759277e+03
-3.9811394043e+03
-4.2665322266e+03
-4.1556616211e+03
-4.1556616211e+03
-4.2665322266e+03
-3.9811391602e+03
4.8883398438e+02
4.7388439941e+02
4.8314871216e+02
4.8314871216e+02
4.7388439941e+02
4.8883401489e+02
3.6301658630e+01
3.2245944977e+01
3.7336635590e+01
3.7336639404e+01
3.2245948792e+01
3.6301658630e+01
-4.2152322388e+02
-4.0158663940e+02
-3.9942541504e+02
-3.9942541504e+02
-4.0158663940e+02
-4.2152325439e+02
-8.7643280029e+02
-8.3205072021e+02
-8.3094738770e+02
-8.3094738770e+02
-8.3205078125e+02
-8.7643280029e+02
-1.3300690918e+03
-1.2601682129e+03
-1.2597426758e+03
-1.2597426758e+03
-1.2601683350e+03
-1.3300690918e+03
-1.7822366943e+03
-1.6864617920e+03
-1.6865212402e+03
-1.6865212402e+03
-1.6864617920e+03
-1.7822368164e+03
-2.2344404297e+03
-2.1121455078e+03
-2.1125827637e+03
-2.1125827637e+03
-2.1121455078e+03
-2.2344404297e+03
-2.6859926758e+03
-2.5371791992e+03
-2.5377722168e+03
-2.5377722168e+03
-2.5371791992e+03
-2.6859926758e+03
-3.1385175781e+03
-2.9617111816e+03
-2.9627250977e+03
-2.9627250977e+03
-2.9617114258e+03
-3.1385175781e+03
-3.5873828125e+03
-3.3850766602e+03
-3.3857995605e+03
-3.3857995605e+03
-3.3850766602e+03
-3.5873830566e+03
-4.0339963379e+03
-3.7996452637e+03
-3.8068571777e+03
-3.8068571777e+03
-3.7996452637e+03
-4.0339965820e+03
-4.4098339844e+03
-4.1973940430e+03
-4.2235766602e+03
-4.2235766602e+03
-4.1973940430e+03
-4.4098339844e+03
6.6718249512e+02
6.5503778076e+02
6.6338464355e+02
6.6338464355e+02
6.5503778076e+02
6.6718249512e+02
1.8329905701e+02
1.8332109070e+02
1.8711026001e+02
1.8711026001e+02
1.8332109070e+02
1.8329905701e+02
-3.0535876465e+02
-2.8167282104e+02
-2.8071560669e+02
-2.8071560669e+02
-2.8167282104e+02
-3.0535879517e+02
-7.9229705811e+02
-7.4387188721e+02
-7.4408605957e+02
-7.4408605957e+02
-7.4387188721e+02
-7.9229711914e+02
-1.2778443604e+03
-1.2039179688e+03
-1.2047874756e+03
-1.2047874756e+03
-1.2039179688e+03
-1.2778443604e+03
-1.7628011475e+03
-1.6630484619e+03
-1.6643623047e+03
-1.6643623047e+03
-1.6630485840e+03
-1.7628011475e+03
-2.2478461914e+03
-2.1216450195e+03
-2.1232380371e+03
-2.1232380371e+03
-2.1216450195e+03
-2.2478461914e+03
-2.7331818848e+03
-2.5807387695e+03
-2.5822851562e+03
-2.5822851562e+03
-2.5807390137e+03
-2.7331818848e+03
-3.2203215332e+03
-3.0396477051e+03
-3.0412890625e+03
-3.0412890625e+03
-3.0396477051e+03
-3.2203217773e+03
-3.7044912109e+03
-3.4988566895e+03
-3.4992155762e+03
-3.4992155762e+03
-3.4988566895e+03
-3.7044912109e+03
-4.1912563477e+03
-3.9495534668e+03
-3.9551003418e+03
-3.9551003418e+03
-3.9495537109e+03
-4.1912568359e+03
-4.6019980469e+03
-4.3819897461e+03
-4.4067119141e+03
-4.4067119141e+03
-4.3819897461e+03
-4.6019985352e+03
7.9284558105e+02
8.1996612549e+02
8.0521496582e+02
8.0521496582e+02
8.1996612549e+02
7.9284558105e+02
2.9941061401e+02
3.1099264526e+02
3.0740267944e+02
3.0740267944e+02
3.1099264526e+02
2.9941061401e+02
-1.7644750977e+02
-2.0012011719e+02
-1.9209548950e+02
-1.9209548950e+02
-2.0012010193e+02
-1.7644750977e+02
-6.5216229248e+02
-7.0854077148e+02
-6.9101574707e+02
-6.9101574707e+02
-7.0854071045e+02
-6.5216229248e+02
-1.1256302490e+03
-1.2161900635e+03
-1.1889670410e+03
-1.1889669189e+03
-1.2161900635e+03
-1.1256301270e+03
-1.5985705566e+03
-1.7228955078e+03
-1.6861235352e+03
-1.6861235352e+03
-1.7228953857e+03
-1.5985705566e+03
-2.0704809570e+03
-2.2295173340e+03
-2.1832204590e+03
-2.1832204590e+03
-2.2295173340e+03
-2.0704809570e+03
-2.5431936035e+03
-2.7361772461e+03
-2.6805520020e+03
-2.6805520020e+03
-2.7361772461e+03
-2.5431933594e+03
-3.0137106934e+03
-3.2438791504e+03
-3.1790168457e+03
-3.1790168457e+03
-3.2438789062e+03
-3.0137104492e+03
-3.4901240234e+03
-3.7522124023e+03
-3.6803161621e+03
-3.6803161621e+03
-3.7522124023e+03
-3.4901237793e+03
-3.9530131836e+03
-4.2685703125e+03
-4.1874853516e+03
-4.1874853516e+03
-4.2685703125e+03
-3.9530129395e+03
-4.5252294922e+03
-4.8142924805e+03
-4.7041406250e+03
-4.7041406250e+03
-4.8142919922e+03
-4.5252294922e+03
9.4383734131e+02
9.2667236328e+02
9.3929974365e+02
9.3929974365e+02
9.2667242432e+02
9.4383734131e+02
4.2393246460e+02
4.1433227539e+02
4.1636257935e+02
4.1636257935e+02
4.1433227539e+02
4.2393246460e+02
-1.0139894104e+02
-9.4785820007e+01
-1.0686386108e+02
-1.0686386871e+02
-9.4785835266e+01
-1.0139894867e+02
-6.1987060547e+02
-6.0334411621e+02
-6.2973474121e+02
-6.2973474121e+02
-6.0334411621e+02
-6.1987066650e+02
-1.1380667725e+03
-1.1105291748e+03
-1.1520825195e+03
-1.1520825195e+03
-1.1105291748e+03
-1.1380667725e+03
-1.6550067139e+03
-1.6176993408e+03
-1.6744632568e+03
-1.6744632568e+03
-1.6176993408e+03
-1.6550067139e+03
-2.1733735352e+03
-2.1253879395e+03
-2.1974763184e+03
-2.1974763184e+03
-2.1253879395e+03
-2.1733735352e+03
-2.6918898926e+03
-2.6348842773e+03
-2.7223581543e+03
-2.7223581543e+03
-2.6348845215e+03
-2.6918898926e+03
-3.2172722168e+03
-3.1476352539e+03
-3.2505285645e+03
-3.2505285645e+03
-3.1476352539e+03
-3.2172722168e+03
-3.7425007324e+03
-3.6674914551e+03
-3.7840456543e+03
-3.7840456543e+03
-3.6674916992e+03
-3.7425007324e+03
-4.3064121094e+03
-4.1985878906e+03
-4.3244829102e+03
-4.3244829102e+03
-4.1985878906e+03
-4.3064121094e+03
-4.8219208984e+03
-4.7342119141e+03
-4.8750932617e+03
-4.8750932617e+03
-4.7342124023e+03
-4.8219208984e+03
1.0532541504e+03
1.0622384033e+03
1.0527757568e+03
1.0527757568e+03
1.0622384033e+03
1.0532541504e+03
5.1072698975e+02
5.1584655762e+02
5.1308886719e+02
5.1308886719e+02
5.1584655762e+02
5.1072698975e+02
-2.3979089737e+01
-2.8431898117e+01
-2.2961076736e+01
-2.2961074829e+01
-2.8431892395e+01
-2.3979085922e+01
-5.6135144043e+02
-5.7034167480e+02
-5.5704266357e+02
-5.5704266357e+02
-5.7034167480e+02
-5.6135144043e+02
-1.0964464111e+03
-1.1117684326e+03
-1.0904958496e+03
-1.0904958496e+03
-1.1117683105e+03
-1.0964464111e+03
-1.6328901367e+03
-1.6533242188e+03
-1.6242170410e+03
-1.6242170410e+03
-1.6533240967e+03
-1.6328901367e+03
-2.1695568848e+03
-2.1963093262e+03
-2.1593962402e+03
-2.1593962402e+03
-2.1963093262e+03
-2.1695568848e+03
-2.7109667969e+03
-2.7420305176e+03
-2.6970827637e+03
-2.6970825195e+03
-2.7420305176e+03
-2.7109667969e+03
-3.2527446289e+03
-3.2916821289e+03
-3.2384848633e+03
-3.2384848633e+03
-3.2916821289e+03
-3.2527446289e+03
-3.8083808594e+03
-3.8459777832e+03
-3.7839914551e+03
-3.7839914551e+03
-3.8459777832e+03
-3.8083808594e+03
-4.3423056641e+03
-4.4007773438e+03
-4.3344975586e+03
-4.3344975586e+03
-4.4007773438e+03
-4.3423056641e+03
-4.9080893555e+03
-4.9569067383e+03
-4.8873686523e+03
-4.8873686523e+03
-4.9569067383e+03
-4.9080893555e+03
1.1490048828e+03
1.1461435547e+03
1.1516704102e+03
1.1516704102e+03
1.1461435547e+03
1.1490048828e+03
5.9017138672e+02
5.8884948730e+02
5.9089868164e+02
5.9089868164e+02
5.8884948730e+02
5.9017138672e+02
3.1876485825e+01
3.5009452820e+01
3.2853443146e+01
3.2853443146e+01
3.5009452820e+01
3.1876482010e+01
-5.2152319336e+02
-5.1736352539e+02
-5.2343688965e+02
-5.2343688965e+02
-5.1736352539e+02
-5.2152319336e+02
-1.0762148438e+03
-1.0689832764e+03
-1.0788566895e+03
-1.0788566895e+03
-1.0689832764e+03
-1.0762148438e+03
-1.6301732178e+03
-1.6210089111e+03
-1.6345842285e+03
-1.6345842285e+03
-1.6210089111e+03
-1.6301732178e+03
-2.1869846191e+03
-2.1744365234e+03
-2.1915585938e+03
-2.1915585938e+03
-2.1744365234e+03
-2.1869846191e+03
-2.7436987305e+03
-2.7298103027e+03
-2.7506770020e+03
-2.7506770020e+03
-2.7298103027e+03
-2.7436987305e+03
-3.3071184082e+03
-3.2880434570e+03
-3.3124929199e+03
-3.3124929199e+03
-3.2880434570e+03
-3.3071184082e+03
-3.8637285156e+03
-3.8483991699e+03
-3.8780141602e+03
-3.8780141602e+03
-3.8483991699e+03
-3.8637285156e+03
-4.4424287109e+03
-4.4151679688e+03
-4.4469853516e+03
-4.4469853516e+03
-4.4151679688e+03
-4.4424287109e+03
-5.0125126953e+03
-4.9904125977e+03
-5.0219628906e+03
-5.0219628906e+03
-4.9904125977e+03
-5.0125126953e+03
1.2138083496e+03
1.2159396973e+03
1.2137637939e+03
1.2137637939e+03
1.2159396973e+03
1.2138083496e+03
6.4353442383e+02
6.4449456787e+02
6.4370672607e+02
6.4370672607e+02
6.4449456787e+02
6.4353442383e+02
7.7244689941e+01
7.5327644348e+01
7.6061103821e+01
7.6061103821e+01
7.5327644348e+01
7.7244697571e+01
-4.8947955322e+02
-4.9194937134e+02
-4.8992068481e+02
-4.8992068481e+02
-4.9194937134e+02
-4.8947955322e+02
-1.0536813965e+03
-1.0584301758e+03
-1.0552521973e+03
-1.0552521973e+03
-1.0584300537e+03
-1.0536813965e+03
-1.6194511719e+03
-1.6252218018e+03
-1.6208262939e+03
-1.6208262939e+03
-1.6252218018e+03
-1.6194511719e+03
-2.1847124023e+03
-2.1929133301e+03
-2.1874770508e+03
-2.1874770508e+03
-2.1929133301e+03
-2.1847124023e+03
-2.7542958984e+03
-2.7628759766e+03
-2.7561362305e+03
-2.7561362305e+03
-2.7628759766e+03
-2.7542958984e+03
-3.3226132812e+03
-3.3353693848e+03
-3.3278828125e+03
-3.3278828125e+03
-3.3353693848e+03
-3.3226132812e+03
-3.9037409668e+03
-3.9133452148e+03
-3.9033498535e+03
-3.9033498535e+03
-3.9133452148e+03
-3.9037409668e+03
-4.4787749023e+03
-4.4953769531e+03
-4.4845688477e+03
-4.4845688477e+03
-4.4953769531e+03
-4.4787749023e+03
-5.0670795898e+03
-5.0814477539e+03
-5.0717275391e+03
-5.0717275391e+03
-5.0814477539e+03
-5.0670795898e+03
1.2537114258e+03
1.2535189209e+03
1.2544353027e+03
1.2544353027e+03
1.2535189209e+03
1.2537114258e+03
6.7656951904e+02
6.7628295898e+02
6.7653302002e+02
6.7653302002e+02
6.7628295898e+02
6.7656951904e+02
1.0154602051e+02
1.0166463470e+02
1.0119301605e+02
1.0119301605e+02
1.0166463470e+02
1.0154602051e+02
-4.7049304199e+02
-4.7141333008e+02
-4.7260003662e+02
-4.7260003662e+02
-4.7141333008e+02
-4.7049304199e+02
-1.0435003662e+03
-1.0440035400e+03
-1.0457496338e+03
-1.0457496338e+03
-1.0440035400e+03
-1.0435003662e+03
-1.6153057861e+03
-1.6165600586e+03
-1.6190092773e+03
-1.6190092773e+03
-1.6165600586e+03
-1.6153057861e+03
-2.1900107422e+03
-2.1906428223e+03
-2.1935761719e+03
-2.1935761719e+03
-2.1906428223e+03
-2.1900107422e+03
-2.7645300293e+03
-2.7665322266e+03
-2.7702807617e+03
-2.7702807617e+03
-2.7665322266e+03
-2.7645300293e+03
-3.3462832031e+03
-3.3462292480e+03
-3.3500593262e+03
-3.3500593262e+03
-3.3462292480e+03
-3.3462832031e+03
-3.9253996582e+03
-3.9288947754e+03
-3.9342553711e+03
-3.9342553711e+03
-3.9288947754e+03
-3.9253996582e+03
-4.5165961914e+03
-4.5172436523e+03
-4.5230883789e+03
-4.5230883789e+03
-4.5172436523e+03
-4.5165961914e+03
-5.1109316406e+03
-5.1129150391e+03
-5.1177426758e+03
-5.1177426758e+03
-5.1129150391e+03
-5.1109316406e+03
1.2670270996e+03
1.2675660400e+03
1.2674420166e+03
1.2674420166e+03
1.2675660400e+03
1.2670270996e+03
6.8740386963e+02
6.8763305664e+02
6.8751593018e+02
6.8751593018e+02
6.8763305664e+02
6.8740386963e+02
1.1074409485e+02
1.1021614075e+02
1.0992195129e+02
1.0992195129e+02
1.1021614075e+02
1.1074409485e+02
-4.6530355835e+02
-4.6563418579e+02
-4.6613461304e+02
-4.6613461304e+02
-4.6563418579e+02
-4.6530355835e+02
-1.0392255859e+03
-1.0404503174e+03
-1.0413046875e+03
-1.0413046875e+03
-1.0404503174e+03
-1.0392255859e+03
-1.6149893799e+03
-1.6160004883e+03
-1.6170095215e+03
-1.6170095215e+03
-1.6160004883e+03
-1.6149893799e+03
-2.1902060547e+03
-2.1922663574e+03
-2.1936723633e+03
-2.1936723633e+03
-2.1922663574e+03
-2.1902060547e+03
-2.7698452148e+03
-2.7711584473e+03
-2.7725698242e+03
-2.7725698242e+03
-2.7711584473e+03
-2.7698452148e+03
-3.3490227051e+03
-3.3524724121e+03
-3.3546496582e+03
-3.3546496582e+03
-3.3524724121e+03
-3.3490227051e+03
-3.9371398926e+03
-3.9387746582e+03
-3.9405627441e+03
-3.9405627441e+03
-3.9387746582e+03
-3.9371398926e+03
-4.5263876953e+03
-4.5298588867e+03
-4.5317890625e+03
-4.5317890625e+03
-4.5298588867e+03
-4.5263876953e+03
-5.1233056641e+03
-5.1266557617e+03
-5.1293574219e+03
-5.1293574219e+03
-5.1266557617e+03
-5.1233056641e+03
1.2546029053e+03
1.2551477051e+03
1.2552122803e+03
1.2552122803e+03
1.2551477051e+03
1.2546029053e+03
6.7688732910e+02
6.7699993896e+02
6.7703771973e+02
6.7703771973e+02
6.7699993896e+02
6.7688732910e+02
1.0183132935e+02
1.0141423035e+02
1.0147202301e+02
1.0147202301e+02
1.0141423035e+02
1.0183132935e+02
-4.7065014648e+02
-4.7217639160e+02
-4.7221701050e+02
-4.7221701050e+02
-4.7217639160e+02
-4.7065014648e+02
-1.0438468018e+03
-1.0455823975e+03
-1.0455789795e+03
-1.0455789795e+03
-1.0455823975e+03
-1.0438468018e+03
-1.6155462646e+03
-1.6184145508e+03
-1.6185659180e+03
-1.6185659180e+03
-1.6184145508e+03
-1.6155462646e+03
-2.1901545410e+03
-2.1930061035e+03
-2.1930478516e+03
-2.1930478516e+03
-2.1930061035e+03
-2.1901545410e+03
-2.7646569824e+03
-2.7690766602e+03
-2.7694125977e+03
-2.7694125977e+03
-2.7690766602e+03
-2.7646569824e+03
-3.3450305176e+03
-3.3487460938e+03
-3.3487116699e+03
-3.3487116699e+03
-3.3487460938e+03
-3.3450305176e+03
-3.9260891113e+03
-3.9318454590e+03
-3.9322314453e+03
-3.9322314453e+03
-3.9318454590e+03
-3.9260891113e+03
-4.5145400391e+03
-4.5202182617e+03
-4.5206435547e+03
-4.5206435547e+03
-4.5202182617e+03
-4.5145400391e+03
-5.1087509766e+03
-5.1147138672e+03
-5.1147080078e+03
-5.1147080078e+03
-5.1147138672e+03
-5.1087509766e+03
1.2162757568e+03
1.2167145996e+03
1.2168942871e+03
1.2168942871e+03
1.2167145996e+03
1.2162757568e+03
6.4480645752e+02
6.4516809082e+02
6.4516204834e+02
6.4516204834e+02
6.4516809082e+02
6.4480645752e+02
7.6553192139e+01
7.6524894714e+01
7.6142646790e+01
7.6142646790e+01
7.6524894714e+01
7.6553192139e+01
-4.9082455444e+02
-4.9080075073e+02
-4.9154983521e+02
-4.9154983521e+02
-4.9080075073e+02
-4.9082455444e+02
-1.0556662598e+03
-1.0562490234e+03
-1.0575024414e+03
-1.0575024414e+03
-1.0562490234e+03
-1.0556662598e+03
-1.6224140625e+03
-1.6227770996e+03
-1.6243303223e+03
-1.6243303223e+03
-1.6227770996e+03
-1.6224140625e+03
-2.1882080078e+03
-2.1893303223e+03
-2.1914418945e+03
-2.1914418945e+03
-2.1893303223e+03
-2.1882080078e+03
-2.7577690430e+03
-2.7583552246e+03
-2.7606394043e+03
-2.7606394043e+03
-2.7583552246e+03
-2.7577690430e+03
-3.3279875488e+03
-3.3297592773e+03
-3.3327734375e+03
-3.3327734375e+03
-3.3297592773e+03
-3.3279875488e+03
-3.9040205078e+03
-3.9052492676e+03
-3.9084111328e+03
-3.9084111328e+03
-3.9052492676e+03
-3.9040205078e+03
-4.4836640625e+03
-4.4853374023e+03
-4.4888432617e+03
-4.4888432617e+03
-4.4853374023e+03
-4.4836640625e+03
-5.0691992188e+03
-5.0713789062e+03
-5.0752138672e+03
-5.0752138672e+03
-5.0713789062e+03
-5.0691992188e+03
1.1524069824e+03
1.1530529785e+03
1.1531754150e+03
1.1531754150e+03
1.1530529785e+03
1.1524069824e+03
5.9179034424e+02
5.9207513428e+02
5.9228955078e+02
5.9228955078e+02
5.9207513428e+02
5.9179034424e+02
3.3866893768e+01
3.3625419617e+01
3.3906307220e+01
3.3906307220e+01
3.3625419617e+01
3.3866889954e+01
-5.2068572998e+02
-5.2180035400e+02
-5.2160180664e+02
-5.2160180664e+02
-5.2180035400e+02
-5.2068572998e+02
-1.0761788330e+03
-1.0776035156e+03
-1.0773697510e+03
-1.0773697510e+03
-1.0776035156e+03
-1.0761788330e+03
-1.6292253418e+03
-1.6316079102e+03
-1.6315212402e+03
-1.6315212402e+03
-1.6316079102e+03
-1.6292253418e+03
-2.1849582520e+03
-2.1874697266e+03
-2.1872849121e+03
-2.1872849121e+03
-2.1874697266e+03
-2.1849582520e+03
-2.7405947266e+03
-2.7442895508e+03
-2.7443457031e+03
-2.7443457031e+03
-2.7442895508e+03
-2.7405947266e+03
-3.3001354980e+03
-3.3037883301e+03
-3.3036718750e+03
-3.3036718750e+03
-3.3037883301e+03
-3.3001354980e+03
-3.8620415039e+03
-3.8667785645e+03
-3.8668566895e+03
-3.8668566895e+03
-3.8667785645e+03
-3.8620415039e+03
-4.4288217773e+03
-4.4341884766e+03
-4.4343032227e+03
-4.4343032227e+03
-4.4341884766e+03
-4.4288217773e+03
-5.0012983398e+03
-5.0068125000e+03
-5.0068847656e+03
-5.0068847656e+03
-5.0068125000e+03
-5.0012983398e+03
1.0636016846e+03
1.0643802490e+03
1.0644890137e+03
1.0644890137e+03
1.0643802490e+03
1.0636016846e+03
5.1759039307e+02
5.1849871826e+02
5.1849163818e+02
5.1849163818e+02
5.1849871826e+02
5.1759039307e+02
-2.4125459671e+01
-2.3624847412e+01
-2.3871566772e+01
-2.3871568680e+01
-2.3624847412e+01
-2.4125457764e+01
-5.6552636719e+02
-5.6510833740e+02
-5.6563061523e+02
-5.6563061523e+02
-5.6510833740e+02
-5.6552636719e+02
-1.1028039551e+03
-1.1028974609e+03
-1.1038266602e+03
-1.1038266602e+03
-1.1028974609e+03
-1.1028039551e+03
-1.6423764648e+03
-1.6424263916e+03
-1.6435987549e+03
-1.6435987549e+03
-1.6424263916e+03
-1.6423764648e+03
-2.1801132812e+03
-2.1807719727e+03
-2.1824042969e+03
-2.1824042969e+03
-2.1807719727e+03
-2.1801132812e+03
-2.7204709473e+03
-2.7209587402e+03
-2.7227692871e+03
-2.7227692871e+03
-2.7209587402e+03
-2.7204709473e+03
-3.2622612305e+03
-3.2634355469e+03
-3.2657507324e+03
-3.2657507324e+03
-3.2634355469e+03
-3.2622612305e+03
-3.8071789551e+03
-3.8084790039e+03
-3.8110444336e+03
-3.8110444336e+03
-3.8084790039e+03
-3.8071789551e+03
-4.3563129883e+03
-4.3577534180e+03
-4.3606816406e+03
-4.3606816406e+03
-4.3577534180e+03
-4.3563129883e+03
-4.9099370117e+03
-4.9121625977e+03
-4.9152827148e+03
-4.9152827148e+03
-4.9121625977e+03
-4.9099370117e+03
9.5077789307e+02
9.5146679688e+02
9.5186761475e+02
9.5186761475e+02
9.5146679688e+02
9.5077789307e+02
4.2459570312e+02
4.2505819702e+02
4.2564727783e+02
4.2564727783e+02
4.2505819702e+02
4.2459570312e+02
-9.9474830627e+01
-9.9313957214e+01
-9.8686470032e+01
-9.8686470032e+01
-9.9313957214e+01
-9.9474830627e+01
-6.1797778320e+02
-6.1849548340e+02
-6.1798199463e+02
-6.1798199463e+02
-6.1849542236e+02
-6.1797778320e+02
-1.1386546631e+03
-1.1394879150e+03
-1.1389992676e+03
-1.1389992676e+03
-1.1394879150e+03
-1.1386546631e+03
-1.6549255371e+03
-1.6564791260e+03
-1.6561555176e+03
-1.6561555176e+03
-1.6564791260e+03
-1.6549255371e+03
-2.1736752930e+03
-2.1754443359e+03
-2.1751066895e+03
-2.1751066895e+03
-2.1754443359e+03
-2.1736752930e+03
-2.6921318359e+03
-2.6947087402e+03
-2.6945856934e+03
-2.6945856934e+03
-2.6947087402e+03
-2.6921318359e+03
-3.2121450195e+03
-3.2149978027e+03
-3.2148820801e+03
-3.2148820801e+03
-3.2149978027e+03
-3.2121450195e+03
-3.7355019531e+03
-3.7389592285e+03
-3.7390073242e+03
-3.7390073242e+03
-3.7389592285e+03
-3.7355019531e+03
-4.2613012695e+03
-4.2655688477e+03
-4.2657543945e+03
-4.2657543945e+03
-4.2655688477e+03
-4.2613012695e+03
-4.7920361328e+03
-4.7965517578e+03
-4.7969267578e+03
-4.7969267578e+03
-4.7965517578e+03
-4.7920361328e+03
8.1487976074e+02
8.1612615967e+02
8.1610156250e+02
8.1610156250e+02
8.1612615967e+02
8.1487976074e+02
3.1061035156e+02
3.1234201050e+02
3.1226995850e+02
3.1226995850e+02
3.1234201050e+02
3.1061035156e+02
-1.8704721069e+02
-1.8578094482e+02
-1.8592897034e+02
-1.8592897034e+02
-1.8578094482e+02
-1.8704721069e+02
-6.8642944336e+02
-6.8529211426e+02
-6.8561077881e+02
-6.8561077881e+02
-6.8529211426e+02
-6.8642944336e+02
-1.1783942871e+03
-1.1776662598e+03
-1.1782847900e+03
-1.1782847900e+03
-1.1776662598e+03
-1.1783942871e+03
-1.6738037109e+03
-1.6731773682e+03
-1.6739970703e+03
-1.6739970703e+03
-1.6731773682e+03
-1.6738037109e+03
-2.1659394531e+03
-2.1657714844e+03
-2.1669392090e+03
-2.1669392090e+03
-2.1657714844e+03
-2.1659394531e+03
-2.6592312012e+03
-2.6591391602e+03
-2.6604851074e+03
-2.6604851074e+03
-2.6591391602e+03
-2.6592312012e+03
-3.1546525879e+03
-3.1549804688e+03
-3.1566779785e+03
-3.1566779785e+03
-3.1549804688e+03
-3.1546525879e+03
-3.6499770508e+03
-3.6507390137e+03
-3.6527155762e+03
-3.6527155762e+03
-3.6507390137e+03
-3.6499770508e+03
-4.1500004883e+03
-4.1508393555e+03
-4.1531733398e+03
-4.1531733398e+03
-4.1508393555e+03
-4.1500004883e+03
-4.6524116211e+03
-4.6543315430e+03
-4.6568388672e+03
-4.6568388672e+03
-4.6543315430e+03
-4.6524116211e+03
6.5707562256e+02
6.5784832764e+02
6.5857745361e+02
6.5857745361e+02
6.5784832764e+02
6.5707562256e+02
1.8200001526e+02
1.8259260559e+02
1.8370729065e+02
1.8370729065e+02
1.8259260559e+02
1.8200001526e+02
-2.9312490845e+02
-2.9257354736e+02
-2.9138027954e+02
-2.9138027954e+02
-2.9257354736e+02
-2.9312490845e+02
-7.5812213135e+02
-7.5806414795e+02
-7.5698638916e+02
-7.5698638916e+02
-7.5806414795e+02
-7.5812213135e+02
-1.2283472900e+03
-1.2286188965e+03
-1.2276048584e+03
-1.2276048584e+03
-1.2286188965e+03
-1.2283472900e+03
-1.6909802246e+03
-1.6917574463e+03
-1.6908840332e+03
-1.6908840332e+03
-1.6917574463e+03
-1.6909802246e+03
-2.1560334473e+03
-2.1570856934e+03
-2.1562531738e+03
-2.1562531738e+03
-2.1570856934e+03
-2.1560334473e+03
-2.6204753418e+03
-2.6220754395e+03
-2.6214245605e+03
-2.6214245605e+03
-2.6220754395e+03
-2.6204753418e+03
-3.0834836426e+03
-3.0854826660e+03
-3.0849272461e+03
-3.0849272461e+03
-3.0854826660e+03
-3.0834836426e+03
-3.5513225098e+03
-3.5536804199e+03
-3.5532802734e+03
-3.5532802734e+03
-3.5536804199e+03
-3.5513225098e+03
-4.0179069824e+03
-4.0211694336e+03
-4.0210444336e+03
-4.0210441895e+03
-4.0211694336e+03
-4.0179069824e+03
-4.4890581055e+03
-4.4926411133e+03
-4.4929331055e+03
-4.4929331055e+03
-4.4926411133e+03
-4.4890581055e+03
4.7934829712e+02
4.8099554443e+02
4.8090176392e+02
4.8090173340e+02
4.8099554443e+02
4.7934829712e+02
3.1219533920e+01
3.3956268311e+01
3.3793727875e+01
3.3793727875e+01
3.3956268311e+01
3.1219532013e+01
-4.0533923340e+02
-4.0305059814e+02
-4.0320761108e+02
-4.0320761108e+02
-4.0305059814e+02
-4.0533923340e+02
-8.4876855469e+02
-8.4666558838e+02
-8.4690673828e+02
-8.4690673828e+02
-8.4666558838e+02
-8.4876849365e+02
-1.2789908447e+03
-1.2771385498e+03
-1.2775693359e+03
-1.2775693359e+03
-1.2771385498e+03
-1.2789908447e+03
-1.7147727051e+03
-1.7131166992e+03
-1.7137279053e+03
-1.7137279053e+03
-1.7131166992e+03
-1.7147727051e+03
-2.1454916992e+03
-2.1441545410e+03
-2.1450270996e+03
-2.1450270996e+03
-2.1441545410e+03
-2.1454916992e+03
-2.5756428223e+03
-2.5744960938e+03
-2.5755354004e+03
-2.5755354004e+03
-2.5744960938e+03
-2.5756428223e+03
-3.0090068359e+03
-3.0081484375e+03
-3.0094626465e+03
-3.0094626465e+03
-3.0081484375e+03
-3.0090068359e+03
-3.4375007324e+03
-3.4372070312e+03
-3.4388154297e+03
-3.4388154297e+03
-3.4372070312e+03
-3.4375007324e+03
-3.8727019043e+03
-3.8724401855e+03
-3.8743593750e+03
-3.8743593750e+03
-3.8724401855e+03
-3.8727019043e+03
-4.3065336914e+03
-4.3078081055e+03
-4.3098872070e+03
-4.3098872070e+03
-4.3078081055e+03
-4.3065336914e+03
2.8134097290e+02
2.8254052734e+02
2.8330377197e+02
2.8330377197e+02
2.8254052734e+02
2.8134097290e+02
-1.2642326355e+02
-1.2560599518e+02
-1.2412277222e+02
-1.2412277222e+02
-1.2560599518e+02
-1.2642326355e+02
-5.4040325928e+02
-5.3950952148e+02
-5.3773620605e+02
-5.3773620605e+02
-5.3950952148e+02
-5.4040325928e+02
-9.3523474121e+02
-9.3454528809e+02
-9.3283026123e+02
-9.3283026123e+02
-9.3454528809e+02
-9.3523474121e+02
-1.3411372070e+03
-1.3408320312e+03
-1.3392236328e+03
-1.3392236328e+03
-1.3408320312e+03
-1.3411372070e+03
-1.7353714600e+03
-1.7353846436e+03
-1.7338796387e+03
-1.7338796387e+03
-1.7353846436e+03
-1.7353714600e+03
-2.1318989258e+03
-2.1322060547e+03
-2.1307648926e+03
-2.1307648926e+03
-2.1322060547e+03
-2.1318989258e+03
-2.5274987793e+03
-2.5281840820e+03
-2.5268991699e+03
-2.5268991699e+03
-2.5281840820e+03
-2.5274987793e+03
-2.9179785156e+03
-2.9190490723e+03
-2.9178725586e+03
-2.9178723145e+03
-2.9190490723e+03
-2.9179785156e+03
-3.3165190430e+03
-3.3178181152e+03
-3.3168127441e+03
-3.3168127441e+03
-3.3178181152e+03
-3.3165190430e+03
-3.7071486816e+03
-3.7094196777e+03
-3.7089130859e+03
-3.7089130859e+03
-3.7094196777e+03
-3.7071486816e+03
-4.1040590820e+03
-4.1065419922e+03
-4.1066796875e+03
-4.1066796875e+03
-4.1065419922e+03
-4.1040590820e+03
6.9119415283e+01
7.0289733887e+01
7.1045822144e+01
7.1045822144e+01
7.0289733887e+01
6.9119415283e+01
-3.1177551270e+02
-3.0856530762e+02
-3.0801306152e+02
-3.0801306152e+02
-3.0856530762e+02
-3.1177551270e+02
-6.6986938477e+02
-6.6673773193e+02
-6.6633605957e+02
-6.6633605957e+02
-6.6673773193e+02
-6.6986938477e+02
-1.0460618896e+03
-1.0433337402e+03
-1.0430384521e+03
-1.0430384521e+03
-1.0433337402e+03
-1.0460618896e+03
-1.4002968750e+03
-1.3976313477e+03
-1.3974013672e+03
-1.3974013672e+03
-1.3976313477e+03
-1.4002968750e+03
-1.7624885254e+03
-1.7600844727e+03
-1.7599913330e+03
-1.7599913330e+03
-1.7600844727e+03
-1.7624885254e+03
-2.1182194824e+03
-2.1160329590e+03
-2.1161198730e+03
-2.1161198730e+03
-2.1160329590e+03
-2.1182194824e+03
-2.4717045898e+03
-2.4697395020e+03
-2.4699523926e+03
-2.4699523926e+03
-2.4697395020e+03
-2.4717045898e+03
-2.8298632812e+03
-2.8281516113e+03
-2.8286047363e+03
-2.8286047363e+03
-2.8281516113e+03
-2.8298632812e+03
-3.1760620117e+03
-3.1749101562e+03
-3.1755817871e+03
-3.1755817871e+03
-3.1749101562e+03
-3.1760620117e+03
-3.5350046387e+03
-3.5338876953e+03
-3.5346911621e+03
-3.5346911621e+03
-3.5338876953e+03
-3.5350046387e+03
-3.8849025879e+03
-3.8859636230e+03
-3.8870075684e+03
-3.8870075684e+03
-3.8859636230e+03
-3.8849025879e+03
-1.6567802429e+02
-1.6203416443e+02
-1.6361949158e+02
-1.6361949158e+02
-1.6203416443e+02
-1.6567802429e+02
-4.8866909790e+02
-4.8589733887e+02
-4.8632656860e+02
-4.8632656860e+02
-4.8589733887e+02
-4.8866909790e+02
-8.3386560059e+02
-8.3157519531e+02
-8.3118078613e+02
-8.3118078613e+02
-8.3157519531e+02
-8.3386560059e+02
-1.1429990234e+03
-1.1404248047e+03
-1.1398177490e+03
-1.1398177490e+03
-1.1404248047e+03
-1.1429990234e+03
-1.4716608887e+03
-1.4694926758e+03
-1.4690230713e+03
-1.4690230713e+03
-1.4694926758e+03
-1.4716608887e+03
-1.7855693359e+03
-1.7835349121e+03
-1.7831915283e+03
-1.7831915283e+03
-1.7835349121e+03
-1.7855693359e+03
-2.1010437012e+03
-2.0992578125e+03
-2.0990371094e+03
-2.0990371094e+03
-2.0992578125e+03
-2.1010437012e+03
-2.4152126465e+03
-2.4136765137e+03
-2.4136459961e+03
-2.4136459961e+03
-2.4136765137e+03
-2.4152126465e+03
-2.7208679199e+03
-2.7196005859e+03
-2.7197006836e+03
-2.7197006836e+03
-2.7196005859e+03
-2.7208679199e+03
-3.0401845703e+03
-3.0391262207e+03
-3.0395959473e+03
-3.0395959473e+03
-3.0391262207e+03
-3.0401845703e+03
-3.3392194824e+03
-3.3390009766e+03
-3.3403210449e+03
-3.3403210449e+03
-3.3390009766e+03
-3.3392194824e+03
-3.6523974609e+03
-3.6521601562e+03
-3.6540773926e+03
-3.6540773926e+03
-3.6521601562e+03
-3.6523974609e+03
-3.9941522217e+02
-4.0430242920e+02
-3.9852767944e+02
-3.9852767944e+02
-4.0430239868e+02
-3.9941519165e+02
-7.0801568604e+02
-7.0981994629e+02
-7.0433221436e+02
-7.0433221436e+02
-7.0981994629e+02
-7.0801568604e+02
-9.6784948730e+02
-9.6817871094e+02
-9.6324719238e+02
-9.6324719238e+02
-9.6817871094e+02
-9.6784948730e+02
-1.2674041748e+03
-1.2684500732e+03
-1.2639492188e+03
-1.2639492188e+03
-1.2684500732e+03
-1.2674041748e+03
-1.5361087646e+03
-1.5371373291e+03
-1.5326378174e+03
-1.5326378174e+03
-1.5371373291e+03
-1.5361087646e+03
-1.8128917236e+03
-1.8142779541e+03
-1.8097552490e+03
-1.8097552490e+03
-1.8142779541e+03
-1.8128917236e+03
-2.0826821289e+03
-2.0842900391e+03
-2.0797402344e+03
-2.0797402344e+03
-2.0842900391e+03
-2.0826821289e+03
-2.3487238770e+03
-2.3506113281e+03
-2.3460024414e+03
-2.3460024414e+03
-2.3506113281e+03
-2.3487238770e+03
-2.6198493652e+03
-2.6221003418e+03
-2.6175710449e+03
-2.6175710449e+03
-2.6221003418e+03
-2.6198493652e+03
-2.8708757324e+03
-2.8736408691e+03
-2.8689680176e+03
-2.8689680176e+03
-2.8736408691e+03
-2.8708757324e+03
-3.1487514648e+03
-3.1519804688e+03
-3.1472849121e+03
-3.1472849121e+03
-3.1519804688e+03
-3.1487514648e+03
-3.4004423828e+03
-3.4062670898e+03
-3.4025305176e+03
-3.4025305176e+03
-3.4062670898e+03
-3.4004423828e+03
-6.7198999023e+02
-6.5832989502e+02
-6.7114184570e+02
-6.7114184570e+02
-6.5832995605e+02
-6.7199005127e+02
-8.8557623291e+02
-8.7280230713e+02
-8.8459088135e+02
-8.8459094238e+02
-8.7280230713e+02
-8.8557623291e+02
-1.1632376709e+03
-1.1529608154e+03
-1.1635576172e+03
-1.1635576172e+03
-1.1529608154e+03
-1.1632376709e+03
-1.3783695068e+03
-1.3671767578e+03
-1.3768632812e+03
-1.3768632812e+03
-1.3671767578e+03
-1.3783696289e+03
-1.6175101318e+03
-1.6061940918e+03
-1.6157204590e+03
-1.6157204590e+03
-1.6061940918e+03
-1.6175101318e+03
-1.8426453857e+03
-1.8309028320e+03
-1.8405737305e+03
-1.8405737305e+03
-1.8309028320e+03
-1.8426453857e+03
-2.0679360352e+03
-2.0560554199e+03
-2.0660832520e+03
-2.0660832520e+03
-2.0560554199e+03
-2.0679360352e+03
-2.2912851562e+03
-2.2793735352e+03
-2.2899377441e+03
-2.2899377441e+03
-2.2793735352e+03
-2.2912851562e+03
-2.5041660156e+03
-2.4923120117e+03
-2.5034143066e+03
-2.5034143066e+03
-2.4923120117e+03
-2.5041660156e+03
-2.7341286621e+03
-2.7226171875e+03
-2.7346750488e+03
-2.7346750488e+03
-2.7226171875e+03
-2.7341286621e+03
-2.9226188965e+03
-2.9114396973e+03
-2.9241523438e+03
-2.9241523438e+03
-2.9114396973e+03
-2.9226188965e+03
-3.1508872070e+03
-3.1404421387e+03
-3.1522971191e+03
-3.1522971191e+03
-3.1404421387e+03
-3.1508872070e+03
-8.9155432129e+02
-9.0957873535e+02
-8.7571069336e+02
-8.7571069336e+02
-9.0957867432e+02
-8.9155432129e+02
-1.1460607910e+03
-1.1625456543e+03
-1.1288051758e+03
-1.1288051758e+03
-1.1625456543e+03
-1.1460607910e+03
-1.2929857178e+03
-1.3033637695e+03
-1.2690070801e+03
-1.2690070801e+03
-1.3033637695e+03
-1.2929857178e+03
-1.5087631836e+03
-1.5181292725e+03
-1.4836887207e+03
-1.4836887207e+03
-1.5181292725e+03
-1.5087631836e+03
-1.6965355225e+03
-1.7051964111e+03
-1.6703465576e+03
-1.6703464355e+03
-1.7051964111e+03
-1.6965355225e+03
-1.8856025391e+03
-1.8946037598e+03
-1.8592280273e+03
-1.8592280273e+03
-1.8946037598e+03
-1.8856025391e+03
-2.0621538086e+03
-2.0718500977e+03
-2.0359010010e+03
-2.0359010010e+03
-2.0718500977e+03
-2.0621535645e+03
-2.2280192871e+03
-2.2388605957e+03
-2.2024018555e+03
-2.2024018555e+03
-2.2388605957e+03
-2.2280192871e+03
-2.3943027344e+03
-2.4066896973e+03
-2.3701018066e+03
-2.3701018066e+03
-2.4066894531e+03
-2.3943027344e+03
-2.5384680176e+03
-2.5523820801e+03
-2.5158767090e+03
-2.5158767090e+03
-2.5523820801e+03
-2.5384680176e+03
-2.7307197266e+03
-2.7468457031e+03
-2.7122426758e+03
-2.7122424316e+03
-2.7468457031e+03
-2.7307197266e+03
-2.8546528320e+03
-2.8712854004e+03
-2.8400312500e+03
-2.8400312500e+03
-2.8712854004e+03
-2.8546528320e+03
-1.1977691650e+03
-1.1446567383e+03
-1.2001973877e+03
-1.2001973877e+03
-1.1446568604e+03
-1.1977691650e+03
-1.2710576172e+03
-1.2103616943e+03
-1.2630871582e+03
-1.2630871582e+03
-1.2103618164e+03
-1.2710576172e+03
-1.5051901855e+03
-1.4496815186e+03
-1.5043013916e+03
-1.5043013916e+03
-1.4496815186e+03
-1.5051901855e+03
-1.6594871826e+03
-1.6055834961e+03
-1.6619754639e+03
-1.6619754639e+03
-1.6055834961e+03
-1.6594873047e+03
-1.8142351074e+03
-1.7610102539e+03
-1.8191822510e+03
-1.8191822510e+03
-1.7610103760e+03
-1.8142351074e+03
-1.9495351562e+03
-1.8955010986e+03
-1.9550981445e+03
-1.9550981445e+03
-1.8955012207e+03
-1.9495351562e+03
-2.0782172852e+03
-2.0227529297e+03
-2.0834372559e+03
-2.0834375000e+03
-2.0227529297e+03
-2.0782172852e+03
-2.1995017090e+03
-2.1423830566e+03
-2.2037458496e+03
-2.2037458496e+03
-2.1423833008e+03
-2.1995017090e+03
-2.3016105957e+03
-2.2431567383e+03
-2.3044904785e+03
-2.3044904785e+03
-2.2431567383e+03
-2.3016108398e+03
-2.4040869141e+03
-2.3458239746e+03
-2.4065454102e+03
-2.4065454102e+03
-2.3458239746e+03
-2.4040869141e+03
-2.4451247559e+03
-2.3882485352e+03
-2.4465661621e+03
-2.4465661621e+03
-2.3882485352e+03
-2.4451247559e+03
-2.5895874023e+03
-2.5435505371e+03
-2.6014150391e+03
-2.6014150391e+03
-2.5435505371e+03
-2.5895874023e+03
-1.1670471191e+03
-1.3257309570e+03
-1.3127973633e+03
-1.3127973633e+03
-1.3257309570e+03
-1.1670471191e+03
-1.5063275146e+03
-1.6804804688e+03
-1.6720040283e+03
-1.6720040283e+03
-1.6804803467e+03
-1.5063273926e+03
-1.5813295898e+03
-1.7623502197e+03
-1.7532404785e+03
-1.7532404785e+03
-1.7623502197e+03
-1.5813294678e+03
-1.6682271729e+03
-1.8550979004e+03
-1.8458447266e+03
-1.8458447266e+03
-1.8550979004e+03
-1.6682270508e+03
-1.7421461182e+03
-1.9330588379e+03
-1.9230363770e+03
-1.9230363770e+03
-1.9330587158e+03
-1.7421459961e+03
-1.8243182373e+03
-2.0184105225e+03
-2.0073367920e+03
-2.0073367920e+03
-2.0184104004e+03
-1.8243181152e+03
-1.9068944092e+03
-2.1027885742e+03
-2.0904692383e+03
-2.0904692383e+03
-2.1027885742e+03
-1.9068942871e+03
-1.9858511963e+03
-2.1816093750e+03
-2.1679277344e+03
-2.1679277344e+03
-2.1816093750e+03
-1.9858510742e+03
-2.0645932617e+03
-2.2576000977e+03
-2.2426599121e+03
-2.2426599121e+03
-2.2575998535e+03
-2.0645932617e+03
-2.1168967285e+03
-2.3031489258e+03
-2.2871872559e+03
-2.2871872559e+03
-2.3031489258e+03
-2.1168967285e+03
-2.1750998535e+03
-2.3523210449e+03
-2.3367907715e+03
-2.3367907715e+03
-2.3523208008e+03
-2.1750998535e+03
-2.0554562988e+03
-2.2159724121e+03
-2.1946391602e+03
-2.1946391602e+03
-2.2159721680e+03
-2.0554562988e+03
-2.1243295898e+03
-2.0506865234e+03
-2.0524521484e+03
-2.0524521484e+03
-2.0506867676e+03
-2.1243295898e+03
-1.9095297852e+03
-1.8367812500e+03
-1.8413597412e+03
-1.8413597412e+03
-1.8367812500e+03
-1.9095299072e+03
-1.8670280762e+03
-1.7891397705e+03
-1.7960943604e+03
-1.7960943604e+03
-1.7891397705e+03
-1.8670281982e+03
-1.8665268555e+03
-1.7821215820e+03
-1.7886876221e+03
-1.7886876221e+03
-1.7821215820e+03
-1.8665268555e+03
-1.8991706543e+03
-1.8089022217e+03
-1.8144335938e+03
-1.8144335938e+03
-1.8089023438e+03
-1.8991706543e+03
-1.9442600098e+03
-1.8489075928e+03
-1.8532078857e+03
-1.8532078857e+03
-1.8489075928e+03
-1.9442600098e+03
-1.9944604492e+03
-1.8948646240e+03
-1.8977694092e+03
-1.8977694092e+03
-1.8948647461e+03
-1.9944605713e+03
-2.0446697998e+03
-1.9414752197e+03
-1.9426015625e+03
-1.9426015625e+03
-1.9414753418e+03
-2.0446699219e+03
-2.0829172363e+03
-1.9760642090e+03
-1.9745524902e+03
-1.9745524902e+03
-1.9760642090e+03
-2.0829172363e+03
-2.1169865723e+03
-2.0057521973e+03
-2.0001555176e+03
-2.0001555176e+03
-2.0057521973e+03
-2.1169868164e+03
-2.1126047363e+03
-1.9922814941e+03
-1.9807659912e+03
-1.9807659912e+03
-1.9922814941e+03
-2.1126047363e+03
-2.1593168945e+03
-2.0290786133e+03
-2.0166289062e+03
-2.0166289062e+03
-2.0290786133e+03
-2.1593168945e+03
