-2.8649923706e+02
-2.7304611206e+02
-2.7235534668e+02
-2.7235534668e+02
-2.7304611206e+02
-2.8649923706e+02
-2.6604391479e+02
-2.5343093872e+02
-2.5305276489e+02
-2.5305276489e+02
-2.5343093872e+02
-2.6604391479e+02
-2.6214062500e+02
-2.4982983398e+02
-2.5003846741e+02
-2.5003846741e+02
-2.4982983398e+02
-2.6214062500e+02
-2.5883938599e+02
-2.4640966797e+02
-2.4686648560e+02
-2.4686648560e+02
-2.4640966797e+02
-2.5883938599e+02
-2.5788940430e+02
-2.4533462524e+02
-2.4589595032e+02
-2.4589595032e+02
-2.4533464050e+02
-2.5788940430e+02
-2.5727120972e+02
-2.4462692261e+02
-2.4522341919e+02
-2.4522341919e+02
-2.4462693787e+02
-2.5727120972e+02
-2.5730798340e+02
-2.4466268921e+02
-2.4525981140e+02
-2.4525981140e+02
-2.4466268921e+02
-2.5730801392e+02
-2.5800241089e+02
-2.4544465637e+02
-2.4600794983e+02
-2.4600794983e+02
-2.4544467163e+02
-2.5800244141e+02
-2.5903604126e+02
-2.4660163879e+02
-2.4706182861e+02
-2.4706182861e+02
-2.4660165405e+02
-2.5903604126e+02
-2.6243621826e+02
-2.5011958313e+02
-2.5033309937e+02
-2.5033309937e+02
-2.5011958313e+02
-2.6243621826e+02
-2.6646157837e+02
-2.5384201050e+02
-2.5346998596e+02
-2.5346998596e+02
-2.5384201050e+02
-2.6646157837e+02
-2.8709301758e+02
-2.7363336182e+02
-2.7295104980e+02
-2.7295104980e+02
-2.7363336182e+02
-2.8709301758e+02
-2.1813742065e+02
-2.3969616699e+02
-2.3747093201e+02
-2.3747091675e+02
-2.3969615173e+02
-2.1813740540e+02
-2.4533351135e+02
-2.6919219971e+02
-2.6773101807e+02
-2.6773101807e+02
-2.6919219971e+02
-2.4533351135e+02
-2.4436041260e+02
-2.6924499512e+02
-2.6777297974e+02
-2.6777294922e+02
-2.6924499512e+02
-2.4436039734e+02
-2.4547770691e+02
-2.7116995239e+02
-2.6977587891e+02
-2.6977587891e+02
-2.7116995239e+02
-2.4547769165e+02
-2.4444154358e+02
-2.7055883789e+02
-2.6920477295e+02
-2.6920477295e+02
-2.7055883789e+02
-2.4444152832e+02
-2.4434538269e+02
-2.7067276001e+02
-2.6934176636e+02
-2.6934176636e+02
-2.7067276001e+02
-2.4434536743e+02
-2.4437113953e+02
-2.7070349121e+02
-2.6937258911e+02
-2.6937258911e+02
-2.7070349121e+02
-2.4437113953e+02
-2.4451884460e+02
-2.7065103149e+02
-2.6929724121e+02
-2.6929724121e+02
-2.7065103149e+02
-2.4451882935e+02
-2.4561227417e+02
-2.7132949829e+02
-2.6993579102e+02
-2.6993579102e+02
-2.7132949829e+02
-2.4561227417e+02
-2.4455322266e+02
-2.6947256470e+02
-2.6800051880e+02
-2.6800051880e+02
-2.6947253418e+02
-2.4455320740e+02
-2.4559535217e+02
-2.6949798584e+02
-2.6803616333e+02
-2.6803616333e+02
-2.6949798584e+02
-2.4559535217e+02
-2.1840148926e+02
-2.4000633240e+02
-2.3777738953e+02
-2.3777738953e+02
-2.4000631714e+02
-2.1840147400e+02
-2.5543302917e+02
-2.4895910645e+02
-2.5657717896e+02
-2.5657717896e+02
-2.4895910645e+02
-2.5543304443e+02
-2.4825102234e+02
-2.4078089905e+02
-2.4833622742e+02
-2.4833622742e+02
-2.4078091431e+02
-2.4825103760e+02
-2.5890905762e+02
-2.5176364136e+02
-2.5966223145e+02
-2.5966223145e+02
-2.5176364136e+02
-2.5890908813e+02
-2.6077090454e+02
-2.5372700500e+02
-2.6180084229e+02
-2.6180084229e+02
-2.5372700500e+02
-2.6077090454e+02
-2.6330279541e+02
-2.5638745117e+02
-2.6458612061e+02
-2.6458612061e+02
-2.5638745117e+02
-2.6330279541e+02
-2.6377130127e+02
-2.5690374756e+02
-2.6515368652e+02
-2.6515368652e+02
-2.5690377808e+02
-2.6377130127e+02
-2.6378384399e+02
-2.5691513062e+02
-2.6516641235e+02
-2.6516641235e+02
-2.5691516113e+02
-2.6378384399e+02
-2.6334255981e+02
-2.5642361450e+02
-2.6462643433e+02
-2.6462643433e+02
-2.5642361450e+02
-2.6334255981e+02
-2.6083282471e+02
-2.5378234863e+02
-2.6186291504e+02
-2.6186291504e+02
-2.5378236389e+02
-2.6083285522e+02
-2.5899630737e+02
-2.5184069824e+02
-2.5974868774e+02
-2.5974868774e+02
-2.5184069824e+02
-2.5899630737e+02
-2.4833909607e+02
-2.4085307312e+02
-2.4841935730e+02
-2.4841935730e+02
-2.4085308838e+02
-2.4833909607e+02
-2.5558099365e+02
-2.4908789062e+02
-2.5671984863e+02
-2.5671984863e+02
-2.4908789062e+02
-2.5558100891e+02
-2.5299348450e+02
-2.5541864014e+02
-2.5106039429e+02
-2.5106039429e+02
-2.5541862488e+02
-2.5299348450e+02
-2.5893493652e+02
-2.6138040161e+02
-2.5689572144e+02
-2.5689572144e+02
-2.6138040161e+02
-2.5893493652e+02
-2.5402644348e+02
-2.5597335815e+02
-2.5137298584e+02
-2.5137298584e+02
-2.5597335815e+02
-2.5402644348e+02
-2.5730899048e+02
-2.5912445068e+02
-2.5453395081e+02
-2.5453395081e+02
-2.5912445068e+02
-2.5730899048e+02
-2.5773446655e+02
-2.5941650391e+02
-2.5481335449e+02
-2.5481335449e+02
-2.5941650391e+02
-2.5773446655e+02
-2.5877441406e+02
-2.6041064453e+02
-2.5580776978e+02
-2.5580776978e+02
-2.6041064453e+02
-2.5877441406e+02
-2.5876950073e+02
-2.6040597534e+02
-2.5580229187e+02
-2.5580229187e+02
-2.6040594482e+02
-2.5876950073e+02
-2.5771585083e+02
-2.5939852905e+02
-2.5479283142e+02
-2.5479283142e+02
-2.5939852905e+02
-2.5771585083e+02
-2.5728076172e+02
-2.5909756470e+02
-2.5450283813e+02
-2.5450282288e+02
-2.5909756470e+02
-2.5728076172e+02
-2.5397918701e+02
-2.5592828369e+02
-2.5132150269e+02
-2.5132150269e+02
-2.5592826843e+02
-2.5397917175e+02
-2.5889584351e+02
-2.6134628296e+02
-2.5685388184e+02
-2.5685388184e+02
-2.6134628296e+02
-2.5889584351e+02
-2.5292185974e+02
-2.5535444641e+02
-2.5098582458e+02
-2.5098582458e+02
-2.5535443115e+02
-2.5292185974e+02
-2.5770330811e+02
-2.5622946167e+02
-2.5791430664e+02
-2.5791430664e+02
-2.5622946167e+02
-2.5770330811e+02
-2.5447851562e+02
-2.5318759155e+02
-2.5493293762e+02
-2.5493293762e+02
-2.5318759155e+02
-2.5447851562e+02
-2.5852072144e+02
-2.5740588379e+02
-2.5908450317e+02
-2.5908450317e+02
-2.5740588379e+02
-2.5852072144e+02
-2.5621212769e+02
-2.5502539062e+02
-2.5659936523e+02
-2.5659936523e+02
-2.5502539062e+02
-2.5621212769e+02
-2.5706555176e+02
-2.5587304688e+02
-2.5741079712e+02
-2.5741079712e+02
-2.5587304688e+02
-2.5706555176e+02
-2.5672796631e+02
-2.5551132202e+02
-2.5702679443e+02
-2.5702679443e+02
-2.5551132202e+02
-2.5672796631e+02
-2.5670535278e+02
-2.5548847961e+02
-2.5700415039e+02
-2.5700415039e+02
-2.5548847961e+02
-2.5670535278e+02
-2.5700213623e+02
-2.5580900574e+02
-2.5734750366e+02
-2.5734750366e+02
-2.5580900574e+02
-2.5700213623e+02
-2.5610220337e+02
-2.5491423035e+02
-2.5648941040e+02
-2.5648941040e+02
-2.5491424561e+02
-2.5610220337e+02
-2.5837564087e+02
-2.5725924683e+02
-2.5894012451e+02
-2.5894012451e+02
-2.5725924683e+02
-2.5837564087e+02
-2.5427293396e+02
-2.5297882080e+02
-2.5472702026e+02
-2.5472702026e+02
-2.5297882080e+02
-2.5427293396e+02
-2.5746084595e+02
-2.5598150635e+02
-2.5767105103e+02
-2.5767105103e+02
-2.5598150635e+02
-2.5746084595e+02
-2.5614428711e+02
-2.5692279053e+02
-2.5628671265e+02
-2.5628671265e+02
-2.5692279053e+02
-2.5614428711e+02
-2.5774258423e+02
-2.5829638672e+02
-2.5768481445e+02
-2.5768481445e+02
-2.5829635620e+02
-2.5774258423e+02
-2.5496943665e+02
-2.5544036865e+02
-2.5491252136e+02
-2.5491252136e+02
-2.5544036865e+02
-2.5496943665e+02
-2.5696246338e+02
-2.5746621704e+02
-2.5699276733e+02
-2.5699276733e+02
-2.5746621704e+02
-2.5696246338e+02
-2.5599926758e+02
-2.5648312378e+02
-2.5600952148e+02
-2.5600952148e+02
-2.5648312378e+02
-2.5599926758e+02
-2.5629266357e+02
-2.5678338623e+02
-2.5631405640e+02
-2.5631405640e+02
-2.5678338623e+02
-2.5629266357e+02
-2.5625769043e+02
-2.5674838257e+02
-2.5627896118e+02
-2.5627896118e+02
-2.5674838257e+02
-2.5625769043e+02
-2.5588917542e+02
-2.5637280273e+02
-2.5589878845e+02
-2.5589878845e+02
-2.5637280273e+02
-2.5588917542e+02
-2.5678292847e+02
-2.5728637695e+02
-2.5681231689e+02
-2.5681231689e+02
-2.5728637695e+02
-2.5678292847e+02
-2.5470654297e+02
-2.5517677307e+02
-2.5464761353e+02
-2.5464761353e+02
-2.5517677307e+02
-2.5470654297e+02
-2.5741284180e+02
-2.5796606445e+02
-2.5735287476e+02
-2.5735287476e+02
-2.5796606445e+02
-2.5741284180e+02
-2.5572822571e+02
-2.5650756836e+02
-2.5586854553e+02
-2.5586854553e+02
-2.5650756836e+02
-2.5572822571e+02
-2.5705001831e+02
-2.5684918213e+02
-2.5707403564e+02
-2.5707403564e+02
-2.5684918213e+02
-2.5705001831e+02
-2.5593811035e+02
-2.5593312073e+02
-2.5610507202e+02
-2.5610507202e+02
-2.5593312073e+02
-2.5593811035e+02
-2.5756765747e+02
-2.5756790161e+02
-2.5767358398e+02
-2.5767358398e+02
-2.5756790161e+02
-2.5756765747e+02
-2.5586672974e+02
-2.5584992981e+02
-2.5593151855e+02
-2.5593151855e+02
-2.5584992981e+02
-2.5586672974e+02
-2.5667874146e+02
-2.5667712402e+02
-2.5676574707e+02
-2.5676574707e+02
-2.5667712402e+02
-2.5667874146e+02
-2.5628652954e+02
-2.5627957153e+02
-2.5636566162e+02
-2.5636566162e+02
-2.5627957153e+02
-2.5628652954e+02
-2.5623553467e+02
-2.5622839355e+02
-2.5631436157e+02
-2.5631436157e+02
-2.5622839355e+02
-2.5623553467e+02
-2.5653054810e+02
-2.5652847290e+02
-2.5661694336e+02
-2.5661694336e+02
-2.5652847290e+02
-2.5653054810e+02
-2.5561334229e+02
-2.5559571838e+02
-2.5567684937e+02
-2.5567684937e+02
-2.5559571838e+02
-2.5561334229e+02
-2.5721856689e+02
-2.5721783447e+02
-2.5732315063e+02
-2.5732315063e+02
-2.5721783447e+02
-2.5721856689e+02
-2.5547740173e+02
-2.5547116089e+02
-2.5564263916e+02
-2.5564263916e+02
-2.5547116089e+02
-2.5547740173e+02
-2.5648529053e+02
-2.5628189087e+02
-2.5650701904e+02
-2.5650701904e+02
-2.5628189087e+02
-2.5648529053e+02
-2.5670697021e+02
-2.5670462036e+02
-2.5670413208e+02
-2.5670413208e+02
-2.5670462036e+02
-2.5670697021e+02
-2.5723132324e+02
-2.5707504272e+02
-2.5712500000e+02
-2.5712500000e+02
-2.5707504272e+02
-2.5723132324e+02
-2.5604461670e+02
-2.5592295837e+02
-2.5601260376e+02
-2.5601263428e+02
-2.5592295837e+02
-2.5604461670e+02
-2.5715219116e+02
-2.5703240967e+02
-2.5712768555e+02
-2.5712768555e+02
-2.5703240967e+02
-2.5715219116e+02
-2.5630728149e+02
-2.5617926025e+02
-2.5626797485e+02
-2.5626797485e+02
-2.5617926025e+02
-2.5630728149e+02
-2.5655590820e+02
-2.5643179321e+02
-2.5652304077e+02
-2.5652304077e+02
-2.5643179321e+02
-2.5655590820e+02
-2.5649536133e+02
-2.5637109375e+02
-2.5646231079e+02
-2.5646231079e+02
-2.5637109375e+02
-2.5649536133e+02
-2.5612008667e+02
-2.5599148560e+02
-2.5607995605e+02
-2.5607995605e+02
-2.5599148560e+02
-2.5612008667e+02
-2.5684405518e+02
-2.5672338867e+02
-2.5681842041e+02
-2.5681842041e+02
-2.5672338867e+02
-2.5684402466e+02
-2.5560456848e+02
-2.5548155212e+02
-2.5557070923e+02
-2.5557070923e+02
-2.5548155212e+02
-2.5560456848e+02
-2.5666644287e+02
-2.5650820923e+02
-2.5655767822e+02
-2.5655767822e+02
-2.5650820923e+02
-2.5666644287e+02
-2.5600708008e+02
-2.5600332642e+02
-2.5600177002e+02
-2.5600177002e+02
-2.5600332642e+02
-2.5600708008e+02
-2.5685968018e+02
-2.5692889404e+02
-2.5684921265e+02
-2.5684921265e+02
-2.5692889404e+02
-2.5685968018e+02
-2.5644006348e+02
-2.5662310791e+02
-2.5650146484e+02
-2.5650146484e+02
-2.5662310791e+02
-2.5644006348e+02
-2.5707373047e+02
-2.5721023560e+02
-2.5706884766e+02
-2.5706884766e+02
-2.5721023560e+02
-2.5707373047e+02
-2.5615908813e+02
-2.5630700684e+02
-2.5616879272e+02
-2.5616879272e+02
-2.5630700684e+02
-2.5615908813e+02
-2.5670333862e+02
-2.5685455322e+02
-2.5672055054e+02
-2.5672055054e+02
-2.5685455322e+02
-2.5670333862e+02
-2.5634484863e+02
-2.5649401855e+02
-2.5635769653e+02
-2.5635769653e+02
-2.5649401855e+02
-2.5634484863e+02
-2.5627172852e+02
-2.5642074585e+02
-2.5628424072e+02
-2.5628424072e+02
-2.5642074585e+02
-2.5627172852e+02
-2.5648855591e+02
-2.5663937378e+02
-2.5650509644e+02
-2.5650509644e+02
-2.5663937378e+02
-2.5648855591e+02
-2.5579545593e+02
-2.5594258118e+02
-2.5580374146e+02
-2.5580374146e+02
-2.5594258118e+02
-2.5579545593e+02
-2.5656652832e+02
-2.5670190430e+02
-2.5655975342e+02
-2.5655975342e+02
-2.5670190430e+02
-2.5656652832e+02
-2.5577970886e+02
-2.5596159363e+02
-2.5583886719e+02
-2.5583886719e+02
-2.5596159363e+02
-2.5577970886e+02
-2.5604675293e+02
-2.5611410522e+02
-2.5603356934e+02
-2.5603356934e+02
-2.5611410522e+02
-2.5604675293e+02
-2.5688723755e+02
-2.5679705811e+02
-2.5689407349e+02
-2.5689407349e+02
-2.5679705811e+02
-2.5688723755e+02
-2.5700216675e+02
-2.5682989502e+02
-2.5695794678e+02
-2.5695794678e+02
-2.5682989502e+02
-2.5700216675e+02
-2.5647186279e+02
-2.5634710693e+02
-2.5648297119e+02
-2.5648300171e+02
-2.5634710693e+02
-2.5647186279e+02
-2.5696957397e+02
-2.5682745361e+02
-2.5695806885e+02
-2.5695806885e+02
-2.5682745361e+02
-2.5696957397e+02
-2.5641891479e+02
-2.5627798462e+02
-2.5640682983e+02
-2.5640682983e+02
-2.5627798462e+02
-2.5641891479e+02
-2.5657678223e+02
-2.5643679810e+02
-2.5656759644e+02
-2.5656759644e+02
-2.5643679810e+02
-2.5657678223e+02
-2.5649771118e+02
-2.5635751343e+02
-2.5648828125e+02
-2.5648828125e+02
-2.5635751343e+02
-2.5649771118e+02
-2.5617669678e+02
-2.5603512573e+02
-2.5616372681e+02
-2.5616372681e+02
-2.5603512573e+02
-2.5617669678e+02
-2.5656817627e+02
-2.5642498779e+02
-2.5655529785e+02
-2.5655529785e+02
-2.5642498779e+02
-2.5656817627e+02
-2.5590368652e+02
-2.5577746582e+02
-2.5591282654e+02
-2.5591282654e+02
-2.5577746582e+02
-2.5590368652e+02
-2.5626892090e+02
-2.5609448242e+02
-2.5622201538e+02
-2.5622201538e+02
-2.5609448242e+02
-2.5626892090e+02
-2.5598228455e+02
-2.5588996887e+02
-2.5598623657e+02
-2.5598623657e+02
-2.5588996887e+02
-2.5598228455e+02
-2.5689028931e+02
-2.5698416138e+02
-2.5688916016e+02
-2.5688916016e+02
-2.5698416138e+02
-2.5689028931e+02
-2.5668472290e+02
-2.5683819580e+02
-2.5672201538e+02
-2.5672201538e+02
-2.5683819580e+02
-2.5668472290e+02
-2.5687557983e+02
-2.5698568726e+02
-2.5686749268e+02
-2.5686749268e+02
-2.5698568726e+02
-2.5687557983e+02
-2.5639849854e+02
-2.5652703857e+02
-2.5641317749e+02
-2.5641317749e+02
-2.5652703857e+02
-2.5639849854e+02
-2.5665310669e+02
-2.5677801514e+02
-2.5666464233e+02
-2.5666464233e+02
-2.5677801514e+02
-2.5665310669e+02
-2.5638119507e+02
-2.5650506592e+02
-2.5638980103e+02
-2.5638980103e+02
-2.5650506592e+02
-2.5638119507e+02
-2.5629391479e+02
-2.5641760254e+02
-2.5630215454e+02
-2.5630215454e+02
-2.5641760254e+02
-2.5629391479e+02
-2.5639474487e+02
-2.5651916504e+02
-2.5640548706e+02
-2.5640548706e+02
-2.5651916504e+02
-2.5639474487e+02
-2.5596362305e+02
-2.5609124756e+02
-2.5597679138e+02
-2.5597679138e+02
-2.5609124756e+02
-2.5596362305e+02
-2.5626611328e+02
-2.5637490845e+02
-2.5625588989e+02
-2.5625588989e+02
-2.5637490845e+02
-2.5626611328e+02
-2.5589440918e+02
-2.5604638672e+02
-2.5592907715e+02
-2.5592907715e+02
-2.5604638672e+02
-2.5589440918e+02
-2.5591668701e+02
-2.5600860596e+02
-2.5591253662e+02
-2.5591253662e+02
-2.5600860596e+02
-2.5591668701e+02
-2.5696707153e+02
-2.5687673950e+02
-2.5696936035e+02
-2.5696936035e+02
-2.5687673950e+02
-2.5696707153e+02
-2.5693682861e+02
-2.5680105591e+02
-2.5690719604e+02
-2.5690719604e+02
-2.5680105591e+02
-2.5693682861e+02
-2.5667028809e+02
-2.5657104492e+02
-2.5667684937e+02
-2.5667684937e+02
-2.5657104492e+02
-2.5667028809e+02
-2.5683258057e+02
-2.5671643066e+02
-2.5681951904e+02
-2.5681951904e+02
-2.5671643066e+02
-2.5683258057e+02
-2.5650506592e+02
-2.5639120483e+02
-2.5649331665e+02
-2.5649331665e+02
-2.5639120483e+02
-2.5650506592e+02
-2.5654998779e+02
-2.5643756104e+02
-2.5654156494e+02
-2.5654156494e+02
-2.5643756104e+02
-2.5654998779e+02
-2.5646047974e+02
-2.5634790039e+02
-2.5645184326e+02
-2.5645184326e+02
-2.5634790039e+02
-2.5646047974e+02
-2.5623284912e+02
-2.5611834717e+02
-2.5622015381e+02
-2.5622015381e+02
-2.5611834717e+02
-2.5623284912e+02
-2.5637963867e+02
-2.5626242065e+02
-2.5636511230e+02
-2.5636511230e+02
-2.5626242065e+02
-2.5637963867e+02
-2.5603140259e+02
-2.5593066406e+02
-2.5603585815e+02
-2.5603585815e+02
-2.5593066406e+02
-2.5603140259e+02
-2.5611105347e+02
-2.5597309875e+02
-2.5607858276e+02
-2.5607858276e+02
-2.5597309875e+02
-2.5611105347e+02
-2.5594905090e+02
-2.5585638428e+02
-2.5594825745e+02
-2.5594825745e+02
-2.5585638428e+02
-2.5594905090e+02
-2.5691345215e+02
-2.5700817871e+02
-2.5691510010e+02
-2.5691510010e+02
-2.5700817871e+02
-2.5691345215e+02
-2.5677673340e+02
-2.5690777588e+02
-2.5680679321e+02
-2.5680679321e+02
-2.5690777588e+02
-2.5677673340e+02
-2.5678549194e+02
-2.5688626099e+02
-2.5678558350e+02
-2.5678558350e+02
-2.5688626099e+02
-2.5678549194e+02
-2.5653240967e+02
-2.5664474487e+02
-2.5654418945e+02
-2.5654418945e+02
-2.5664474487e+02
-2.5653240967e+02
-2.5659307861e+02
-2.5670660400e+02
-2.5660839844e+02
-2.5660839844e+02
-2.5670660400e+02
-2.5659307861e+02
-2.5640951538e+02
-2.5651895142e+02
-2.5641781616e+02
-2.5641781616e+02
-2.5651895142e+02
-2.5640951538e+02
-2.5631680298e+02
-2.5642599487e+02
-2.5632470703e+02
-2.5632470703e+02
-2.5642599487e+02
-2.5631680298e+02
-2.5631698608e+02
-2.5642999268e+02
-2.5633148193e+02
-2.5633148193e+02
-2.5642999268e+02
-2.5631698608e+02
-2.5606921387e+02
-2.5618060303e+02
-2.5607940674e+02
-2.5607940674e+02
-2.5618060303e+02
-2.5606921387e+02
-2.5613504028e+02
-2.5623443604e+02
-2.5613296509e+02
-2.5613296509e+02
-2.5623443604e+02
-2.5613504028e+02
-2.5593437195e+02
-2.5606378174e+02
-2.5596173096e+02
-2.5596173096e+02
-2.5606378174e+02
-2.5593437195e+02
-2.5587564087e+02
-2.5596836853e+02
-2.5587417603e+02
-2.5587417603e+02
-2.5596836853e+02
-2.5587564087e+02
-2.5698159790e+02
-2.5688107300e+02
-2.5698318481e+02
-2.5698318481e+02
-2.5688107300e+02
-2.5698159790e+02
-2.5690917969e+02
-2.5677737427e+02
-2.5688265991e+02
-2.5688265991e+02
-2.5677737427e+02
-2.5690917969e+02
-2.5675360107e+02
-2.5664434814e+02
-2.5675003052e+02
-2.5675003052e+02
-2.5664434814e+02
-2.5675360107e+02
-2.5675000000e+02
-2.5663690186e+02
-2.5674533081e+02
-2.5674533081e+02
-2.5663690186e+02
-2.5675000000e+02
-2.5656912231e+02
-2.5644717407e+02
-2.5655007935e+02
-2.5655007935e+02
-2.5644717407e+02
-2.5656912231e+02
-2.5653140259e+02
-2.5641702271e+02
-2.5652413940e+02
-2.5652413940e+02
-2.5641702271e+02
-2.5653140259e+02
-2.5644030762e+02
-2.5632574463e+02
-2.5643280029e+02
-2.5643280029e+02
-2.5632574463e+02
-2.5644030762e+02
-2.5629339600e+02
-2.5617074585e+02
-2.5627337646e+02
-2.5627337646e+02
-2.5617074585e+02
-2.5629339600e+02
-2.5629013062e+02
-2.5617593384e+02
-2.5628399658e+02
-2.5628399658e+02
-2.5617593384e+02
-2.5629013062e+02
-2.5610592651e+02
-2.5599513245e+02
-2.5610018921e+02
-2.5610018921e+02
-2.5599513245e+02
-2.5610592651e+02
-2.5607150269e+02
-2.5593756104e+02
-2.5604217529e+02
-2.5604217529e+02
-2.5593756104e+02
-2.5607150269e+02
-2.5594923401e+02
-2.5584635925e+02
-2.5594773865e+02
-2.5594773865e+02
-2.5584635925e+02
-2.5594923401e+02
-2.5688879395e+02
-2.5700460815e+02
-2.5688958740e+02
-2.5688958740e+02
-2.5700460815e+02
-2.5688879395e+02
-2.5677581787e+02
-2.5691851807e+02
-2.5680560303e+02
-2.5680560303e+02
-2.5691851807e+02
-2.5677581787e+02
-2.5671325684e+02
-2.5684219360e+02
-2.5672760010e+02
-2.5672760010e+02
-2.5684219360e+02
-2.5671325684e+02
-2.5658569336e+02
-2.5670538330e+02
-2.5658343506e+02
-2.5658343506e+02
-2.5670538330e+02
-2.5658569336e+02
-2.5653118896e+02
-2.5667037964e+02
-2.5655810547e+02
-2.5655810547e+02
-2.5667037964e+02
-2.5653118896e+02
-2.5641851807e+02
-2.5654431152e+02
-2.5642565918e+02
-2.5642565918e+02
-2.5654431152e+02
-2.5641851807e+02
-2.5632922363e+02
-2.5645477295e+02
-2.5633596802e+02
-2.5633596802e+02
-2.5645477295e+02
-2.5632922363e+02
-2.5626425171e+02
-2.5640298462e+02
-2.5629037476e+02
-2.5629037476e+02
-2.5640298462e+02
-2.5626425171e+02
-2.5613864136e+02
-2.5625738525e+02
-2.5613479614e+02
-2.5613479614e+02
-2.5625738525e+02
-2.5613864136e+02
-2.5608483887e+02
-2.5621249390e+02
-2.5609710693e+02
-2.5609710693e+02
-2.5621249390e+02
-2.5608483887e+02
-2.5596231079e+02
-2.5610342407e+02
-2.5598947144e+02
-2.5598947144e+02
-2.5610342407e+02
-2.5596231079e+02
-2.5588642883e+02
-2.5600027466e+02
-2.5588421631e+02
-2.5588421631e+02
-2.5600027466e+02
-2.5588642883e+02
-2.5694625854e+02
-2.5681970215e+02
-2.5694921875e+02
-2.5694921875e+02
-2.5681970215e+02
-2.5694625854e+02
-2.5687234497e+02
-2.5672454834e+02
-2.5684338379e+02
-2.5684341431e+02
-2.5672454834e+02
-2.5687234497e+02
-2.5677996826e+02
-2.5663143921e+02
-2.5675274658e+02
-2.5675274658e+02
-2.5663143921e+02
-2.5677996826e+02
-2.5668301392e+02
-2.5656283569e+02
-2.5669802856e+02
-2.5669802856e+02
-2.5656283569e+02
-2.5668301392e+02
-2.5660839844e+02
-2.5645291138e+02
-2.5657254028e+02
-2.5657254028e+02
-2.5645291138e+02
-2.5660839844e+02
-2.5652258301e+02
-2.5638687134e+02
-2.5651473999e+02
-2.5651473999e+02
-2.5638687134e+02
-2.5652258301e+02
-2.5643875122e+02
-2.5630291748e+02
-2.5643072510e+02
-2.5643072510e+02
-2.5630291748e+02
-2.5643875122e+02
-2.5635559082e+02
-2.5619940186e+02
-2.5631878662e+02
-2.5631878662e+02
-2.5619940186e+02
-2.5635559082e+02
-2.5626071167e+02
-2.5613952637e+02
-2.5627441406e+02
-2.5627441406e+02
-2.5613952637e+02
-2.5626071167e+02
-2.5618563843e+02
-2.5603558350e+02
-2.5615631104e+02
-2.5615631104e+02
-2.5603558350e+02
-2.5618563843e+02
-2.5610330200e+02
-2.5595346069e+02
-2.5607174683e+02
-2.5607174683e+02
-2.5595346069e+02
-2.5610330200e+02
-2.5599836731e+02
-2.5586959839e+02
-2.5599842834e+02
-2.5599842834e+02
-2.5586959839e+02
-2.5599836731e+02
-2.5682153320e+02
-2.5694882202e+02
-2.5682418823e+02
-2.5682418823e+02
-2.5694882202e+02
-2.5682153320e+02
-2.5672589111e+02
-2.5686138916e+02
-2.5676272583e+02
-2.5676272583e+02
-2.5686138916e+02
-2.5672589111e+02
-2.5662139893e+02
-2.5678106689e+02
-2.5668045044e+02
-2.5668045044e+02
-2.5678106689e+02
-2.5662139893e+02
-2.5660433960e+02
-2.5670550537e+02
-2.5658032227e+02
-2.5658032227e+02
-2.5670550537e+02
-2.5660433960e+02
-2.5647412109e+02
-2.5662997437e+02
-2.5652679443e+02
-2.5652679443e+02
-2.5662997437e+02
-2.5647412109e+02
-2.5641809082e+02
-2.5654629517e+02
-2.5643322754e+02
-2.5643322754e+02
-2.5654629517e+02
-2.5641809082e+02
-2.5634075928e+02
-2.5646878052e+02
-2.5635556030e+02
-2.5635556030e+02
-2.5646878052e+02
-2.5634075928e+02
-2.5624234009e+02
-2.5639782715e+02
-2.5629437256e+02
-2.5629437256e+02
-2.5639782715e+02
-2.5624234009e+02
-2.5621664429e+02
-2.5631689453e+02
-2.5619110107e+02
-2.5619110107e+02
-2.5631689453e+02
-2.5621664429e+02
-2.5607583618e+02
-2.5623446655e+02
-2.5613311768e+02
-2.5613311768e+02
-2.5623446655e+02
-2.5607583618e+02
-2.5601968384e+02
-2.5615380859e+02
-2.5605416870e+02
-2.5605416870e+02
-2.5615380859e+02
-2.5601968384e+02
-2.5595112610e+02
-2.5607659912e+02
-2.5595106506e+02
-2.5595106506e+02
-2.5607659912e+02
-2.5595112610e+02
-2.5683932495e+02
-2.5676211548e+02
-2.5682302856e+02
-2.5682302856e+02
-2.5676211548e+02
-2.5683932495e+02
-2.5677197266e+02
-2.5671481323e+02
-2.5672283936e+02
-2.5672283936e+02
-2.5671481323e+02
-2.5677197266e+02
-2.5677078247e+02
-2.5664678955e+02
-2.5665145874e+02
-2.5665145874e+02
-2.5664678955e+02
-2.5677078247e+02
-2.5657800293e+02
-2.5655596924e+02
-2.5660040283e+02
-2.5660040283e+02
-2.5655596924e+02
-2.5657800293e+02
-2.5660263062e+02
-2.5650250244e+02
-2.5651818848e+02
-2.5651818848e+02
-2.5650250244e+02
-2.5660263062e+02
-2.5650030518e+02
-2.5643432617e+02
-2.5645989990e+02
-2.5645989990e+02
-2.5643432617e+02
-2.5650030518e+02
-2.5643212891e+02
-2.5636605835e+02
-2.5639157104e+02
-2.5639157104e+02
-2.5636605835e+02
-2.5643212891e+02
-2.5639749146e+02
-2.5629672241e+02
-2.5631216431e+02
-2.5631216431e+02
-2.5629672241e+02
-2.5639749146e+02
-2.5623480225e+02
-2.5621206665e+02
-2.5625619507e+02
-2.5625619507e+02
-2.5621206665e+02
-2.5623480225e+02
-2.5628814697e+02
-2.5616271973e+02
-2.5616677856e+02
-2.5616677856e+02
-2.5616271973e+02
-2.5628814697e+02
-2.5614688110e+02
-2.5608804321e+02
-2.5609545898e+02
-2.5609545898e+02
-2.5608804321e+02
-2.5614688110e+02
-2.5606838989e+02
-2.5598954773e+02
-2.5604953003e+02
-2.5604953003e+02
-2.5598954773e+02
-2.5606838989e+02
-2.5675805664e+02
-2.5666900635e+02
-2.5681979370e+02
-2.5681979370e+02
-2.5666900635e+02
-2.5675805664e+02
-2.5672299194e+02
-2.5655160522e+02
-2.5679742432e+02
-2.5679742432e+02
-2.5655160522e+02
-2.5672299194e+02
-2.5652349854e+02
-2.5649108887e+02
-2.5675598145e+02
-2.5675598145e+02
-2.5649108887e+02
-2.5652349854e+02
-2.5667816162e+02
-2.5648101807e+02
-2.5668527222e+02
-2.5668527222e+02
-2.5648101807e+02
-2.5667816162e+02
-2.5649896240e+02
-2.5640173340e+02
-2.5663778687e+02
-2.5663778687e+02
-2.5640173340e+02
-2.5649896240e+02
-2.5648501587e+02
-2.5634768677e+02
-2.5657522583e+02
-2.5657522583e+02
-2.5634768677e+02
-2.5648501587e+02
-2.5642739868e+02
-2.5628982544e+02
-2.5651730347e+02
-2.5651730347e+02
-2.5628982544e+02
-2.5642739868e+02
-2.5632589722e+02
-2.5622827148e+02
-2.5646426392e+02
-2.5646426392e+02
-2.5622827148e+02
-2.5632589722e+02
-2.5638894653e+02
-2.5619070435e+02
-2.5639471436e+02
-2.5639471436e+02
-2.5619070435e+02
-2.5638894653e+02
-2.5611566162e+02
-2.5608233643e+02
-2.5634707642e+02
-2.5634707642e+02
-2.5608233643e+02
-2.5611566162e+02
-2.5619525146e+02
-2.5602224731e+02
-2.5626770020e+02
-2.5626770020e+02
-2.5602224731e+02
-2.5619525146e+02
-2.5610693359e+02
-2.5601571655e+02
-2.5616659546e+02
-2.5616659546e+02
-2.5601571655e+02
-2.5610693359e+02
-2.5648818970e+02
-2.5702896118e+02
-2.5639016724e+02
-2.5639019775e+02
-2.5702896118e+02
-2.5648818970e+02
-2.5636621094e+02
-2.5711318970e+02
-2.5632260132e+02
-2.5632260132e+02
-2.5711318970e+02
-2.5636621094e+02
-2.5661849976e+02
-2.5710443115e+02
-2.5625604248e+02
-2.5625604248e+02
-2.5710443115e+02
-2.5661849976e+02
-2.5627359009e+02
-2.5700262451e+02
-2.5623693848e+02
-2.5623693848e+02
-2.5700259399e+02
-2.5627359009e+02
-2.5637988281e+02
-2.5699316406e+02
-2.5619998169e+02
-2.5619998169e+02
-2.5699316406e+02
-2.5637988281e+02
-2.5629776001e+02
-2.5695388794e+02
-2.5616680908e+02
-2.5616680908e+02
-2.5695388794e+02
-2.5629776001e+02
-2.5625250244e+02
-2.5690866089e+02
-2.5612139893e+02
-2.5612139893e+02
-2.5690866089e+02
-2.5625250244e+02
-2.5624371338e+02
-2.5685684204e+02
-2.5606311035e+02
-2.5606311035e+02
-2.5685684204e+02
-2.5624371338e+02
-2.5604544067e+02
-2.5677459717e+02
-2.5600805664e+02
-2.5600805664e+02
-2.5677459717e+02
-2.5604544067e+02
-2.5629818726e+02
-2.5678341675e+02
-2.5593351746e+02
-2.5593351746e+02
-2.5678341675e+02
-2.5629818726e+02
-2.5594993591e+02
-2.5669686890e+02
-2.5590463257e+02
-2.5590463257e+02
-2.5669686890e+02
-2.5594993591e+02
-2.5597424316e+02
-2.5651525879e+02
-2.5587397766e+02
-2.5587397766e+02
-2.5651525879e+02
-2.5597424316e+02
-2.5702383423e+02
-2.5559255981e+02
-2.5723883057e+02
-2.5723883057e+02
-2.5559255981e+02
-2.5702383423e+02
-2.5726965332e+02
-2.5540753174e+02
-2.5727212524e+02
-2.5727212524e+02
-2.5540753174e+02
-2.5726965332e+02
-2.5671112061e+02
-2.5530807495e+02
-2.5731851196e+02
-2.5731851196e+02
-2.5530807495e+02
-2.5671112061e+02
-2.5707275391e+02
-2.5534979248e+02
-2.5727224731e+02
-2.5727224731e+02
-2.5534980774e+02
-2.5707275391e+02
-2.5688290405e+02
-2.5527929688e+02
-2.5721569824e+02
-2.5721569824e+02
-2.5527931213e+02
-2.5688290405e+02
-2.5687265015e+02
-2.5522642517e+02
-2.5715820312e+02
-2.5715820312e+02
-2.5522644043e+02
-2.5687265015e+02
-2.5684124756e+02
-2.5519462585e+02
-2.5712664795e+02
-2.5712664795e+02
-2.5519462585e+02
-2.5684124756e+02
-2.5678848267e+02
-2.5518385315e+02
-2.5712100220e+02
-2.5712100220e+02
-2.5518385315e+02
-2.5678848267e+02
-2.5691455078e+02
-2.5518962097e+02
-2.5711340332e+02
-2.5711340332e+02
-2.5518962097e+02
-2.5691455078e+02
-2.5648663330e+02
-2.5508183289e+02
-2.5709442139e+02
-2.5709442139e+02
-2.5508183289e+02
-2.5648663330e+02
-2.5697985840e+02
-2.5511392212e+02
-2.5698095703e+02
-2.5698095703e+02
-2.5511392212e+02
-2.5697985840e+02
-2.5666448975e+02
-2.5522883606e+02
-2.5687887573e+02
-2.5687887573e+02
-2.5522883606e+02
-2.5666448975e+02
-2.5663381958e+02
-2.5894833374e+02
-2.5486758423e+02
-2.5486758423e+02
-2.5894833374e+02
-2.5663381958e+02
-2.5593783569e+02
-2.5913800049e+02
-2.5485095215e+02
-2.5485095215e+02
-2.5913800049e+02
-2.5593782043e+02
-2.5665710449e+02
-2.5914712524e+02
-2.5457191467e+02
-2.5457191467e+02
-2.5914712524e+02
-2.5665710449e+02
-2.5596243286e+02
-2.5884161377e+02
-2.5431857300e+02
-2.5431857300e+02
-2.5884161377e+02
-2.5596243286e+02
-2.5582759094e+02
-2.5862902832e+02
-2.5411715698e+02
-2.5411715698e+02
-2.5862902832e+02
-2.5582759094e+02
-2.5564741516e+02
-2.5850769043e+02
-2.5400726318e+02
-2.5400726318e+02
-2.5850769043e+02
-2.5564741516e+02
-2.5563084412e+02
-2.5849148560e+02
-2.5399026489e+02
-2.5399026489e+02
-2.5849148560e+02
-2.5563084412e+02
-2.5577767944e+02
-2.5858007812e+02
-2.5406585693e+02
-2.5406585693e+02
-2.5858007812e+02
-2.5577767944e+02
-2.5587870789e+02
-2.5875967407e+02
-2.5423254395e+02
-2.5423254395e+02
-2.5875967407e+02
-2.5587870789e+02
-2.5653927612e+02
-2.5903097534e+02
-2.5445005798e+02
-2.5445005798e+02
-2.5903097534e+02
-2.5653927612e+02
-2.5578059387e+02
-2.5898553467e+02
-2.5469174194e+02
-2.5469174194e+02
-2.5898553467e+02
-2.5578059387e+02
-2.5643905640e+02
-2.5875848389e+02
-2.5466896057e+02
-2.5466896057e+02
-2.5875848389e+02
-2.5643905640e+02
-2.5799395752e+02
-2.5332635498e+02
-2.6154077148e+02
-2.6154077148e+02
-2.5332635498e+02
-2.5799395752e+02
-2.5901751709e+02
-2.5251719666e+02
-2.6045928955e+02
-2.6045928955e+02
-2.5251719666e+02
-2.5901751709e+02
-2.5706976318e+02
-2.5157806396e+02
-2.5990066528e+02
-2.5990066528e+02
-2.5157806396e+02
-2.5706976318e+02
-2.5698782349e+02
-2.5119895935e+02
-2.5960659790e+02
-2.5960659790e+02
-2.5119895935e+02
-2.5698782349e+02
-2.5677770996e+02
-2.5106629944e+02
-2.5948754883e+02
-2.5948754883e+02
-2.5106629944e+02
-2.5677770996e+02
-2.5679730225e+02
-2.5103022766e+02
-2.5945254517e+02
-2.5945254517e+02
-2.5103022766e+02
-2.5679730225e+02
-2.5679638672e+02
-2.5102835083e+02
-2.5945199585e+02
-2.5945202637e+02
-2.5102835083e+02
-2.5679638672e+02
-2.5677517700e+02
-2.5106077576e+02
-2.5948593140e+02
-2.5948593140e+02
-2.5106079102e+02
-2.5677517700e+02
-2.5698352051e+02
-2.5118942261e+02
-2.5960360718e+02
-2.5960360718e+02
-2.5118943787e+02
-2.5698352051e+02
-2.5706375122e+02
-2.5156471252e+02
-2.5989584351e+02
-2.5989584351e+02
-2.5156471252e+02
-2.5706375122e+02
-2.5901272583e+02
-2.5249931335e+02
-2.6045166016e+02
-2.6045166016e+02
-2.5249932861e+02
-2.5901272583e+02
-2.5798147583e+02
-2.5330081177e+02
-2.6152783203e+02
-2.6152783203e+02
-2.5330082703e+02
-2.5798147583e+02
-2.4913429260e+02
-2.6554577637e+02
-2.5936853027e+02
-2.5936853027e+02
-2.6554577637e+02
-2.4913429260e+02
-2.4431900024e+02
-2.6369549561e+02
-2.5868807983e+02
-2.5868807983e+02
-2.6369549561e+02
-2.4431900024e+02
-2.4530140686e+02
-2.6375524902e+02
-2.5857531738e+02
-2.5857531738e+02
-2.6375521851e+02
-2.4530140686e+02
-2.4545216370e+02
-2.6406463623e+02
-2.5870895386e+02
-2.5870892334e+02
-2.6406463623e+02
-2.4545214844e+02
-2.4576123047e+02
-2.6427468872e+02
-2.5887271118e+02
-2.5887271118e+02
-2.6427465820e+02
-2.4576121521e+02
-2.4584852600e+02
-2.6439187622e+02
-2.5896856689e+02
-2.5896856689e+02
-2.6439184570e+02
-2.4584852600e+02
-2.4586231995e+02
-2.6440859985e+02
-2.5898440552e+02
-2.5898440552e+02
-2.6440856934e+02
-2.4586231995e+02
-2.4580216980e+02
-2.6432461548e+02
-2.5892010498e+02
-2.5892010498e+02
-2.6432458496e+02
-2.4580215454e+02
-2.4552015686e+02
-2.6414767456e+02
-2.5878771973e+02
-2.5878771973e+02
-2.6414767456e+02
-2.4552014160e+02
-2.4539555359e+02
-2.6387069702e+02
-2.5868545532e+02
-2.5868545532e+02
-2.6387069702e+02
-2.4539553833e+02
-2.4443905640e+02
-2.6384457397e+02
-2.5882980347e+02
-2.5882980347e+02
-2.6384454346e+02
-2.4443904114e+02
-2.4929080200e+02
-2.6572967529e+02
-2.5954315186e+02
-2.5954315186e+02
-2.6572964478e+02
-2.4929080200e+02
-2.6110644531e+02
-2.4811589050e+02
-2.4913298035e+02
-2.4913298035e+02
-2.4811590576e+02
-2.6110644531e+02
-2.6604550171e+02
-2.5086456299e+02
-2.5096133423e+02
-2.5096133423e+02
-2.5086457825e+02
-2.6604553223e+02
-2.6664178467e+02
-2.5203082275e+02
-2.5195765686e+02
-2.5195764160e+02
-2.5203083801e+02
-2.6664181519e+02
-2.6710467529e+02
-2.5243727112e+02
-2.5249673462e+02
-2.5249673462e+02
-2.5243727112e+02
-2.6710470581e+02
-2.6722213745e+02
-2.5266142273e+02
-2.5274714661e+02
-2.5274714661e+02
-2.5266142273e+02
-2.6722213745e+02
-2.6731655884e+02
-2.5275573730e+02
-2.5286804199e+02
-2.5286804199e+02
-2.5275573730e+02
-2.6731658936e+02
-2.6735076904e+02
-2.5278764343e+02
-2.5290002441e+02
-2.5290002441e+02
-2.5278765869e+02
-2.6735076904e+02
-2.6732504272e+02
-2.5275726318e+02
-2.5284304810e+02
-2.5284304810e+02
-2.5275726318e+02
-2.6732504272e+02
-2.6727551270e+02
-2.5259667969e+02
-2.5265644836e+02
-2.5265644836e+02
-2.5259667969e+02
-2.6727551270e+02
-2.6688070679e+02
-2.5225379944e+02
-2.5218103027e+02
-2.5218103027e+02
-2.5225379944e+02
-2.6688070679e+02
-2.6634924316e+02
-2.5114964294e+02
-2.5124897766e+02
-2.5124897766e+02
-2.5114964294e+02
-2.6634924316e+02
-2.6147186279e+02
-2.4846725464e+02
-2.4948646545e+02
-2.4948646545e+02
-2.4846725464e+02
-2.6147186279e+02
-2.6100903320e+02
-2.4802488708e+02
-2.4904113770e+02
-2.4904113770e+02
-2.4802488708e+02
-2.6100903320e+02
-2.6596426392e+02
-2.5078599548e+02
-2.5088447571e+02
-2.5088447571e+02
-2.5078601074e+02
-2.6596426392e+02
-2.6658093262e+02
-2.5197023010e+02
-2.5189733887e+02
-2.5189733887e+02
-2.5197023010e+02
-2.6658096313e+02
-2.6706109619e+02
-2.5239402771e+02
-2.5245368958e+02
-2.5245368958e+02
-2.5239404297e+02
-2.6706109619e+02
-2.6719641113e+02
-2.5263562012e+02
-2.5272135925e+02
-2.5272135925e+02
-2.5263562012e+02
-2.6719641113e+02
-2.6730786133e+02
-2.5274710083e+02
-2.5285945129e+02
-2.5285945129e+02
-2.5274710083e+02
-2.6730786133e+02
-2.6735946655e+02
-2.5279627991e+02
-2.5290861511e+02
-2.5290861511e+02
-2.5279627991e+02
-2.6735946655e+02
-2.6735076904e+02
-2.5278305054e+02
-2.5286883545e+02
-2.5286883545e+02
-2.5278306580e+02
-2.6735076904e+02
-2.6731909180e+02
-2.5263990784e+02
-2.5269949341e+02
-2.5269949341e+02
-2.5263992310e+02
-2.6731912231e+02
-2.6694155884e+02
-2.5231440735e+02
-2.5224133301e+02
-2.5224133301e+02
-2.5231440735e+02
-2.6694155884e+02
-2.6643051147e+02
-2.5122821045e+02
-2.5132583618e+02
-2.5132583618e+02
-2.5122821045e+02
-2.6643051147e+02
-2.6156927490e+02
-2.4855825806e+02
-2.4957829285e+02
-2.4957829285e+02
-2.4855825806e+02
-2.6156927490e+02
-2.4885133362e+02
-2.6526287842e+02
-2.5908758545e+02
-2.5908758545e+02
-2.6526284790e+02
-2.4885133362e+02
-2.4408729553e+02
-2.6346435547e+02
-2.5845727539e+02
-2.5845727539e+02
-2.6346435547e+02
-2.4408728027e+02
-2.4512091064e+02
-2.6357528687e+02
-2.5839584351e+02
-2.5839584351e+02
-2.6357528687e+02
-2.4512089539e+02
-2.4532412720e+02
-2.6393652344e+02
-2.5858087158e+02
-2.5858087158e+02
-2.6393652344e+02
-2.4532412720e+02
-2.4568437195e+02
-2.6419790649e+02
-2.5879598999e+02
-2.5879598999e+02
-2.6419787598e+02
-2.4568437195e+02
-2.4582308960e+02
-2.6436633301e+02
-2.5894302368e+02
-2.5894302368e+02
-2.6436633301e+02
-2.4582308960e+02
-2.4588775635e+02
-2.6443411255e+02
-2.5900997925e+02
-2.5900994873e+02
-2.6443411255e+02
-2.4588775635e+02
-2.4587901306e+02
-2.6440139771e+02
-2.5899682617e+02
-2.5899682617e+02
-2.6440136719e+02
-2.4587901306e+02
-2.4564817810e+02
-2.6427578735e+02
-2.5891580200e+02
-2.5891580200e+02
-2.6427575684e+02
-2.4564816284e+02
-2.4557606506e+02
-2.6405062866e+02
-2.5886492920e+02
-2.5886492920e+02
-2.6405062866e+02
-2.4557606506e+02
-2.4467077637e+02
-2.6407571411e+02
-2.5906063843e+02
-2.5906063843e+02
-2.6407568359e+02
-2.4467076111e+02
-2.4957376099e+02
-2.6601260376e+02
-2.5982409668e+02
-2.5982409668e+02
-2.6601257324e+02
-2.4957376099e+02
-2.5752835083e+02
-2.5285733032e+02
-2.6107080078e+02
-2.6107080078e+02
-2.5285733032e+02
-2.5752835083e+02
-2.5863970947e+02
-2.5213700867e+02
-2.6007812500e+02
-2.6007812500e+02
-2.5213702393e+02
-2.5863970947e+02
-2.5677639771e+02
-2.5128363037e+02
-2.5960559082e+02
-2.5960559082e+02
-2.5128363037e+02
-2.5677639771e+02
-2.5677825928e+02
-2.5098899841e+02
-2.5939645386e+02
-2.5939645386e+02
-2.5098901367e+02
-2.5677825928e+02
-2.5665231323e+02
-2.5094058228e+02
-2.5936169434e+02
-2.5936169434e+02
-2.5094059753e+02
-2.5665231323e+02
-2.5675537109e+02
-2.5098829651e+02
-2.5941061401e+02
-2.5941061401e+02
-2.5098831177e+02
-2.5675537109e+02
-2.5683828735e+02
-2.5107026672e+02
-2.5949392700e+02
-2.5949392700e+02
-2.5107026672e+02
-2.5683828735e+02
-2.5690060425e+02
-2.5118647766e+02
-2.5961178589e+02
-2.5961178589e+02
-2.5118649292e+02
-2.5690060425e+02
-2.5719308472e+02
-2.5139938354e+02
-2.5981375122e+02
-2.5981375122e+02
-2.5139938354e+02
-2.5719308472e+02
-2.5735714722e+02
-2.5185914612e+02
-2.6019091797e+02
-2.6019091797e+02
-2.5185914612e+02
-2.5735714722e+02
-2.5939050293e+02
-2.5287950134e+02
-2.6083282471e+02
-2.6083282471e+02
-2.5287950134e+02
-2.5939053345e+02
-2.5844711304e+02
-2.5376985168e+02
-2.6199780273e+02
-2.6199780273e+02
-2.5376986694e+02
-2.5844711304e+02
-2.5599028015e+02
-2.5830496216e+02
-2.5422273254e+02
-2.5422273254e+02
-2.5830496216e+02
-2.5599028015e+02
-2.5541448975e+02
-2.5861413574e+02
-2.5432670593e+02
-2.5432670593e+02
-2.5861413574e+02
-2.5541447449e+02
-2.5625296021e+02
-2.5874200439e+02
-2.5416629028e+02
-2.5416629028e+02
-2.5874200439e+02
-2.5625296021e+02
-2.5567485046e+02
-2.5855337524e+02
-2.5402993774e+02
-2.5402993774e+02
-2.5855337524e+02
-2.5567485046e+02
-2.5565527344e+02
-2.5845639038e+02
-2.5394435120e+02
-2.5394435120e+02
-2.5845639038e+02
-2.5565525818e+02
-2.5559013367e+02
-2.5845025635e+02
-2.5394975281e+02
-2.5394975281e+02
-2.5845025635e+02
-2.5559013367e+02
-2.5568812561e+02
-2.5854891968e+02
-2.5404777527e+02
-2.5404777527e+02
-2.5854891968e+02
-2.5568812561e+02
-2.5594999695e+02
-2.5875271606e+02
-2.5423864746e+02
-2.5423864746e+02
-2.5875271606e+02
-2.5594999695e+02
-2.5616629028e+02
-2.5904791260e+02
-2.5452119446e+02
-2.5452117920e+02
-2.5904791260e+02
-2.5616629028e+02
-2.5694342041e+02
-2.5943609619e+02
-2.5485568237e+02
-2.5485568237e+02
-2.5943609619e+02
-2.5694342041e+02
-2.5630392456e+02
-2.5950939941e+02
-2.5521600342e+02
-2.5521600342e+02
-2.5950939941e+02
-2.5630392456e+02
-2.5708264160e+02
-2.5940188599e+02
-2.5531382751e+02
-2.5531382751e+02
-2.5940188599e+02
-2.5708261108e+02
-2.5621612549e+02
-2.5478300476e+02
-2.5642977905e+02
-2.5642977905e+02
-2.5478300476e+02
-2.5621612549e+02
-2.5661264038e+02
-2.5474951172e+02
-2.5661361694e+02
-2.5661361694e+02
-2.5474951172e+02
-2.5661264038e+02
-2.5620199585e+02
-2.5479847717e+02
-2.5680868530e+02
-2.5680868530e+02
-2.5479847717e+02
-2.5620199585e+02
-2.5671060181e+02
-2.5498715210e+02
-2.5690936279e+02
-2.5690936279e+02
-2.5498715210e+02
-2.5671063232e+02
-2.5666629028e+02
-2.5506233215e+02
-2.5699853516e+02
-2.5699853516e+02
-2.5506233215e+02
-2.5666629028e+02
-2.5680044556e+02
-2.5515412903e+02
-2.5708584595e+02
-2.5708584595e+02
-2.5515412903e+02
-2.5680044556e+02
-2.5691345215e+02
-2.5526690674e+02
-2.5719897461e+02
-2.5719897461e+02
-2.5526690674e+02
-2.5691345215e+02
-2.5700509644e+02
-2.5540080261e+02
-2.5733816528e+02
-2.5733816528e+02
-2.5540081787e+02
-2.5700509644e+02
-2.5727664185e+02
-2.5555226135e+02
-2.5747628784e+02
-2.5747628784e+02
-2.5555226135e+02
-2.5727664185e+02
-2.5699575806e+02
-2.5559141541e+02
-2.5760424805e+02
-2.5760424805e+02
-2.5559143066e+02
-2.5699575806e+02
-2.5763687134e+02
-2.5577194214e+02
-2.5763946533e+02
-2.5763946533e+02
-2.5577194214e+02
-2.5763687134e+02
-2.5747219849e+02
-2.5603839111e+02
-2.5768792725e+02
-2.5768792725e+02
-2.5603839111e+02
-2.5747219849e+02
-2.5552912903e+02
-2.5606906128e+02
-2.5542903137e+02
-2.5542903137e+02
-2.5606906128e+02
-2.5552911377e+02
-2.5558604431e+02
-2.5633178711e+02
-2.5554072571e+02
-2.5554072571e+02
-2.5633178711e+02
-2.5558604431e+02
-2.5601473999e+02
-2.5649954224e+02
-2.5565060425e+02
-2.5565060425e+02
-2.5649954224e+02
-2.5601473999e+02
-2.5584350586e+02
-2.5657192993e+02
-2.5580596924e+02
-2.5580596924e+02
-2.5657192993e+02
-2.5584350586e+02
-2.5612237549e+02
-2.5673526001e+02
-2.5594190979e+02
-2.5594190979e+02
-2.5673526001e+02
-2.5612237549e+02
-2.5621212769e+02
-2.5686810303e+02
-2.5608096313e+02
-2.5608096313e+02
-2.5686810303e+02
-2.5621212769e+02
-2.5633813477e+02
-2.5699444580e+02
-2.5620724487e+02
-2.5620724487e+02
-2.5699444580e+02
-2.5633813477e+02
-2.5650122070e+02
-2.5711471558e+02
-2.5632116699e+02
-2.5632116699e+02
-2.5711471558e+02
-2.5650122070e+02
-2.5647552490e+02
-2.5720526123e+02
-2.5643899536e+02
-2.5643899536e+02
-2.5720526123e+02
-2.5647552490e+02
-2.5690197754e+02
-2.5738830566e+02
-2.5653894043e+02
-2.5653894043e+02
-2.5738830566e+02
-2.5690197754e+02
-2.5673010254e+02
-2.5747830200e+02
-2.5668649292e+02
-2.5668649292e+02
-2.5747830200e+02
-2.5673010254e+02
-2.5693331909e+02
-2.5747518921e+02
-2.5683514404e+02
-2.5683514404e+02
-2.5747518921e+02
-2.5693331909e+02
-2.5566426086e+02
-2.5557324219e+02
-2.5572373962e+02
-2.5572373962e+02
-2.5557324219e+02
-2.5566426086e+02
-2.5583314514e+02
-2.5566041565e+02
-2.5590547180e+02
-2.5590547180e+02
-2.5566041565e+02
-2.5583314514e+02
-2.5583438110e+02
-2.5580096436e+02
-2.5606536865e+02
-2.5606536865e+02
-2.5580096436e+02
-2.5583438110e+02
-2.5618771362e+02
-2.5598976135e+02
-2.5619357300e+02
-2.5619357300e+02
-2.5598976135e+02
-2.5618771362e+02
-2.5620535278e+02
-2.5610769653e+02
-2.5634353638e+02
-2.5634353638e+02
-2.5610769653e+02
-2.5620535278e+02
-2.5638714600e+02
-2.5624966431e+02
-2.5647711182e+02
-2.5647711182e+02
-2.5624966431e+02
-2.5638714600e+02
-2.5652523804e+02
-2.5638781738e+02
-2.5661538696e+02
-2.5661538696e+02
-2.5638781738e+02
-2.5652523804e+02
-2.5661947632e+02
-2.5652227783e+02
-2.5675851440e+02
-2.5675851440e+02
-2.5652227783e+02
-2.5661947632e+02
-2.5687936401e+02
-2.5668197632e+02
-2.5688638306e+02
-2.5688638306e+02
-2.5668197632e+02
-2.5687936401e+02
-2.5680480957e+02
-2.5677246094e+02
-2.5703768921e+02
-2.5703768921e+02
-2.5677246094e+02
-2.5680480957e+02
-2.5708511353e+02
-2.5691345215e+02
-2.5715966797e+02
-2.5715966797e+02
-2.5691345215e+02
-2.5708511353e+02
-2.5720074463e+02
-2.5711154175e+02
-2.5726269531e+02
-2.5726269531e+02
-2.5711154175e+02
-2.5720074463e+02
-2.5562896729e+02
-2.5555017090e+02
-2.5561009216e+02
-2.5561009216e+02
-2.5555017090e+02
-2.5562896729e+02
-2.5578744507e+02
-2.5572865295e+02
-2.5573605347e+02
-2.5573605347e+02
-2.5572865295e+02
-2.5578744507e+02
-2.5600854492e+02
-2.5588330078e+02
-2.5588735962e+02
-2.5588735962e+02
-2.5588330078e+02
-2.5600854492e+02
-2.5603530884e+02
-2.5601251221e+02
-2.5605654907e+02
-2.5605654907e+02
-2.5601251221e+02
-2.5603530884e+02
-2.5627770996e+02
-2.5617703247e+02
-2.5619247437e+02
-2.5619247437e+02
-2.5617703247e+02
-2.5627770996e+02
-2.5639224243e+02
-2.5632611084e+02
-2.5635162354e+02
-2.5635162354e+02
-2.5632611084e+02
-2.5639224243e+02
-2.5654016113e+02
-2.5647427368e+02
-2.5649984741e+02
-2.5649984741e+02
-2.5647427368e+02
-2.5654016113e+02
-2.5672244263e+02
-2.5662216187e+02
-2.5663787842e+02
-2.5663787842e+02
-2.5662216187e+02
-2.5672244263e+02
-2.5677746582e+02
-2.5675552368e+02
-2.5680001831e+02
-2.5680001831e+02
-2.5675552368e+02
-2.5677746582e+02
-2.5705038452e+02
-2.5692620850e+02
-2.5693090820e+02
-2.5693090820e+02
-2.5692620850e+02
-2.5705038452e+02
-2.5713140869e+02
-2.5707421875e+02
-2.5708227539e+02
-2.5708227539e+02
-2.5707421875e+02
-2.5713140869e+02
-2.5727877808e+02
-2.5720150757e+02
-2.5726248169e+02
-2.5726251221e+02
-2.5720150757e+02
-2.5727877808e+02
-2.5551548767e+02
-2.5564073181e+02
-2.5551536560e+02
-2.5551536560e+02
-2.5564073181e+02
-2.5551548767e+02
-2.5566343689e+02
-2.5579733276e+02
-2.5569781494e+02
-2.5569781494e+02
-2.5579733276e+02
-2.5566343689e+02
-2.5579885864e+02
-2.5595722961e+02
-2.5585600281e+02
-2.5585600281e+02
-2.5595722961e+02
-2.5579885864e+02
-2.5601873779e+02
-2.5611895752e+02
-2.5599327087e+02
-2.5599327087e+02
-2.5611895752e+02
-2.5601873779e+02
-2.5612368774e+02
-2.5627902222e+02
-2.5617559814e+02
-2.5617559814e+02
-2.5627902222e+02
-2.5612368774e+02
-2.5630117798e+02
-2.5642922974e+02
-2.5631607056e+02
-2.5631607056e+02
-2.5642922974e+02
-2.5630117798e+02
-2.5645764160e+02
-2.5658581543e+02
-2.5647274780e+02
-2.5647274780e+02
-2.5658581543e+02
-2.5645764160e+02
-2.5659277344e+02
-2.5674874878e+02
-2.5664556885e+02
-2.5664556885e+02
-2.5674874878e+02
-2.5659277344e+02
-2.5680224609e+02
-2.5690344238e+02
-2.5677813721e+02
-2.5677813721e+02
-2.5690344238e+02
-2.5680224609e+02
-2.5689840698e+02
-2.5705831909e+02
-2.5695758057e+02
-2.5695758057e+02
-2.5705831909e+02
-2.5689840698e+02
-2.5708215332e+02
-2.5721789551e+02
-2.5711911011e+02
-2.5711911011e+02
-2.5721789551e+02
-2.5708215332e+02
-2.5725720215e+02
-2.5738470459e+02
-2.5725991821e+02
-2.5725991821e+02
-2.5738470459e+02
-2.5725720215e+02
-2.5556675720e+02
-2.5543817139e+02
-2.5556677246e+02
-2.5556677246e+02
-2.5543817139e+02
-2.5556675720e+02
-2.5575024414e+02
-2.5560057068e+02
-2.5571868896e+02
-2.5571868896e+02
-2.5560057068e+02
-2.5575024414e+02
-2.5591114807e+02
-2.5576124573e+02
-2.5588183594e+02
-2.5588183594e+02
-2.5576124573e+02
-2.5591114807e+02
-2.5606466675e+02
-2.5594354248e+02
-2.5607827759e+02
-2.5607827759e+02
-2.5594354248e+02
-2.5606466675e+02
-2.5623797607e+02
-2.5608187866e+02
-2.5620123291e+02
-2.5620123291e+02
-2.5608187866e+02
-2.5623797607e+02
-2.5639950562e+02
-2.5626364136e+02
-2.5639141846e+02
-2.5639141846e+02
-2.5626364136e+02
-2.5639950562e+02
-2.5656179810e+02
-2.5642611694e+02
-2.5655401611e+02
-2.5655401611e+02
-2.5642611694e+02
-2.5656179810e+02
-2.5672601318e+02
-2.5657037354e+02
-2.5669006348e+02
-2.5669006348e+02
-2.5657037354e+02
-2.5672601318e+02
-2.5687902832e+02
-2.5675881958e+02
-2.5689413452e+02
-2.5689413452e+02
-2.5675881958e+02
-2.5687902832e+02
-2.5705447388e+02
-2.5690582275e+02
-2.5702725220e+02
-2.5702725220e+02
-2.5690582275e+02
-2.5705447388e+02
-2.5722540283e+02
-2.5707742310e+02
-2.5719647217e+02
-2.5719647217e+02
-2.5707742310e+02
-2.5722540283e+02
-2.5737789917e+02
-2.5725115967e+02
-2.5738092041e+02
-2.5738092041e+02
-2.5725115967e+02
-2.5737789917e+02
-2.5545953369e+02
-2.5557318115e+02
-2.5545726013e+02
-2.5545726013e+02
-2.5557318115e+02
-2.5545953369e+02
-2.5561320496e+02
-2.5575410461e+02
-2.5564027405e+02
-2.5564027405e+02
-2.5575410461e+02
-2.5561320496e+02
-2.5581332397e+02
-2.5594081116e+02
-2.5582551575e+02
-2.5582551575e+02
-2.5594081116e+02
-2.5581332397e+02
-2.5594479370e+02
-2.5606344604e+02
-2.5594097900e+02
-2.5594097900e+02
-2.5606344604e+02
-2.5594479370e+02
-2.5614788818e+02
-2.5628652954e+02
-2.5617395020e+02
-2.5617395020e+02
-2.5628652954e+02
-2.5614788818e+02
-2.5629049683e+02
-2.5641607666e+02
-2.5629730225e+02
-2.5629730225e+02
-2.5641607666e+02
-2.5629049683e+02
-2.5645721436e+02
-2.5658300781e+02
-2.5646429443e+02
-2.5646429443e+02
-2.5658300781e+02
-2.5645721436e+02
-2.5664752197e+02
-2.5678683472e+02
-2.5667453003e+02
-2.5667453003e+02
-2.5678683472e+02
-2.5664752197e+02
-2.5677954102e+02
-2.5689929199e+02
-2.5677725220e+02
-2.5677725220e+02
-2.5689929199e+02
-2.5677954102e+02
-2.5698477173e+02
-2.5711389160e+02
-2.5699920654e+02
-2.5699920654e+02
-2.5711389160e+02
-2.5698477173e+02
-2.5712493896e+02
-2.5726785278e+02
-2.5715481567e+02
-2.5715481567e+02
-2.5726785278e+02
-2.5712493896e+02
-2.5731573486e+02
-2.5743173218e+02
-2.5731655884e+02
-2.5731655884e+02
-2.5743173218e+02
-2.5731573486e+02
-2.5552728271e+02
-2.5542453003e+02
-2.5552572632e+02
-2.5552572632e+02
-2.5542453003e+02
-2.5552728271e+02
-2.5572633362e+02
-2.5559252930e+02
-2.5569700623e+02
-2.5569700623e+02
-2.5559252930e+02
-2.5572633362e+02
-2.5583763123e+02
-2.5572692871e+02
-2.5583186340e+02
-2.5583186340e+02
-2.5572692871e+02
-2.5583763123e+02
-2.5609838867e+02
-2.5598426819e+02
-2.5609222412e+02
-2.5609222412e+02
-2.5598426819e+02
-2.5609838867e+02
-2.5617849731e+02
-2.5605590820e+02
-2.5615850830e+02
-2.5615850830e+02
-2.5605590820e+02
-2.5617849731e+02
-2.5640188599e+02
-2.5628729248e+02
-2.5639434814e+02
-2.5639434814e+02
-2.5628729248e+02
-2.5640188599e+02
-2.5656979370e+02
-2.5645544434e+02
-2.5656259155e+02
-2.5656259155e+02
-2.5645544434e+02
-2.5656979370e+02
-2.5668402100e+02
-2.5656198120e+02
-2.5666494751e+02
-2.5666494751e+02
-2.5656198120e+02
-2.5668402100e+02
-2.5694171143e+02
-2.5682858276e+02
-2.5693710327e+02
-2.5693710327e+02
-2.5682858276e+02
-2.5694171143e+02
-2.5702191162e+02
-2.5691256714e+02
-2.5701837158e+02
-2.5701837158e+02
-2.5691256714e+02
-2.5702191162e+02
-2.5725436401e+02
-2.5712240601e+02
-2.5722787476e+02
-2.5722787476e+02
-2.5712240601e+02
-2.5725436401e+02
-2.5740359497e+02
-2.5730294800e+02
-2.5740524292e+02
-2.5740524292e+02
-2.5730294800e+02
-2.5740359497e+02
-2.5545925903e+02
-2.5555181885e+02
-2.5545774841e+02
-2.5545774841e+02
-2.5555181885e+02
-2.5545925903e+02
-2.5559388733e+02
-2.5572311401e+02
-2.5562117004e+02
-2.5562117004e+02
-2.5572311401e+02
-2.5559388733e+02
-2.5587014771e+02
-2.5596942139e+02
-2.5586801147e+02
-2.5586801147e+02
-2.5596942139e+02
-2.5587014771e+02
-2.5588021851e+02
-2.5599154663e+02
-2.5589041138e+02
-2.5589041138e+02
-2.5599154663e+02
-2.5588021851e+02
-2.5620343018e+02
-2.5631634521e+02
-2.5621786499e+02
-2.5621786499e+02
-2.5631634521e+02
-2.5620343018e+02
-2.5627908325e+02
-2.5638827515e+02
-2.5628704834e+02
-2.5628704834e+02
-2.5638827515e+02
-2.5627908325e+02
-2.5644723511e+02
-2.5655661011e+02
-2.5645547485e+02
-2.5645547485e+02
-2.5655661011e+02
-2.5644723511e+02
-2.5670663452e+02
-2.5682022095e+02
-2.5672201538e+02
-2.5672201538e+02
-2.5682022095e+02
-2.5670663452e+02
-2.5672140503e+02
-2.5683380127e+02
-2.5673315430e+02
-2.5673315430e+02
-2.5683380127e+02
-2.5672140503e+02
-2.5705038452e+02
-2.5715130615e+02
-2.5705053711e+02
-2.5705053711e+02
-2.5715130615e+02
-2.5705038452e+02
-2.5711721802e+02
-2.5724847412e+02
-2.5714736938e+02
-2.5714736938e+02
-2.5724847412e+02
-2.5711721802e+02
-2.5732986450e+02
-2.5742477417e+02
-2.5733157349e+02
-2.5733157349e+02
-2.5742477417e+02
-2.5732986450e+02
-2.5553852844e+02
-2.5544593811e+02
-2.5553767395e+02
-2.5553767395e+02
-2.5544593811e+02
-2.5553852844e+02
-2.5577517700e+02
-2.5563735962e+02
-2.5574270630e+02
-2.5574270630e+02
-2.5563735962e+02
-2.5577517700e+02
-2.5577046204e+02
-2.5566976929e+02
-2.5577485657e+02
-2.5577485657e+02
-2.5566976929e+02
-2.5577046204e+02
-2.5619302368e+02
-2.5607580566e+02
-2.5617843628e+02
-2.5617843628e+02
-2.5607580566e+02
-2.5619302368e+02
-2.5612115479e+02
-2.5600668335e+02
-2.5610848999e+02
-2.5610848999e+02
-2.5600668335e+02
-2.5612115479e+02
-2.5642303467e+02
-2.5631045532e+02
-2.5641436768e+02
-2.5641436768e+02
-2.5631045532e+02
-2.5642303467e+02
-2.5658740234e+02
-2.5647500610e+02
-2.5657904053e+02
-2.5657904053e+02
-2.5647500610e+02
-2.5658740234e+02
-2.5661676025e+02
-2.5650283813e+02
-2.5660501099e+02
-2.5660501099e+02
-2.5650283813e+02
-2.5661676025e+02
-2.5701919556e+02
-2.5690301514e+02
-2.5700619507e+02
-2.5700619507e+02
-2.5690301514e+02
-2.5701919556e+02
-2.5693124390e+02
-2.5683193970e+02
-2.5693783569e+02
-2.5693783569e+02
-2.5683193970e+02
-2.5693124390e+02
-2.5727270508e+02
-2.5713681030e+02
-2.5724307251e+02
-2.5724307251e+02
-2.5713681030e+02
-2.5727270508e+02
-2.5737762451e+02
-2.5728720093e+02
-2.5737997437e+02
-2.5737997437e+02
-2.5728720093e+02
-2.5737762451e+02
-2.5551255798e+02
-2.5560433960e+02
-2.5550836182e+02
-2.5550836182e+02
-2.5560433960e+02
-2.5551255798e+02
-2.5556402588e+02
-2.5571580505e+02
-2.5559860229e+02
-2.5559860229e+02
-2.5571580505e+02
-2.5556402588e+02
-2.5600891113e+02
-2.5611758423e+02
-2.5599865723e+02
-2.5599865723e+02
-2.5611758423e+02
-2.5600891113e+02
-2.5578031921e+02
-2.5590788269e+02
-2.5579348755e+02
-2.5579348755e+02
-2.5590788269e+02
-2.5578031921e+02
-2.5628442383e+02
-2.5640878296e+02
-2.5629510498e+02
-2.5629510498e+02
-2.5640878296e+02
-2.5628442383e+02
-2.5625738525e+02
-2.5638107300e+02
-2.5626565552e+02
-2.5626565552e+02
-2.5638107300e+02
-2.5625738525e+02
-2.5641772461e+02
-2.5654159546e+02
-2.5642626953e+02
-2.5642626953e+02
-2.5654159546e+02
-2.5641772461e+02
-2.5676339722e+02
-2.5688839722e+02
-2.5677499390e+02
-2.5677499390e+02
-2.5688839722e+02
-2.5676339722e+02
-2.5658178711e+02
-2.5671038818e+02
-2.5659649658e+02
-2.5659649658e+02
-2.5671038818e+02
-2.5658178711e+02
-2.5713278198e+02
-2.5724301147e+02
-2.5712472534e+02
-2.5712472534e+02
-2.5724301147e+02
-2.5713278198e+02
-2.5701513672e+02
-2.5716879272e+02
-2.5705249023e+02
-2.5705249023e+02
-2.5716879272e+02
-2.5701513672e+02
-2.5729443359e+02
-2.5738845825e+02
-2.5729333496e+02
-2.5729333496e+02
-2.5738845825e+02
-2.5729443359e+02
-2.5558491516e+02
-2.5549267578e+02
-2.5558880615e+02
-2.5558880615e+02
-2.5549267578e+02
-2.5558491516e+02
-2.5594367981e+02
-2.5576939392e+02
-2.5589678955e+02
-2.5589678955e+02
-2.5576939392e+02
-2.5594367981e+02
-2.5565124512e+02
-2.5552510071e+02
-2.5566033936e+02
-2.5566033936e+02
-2.5552510071e+02
-2.5565124512e+02
-2.5638735962e+02
-2.5624423218e+02
-2.5637442017e+02
-2.5637445068e+02
-2.5624423218e+02
-2.5638735962e+02
-2.5606866455e+02
-2.5592715454e+02
-2.5605569458e+02
-2.5605569458e+02
-2.5592715454e+02
-2.5606866455e+02
-2.5646139526e+02
-2.5632122803e+02
-2.5645193481e+02
-2.5645193481e+02
-2.5632122803e+02
-2.5646139526e+02
-2.5661306763e+02
-2.5647308350e+02
-2.5660391235e+02
-2.5660391235e+02
-2.5647308350e+02
-2.5661306763e+02
-2.5652694702e+02
-2.5638595581e+02
-2.5651483154e+02
-2.5651483154e+02
-2.5638595581e+02
-2.5652694702e+02
-2.5715036011e+02
-2.5700820923e+02
-2.5713891602e+02
-2.5713891602e+02
-2.5700820923e+02
-2.5715036011e+02
-2.5672430420e+02
-2.5659945679e+02
-2.5673547363e+02
-2.5673547363e+02
-2.5659945679e+02
-2.5672430420e+02
-2.5732739258e+02
-2.5715499878e+02
-2.5728317261e+02
-2.5728317261e+02
-2.5715499878e+02
-2.5732739258e+02
-2.5728463745e+02
-2.5719436646e+02
-2.5729150391e+02
-2.5729150391e+02
-2.5719436646e+02
-2.5728463745e+02
-2.5565657043e+02
-2.5572378540e+02
-2.5564334106e+02
-2.5564334106e+02
-2.5572378540e+02
-2.5565657043e+02
-2.5546092224e+02
-2.5564259338e+02
-2.5551997375e+02
-2.5551997375e+02
-2.5564259338e+02
-2.5546092224e+02
-2.5631799316e+02
-2.5645321655e+02
-2.5631115723e+02
-2.5631115723e+02
-2.5645321655e+02
-2.5631799316e+02
-2.5561866760e+02
-2.5576573181e+02
-2.5562696838e+02
-2.5562696838e+02
-2.5576573181e+02
-2.5561866760e+02
-2.5638198853e+02
-2.5653271484e+02
-2.5639846802e+02
-2.5639846802e+02
-2.5653271484e+02
-2.5638198853e+02
-2.5623651123e+02
-2.5638552856e+02
-2.5624908447e+02
-2.5624908447e+02
-2.5638552856e+02
-2.5623651123e+02
-2.5638003540e+02
-2.5652920532e+02
-2.5639285278e+02
-2.5639285278e+02
-2.5652920532e+02
-2.5638003540e+02
-2.5680987549e+02
-2.5696121216e+02
-2.5682717896e+02
-2.5682717896e+02
-2.5696121216e+02
-2.5680987549e+02
-2.5633587646e+02
-2.5648385620e+02
-2.5634555054e+02
-2.5634555054e+02
-2.5648385620e+02
-2.5633587646e+02
-2.5732226562e+02
-2.5745892334e+02
-2.5731744385e+02
-2.5731744385e+02
-2.5745892334e+02
-2.5732226562e+02
-2.5675881958e+02
-2.5694210815e+02
-2.5682037354e+02
-2.5682037354e+02
-2.5694210815e+02
-2.5675881958e+02
-2.5724987793e+02
-2.5731924438e+02
-2.5723944092e+02
-2.5723944092e+02
-2.5731924438e+02
-2.5724987793e+02
-2.5562463379e+02
-2.5562086487e+02
-2.5561926270e+02
-2.5561926270e+02
-2.5562086487e+02
-2.5562463379e+02
-2.5635305786e+02
-2.5619494629e+02
-2.5624432373e+02
-2.5624432373e+02
-2.5619494629e+02
-2.5635305786e+02
-2.5536187744e+02
-2.5523893738e+02
-2.5532804871e+02
-2.5532804871e+02
-2.5523893738e+02
-2.5536187744e+02
-2.5666979980e+02
-2.5654913330e+02
-2.5664410400e+02
-2.5664410400e+02
-2.5654913330e+02
-2.5666979980e+02
-2.5601614380e+02
-2.5588758850e+02
-2.5597607422e+02
-2.5597607422e+02
-2.5588758850e+02
-2.5601614380e+02
-2.5646035767e+02
-2.5633605957e+02
-2.5642727661e+02
-2.5642727661e+02
-2.5633605957e+02
-2.5646035767e+02
-2.5659088135e+02
-2.5646679688e+02
-2.5655807495e+02
-2.5655807495e+02
-2.5646679688e+02
-2.5659088135e+02
-2.5641122437e+02
-2.5628314209e+02
-2.5637188721e+02
-2.5637188721e+02
-2.5628314209e+02
-2.5641122437e+02
-2.5732641602e+02
-2.5720663452e+02
-2.5730200195e+02
-2.5730200195e+02
-2.5720663452e+02
-2.5732641602e+02
-2.5628732300e+02
-2.5616555786e+02
-2.5625527954e+02
-2.5625527954e+02
-2.5616555786e+02
-2.5628732300e+02
-2.5754470825e+02
-2.5738833618e+02
-2.5743832397e+02
-2.5743832397e+02
-2.5738833618e+02
-2.5754470825e+02
-2.5708944702e+02
-2.5708709717e+02
-2.5708666992e+02
-2.5708666992e+02
-2.5708709717e+02
-2.5708944702e+02
-2.5611050415e+02
-2.5590722656e+02
-2.5613220215e+02
-2.5613220215e+02
-2.5590722656e+02
-2.5611050415e+02
-2.5517182922e+02
-2.5516557312e+02
-2.5533689880e+02
-2.5533689880e+02
-2.5516557312e+02
-2.5517182922e+02
-2.5697952271e+02
-2.5697872925e+02
-2.5708392334e+02
-2.5708392334e+02
-2.5697872925e+02
-2.5697952271e+02
-2.5544378662e+02
-2.5542622375e+02
-2.5550732422e+02
-2.5550732422e+02
-2.5542622375e+02
-2.5544378662e+02
-2.5642822266e+02
-2.5642611694e+02
-2.5651452637e+02
-2.5651452637e+02
-2.5642611694e+02
-2.5642822266e+02
-2.5620178223e+02
-2.5619467163e+02
-2.5628063965e+02
-2.5628063965e+02
-2.5619467163e+02
-2.5620178223e+02
-2.5632028198e+02
-2.5631329346e+02
-2.5639938354e+02
-2.5639938354e+02
-2.5631329346e+02
-2.5632028198e+02
-2.5678106689e+02
-2.5677947998e+02
-2.5686816406e+02
-2.5686816406e+02
-2.5677947998e+02
-2.5678106689e+02
-2.5603625488e+02
-2.5601940918e+02
-2.5610101318e+02
-2.5610101318e+02
-2.5601940918e+02
-2.5603625488e+02
-2.5780670166e+02
-2.5780700684e+02
-2.5791281128e+02
-2.5791281128e+02
-2.5780700684e+02
-2.5780670166e+02
-2.5624368286e+02
-2.5623867798e+02
-2.5641082764e+02
-2.5641082764e+02
-2.5623867798e+02
-2.5624368286e+02
-2.5742480469e+02
-2.5722384644e+02
-2.5744888306e+02
-2.5744888306e+02
-2.5722384644e+02
-2.5742480469e+02
-2.5536271667e+02
-2.5614138794e+02
-2.5550299072e+02
-2.5550299072e+02
-2.5614138794e+02
-2.5536271667e+02
-2.5711230469e+02
-2.5766503906e+02
-2.5705242920e+02
-2.5705242920e+02
-2.5766503906e+02
-2.5711230469e+02
-2.5447497559e+02
-2.5494494629e+02
-2.5441629028e+02
-2.5441629028e+02
-2.5494494629e+02
-2.5447497559e+02
-2.5661614990e+02
-2.5711932373e+02
-2.5664550781e+02
-2.5664550781e+02
-2.5711932373e+02
-2.5661614990e+02
-2.5578973389e+02
-2.5627325439e+02
-2.5579940796e+02
-2.5579940796e+02
-2.5627325439e+02
-2.5578973389e+02
-2.5622418213e+02
-2.5671481323e+02
-2.5624542236e+02
-2.5624542236e+02
-2.5671481323e+02
-2.5622418213e+02
-2.5632617188e+02
-2.5681698608e+02
-2.5634759521e+02
-2.5634759521e+02
-2.5681698608e+02
-2.5632617188e+02
-2.5609872437e+02
-2.5658270264e+02
-2.5610888672e+02
-2.5610888672e+02
-2.5658270264e+02
-2.5609872437e+02
-2.5712921143e+02
-2.5763330078e+02
-2.5715957642e+02
-2.5715957642e+02
-2.5763330078e+02
-2.5712921143e+02
-2.5520098877e+02
-2.5567219543e+02
-2.5514384460e+02
-2.5514384460e+02
-2.5567219543e+02
-2.5520098877e+02
-2.5804312134e+02
-2.5859741211e+02
-2.5798526001e+02
-2.5798526001e+02
-2.5859741211e+02
-2.5804312134e+02
-2.5650979614e+02
-2.5728897095e+02
-2.5665228271e+02
-2.5665228271e+02
-2.5728897095e+02
-2.5650979614e+02
-2.5710238647e+02
-2.5562451172e+02
-2.5731234741e+02
-2.5731234741e+02
-2.5562451172e+02
-2.5710238647e+02
-2.5398239136e+02
-2.5268960571e+02
-2.5443620300e+02
-2.5443620300e+02
-2.5268960571e+02
-2.5398239136e+02
-2.5814669800e+02
-2.5703106689e+02
-2.5871054077e+02
-2.5871054077e+02
-2.5703106689e+02
-2.5814669800e+02
-2.5594010925e+02
-2.5475285339e+02
-2.5632711792e+02
-2.5632711792e+02
-2.5475285339e+02
-2.5594010925e+02
-2.5690435791e+02
-2.5571156311e+02
-2.5724948120e+02
-2.5724948120e+02
-2.5571157837e+02
-2.5690435791e+02
-2.5667312622e+02
-2.5545639038e+02
-2.5697189331e+02
-2.5697189331e+02
-2.5545640564e+02
-2.5667312622e+02
-2.5676019287e+02
-2.5554339600e+02
-2.5705905151e+02
-2.5705905151e+02
-2.5554339600e+02
-2.5676019287e+02
-2.5716333008e+02
-2.5597047424e+02
-2.5750881958e+02
-2.5750881958e+02
-2.5597047424e+02
-2.5716333008e+02
-2.5637423706e+02
-2.5518676758e+02
-2.5676165771e+02
-2.5676165771e+02
-2.5518676758e+02
-2.5637423706e+02
-2.5874966431e+02
-2.5763403320e+02
-2.5931408691e+02
-2.5931408691e+02
-2.5763403320e+02
-2.5874966431e+02
-2.5476904297e+02
-2.5347679138e+02
-2.5522375488e+02
-2.5522377014e+02
-2.5347679138e+02
-2.5476905823e+02
-2.5806176758e+02
-2.5658645630e+02
-2.5827301025e+02
-2.5827301025e+02
-2.5658645630e+02
-2.5806176758e+02
-2.5257562256e+02
-2.5500555420e+02
-2.5064111328e+02
-2.5064111328e+02
-2.5500553894e+02
-2.5257562256e+02
-2.5860803223e+02
-2.6105575562e+02
-2.5656716919e+02
-2.5656716919e+02
-2.6105575562e+02
-2.5860803223e+02
-2.5375939941e+02
-2.5570683289e+02
-2.5110346985e+02
-2.5110346985e+02
-2.5570681763e+02
-2.5375938416e+02
-2.5712289429e+02
-2.5893832397e+02
-2.5434600830e+02
-2.5434599304e+02
-2.5893832397e+02
-2.5712289429e+02
-2.5762176514e+02
-2.5930368042e+02
-2.5469947815e+02
-2.5469947815e+02
-2.5930368042e+02
-2.5762176514e+02
-2.5873782349e+02
-2.6037399292e+02
-2.5577081299e+02
-2.5577081299e+02
-2.6037399292e+02
-2.5873782349e+02
-2.5880609131e+02
-2.6044262695e+02
-2.5583924866e+02
-2.5583924866e+02
-2.6044259644e+02
-2.5880609131e+02
-2.5782855225e+02
-2.5951135254e+02
-2.5490670776e+02
-2.5490670776e+02
-2.5951135254e+02
-2.5782855225e+02
-2.5746685791e+02
-2.5928369141e+02
-2.5469078064e+02
-2.5469078064e+02
-2.5928369141e+02
-2.5746685791e+02
-2.5424623108e+02
-2.5619479370e+02
-2.5159101868e+02
-2.5159101868e+02
-2.5619479370e+02
-2.5424623108e+02
-2.5922274780e+02
-2.6167089844e+02
-2.5718243408e+02
-2.5718243408e+02
-2.6167089844e+02
-2.5922274780e+02
-2.5333973694e+02
-2.5576751709e+02
-2.5140510559e+02
-2.5140510559e+02
-2.5576751709e+02
-2.5333973694e+02
-2.5523669434e+02
-2.4874980164e+02
-2.5637377930e+02
-2.5637380981e+02
-2.4874981689e+02
-2.5523669434e+02
-2.4806530762e+02
-2.4058619690e+02
-2.4814572144e+02
-2.4814572144e+02
-2.4058619690e+02
-2.4806530762e+02
-2.5877935791e+02
-2.5162863159e+02
-2.5953067017e+02
-2.5953067017e+02
-2.5162864685e+02
-2.5877935791e+02
-2.6067791748e+02
-2.5363121033e+02
-2.6170739746e+02
-2.6170739746e+02
-2.5363122559e+02
-2.6067791748e+02
-2.6324868774e+02
-2.5633200073e+02
-2.6453210449e+02
-2.6453213501e+02
-2.5633200073e+02
-2.6324871826e+02
-2.6375274658e+02
-2.5688482666e+02
-2.6513519287e+02
-2.6513519287e+02
-2.5688485718e+02
-2.6375274658e+02
-2.6380239868e+02
-2.5693408203e+02
-2.6518487549e+02
-2.6518487549e+02
-2.5693408203e+02
-2.6380239868e+02
-2.6339663696e+02
-2.5647906494e+02
-2.6468045044e+02
-2.6468045044e+02
-2.5647906494e+02
-2.6339663696e+02
-2.6092581177e+02
-2.5387814331e+02
-2.6195635986e+02
-2.6195635986e+02
-2.5387814331e+02
-2.6092581177e+02
-2.5912603760e+02
-2.5197567749e+02
-2.5988021851e+02
-2.5988021851e+02
-2.5197569275e+02
-2.5912603760e+02
-2.4852481079e+02
-2.4104779053e+02
-2.4860984802e+02
-2.4860986328e+02
-2.4104779053e+02
-2.4852481079e+02
-2.5577731323e+02
-2.4929718018e+02
-2.5692321777e+02
-2.5692321777e+02
-2.4929718018e+02
-2.5577732849e+02
-2.1809696960e+02
-2.3967961121e+02
-2.3745497131e+02
-2.3745495605e+02
-2.3967961121e+02
-2.1809695435e+02
-2.4533522034e+02
-2.6921487427e+02
-2.6775473022e+02
-2.6775473022e+02
-2.6921487427e+02
-2.4533520508e+02
-2.4435128784e+02
-2.6925234985e+02
-2.6778158569e+02
-2.6778158569e+02
-2.6925234985e+02
-2.4435128784e+02
-2.4546679688e+02
-2.7117037964e+02
-2.6977755737e+02
-2.6977755737e+02
-2.7117037964e+02
-2.4546678162e+02
-2.4443180847e+02
-2.7055572510e+02
-2.6920245361e+02
-2.6920245361e+02
-2.7055572510e+02
-2.4443180847e+02
-2.4434194946e+02
-2.7067147827e+02
-2.6934075928e+02
-2.6934075928e+02
-2.7067147827e+02
-2.4434193420e+02
-2.4437463379e+02
-2.7070483398e+02
-2.6937362671e+02
-2.6937362671e+02
-2.7070480347e+02
-2.4437461853e+02
-2.4452861023e+02
-2.7065417480e+02
-2.6929959106e+02
-2.6929959106e+02
-2.7065417480e+02
-2.4452859497e+02
-2.4562321472e+02
-2.7132907104e+02
-2.6993414307e+02
-2.6993414307e+02
-2.7132907104e+02
-2.4562319946e+02
-2.4456233215e+02
-2.6946517944e+02
-2.6799191284e+02
-2.6799191284e+02
-2.6946517944e+02
-2.4456231689e+02
-2.4559362793e+02
-2.6947525024e+02
-2.6801242065e+02
-2.6801242065e+02
-2.6947525024e+02
-2.4559361267e+02
-2.1844190979e+02
-2.4002282715e+02
-2.3779328918e+02
-2.3779328918e+02
-2.4002281189e+02
-2.1844189453e+02
-2.8676684570e+02
-2.7332058716e+02
-2.7263626099e+02
-2.7263626099e+02
-2.7332058716e+02
-2.8676684570e+02
-2.6619598389e+02
-2.5358912659e+02
-2.5321717834e+02
-2.5321717834e+02
-2.5358912659e+02
-2.6619598389e+02
-2.6222790527e+02
-2.4992074585e+02
-2.5013430786e+02
-2.5013430786e+02
-2.4992076111e+02
-2.6222790527e+02
-2.5888745117e+02
-2.4645989990e+02
-2.4692001343e+02
-2.4692001343e+02
-2.4645989990e+02
-2.5888745117e+02
-2.5791293335e+02
-2.4535926819e+02
-2.4592247009e+02
-2.4592247009e+02
-2.4535926819e+02
-2.5791296387e+02
-2.5727828979e+02
-2.4463436890e+02
-2.4523146057e+02
-2.4523146057e+02
-2.4463436890e+02
-2.5727832031e+02
-2.5730096436e+02
-2.4465531921e+02
-2.4525184631e+02
-2.4525184631e+02
-2.4465533447e+02
-2.5730099487e+02
-2.5797894287e+02
-2.4542008972e+02
-2.4598149109e+02
-2.4598149109e+02
-2.4542008972e+02
-2.5797894287e+02
-2.5898803711e+02
-2.4655145264e+02
-2.4700834656e+02
-2.4700834656e+02
-2.4655145264e+02
-2.5898803711e+02
-2.6234893799e+02
-2.5002867126e+02
-2.5023724365e+02
-2.5023724365e+02
-2.5002867126e+02
-2.6234896851e+02
-2.6630947876e+02
-2.5368376160e+02
-2.5330549622e+02
-2.5330549622e+02
-2.5368376160e+02
-2.6630947876e+02
-2.8682525635e+02
-2.7335873413e+02
-2.7266995239e+02
-2.7266995239e+02
-2.7335873413e+02
-2.8682525635e+02
