-1.9482687500e+04
-1.8804142578e+04
-1.8832126953e+04
-1.8832126953e+04
-1.8804142578e+04
-1.9482687500e+04
-1.6113846680e+04
-1.5458605469e+04
-1.5423301758e+04
-1.5423301758e+04
-1.5458606445e+04
-1.6113847656e+04
-1.3151822266e+04
-1.2598923828e+04
-1.2580779297e+04
-1.2580779297e+04
-1.2598923828e+04
-1.3151822266e+04
-1.0283825195e+04
-9.8472988281e+03
-9.8360166016e+03
-9.8360166016e+03
-9.8472988281e+03
-1.0283826172e+04
-7.5279672852e+03
-7.2042773438e+03
-7.1986987305e+03
-7.1986987305e+03
-7.2042773438e+03
-7.5279677734e+03
-4.8421713867e+03
-4.6298964844e+03
-4.6280751953e+03
-4.6280751953e+03
-4.6298964844e+03
-4.8421713867e+03
-2.2113698730e+03
-2.1069453125e+03
-2.1081694336e+03
-2.1081694336e+03
-2.1069453125e+03
-2.2113698730e+03
3.8169949341e+02
3.8384945679e+02
3.8002087402e+02
3.8002087402e+02
3.8384945679e+02
3.8169946289e+02
2.9489938965e+03
2.8568652344e+03
2.8505053711e+03
2.8505053711e+03
2.8568652344e+03
2.9489938965e+03
5.5097963867e+03
5.3337299805e+03
5.3263867188e+03
5.3263867188e+03
5.3337299805e+03
5.5097963867e+03
8.0495786133e+03
7.8119389648e+03
7.8011298828e+03
7.8011298828e+03
7.8119389648e+03
8.0495786133e+03
1.0668431641e+04
1.0427568359e+04
1.0478926758e+04
1.0478926758e+04
1.0427568359e+04
1.0668431641e+04
-1.6340965820e+04
-1.7669083984e+04
-1.7575853516e+04
-1.7575853516e+04
-1.7669083984e+04
-1.6340965820e+04
-1.4504970703e+04
-1.5947560547e+04
-1.5993698242e+04
-1.5993698242e+04
-1.5947559570e+04
-1.4504969727e+04
-1.1979880859e+04
-1.3203716797e+04
-1.3266471680e+04
-1.3266471680e+04
-1.3203716797e+04
-1.1979879883e+04
-9.4583632812e+03
-1.0456062500e+04
-1.0513666992e+04
-1.0513666992e+04
-1.0456061523e+04
-9.4583623047e+03
-6.9432475586e+03
-7.6995444336e+03
-7.7499829102e+03
-7.7499829102e+03
-7.6995439453e+03
-6.9432470703e+03
-4.4664433594e+03
-4.9811708984e+03
-5.0221000977e+03
-5.0221000977e+03
-4.9811708984e+03
-4.4664428711e+03
-2.0170378418e+03
-2.2948112793e+03
-2.3253144531e+03
-2.3253146973e+03
-2.2948112793e+03
-2.0170375977e+03
4.1244796753e+02
3.6203823853e+02
3.4285150146e+02
3.4285150146e+02
3.6203823853e+02
4.1244799805e+02
2.8326687012e+03
2.9981218262e+03
2.9902016602e+03
2.9902014160e+03
2.9981215820e+03
2.8326687012e+03
5.2371064453e+03
5.5953193359e+03
5.6003588867e+03
5.6003588867e+03
5.5953193359e+03
5.2371059570e+03
7.6324985352e+03
8.1797480469e+03
8.1794350586e+03
8.1794350586e+03
8.1797480469e+03
7.6324985352e+03
9.8007402344e+03
1.0312014648e+04
1.0236341797e+04
1.0236341797e+04
1.0312014648e+04
9.8007402344e+03
-1.7760207031e+04
-1.7606083984e+04
-1.7958919922e+04
-1.7958919922e+04
-1.7606083984e+04
-1.7760207031e+04
-1.4524292969e+04
-1.4357652344e+04
-1.4692583008e+04
-1.4692583008e+04
-1.4357653320e+04
-1.4524292969e+04
-1.2158639648e+04
-1.2022363281e+04
-1.2349447266e+04
-1.2349447266e+04
-1.2022363281e+04
-1.2158639648e+04
-9.6942070312e+03
-9.5973710938e+03
-9.8663027344e+03
-9.8663027344e+03
-9.5973710938e+03
-9.6942070312e+03
-7.2381372070e+03
-7.1731337891e+03
-7.3808071289e+03
-7.3808071289e+03
-7.1731337891e+03
-7.2381376953e+03
-4.7700307617e+03
-4.7384306641e+03
-4.8823857422e+03
-4.8823862305e+03
-4.7384306641e+03
-4.7700307617e+03
-2.3114809570e+03
-2.3123500977e+03
-2.3938156738e+03
-2.3938156738e+03
-2.3123500977e+03
-2.3114809570e+03
1.3245590210e+02
9.9281738281e+01
7.8773857117e+01
7.8773849487e+01
9.9281738281e+01
1.3245591736e+02
2.5477646484e+03
2.4843872070e+03
2.5210717773e+03
2.5210717773e+03
2.4843872070e+03
2.5477646484e+03
4.9430859375e+03
4.8486254883e+03
4.9388232422e+03
4.9388232422e+03
4.8486254883e+03
4.9430859375e+03
7.2595532227e+03
7.1449633789e+03
7.2534770508e+03
7.2534770508e+03
7.1449633789e+03
7.2595532227e+03
9.9418466797e+03
9.8059667969e+03
9.9346601562e+03
9.9346601562e+03
9.8059667969e+03
9.9418466797e+03
-1.6512189453e+04
-1.6669644531e+04
-1.6550228516e+04
-1.6550228516e+04
-1.6669644531e+04
-1.6512189453e+04
-1.4300895508e+04
-1.4473083984e+04
-1.4348016602e+04
-1.4348016602e+04
-1.4473083984e+04
-1.4300895508e+04
-1.1716500977e+04
-1.1814086914e+04
-1.1705491211e+04
-1.1705491211e+04
-1.1814086914e+04
-1.1716500977e+04
-9.3600439453e+03
-9.4312050781e+03
-9.3431113281e+03
-9.3431113281e+03
-9.4312050781e+03
-9.3600439453e+03
-7.0384775391e+03
-7.0888540039e+03
-7.0234008789e+03
-7.0234008789e+03
-7.0888540039e+03
-7.0384770508e+03
-4.7487822266e+03
-4.7829946289e+03
-4.7406645508e+03
-4.7406645508e+03
-4.7829946289e+03
-4.7487822266e+03
-2.4685273438e+03
-2.4886064453e+03
-2.4696411133e+03
-2.4696411133e+03
-2.4886064453e+03
-2.4685273438e+03
-1.9593777466e+02
-2.0198400879e+02
-2.0636534119e+02
-2.0636534119e+02
-2.0198400879e+02
-1.9593775940e+02
2.0804702148e+03
2.0912104492e+03
2.0634814453e+03
2.0634812012e+03
2.0912104492e+03
2.0804702148e+03
4.3628867188e+03
4.3906196289e+03
4.3404472656e+03
4.3404472656e+03
4.3906196289e+03
4.3628867188e+03
6.7439165039e+03
6.8171333008e+03
6.7410332031e+03
6.7410332031e+03
6.8171333008e+03
6.7439165039e+03
9.0183574219e+03
9.0573974609e+03
8.9651220703e+03
8.9651220703e+03
9.0573974609e+03
9.0183574219e+03
-1.5730300781e+04
-1.5675149414e+04
-1.5728347656e+04
-1.5728347656e+04
-1.5675149414e+04
-1.5730300781e+04
-1.3277607422e+04
-1.3283154297e+04
-1.3355553711e+04
-1.3355553711e+04
-1.3283154297e+04
-1.3277607422e+04
-1.1235526367e+04
-1.1238201172e+04
-1.1307474609e+04
-1.1307474609e+04
-1.1238201172e+04
-1.1235526367e+04
-9.0459921875e+03
-9.0480068359e+03
-9.0961806641e+03
-9.0961806641e+03
-9.0480068359e+03
-9.0459921875e+03
-6.9047558594e+03
-6.9050483398e+03
-6.9397646484e+03
-6.9397646484e+03
-6.9050483398e+03
-6.9047558594e+03
-4.7747690430e+03
-4.7761284180e+03
-4.7986215820e+03
-4.7986215820e+03
-4.7761284180e+03
-4.7747690430e+03
-2.6577170410e+03
-2.6600185547e+03
-2.6713666992e+03
-2.6713666992e+03
-2.6600185547e+03
-2.6577170410e+03
-5.3786718750e+02
-5.4148376465e+02
-5.4119244385e+02
-5.4119244385e+02
-5.4148376465e+02
-5.3786718750e+02
1.5879931641e+03
1.5844201660e+03
1.5965941162e+03
1.5965941162e+03
1.5844201660e+03
1.5879931641e+03
3.7437929688e+03
3.7391635742e+03
3.7678515625e+03
3.7678515625e+03
3.7391635742e+03
3.7437929688e+03
5.8380766602e+03
5.8422690430e+03
5.8717197266e+03
5.8717197266e+03
5.8422690430e+03
5.8380766602e+03
8.0981665039e+03
8.0648061523e+03
8.0852534180e+03
8.0852529297e+03
8.0648061523e+03
8.0981665039e+03
-1.4294005859e+04
-1.4390064453e+04
-1.4368066406e+04
-1.4368066406e+04
-1.4390064453e+04
-1.4294005859e+04
-1.2465312500e+04
-1.2540592773e+04
-1.2517212891e+04
-1.2517212891e+04
-1.2540592773e+04
-1.2465312500e+04
-1.0469881836e+04
-1.0505437500e+04
-1.0499077148e+04
-1.0499077148e+04
-1.0505437500e+04
-1.0469881836e+04
-8.6021835938e+03
-8.6308896484e+03
-8.6260058594e+03
-8.6260058594e+03
-8.6308886719e+03
-8.6021835938e+03
-6.7022641602e+03
-6.7207031250e+03
-6.7161206055e+03
-6.7161206055e+03
-6.7207031250e+03
-6.7022641602e+03
-4.8016914062e+03
-4.8117099609e+03
-4.8073886719e+03
-4.8073886719e+03
-4.8117099609e+03
-4.8016914062e+03
-2.8898972168e+03
-2.8920507812e+03
-2.8884064941e+03
-2.8884064941e+03
-2.8920507812e+03
-2.8898972168e+03
-9.6898596191e+02
-9.6358557129e+02
-9.6074383545e+02
-9.6074383545e+02
-9.6358557129e+02
-9.6898596191e+02
9.6811395264e+02
9.8241363525e+02
9.8418756104e+02
9.8418756104e+02
9.8241363525e+02
9.6811395264e+02
2.9078891602e+03
2.9289211426e+03
2.9285068359e+03
2.9285068359e+03
2.9289211426e+03
2.9078891602e+03
4.9167182617e+03
4.9635395508e+03
4.9467392578e+03
4.9467392578e+03
4.9635395508e+03
4.9167182617e+03
6.9551645508e+03
6.9752270508e+03
6.9477597656e+03
6.9477597656e+03
6.9752270508e+03
6.9551645508e+03
-1.3035320312e+04
-1.3013187500e+04
-1.3033666992e+04
-1.3033666992e+04
-1.3013187500e+04
-1.3035320312e+04
-1.1306973633e+04
-1.1333552734e+04
-1.1354762695e+04
-1.1354762695e+04
-1.1333552734e+04
-1.1306973633e+04
-9.7679482422e+03
-9.7719394531e+03
-9.7879794922e+03
-9.7879794922e+03
-9.7719394531e+03
-9.7679482422e+03
-8.1123085938e+03
-8.1071000977e+03
-8.1140551758e+03
-8.1140551758e+03
-8.1071000977e+03
-8.1123085938e+03
-6.4774702148e+03
-6.4676269531e+03
-6.4703041992e+03
-6.4703041992e+03
-6.4676269531e+03
-6.4774702148e+03
-4.8192207031e+03
-4.8070664062e+03
-4.8056757812e+03
-4.8056757812e+03
-4.8070664062e+03
-4.8192207031e+03
-3.1438835449e+03
-3.1297583008e+03
-3.1248273926e+03
-3.1248273926e+03
-3.1297583008e+03
-3.1438835449e+03
-1.4436651611e+03
-1.4276605225e+03
-1.4190594482e+03
-1.4190594482e+03
-1.4276605225e+03
-1.4436651611e+03
2.7953948975e+02
2.9859164429e+02
3.1018539429e+02
3.1018539429e+02
2.9859164429e+02
2.7953948975e+02
2.0507570801e+03
2.0726684570e+03
2.0891274414e+03
2.0891274414e+03
2.0726684570e+03
2.0507570801e+03
3.8233635254e+03
3.8583552246e+03
3.8696501465e+03
3.8696501465e+03
3.8583552246e+03
3.8233635254e+03
5.7063979492e+03
5.7043178711e+03
5.7061406250e+03
5.7061406250e+03
5.7043178711e+03
5.7063979492e+03
-1.1455367188e+04
-1.1497704102e+04
-1.1484474609e+04
-1.1484474609e+04
-1.1497704102e+04
-1.1455367188e+04
-1.0224835938e+04
-1.0241846680e+04
-1.0229613281e+04
-1.0229613281e+04
-1.0241846680e+04
-1.0224834961e+04
-8.8800800781e+03
-8.8754814453e+03
-8.8726503906e+03
-8.8726503906e+03
-8.8754814453e+03
-8.8800800781e+03
-7.5739360352e+03
-7.5653627930e+03
-7.5579555664e+03
-7.5579555664e+03
-7.5653627930e+03
-7.5739360352e+03
-6.2092548828e+03
-6.1934638672e+03
-6.1833989258e+03
-6.1833989258e+03
-6.1934638672e+03
-6.2092548828e+03
-4.8203076172e+03
-4.7999716797e+03
-4.7882690430e+03
-4.7882690430e+03
-4.7999716797e+03
-4.8203076172e+03
-3.3968522949e+03
-3.3724897461e+03
-3.3597956543e+03
-3.3597956543e+03
-3.3724897461e+03
-3.3968522949e+03
-1.9402567139e+03
-1.9124365234e+03
-1.8988736572e+03
-1.8988736572e+03
-1.9124365234e+03
-1.9402567139e+03
-4.4327011108e+02
-4.1088232422e+02
-3.9657052612e+02
-3.9657052612e+02
-4.1088232422e+02
-4.4327011108e+02
1.0836075439e+03
1.1180534668e+03
1.1332064209e+03
1.1332064209e+03
1.1180534668e+03
1.0836075439e+03
2.6695981445e+03
2.7176601562e+03
2.7204431152e+03
2.7204431152e+03
2.7176601562e+03
2.6695981445e+03
4.3274174805e+03
4.3475249023e+03
4.3375405273e+03
4.3375405273e+03
4.3475249023e+03
4.3274174805e+03
-9.9567929688e+03
-9.9358251953e+03
-9.9421015625e+03
-9.9421015625e+03
-9.9358251953e+03
-9.9567929688e+03
-8.9547587891e+03
-8.9586250000e+03
-8.9570585938e+03
-8.9570585938e+03
-8.9586250000e+03
-8.9547587891e+03
-8.0156259766e+03
-7.9951918945e+03
-7.9895151367e+03
-7.9895151367e+03
-7.9951918945e+03
-8.0156259766e+03
-6.9715566406e+03
-6.9437993164e+03
-6.9336289062e+03
-6.9336289062e+03
-6.9437993164e+03
-6.9715566406e+03
-5.9097587891e+03
-5.8786958008e+03
-5.8660058594e+03
-5.8660058594e+03
-5.8786958008e+03
-5.9097587891e+03
-4.7972558594e+03
-4.7640278320e+03
-4.7489472656e+03
-4.7489472656e+03
-4.7640278320e+03
-4.7972558594e+03
-3.6433315430e+03
-3.6084816895e+03
-3.5916406250e+03
-3.5916406250e+03
-3.6084816895e+03
-3.6433315430e+03
-2.4433837891e+03
-2.4069196777e+03
-2.3884692383e+03
-2.3884692383e+03
-2.4069196777e+03
-2.4433837891e+03
-1.2005552979e+03
-1.1623670654e+03
-1.1430372314e+03
-1.1430372314e+03
-1.1623670654e+03
-1.2005552979e+03
1.0059467316e+02
1.3998033142e+02
1.5992071533e+02
1.5992073059e+02
1.3998031616e+02
1.0059465790e+02
1.4411290283e+03
1.4886047363e+03
1.5006104736e+03
1.5006104736e+03
1.4886047363e+03
1.4411290283e+03
2.8814506836e+03
2.8950068359e+03
2.8971105957e+03
2.8971105957e+03
2.8950068359e+03
2.8814506836e+03
-8.3099628906e+03
-8.3204140625e+03
-8.3090625000e+03
-8.3090625000e+03
-8.3204140625e+03
-8.3099628906e+03
-7.7312587891e+03
-7.7150869141e+03
-7.7011171875e+03
-7.7011171875e+03
-7.7150869141e+03
-7.7312587891e+03
-7.0469033203e+03
-7.0178940430e+03
-7.0060156250e+03
-7.0060156250e+03
-7.0178940430e+03
-7.0469033203e+03
-6.3453344727e+03
-6.3117412109e+03
-6.2946137695e+03
-6.2946137695e+03
-6.3117412109e+03
-6.3453344727e+03
-5.5703447266e+03
-5.5317983398e+03
-5.5124057617e+03
-5.5124057617e+03
-5.5317983398e+03
-5.5703447266e+03
-4.7492524414e+03
-4.7081352539e+03
-4.6876010742e+03
-4.6876010742e+03
-4.7081352539e+03
-4.7492524414e+03
-3.8736528320e+03
-3.8304057617e+03
-3.8091276855e+03
-3.8091276855e+03
-3.8304057617e+03
-3.8736528320e+03
-2.9458588867e+03
-2.9013874512e+03
-2.8795869141e+03
-2.8795869141e+03
-2.9013874512e+03
-2.9458588867e+03
-1.9611422119e+03
-1.9145445557e+03
-1.8928375244e+03
-1.8928375244e+03
-1.9145445557e+03
-1.9611422119e+03
-9.2395355225e+02
-8.7774841309e+02
-8.5621057129e+02
-8.5621057129e+02
-8.7774841309e+02
-9.2395355225e+02
1.7858557129e+02
2.2966581726e+02
2.4139947510e+02
2.4139949036e+02
2.2966580200e+02
1.7858554077e+02
1.3660861816e+03
1.3901857910e+03
1.3888276367e+03
1.3888276367e+03
1.3901857910e+03
1.3660861816e+03
-6.7207958984e+03
-6.6959653320e+03
-6.6952221680e+03
-6.6952221680e+03
-6.6959653320e+03
-6.7207958984e+03
-6.4128027344e+03
-6.3915405273e+03
-6.3795756836e+03
-6.3795756836e+03
-6.3915405273e+03
-6.4128027344e+03
-6.0914755859e+03
-6.0513369141e+03
-6.0344350586e+03
-6.0344350586e+03
-6.0513369141e+03
-6.0914755859e+03
-5.6707919922e+03
-5.6260117188e+03
-5.6061411133e+03
-5.6061411133e+03
-5.6260117188e+03
-5.6707919922e+03
-5.2053115234e+03
-5.1580737305e+03
-5.1362519531e+03
-5.1362519531e+03
-5.1580737305e+03
-5.2053115234e+03
-4.6733701172e+03
-4.6248540039e+03
-4.6013842773e+03
-4.6013842773e+03
-4.6248540039e+03
-4.6733701172e+03
-4.0840480957e+03
-4.0348652344e+03
-4.0106352539e+03
-4.0106352539e+03
-4.0348652344e+03
-4.0840480957e+03
-3.4343188477e+03
-3.3842338867e+03
-3.3596433105e+03
-3.3596433105e+03
-3.3842338867e+03
-3.4343188477e+03
-2.7258115234e+03
-2.6758640137e+03
-2.6514069824e+03
-2.6514069824e+03
-2.6758640137e+03
-2.7258115234e+03
-1.9504583740e+03
-1.9014858398e+03
-1.8784178467e+03
-1.8784178467e+03
-1.9014858398e+03
-1.9504583740e+03
-1.1143234863e+03
-1.0645594482e+03
-1.0493507080e+03
-1.0493507080e+03
-1.0645594482e+03
-1.1143234863e+03
-1.8239053345e+02
-1.6181985474e+02
-1.5697891235e+02
-1.5697891235e+02
-1.6181985474e+02
-1.8239054871e+02
-5.0724687500e+03
-5.0632543945e+03
-5.0536323242e+03
-5.0536323242e+03
-5.0632543945e+03
-5.0724687500e+03
-5.1289130859e+03
-5.0910502930e+03
-5.0745839844e+03
-5.0745839844e+03
-5.0910502930e+03
-5.1289130859e+03
-5.0783955078e+03
-5.0341123047e+03
-5.0145092773e+03
-5.0145092773e+03
-5.0341123047e+03
-5.0783955078e+03
-4.9816152344e+03
-4.9328134766e+03
-4.9090468750e+03
-4.9090468750e+03
-4.9328134766e+03
-4.9816152344e+03
-4.8053354492e+03
-4.7542602539e+03
-4.7288881836e+03
-4.7288881836e+03
-4.7542602539e+03
-4.8053354492e+03
-4.5704931641e+03
-4.5178564453e+03
-4.4921831055e+03
-4.4921831055e+03
-4.5178564453e+03
-4.5704931641e+03
-4.2703579102e+03
-4.2168041992e+03
-4.1908105469e+03
-4.1908105469e+03
-4.2168041992e+03
-4.2703579102e+03
-3.9070554199e+03
-3.8540478516e+03
-3.8280102539e+03
-3.8280102539e+03
-3.8540478516e+03
-3.9070556641e+03
-3.4783398438e+03
-3.4251123047e+03
-3.4001496582e+03
-3.4001496582e+03
-3.4251123047e+03
-3.4783400879e+03
-2.9847365723e+03
-2.9339809570e+03
-2.9108098145e+03
-2.9108098145e+03
-2.9339809570e+03
-2.9847365723e+03
-2.4184943848e+03
-2.3708425293e+03
-2.3551020508e+03
-2.3551020508e+03
-2.3708425293e+03
-2.4184943848e+03
-1.7677874756e+03
-1.7432453613e+03
-1.7396816406e+03
-1.7396815186e+03
-1.7432453613e+03
-1.7677874756e+03
-3.4700583496e+03
-3.4426384277e+03
-3.4394282227e+03
-3.4394282227e+03
-3.4426384277e+03
-3.4700583496e+03
-3.8006115723e+03
-3.7611386719e+03
-3.7454106445e+03
-3.7454106445e+03
-3.7611386719e+03
-3.8006115723e+03
-4.0746176758e+03
-4.0242460938e+03
-4.0016977539e+03
-4.0016977539e+03
-4.0242460938e+03
-4.0746176758e+03
-4.2575576172e+03
-4.2050625000e+03
-4.1805273438e+03
-4.1805273438e+03
-4.2050625000e+03
-4.2575576172e+03
-4.3837719727e+03
-4.3293134766e+03
-4.3036376953e+03
-4.3036376953e+03
-4.3293134766e+03
-4.3837719727e+03
-4.4386196289e+03
-4.3844570312e+03
-4.3575659180e+03
-4.3575659180e+03
-4.3844570312e+03
-4.4386196289e+03
-4.4302792969e+03
-4.3764936523e+03
-4.3496943359e+03
-4.3496943359e+03
-4.3764936523e+03
-4.4302792969e+03
-4.3570053711e+03
-4.3028032227e+03
-4.2767802734e+03
-4.2767802734e+03
-4.3028032227e+03
-4.3570053711e+03
-4.2180849609e+03
-4.1659741211e+03
-4.1408408203e+03
-4.1408408203e+03
-4.1659741211e+03
-4.2180849609e+03
-4.0100258789e+03
-3.9606906738e+03
-3.9383513184e+03
-3.9383513184e+03
-3.9606909180e+03
-4.0100258789e+03
-3.7319909668e+03
-3.6895039062e+03
-3.6731520996e+03
-3.6731520996e+03
-3.6895039062e+03
-3.7319909668e+03
-3.3688537598e+03
-3.3486679688e+03
-3.3420891113e+03
-3.3420891113e+03
-3.3486679688e+03
-3.3688537598e+03
-1.8538934326e+03
-1.8353967285e+03
-1.8287485352e+03
-1.8287485352e+03
-1.8353967285e+03
-1.8538934326e+03
-2.5000612793e+03
-2.4505432129e+03
-2.4342653809e+03
-2.4342653809e+03
-2.4505432129e+03
-2.5000612793e+03
-3.0396313477e+03
-2.9901284180e+03
-2.9672314453e+03
-2.9672314453e+03
-2.9901286621e+03
-3.0396313477e+03
-3.5243046875e+03
-3.4710930176e+03
-3.4456101074e+03
-3.4456101074e+03
-3.4710930176e+03
-3.5243046875e+03
-3.9320153809e+03
-3.8796872559e+03
-3.8531206055e+03
-3.8531206055e+03
-3.8796872559e+03
-3.9320153809e+03
-4.2806762695e+03
-4.2268769531e+03
-4.2012954102e+03
-4.2012954102e+03
-4.2268769531e+03
-4.2806762695e+03
-4.5638037109e+03
-4.5101108398e+03
-4.4846103516e+03
-4.4846103516e+03
-4.5101108398e+03
-4.5638037109e+03
-4.7827529297e+03
-4.7315302734e+03
-4.7062573242e+03
-4.7062573242e+03
-4.7315302734e+03
-4.7827529297e+03
-4.9377241211e+03
-4.8876816406e+03
-4.8644101562e+03
-4.8644101562e+03
-4.8876816406e+03
-4.9377241211e+03
-5.0267656250e+03
-4.9810727539e+03
-4.9609843750e+03
-4.9609843750e+03
-4.9810727539e+03
-5.0267656250e+03
-5.0435024414e+03
-5.0083017578e+03
-4.9927451172e+03
-4.9927451172e+03
-5.0083017578e+03
-5.0435024414e+03
-4.9890107422e+03
-4.9700087891e+03
-4.9645625000e+03
-4.9645625000e+03
-4.9700087891e+03
-4.9890107422e+03
-2.7830581665e+02
-2.5238839722e+02
-2.5041325378e+02
-2.5041325378e+02
-2.5238841248e+02
-2.7830581665e+02
-1.1849830322e+03
-1.1367938232e+03
-1.1220976562e+03
-1.1220976562e+03
-1.1367938232e+03
-1.1849830322e+03
-2.0146624756e+03
-1.9641857910e+03
-1.9408892822e+03
-1.9408892822e+03
-1.9641859131e+03
-2.0146624756e+03
-2.7667209473e+03
-2.7168569336e+03
-2.6927983398e+03
-2.6927983398e+03
-2.7168569336e+03
-2.7667209473e+03
-3.4642905273e+03
-3.4124772949e+03
-3.3885039062e+03
-3.3885039062e+03
-3.4124772949e+03
-3.4642907715e+03
-4.0949189453e+03
-4.0461762695e+03
-4.0208229980e+03
-4.0208229980e+03
-4.0461762695e+03
-4.0949189453e+03
-4.6676542969e+03
-4.6203139648e+03
-4.5959848633e+03
-4.5959848633e+03
-4.6203139648e+03
-4.6676542969e+03
-5.1820019531e+03
-5.1340800781e+03
-5.1119565430e+03
-5.1119565430e+03
-5.1340800781e+03
-5.1820019531e+03
-5.6344160156e+03
-5.5909008789e+03
-5.5701015625e+03
-5.5701015625e+03
-5.5909008789e+03
-5.6344160156e+03
-6.0257675781e+03
-5.9862187500e+03
-5.9693632812e+03
-5.9693632812e+03
-5.9862187500e+03
-6.0257675781e+03
-6.3502084961e+03
-6.3248095703e+03
-6.3109897461e+03
-6.3109897461e+03
-6.3248095703e+03
-6.3502084961e+03
-6.6126630859e+03
-6.6001625977e+03
-6.5940117188e+03
-6.5940117188e+03
-6.6001625977e+03
-6.6126630859e+03
1.2816439209e+03
1.3006632080e+03
1.3027691650e+03
1.3027691650e+03
1.3006632080e+03
1.2816439209e+03
1.0057855988e+02
1.5249247742e+02
1.6538691711e+02
1.6538693237e+02
1.5249246216e+02
1.0057853699e+02
-9.7856256104e+02
-9.3365606689e+02
-9.1206677246e+02
-9.1206671143e+02
-9.3365612793e+02
-9.7856256104e+02
-2.0089404297e+03
-1.9614134521e+03
-1.9390364990e+03
-1.9390364990e+03
-1.9614134521e+03
-2.0089404297e+03
-2.9717790527e+03
-2.9293967285e+03
-2.9063381348e+03
-2.9063381348e+03
-2.9293967285e+03
-2.9717790527e+03
-3.8873203125e+03
-3.8420051270e+03
-3.8222854004e+03
-3.8222851562e+03
-3.8420051270e+03
-3.8873203125e+03
-4.7465629883e+03
-4.7025927734e+03
-4.6831953125e+03
-4.6831953125e+03
-4.7025927734e+03
-4.7465629883e+03
-5.5507285156e+03
-5.5122587891e+03
-5.4926621094e+03
-5.4926621094e+03
-5.5122587891e+03
-5.5507285156e+03
-6.3041713867e+03
-6.2674545898e+03
-6.2509511719e+03
-6.2509511719e+03
-6.2674545898e+03
-6.3041713867e+03
-7.0023066406e+03
-6.9717963867e+03
-6.9596093750e+03
-6.9596093750e+03
-6.9717963867e+03
-7.0023066406e+03
-7.6405966797e+03
-7.6271127930e+03
-7.6160151367e+03
-7.6160151367e+03
-7.6271127930e+03
-7.6405966797e+03
-8.2357646484e+03
-8.2286884766e+03
-8.2243388672e+03
-8.2243388672e+03
-8.2286884766e+03
-8.2357646484e+03
2.7912648926e+03
2.8109042969e+03
2.8089206543e+03
2.8089206543e+03
2.8109042969e+03
2.7912648926e+03
1.3725469971e+03
1.4202840576e+03
1.4304770508e+03
1.4304770508e+03
1.4202840576e+03
1.3725468750e+03
3.6242229462e+01
7.7894515991e+01
9.7664756775e+01
9.7664764404e+01
7.7894508362e+01
3.6242210388e+01
-1.2401564941e+03
-1.2024399414e+03
-1.1835217285e+03
-1.1835217285e+03
-1.2024399414e+03
-1.2401564941e+03
-2.4762280273e+03
-2.4353620605e+03
-2.4181721191e+03
-2.4181721191e+03
-2.4353620605e+03
-2.4762280273e+03
-3.6556496582e+03
-3.6234333496e+03
-3.6032502441e+03
-3.6032502441e+03
-3.6234333496e+03
-3.6556496582e+03
-4.7935556641e+03
-4.7636616211e+03
-4.7458076172e+03
-4.7458076172e+03
-4.7636616211e+03
-4.7935556641e+03
-5.8907661133e+03
-5.8583203125e+03
-5.8453369141e+03
-5.8453369141e+03
-5.8583203125e+03
-5.8907661133e+03
-6.9391850586e+03
-6.9146699219e+03
-6.9029648438e+03
-6.9029648438e+03
-6.9146699219e+03
-6.9391850586e+03
-7.9475034180e+03
-7.9273007812e+03
-7.9205039062e+03
-7.9205039062e+03
-7.9273007812e+03
-7.9475034180e+03
-8.9048740234e+03
-8.9054541016e+03
-8.8981875000e+03
-8.8981875000e+03
-8.9054541016e+03
-8.9048740234e+03
-9.8385234375e+03
-9.8402050781e+03
-9.8369755859e+03
-9.8369755859e+03
-9.8402050781e+03
-9.8385234375e+03
4.2498867188e+03
4.2626948242e+03
4.2589340820e+03
4.2589340820e+03
4.2626948242e+03
4.2498867188e+03
2.5959013672e+03
2.6424914551e+03
2.6494487305e+03
2.6494487305e+03
2.6424914551e+03
2.5959013672e+03
1.0353775635e+03
1.0676951904e+03
1.0843254395e+03
1.0843254395e+03
1.0676951904e+03
1.0353775635e+03
-4.9199826050e+02
-4.5799673462e+02
-4.4259432983e+02
-4.4259432983e+02
-4.5799673462e+02
-4.9199829102e+02
-1.9647304688e+03
-1.9422952881e+03
-1.9265927734e+03
-1.9265926514e+03
-1.9422952881e+03
-1.9647304688e+03
-3.4141389160e+03
-3.3833522949e+03
-3.3758161621e+03
-3.3758161621e+03
-3.3833522949e+03
-3.4141389160e+03
-4.8223164062e+03
-4.7947670898e+03
-4.7874125977e+03
-4.7874125977e+03
-4.7947670898e+03
-4.8223164062e+03
-6.1921445312e+03
-6.1767080078e+03
-6.1665908203e+03
-6.1665908203e+03
-6.1767080078e+03
-6.1921445312e+03
-7.5378925781e+03
-7.5228793945e+03
-7.5173579102e+03
-7.5173579102e+03
-7.5228793945e+03
-7.5378925781e+03
-8.8486513672e+03
-8.8420732422e+03
-8.8418955078e+03
-8.8418955078e+03
-8.8420732422e+03
-8.8486513672e+03
-1.0125670898e+04
-1.0141521484e+04
-1.0138852539e+04
-1.0138852539e+04
-1.0141521484e+04
-1.0125670898e+04
-1.1403157227e+04
-1.1413391602e+04
-1.1412856445e+04
-1.1412856445e+04
-1.1413391602e+04
-1.1403157227e+04
5.6246606445e+03
5.6340458984e+03
5.6264179688e+03
5.6264179688e+03
5.6340458984e+03
5.6246606445e+03
3.7652756348e+03
3.8053610840e+03
3.8088657227e+03
3.8088657227e+03
3.8053610840e+03
3.7652756348e+03
1.9849105225e+03
2.0113612061e+03
2.0243264160e+03
2.0243264160e+03
2.0113612061e+03
1.9849105225e+03
2.4462413025e+02
2.6327514648e+02
2.7372247314e+02
2.7372247314e+02
2.6327514648e+02
2.4462411499e+02
-1.4786218262e+03
-1.4532178955e+03
-1.4461873779e+03
-1.4461873779e+03
-1.4532178955e+03
-1.4786218262e+03
-3.1545898438e+03
-3.1503798828e+03
-3.1351843262e+03
-3.1351843262e+03
-3.1503798828e+03
-3.1545898438e+03
-4.8164409180e+03
-4.8150751953e+03
-4.8041191406e+03
-4.8041191406e+03
-4.8150751953e+03
-4.8164409180e+03
-6.4661557617e+03
-6.4543012695e+03
-6.4545507812e+03
-6.4545507812e+03
-6.4543012695e+03
-6.4661557617e+03
-8.0834677734e+03
-8.0860576172e+03
-8.0870869141e+03
-8.0870869141e+03
-8.0860576172e+03
-8.0834677734e+03
-9.6950498047e+03
-9.7012353516e+03
-9.7080097656e+03
-9.7080097656e+03
-9.7012353516e+03
-9.6950498047e+03
-1.1282882812e+04
-1.1315618164e+04
-1.1318218750e+04
-1.1318218750e+04
-1.1315618164e+04
-1.1282882812e+04
-1.2899050781e+04
-1.2919525391e+04
-1.2921385742e+04
-1.2921385742e+04
-1.2919525391e+04
-1.2899050781e+04
6.8947587891e+03
6.8976933594e+03
6.8878300781e+03
6.8878300781e+03
6.8976933594e+03
6.8947587891e+03
4.8441879883e+03
4.8805415039e+03
4.8805322266e+03
4.8805322266e+03
4.8805415039e+03
4.8441879883e+03
2.8768447266e+03
2.8917807617e+03
2.9016096191e+03
2.9016096191e+03
2.8917807617e+03
2.8768447266e+03
9.2334991455e+02
9.3915155029e+02
9.4499859619e+02
9.4499859619e+02
9.3915155029e+02
9.2334991455e+02
-9.8780773926e+02
-9.9292211914e+02
-9.8774212646e+02
-9.8774212646e+02
-9.9292211914e+02
-9.8780773926e+02
-2.9137150879e+03
-2.8943342285e+03
-2.9074873047e+03
-2.9074873047e+03
-2.8943342285e+03
-2.9137150879e+03
-4.8112753906e+03
-4.7978212891e+03
-4.8105922852e+03
-4.8105922852e+03
-4.7978212891e+03
-4.8112753906e+03
-6.6869682617e+03
-6.7032431641e+03
-6.7048676758e+03
-6.7048676758e+03
-6.7032431641e+03
-6.6869682617e+03
-8.5820761719e+03
-8.5932949219e+03
-8.6009306641e+03
-8.6009306641e+03
-8.5932949219e+03
-8.5820761719e+03
-1.0466125977e+04
-1.0488309570e+04
-1.0501904297e+04
-1.0501904297e+04
-1.0488309570e+04
-1.0466125977e+04
-1.2352837891e+04
-1.2401175781e+04
-1.2409145508e+04
-1.2409145508e+04
-1.2401175781e+04
-1.2352837891e+04
-1.4294379883e+04
-1.4324083008e+04
-1.4328773438e+04
-1.4328773438e+04
-1.4324083008e+04
-1.4294379883e+04
8.0227246094e+03
8.0211196289e+03
8.0077851562e+03
8.0077851562e+03
8.0211196289e+03
8.0227246094e+03
5.8120595703e+03
5.8421542969e+03
5.8390932617e+03
5.8390932617e+03
5.8421542969e+03
5.8120595703e+03
3.6728083496e+03
3.6837758789e+03
3.6897697754e+03
3.6897697754e+03
3.6837758789e+03
3.6728083496e+03
1.5535450439e+03
1.5532673340e+03
1.5569211426e+03
1.5569211426e+03
1.5532673340e+03
1.5535450439e+03
-5.7598083496e+02
-5.6346185303e+02
-5.6379846191e+02
-5.6379846191e+02
-5.6346185303e+02
-5.7598083496e+02
-2.6543237305e+03
-2.6928481445e+03
-2.6727995605e+03
-2.6727995605e+03
-2.6928481445e+03
-2.6543237305e+03
-4.7598774414e+03
-4.8015117188e+03
-4.7874638672e+03
-4.7874638672e+03
-4.8015117188e+03
-4.7598774414e+03
-6.8964580078e+03
-6.9008432617e+03
-6.9125668945e+03
-6.9125668945e+03
-6.9008432617e+03
-6.8964580078e+03
-9.0040869141e+03
-9.0339609375e+03
-9.0469472656e+03
-9.0469472656e+03
-9.0339609375e+03
-9.0040869141e+03
-1.1150163086e+04
-1.1182768555e+04
-1.1203688477e+04
-1.1203688477e+04
-1.1182768555e+04
-1.1150163086e+04
-1.3306304688e+04
-1.3371128906e+04
-1.3384787109e+04
-1.3384787109e+04
-1.3371128906e+04
-1.3306304688e+04
-1.5549029297e+04
-1.5588721680e+04
-1.5596728516e+04
-1.5596728516e+04
-1.5588721680e+04
-1.5549029297e+04
8.9817109375e+03
8.9716884766e+03
8.9537949219e+03
8.9537949219e+03
8.9716884766e+03
8.9817109375e+03
6.6348134766e+03
6.6578999023e+03
6.6491147461e+03
6.6491147461e+03
6.6578999023e+03
6.6348134766e+03
4.3609545898e+03
4.3571840820e+03
4.3573500977e+03
4.3573500977e+03
4.3571840820e+03
4.3609545898e+03
2.0836787109e+03
2.0815798340e+03
2.0727072754e+03
2.0727072754e+03
2.0815798340e+03
2.0836784668e+03
-1.6316719055e+02
-1.9385173035e+02
-2.0389199829e+02
-2.0389199829e+02
-1.9385173035e+02
-1.6316717529e+02
-2.4820427246e+03
-2.4452487793e+03
-2.4901235352e+03
-2.4901235352e+03
-2.4452487793e+03
-2.4820427246e+03
-4.7642939453e+03
-4.7353066406e+03
-4.7812871094e+03
-4.7812871094e+03
-4.7353066406e+03
-4.7642939453e+03
-7.0182680664e+03
-7.0679687500e+03
-7.0866328125e+03
-7.0866328125e+03
-7.0679687500e+03
-7.0182680664e+03
-9.3610078125e+03
-9.3992753906e+03
-9.4248164062e+03
-9.4248164062e+03
-9.3992753906e+03
-9.3610078125e+03
-1.1715632812e+04
-1.1768591797e+04
-1.1798088867e+04
-1.1798088867e+04
-1.1768591797e+04
-1.1715632812e+04
-1.4111328125e+04
-1.4192603516e+04
-1.4213939453e+04
-1.4213939453e+04
-1.4192603516e+04
-1.4111328125e+04
-1.6617265625e+04
-1.6668998047e+04
-1.6682648438e+04
-1.6682648438e+04
-1.6668998047e+04
-1.6617265625e+04
9.7446132812e+03
9.7284033203e+03
9.7068603516e+03
9.7068603516e+03
9.7284033203e+03
9.7446132812e+03
7.2947158203e+03
7.3057895508e+03
7.2909042969e+03
7.2909042969e+03
7.3057895508e+03
7.2947158203e+03
4.9097636719e+03
4.8890805664e+03
4.8783276367e+03
4.8783276367e+03
4.8890805664e+03
4.9097636719e+03
2.5302416992e+03
2.4841801758e+03
2.4671613770e+03
2.4671613770e+03
2.4841801758e+03
2.5302416992e+03
1.2662230682e+02
8.7230339050e+01
5.1887966156e+01
5.1887950897e+01
8.7230331421e+01
1.2662232208e+02
-2.1928596191e+03
-2.3516503906e+03
-2.3602219238e+03
-2.3602219238e+03
-2.3516503906e+03
-2.1928596191e+03
-4.6117490234e+03
-4.7780766602e+03
-4.7884819336e+03
-4.7884819336e+03
-4.7780766602e+03
-4.6117490234e+03
-7.1417944336e+03
-7.1989257812e+03
-7.2433500977e+03
-7.2433500977e+03
-7.1989257812e+03
-7.1417944336e+03
-9.6105654297e+03
-9.6911005859e+03
-9.7255771484e+03
-9.7255771484e+03
-9.6911005859e+03
-9.6105654297e+03
-1.2151650391e+04
-1.2221393555e+04
-1.2262411133e+04
-1.2262411133e+04
-1.2221393555e+04
-1.2151650391e+04
-1.4732945312e+04
-1.4830983398e+04
-1.4858768555e+04
-1.4858768555e+04
-1.4830983398e+04
-1.4732945312e+04
-1.7450558594e+04
-1.7511662109e+04
-1.7529001953e+04
-1.7529001953e+04
-1.7511662109e+04
-1.7450558594e+04
1.0285306641e+04
1.0272244141e+04
1.0255476562e+04
1.0255476562e+04
1.0272244141e+04
1.0285306641e+04
7.7613095703e+03
7.7712192383e+03
7.7560014648e+03
7.7560014648e+03
7.7712192383e+03
7.7613095703e+03
5.3043427734e+03
5.2715678711e+03
5.2601391602e+03
5.2601391602e+03
5.2715678711e+03
5.3043427734e+03
2.8307683105e+03
2.7804118652e+03
2.7579548340e+03
2.7579548340e+03
2.7804118652e+03
2.8307683105e+03
3.6111688232e+02
2.4916381836e+02
2.5938006592e+02
2.5938006592e+02
2.4916386414e+02
3.6111691284e+02
-2.2528227539e+03
-2.2517687988e+03
-2.2548579102e+03
-2.2548579102e+03
-2.2517687988e+03
-2.2528227539e+03
-4.7698442383e+03
-4.7664746094e+03
-4.7798569336e+03
-4.7798569336e+03
-4.7664746094e+03
-4.7698442383e+03
-7.1939829102e+03
-7.3176708984e+03
-7.3251572266e+03
-7.3251572266e+03
-7.3176708984e+03
-7.1939829102e+03
-9.7946416016e+03
-9.8768750000e+03
-9.9192500000e+03
-9.9192500000e+03
-9.8768750000e+03
-9.7946416016e+03
-1.2439365234e+04
-1.2523502930e+04
-1.2566889648e+04
-1.2566889648e+04
-1.2523502930e+04
-1.2439365234e+04
-1.5152958008e+04
-1.5256815430e+04
-1.5286375000e+04
-1.5286375000e+04
-1.5256815430e+04
-1.5152958008e+04
-1.8014212891e+04
-1.8073802734e+04
-1.8086447266e+04
-1.8086447266e+04
-1.8073802734e+04
-1.8014212891e+04
1.0568694336e+04
1.0565221680e+04
1.0557247070e+04
1.0557247070e+04
1.0565221680e+04
1.0568694336e+04
8.0056918945e+03
8.0237407227e+03
8.0136147461e+03
8.0136147461e+03
8.0237407227e+03
8.0056918945e+03
5.5112314453e+03
5.4833022461e+03
5.4809624023e+03
5.4809624023e+03
5.4833022461e+03
5.5112314453e+03
2.9797207031e+03
2.9630659180e+03
2.9376010742e+03
2.9376010742e+03
2.9630659180e+03
2.9797207031e+03
4.8814077759e+02
3.3140551758e+02
4.1598065186e+02
4.1598071289e+02
3.3140567017e+02
4.8814083862e+02
-2.5833825684e+03
-2.1541975098e+03
-2.1534616699e+03
-2.1534616699e+03
-2.1541977539e+03
-2.5833828125e+03
-5.1413125000e+03
-4.7312983398e+03
-4.7303251953e+03
-4.7303251953e+03
-4.7312983398e+03
-5.1413129883e+03
-7.2146503906e+03
-7.4004238281e+03
-7.3267036133e+03
-7.3267036133e+03
-7.4004238281e+03
-7.2146503906e+03
-9.8941044922e+03
-9.9537460938e+03
-1.0001257812e+04
-1.0001257812e+04
-9.9537460938e+03
-9.8941044922e+03
-1.2583176758e+04
-1.2669772461e+04
-1.2707997070e+04
-1.2707997070e+04
-1.2669772461e+04
-1.2583176758e+04
-1.5363249023e+04
-1.5465070312e+04
-1.5492655273e+04
-1.5492655273e+04
-1.5465070312e+04
-1.5363249023e+04
-1.8295746094e+04
-1.8347488281e+04
-1.8351429688e+04
-1.8351429688e+04
-1.8347488281e+04
-1.8295746094e+04
1.0568694336e+04
1.0565221680e+04
1.0557247070e+04
1.0557247070e+04
1.0565221680e+04
1.0568694336e+04
8.0056918945e+03
8.0237407227e+03
8.0136147461e+03
8.0136147461e+03
8.0237407227e+03
8.0056918945e+03
5.5112314453e+03
5.4833022461e+03
5.4809624023e+03
5.4809624023e+03
5.4833022461e+03
5.5112314453e+03
2.9797207031e+03
2.9630661621e+03
2.9376010742e+03
2.9376010742e+03
2.9630659180e+03
2.9797207031e+03
4.8814080811e+02
3.3140554810e+02
4.1598068237e+02
4.1598071289e+02
3.3140567017e+02
4.8814086914e+02
-2.5833825684e+03
-2.1541975098e+03
-2.1534616699e+03
-2.1534616699e+03
-2.1541977539e+03
-2.5833828125e+03
-5.1413125000e+03
-4.7312983398e+03
-4.7303251953e+03
-4.7303251953e+03
-4.7312983398e+03
-5.1413129883e+03
-7.2146503906e+03
-7.4004238281e+03
-7.3267036133e+03
-7.3267036133e+03
-7.4004238281e+03
-7.2146503906e+03
-9.8941044922e+03
-9.9537460938e+03
-1.0001257812e+04
-1.0001257812e+04
-9.9537460938e+03
-9.8941044922e+03
-1.2583176758e+04
-1.2669772461e+04
-1.2707997070e+04
-1.2707997070e+04
-1.2669772461e+04
-1.2583176758e+04
-1.5363249023e+04
-1.5465070312e+04
-1.5492655273e+04
-1.5492655273e+04
-1.5465070312e+04
-1.5363249023e+04
-1.8295746094e+04
-1.8347488281e+04
-1.8351431641e+04
-1.8351431641e+04
-1.8347488281e+04
-1.8295746094e+04
1.0285306641e+04
1.0272244141e+04
1.0255476562e+04
1.0255476562e+04
1.0272244141e+04
1.0285306641e+04
7.7613095703e+03
7.7712192383e+03
7.7560014648e+03
7.7560014648e+03
7.7712192383e+03
7.7613095703e+03
5.3043432617e+03
5.2715678711e+03
5.2601391602e+03
5.2601391602e+03
5.2715678711e+03
5.3043432617e+03
2.8307685547e+03
2.7804121094e+03
2.7579548340e+03
2.7579548340e+03
2.7804121094e+03
2.8307685547e+03
3.6111691284e+02
2.4916384888e+02
2.5938009644e+02
2.5938009644e+02
2.4916389465e+02
3.6111694336e+02
-2.2528227539e+03
-2.2517687988e+03
-2.2548579102e+03
-2.2548579102e+03
-2.2517687988e+03
-2.2528227539e+03
-4.7698442383e+03
-4.7664746094e+03
-4.7798569336e+03
-4.7798569336e+03
-4.7664746094e+03
-4.7698442383e+03
-7.1939829102e+03
-7.3176708984e+03
-7.3251572266e+03
-7.3251572266e+03
-7.3176708984e+03
-7.1939829102e+03
-9.7946416016e+03
-9.8768750000e+03
-9.9192500000e+03
-9.9192500000e+03
-9.8768750000e+03
-9.7946416016e+03
-1.2439365234e+04
-1.2523502930e+04
-1.2566889648e+04
-1.2566889648e+04
-1.2523502930e+04
-1.2439365234e+04
-1.5152958008e+04
-1.5256815430e+04
-1.5286375000e+04
-1.5286375000e+04
-1.5256815430e+04
-1.5152958008e+04
-1.8014212891e+04
-1.8073802734e+04
-1.8086447266e+04
-1.8086447266e+04
-1.8073802734e+04
-1.8014212891e+04
9.7446132812e+03
9.7284042969e+03
9.7068603516e+03
9.7068603516e+03
9.7284042969e+03
9.7446132812e+03
7.2947158203e+03
7.3057895508e+03
7.2909042969e+03
7.2909042969e+03
7.3057895508e+03
7.2947158203e+03
4.9097636719e+03
4.8890805664e+03
4.8783276367e+03
4.8783276367e+03
4.8890805664e+03
4.9097636719e+03
2.5302416992e+03
2.4841801758e+03
2.4671613770e+03
2.4671613770e+03
2.4841801758e+03
2.5302419434e+03
1.2662235260e+02
8.7230384827e+01
5.1888011932e+01
5.1887996674e+01
8.7230377197e+01
1.2662236786e+02
-2.1928596191e+03
-2.3516503906e+03
-2.3602219238e+03
-2.3602219238e+03
-2.3516503906e+03
-2.1928596191e+03
-4.6117490234e+03
-4.7780766602e+03
-4.7884819336e+03
-4.7884819336e+03
-4.7780766602e+03
-4.6117490234e+03
-7.1417944336e+03
-7.1989257812e+03
-7.2433500977e+03
-7.2433500977e+03
-7.1989257812e+03
-7.1417944336e+03
-9.6105654297e+03
-9.6911015625e+03
-9.7255771484e+03
-9.7255771484e+03
-9.6911015625e+03
-9.6105654297e+03
-1.2151650391e+04
-1.2221393555e+04
-1.2262411133e+04
-1.2262411133e+04
-1.2221393555e+04
-1.2151650391e+04
-1.4732945312e+04
-1.4830983398e+04
-1.4858768555e+04
-1.4858768555e+04
-1.4830983398e+04
-1.4732945312e+04
-1.7450558594e+04
-1.7511662109e+04
-1.7529001953e+04
-1.7529001953e+04
-1.7511662109e+04
-1.7450558594e+04
8.9817109375e+03
8.9716884766e+03
8.9537958984e+03
8.9537958984e+03
8.9716884766e+03
8.9817109375e+03
6.6348139648e+03
6.6579003906e+03
6.6491152344e+03
6.6491152344e+03
6.6579003906e+03
6.6348139648e+03
4.3609545898e+03
4.3571840820e+03
4.3573500977e+03
4.3573500977e+03
4.3571840820e+03
4.3609545898e+03
2.0836787109e+03
2.0815798340e+03
2.0727072754e+03
2.0727072754e+03
2.0815798340e+03
2.0836787109e+03
-1.6316712952e+02
-1.9385166931e+02
-2.0389193726e+02
-2.0389193726e+02
-1.9385166931e+02
-1.6316711426e+02
-2.4820427246e+03
-2.4452487793e+03
-2.4901232910e+03
-2.4901235352e+03
-2.4452487793e+03
-2.4820427246e+03
-4.7642939453e+03
-4.7353066406e+03
-4.7812871094e+03
-4.7812871094e+03
-4.7353066406e+03
-4.7642939453e+03
-7.0182680664e+03
-7.0679687500e+03
-7.0866328125e+03
-7.0866328125e+03
-7.0679687500e+03
-7.0182680664e+03
-9.3610078125e+03
-9.3992753906e+03
-9.4248164062e+03
-9.4248164062e+03
-9.3992753906e+03
-9.3610078125e+03
-1.1715632812e+04
-1.1768591797e+04
-1.1798089844e+04
-1.1798089844e+04
-1.1768591797e+04
-1.1715632812e+04
-1.4111328125e+04
-1.4192604492e+04
-1.4213939453e+04
-1.4213939453e+04
-1.4192604492e+04
-1.4111328125e+04
-1.6617265625e+04
-1.6669000000e+04
-1.6682648438e+04
-1.6682648438e+04
-1.6669000000e+04
-1.6617265625e+04
8.0227250977e+03
8.0211201172e+03
8.0077856445e+03
8.0077856445e+03
8.0211196289e+03
8.0227250977e+03
5.8120595703e+03
5.8421542969e+03
5.8390937500e+03
5.8390937500e+03
5.8421542969e+03
5.8120595703e+03
3.6728085938e+03
3.6837758789e+03
3.6897700195e+03
3.6897700195e+03
3.6837758789e+03
3.6728085938e+03
1.5535451660e+03
1.5532674561e+03
1.5569212646e+03
1.5569212646e+03
1.5532674561e+03
1.5535451660e+03
-5.7598077393e+02
-5.6346173096e+02
-5.6379840088e+02
-5.6379840088e+02
-5.6346179199e+02
-5.7598077393e+02
-2.6543237305e+03
-2.6928481445e+03
-2.6727995605e+03
-2.6727995605e+03
-2.6928481445e+03
-2.6543237305e+03
-4.7598774414e+03
-4.8015117188e+03
-4.7874638672e+03
-4.7874638672e+03
-4.8015117188e+03
-4.7598774414e+03
-6.8964580078e+03
-6.9008432617e+03
-6.9125668945e+03
-6.9125668945e+03
-6.9008432617e+03
-6.8964580078e+03
-9.0040869141e+03
-9.0339619141e+03
-9.0469472656e+03
-9.0469472656e+03
-9.0339619141e+03
-9.0040869141e+03
-1.1150163086e+04
-1.1182768555e+04
-1.1203688477e+04
-1.1203688477e+04
-1.1182768555e+04
-1.1150163086e+04
-1.3306304688e+04
-1.3371128906e+04
-1.3384787109e+04
-1.3384787109e+04
-1.3371128906e+04
-1.3306304688e+04
-1.5549029297e+04
-1.5588721680e+04
-1.5596728516e+04
-1.5596728516e+04
-1.5588721680e+04
-1.5549029297e+04
6.8947587891e+03
6.8976933594e+03
6.8878305664e+03
6.8878305664e+03
6.8976933594e+03
6.8947587891e+03
4.8441879883e+03
4.8805419922e+03
4.8805322266e+03
4.8805322266e+03
4.8805419922e+03
4.8441879883e+03
2.8768449707e+03
2.8917810059e+03
2.9016098633e+03
2.9016098633e+03
2.8917810059e+03
2.8768449707e+03
9.2335003662e+02
9.3915167236e+02
9.4499871826e+02
9.4499871826e+02
9.3915167236e+02
9.2335003662e+02
-9.8780767822e+02
-9.9292205811e+02
-9.8774200439e+02
-9.8774200439e+02
-9.9292205811e+02
-9.8780767822e+02
-2.9137150879e+03
-2.8943342285e+03
-2.9074873047e+03
-2.9074873047e+03
-2.8943342285e+03
-2.9137150879e+03
-4.8112753906e+03
-4.7978212891e+03
-4.8105922852e+03
-4.8105922852e+03
-4.7978212891e+03
-4.8112753906e+03
-6.6869687500e+03
-6.7032431641e+03
-6.7048676758e+03
-6.7048676758e+03
-6.7032431641e+03
-6.6869687500e+03
-8.5820761719e+03
-8.5932949219e+03
-8.6009306641e+03
-8.6009306641e+03
-8.5932949219e+03
-8.5820761719e+03
-1.0466125977e+04
-1.0488309570e+04
-1.0501905273e+04
-1.0501905273e+04
-1.0488309570e+04
-1.0466125977e+04
-1.2352837891e+04
-1.2401175781e+04
-1.2409145508e+04
-1.2409145508e+04
-1.2401175781e+04
-1.2352837891e+04
-1.4294379883e+04
-1.4324083008e+04
-1.4328773438e+04
-1.4328773438e+04
-1.4324083008e+04
-1.4294379883e+04
5.6246606445e+03
5.6340463867e+03
5.6264184570e+03
5.6264184570e+03
5.6340463867e+03
5.6246606445e+03
3.7652758789e+03
3.8053613281e+03
3.8088659668e+03
3.8088659668e+03
3.8053613281e+03
3.7652758789e+03
1.9849107666e+03
2.0113614502e+03
2.0243265381e+03
2.0243266602e+03
2.0113614502e+03
1.9849107666e+03
2.4462425232e+02
2.6327526855e+02
2.7372256470e+02
2.7372259521e+02
2.6327526855e+02
2.4462423706e+02
-1.4786217041e+03
-1.4532177734e+03
-1.4461872559e+03
-1.4461872559e+03
-1.4532177734e+03
-1.4786217041e+03
-3.1545898438e+03
-3.1503798828e+03
-3.1351843262e+03
-3.1351843262e+03
-3.1503798828e+03
-3.1545898438e+03
-4.8164409180e+03
-4.8150751953e+03
-4.8041191406e+03
-4.8041191406e+03
-4.8150751953e+03
-4.8164409180e+03
-6.4661557617e+03
-6.4543012695e+03
-6.4545507812e+03
-6.4545507812e+03
-6.4543012695e+03
-6.4661557617e+03
-8.0834677734e+03
-8.0860576172e+03
-8.0870874023e+03
-8.0870874023e+03
-8.0860576172e+03
-8.0834677734e+03
-9.6950498047e+03
-9.7012353516e+03
-9.7080097656e+03
-9.7080097656e+03
-9.7012353516e+03
-9.6950498047e+03
-1.1282882812e+04
-1.1315618164e+04
-1.1318218750e+04
-1.1318218750e+04
-1.1315618164e+04
-1.1282882812e+04
-1.2899050781e+04
-1.2919525391e+04
-1.2921385742e+04
-1.2921385742e+04
-1.2919525391e+04
-1.2899050781e+04
4.2498872070e+03
4.2626953125e+03
4.2589345703e+03
4.2589345703e+03
4.2626953125e+03
4.2498872070e+03
2.5959016113e+03
2.6424916992e+03
2.6494489746e+03
2.6494489746e+03
2.6424916992e+03
2.5959016113e+03
1.0353776855e+03
1.0676954346e+03
1.0843256836e+03
1.0843256836e+03
1.0676954346e+03
1.0353776855e+03
-4.9199813843e+02
-4.5799661255e+02
-4.4259420776e+02
-4.4259420776e+02
-4.5799661255e+02
-4.9199816895e+02
-1.9647304688e+03
-1.9422951660e+03
-1.9265926514e+03
-1.9265926514e+03
-1.9422951660e+03
-1.9647304688e+03
-3.4141386719e+03
-3.3833522949e+03
-3.3758161621e+03
-3.3758161621e+03
-3.3833522949e+03
-3.4141386719e+03
-4.8223164062e+03
-4.7947670898e+03
-4.7874125977e+03
-4.7874125977e+03
-4.7947670898e+03
-4.8223164062e+03
-6.1921445312e+03
-6.1767080078e+03
-6.1665908203e+03
-6.1665908203e+03
-6.1767080078e+03
-6.1921445312e+03
-7.5378925781e+03
-7.5228793945e+03
-7.5173579102e+03
-7.5173579102e+03
-7.5228793945e+03
-7.5378925781e+03
-8.8486513672e+03
-8.8420732422e+03
-8.8418955078e+03
-8.8418955078e+03
-8.8420732422e+03
-8.8486513672e+03
-1.0125670898e+04
-1.0141521484e+04
-1.0138852539e+04
-1.0138852539e+04
-1.0141521484e+04
-1.0125670898e+04
-1.1403158203e+04
-1.1413391602e+04
-1.1412857422e+04
-1.1412857422e+04
-1.1413391602e+04
-1.1403158203e+04
2.7912651367e+03
2.8109045410e+03
2.8089208984e+03
2.8089208984e+03
2.8109045410e+03
2.7912651367e+03
1.3725471191e+03
1.4202843018e+03
1.4304771729e+03
1.4304772949e+03
1.4202843018e+03
1.3725471191e+03
3.6242389679e+01
7.7894676208e+01
9.7664916992e+01
9.7664924622e+01
7.7894668579e+01
3.6242370605e+01
-1.2401563721e+03
-1.2024398193e+03
-1.1835216064e+03
-1.1835216064e+03
-1.2024398193e+03
-1.2401563721e+03
-2.4762277832e+03
-2.4353618164e+03
-2.4181718750e+03
-2.4181718750e+03
-2.4353618164e+03
-2.4762280273e+03
-3.6556496582e+03
-3.6234333496e+03
-3.6032502441e+03
-3.6032500000e+03
-3.6234333496e+03
-3.6556496582e+03
-4.7935556641e+03
-4.7636616211e+03
-4.7458076172e+03
-4.7458076172e+03
-4.7636616211e+03
-4.7935556641e+03
-5.8907661133e+03
-5.8583203125e+03
-5.8453369141e+03
-5.8453369141e+03
-5.8583203125e+03
-5.8907661133e+03
-6.9391850586e+03
-6.9146699219e+03
-6.9029653320e+03
-6.9029653320e+03
-6.9146699219e+03
-6.9391855469e+03
-7.9475034180e+03
-7.9273007812e+03
-7.9205039062e+03
-7.9205039062e+03
-7.9273007812e+03
-7.9475034180e+03
-8.9048740234e+03
-8.9054550781e+03
-8.8981884766e+03
-8.8981884766e+03
-8.9054550781e+03
-8.9048740234e+03
-9.8385234375e+03
-9.8402050781e+03
-9.8369755859e+03
-9.8369755859e+03
-9.8402050781e+03
-9.8385234375e+03
1.2816441650e+03
1.3006634521e+03
1.3027694092e+03
1.3027694092e+03
1.3006634521e+03
1.2816441650e+03
1.0057875824e+02
1.5249267578e+02
1.6538711548e+02
1.6538713074e+02
1.5249266052e+02
1.0057873535e+02
-9.7856237793e+02
-9.3365594482e+02
-9.1206658936e+02
-9.1206658936e+02
-9.3365594482e+02
-9.7856237793e+02
-2.0089403076e+03
-1.9614133301e+03
-1.9390364990e+03
-1.9390363770e+03
-1.9614133301e+03
-2.0089403076e+03
-2.9717788086e+03
-2.9293967285e+03
-2.9063378906e+03
-2.9063378906e+03
-2.9293967285e+03
-2.9717788086e+03
-3.8873203125e+03
-3.8420051270e+03
-3.8222851562e+03
-3.8222851562e+03
-3.8420051270e+03
-3.8873203125e+03
-4.7465629883e+03
-4.7025927734e+03
-4.6831953125e+03
-4.6831953125e+03
-4.7025927734e+03
-4.7465629883e+03
-5.5507285156e+03
-5.5122587891e+03
-5.4926621094e+03
-5.4926621094e+03
-5.5122587891e+03
-5.5507285156e+03
-6.3041713867e+03
-6.2674545898e+03
-6.2509511719e+03
-6.2509511719e+03
-6.2674545898e+03
-6.3041713867e+03
-7.0023066406e+03
-6.9717968750e+03
-6.9596093750e+03
-6.9596093750e+03
-6.9717968750e+03
-7.0023066406e+03
-7.6405966797e+03
-7.6271127930e+03
-7.6160156250e+03
-7.6160156250e+03
-7.6271127930e+03
-7.6405966797e+03
-8.2357646484e+03
-8.2286884766e+03
-8.2243388672e+03
-8.2243388672e+03
-8.2286884766e+03
-8.2357646484e+03
-2.7830557251e+02
-2.5238816833e+02
-2.5041302490e+02
-2.5041302490e+02
-2.5238816833e+02
-2.7830557251e+02
-1.1849827881e+03
-1.1367935791e+03
-1.1220975342e+03
-1.1220974121e+03
-1.1367935791e+03
-1.1849827881e+03
-2.0146623535e+03
-1.9641856689e+03
-1.9408891602e+03
-1.9408891602e+03
-1.9641856689e+03
-2.0146623535e+03
-2.7667207031e+03
-2.7168566895e+03
-2.6927983398e+03
-2.6927980957e+03
-2.7168566895e+03
-2.7667207031e+03
-3.4642905273e+03
-3.4124772949e+03
-3.3885036621e+03
-3.3885036621e+03
-3.4124772949e+03
-3.4642905273e+03
-4.0949187012e+03
-4.0461762695e+03
-4.0208229980e+03
-4.0208229980e+03
-4.0461762695e+03
-4.0949189453e+03
-4.6676542969e+03
-4.6203139648e+03
-4.5959848633e+03
-4.5959848633e+03
-4.6203139648e+03
-4.6676542969e+03
-5.1820019531e+03
-5.1340800781e+03
-5.1119565430e+03
-5.1119565430e+03
-5.1340800781e+03
-5.1820019531e+03
-5.6344165039e+03
-5.5909008789e+03
-5.5701015625e+03
-5.5701015625e+03
-5.5909008789e+03
-5.6344165039e+03
-6.0257675781e+03
-5.9862192383e+03
-5.9693632812e+03
-5.9693632812e+03
-5.9862192383e+03
-6.0257675781e+03
-6.3502089844e+03
-6.3248100586e+03
-6.3109897461e+03
-6.3109897461e+03
-6.3248100586e+03
-6.3502089844e+03
-6.6126630859e+03
-6.6001625977e+03
-6.5940122070e+03
-6.5940122070e+03
-6.6001625977e+03
-6.6126630859e+03
-1.8538931885e+03
-1.8353964844e+03
-1.8287482910e+03
-1.8287482910e+03
-1.8353964844e+03
-1.8538931885e+03
-2.5000610352e+03
-2.4505429688e+03
-2.4342651367e+03
-2.4342651367e+03
-2.4505429688e+03
-2.5000610352e+03
-3.0396313477e+03
-2.9901284180e+03
-2.9672314453e+03
-2.9672314453e+03
-2.9901284180e+03
-3.0396313477e+03
-3.5243044434e+03
-3.4710927734e+03
-3.4456101074e+03
-3.4456101074e+03
-3.4710927734e+03
-3.5243046875e+03
-3.9320153809e+03
-3.8796872559e+03
-3.8531206055e+03
-3.8531206055e+03
-3.8796872559e+03
-3.9320153809e+03
-4.2806762695e+03
-4.2268769531e+03
-4.2012954102e+03
-4.2012954102e+03
-4.2268769531e+03
-4.2806762695e+03
-4.5638037109e+03
-4.5101108398e+03
-4.4846103516e+03
-4.4846103516e+03
-4.5101108398e+03
-4.5638037109e+03
-4.7827529297e+03
-4.7315302734e+03
-4.7062573242e+03
-4.7062573242e+03
-4.7315302734e+03
-4.7827529297e+03
-4.9377246094e+03
-4.8876816406e+03
-4.8644101562e+03
-4.8644101562e+03
-4.8876816406e+03
-4.9377246094e+03
-5.0267656250e+03
-4.9810732422e+03
-4.9609843750e+03
-4.9609843750e+03
-4.9810732422e+03
-5.0267656250e+03
-5.0435024414e+03
-5.0083017578e+03
-4.9927456055e+03
-4.9927456055e+03
-5.0083017578e+03
-5.0435024414e+03
-4.9890107422e+03
-4.9700092773e+03
-4.9645625000e+03
-4.9645625000e+03
-4.9700092773e+03
-4.9890107422e+03
-3.4700581055e+03
-3.4426384277e+03
-3.4394279785e+03
-3.4394279785e+03
-3.4426384277e+03
-3.4700581055e+03
-3.8006113281e+03
-3.7611384277e+03
-3.7454106445e+03
-3.7454106445e+03
-3.7611384277e+03
-3.8006113281e+03
-4.0746174316e+03
-4.0242458496e+03
-4.0016977539e+03
-4.0016975098e+03
-4.0242458496e+03
-4.0746174316e+03
-4.2575576172e+03
-4.2050625000e+03
-4.1805273438e+03
-4.1805273438e+03
-4.2050625000e+03
-4.2575576172e+03
-4.3837719727e+03
-4.3293134766e+03
-4.3036376953e+03
-4.3036376953e+03
-4.3293134766e+03
-4.3837719727e+03
-4.4386196289e+03
-4.3844570312e+03
-4.3575659180e+03
-4.3575659180e+03
-4.3844570312e+03
-4.4386196289e+03
-4.4302792969e+03
-4.3764936523e+03
-4.3496943359e+03
-4.3496943359e+03
-4.3764936523e+03
-4.4302792969e+03
-4.3570053711e+03
-4.3028032227e+03
-4.2767802734e+03
-4.2767802734e+03
-4.3028032227e+03
-4.3570053711e+03
-4.2180849609e+03
-4.1659741211e+03
-4.1408408203e+03
-4.1408408203e+03
-4.1659741211e+03
-4.2180849609e+03
-4.0100261230e+03
-3.9606909180e+03
-3.9383513184e+03
-3.9383513184e+03
-3.9606909180e+03
-4.0100261230e+03
-3.7319912109e+03
-3.6895041504e+03
-3.6731520996e+03
-3.6731520996e+03
-3.6895041504e+03
-3.7319912109e+03
-3.3688540039e+03
-3.3486682129e+03
-3.3420893555e+03
-3.3420891113e+03
-3.3486682129e+03
-3.3688540039e+03
-5.0724682617e+03
-5.0632543945e+03
-5.0536323242e+03
-5.0536323242e+03
-5.0632543945e+03
-5.0724682617e+03
-5.1289130859e+03
-5.0910502930e+03
-5.0745839844e+03
-5.0745839844e+03
-5.0910502930e+03
-5.1289130859e+03
-5.0783950195e+03
-5.0341123047e+03
-5.0145092773e+03
-5.0145092773e+03
-5.0341123047e+03
-5.0783950195e+03
-4.9816147461e+03
-4.9328134766e+03
-4.9090468750e+03
-4.9090468750e+03
-4.9328134766e+03
-4.9816152344e+03
-4.8053354492e+03
-4.7542602539e+03
-4.7288881836e+03
-4.7288881836e+03
-4.7542602539e+03
-4.8053354492e+03
-4.5704931641e+03
-4.5178564453e+03
-4.4921831055e+03
-4.4921831055e+03
-4.5178564453e+03
-4.5704931641e+03
-4.2703579102e+03
-4.2168041992e+03
-4.1908105469e+03
-4.1908105469e+03
-4.2168041992e+03
-4.2703579102e+03
-3.9070556641e+03
-3.8540478516e+03
-3.8280102539e+03
-3.8280102539e+03
-3.8540478516e+03
-3.9070556641e+03
-3.4783400879e+03
-3.4251123047e+03
-3.4001496582e+03
-3.4001496582e+03
-3.4251123047e+03
-3.4783400879e+03
-2.9847365723e+03
-2.9339812012e+03
-2.9108098145e+03
-2.9108098145e+03
-2.9339812012e+03
-2.9847365723e+03
-2.4184943848e+03
-2.3708425293e+03
-2.3551020508e+03
-2.3551020508e+03
-2.3708425293e+03
-2.4184943848e+03
-1.7677875977e+03
-1.7432454834e+03
-1.7396817627e+03
-1.7396817627e+03
-1.7432454834e+03
-1.7677877197e+03
-6.7207958984e+03
-6.6959653320e+03
-6.6952221680e+03
-6.6952221680e+03
-6.6959653320e+03
-6.7207958984e+03
-6.4128022461e+03
-6.3915400391e+03
-6.3795756836e+03
-6.3795756836e+03
-6.3915400391e+03
-6.4128022461e+03
-6.0914755859e+03
-6.0513369141e+03
-6.0344350586e+03
-6.0344350586e+03
-6.0513369141e+03
-6.0914755859e+03
-5.6707919922e+03
-5.6260117188e+03
-5.6061411133e+03
-5.6061411133e+03
-5.6260117188e+03
-5.6707919922e+03
-5.2053115234e+03
-5.1580737305e+03
-5.1362519531e+03
-5.1362519531e+03
-5.1580737305e+03
-5.2053115234e+03
-4.6733701172e+03
-4.6248540039e+03
-4.6013842773e+03
-4.6013842773e+03
-4.6248540039e+03
-4.6733701172e+03
-4.0840480957e+03
-4.0348652344e+03
-4.0106352539e+03
-4.0106352539e+03
-4.0348652344e+03
-4.0840480957e+03
-3.4343190918e+03
-3.3842338867e+03
-3.3596433105e+03
-3.3596433105e+03
-3.3842338867e+03
-3.4343190918e+03
-2.7258117676e+03
-2.6758642578e+03
-2.6514072266e+03
-2.6514072266e+03
-2.6758642578e+03
-2.7258117676e+03
-1.9504584961e+03
-1.9014859619e+03
-1.8784179688e+03
-1.8784178467e+03
-1.9014859619e+03
-1.9504584961e+03
-1.1143236084e+03
-1.0645595703e+03
-1.0493508301e+03
-1.0493508301e+03
-1.0645595703e+03
-1.1143236084e+03
-1.8239068604e+02
-1.6182000732e+02
-1.5697906494e+02
-1.5697906494e+02
-1.6182000732e+02
-1.8239068604e+02
-8.3099619141e+03
-8.3204140625e+03
-8.3090625000e+03
-8.3090625000e+03
-8.3204140625e+03
-8.3099619141e+03
-7.7312583008e+03
-7.7150869141e+03
-7.7011171875e+03
-7.7011171875e+03
-7.7150869141e+03
-7.7312583008e+03
-7.0469033203e+03
-7.0178935547e+03
-7.0060156250e+03
-7.0060156250e+03
-7.0178935547e+03
-7.0469033203e+03
-6.3453344727e+03
-6.3117412109e+03
-6.2946137695e+03
-6.2946137695e+03
-6.3117412109e+03
-6.3453344727e+03
-5.5703447266e+03
-5.5317983398e+03
-5.5124057617e+03
-5.5124057617e+03
-5.5317983398e+03
-5.5703447266e+03
-4.7492524414e+03
-4.7081352539e+03
-4.6876010742e+03
-4.6876010742e+03
-4.7081352539e+03
-4.7492524414e+03
-3.8736528320e+03
-3.8304057617e+03
-3.8091276855e+03
-3.8091276855e+03
-3.8304057617e+03
-3.8736528320e+03
-2.9458588867e+03
-2.9013874512e+03
-2.8795869141e+03
-2.8795869141e+03
-2.9013874512e+03
-2.9458588867e+03
-1.9611422119e+03
-1.9145445557e+03
-1.8928375244e+03
-1.8928375244e+03
-1.9145445557e+03
-1.9611422119e+03
-9.2395367432e+02
-8.7774847412e+02
-8.5621069336e+02
-8.5621069336e+02
-8.7774847412e+02
-9.2395367432e+02
1.7858546448e+02
2.2966572571e+02
2.4139938354e+02
2.4139938354e+02
2.2966571045e+02
1.7858544922e+02
1.3660860596e+03
1.3901856689e+03
1.3888275146e+03
1.3888275146e+03
1.3901856689e+03
1.3660860596e+03
-9.9567929688e+03
-9.9358251953e+03
-9.9421015625e+03
-9.9421015625e+03
-9.9358251953e+03
-9.9567929688e+03
-8.9547578125e+03
-8.9586250000e+03
-8.9570585938e+03
-8.9570585938e+03
-8.9586250000e+03
-8.9547578125e+03
-8.0156259766e+03
-7.9951918945e+03
-7.9895151367e+03
-7.9895151367e+03
-7.9951918945e+03
-8.0156259766e+03
-6.9715566406e+03
-6.9437993164e+03
-6.9336289062e+03
-6.9336289062e+03
-6.9437993164e+03
-6.9715566406e+03
-5.9097587891e+03
-5.8786958008e+03
-5.8660058594e+03
-5.8660058594e+03
-5.8786958008e+03
-5.9097587891e+03
-4.7972558594e+03
-4.7640278320e+03
-4.7489472656e+03
-4.7489472656e+03
-4.7640278320e+03
-4.7972558594e+03
-3.6433317871e+03
-3.6084816895e+03
-3.5916406250e+03
-3.5916406250e+03
-3.6084816895e+03
-3.6433317871e+03
-2.4433837891e+03
-2.4069196777e+03
-2.3884692383e+03
-2.3884692383e+03
-2.4069196777e+03
-2.4433837891e+03
-1.2005554199e+03
-1.1623670654e+03
-1.1430373535e+03
-1.1430373535e+03
-1.1623670654e+03
-1.2005554199e+03
1.0059461212e+02
1.3998027039e+02
1.5992065430e+02
1.5992066956e+02
1.3998025513e+02
1.0059459686e+02
1.4411289062e+03
1.4886046143e+03
1.5006103516e+03
1.5006103516e+03
1.4886046143e+03
1.4411289062e+03
2.8814504395e+03
2.8950068359e+03
2.8971103516e+03
2.8971103516e+03
2.8950068359e+03
2.8814504395e+03
-1.1455367188e+04
-1.1497704102e+04
-1.1484474609e+04
-1.1484474609e+04
-1.1497704102e+04
-1.1455366211e+04
-1.0224834961e+04
-1.0241846680e+04
-1.0229613281e+04
-1.0229613281e+04
-1.0241846680e+04
-1.0224834961e+04
-8.8800800781e+03
-8.8754814453e+03
-8.8726503906e+03
-8.8726503906e+03
-8.8754814453e+03
-8.8800800781e+03
-7.5739360352e+03
-7.5653627930e+03
-7.5579555664e+03
-7.5579555664e+03
-7.5653627930e+03
-7.5739360352e+03
-6.2092548828e+03
-6.1934638672e+03
-6.1833989258e+03
-6.1833989258e+03
-6.1934638672e+03
-6.2092548828e+03
-4.8203076172e+03
-4.7999716797e+03
-4.7882690430e+03
-4.7882690430e+03
-4.7999716797e+03
-4.8203076172e+03
-3.3968522949e+03
-3.3724897461e+03
-3.3597956543e+03
-3.3597956543e+03
-3.3724897461e+03
-3.3968522949e+03
-1.9402567139e+03
-1.9124365234e+03
-1.8988736572e+03
-1.8988736572e+03
-1.9124365234e+03
-1.9402567139e+03
-4.4327014160e+02
-4.1088235474e+02
-3.9657055664e+02
-3.9657055664e+02
-4.1088235474e+02
-4.4327017212e+02
1.0836074219e+03
1.1180534668e+03
1.1332062988e+03
1.1332062988e+03
1.1180534668e+03
1.0836074219e+03
2.6695981445e+03
2.7176601562e+03
2.7204428711e+03
2.7204428711e+03
2.7176601562e+03
2.6695981445e+03
4.3274174805e+03
4.3475249023e+03
4.3375405273e+03
4.3375405273e+03
4.3475249023e+03
4.3274174805e+03
-1.3035320312e+04
-1.3013187500e+04
-1.3033666992e+04
-1.3033666992e+04
-1.3013187500e+04
-1.3035320312e+04
-1.1306973633e+04
-1.1333552734e+04
-1.1354762695e+04
-1.1354762695e+04
-1.1333552734e+04
-1.1306974609e+04
-9.7679482422e+03
-9.7719394531e+03
-9.7879794922e+03
-9.7879794922e+03
-9.7719394531e+03
-9.7679482422e+03
-8.1123085938e+03
-8.1071000977e+03
-8.1140551758e+03
-8.1140551758e+03
-8.1071000977e+03
-8.1123085938e+03
-6.4774702148e+03
-6.4676269531e+03
-6.4703041992e+03
-6.4703041992e+03
-6.4676269531e+03
-6.4774702148e+03
-4.8192207031e+03
-4.8070664062e+03
-4.8056757812e+03
-4.8056757812e+03
-4.8070668945e+03
-4.8192207031e+03
-3.1438835449e+03
-3.1297583008e+03
-3.1248273926e+03
-3.1248273926e+03
-3.1297583008e+03
-3.1438835449e+03
-1.4436651611e+03
-1.4276605225e+03
-1.4190594482e+03
-1.4190594482e+03
-1.4276605225e+03
-1.4436651611e+03
2.7953948975e+02
2.9859161377e+02
3.1018539429e+02
3.1018539429e+02
2.9859161377e+02
2.7953948975e+02
2.0507570801e+03
2.0726684570e+03
2.0891274414e+03
2.0891274414e+03
2.0726684570e+03
2.0507570801e+03
3.8233635254e+03
3.8583552246e+03
3.8696501465e+03
3.8696501465e+03
3.8583552246e+03
3.8233635254e+03
5.7063979492e+03
5.7043178711e+03
5.7061406250e+03
5.7061406250e+03
5.7043178711e+03
5.7063979492e+03
-1.4294005859e+04
-1.4390064453e+04
-1.4368066406e+04
-1.4368066406e+04
-1.4390064453e+04
-1.4294005859e+04
-1.2465312500e+04
-1.2540592773e+04
-1.2517212891e+04
-1.2517212891e+04
-1.2540592773e+04
-1.2465312500e+04
-1.0469881836e+04
-1.0505437500e+04
-1.0499077148e+04
-1.0499077148e+04
-1.0505437500e+04
-1.0469881836e+04
-8.6021835938e+03
-8.6308896484e+03
-8.6260058594e+03
-8.6260058594e+03
-8.6308896484e+03
-8.6021835938e+03
-6.7022641602e+03
-6.7207031250e+03
-6.7161206055e+03
-6.7161206055e+03
-6.7207031250e+03
-6.7022641602e+03
-4.8016914062e+03
-4.8117099609e+03
-4.8073886719e+03
-4.8073886719e+03
-4.8117099609e+03
-4.8016914062e+03
-2.8898972168e+03
-2.8920507812e+03
-2.8884064941e+03
-2.8884064941e+03
-2.8920507812e+03
-2.8898972168e+03
-9.6898596191e+02
-9.6358557129e+02
-9.6074383545e+02
-9.6074383545e+02
-9.6358557129e+02
-9.6898596191e+02
9.6811395264e+02
9.8241363525e+02
9.8418762207e+02
9.8418762207e+02
9.8241363525e+02
9.6811395264e+02
2.9078891602e+03
2.9289211426e+03
2.9285068359e+03
2.9285068359e+03
2.9289211426e+03
2.9078891602e+03
4.9167182617e+03
4.9635395508e+03
4.9467392578e+03
4.9467392578e+03
4.9635395508e+03
4.9167182617e+03
6.9551645508e+03
6.9752270508e+03
6.9477602539e+03
6.9477602539e+03
6.9752270508e+03
6.9551645508e+03
-1.5730300781e+04
-1.5675149414e+04
-1.5728347656e+04
-1.5728347656e+04
-1.5675149414e+04
-1.5730300781e+04
-1.3277607422e+04
-1.3283154297e+04
-1.3355553711e+04
-1.3355553711e+04
-1.3283154297e+04
-1.3277607422e+04
-1.1235526367e+04
-1.1238201172e+04
-1.1307474609e+04
-1.1307474609e+04
-1.1238201172e+04
-1.1235526367e+04
-9.0459921875e+03
-9.0480068359e+03
-9.0961806641e+03
-9.0961806641e+03
-9.0480068359e+03
-9.0459921875e+03
-6.9047558594e+03
-6.9050483398e+03
-6.9397646484e+03
-6.9397646484e+03
-6.9050483398e+03
-6.9047558594e+03
-4.7747690430e+03
-4.7761284180e+03
-4.7986215820e+03
-4.7986215820e+03
-4.7761284180e+03
-4.7747690430e+03
-2.6577170410e+03
-2.6600185547e+03
-2.6713666992e+03
-2.6713666992e+03
-2.6600185547e+03
-2.6577170410e+03
-5.3786718750e+02
-5.4148376465e+02
-5.4119238281e+02
-5.4119238281e+02
-5.4148376465e+02
-5.3786718750e+02
1.5879931641e+03
1.5844201660e+03
1.5965941162e+03
1.5965941162e+03
1.5844201660e+03
1.5879931641e+03
3.7437929688e+03
3.7391638184e+03
3.7678515625e+03
3.7678515625e+03
3.7391638184e+03
3.7437932129e+03
5.8380766602e+03
5.8422695312e+03
5.8717197266e+03
5.8717197266e+03
5.8422695312e+03
5.8380766602e+03
8.0981665039e+03
8.0648061523e+03
8.0852534180e+03
8.0852534180e+03
8.0648066406e+03
8.0981665039e+03
-1.6512189453e+04
-1.6669644531e+04
-1.6550228516e+04
-1.6550228516e+04
-1.6669644531e+04
-1.6512189453e+04
-1.4300895508e+04
-1.4473083984e+04
-1.4348016602e+04
-1.4348016602e+04
-1.4473083984e+04
-1.4300895508e+04
-1.1716500977e+04
-1.1814086914e+04
-1.1705491211e+04
-1.1705491211e+04
-1.1814086914e+04
-1.1716500977e+04
-9.3600439453e+03
-9.4312060547e+03
-9.3431113281e+03
-9.3431113281e+03
-9.4312060547e+03
-9.3600439453e+03
-7.0384775391e+03
-7.0888540039e+03
-7.0234008789e+03
-7.0234008789e+03
-7.0888540039e+03
-7.0384775391e+03
-4.7487822266e+03
-4.7829946289e+03
-4.7406645508e+03
-4.7406645508e+03
-4.7829946289e+03
-4.7487822266e+03
-2.4685273438e+03
-2.4886064453e+03
-2.4696411133e+03
-2.4696411133e+03
-2.4886064453e+03
-2.4685273438e+03
-1.9593771362e+02
-2.0198396301e+02
-2.0636529541e+02
-2.0636529541e+02
-2.0198396301e+02
-1.9593771362e+02
2.0804702148e+03
2.0912104492e+03
2.0634814453e+03
2.0634814453e+03
2.0912104492e+03
2.0804702148e+03
4.3628872070e+03
4.3906196289e+03
4.3404477539e+03
4.3404477539e+03
4.3906196289e+03
4.3628872070e+03
6.7439169922e+03
6.8171333008e+03
6.7410332031e+03
6.7410332031e+03
6.8171333008e+03
6.7439169922e+03
9.0183574219e+03
9.0573984375e+03
8.9651220703e+03
8.9651220703e+03
9.0573984375e+03
9.0183574219e+03
-1.7760207031e+04
-1.7606083984e+04
-1.7958919922e+04
-1.7958919922e+04
-1.7606083984e+04
-1.7760208984e+04
-1.4524292969e+04
-1.4357653320e+04
-1.4692583008e+04
-1.4692583008e+04
-1.4357653320e+04
-1.4524293945e+04
-1.2158639648e+04
-1.2022363281e+04
-1.2349447266e+04
-1.2349447266e+04
-1.2022363281e+04
-1.2158640625e+04
-9.6942070312e+03
-9.5973710938e+03
-9.8663027344e+03
-9.8663027344e+03
-9.5973710938e+03
-9.6942070312e+03
-7.2381372070e+03
-7.1731337891e+03
-7.3808071289e+03
-7.3808071289e+03
-7.1731337891e+03
-7.2381376953e+03
-4.7700307617e+03
-4.7384306641e+03
-4.8823862305e+03
-4.8823862305e+03
-4.7384306641e+03
-4.7700307617e+03
-2.3114809570e+03
-2.3123500977e+03
-2.3938156738e+03
-2.3938156738e+03
-2.3123500977e+03
-2.3114809570e+03
1.3245596313e+02
9.9281806946e+01
7.8773925781e+01
7.8773918152e+01
9.9281814575e+01
1.3245597839e+02
2.5477646484e+03
2.4843872070e+03
2.5210717773e+03
2.5210717773e+03
2.4843874512e+03
2.5477646484e+03
4.9430859375e+03
4.8486254883e+03
4.9388232422e+03
4.9388232422e+03
4.8486254883e+03
4.9430859375e+03
7.2595532227e+03
7.1449633789e+03
7.2534770508e+03
7.2534770508e+03
7.1449638672e+03
7.2595532227e+03
9.9418466797e+03
9.8059667969e+03
9.9346601562e+03
9.9346601562e+03
9.8059667969e+03
9.9418466797e+03
-1.6340966797e+04
-1.7669083984e+04
-1.7575853516e+04
-1.7575853516e+04
-1.7669083984e+04
-1.6340965820e+04
-1.4504970703e+04
-1.5947560547e+04
-1.5993699219e+04
-1.5993699219e+04
-1.5947560547e+04
-1.4504969727e+04
-1.1979880859e+04
-1.3203716797e+04
-1.3266471680e+04
-1.3266471680e+04
-1.3203716797e+04
-1.1979879883e+04
-9.4583632812e+03
-1.0456062500e+04
-1.0513666992e+04
-1.0513666992e+04
-1.0456061523e+04
-9.4583623047e+03
-6.9432475586e+03
-7.6995444336e+03
-7.7499829102e+03
-7.7499829102e+03
-7.6995444336e+03
-6.9432470703e+03
-4.4664433594e+03
-4.9811708984e+03
-5.0221000977e+03
-5.0221000977e+03
-4.9811708984e+03
-4.4664428711e+03
-2.0170378418e+03
-2.2948112793e+03
-2.3253144531e+03
-2.3253144531e+03
-2.2948112793e+03
-2.0170375977e+03
4.1244802856e+02
3.6203833008e+02
3.4285159302e+02
3.4285159302e+02
3.6203833008e+02
4.1244805908e+02
2.8326689453e+03
2.9981218262e+03
2.9902016602e+03
2.9902016602e+03
2.9981218262e+03
2.8326687012e+03
5.2371064453e+03
5.5953193359e+03
5.6003588867e+03
5.6003588867e+03
5.5953193359e+03
5.2371059570e+03
7.6324990234e+03
8.1797485352e+03
8.1794350586e+03
8.1794350586e+03
8.1797480469e+03
7.6324985352e+03
9.8007402344e+03
1.0312014648e+04
1.0236341797e+04
1.0236341797e+04
1.0312014648e+04
9.8007402344e+03
-1.9479482422e+04
-1.8800953125e+04
-1.8828939453e+04
-1.8828939453e+04
-1.8800953125e+04
-1.9479482422e+04
-1.6110695312e+04
-1.5455467773e+04
-1.5420166016e+04
-1.5420166016e+04
-1.5455468750e+04
-1.6110695312e+04
-1.3148714844e+04
-1.2595827148e+04
-1.2577684570e+04
-1.2577684570e+04
-1.2595827148e+04
-1.3148714844e+04
-1.0280757812e+04
-9.8442402344e+03
-9.8329589844e+03
-9.8329589844e+03
-9.8442402344e+03
-1.0280757812e+04
-7.5249370117e+03
-7.2012534180e+03
-7.1956762695e+03
-7.1956762695e+03
-7.2012539062e+03
-7.5249375000e+03
-4.8391767578e+03
-4.6269062500e+03
-4.6250854492e+03
-4.6250854492e+03
-4.6269062500e+03
-4.8391767578e+03
-2.2084099121e+03
-2.1039873047e+03
-2.1052116699e+03
-2.1052116699e+03
-2.1039873047e+03
-2.2084099121e+03
3.8462585449e+02
3.8677590942e+02
3.8294744873e+02
3.8294741821e+02
3.8677590942e+02
3.8462582397e+02
2.9518869629e+03
2.8597604980e+03
2.8534011230e+03
2.8534011230e+03
2.8597604980e+03
2.9518869629e+03
5.5126567383e+03
5.3365942383e+03
5.3292514648e+03
5.3292514648e+03
5.3365942383e+03
5.5126567383e+03
8.0524057617e+03
7.8147714844e+03
7.8039633789e+03
7.8039633789e+03
7.8147714844e+03
8.0524057617e+03
1.0671223633e+04
1.0430366211e+04
1.0481724609e+04
1.0481724609e+04
1.0430366211e+04
1.0671223633e+04
