-2.3263635254e+03
-2.2344260254e+03
-2.2213720703e+03
-2.2213720703e+03
-2.2344260254e+03
-2.3263637695e+03
-2.1766403809e+03
-2.0859462891e+03
-2.0748393555e+03
-2.0748393555e+03
-2.0859465332e+03
-2.1766403809e+03
-2.1280991211e+03
-2.0387852783e+03
-2.0313410645e+03
-2.0313410645e+03
-2.0387854004e+03
-2.1280991211e+03
-2.0982543945e+03
-2.0085098877e+03
-2.0027985840e+03
-2.0027985840e+03
-2.0085098877e+03
-2.0982543945e+03
-2.0814418945e+03
-1.9909766846e+03
-1.9858913574e+03
-1.9858913574e+03
-1.9909768066e+03
-2.0814418945e+03
-2.0705642090e+03
-1.9797316895e+03
-1.9748585205e+03
-1.9748585205e+03
-1.9797316895e+03
-2.0705642090e+03
-2.0642712402e+03
-1.9736857910e+03
-1.9688190918e+03
-1.9688190918e+03
-1.9736857910e+03
-2.0642712402e+03
-2.0625249023e+03
-1.9727960205e+03
-1.9677307129e+03
-1.9677307129e+03
-1.9727960205e+03
-2.0625251465e+03
-2.0666174316e+03
-1.9780825195e+03
-1.9724094238e+03
-1.9724094238e+03
-1.9780825195e+03
-2.0666174316e+03
-2.0835092773e+03
-1.9958594971e+03
-1.9884714355e+03
-1.9884714355e+03
-1.9958594971e+03
-2.0835095215e+03
-2.1189460449e+03
-2.0302884521e+03
-2.0192850342e+03
-2.0192850342e+03
-2.0302884521e+03
-2.1189460449e+03
-2.2544777832e+03
-2.1646313477e+03
-2.1513828125e+03
-2.1513828125e+03
-2.1646313477e+03
-2.2544780273e+03
-1.8056402588e+03
-1.9557998047e+03
-1.9539681396e+03
-1.9539681396e+03
-1.9557998047e+03
-1.8056402588e+03
-1.9938696289e+03
-2.1606179199e+03
-2.1662065430e+03
-2.1662065430e+03
-2.1606176758e+03
-1.9938695068e+03
-2.0001550293e+03
-2.1763781738e+03
-2.1817775879e+03
-2.1817775879e+03
-2.1763779297e+03
-2.0001549072e+03
-1.9966810303e+03
-2.1773281250e+03
-2.1837502441e+03
-2.1837502441e+03
-2.1773278809e+03
-1.9966809082e+03
-1.9864010010e+03
-2.1697109375e+03
-2.1766425781e+03
-2.1766425781e+03
-2.1697109375e+03
-1.9864008789e+03
-1.9781776123e+03
-2.1622714844e+03
-2.1694694824e+03
-2.1694694824e+03
-2.1622714844e+03
-1.9781774902e+03
-1.9722581787e+03
-2.1558010254e+03
-2.1629741211e+03
-2.1629741211e+03
-2.1558010254e+03
-1.9722580566e+03
-1.9686273193e+03
-2.1502966309e+03
-2.1571535645e+03
-2.1571535645e+03
-2.1502966309e+03
-1.9686271973e+03
-1.9669912109e+03
-2.1449370117e+03
-2.1512397461e+03
-2.1512397461e+03
-2.1449370117e+03
-1.9669910889e+03
-1.9585842285e+03
-2.1311401367e+03
-2.1363745117e+03
-2.1363745117e+03
-2.1311401367e+03
-1.9585841064e+03
-1.9404617920e+03
-2.1026015625e+03
-2.1080725098e+03
-2.1080725098e+03
-2.1026013184e+03
-1.9404616699e+03
-1.7425679932e+03
-1.8884696045e+03
-1.8870131836e+03
-1.8870131836e+03
-1.8884694824e+03
-1.7425678711e+03
-2.0687434082e+03
-2.0376331787e+03
-2.0800256348e+03
-2.0800256348e+03
-2.0376331787e+03
-2.0687434082e+03
-2.0277501221e+03
-1.9894091797e+03
-2.0320307617e+03
-2.0320307617e+03
-1.9894091797e+03
-2.0277501221e+03
-2.0839765625e+03
-2.0479298096e+03
-2.0927031250e+03
-2.0927031250e+03
-2.0479298096e+03
-2.0839768066e+03
-2.1034538574e+03
-2.0699235840e+03
-2.1156311035e+03
-2.1156311035e+03
-2.0699235840e+03
-2.1034538574e+03
-2.1128930664e+03
-2.0806491699e+03
-2.1269951172e+03
-2.1269951172e+03
-2.0806491699e+03
-2.1128933105e+03
-2.1127558594e+03
-2.0812846680e+03
-2.1278232422e+03
-2.1278232422e+03
-2.0812846680e+03
-2.1127558594e+03
-2.1067927246e+03
-2.0754038086e+03
-2.1217971191e+03
-2.1217971191e+03
-2.0754038086e+03
-2.1067929688e+03
-2.0950187988e+03
-2.0630227051e+03
-2.1089338379e+03
-2.1089338379e+03
-2.0630227051e+03
-2.0950187988e+03
-2.0737724609e+03
-2.0406474609e+03
-2.0856452637e+03
-2.0856452637e+03
-2.0406475830e+03
-2.0737724609e+03
-2.0425301514e+03
-2.0070642090e+03
-2.0508681641e+03
-2.0508681641e+03
-2.0070642090e+03
-2.0425301514e+03
-1.9749731445e+03
-1.9373403320e+03
-1.9789316406e+03
-1.9789316406e+03
-1.9373403320e+03
-1.9749731445e+03
-2.0017224121e+03
-1.9713577881e+03
-2.0126281738e+03
-2.0126281738e+03
-1.9713579102e+03
-2.0017224121e+03
-2.0682695312e+03
-2.0787661133e+03
-2.0583720703e+03
-2.0583720703e+03
-2.0787661133e+03
-2.0682695312e+03
-2.0955541992e+03
-2.1052937012e+03
-2.0822331543e+03
-2.0822331543e+03
-2.1052937012e+03
-2.0955541992e+03
-2.0714638672e+03
-2.0772170410e+03
-2.0538916016e+03
-2.0538916016e+03
-2.0772167969e+03
-2.0714638672e+03
-2.0792937012e+03
-2.0829394531e+03
-2.0598789062e+03
-2.0598789062e+03
-2.0829394531e+03
-2.0792937012e+03
-2.0827543945e+03
-2.0855400391e+03
-2.0625646973e+03
-2.0625644531e+03
-2.0855400391e+03
-2.0827543945e+03
-2.0829973145e+03
-2.0852905273e+03
-2.0623964844e+03
-2.0623964844e+03
-2.0852905273e+03
-2.0829973145e+03
-2.0774279785e+03
-2.0796877441e+03
-2.0568513184e+03
-2.0568513184e+03
-2.0796877441e+03
-2.0774279785e+03
-2.0660410156e+03
-2.0687221680e+03
-2.0459185791e+03
-2.0459185791e+03
-2.0687221680e+03
-2.0660407715e+03
-2.0513466797e+03
-2.0547995605e+03
-2.0320239258e+03
-2.0320239258e+03
-2.0547995605e+03
-2.0513466797e+03
-2.0321757812e+03
-2.0376342773e+03
-2.0146994629e+03
-2.0146994629e+03
-2.0376342773e+03
-2.0321757812e+03
-2.0441174316e+03
-2.0532812500e+03
-2.0307161865e+03
-2.0307161865e+03
-2.0532812500e+03
-2.0441174316e+03
-2.0057855225e+03
-2.0158416748e+03
-1.9959848633e+03
-1.9959848633e+03
-2.0158415527e+03
-2.0057854004e+03
-2.0958620605e+03
-2.0868227539e+03
-2.0937119141e+03
-2.0937119141e+03
-2.0868227539e+03
-2.0958620605e+03
-2.0735017090e+03
-2.0669494629e+03
-2.0756164551e+03
-2.0756164551e+03
-2.0669494629e+03
-2.0735017090e+03
-2.0850698242e+03
-2.0799416504e+03
-2.0874165039e+03
-2.0874165039e+03
-2.0799416504e+03
-2.0850698242e+03
-2.0744812012e+03
-2.0691435547e+03
-2.0758164062e+03
-2.0758164062e+03
-2.0691435547e+03
-2.0744812012e+03
-2.0700046387e+03
-2.0641977539e+03
-2.0705126953e+03
-2.0705126953e+03
-2.0641979980e+03
-2.0700046387e+03
-2.0649113770e+03
-2.0589296875e+03
-2.0650671387e+03
-2.0650671387e+03
-2.0589296875e+03
-2.0649113770e+03
-2.0596857910e+03
-2.0537058105e+03
-2.0598159180e+03
-2.0598159180e+03
-2.0537058105e+03
-2.0596857910e+03
-2.0542861328e+03
-2.0484851074e+03
-2.0547141113e+03
-2.0547141113e+03
-2.0484851074e+03
-2.0542861328e+03
-2.0482160645e+03
-2.0428797607e+03
-2.0494050293e+03
-2.0494050293e+03
-2.0428797607e+03
-2.0482160645e+03
-2.0480498047e+03
-2.0429250488e+03
-2.0501599121e+03
-2.0501599121e+03
-2.0429250488e+03
-2.0480498047e+03
-2.0262276611e+03
-2.0196506348e+03
-2.0280656738e+03
-2.0280656738e+03
-2.0196506348e+03
-2.0262276611e+03
-2.0369556885e+03
-2.0281130371e+03
-2.0348129883e+03
-2.0348129883e+03
-2.0281130371e+03
-2.0369556885e+03
-2.0826853027e+03
-2.0891777344e+03
-2.0855991211e+03
-2.0855991211e+03
-2.0891777344e+03
-2.0826853027e+03
-2.0859313965e+03
-2.0897878418e+03
-2.0857036133e+03
-2.0857036133e+03
-2.0897878418e+03
-2.0859313965e+03
-2.0701989746e+03
-2.0731979980e+03
-2.0704157715e+03
-2.0704157715e+03
-2.0731977539e+03
-2.0701989746e+03
-2.0705324707e+03
-2.0737932129e+03
-2.0712639160e+03
-2.0712639160e+03
-2.0737932129e+03
-2.0705324707e+03
-2.0648586426e+03
-2.0682714844e+03
-2.0657438965e+03
-2.0657438965e+03
-2.0682714844e+03
-2.0648586426e+03
-2.0601232910e+03
-2.0635288086e+03
-2.0609909668e+03
-2.0609909668e+03
-2.0635288086e+03
-2.0601232910e+03
-2.0553432617e+03
-2.0587299805e+03
-2.0561936035e+03
-2.0561936035e+03
-2.0587299805e+03
-2.0553432617e+03
-2.0505197754e+03
-2.0538759766e+03
-2.0513530273e+03
-2.0513530273e+03
-2.0538759766e+03
-2.0505197754e+03
-2.0465852051e+03
-2.0497438965e+03
-2.0472222900e+03
-2.0472222900e+03
-2.0497438965e+03
-2.0465852051e+03
-2.0367020264e+03
-2.0395672607e+03
-2.0368012695e+03
-2.0368012695e+03
-2.0395672607e+03
-2.0367020264e+03
-2.0423623047e+03
-2.0459316406e+03
-2.0419412842e+03
-2.0419412842e+03
-2.0459316406e+03
-2.0423623047e+03
-2.0292878418e+03
-2.0355360107e+03
-2.0320820312e+03
-2.0320820312e+03
-2.0355360107e+03
-2.0292878418e+03
-2.0866833496e+03
-2.0833208008e+03
-2.0857529297e+03
-2.0857529297e+03
-2.0833208008e+03
-2.0866833496e+03
-2.0759628906e+03
-2.0751054688e+03
-2.0774804688e+03
-2.0774804688e+03
-2.0751054688e+03
-2.0759628906e+03
-2.0778422852e+03
-2.0770895996e+03
-2.0784526367e+03
-2.0784526367e+03
-2.0770895996e+03
-2.0778422852e+03
-2.0691101074e+03
-2.0680207520e+03
-2.0693789062e+03
-2.0693789062e+03
-2.0680207520e+03
-2.0691101074e+03
-2.0657734375e+03
-2.0646052246e+03
-2.0660163574e+03
-2.0660163574e+03
-2.0646052246e+03
-2.0657734375e+03
-2.0613598633e+03
-2.0602153320e+03
-2.0616320801e+03
-2.0616320801e+03
-2.0602153320e+03
-2.0613598633e+03
-2.0571184082e+03
-2.0559682617e+03
-2.0573762207e+03
-2.0573762207e+03
-2.0559682617e+03
-2.0571184082e+03
-2.0530239258e+03
-2.0518378906e+03
-2.0532216797e+03
-2.0532216797e+03
-2.0518378906e+03
-2.0530239258e+03
-2.0478385010e+03
-2.0467109375e+03
-2.0480244141e+03
-2.0480244141e+03
-2.0467109375e+03
-2.0478385010e+03
-2.0478404541e+03
-2.0470224609e+03
-2.0483054199e+03
-2.0483054199e+03
-2.0470224609e+03
-2.0478404541e+03
-2.0374792480e+03
-2.0364725342e+03
-2.0387657471e+03
-2.0387657471e+03
-2.0364725342e+03
-2.0374792480e+03
-2.0389731445e+03
-2.0356561279e+03
-2.0380350342e+03
-2.0380350342e+03
-2.0356561279e+03
-2.0389731445e+03
-2.0784023438e+03
-2.0806989746e+03
-2.0792358398e+03
-2.0792358398e+03
-2.0806989746e+03
-2.0784023438e+03
-2.0783964844e+03
-2.0786877441e+03
-2.0775649414e+03
-2.0775649414e+03
-2.0786877441e+03
-2.0783964844e+03
-2.0702065430e+03
-2.0706445312e+03
-2.0702446289e+03
-2.0702446289e+03
-2.0706445312e+03
-2.0702065430e+03
-2.0693789062e+03
-2.0700539551e+03
-2.0695024414e+03
-2.0695024414e+03
-2.0700539551e+03
-2.0693789062e+03
-2.0644926758e+03
-2.0651608887e+03
-2.0645473633e+03
-2.0645473633e+03
-2.0651608887e+03
-2.0644926758e+03
-2.0609382324e+03
-2.0615463867e+03
-2.0609384766e+03
-2.0609384766e+03
-2.0615463867e+03
-2.0609382324e+03
-2.0572880859e+03
-2.0578854980e+03
-2.0572749023e+03
-2.0572749023e+03
-2.0578854980e+03
-2.0572880859e+03
-2.0535397949e+03
-2.0541765137e+03
-2.0535529785e+03
-2.0535529785e+03
-2.0541765137e+03
-2.0535397949e+03
-2.0510615234e+03
-2.0516757812e+03
-2.0511049805e+03
-2.0511049805e+03
-2.0516757812e+03
-2.0510615234e+03
-2.0445721436e+03
-2.0449343262e+03
-2.0445001221e+03
-2.0445001221e+03
-2.0449343262e+03
-2.0445721436e+03
-2.0451563721e+03
-2.0452875977e+03
-2.0441795654e+03
-2.0441795654e+03
-2.0452875977e+03
-2.0451563721e+03
-2.0375454102e+03
-2.0397150879e+03
-2.0383067627e+03
-2.0383067627e+03
-2.0397150879e+03
-2.0375454102e+03
-2.0775720215e+03
-2.0759792480e+03
-2.0769355469e+03
-2.0769355469e+03
-2.0759792480e+03
-2.0775720215e+03
-2.0717077637e+03
-2.0718044434e+03
-2.0723637695e+03
-2.0723637695e+03
-2.0718044434e+03
-2.0717077637e+03
-2.0716169434e+03
-2.0713608398e+03
-2.0714750977e+03
-2.0714750977e+03
-2.0713608398e+03
-2.0716169434e+03
-2.0664133301e+03
-2.0660302734e+03
-2.0663225098e+03
-2.0663225098e+03
-2.0660302734e+03
-2.0664133301e+03
-2.0643527832e+03
-2.0639750977e+03
-2.0643032227e+03
-2.0643032227e+03
-2.0639750977e+03
-2.0643527832e+03
-2.0611188965e+03
-2.0608059082e+03
-2.0610935059e+03
-2.0610935059e+03
-2.0608059082e+03
-2.0611188965e+03
-2.0581259766e+03
-2.0578076172e+03
-2.0580905762e+03
-2.0580905762e+03
-2.0578076172e+03
-2.0581259766e+03
-2.0553559570e+03
-2.0549606934e+03
-2.0552736816e+03
-2.0552736816e+03
-2.0549606934e+03
-2.0553559570e+03
-2.0514162598e+03
-2.0510004883e+03
-2.0512690430e+03
-2.0512690430e+03
-2.0510004883e+03
-2.0514162598e+03
-2.0504785156e+03
-2.0501699219e+03
-2.0502465820e+03
-2.0502465820e+03
-2.0501699219e+03
-2.0504785156e+03
-2.0445408936e+03
-2.0445087891e+03
-2.0450375977e+03
-2.0450375977e+03
-2.0445087891e+03
-2.0445408936e+03
-2.0439488525e+03
-2.0423625488e+03
-2.0432988281e+03
-2.0432988281e+03
-2.0423625488e+03
-2.0439488525e+03
-2.0714682617e+03
-2.0726052246e+03
-2.0719201660e+03
-2.0719201660e+03
-2.0726052246e+03
-2.0714682617e+03
-2.0709724121e+03
-2.0708513184e+03
-2.0705649414e+03
-2.0705649414e+03
-2.0708513184e+03
-2.0709724121e+03
-2.0665456543e+03
-2.0667692871e+03
-2.0667736816e+03
-2.0667736816e+03
-2.0667692871e+03
-2.0665456543e+03
-2.0657924805e+03
-2.0660290527e+03
-2.0658569336e+03
-2.0658569336e+03
-2.0660290527e+03
-2.0657924805e+03
-2.0626857910e+03
-2.0629394531e+03
-2.0627375488e+03
-2.0627375488e+03
-2.0629394531e+03
-2.0626857910e+03
-2.0606494141e+03
-2.0608024902e+03
-2.0606645508e+03
-2.0606645508e+03
-2.0608024902e+03
-2.0606494141e+03
-2.0583559570e+03
-2.0585029297e+03
-2.0583625488e+03
-2.0583625488e+03
-2.0585029297e+03
-2.0583559570e+03
-2.0558068848e+03
-2.0560429688e+03
-2.0558337402e+03
-2.0558337402e+03
-2.0560429688e+03
-2.0558068848e+03
-2.0542805176e+03
-2.0544812012e+03
-2.0542954102e+03
-2.0542954102e+03
-2.0544812012e+03
-2.0542805176e+03
-2.0504294434e+03
-2.0506062012e+03
-2.0505827637e+03
-2.0505827637e+03
-2.0506062012e+03
-2.0504294434e+03
-2.0500966797e+03
-2.0498850098e+03
-2.0495961914e+03
-2.0495961914e+03
-2.0498850098e+03
-2.0500966797e+03
-2.0457860107e+03
-2.0468533936e+03
-2.0461964111e+03
-2.0461964111e+03
-2.0468533936e+03
-2.0457860107e+03
-2.0688601074e+03
-2.0680698242e+03
-2.0685488281e+03
-2.0685488281e+03
-2.0680698242e+03
-2.0688601074e+03
-2.0658208008e+03
-2.0660480957e+03
-2.0662033691e+03
-2.0662033691e+03
-2.0660480957e+03
-2.0658208008e+03
-2.0657568359e+03
-2.0655937500e+03
-2.0655815430e+03
-2.0655815430e+03
-2.0655937500e+03
-2.0657568359e+03
-2.0630139160e+03
-2.0629191895e+03
-2.0630434570e+03
-2.0630434570e+03
-2.0629191895e+03
-2.0630139160e+03
-2.0621308594e+03
-2.0619375000e+03
-2.0620922852e+03
-2.0620922852e+03
-2.0619375000e+03
-2.0621308594e+03
-2.0603027344e+03
-2.0602521973e+03
-2.0602998047e+03
-2.0602998047e+03
-2.0602521973e+03
-2.0603024902e+03
-2.0587487793e+03
-2.0586958008e+03
-2.0587409668e+03
-2.0587409668e+03
-2.0586958008e+03
-2.0587487793e+03
-2.0574562988e+03
-2.0572529297e+03
-2.0573999023e+03
-2.0573999023e+03
-2.0572529297e+03
-2.0574562988e+03
-2.0552282715e+03
-2.0551157227e+03
-2.0552275391e+03
-2.0552275391e+03
-2.0551157227e+03
-2.0552282715e+03
-2.0547802734e+03
-2.0545908203e+03
-2.0545610352e+03
-2.0545610352e+03
-2.0545908203e+03
-2.0547802734e+03
-2.0517116699e+03
-2.0518669434e+03
-2.0520107422e+03
-2.0520107422e+03
-2.0518669434e+03
-2.0517116699e+03
-2.0514008789e+03
-2.0506132812e+03
-2.0510825195e+03
-2.0510825195e+03
-2.0506132812e+03
-2.0514008789e+03
-2.0634924316e+03
-2.0640751953e+03
-2.0637304688e+03
-2.0637304688e+03
-2.0640751953e+03
-2.0634924316e+03
-2.0636906738e+03
-2.0635153809e+03
-2.0634353027e+03
-2.0634353027e+03
-2.0635153809e+03
-2.0636906738e+03
-2.0617458496e+03
-2.0619204102e+03
-2.0619528809e+03
-2.0619528809e+03
-2.0619204102e+03
-2.0617458496e+03
-2.0618706055e+03
-2.0618811035e+03
-2.0618039551e+03
-2.0618039551e+03
-2.0618811035e+03
-2.0618706055e+03
-2.0604755859e+03
-2.0606804199e+03
-2.0605432129e+03
-2.0605432129e+03
-2.0606804199e+03
-2.0604755859e+03
-2.0599782715e+03
-2.0599426270e+03
-2.0599682617e+03
-2.0599682617e+03
-2.0599426270e+03
-2.0599782715e+03
-2.0591848145e+03
-2.0591462402e+03
-2.0591711426e+03
-2.0591711426e+03
-2.0591462402e+03
-2.0591848145e+03
-2.0580993652e+03
-2.0582980957e+03
-2.0581586914e+03
-2.0581586914e+03
-2.0582980957e+03
-2.0580993652e+03
-2.0578850098e+03
-2.0578833008e+03
-2.0578020020e+03
-2.0578020020e+03
-2.0578833008e+03
-2.0578850098e+03
-2.0561777344e+03
-2.0563344727e+03
-2.0563566895e+03
-2.0563566895e+03
-2.0563344727e+03
-2.0561777344e+03
-2.0564648438e+03
-2.0562624512e+03
-2.0561806641e+03
-2.0561806641e+03
-2.0562624512e+03
-2.0564648438e+03
-2.0546147461e+03
-2.0551674805e+03
-2.0548359375e+03
-2.0548359375e+03
-2.0551674805e+03
-2.0546147461e+03
-2.0599570312e+03
-2.0595390625e+03
-2.0597832031e+03
-2.0597832031e+03
-2.0595390625e+03
-2.0599570312e+03
-2.0591623535e+03
-2.0593403320e+03
-2.0593867188e+03
-2.0593867188e+03
-2.0593403320e+03
-2.0591623535e+03
-2.0600424805e+03
-2.0598706055e+03
-2.0598393555e+03
-2.0598393555e+03
-2.0598706055e+03
-2.0600424805e+03
-2.0592377930e+03
-2.0593264160e+03
-2.0593750000e+03
-2.0593750000e+03
-2.0593264160e+03
-2.0592377930e+03
-2.0598107910e+03
-2.0595524902e+03
-2.0597080078e+03
-2.0597080078e+03
-2.0595524902e+03
-2.0598107910e+03
-2.0594501953e+03
-2.0595830078e+03
-2.0594785156e+03
-2.0594785156e+03
-2.0595830078e+03
-2.0594501953e+03
-2.0594323730e+03
-2.0595661621e+03
-2.0594616699e+03
-2.0594616699e+03
-2.0595661621e+03
-2.0594323730e+03
-2.0597517090e+03
-2.0594938965e+03
-2.0596486816e+03
-2.0596486816e+03
-2.0594938965e+03
-2.0597517090e+03
-2.0591530762e+03
-2.0592421875e+03
-2.0592897949e+03
-2.0592897949e+03
-2.0592421875e+03
-2.0591530762e+03
-2.0599006348e+03
-2.0597314453e+03
-2.0597006836e+03
-2.0597006836e+03
-2.0597314453e+03
-2.0599006348e+03
-2.0590097656e+03
-2.0591816406e+03
-2.0592270508e+03
-2.0592270508e+03
-2.0591816406e+03
-2.0590097656e+03
-2.0597414551e+03
-2.0593361816e+03
-2.0595729980e+03
-2.0595729980e+03
-2.0593361816e+03
-2.0597414551e+03
-2.0550185547e+03
-2.0553183594e+03
-2.0551459961e+03
-2.0551459961e+03
-2.0553183594e+03
-2.0550185547e+03
-2.0564309082e+03
-2.0562497559e+03
-2.0562192383e+03
-2.0562192383e+03
-2.0562497559e+03
-2.0564309082e+03
-2.0564638672e+03
-2.0566452637e+03
-2.0566760254e+03
-2.0566760254e+03
-2.0566452637e+03
-2.0564638672e+03
-2.0579858398e+03
-2.0577836914e+03
-2.0577556152e+03
-2.0577556152e+03
-2.0577836914e+03
-2.0579858398e+03
-2.0580910645e+03
-2.0584599609e+03
-2.0582517090e+03
-2.0582517090e+03
-2.0584599609e+03
-2.0580910645e+03
-2.0592927246e+03
-2.0590227051e+03
-2.0592348633e+03
-2.0592348633e+03
-2.0590227051e+03
-2.0592927246e+03
-2.0600485840e+03
-2.0597792969e+03
-2.0599921875e+03
-2.0599921875e+03
-2.0597792969e+03
-2.0600485840e+03
-2.0603654785e+03
-2.0607387695e+03
-2.0605344238e+03
-2.0605344238e+03
-2.0607387695e+03
-2.0603654785e+03
-2.0617719727e+03
-2.0615805664e+03
-2.0615585938e+03
-2.0615585938e+03
-2.0615805664e+03
-2.0617719727e+03
-2.0618005371e+03
-2.0619941406e+03
-2.0620332031e+03
-2.0620332031e+03
-2.0619941406e+03
-2.0618005371e+03
-2.0632963867e+03
-2.0631518555e+03
-2.0631252441e+03
-2.0631252441e+03
-2.0631518555e+03
-2.0632963867e+03
-2.0635109863e+03
-2.0638132324e+03
-2.0636437988e+03
-2.0636437988e+03
-2.0638132324e+03
-2.0635109863e+03
-2.0511862793e+03
-2.0509484863e+03
-2.0510747070e+03
-2.0510747070e+03
-2.0509484863e+03
-2.0511862793e+03
-2.0523264160e+03
-2.0524504395e+03
-2.0524658203e+03
-2.0524658203e+03
-2.0524504395e+03
-2.0523264160e+03
-2.0545520020e+03
-2.0543151855e+03
-2.0542646484e+03
-2.0542646484e+03
-2.0543151855e+03
-2.0545520020e+03
-2.0552885742e+03
-2.0556110840e+03
-2.0556147461e+03
-2.0556147461e+03
-2.0556110840e+03
-2.0552885742e+03
-2.0576508789e+03
-2.0570749512e+03
-2.0573693848e+03
-2.0573693848e+03
-2.0570749512e+03
-2.0576508789e+03
-2.0585424805e+03
-2.0590202637e+03
-2.0586345215e+03
-2.0586345215e+03
-2.0590202637e+03
-2.0585424805e+03
-2.0600610352e+03
-2.0605434570e+03
-2.0601601562e+03
-2.0601601562e+03
-2.0605434570e+03
-2.0600610352e+03
-2.0622084961e+03
-2.0616447754e+03
-2.0619445801e+03
-2.0619445801e+03
-2.0616447754e+03
-2.0622084961e+03
-2.0629106445e+03
-2.0632524414e+03
-2.0632658691e+03
-2.0632658691e+03
-2.0632524414e+03
-2.0629106445e+03
-2.0652438965e+03
-2.0650383301e+03
-2.0650065918e+03
-2.0650065918e+03
-2.0650383301e+03
-2.0652438965e+03
-2.0661411133e+03
-2.0663256836e+03
-2.0663481445e+03
-2.0663481445e+03
-2.0663256836e+03
-2.0661411133e+03
-2.0682158203e+03
-2.0680070801e+03
-2.0681247559e+03
-2.0681247559e+03
-2.0680070801e+03
-2.0682158203e+03
-2.0467080078e+03
-2.0468640137e+03
-2.0467791748e+03
-2.0467791748e+03
-2.0468640137e+03
-2.0467080078e+03
-2.0495034180e+03
-2.0493015137e+03
-2.0492846680e+03
-2.0492846680e+03
-2.0493015137e+03
-2.0495034180e+03
-2.0511738281e+03
-2.0514228516e+03
-2.0514550781e+03
-2.0514550781e+03
-2.0514228516e+03
-2.0511738281e+03
-2.0544331055e+03
-2.0539003906e+03
-2.0538881836e+03
-2.0538881836e+03
-2.0539003906e+03
-2.0544331055e+03
-2.0555463867e+03
-2.0564338379e+03
-2.0559892578e+03
-2.0559892578e+03
-2.0564338379e+03
-2.0555463867e+03
-2.0587746582e+03
-2.0579372559e+03
-2.0586130371e+03
-2.0586130371e+03
-2.0579372559e+03
-2.0587746582e+03
-2.0610322266e+03
-2.0601989746e+03
-2.0608764648e+03
-2.0608764648e+03
-2.0601989746e+03
-2.0610322266e+03
-2.0623283691e+03
-2.0632290039e+03
-2.0627946777e+03
-2.0627946777e+03
-2.0632290039e+03
-2.0623283691e+03
-2.0657478027e+03
-2.0652478027e+03
-2.0652514648e+03
-2.0652514648e+03
-2.0652478027e+03
-2.0657478027e+03
-2.0670803223e+03
-2.0673701172e+03
-2.0674291992e+03
-2.0674291992e+03
-2.0673701172e+03
-2.0670803223e+03
-2.0700175781e+03
-2.0699138184e+03
-2.0699074707e+03
-2.0699074707e+03
-2.0699138184e+03
-2.0700175781e+03
-2.0720290527e+03
-2.0722138672e+03
-2.0721245117e+03
-2.0721245117e+03
-2.0722138672e+03
-2.0720290527e+03
-2.0430184326e+03
-2.0428548584e+03
-2.0429183350e+03
-2.0429183350e+03
-2.0428548584e+03
-2.0430184326e+03
-2.0458448486e+03
-2.0459379883e+03
-2.0459291992e+03
-2.0459291992e+03
-2.0459379883e+03
-2.0458448486e+03
-2.0495410156e+03
-2.0491748047e+03
-2.0491110840e+03
-2.0491110840e+03
-2.0491748047e+03
-2.0495410156e+03
-2.0513217773e+03
-2.0520629883e+03
-2.0520661621e+03
-2.0520661621e+03
-2.0520629883e+03
-2.0513217773e+03
-2.0560200195e+03
-2.0545886230e+03
-2.0552177734e+03
-2.0552177734e+03
-2.0545886230e+03
-2.0560200195e+03
-2.0574321289e+03
-2.0588779297e+03
-2.0576779785e+03
-2.0576779785e+03
-2.0588779297e+03
-2.0574321289e+03
-2.0603908691e+03
-2.0618442383e+03
-2.0606494141e+03
-2.0606494141e+03
-2.0618442383e+03
-2.0603908691e+03
-2.0649040527e+03
-2.0634970703e+03
-2.0641372070e+03
-2.0641372070e+03
-2.0634970703e+03
-2.0649040527e+03
-2.0661696777e+03
-2.0669484863e+03
-2.0669716797e+03
-2.0669716797e+03
-2.0669484863e+03
-2.0661696777e+03
-2.0703872070e+03
-2.0700793457e+03
-2.0700512695e+03
-2.0700512695e+03
-2.0700793457e+03
-2.0703872070e+03
-2.0727568359e+03
-2.0729726562e+03
-2.0729782715e+03
-2.0729782715e+03
-2.0729726562e+03
-2.0727568359e+03
-2.0762158203e+03
-2.0760998535e+03
-2.0761520996e+03
-2.0761520996e+03
-2.0760998535e+03
-2.0762158203e+03
-2.0391168213e+03
-2.0392031250e+03
-2.0391732178e+03
-2.0391732178e+03
-2.0392031250e+03
-2.0391168213e+03
-2.0432663574e+03
-2.0430131836e+03
-2.0430201416e+03
-2.0430201416e+03
-2.0430131836e+03
-2.0432663574e+03
-2.0462932129e+03
-2.0466635742e+03
-2.0466618652e+03
-2.0466618652e+03
-2.0466635742e+03
-2.0462932129e+03
-2.0515830078e+03
-2.0504653320e+03
-2.0504062500e+03
-2.0504062500e+03
-2.0504653320e+03
-2.0515830078e+03
-2.0526247559e+03
-2.0548371582e+03
-2.0539531250e+03
-2.0539531250e+03
-2.0548371582e+03
-2.0526247559e+03
-2.0588378906e+03
-2.0562624512e+03
-2.0583874512e+03
-2.0583874512e+03
-2.0562624512e+03
-2.0588378906e+03
-2.0624541016e+03
-2.0598867188e+03
-2.0620139160e+03
-2.0620139160e+03
-2.0598867188e+03
-2.0624541016e+03
-2.0634870605e+03
-2.0657197266e+03
-2.0648513184e+03
-2.0648513184e+03
-2.0657197266e+03
-2.0634870605e+03
-2.0697094727e+03
-2.0686440430e+03
-2.0686105957e+03
-2.0686105957e+03
-2.0686440430e+03
-2.0697094727e+03
-2.0717658691e+03
-2.0722033691e+03
-2.0722453613e+03
-2.0722453613e+03
-2.0722033691e+03
-2.0717658691e+03
-2.0761320801e+03
-2.0760334473e+03
-2.0760573730e+03
-2.0760573730e+03
-2.0760334473e+03
-2.0761320801e+03
-2.0796743164e+03
-2.0798120117e+03
-2.0797722168e+03
-2.0797722168e+03
-2.0798120117e+03
-2.0796743164e+03
-2.0359053955e+03
-2.0358264160e+03
-2.0358809814e+03
-2.0358809814e+03
-2.0358264160e+03
-2.0359053955e+03
-2.0401546631e+03
-2.0403029785e+03
-2.0402896729e+03
-2.0402896729e+03
-2.0403029785e+03
-2.0401546631e+03
-2.0451965332e+03
-2.0446934814e+03
-2.0447393799e+03
-2.0447393799e+03
-2.0446934814e+03
-2.0451965332e+03
-2.0474106445e+03
-2.0488813477e+03
-2.0489719238e+03
-2.0489719238e+03
-2.0488813477e+03
-2.0474106445e+03
-2.0556027832e+03
-2.0521647949e+03
-2.0532683105e+03
-2.0532683105e+03
-2.0521647949e+03
-2.0556027832e+03
-2.0554089355e+03
-2.0600395508e+03
-2.0562722168e+03
-2.0562722168e+03
-2.0600395508e+03
-2.0554089355e+03
-2.0596215820e+03
-2.0642607422e+03
-2.0605024414e+03
-2.0605024414e+03
-2.0642607422e+03
-2.0596215820e+03
-2.0682509766e+03
-2.0648483887e+03
-2.0659689941e+03
-2.0659689941e+03
-2.0648483887e+03
-2.0682509766e+03
-2.0685476074e+03
-2.0700725098e+03
-2.0701916504e+03
-2.0701916504e+03
-2.0700725098e+03
-2.0685476074e+03
-2.0748789062e+03
-2.0744575195e+03
-2.0745534668e+03
-2.0745534668e+03
-2.0744575195e+03
-2.0748789062e+03
-2.0784645996e+03
-2.0787893066e+03
-2.0787961426e+03
-2.0787961426e+03
-2.0787893066e+03
-2.0784645996e+03
-2.0831677246e+03
-2.0831530762e+03
-2.0831933594e+03
-2.0831933594e+03
-2.0831530762e+03
-2.0831677246e+03
-2.0331888428e+03
-2.0330086670e+03
-2.0328254395e+03
-2.0328254395e+03
-2.0330086670e+03
-2.0331888428e+03
-2.0384713135e+03
-2.0380152588e+03
-2.0379071045e+03
-2.0379071045e+03
-2.0380152588e+03
-2.0384713135e+03
-2.0424259033e+03
-2.0429910889e+03
-2.0427269287e+03
-2.0427269287e+03
-2.0429910889e+03
-2.0424259033e+03
-2.0495021973e+03
-2.0477124023e+03
-2.0476501465e+03
-2.0476501465e+03
-2.0477124023e+03
-2.0495021973e+03
-2.0481816406e+03
-2.0534736328e+03
-2.0523945312e+03
-2.0523945312e+03
-2.0534736328e+03
-2.0481816406e+03
-2.0604479980e+03
-2.0522297363e+03
-2.0589182129e+03
-2.0589182129e+03
-2.0522297363e+03
-2.0604479980e+03
-2.0651943359e+03
-2.0569892578e+03
-2.0636784668e+03
-2.0636784668e+03
-2.0569892578e+03
-2.0651943359e+03
-2.0624406738e+03
-2.0677595215e+03
-2.0666982422e+03
-2.0666982422e+03
-2.0677595215e+03
-2.0624406738e+03
-2.0732983398e+03
-2.0715749512e+03
-2.0715454102e+03
-2.0715454102e+03
-2.0715749512e+03
-2.0732983398e+03
-2.0758579102e+03
-2.0765119629e+03
-2.0763051758e+03
-2.0763051758e+03
-2.0765119629e+03
-2.0758579102e+03
-2.0816108398e+03
-2.0813554688e+03
-2.0812697754e+03
-2.0812697754e+03
-2.0813554688e+03
-2.0816108398e+03
-2.0864167480e+03
-2.0863059082e+03
-2.0861083984e+03
-2.0861083984e+03
-2.0863059082e+03
-2.0864167480e+03
-2.0319392090e+03
-2.0315639648e+03
-2.0315534668e+03
-2.0315534668e+03
-2.0315639648e+03
-2.0319392090e+03
-2.0367137451e+03
-2.0363803711e+03
-2.0361486816e+03
-2.0361486816e+03
-2.0363803711e+03
-2.0367137451e+03
-2.0424136963e+03
-2.0407489014e+03
-2.0405603027e+03
-2.0405603027e+03
-2.0407489014e+03
-2.0424136963e+03
-2.0447346191e+03
-2.0458144531e+03
-2.0447775879e+03
-2.0447775879e+03
-2.0458144531e+03
-2.0447346191e+03
-2.0581086426e+03
-2.0497734375e+03
-2.0495524902e+03
-2.0495524902e+03
-2.0497734375e+03
-2.0581086426e+03
-2.0498859863e+03
-2.0641545410e+03
-2.0521386719e+03
-2.0521386719e+03
-2.0641545410e+03
-2.0498859863e+03
-2.0550874023e+03
-2.0693642578e+03
-2.0573610840e+03
-2.0573610840e+03
-2.0693642578e+03
-2.0550874023e+03
-2.0737238770e+03
-2.0654296875e+03
-2.0652341309e+03
-2.0652341309e+03
-2.0654296875e+03
-2.0737238770e+03
-2.0708254395e+03
-2.0719746094e+03
-2.0709755859e+03
-2.0709755859e+03
-2.0719746094e+03
-2.0708254395e+03
-2.0790607910e+03
-2.0774960938e+03
-2.0773701172e+03
-2.0773701172e+03
-2.0774960938e+03
-2.0790607910e+03
-2.0840073242e+03
-2.0838933105e+03
-2.0836867676e+03
-2.0836867676e+03
-2.0838933105e+03
-2.0840073242e+03
-2.0902866211e+03
-2.0899890137e+03
-2.0899614258e+03
-2.0899614258e+03
-2.0899890137e+03
-2.0902866211e+03
-2.0295958252e+03
-2.0307733154e+03
-2.0319461670e+03
-2.0319461670e+03
-2.0307733154e+03
-2.0295958252e+03
-2.0344786377e+03
-2.0350721436e+03
-2.0361177979e+03
-2.0361177979e+03
-2.0350721436e+03
-2.0344786377e+03
-2.0382636719e+03
-2.0402095947e+03
-2.0411322021e+03
-2.0411322021e+03
-2.0402095947e+03
-2.0382636719e+03
-2.0458964844e+03
-2.0439356689e+03
-2.0466517334e+03
-2.0466517334e+03
-2.0439356689e+03
-2.0458964844e+03
-2.0409782715e+03
-2.0496520996e+03
-2.0511782227e+03
-2.0511782227e+03
-2.0496520996e+03
-2.0409782715e+03
-2.0699997559e+03
-2.0415097656e+03
-2.0590747070e+03
-2.0590747070e+03
-2.0415097656e+03
-2.0699997559e+03
-2.0755754395e+03
-2.0471021729e+03
-2.0646694336e+03
-2.0646694336e+03
-2.0471021729e+03
-2.0755754395e+03
-2.0577277832e+03
-2.0664414062e+03
-2.0679846191e+03
-2.0679846191e+03
-2.0664414062e+03
-2.0577277832e+03
-2.0738613281e+03
-2.0719770508e+03
-2.0747282715e+03
-2.0747282715e+03
-2.0719770508e+03
-2.0738613281e+03
-2.0775458984e+03
-2.0795976562e+03
-2.0805859375e+03
-2.0805859375e+03
-2.0795976562e+03
-2.0775458984e+03
-2.0851726074e+03
-2.0860004883e+03
-2.0870720215e+03
-2.0870720215e+03
-2.0860004883e+03
-2.0851726074e+03
-2.0921445312e+03
-2.0934040527e+03
-2.0945593262e+03
-2.0945593262e+03
-2.0934040527e+03
-2.0921445312e+03
-2.0226275635e+03
-2.0247154541e+03
-2.0265333252e+03
-2.0265333252e+03
-2.0247154541e+03
-2.0226275635e+03
-2.0271079102e+03
-2.0307628174e+03
-2.0332313232e+03
-2.0332313232e+03
-2.0307628174e+03
-2.0271079102e+03
-2.0324075928e+03
-2.0385314941e+03
-2.0431204834e+03
-2.0431204834e+03
-2.0385314941e+03
-2.0324075928e+03
-2.0337303467e+03
-2.0493828125e+03
-2.0542268066e+03
-2.0542268066e+03
-2.0493828125e+03
-2.0337303467e+03
-2.0470931396e+03
-2.0552182617e+03
-2.0673259277e+03
-2.0673259277e+03
-2.0552182617e+03
-2.0470931396e+03
-2.0110280762e+03
-2.0776550293e+03
-2.0743376465e+03
-2.0743376465e+03
-2.0776550293e+03
-2.0110280762e+03
-2.0168883057e+03
-2.0835285645e+03
-2.0802141113e+03
-2.0802141113e+03
-2.0835283203e+03
-2.0168883057e+03
-2.0646965332e+03
-2.0728530273e+03
-2.0849804688e+03
-2.0849804688e+03
-2.0728530273e+03
-2.0646965332e+03
-2.0631240234e+03
-2.0788476562e+03
-2.0837285156e+03
-2.0837285156e+03
-2.0788476562e+03
-2.0631240234e+03
-2.0737021484e+03
-2.0799284668e+03
-2.0845834961e+03
-2.0845834961e+03
-2.0799284668e+03
-2.0737021484e+03
-2.0804006348e+03
-2.0842980957e+03
-2.0867917480e+03
-2.0867917480e+03
-2.0842980957e+03
-2.0804006348e+03
-2.0883842773e+03
-2.0905612793e+03
-2.0923623047e+03
-2.0923623047e+03
-2.0905612793e+03
-2.0883842773e+03
-2.0107482910e+03
-2.0094954834e+03
-2.0080479736e+03
-2.0080479736e+03
-2.0094954834e+03
-2.0107482910e+03
-2.0169656982e+03
-2.0193776855e+03
-2.0210994873e+03
-2.0210994873e+03
-2.0193776855e+03
-2.0169656982e+03
-2.0216202393e+03
-2.0313121338e+03
-2.0351524658e+03
-2.0351524658e+03
-2.0313121338e+03
-2.0216202393e+03
-2.0312288818e+03
-2.0450460205e+03
-2.0518273926e+03
-2.0518273926e+03
-2.0450460205e+03
-2.0312288818e+03
-2.0345870361e+03
-2.0752863770e+03
-2.0647338867e+03
-2.0647338867e+03
-2.0752863770e+03
-2.0345870361e+03
-2.1053598633e+03
-2.0840000000e+03
-2.0783242188e+03
-2.0783242188e+03
-2.0840000000e+03
-2.1053598633e+03
-2.1114157715e+03
-2.0900500488e+03
-2.0843981934e+03
-2.0843981934e+03
-2.0900500488e+03
-2.1114157715e+03
-2.0527617188e+03
-2.0934882812e+03
-2.0829741211e+03
-2.0829741211e+03
-2.0934882812e+03
-2.0527617188e+03
-2.0615961914e+03
-2.0754792480e+03
-2.0823034668e+03
-2.0823034668e+03
-2.0754792480e+03
-2.0615961914e+03
-2.0642751465e+03
-2.0740759277e+03
-2.0779858398e+03
-2.0779858398e+03
-2.0740759277e+03
-2.0642751465e+03
-2.0720131836e+03
-2.0746772461e+03
-2.0764265137e+03
-2.0764265137e+03
-2.0746772461e+03
-2.0720131836e+03
-2.0786665039e+03
-2.0775068359e+03
-2.0760434570e+03
-2.0760434570e+03
-2.0775068359e+03
-2.0786665039e+03
-2.0010799561e+03
-1.9943565674e+03
-1.9880615234e+03
-1.9880615234e+03
-1.9943565674e+03
-2.0010799561e+03
-2.0092070312e+03
-2.0074581299e+03
-2.0067050781e+03
-2.0067050781e+03
-2.0074581299e+03
-2.0092070312e+03
-2.0140125732e+03
-2.0214870605e+03
-2.0208797607e+03
-2.0208797607e+03
-2.0214870605e+03
-2.0140125732e+03
-2.0326075439e+03
-2.0303989258e+03
-2.0384156494e+03
-2.0384156494e+03
-2.0303990479e+03
-2.0326075439e+03
-2.0248262939e+03
-2.0913554688e+03
-2.0401697998e+03
-2.0401696777e+03
-2.0913554688e+03
-2.0248261719e+03
-2.3042751465e+03
-2.0675395508e+03
-2.0566381836e+03
-2.0566381836e+03
-2.0675397949e+03
-2.3042751465e+03
-2.3104216309e+03
-2.0737128906e+03
-2.0628134766e+03
-2.0628134766e+03
-2.0737131348e+03
-2.3104216309e+03
-2.0433009033e+03
-2.1098837891e+03
-2.0587199707e+03
-2.0587199707e+03
-2.1098837891e+03
-2.0433009033e+03
-2.0634641113e+03
-2.0613435059e+03
-2.0694050293e+03
-2.0694050293e+03
-2.0613435059e+03
-2.0634641113e+03
-2.0573559570e+03
-2.0649514160e+03
-2.0644206543e+03
-2.0644206543e+03
-2.0649514160e+03
-2.0573559570e+03
-2.0651386719e+03
-2.0636530762e+03
-2.0629321289e+03
-2.0629321289e+03
-2.0636530762e+03
-2.0651389160e+03
-2.0700847168e+03
-2.0634562988e+03
-2.0571433105e+03
-2.0571433105e+03
-2.0634562988e+03
-2.0700847168e+03
-2.0010799561e+03
-1.9943565674e+03
-1.9880615234e+03
-1.9880615234e+03
-1.9943565674e+03
-2.0010799561e+03
-2.0092070312e+03
-2.0074581299e+03
-2.0067050781e+03
-2.0067050781e+03
-2.0074581299e+03
-2.0092070312e+03
-2.0140125732e+03
-2.0214870605e+03
-2.0208797607e+03
-2.0208797607e+03
-2.0214870605e+03
-2.0140125732e+03
-2.0326075439e+03
-2.0303989258e+03
-2.0384156494e+03
-2.0384156494e+03
-2.0303990479e+03
-2.0326075439e+03
-2.0248262939e+03
-2.0913554688e+03
-2.0401697998e+03
-2.0401696777e+03
-2.0913554688e+03
-2.0248261719e+03
-2.3042751465e+03
-2.0675395508e+03
-2.0566381836e+03
-2.0566381836e+03
-2.0675397949e+03
-2.3042751465e+03
-2.3104216309e+03
-2.0737128906e+03
-2.0628134766e+03
-2.0628134766e+03
-2.0737131348e+03
-2.3104216309e+03
-2.0433009033e+03
-2.1098837891e+03
-2.0587199707e+03
-2.0587199707e+03
-2.1098837891e+03
-2.0433009033e+03
-2.0634641113e+03
-2.0613435059e+03
-2.0694050293e+03
-2.0694050293e+03
-2.0613435059e+03
-2.0634641113e+03
-2.0573559570e+03
-2.0649514160e+03
-2.0644206543e+03
-2.0644206543e+03
-2.0649514160e+03
-2.0573559570e+03
-2.0651386719e+03
-2.0636530762e+03
-2.0629321289e+03
-2.0629321289e+03
-2.0636530762e+03
-2.0651389160e+03
-2.0700847168e+03
-2.0634562988e+03
-2.0571433105e+03
-2.0571433105e+03
-2.0634562988e+03
-2.0700847168e+03
-2.0107482910e+03
-2.0094954834e+03
-2.0080479736e+03
-2.0080479736e+03
-2.0094954834e+03
-2.0107482910e+03
-2.0169656982e+03
-2.0193776855e+03
-2.0210994873e+03
-2.0210994873e+03
-2.0193776855e+03
-2.0169656982e+03
-2.0216202393e+03
-2.0313121338e+03
-2.0351524658e+03
-2.0351524658e+03
-2.0313121338e+03
-2.0216202393e+03
-2.0312288818e+03
-2.0450460205e+03
-2.0518273926e+03
-2.0518273926e+03
-2.0450460205e+03
-2.0312288818e+03
-2.0345870361e+03
-2.0752863770e+03
-2.0647338867e+03
-2.0647338867e+03
-2.0752863770e+03
-2.0345870361e+03
-2.1053598633e+03
-2.0840000000e+03
-2.0783242188e+03
-2.0783242188e+03
-2.0840000000e+03
-2.1053598633e+03
-2.1114157715e+03
-2.0900500488e+03
-2.0843981934e+03
-2.0843981934e+03
-2.0900500488e+03
-2.1114157715e+03
-2.0527617188e+03
-2.0934882812e+03
-2.0829741211e+03
-2.0829741211e+03
-2.0934882812e+03
-2.0527617188e+03
-2.0615961914e+03
-2.0754792480e+03
-2.0823034668e+03
-2.0823034668e+03
-2.0754792480e+03
-2.0615961914e+03
-2.0642751465e+03
-2.0740759277e+03
-2.0779858398e+03
-2.0779858398e+03
-2.0740759277e+03
-2.0642751465e+03
-2.0720131836e+03
-2.0746772461e+03
-2.0764265137e+03
-2.0764265137e+03
-2.0746772461e+03
-2.0720131836e+03
-2.0786665039e+03
-2.0775068359e+03
-2.0760434570e+03
-2.0760434570e+03
-2.0775068359e+03
-2.0786665039e+03
-2.0226275635e+03
-2.0247154541e+03
-2.0265333252e+03
-2.0265333252e+03
-2.0247154541e+03
-2.0226275635e+03
-2.0271079102e+03
-2.0307628174e+03
-2.0332313232e+03
-2.0332313232e+03
-2.0307628174e+03
-2.0271079102e+03
-2.0324075928e+03
-2.0385314941e+03
-2.0431204834e+03
-2.0431204834e+03
-2.0385314941e+03
-2.0324075928e+03
-2.0337303467e+03
-2.0493828125e+03
-2.0542268066e+03
-2.0542268066e+03
-2.0493828125e+03
-2.0337303467e+03
-2.0470931396e+03
-2.0552182617e+03
-2.0673259277e+03
-2.0673259277e+03
-2.0552182617e+03
-2.0470931396e+03
-2.0110280762e+03
-2.0776550293e+03
-2.0743376465e+03
-2.0743376465e+03
-2.0776550293e+03
-2.0110280762e+03
-2.0168883057e+03
-2.0835285645e+03
-2.0802141113e+03
-2.0802141113e+03
-2.0835283203e+03
-2.0168883057e+03
-2.0646965332e+03
-2.0728530273e+03
-2.0849804688e+03
-2.0849804688e+03
-2.0728530273e+03
-2.0646965332e+03
-2.0631240234e+03
-2.0788476562e+03
-2.0837285156e+03
-2.0837285156e+03
-2.0788476562e+03
-2.0631240234e+03
-2.0737021484e+03
-2.0799284668e+03
-2.0845834961e+03
-2.0845834961e+03
-2.0799284668e+03
-2.0737021484e+03
-2.0804006348e+03
-2.0842980957e+03
-2.0867917480e+03
-2.0867917480e+03
-2.0842980957e+03
-2.0804006348e+03
-2.0883842773e+03
-2.0905612793e+03
-2.0923623047e+03
-2.0923623047e+03
-2.0905612793e+03
-2.0883842773e+03
-2.0295958252e+03
-2.0307733154e+03
-2.0319461670e+03
-2.0319461670e+03
-2.0307733154e+03
-2.0295958252e+03
-2.0344786377e+03
-2.0350721436e+03
-2.0361177979e+03
-2.0361177979e+03
-2.0350721436e+03
-2.0344786377e+03
-2.0382636719e+03
-2.0402095947e+03
-2.0411322021e+03
-2.0411322021e+03
-2.0402095947e+03
-2.0382636719e+03
-2.0458964844e+03
-2.0439356689e+03
-2.0466517334e+03
-2.0466517334e+03
-2.0439356689e+03
-2.0458964844e+03
-2.0409782715e+03
-2.0496520996e+03
-2.0511782227e+03
-2.0511782227e+03
-2.0496520996e+03
-2.0409782715e+03
-2.0699997559e+03
-2.0415097656e+03
-2.0590747070e+03
-2.0590747070e+03
-2.0415097656e+03
-2.0699997559e+03
-2.0755754395e+03
-2.0471021729e+03
-2.0646694336e+03
-2.0646694336e+03
-2.0471021729e+03
-2.0755754395e+03
-2.0577277832e+03
-2.0664414062e+03
-2.0679846191e+03
-2.0679846191e+03
-2.0664414062e+03
-2.0577277832e+03
-2.0738613281e+03
-2.0719770508e+03
-2.0747282715e+03
-2.0747282715e+03
-2.0719770508e+03
-2.0738613281e+03
-2.0775458984e+03
-2.0795976562e+03
-2.0805859375e+03
-2.0805859375e+03
-2.0795976562e+03
-2.0775458984e+03
-2.0851726074e+03
-2.0860004883e+03
-2.0870720215e+03
-2.0870720215e+03
-2.0860004883e+03
-2.0851726074e+03
-2.0921445312e+03
-2.0934040527e+03
-2.0945593262e+03
-2.0945593262e+03
-2.0934040527e+03
-2.0921445312e+03
-2.0319392090e+03
-2.0315639648e+03
-2.0315534668e+03
-2.0315534668e+03
-2.0315639648e+03
-2.0319392090e+03
-2.0367137451e+03
-2.0363803711e+03
-2.0361486816e+03
-2.0361486816e+03
-2.0363803711e+03
-2.0367137451e+03
-2.0424136963e+03
-2.0407489014e+03
-2.0405603027e+03
-2.0405603027e+03
-2.0407489014e+03
-2.0424136963e+03
-2.0447346191e+03
-2.0458144531e+03
-2.0447775879e+03
-2.0447775879e+03
-2.0458144531e+03
-2.0447346191e+03
-2.0581086426e+03
-2.0497734375e+03
-2.0495524902e+03
-2.0495524902e+03
-2.0497734375e+03
-2.0581086426e+03
-2.0498859863e+03
-2.0641545410e+03
-2.0521386719e+03
-2.0521386719e+03
-2.0641545410e+03
-2.0498859863e+03
-2.0550874023e+03
-2.0693642578e+03
-2.0573610840e+03
-2.0573610840e+03
-2.0693642578e+03
-2.0550874023e+03
-2.0737238770e+03
-2.0654296875e+03
-2.0652341309e+03
-2.0652341309e+03
-2.0654296875e+03
-2.0737238770e+03
-2.0708254395e+03
-2.0719746094e+03
-2.0709755859e+03
-2.0709755859e+03
-2.0719746094e+03
-2.0708254395e+03
-2.0790607910e+03
-2.0774960938e+03
-2.0773701172e+03
-2.0773701172e+03
-2.0774960938e+03
-2.0790607910e+03
-2.0840073242e+03
-2.0838933105e+03
-2.0836867676e+03
-2.0836867676e+03
-2.0838933105e+03
-2.0840073242e+03
-2.0902866211e+03
-2.0899890137e+03
-2.0899614258e+03
-2.0899614258e+03
-2.0899890137e+03
-2.0902866211e+03
-2.0331888428e+03
-2.0330086670e+03
-2.0328254395e+03
-2.0328254395e+03
-2.0330086670e+03
-2.0331888428e+03
-2.0384713135e+03
-2.0380152588e+03
-2.0379071045e+03
-2.0379071045e+03
-2.0380152588e+03
-2.0384713135e+03
-2.0424259033e+03
-2.0429910889e+03
-2.0427269287e+03
-2.0427269287e+03
-2.0429910889e+03
-2.0424259033e+03
-2.0495021973e+03
-2.0477124023e+03
-2.0476501465e+03
-2.0476501465e+03
-2.0477124023e+03
-2.0495021973e+03
-2.0481816406e+03
-2.0534736328e+03
-2.0523945312e+03
-2.0523945312e+03
-2.0534736328e+03
-2.0481816406e+03
-2.0604479980e+03
-2.0522297363e+03
-2.0589182129e+03
-2.0589182129e+03
-2.0522297363e+03
-2.0604479980e+03
-2.0651943359e+03
-2.0569892578e+03
-2.0636784668e+03
-2.0636784668e+03
-2.0569892578e+03
-2.0651943359e+03
-2.0624406738e+03
-2.0677595215e+03
-2.0666982422e+03
-2.0666982422e+03
-2.0677595215e+03
-2.0624406738e+03
-2.0732983398e+03
-2.0715749512e+03
-2.0715454102e+03
-2.0715454102e+03
-2.0715749512e+03
-2.0732983398e+03
-2.0758579102e+03
-2.0765119629e+03
-2.0763051758e+03
-2.0763051758e+03
-2.0765119629e+03
-2.0758579102e+03
-2.0816108398e+03
-2.0813554688e+03
-2.0812697754e+03
-2.0812697754e+03
-2.0813554688e+03
-2.0816108398e+03
-2.0864167480e+03
-2.0863059082e+03
-2.0861083984e+03
-2.0861083984e+03
-2.0863059082e+03
-2.0864167480e+03
-2.0359053955e+03
-2.0358264160e+03
-2.0358809814e+03
-2.0358809814e+03
-2.0358264160e+03
-2.0359053955e+03
-2.0401546631e+03
-2.0403029785e+03
-2.0402896729e+03
-2.0402896729e+03
-2.0403029785e+03
-2.0401546631e+03
-2.0451965332e+03
-2.0446934814e+03
-2.0447393799e+03
-2.0447393799e+03
-2.0446934814e+03
-2.0451965332e+03
-2.0474106445e+03
-2.0488813477e+03
-2.0489719238e+03
-2.0489719238e+03
-2.0488813477e+03
-2.0474106445e+03
-2.0556027832e+03
-2.0521647949e+03
-2.0532683105e+03
-2.0532683105e+03
-2.0521647949e+03
-2.0556027832e+03
-2.0554089355e+03
-2.0600395508e+03
-2.0562722168e+03
-2.0562722168e+03
-2.0600395508e+03
-2.0554089355e+03
-2.0596215820e+03
-2.0642607422e+03
-2.0605024414e+03
-2.0605024414e+03
-2.0642607422e+03
-2.0596215820e+03
-2.0682509766e+03
-2.0648483887e+03
-2.0659689941e+03
-2.0659689941e+03
-2.0648483887e+03
-2.0682509766e+03
-2.0685476074e+03
-2.0700725098e+03
-2.0701916504e+03
-2.0701916504e+03
-2.0700725098e+03
-2.0685476074e+03
-2.0748789062e+03
-2.0744575195e+03
-2.0745534668e+03
-2.0745534668e+03
-2.0744575195e+03
-2.0748789062e+03
-2.0784645996e+03
-2.0787893066e+03
-2.0787961426e+03
-2.0787961426e+03
-2.0787893066e+03
-2.0784645996e+03
-2.0831677246e+03
-2.0831530762e+03
-2.0831933594e+03
-2.0831933594e+03
-2.0831530762e+03
-2.0831677246e+03
-2.0391168213e+03
-2.0392031250e+03
-2.0391732178e+03
-2.0391732178e+03
-2.0392031250e+03
-2.0391168213e+03
-2.0432663574e+03
-2.0430131836e+03
-2.0430201416e+03
-2.0430201416e+03
-2.0430131836e+03
-2.0432663574e+03
-2.0462932129e+03
-2.0466635742e+03
-2.0466618652e+03
-2.0466618652e+03
-2.0466635742e+03
-2.0462932129e+03
-2.0515830078e+03
-2.0504653320e+03
-2.0504062500e+03
-2.0504062500e+03
-2.0504653320e+03
-2.0515830078e+03
-2.0526247559e+03
-2.0548371582e+03
-2.0539531250e+03
-2.0539531250e+03
-2.0548371582e+03
-2.0526247559e+03
-2.0588378906e+03
-2.0562624512e+03
-2.0583874512e+03
-2.0583874512e+03
-2.0562624512e+03
-2.0588378906e+03
-2.0624541016e+03
-2.0598867188e+03
-2.0620139160e+03
-2.0620139160e+03
-2.0598867188e+03
-2.0624541016e+03
-2.0634870605e+03
-2.0657197266e+03
-2.0648513184e+03
-2.0648513184e+03
-2.0657197266e+03
-2.0634870605e+03
-2.0697094727e+03
-2.0686440430e+03
-2.0686105957e+03
-2.0686105957e+03
-2.0686440430e+03
-2.0697094727e+03
-2.0717658691e+03
-2.0722033691e+03
-2.0722453613e+03
-2.0722453613e+03
-2.0722033691e+03
-2.0717658691e+03
-2.0761320801e+03
-2.0760334473e+03
-2.0760573730e+03
-2.0760573730e+03
-2.0760334473e+03
-2.0761320801e+03
-2.0796743164e+03
-2.0798120117e+03
-2.0797722168e+03
-2.0797722168e+03
-2.0798120117e+03
-2.0796743164e+03
-2.0430184326e+03
-2.0428548584e+03
-2.0429183350e+03
-2.0429183350e+03
-2.0428548584e+03
-2.0430184326e+03
-2.0458448486e+03
-2.0459379883e+03
-2.0459291992e+03
-2.0459291992e+03
-2.0459379883e+03
-2.0458448486e+03
-2.0495410156e+03
-2.0491748047e+03
-2.0491110840e+03
-2.0491110840e+03
-2.0491748047e+03
-2.0495410156e+03
-2.0513217773e+03
-2.0520629883e+03
-2.0520661621e+03
-2.0520661621e+03
-2.0520629883e+03
-2.0513217773e+03
-2.0560200195e+03
-2.0545886230e+03
-2.0552177734e+03
-2.0552177734e+03
-2.0545886230e+03
-2.0560200195e+03
-2.0574321289e+03
-2.0588779297e+03
-2.0576779785e+03
-2.0576779785e+03
-2.0588779297e+03
-2.0574321289e+03
-2.0603908691e+03
-2.0618442383e+03
-2.0606494141e+03
-2.0606494141e+03
-2.0618442383e+03
-2.0603908691e+03
-2.0649040527e+03
-2.0634970703e+03
-2.0641372070e+03
-2.0641372070e+03
-2.0634970703e+03
-2.0649040527e+03
-2.0661696777e+03
-2.0669484863e+03
-2.0669716797e+03
-2.0669716797e+03
-2.0669484863e+03
-2.0661696777e+03
-2.0703872070e+03
-2.0700793457e+03
-2.0700512695e+03
-2.0700512695e+03
-2.0700793457e+03
-2.0703872070e+03
-2.0727568359e+03
-2.0729726562e+03
-2.0729782715e+03
-2.0729782715e+03
-2.0729726562e+03
-2.0727568359e+03
-2.0762158203e+03
-2.0760998535e+03
-2.0761520996e+03
-2.0761520996e+03
-2.0760998535e+03
-2.0762158203e+03
-2.0467080078e+03
-2.0468640137e+03
-2.0467791748e+03
-2.0467791748e+03
-2.0468640137e+03
-2.0467080078e+03
-2.0495034180e+03
-2.0493015137e+03
-2.0492846680e+03
-2.0492846680e+03
-2.0493015137e+03
-2.0495034180e+03
-2.0511738281e+03
-2.0514228516e+03
-2.0514550781e+03
-2.0514550781e+03
-2.0514228516e+03
-2.0511738281e+03
-2.0544331055e+03
-2.0539003906e+03
-2.0538881836e+03
-2.0538881836e+03
-2.0539003906e+03
-2.0544331055e+03
-2.0555463867e+03
-2.0564338379e+03
-2.0559892578e+03
-2.0559892578e+03
-2.0564338379e+03
-2.0555463867e+03
-2.0587746582e+03
-2.0579372559e+03
-2.0586130371e+03
-2.0586130371e+03
-2.0579372559e+03
-2.0587746582e+03
-2.0610322266e+03
-2.0601989746e+03
-2.0608764648e+03
-2.0608764648e+03
-2.0601989746e+03
-2.0610322266e+03
-2.0623283691e+03
-2.0632290039e+03
-2.0627946777e+03
-2.0627946777e+03
-2.0632290039e+03
-2.0623283691e+03
-2.0657478027e+03
-2.0652478027e+03
-2.0652514648e+03
-2.0652514648e+03
-2.0652478027e+03
-2.0657478027e+03
-2.0670803223e+03
-2.0673701172e+03
-2.0674291992e+03
-2.0674291992e+03
-2.0673701172e+03
-2.0670803223e+03
-2.0700175781e+03
-2.0699138184e+03
-2.0699074707e+03
-2.0699074707e+03
-2.0699138184e+03
-2.0700175781e+03
-2.0720290527e+03
-2.0722138672e+03
-2.0721245117e+03
-2.0721245117e+03
-2.0722138672e+03
-2.0720290527e+03
-2.0511862793e+03
-2.0509484863e+03
-2.0510747070e+03
-2.0510747070e+03
-2.0509484863e+03
-2.0511862793e+03
-2.0523264160e+03
-2.0524504395e+03
-2.0524658203e+03
-2.0524658203e+03
-2.0524504395e+03
-2.0523264160e+03
-2.0545520020e+03
-2.0543151855e+03
-2.0542646484e+03
-2.0542646484e+03
-2.0543151855e+03
-2.0545520020e+03
-2.0552885742e+03
-2.0556110840e+03
-2.0556147461e+03
-2.0556147461e+03
-2.0556110840e+03
-2.0552885742e+03
-2.0576508789e+03
-2.0570749512e+03
-2.0573693848e+03
-2.0573693848e+03
-2.0570749512e+03
-2.0576508789e+03
-2.0585424805e+03
-2.0590202637e+03
-2.0586345215e+03
-2.0586345215e+03
-2.0590202637e+03
-2.0585424805e+03
-2.0600610352e+03
-2.0605434570e+03
-2.0601601562e+03
-2.0601601562e+03
-2.0605434570e+03
-2.0600610352e+03
-2.0622084961e+03
-2.0616447754e+03
-2.0619445801e+03
-2.0619445801e+03
-2.0616447754e+03
-2.0622084961e+03
-2.0629106445e+03
-2.0632524414e+03
-2.0632658691e+03
-2.0632658691e+03
-2.0632524414e+03
-2.0629106445e+03
-2.0652438965e+03
-2.0650383301e+03
-2.0650065918e+03
-2.0650065918e+03
-2.0650383301e+03
-2.0652438965e+03
-2.0661411133e+03
-2.0663256836e+03
-2.0663481445e+03
-2.0663481445e+03
-2.0663256836e+03
-2.0661411133e+03
-2.0682158203e+03
-2.0680070801e+03
-2.0681247559e+03
-2.0681247559e+03
-2.0680070801e+03
-2.0682158203e+03
-2.0550185547e+03
-2.0553183594e+03
-2.0551459961e+03
-2.0551459961e+03
-2.0553183594e+03
-2.0550185547e+03
-2.0564309082e+03
-2.0562497559e+03
-2.0562192383e+03
-2.0562192383e+03
-2.0562497559e+03
-2.0564309082e+03
-2.0564638672e+03
-2.0566452637e+03
-2.0566760254e+03
-2.0566760254e+03
-2.0566452637e+03
-2.0564638672e+03
-2.0579858398e+03
-2.0577836914e+03
-2.0577556152e+03
-2.0577556152e+03
-2.0577836914e+03
-2.0579858398e+03
-2.0580910645e+03
-2.0584599609e+03
-2.0582517090e+03
-2.0582517090e+03
-2.0584599609e+03
-2.0580910645e+03
-2.0592927246e+03
-2.0590227051e+03
-2.0592348633e+03
-2.0592348633e+03
-2.0590227051e+03
-2.0592927246e+03
-2.0600485840e+03
-2.0597792969e+03
-2.0599921875e+03
-2.0599921875e+03
-2.0597792969e+03
-2.0600485840e+03
-2.0603654785e+03
-2.0607387695e+03
-2.0605344238e+03
-2.0605344238e+03
-2.0607387695e+03
-2.0603654785e+03
-2.0617719727e+03
-2.0615805664e+03
-2.0615585938e+03
-2.0615585938e+03
-2.0615805664e+03
-2.0617719727e+03
-2.0618005371e+03
-2.0619941406e+03
-2.0620332031e+03
-2.0620332031e+03
-2.0619941406e+03
-2.0618005371e+03
-2.0632963867e+03
-2.0631518555e+03
-2.0631252441e+03
-2.0631252441e+03
-2.0631518555e+03
-2.0632963867e+03
-2.0635109863e+03
-2.0638132324e+03
-2.0636437988e+03
-2.0636437988e+03
-2.0638132324e+03
-2.0635109863e+03
-2.0599570312e+03
-2.0595390625e+03
-2.0597832031e+03
-2.0597832031e+03
-2.0595390625e+03
-2.0599570312e+03
-2.0591623535e+03
-2.0593403320e+03
-2.0593867188e+03
-2.0593867188e+03
-2.0593403320e+03
-2.0591623535e+03
-2.0600424805e+03
-2.0598706055e+03
-2.0598393555e+03
-2.0598393555e+03
-2.0598706055e+03
-2.0600424805e+03
-2.0592377930e+03
-2.0593264160e+03
-2.0593750000e+03
-2.0593750000e+03
-2.0593264160e+03
-2.0592377930e+03
-2.0598107910e+03
-2.0595524902e+03
-2.0597080078e+03
-2.0597080078e+03
-2.0595524902e+03
-2.0598107910e+03
-2.0594501953e+03
-2.0595830078e+03
-2.0594785156e+03
-2.0594785156e+03
-2.0595830078e+03
-2.0594501953e+03
-2.0594323730e+03
-2.0595661621e+03
-2.0594616699e+03
-2.0594616699e+03
-2.0595661621e+03
-2.0594323730e+03
-2.0597517090e+03
-2.0594938965e+03
-2.0596486816e+03
-2.0596486816e+03
-2.0594938965e+03
-2.0597517090e+03
-2.0591530762e+03
-2.0592421875e+03
-2.0592897949e+03
-2.0592897949e+03
-2.0592421875e+03
-2.0591530762e+03
-2.0599006348e+03
-2.0597314453e+03
-2.0597006836e+03
-2.0597006836e+03
-2.0597314453e+03
-2.0599006348e+03
-2.0590097656e+03
-2.0591816406e+03
-2.0592270508e+03
-2.0592270508e+03
-2.0591816406e+03
-2.0590097656e+03
-2.0597414551e+03
-2.0593361816e+03
-2.0595729980e+03
-2.0595729980e+03
-2.0593361816e+03
-2.0597414551e+03
-2.0634924316e+03
-2.0640751953e+03
-2.0637304688e+03
-2.0637304688e+03
-2.0640751953e+03
-2.0634924316e+03
-2.0636906738e+03
-2.0635153809e+03
-2.0634353027e+03
-2.0634353027e+03
-2.0635153809e+03
-2.0636906738e+03
-2.0617458496e+03
-2.0619204102e+03
-2.0619528809e+03
-2.0619528809e+03
-2.0619204102e+03
-2.0617458496e+03
-2.0618706055e+03
-2.0618811035e+03
-2.0618039551e+03
-2.0618039551e+03
-2.0618811035e+03
-2.0618706055e+03
-2.0604755859e+03
-2.0606804199e+03
-2.0605432129e+03
-2.0605432129e+03
-2.0606804199e+03
-2.0604755859e+03
-2.0599782715e+03
-2.0599426270e+03
-2.0599682617e+03
-2.0599682617e+03
-2.0599426270e+03
-2.0599782715e+03
-2.0591848145e+03
-2.0591462402e+03
-2.0591711426e+03
-2.0591711426e+03
-2.0591462402e+03
-2.0591848145e+03
-2.0580993652e+03
-2.0582980957e+03
-2.0581586914e+03
-2.0581586914e+03
-2.0582980957e+03
-2.0580993652e+03
-2.0578850098e+03
-2.0578833008e+03
-2.0578020020e+03
-2.0578020020e+03
-2.0578833008e+03
-2.0578850098e+03
-2.0561777344e+03
-2.0563344727e+03
-2.0563566895e+03
-2.0563566895e+03
-2.0563344727e+03
-2.0561777344e+03
-2.0564648438e+03
-2.0562624512e+03
-2.0561806641e+03
-2.0561806641e+03
-2.0562624512e+03
-2.0564648438e+03
-2.0546147461e+03
-2.0551674805e+03
-2.0548359375e+03
-2.0548359375e+03
-2.0551674805e+03
-2.0546147461e+03
-2.0688601074e+03
-2.0680698242e+03
-2.0685488281e+03
-2.0685488281e+03
-2.0680698242e+03
-2.0688601074e+03
-2.0658208008e+03
-2.0660480957e+03
-2.0662033691e+03
-2.0662033691e+03
-2.0660480957e+03
-2.0658208008e+03
-2.0657568359e+03
-2.0655937500e+03
-2.0655815430e+03
-2.0655815430e+03
-2.0655937500e+03
-2.0657568359e+03
-2.0630139160e+03
-2.0629191895e+03
-2.0630434570e+03
-2.0630434570e+03
-2.0629191895e+03
-2.0630139160e+03
-2.0621308594e+03
-2.0619375000e+03
-2.0620922852e+03
-2.0620922852e+03
-2.0619375000e+03
-2.0621308594e+03
-2.0603027344e+03
-2.0602521973e+03
-2.0602998047e+03
-2.0602998047e+03
-2.0602521973e+03
-2.0603024902e+03
-2.0587487793e+03
-2.0586958008e+03
-2.0587409668e+03
-2.0587409668e+03
-2.0586958008e+03
-2.0587487793e+03
-2.0574562988e+03
-2.0572529297e+03
-2.0573999023e+03
-2.0573999023e+03
-2.0572529297e+03
-2.0574562988e+03
-2.0552282715e+03
-2.0551157227e+03
-2.0552275391e+03
-2.0552275391e+03
-2.0551157227e+03
-2.0552282715e+03
-2.0547802734e+03
-2.0545908203e+03
-2.0545610352e+03
-2.0545610352e+03
-2.0545908203e+03
-2.0547802734e+03
-2.0517116699e+03
-2.0518669434e+03
-2.0520107422e+03
-2.0520107422e+03
-2.0518669434e+03
-2.0517116699e+03
-2.0514008789e+03
-2.0506132812e+03
-2.0510825195e+03
-2.0510825195e+03
-2.0506132812e+03
-2.0514008789e+03
-2.0714682617e+03
-2.0726052246e+03
-2.0719201660e+03
-2.0719201660e+03
-2.0726052246e+03
-2.0714682617e+03
-2.0709724121e+03
-2.0708513184e+03
-2.0705649414e+03
-2.0705649414e+03
-2.0708513184e+03
-2.0709724121e+03
-2.0665456543e+03
-2.0667692871e+03
-2.0667736816e+03
-2.0667736816e+03
-2.0667692871e+03
-2.0665456543e+03
-2.0657924805e+03
-2.0660290527e+03
-2.0658569336e+03
-2.0658569336e+03
-2.0660290527e+03
-2.0657924805e+03
-2.0626857910e+03
-2.0629394531e+03
-2.0627375488e+03
-2.0627375488e+03
-2.0629394531e+03
-2.0626857910e+03
-2.0606494141e+03
-2.0608024902e+03
-2.0606645508e+03
-2.0606645508e+03
-2.0608024902e+03
-2.0606494141e+03
-2.0583559570e+03
-2.0585029297e+03
-2.0583625488e+03
-2.0583625488e+03
-2.0585029297e+03
-2.0583559570e+03
-2.0558068848e+03
-2.0560429688e+03
-2.0558337402e+03
-2.0558337402e+03
-2.0560429688e+03
-2.0558068848e+03
-2.0542805176e+03
-2.0544812012e+03
-2.0542954102e+03
-2.0542954102e+03
-2.0544812012e+03
-2.0542805176e+03
-2.0504294434e+03
-2.0506062012e+03
-2.0505827637e+03
-2.0505827637e+03
-2.0506062012e+03
-2.0504294434e+03
-2.0500966797e+03
-2.0498850098e+03
-2.0495961914e+03
-2.0495961914e+03
-2.0498850098e+03
-2.0500966797e+03
-2.0457860107e+03
-2.0468533936e+03
-2.0461964111e+03
-2.0461964111e+03
-2.0468533936e+03
-2.0457860107e+03
-2.0775720215e+03
-2.0759792480e+03
-2.0769355469e+03
-2.0769355469e+03
-2.0759792480e+03
-2.0775720215e+03
-2.0717077637e+03
-2.0718044434e+03
-2.0723637695e+03
-2.0723637695e+03
-2.0718044434e+03
-2.0717077637e+03
-2.0716169434e+03
-2.0713608398e+03
-2.0714750977e+03
-2.0714750977e+03
-2.0713608398e+03
-2.0716169434e+03
-2.0664133301e+03
-2.0660302734e+03
-2.0663225098e+03
-2.0663225098e+03
-2.0660302734e+03
-2.0664133301e+03
-2.0643527832e+03
-2.0639750977e+03
-2.0643032227e+03
-2.0643032227e+03
-2.0639750977e+03
-2.0643527832e+03
-2.0611188965e+03
-2.0608059082e+03
-2.0610935059e+03
-2.0610935059e+03
-2.0608059082e+03
-2.0611188965e+03
-2.0581259766e+03
-2.0578076172e+03
-2.0580905762e+03
-2.0580905762e+03
-2.0578076172e+03
-2.0581259766e+03
-2.0553559570e+03
-2.0549606934e+03
-2.0552736816e+03
-2.0552736816e+03
-2.0549606934e+03
-2.0553559570e+03
-2.0514162598e+03
-2.0510004883e+03
-2.0512690430e+03
-2.0512690430e+03
-2.0510004883e+03
-2.0514162598e+03
-2.0504785156e+03
-2.0501699219e+03
-2.0502465820e+03
-2.0502465820e+03
-2.0501699219e+03
-2.0504785156e+03
-2.0445408936e+03
-2.0445087891e+03
-2.0450375977e+03
-2.0450375977e+03
-2.0445087891e+03
-2.0445408936e+03
-2.0439488525e+03
-2.0423625488e+03
-2.0432988281e+03
-2.0432988281e+03
-2.0423625488e+03
-2.0439488525e+03
-2.0784023438e+03
-2.0806989746e+03
-2.0792358398e+03
-2.0792358398e+03
-2.0806989746e+03
-2.0784023438e+03
-2.0783964844e+03
-2.0786877441e+03
-2.0775649414e+03
-2.0775649414e+03
-2.0786877441e+03
-2.0783964844e+03
-2.0702065430e+03
-2.0706445312e+03
-2.0702446289e+03
-2.0702446289e+03
-2.0706445312e+03
-2.0702065430e+03
-2.0693789062e+03
-2.0700539551e+03
-2.0695024414e+03
-2.0695024414e+03
-2.0700539551e+03
-2.0693789062e+03
-2.0644926758e+03
-2.0651608887e+03
-2.0645473633e+03
-2.0645473633e+03
-2.0651608887e+03
-2.0644926758e+03
-2.0609382324e+03
-2.0615463867e+03
-2.0609384766e+03
-2.0609384766e+03
-2.0615463867e+03
-2.0609382324e+03
-2.0572880859e+03
-2.0578854980e+03
-2.0572749023e+03
-2.0572749023e+03
-2.0578854980e+03
-2.0572880859e+03
-2.0535397949e+03
-2.0541765137e+03
-2.0535529785e+03
-2.0535529785e+03
-2.0541765137e+03
-2.0535397949e+03
-2.0510615234e+03
-2.0516757812e+03
-2.0511049805e+03
-2.0511049805e+03
-2.0516757812e+03
-2.0510615234e+03
-2.0445721436e+03
-2.0449343262e+03
-2.0445001221e+03
-2.0445001221e+03
-2.0449343262e+03
-2.0445721436e+03
-2.0451563721e+03
-2.0452875977e+03
-2.0441795654e+03
-2.0441795654e+03
-2.0452875977e+03
-2.0451563721e+03
-2.0375454102e+03
-2.0397150879e+03
-2.0383067627e+03
-2.0383067627e+03
-2.0397150879e+03
-2.0375454102e+03
-2.0866833496e+03
-2.0833208008e+03
-2.0857529297e+03
-2.0857529297e+03
-2.0833208008e+03
-2.0866833496e+03
-2.0759628906e+03
-2.0751054688e+03
-2.0774804688e+03
-2.0774804688e+03
-2.0751054688e+03
-2.0759628906e+03
-2.0778422852e+03
-2.0770895996e+03
-2.0784526367e+03
-2.0784526367e+03
-2.0770895996e+03
-2.0778422852e+03
-2.0691101074e+03
-2.0680207520e+03
-2.0693789062e+03
-2.0693789062e+03
-2.0680207520e+03
-2.0691101074e+03
-2.0657734375e+03
-2.0646052246e+03
-2.0660163574e+03
-2.0660163574e+03
-2.0646052246e+03
-2.0657734375e+03
-2.0613598633e+03
-2.0602153320e+03
-2.0616320801e+03
-2.0616320801e+03
-2.0602153320e+03
-2.0613598633e+03
-2.0571184082e+03
-2.0559682617e+03
-2.0573762207e+03
-2.0573762207e+03
-2.0559682617e+03
-2.0571184082e+03
-2.0530239258e+03
-2.0518378906e+03
-2.0532216797e+03
-2.0532216797e+03
-2.0518378906e+03
-2.0530239258e+03
-2.0478385010e+03
-2.0467109375e+03
-2.0480244141e+03
-2.0480244141e+03
-2.0467109375e+03
-2.0478385010e+03
-2.0478404541e+03
-2.0470224609e+03
-2.0483054199e+03
-2.0483054199e+03
-2.0470224609e+03
-2.0478404541e+03
-2.0374792480e+03
-2.0364725342e+03
-2.0387657471e+03
-2.0387657471e+03
-2.0364725342e+03
-2.0374792480e+03
-2.0389731445e+03
-2.0356561279e+03
-2.0380350342e+03
-2.0380350342e+03
-2.0356561279e+03
-2.0389731445e+03
-2.0826853027e+03
-2.0891777344e+03
-2.0855991211e+03
-2.0855991211e+03
-2.0891777344e+03
-2.0826853027e+03
-2.0859313965e+03
-2.0897878418e+03
-2.0857036133e+03
-2.0857036133e+03
-2.0897878418e+03
-2.0859313965e+03
-2.0701989746e+03
-2.0731979980e+03
-2.0704157715e+03
-2.0704157715e+03
-2.0731977539e+03
-2.0701989746e+03
-2.0705324707e+03
-2.0737932129e+03
-2.0712639160e+03
-2.0712639160e+03
-2.0737932129e+03
-2.0705324707e+03
-2.0648586426e+03
-2.0682714844e+03
-2.0657438965e+03
-2.0657438965e+03
-2.0682714844e+03
-2.0648586426e+03
-2.0601232910e+03
-2.0635288086e+03
-2.0609909668e+03
-2.0609909668e+03
-2.0635288086e+03
-2.0601232910e+03
-2.0553432617e+03
-2.0587299805e+03
-2.0561936035e+03
-2.0561936035e+03
-2.0587299805e+03
-2.0553432617e+03
-2.0505197754e+03
-2.0538759766e+03
-2.0513530273e+03
-2.0513530273e+03
-2.0538759766e+03
-2.0505197754e+03
-2.0465852051e+03
-2.0497438965e+03
-2.0472222900e+03
-2.0472222900e+03
-2.0497438965e+03
-2.0465852051e+03
-2.0367020264e+03
-2.0395672607e+03
-2.0368012695e+03
-2.0368012695e+03
-2.0395672607e+03
-2.0367020264e+03
-2.0423623047e+03
-2.0459316406e+03
-2.0419412842e+03
-2.0419412842e+03
-2.0459316406e+03
-2.0423623047e+03
-2.0292878418e+03
-2.0355360107e+03
-2.0320820312e+03
-2.0320820312e+03
-2.0355360107e+03
-2.0292878418e+03
-2.0958620605e+03
-2.0868227539e+03
-2.0937119141e+03
-2.0937119141e+03
-2.0868227539e+03
-2.0958620605e+03
-2.0735017090e+03
-2.0669494629e+03
-2.0756164551e+03
-2.0756164551e+03
-2.0669494629e+03
-2.0735017090e+03
-2.0850698242e+03
-2.0799416504e+03
-2.0874165039e+03
-2.0874165039e+03
-2.0799416504e+03
-2.0850698242e+03
-2.0744812012e+03
-2.0691435547e+03
-2.0758164062e+03
-2.0758164062e+03
-2.0691435547e+03
-2.0744812012e+03
-2.0700046387e+03
-2.0641977539e+03
-2.0705126953e+03
-2.0705126953e+03
-2.0641979980e+03
-2.0700046387e+03
-2.0649113770e+03
-2.0589296875e+03
-2.0650671387e+03
-2.0650671387e+03
-2.0589296875e+03
-2.0649113770e+03
-2.0596857910e+03
-2.0537058105e+03
-2.0598159180e+03
-2.0598159180e+03
-2.0537058105e+03
-2.0596857910e+03
-2.0542861328e+03
-2.0484851074e+03
-2.0547141113e+03
-2.0547141113e+03
-2.0484851074e+03
-2.0542861328e+03
-2.0482160645e+03
-2.0428797607e+03
-2.0494050293e+03
-2.0494050293e+03
-2.0428797607e+03
-2.0482160645e+03
-2.0480498047e+03
-2.0429250488e+03
-2.0501599121e+03
-2.0501599121e+03
-2.0429250488e+03
-2.0480498047e+03
-2.0262276611e+03
-2.0196506348e+03
-2.0280656738e+03
-2.0280656738e+03
-2.0196506348e+03
-2.0262276611e+03
-2.0369556885e+03
-2.0281130371e+03
-2.0348129883e+03
-2.0348129883e+03
-2.0281130371e+03
-2.0369556885e+03
-2.0682695312e+03
-2.0787661133e+03
-2.0583720703e+03
-2.0583720703e+03
-2.0787661133e+03
-2.0682695312e+03
-2.0955541992e+03
-2.1052937012e+03
-2.0822331543e+03
-2.0822331543e+03
-2.1052937012e+03
-2.0955541992e+03
-2.0714638672e+03
-2.0772170410e+03
-2.0538916016e+03
-2.0538916016e+03
-2.0772167969e+03
-2.0714638672e+03
-2.0792937012e+03
-2.0829394531e+03
-2.0598789062e+03
-2.0598789062e+03
-2.0829394531e+03
-2.0792937012e+03
-2.0827543945e+03
-2.0855400391e+03
-2.0625646973e+03
-2.0625644531e+03
-2.0855400391e+03
-2.0827543945e+03
-2.0829973145e+03
-2.0852905273e+03
-2.0623964844e+03
-2.0623964844e+03
-2.0852905273e+03
-2.0829973145e+03
-2.0774279785e+03
-2.0796877441e+03
-2.0568513184e+03
-2.0568513184e+03
-2.0796877441e+03
-2.0774279785e+03
-2.0660410156e+03
-2.0687221680e+03
-2.0459185791e+03
-2.0459185791e+03
-2.0687221680e+03
-2.0660407715e+03
-2.0513466797e+03
-2.0547995605e+03
-2.0320239258e+03
-2.0320239258e+03
-2.0547995605e+03
-2.0513466797e+03
-2.0321757812e+03
-2.0376342773e+03
-2.0146994629e+03
-2.0146994629e+03
-2.0376342773e+03
-2.0321757812e+03
-2.0441174316e+03
-2.0532812500e+03
-2.0307161865e+03
-2.0307161865e+03
-2.0532812500e+03
-2.0441174316e+03
-2.0057855225e+03
-2.0158416748e+03
-1.9959848633e+03
-1.9959848633e+03
-2.0158415527e+03
-2.0057854004e+03
-2.0687434082e+03
-2.0376331787e+03
-2.0800256348e+03
-2.0800256348e+03
-2.0376331787e+03
-2.0687434082e+03
-2.0277501221e+03
-1.9894091797e+03
-2.0320307617e+03
-2.0320307617e+03
-1.9894091797e+03
-2.0277501221e+03
-2.0839765625e+03
-2.0479298096e+03
-2.0927031250e+03
-2.0927031250e+03
-2.0479298096e+03
-2.0839768066e+03
-2.1034538574e+03
-2.0699235840e+03
-2.1156311035e+03
-2.1156311035e+03
-2.0699235840e+03
-2.1034538574e+03
-2.1128930664e+03
-2.0806491699e+03
-2.1269951172e+03
-2.1269951172e+03
-2.0806491699e+03
-2.1128933105e+03
-2.1127558594e+03
-2.0812846680e+03
-2.1278232422e+03
-2.1278232422e+03
-2.0812846680e+03
-2.1127558594e+03
-2.1067927246e+03
-2.0754038086e+03
-2.1217971191e+03
-2.1217971191e+03
-2.0754038086e+03
-2.1067929688e+03
-2.0950187988e+03
-2.0630227051e+03
-2.1089338379e+03
-2.1089338379e+03
-2.0630227051e+03
-2.0950187988e+03
-2.0737724609e+03
-2.0406474609e+03
-2.0856452637e+03
-2.0856452637e+03
-2.0406475830e+03
-2.0737724609e+03
-2.0425301514e+03
-2.0070642090e+03
-2.0508681641e+03
-2.0508681641e+03
-2.0070642090e+03
-2.0425301514e+03
-1.9749731445e+03
-1.9373403320e+03
-1.9789316406e+03
-1.9789316406e+03
-1.9373403320e+03
-1.9749731445e+03
-2.0017224121e+03
-1.9713577881e+03
-2.0126281738e+03
-2.0126281738e+03
-1.9713579102e+03
-2.0017224121e+03
-1.8056402588e+03
-1.9557998047e+03
-1.9539681396e+03
-1.9539681396e+03
-1.9557998047e+03
-1.8056402588e+03
-1.9938696289e+03
-2.1606179199e+03
-2.1662065430e+03
-2.1662065430e+03
-2.1606176758e+03
-1.9938695068e+03
-2.0001550293e+03
-2.1763781738e+03
-2.1817775879e+03
-2.1817775879e+03
-2.1763779297e+03
-2.0001549072e+03
-1.9966810303e+03
-2.1773281250e+03
-2.1837502441e+03
-2.1837502441e+03
-2.1773278809e+03
-1.9966809082e+03
-1.9864010010e+03
-2.1697109375e+03
-2.1766425781e+03
-2.1766425781e+03
-2.1697109375e+03
-1.9864008789e+03
-1.9781776123e+03
-2.1622714844e+03
-2.1694694824e+03
-2.1694694824e+03
-2.1622714844e+03
-1.9781774902e+03
-1.9722581787e+03
-2.1558010254e+03
-2.1629741211e+03
-2.1629741211e+03
-2.1558010254e+03
-1.9722580566e+03
-1.9686273193e+03
-2.1502966309e+03
-2.1571535645e+03
-2.1571535645e+03
-2.1502966309e+03
-1.9686271973e+03
-1.9669912109e+03
-2.1449370117e+03
-2.1512397461e+03
-2.1512397461e+03
-2.1449370117e+03
-1.9669910889e+03
-1.9585842285e+03
-2.1311401367e+03
-2.1363745117e+03
-2.1363745117e+03
-2.1311401367e+03
-1.9585841064e+03
-1.9404617920e+03
-2.1026015625e+03
-2.1080725098e+03
-2.1080725098e+03
-2.1026013184e+03
-1.9404616699e+03
-1.7425679932e+03
-1.8884696045e+03
-1.8870131836e+03
-1.8870131836e+03
-1.8884694824e+03
-1.7425678711e+03
-2.3263620605e+03
-2.2344245605e+03
-2.2213703613e+03
-2.2213703613e+03
-2.2344245605e+03
-2.3263620605e+03
-2.1766389160e+03
-2.0859448242e+03
-2.0748378906e+03
-2.0748378906e+03
-2.0859448242e+03
-2.1766389160e+03
-2.1280974121e+03
-2.0387836914e+03
-2.0313394775e+03
-2.0313394775e+03
-2.0387838135e+03
-2.1280976562e+03
-2.0982529297e+03
-2.0085083008e+03
-2.0027969971e+03
-2.0027969971e+03
-2.0085083008e+03
-2.0982529297e+03
-2.0814404297e+03
-1.9909750977e+03
-1.9858897705e+03
-1.9858897705e+03
-1.9909752197e+03
-2.0814404297e+03
-2.0705627441e+03
-1.9797301025e+03
-1.9748569336e+03
-1.9748569336e+03
-1.9797301025e+03
-2.0705627441e+03
-2.0642697754e+03
-1.9736842041e+03
-1.9688175049e+03
-1.9688175049e+03
-1.9736842041e+03
-2.0642697754e+03
-2.0625234375e+03
-1.9727944336e+03
-1.9677291260e+03
-1.9677291260e+03
-1.9727945557e+03
-2.0625234375e+03
-2.0666157227e+03
-1.9780809326e+03
-1.9724078369e+03
-1.9724078369e+03
-1.9780809326e+03
-2.0666157227e+03
-2.0835078125e+03
-1.9958579102e+03
-1.9884698486e+03
-1.9884698486e+03
-1.9958580322e+03
-2.0835078125e+03
-2.1189445801e+03
-2.0302868652e+03
-2.0192834473e+03
-2.0192834473e+03
-2.0302868652e+03
-2.1189445801e+03
-2.2544763184e+03
-2.1646298828e+03
-2.1513811035e+03
-2.1513811035e+03
-2.1646298828e+03
-2.2544763184e+03
