-3.5106999512e+03
-3.3713688965e+03
-3.3520893555e+03
-3.3520893555e+03
-3.3713691406e+03
-3.5107001953e+03
-3.2745024414e+03
-3.1370344238e+03
-3.1203789062e+03
-3.1203786621e+03
-3.1370346680e+03
-3.2745024414e+03
-3.1904367676e+03
-3.0553552246e+03
-3.0441757812e+03
-3.0441757812e+03
-3.0553552246e+03
-3.1904367676e+03
-3.1344299316e+03
-2.9991428223e+03
-2.9905378418e+03
-2.9905378418e+03
-2.9991428223e+03
-3.1344301758e+03
-3.0980930176e+03
-2.9621604004e+03
-2.9544953613e+03
-2.9544953613e+03
-2.9621606445e+03
-3.0980930176e+03
-3.0706884766e+03
-2.9346574707e+03
-2.9273171387e+03
-2.9273171387e+03
-2.9346574707e+03
-3.0706884766e+03
-3.0501525879e+03
-2.9149431152e+03
-2.9076247559e+03
-2.9076247559e+03
-2.9149433594e+03
-3.0501525879e+03
-3.0363581543e+03
-2.9028745117e+03
-2.8952778320e+03
-2.8952778320e+03
-2.9028745117e+03
-3.0363583984e+03
-3.0311757812e+03
-2.8999121094e+03
-2.8914375000e+03
-2.8914372559e+03
-2.8999123535e+03
-3.0311760254e+03
-3.0448801270e+03
-2.9153374023e+03
-2.9043493652e+03
-2.9043493652e+03
-2.9153376465e+03
-3.0448801270e+03
-3.0861132812e+03
-2.9554291992e+03
-2.9391237793e+03
-2.9391237793e+03
-2.9554291992e+03
-3.0861132812e+03
-3.2757470703e+03
-3.1433898926e+03
-3.1234821777e+03
-3.1234821777e+03
-3.1433901367e+03
-3.2757470703e+03
-2.7216335449e+03
-2.9492097168e+03
-2.9459255371e+03
-2.9459255371e+03
-2.9492097168e+03
-2.7216333008e+03
-2.9937060547e+03
-3.2463645020e+03
-3.2545729980e+03
-3.2545729980e+03
-3.2463645020e+03
-2.9937058105e+03
-2.9923706055e+03
-3.2582673340e+03
-3.2662443848e+03
-3.2662443848e+03
-3.2582673340e+03
-2.9923703613e+03
-2.9765998535e+03
-3.2481850586e+03
-3.2576718750e+03
-3.2576718750e+03
-3.2481848145e+03
-2.9765998535e+03
-2.9507143555e+03
-3.2253076172e+03
-3.2355244141e+03
-3.2355244141e+03
-3.2253076172e+03
-2.9507141113e+03
-2.9279936523e+03
-3.2027641602e+03
-3.2133395996e+03
-3.2133395996e+03
-3.2027641602e+03
-2.9279934082e+03
-2.9087412109e+03
-3.1816909180e+03
-3.1921865234e+03
-3.1921865234e+03
-3.1816909180e+03
-2.9087412109e+03
-2.8929052734e+03
-3.1620776367e+03
-3.1720549316e+03
-3.1720549316e+03
-3.1620776367e+03
-2.8929052734e+03
-2.8800273438e+03
-3.1426882324e+03
-3.1517927246e+03
-3.1517927246e+03
-3.1426882324e+03
-2.8800270996e+03
-2.8571508789e+03
-3.1109291992e+03
-3.1183806152e+03
-3.1183806152e+03
-3.1109291992e+03
-2.8571508789e+03
-2.8199750977e+03
-3.0574064941e+03
-3.0652473145e+03
-3.0652473145e+03
-3.0574062500e+03
-2.8199748535e+03
-2.5167087402e+03
-2.7302182617e+03
-2.7282011719e+03
-2.7282011719e+03
-2.7302182617e+03
-2.5167084961e+03
-3.1171770020e+03
-3.0704724121e+03
-3.1345600586e+03
-3.1345603027e+03
-3.0704726562e+03
-3.1171770020e+03
-3.0438381348e+03
-2.9863640137e+03
-3.0507465820e+03
-3.0507465820e+03
-2.9863640137e+03
-3.0438383789e+03
-3.1175200195e+03
-3.0636376953e+03
-3.1311582031e+03
-3.1311582031e+03
-3.0636376953e+03
-3.1175200195e+03
-3.1359187012e+03
-3.0859890137e+03
-3.1546491699e+03
-3.1546491699e+03
-3.0859890137e+03
-3.1359187012e+03
-3.1393872070e+03
-3.0915288086e+03
-3.1608862305e+03
-3.1608862305e+03
-3.0915288086e+03
-3.1393872070e+03
-3.1285742188e+03
-3.0820251465e+03
-3.1514055176e+03
-3.1514055176e+03
-3.0820251465e+03
-3.1285744629e+03
-3.1091611328e+03
-3.0628779297e+03
-3.1317797852e+03
-3.1317797852e+03
-3.0628779297e+03
-3.1091611328e+03
-3.0811933594e+03
-3.0341396484e+03
-3.1020637207e+03
-3.1020637207e+03
-3.0341396484e+03
-3.0811933594e+03
-3.0392861328e+03
-2.9906735840e+03
-3.0569936523e+03
-3.0569936523e+03
-2.9906735840e+03
-3.0392861328e+03
-2.9825839844e+03
-2.9305949707e+03
-2.9949191895e+03
-2.9949191895e+03
-2.9305949707e+03
-2.9825839844e+03
-2.8720590820e+03
-2.8169025879e+03
-2.8778837891e+03
-2.8778837891e+03
-2.8169025879e+03
-2.8720593262e+03
-2.8989897461e+03
-2.8547031250e+03
-2.9150861816e+03
-2.9150861816e+03
-2.8547031250e+03
-2.8989897461e+03
-3.1122736816e+03
-3.1283374023e+03
-3.0977780762e+03
-3.0977780762e+03
-3.1283374023e+03
-3.1122736816e+03
-3.1432431641e+03
-3.1581835938e+03
-3.1236110840e+03
-3.1236110840e+03
-3.1581833496e+03
-3.1432431641e+03
-3.0969411621e+03
-3.1056264648e+03
-3.0707863770e+03
-3.0707863770e+03
-3.1056264648e+03
-3.0969411621e+03
-3.0987788086e+03
-3.1041984863e+03
-3.0698571777e+03
-3.0698571777e+03
-3.1041982422e+03
-3.0987788086e+03
-3.0940712891e+03
-3.0981232910e+03
-3.0640102539e+03
-3.0640102539e+03
-3.0981232910e+03
-3.0940712891e+03
-3.0846025391e+03
-3.0878527832e+03
-3.0539619141e+03
-3.0539619141e+03
-3.0878527832e+03
-3.0846025391e+03
-3.0664645996e+03
-3.0696074219e+03
-3.0359030762e+03
-3.0359030762e+03
-3.0696074219e+03
-3.0664645996e+03
-3.0396430664e+03
-3.0433579102e+03
-3.0098024902e+03
-3.0098024902e+03
-3.0433579102e+03
-3.0396428223e+03
-3.0077731934e+03
-3.0125671387e+03
-2.9791513672e+03
-2.9791513672e+03
-3.0125671387e+03
-3.0077731934e+03
-2.9690222168e+03
-2.9767500000e+03
-2.9431796875e+03
-2.9431796875e+03
-2.9767500000e+03
-2.9690219727e+03
-2.9757761230e+03
-2.9888312988e+03
-2.9558735352e+03
-2.9558735352e+03
-2.9888312988e+03
-2.9757761230e+03
-2.9089011230e+03
-2.9235112305e+03
-2.8946857910e+03
-2.8946857910e+03
-2.9235112305e+03
-2.9089011230e+03
-3.1509018555e+03
-3.1371289062e+03
-3.1473674316e+03
-3.1473674316e+03
-3.1371289062e+03
-3.1509018555e+03
-3.1072939453e+03
-3.0975168457e+03
-3.1105058594e+03
-3.1105058594e+03
-3.0975168457e+03
-3.1072939453e+03
-3.1153271484e+03
-3.1076733398e+03
-3.1188332520e+03
-3.1188332520e+03
-3.1076733398e+03
-3.1153271484e+03
-3.0901047363e+03
-3.0821328125e+03
-3.0920107422e+03
-3.0920107422e+03
-3.0821328125e+03
-3.0901047363e+03
-3.0742050781e+03
-3.0655161133e+03
-3.0748044434e+03
-3.0748044434e+03
-3.0655161133e+03
-3.0742050781e+03
-3.0573967285e+03
-3.0484470215e+03
-3.0574194336e+03
-3.0574194336e+03
-3.0484470215e+03
-3.0573967285e+03
-3.0403786621e+03
-3.0314348145e+03
-3.0403193359e+03
-3.0403193359e+03
-3.0314348145e+03
-3.0403786621e+03
-3.0230136719e+03
-3.0143464355e+03
-3.0233588867e+03
-3.0233588867e+03
-3.0143464355e+03
-3.0230136719e+03
-3.0045708008e+03
-2.9966062012e+03
-3.0060085449e+03
-3.0060085449e+03
-2.9966062012e+03
-3.0045708008e+03
-2.9947685547e+03
-2.9871289062e+03
-2.9975139160e+03
-2.9975139160e+03
-2.9871289062e+03
-2.9947685547e+03
-2.9533376465e+03
-2.9434885254e+03
-2.9556606445e+03
-2.9556606445e+03
-2.9434885254e+03
-2.9533376465e+03
-2.9590048828e+03
-2.9458991699e+03
-2.9555402832e+03
-2.9555402832e+03
-2.9458991699e+03
-2.9590048828e+03
-3.1261066895e+03
-3.1361123047e+03
-3.1307197266e+03
-3.1307197266e+03
-3.1361123047e+03
-3.1261066895e+03
-3.1222946777e+03
-3.1283088379e+03
-3.1221870117e+03
-3.1221870117e+03
-3.1283088379e+03
-3.1222946777e+03
-3.0900710449e+03
-3.0946606445e+03
-3.0905771484e+03
-3.0905771484e+03
-3.0946606445e+03
-3.0900710449e+03
-3.0820952148e+03
-3.0870539551e+03
-3.0833466797e+03
-3.0833466797e+03
-3.0870539551e+03
-3.0820952148e+03
-3.0651359863e+03
-3.0702846680e+03
-3.0665791016e+03
-3.0665791016e+03
-3.0702846680e+03
-3.0651359863e+03
-3.0496345215e+03
-3.0547373047e+03
-3.0510166016e+03
-3.0510166016e+03
-3.0547373047e+03
-3.0496345215e+03
-3.0340678711e+03
-3.0391086426e+03
-3.0353930664e+03
-3.0353930664e+03
-3.0391086426e+03
-3.0340678711e+03
-3.0184406738e+03
-3.0234023438e+03
-3.0197089844e+03
-3.0197089844e+03
-3.0234023438e+03
-3.0184406738e+03
-3.0041047363e+03
-3.0087268066e+03
-3.0050417480e+03
-3.0050417480e+03
-3.0087268066e+03
-3.0041047363e+03
-2.9809707031e+03
-2.9851206055e+03
-2.9810849609e+03
-2.9810849609e+03
-2.9851206055e+03
-2.9809707031e+03
-2.9803820801e+03
-2.9854516602e+03
-2.9796354980e+03
-2.9796354980e+03
-2.9854516602e+03
-2.9803820801e+03
-2.9522048340e+03
-2.9613879395e+03
-2.9563974609e+03
-2.9563974609e+03
-2.9613879395e+03
-2.9522048340e+03
-3.1273205566e+03
-3.1222043457e+03
-3.1258752441e+03
-3.1258752441e+03
-3.1222043457e+03
-3.1273205566e+03
-3.1031076660e+03
-3.1019799805e+03
-3.1055847168e+03
-3.1055847168e+03
-3.1019799805e+03
-3.1031076660e+03
-3.0983334961e+03
-3.0972849121e+03
-3.0993598633e+03
-3.0993598633e+03
-3.0972849121e+03
-3.0983334961e+03
-3.0776511230e+03
-3.0760661621e+03
-3.0781127930e+03
-3.0781127930e+03
-3.0760661621e+03
-3.0776511230e+03
-3.0651533203e+03
-3.0634313965e+03
-3.0655432129e+03
-3.0655432129e+03
-3.0634313965e+03
-3.0651533203e+03
-3.0510573730e+03
-3.0493613281e+03
-3.0514648438e+03
-3.0514648438e+03
-3.0493613281e+03
-3.0510573730e+03
-3.0372416992e+03
-3.0355263672e+03
-3.0376013184e+03
-3.0376013184e+03
-3.0355263672e+03
-3.0372416992e+03
-3.0236232910e+03
-3.0218425293e+03
-3.0238642578e+03
-3.0238642578e+03
-3.0218425293e+03
-3.0236232910e+03
-3.0083586426e+03
-3.0066484375e+03
-3.0085483398e+03
-3.0085483398e+03
-3.0066484375e+03
-3.0083586426e+03
-3.0006049805e+03
-2.9993405762e+03
-3.0011547852e+03
-3.0011547852e+03
-2.9993405762e+03
-3.0006049805e+03
-2.9777485352e+03
-2.9761303711e+03
-2.9794645996e+03
-2.9794645996e+03
-2.9761303711e+03
-2.9777485352e+03
-2.9718635254e+03
-2.9669077148e+03
-2.9704033203e+03
-2.9704033203e+03
-2.9669077148e+03
-2.9718635254e+03
-3.1087248535e+03
-3.1123312988e+03
-3.1100959473e+03
-3.1100959473e+03
-3.1123312988e+03
-3.1087248535e+03
-3.1020573730e+03
-3.1026296387e+03
-3.1009497070e+03
-3.1009497070e+03
-3.1026296387e+03
-3.1020573730e+03
-3.0831674805e+03
-3.0838925781e+03
-3.0833435059e+03
-3.0833435059e+03
-3.0838925781e+03
-3.0831674805e+03
-3.0754274902e+03
-3.0764990234e+03
-3.0757011719e+03
-3.0757011719e+03
-3.0764990234e+03
-3.0754274902e+03
-3.0616425781e+03
-3.0626765137e+03
-3.0617775879e+03
-3.0617775879e+03
-3.0626765137e+03
-3.0616425781e+03
-3.0498957520e+03
-3.0508193359e+03
-3.0499233398e+03
-3.0499233398e+03
-3.0508193359e+03
-3.0498957520e+03
-3.0380048828e+03
-3.0388933105e+03
-3.0379877930e+03
-3.0379877930e+03
-3.0388933105e+03
-3.0380048828e+03
-3.0259611816e+03
-3.0268911133e+03
-3.0259597168e+03
-3.0259597168e+03
-3.0268911133e+03
-3.0259611816e+03
-3.0157551270e+03
-3.0166259766e+03
-3.0157646484e+03
-3.0157646484e+03
-3.0166259766e+03
-3.0157551270e+03
-2.9996506348e+03
-3.0001262207e+03
-2.9994636230e+03
-2.9994636230e+03
-3.0001262207e+03
-2.9996506348e+03
-2.9937512207e+03
-2.9937990723e+03
-2.9921677246e+03
-2.9921677246e+03
-2.9937990723e+03
-2.9937512207e+03
-2.9756162109e+03
-2.9787939453e+03
-2.9767385254e+03
-2.9767385254e+03
-2.9787939453e+03
-2.9756162109e+03
-3.1012399902e+03
-3.0988027344e+03
-3.1002585449e+03
-3.1002585449e+03
-3.0988027344e+03
-3.1012399902e+03
-3.0867451172e+03
-3.0870048828e+03
-3.0878647461e+03
-3.0878647461e+03
-3.0870048828e+03
-3.0867451172e+03
-3.0812744141e+03
-3.0809299316e+03
-3.0811264648e+03
-3.0811264648e+03
-3.0809299316e+03
-3.0812744141e+03
-3.0681262207e+03
-3.0675708008e+03
-3.0680273438e+03
-3.0680273438e+03
-3.0675708008e+03
-3.0681262207e+03
-3.0597463379e+03
-3.0591870117e+03
-3.0596884766e+03
-3.0596884766e+03
-3.0591870117e+03
-3.0597463379e+03
-3.0496186523e+03
-3.0491469727e+03
-3.0495776367e+03
-3.0495776367e+03
-3.0491469727e+03
-3.0496186523e+03
-3.0398671875e+03
-3.0393776855e+03
-3.0397927246e+03
-3.0397927246e+03
-3.0393776855e+03
-3.0398671875e+03
-3.0304318848e+03
-3.0298146973e+03
-3.0302666016e+03
-3.0302666016e+03
-3.0298146973e+03
-3.0304318848e+03
-3.0192575684e+03
-3.0185949707e+03
-3.0189733887e+03
-3.0189733887e+03
-3.0185949707e+03
-3.0192575684e+03
-3.0123947754e+03
-3.0118776855e+03
-3.0119504395e+03
-3.0119504395e+03
-3.0118776855e+03
-3.0123947754e+03
-2.9982224121e+03
-2.9980593262e+03
-2.9988176270e+03
-2.9988176270e+03
-2.9980593262e+03
-2.9982224121e+03
-2.9916525879e+03
-2.9892443848e+03
-2.9906325684e+03
-2.9906325684e+03
-2.9892443848e+03
-2.9916525879e+03
-3.0850090332e+03
-3.0868100586e+03
-3.0857497559e+03
-3.0857497559e+03
-3.0868100586e+03
-3.0850090332e+03
-3.0800878906e+03
-3.0799814453e+03
-3.0795549316e+03
-3.0795549316e+03
-3.0799814453e+03
-3.0800878906e+03
-3.0692995605e+03
-3.0696787109e+03
-3.0697114258e+03
-3.0697114258e+03
-3.0696787109e+03
-3.0692995605e+03
-3.0640957031e+03
-3.0644863281e+03
-3.0642375488e+03
-3.0642375488e+03
-3.0644863281e+03
-3.0640957031e+03
-3.0553847656e+03
-3.0557834473e+03
-3.0554855957e+03
-3.0554855957e+03
-3.0557834473e+03
-3.0553847656e+03
-3.0482995605e+03
-3.0485361328e+03
-3.0483300781e+03
-3.0483300781e+03
-3.0485361328e+03
-3.0482995605e+03
-3.0408259277e+03
-3.0410415039e+03
-3.0408278809e+03
-3.0408278809e+03
-3.0410415039e+03
-3.0408259277e+03
-3.0329658203e+03
-3.0333066406e+03
-3.0329848633e+03
-3.0329848633e+03
-3.0333066406e+03
-3.0329658203e+03
-3.0265795898e+03
-3.0268515625e+03
-3.0265578613e+03
-3.0265578613e+03
-3.0268515625e+03
-3.0265795898e+03
-3.0167736816e+03
-3.0169982910e+03
-3.0169392090e+03
-3.0169392090e+03
-3.0169982910e+03
-3.0167736816e+03
-3.0120419922e+03
-3.0116389160e+03
-3.0112050781e+03
-3.0112050781e+03
-3.0116389160e+03
-3.0120419922e+03
-3.0013044434e+03
-3.0028688965e+03
-3.0019023438e+03
-3.0019023438e+03
-3.0028688965e+03
-3.0013044434e+03
-3.0739382324e+03
-3.0727236328e+03
-3.0734577637e+03
-3.0734577637e+03
-3.0727236328e+03
-3.0739382324e+03
-3.0664250488e+03
-3.0668305664e+03
-3.0670725098e+03
-3.0670725098e+03
-3.0668305664e+03
-3.0664250488e+03
-3.0635771484e+03
-3.0633498535e+03
-3.0633449707e+03
-3.0633449707e+03
-3.0633498535e+03
-3.0635771484e+03
-3.0566906738e+03
-3.0565566406e+03
-3.0567548828e+03
-3.0567548828e+03
-3.0565566406e+03
-3.0566906738e+03
-3.0526237793e+03
-3.0523352051e+03
-3.0525732422e+03
-3.0525732422e+03
-3.0523352051e+03
-3.0526237793e+03
-3.0471408691e+03
-3.0470622559e+03
-3.0471340332e+03
-3.0471340332e+03
-3.0470622559e+03
-3.0471408691e+03
-3.0420747070e+03
-3.0419875488e+03
-3.0420522461e+03
-3.0420522461e+03
-3.0419875488e+03
-3.0420747070e+03
-3.0373847656e+03
-3.0370634766e+03
-3.0372761230e+03
-3.0372761230e+03
-3.0370634766e+03
-3.0373847656e+03
-3.0313071289e+03
-3.0311145020e+03
-3.0312714844e+03
-3.0312714844e+03
-3.0311145020e+03
-3.0313071289e+03
-3.0277895508e+03
-3.0274755859e+03
-3.0274130859e+03
-3.0274130859e+03
-3.0274755859e+03
-3.0277895508e+03
-3.0204270020e+03
-3.0205952148e+03
-3.0207983398e+03
-3.0207983398e+03
-3.0205952148e+03
-3.0204267578e+03
-3.0170017090e+03
-3.0157995605e+03
-3.0164995117e+03
-3.0164995117e+03
-3.0157995605e+03
-3.0170017090e+03
-3.0582900391e+03
-3.0592097168e+03
-3.0586750488e+03
-3.0586750488e+03
-3.0592097168e+03
-3.0582900391e+03
-3.0571777344e+03
-3.0569335938e+03
-3.0568137207e+03
-3.0568137207e+03
-3.0569335938e+03
-3.0571777344e+03
-3.0528247070e+03
-3.0531015625e+03
-3.0531589355e+03
-3.0531589355e+03
-3.0531015625e+03
-3.0528247070e+03
-3.0516147461e+03
-3.0516420898e+03
-3.0515266113e+03
-3.0515266113e+03
-3.0516420898e+03
-3.0516147461e+03
-3.0481240234e+03
-3.0484360352e+03
-3.0482304688e+03
-3.0482304688e+03
-3.0484360352e+03
-3.0481240234e+03
-3.0459863281e+03
-3.0459328613e+03
-3.0459697266e+03
-3.0459697266e+03
-3.0459328613e+03
-3.0459863281e+03
-3.0433974609e+03
-3.0433347168e+03
-3.0433686523e+03
-3.0433686523e+03
-3.0433347168e+03
-3.0433974609e+03
-3.0403698730e+03
-3.0406618652e+03
-3.0404489746e+03
-3.0404489746e+03
-3.0406618652e+03
-3.0403698730e+03
-3.0386115723e+03
-3.0385979004e+03
-3.0384692383e+03
-3.0384692383e+03
-3.0385979004e+03
-3.0386115723e+03
-3.0346567383e+03
-3.0348745117e+03
-3.0348972168e+03
-3.0348972168e+03
-3.0348745117e+03
-3.0346567383e+03
-3.0335961914e+03
-3.0332629395e+03
-3.0331379395e+03
-3.0331379395e+03
-3.0332629395e+03
-3.0335961914e+03
-3.0293237305e+03
-3.0301413574e+03
-3.0296508789e+03
-3.0296508789e+03
-3.0301413574e+03
-3.0293237305e+03
-3.0454104004e+03
-3.0447553711e+03
-3.0451328125e+03
-3.0451328125e+03
-3.0447553711e+03
-3.0454104004e+03
-3.0441682129e+03
-3.0444401855e+03
-3.0445097656e+03
-3.0445097656e+03
-3.0444401855e+03
-3.0441682129e+03
-3.0454902344e+03
-3.0452263184e+03
-3.0451770020e+03
-3.0451770020e+03
-3.0452263184e+03
-3.0454902344e+03
-3.0442551270e+03
-3.0443813477e+03
-3.0444553223e+03
-3.0444553223e+03
-3.0443813477e+03
-3.0442551270e+03
-3.0450900879e+03
-3.0446970215e+03
-3.0449289551e+03
-3.0449289551e+03
-3.0446970215e+03
-3.0450900879e+03
-3.0445139160e+03
-3.0447089844e+03
-3.0445512695e+03
-3.0445512695e+03
-3.0447089844e+03
-3.0445139160e+03
-3.0444511719e+03
-3.0446496582e+03
-3.0444924316e+03
-3.0444924316e+03
-3.0446496582e+03
-3.0444511719e+03
-3.0448857422e+03
-3.0444941406e+03
-3.0447236328e+03
-3.0447236328e+03
-3.0444941406e+03
-3.0448857422e+03
-3.0439584961e+03
-3.0440864258e+03
-3.0441560059e+03
-3.0441560059e+03
-3.0440864258e+03
-3.0439584961e+03
-3.0449995117e+03
-3.0447431641e+03
-3.0446958008e+03
-3.0446958008e+03
-3.0447431641e+03
-3.0449995117e+03
-3.0436345215e+03
-3.0438859863e+03
-3.0439521484e+03
-3.0439521484e+03
-3.0438859863e+03
-3.0436345215e+03
-3.0446574707e+03
-3.0440466309e+03
-3.0443986816e+03
-3.0443986816e+03
-3.0440466309e+03
-3.0446574707e+03
-3.0303203125e+03
-3.0307785645e+03
-3.0305126953e+03
-3.0305126953e+03
-3.0307785645e+03
-3.0303203125e+03
-3.0339020996e+03
-3.0335935059e+03
-3.0335432129e+03
-3.0335432129e+03
-3.0335935059e+03
-3.0339020996e+03
-3.0353134766e+03
-3.0355720215e+03
-3.0356093750e+03
-3.0356093750e+03
-3.0355720215e+03
-3.0353134766e+03
-3.0389609375e+03
-3.0386477051e+03
-3.0385979004e+03
-3.0385979004e+03
-3.0386477051e+03
-3.0389609375e+03
-3.0404594727e+03
-3.0410061035e+03
-3.0406899414e+03
-3.0406899414e+03
-3.0410061035e+03
-3.0404594727e+03
-3.0435986328e+03
-3.0431882324e+03
-3.0435021973e+03
-3.0435021973e+03
-3.0431882324e+03
-3.0435986328e+03
-3.0460578613e+03
-3.0456496582e+03
-3.0459655762e+03
-3.0459655762e+03
-3.0456496582e+03
-3.0460578613e+03
-3.0478574219e+03
-3.0484182129e+03
-3.0481145020e+03
-3.0481145020e+03
-3.0484182129e+03
-3.0478574219e+03
-3.0512768555e+03
-3.0509980469e+03
-3.0509687500e+03
-3.0509687500e+03
-3.0509980469e+03
-3.0512768555e+03
-3.0526733398e+03
-3.0529711914e+03
-3.0530363770e+03
-3.0530363770e+03
-3.0529711914e+03
-3.0526733398e+03
-3.0562326660e+03
-3.0560439453e+03
-3.0560065918e+03
-3.0560065918e+03
-3.0560439453e+03
-3.0562326660e+03
-3.0579458008e+03
-3.0584091797e+03
-3.0581542969e+03
-3.0581542969e+03
-3.0584091797e+03
-3.0579458008e+03
-3.0170837402e+03
-3.0166911621e+03
-3.0168906250e+03
-3.0168906250e+03
-3.0166911621e+03
-3.0170837402e+03
-3.0216335449e+03
-3.0217648926e+03
-3.0217802734e+03
-3.0217802734e+03
-3.0217648926e+03
-3.0216335449e+03
-3.0277292480e+03
-3.0273444824e+03
-3.0272504883e+03
-3.0272504883e+03
-3.0273444824e+03
-3.0277292480e+03
-3.0315515137e+03
-3.0320117188e+03
-3.0320070801e+03
-3.0320070801e+03
-3.0320117188e+03
-3.0315515137e+03
-3.0377878418e+03
-3.0369108887e+03
-3.0373439941e+03
-3.0373439941e+03
-3.0369108887e+03
-3.0377878418e+03
-3.0417951660e+03
-3.0425056152e+03
-3.0419272461e+03
-3.0419272461e+03
-3.0425056152e+03
-3.0417951660e+03
-3.0467382812e+03
-3.0474636230e+03
-3.0468940430e+03
-3.0468940430e+03
-3.0474636230e+03
-3.0467382812e+03
-3.0526250000e+03
-3.0517883301e+03
-3.0522395020e+03
-3.0522395020e+03
-3.0517883301e+03
-3.0526250000e+03
-3.0563654785e+03
-3.0568896484e+03
-3.0569172363e+03
-3.0569172363e+03
-3.0568896484e+03
-3.0563654785e+03
-3.0625393066e+03
-3.0622565918e+03
-3.0622238770e+03
-3.0622238770e+03
-3.0622565918e+03
-3.0625393066e+03
-3.0666123047e+03
-3.0669416504e+03
-3.0669809570e+03
-3.0669809570e+03
-3.0669416504e+03
-3.0666123047e+03
-3.0725314941e+03
-3.0722365723e+03
-3.0724074707e+03
-3.0724074707e+03
-3.0722365723e+03
-3.0725314941e+03
-3.0030625000e+03
-3.0032756348e+03
-3.0031494141e+03
-3.0031494141e+03
-3.0032756348e+03
-3.0030625000e+03
-3.0115078125e+03
-3.0111147461e+03
-3.0110793457e+03
-3.0110793457e+03
-3.0111147461e+03
-3.0115078125e+03
-3.0180815430e+03
-3.0184140625e+03
-3.0184379883e+03
-3.0184379883e+03
-3.0184140625e+03
-3.0180815430e+03
-3.0270063477e+03
-3.0261801758e+03
-3.0261464844e+03
-3.0261464844e+03
-3.0261801758e+03
-3.0270063477e+03
-3.0326738281e+03
-3.0339868164e+03
-3.0333125000e+03
-3.0333125000e+03
-3.0339868164e+03
-3.0326738281e+03
-3.0414960938e+03
-3.0402341309e+03
-3.0412353516e+03
-3.0412353516e+03
-3.0402341309e+03
-3.0414960938e+03
-3.0488481445e+03
-3.0476005859e+03
-3.0486069336e+03
-3.0486069336e+03
-3.0476005859e+03
-3.0488481445e+03
-3.0547600098e+03
-3.0561164551e+03
-3.0554748535e+03
-3.0554748535e+03
-3.0561164551e+03
-3.0547600098e+03
-3.0638544922e+03
-3.0631342773e+03
-3.0631540527e+03
-3.0631540527e+03
-3.0631342773e+03
-3.0638544922e+03
-3.0698837891e+03
-3.0703508301e+03
-3.0704628906e+03
-3.0704628906e+03
-3.0703508301e+03
-3.0698837891e+03
-3.0783188477e+03
-3.0782473145e+03
-3.0782468262e+03
-3.0782468262e+03
-3.0782473145e+03
-3.0783188477e+03
-3.0855358887e+03
-3.0858430176e+03
-3.0857031250e+03
-3.0857031250e+03
-3.0858430176e+03
-3.0855358887e+03
-2.9906154785e+03
-2.9903225098e+03
-2.9904294434e+03
-2.9904294434e+03
-2.9903225098e+03
-2.9906154785e+03
-3.0003940430e+03
-3.0004228516e+03
-3.0003967285e+03
-3.0003967285e+03
-3.0004228516e+03
-3.0003940430e+03
-3.0112780762e+03
-3.0106777344e+03
-3.0105488281e+03
-3.0105488281e+03
-3.0106777344e+03
-3.0112780762e+03
-3.0192414551e+03
-3.0203120117e+03
-3.0202958984e+03
-3.0202958984e+03
-3.0203120117e+03
-3.0192414551e+03
-3.0315227051e+03
-3.0293596191e+03
-3.0302890625e+03
-3.0302890625e+03
-3.0293596191e+03
-3.0315227051e+03
-3.0388496094e+03
-3.0410034180e+03
-3.0392167969e+03
-3.0392167969e+03
-3.0410034180e+03
-3.0388496094e+03
-3.0484858398e+03
-3.0506638184e+03
-3.0488957520e+03
-3.0488957520e+03
-3.0506638184e+03
-3.0484858398e+03
-3.0604587402e+03
-3.0583757324e+03
-3.0593422852e+03
-3.0593422852e+03
-3.0583757324e+03
-3.0604587402e+03
-3.0676035156e+03
-3.0687980957e+03
-3.0688476562e+03
-3.0688476562e+03
-3.0687980957e+03
-3.0676035156e+03
-3.0791794434e+03
-3.0787700195e+03
-3.0787583008e+03
-3.0787583008e+03
-3.0787700195e+03
-3.0791794434e+03
-3.0880556641e+03
-3.0884863281e+03
-3.0885073242e+03
-3.0885073242e+03
-3.0884863281e+03
-3.0880556641e+03
-3.0987546387e+03
-3.0986188965e+03
-3.0986889648e+03
-3.0986889648e+03
-3.0986188965e+03
-3.0987546387e+03
-2.9782849121e+03
-2.9783720703e+03
-2.9783352051e+03
-2.9783352051e+03
-2.9783720703e+03
-2.9782849121e+03
-2.9912871094e+03
-2.9907709961e+03
-2.9907661133e+03
-2.9907661133e+03
-2.9907709961e+03
-2.9912871094e+03
-3.0023422852e+03
-3.0028327637e+03
-3.0027927246e+03
-3.0027927246e+03
-3.0028327637e+03
-3.0023422852e+03
-3.0167258301e+03
-3.0150097656e+03
-3.0149008789e+03
-3.0149008789e+03
-3.0150097656e+03
-3.0167258301e+03
-3.0246987305e+03
-3.0279833984e+03
-3.0266452637e+03
-3.0266452637e+03
-3.0279833984e+03
-3.0246987305e+03
-3.0403842773e+03
-3.0365302734e+03
-3.0396767578e+03
-3.0396767578e+03
-3.0365302734e+03
-3.0403842773e+03
-3.0521640625e+03
-3.0483386230e+03
-3.0514899902e+03
-3.0514899902e+03
-3.0483386230e+03
-3.0521640625e+03
-3.0600832520e+03
-3.0634350586e+03
-3.0621467285e+03
-3.0621467285e+03
-3.0634350586e+03
-3.0600832520e+03
-3.0757744141e+03
-3.0742280273e+03
-3.0742036133e+03
-3.0742036133e+03
-3.0742280273e+03
-3.0757744141e+03
-3.0853220215e+03
-3.0860334473e+03
-3.0861362305e+03
-3.0861362305e+03
-3.0860334473e+03
-3.0853220215e+03
-3.0983535156e+03
-3.0983435059e+03
-3.0983947754e+03
-3.0983947754e+03
-3.0983435059e+03
-3.0983535156e+03
-3.1104145508e+03
-3.1106711426e+03
-3.1106020508e+03
-3.1106020508e+03
-3.1106711426e+03
-3.1104145508e+03
-2.9675769043e+03
-2.9673964844e+03
-2.9674892578e+03
-2.9674892578e+03
-2.9673964844e+03
-2.9675769043e+03
-2.9818332520e+03
-2.9818959961e+03
-2.9818564453e+03
-2.9818564453e+03
-2.9818959961e+03
-2.9818332520e+03
-2.9969809570e+03
-2.9961596680e+03
-2.9961806641e+03
-2.9961806641e+03
-2.9961596680e+03
-2.9969809570e+03
-3.0078400879e+03
-3.0099875488e+03
-3.0100937500e+03
-3.0100937500e+03
-3.0099875488e+03
-3.0078400879e+03
-3.0275568848e+03
-3.0223918457e+03
-3.0240356445e+03
-3.0240356445e+03
-3.0223918457e+03
-3.0275568848e+03
-3.0346958008e+03
-3.0415932617e+03
-3.0360075684e+03
-3.0360075684e+03
-3.0415932617e+03
-3.0346958008e+03
-3.0484187012e+03
-3.0553435059e+03
-3.0497895508e+03
-3.0497895508e+03
-3.0553435059e+03
-3.0484187012e+03
-3.0687607422e+03
-3.0637114258e+03
-3.0654130859e+03
-3.0654130859e+03
-3.0637114258e+03
-3.0687607422e+03
-3.0766992188e+03
-3.0790251465e+03
-3.0792260742e+03
-3.0792260742e+03
-3.0790251465e+03
-3.0766992188e+03
-3.0936843262e+03
-3.0931301270e+03
-3.0933156738e+03
-3.0933156738e+03
-3.0931301270e+03
-3.0936843262e+03
-3.1066477051e+03
-3.1072888184e+03
-3.1073156738e+03
-3.1073156738e+03
-3.1072888184e+03
-3.1066477051e+03
-3.1215686035e+03
-3.1216003418e+03
-3.1216467285e+03
-3.1216467285e+03
-3.1216003418e+03
-3.1215686035e+03
-2.9582568359e+03
-2.9579218750e+03
-2.9576579590e+03
-2.9576579590e+03
-2.9579218750e+03
-2.9582568359e+03
-2.9750637207e+03
-2.9741965332e+03
-2.9740117188e+03
-2.9740117188e+03
-2.9741965332e+03
-2.9750637207e+03
-2.9895444336e+03
-2.9902956543e+03
-2.9898464355e+03
-2.9898464355e+03
-2.9902956543e+03
-2.9895444336e+03
-3.0086052246e+03
-3.0058686523e+03
-3.0057399902e+03
-3.0057399902e+03
-3.0058686523e+03
-3.0086052246e+03
-3.0150676270e+03
-3.0229384766e+03
-3.0212797852e+03
-3.0212797852e+03
-3.0229384766e+03
-3.0150676270e+03
-3.0417912598e+03
-3.0295317383e+03
-3.0394265137e+03
-3.0394265137e+03
-3.0295317383e+03
-3.0417912598e+03
-3.0572546387e+03
-3.0450405273e+03
-3.0549353027e+03
-3.0549353027e+03
-3.0450405273e+03
-3.0572546387e+03
-3.0615234375e+03
-3.0694836426e+03
-3.0678811035e+03
-3.0678811035e+03
-3.0694836426e+03
-3.0615234375e+03
-3.0861347656e+03
-3.0836149902e+03
-3.0835935059e+03
-3.0835935059e+03
-3.0836149902e+03
-3.0861347656e+03
-3.0984704590e+03
-3.0995131836e+03
-3.0992519531e+03
-3.0992519531e+03
-3.0995131836e+03
-3.0984704590e+03
-3.1156240234e+03
-3.1154140625e+03
-3.1153024902e+03
-3.1153024902e+03
-3.1154140625e+03
-3.1156240234e+03
-3.1316984863e+03
-3.1315908203e+03
-3.1312805176e+03
-3.1312805176e+03
-3.1315908203e+03
-3.1316984863e+03
-2.9518793945e+03
-2.9512507324e+03
-2.9512585449e+03
-2.9512585449e+03
-2.9512507324e+03
-2.9518793945e+03
-2.9687695312e+03
-2.9680776367e+03
-2.9677160645e+03
-2.9677160645e+03
-2.9680776367e+03
-2.9687695312e+03
-2.9866738281e+03
-2.9841044922e+03
-2.9837727051e+03
-2.9837727051e+03
-2.9841044922e+03
-2.9866738281e+03
-2.9994702148e+03
-3.0010056152e+03
-2.9994365234e+03
-2.9994365234e+03
-3.0010056152e+03
-2.9994702148e+03
-3.0286391602e+03
-3.0161547852e+03
-3.0158510742e+03
-3.0158510742e+03
-3.0161547852e+03
-3.0286391602e+03
-3.0255363770e+03
-3.0467729492e+03
-3.0289567871e+03
-3.0289567871e+03
-3.0467727051e+03
-3.0255363770e+03
-3.0424826660e+03
-3.0637446289e+03
-3.0459719238e+03
-3.0459719238e+03
-3.0637446289e+03
-3.0424826660e+03
-3.0795156250e+03
-3.0671625977e+03
-3.0669436035e+03
-3.0669436035e+03
-3.0671625977e+03
-3.0795156250e+03
-3.0844777832e+03
-3.0862392578e+03
-3.0847954102e+03
-3.0847954102e+03
-3.0862392578e+03
-3.0844777832e+03
-3.1060788574e+03
-3.1038378906e+03
-3.1037124023e+03
-3.1037124023e+03
-3.1038378906e+03
-3.1060788574e+03
-3.1228698730e+03
-3.1228977051e+03
-3.1226198730e+03
-3.1226198730e+03
-3.1228977051e+03
-3.1228698730e+03
-3.1420107422e+03
-3.1416394043e+03
-3.1415930176e+03
-3.1415930176e+03
-3.1416394043e+03
-3.1420107422e+03
-2.9447158203e+03
-2.9464096680e+03
-2.9481801758e+03
-2.9481801758e+03
-2.9464096680e+03
-2.9447158203e+03
-2.9624279785e+03
-2.9631206055e+03
-2.9646665039e+03
-2.9646665039e+03
-2.9631206055e+03
-2.9624279785e+03
-2.9781032715e+03
-2.9809375000e+03
-2.9822739258e+03
-2.9822739258e+03
-2.9809375000e+03
-2.9781032715e+03
-2.9994326172e+03
-2.9965017090e+03
-3.0005349121e+03
-3.0005349121e+03
-2.9965017090e+03
-2.9994326172e+03
-3.0020600586e+03
-3.0149882812e+03
-3.0172321777e+03
-3.0172321777e+03
-3.0149882812e+03
-3.0020600586e+03
-3.0552131348e+03
-3.0128149414e+03
-3.0389001465e+03
-3.0389001465e+03
-3.0128149414e+03
-3.0552133789e+03
-3.0733798828e+03
-3.0310373535e+03
-3.0571298828e+03
-3.0571301270e+03
-3.0310373535e+03
-3.0733798828e+03
-3.0566298828e+03
-3.0696921387e+03
-3.0719956055e+03
-3.0719956055e+03
-3.0696921387e+03
-3.0566298828e+03
-3.0905429688e+03
-3.0878698730e+03
-3.0920217285e+03
-3.0920217285e+03
-3.0878698730e+03
-3.0905429688e+03
-3.1060922852e+03
-3.1092788086e+03
-3.1108334961e+03
-3.1108334961e+03
-3.1092788086e+03
-3.1060922852e+03
-3.1276059570e+03
-3.1290710449e+03
-3.1307045898e+03
-3.1307045898e+03
-3.1290710449e+03
-3.1276059570e+03
-3.1485349121e+03
-3.1505026855e+03
-3.1522202148e+03
-3.1522202148e+03
-3.1505026855e+03
-3.1485349121e+03
-2.9316350098e+03
-2.9346740723e+03
-2.9373911133e+03
-2.9373911133e+03
-2.9346740723e+03
-2.9316350098e+03
-2.9492524414e+03
-2.9544841309e+03
-2.9581308594e+03
-2.9581308594e+03
-2.9544841309e+03
-2.9492524414e+03
-2.9676594238e+03
-2.9766940918e+03
-2.9834611816e+03
-2.9834611816e+03
-2.9766940918e+03
-2.9676594238e+03
-2.9800034180e+03
-3.0032778320e+03
-3.0104790039e+03
-3.0104790039e+03
-3.0032778320e+03
-2.9800034180e+03
-3.0100529785e+03
-3.0223063965e+03
-3.0403713379e+03
-3.0403713379e+03
-3.0223063965e+03
-3.0100529785e+03
-2.9666552734e+03
-3.0659970703e+03
-3.0611826172e+03
-3.0611826172e+03
-3.0659970703e+03
-2.9666552734e+03
-2.9857438965e+03
-3.0851342773e+03
-3.0803308105e+03
-3.0803308105e+03
-3.0851342773e+03
-2.9857436523e+03
-3.0673996582e+03
-3.0797663574e+03
-3.0978950195e+03
-3.0978950195e+03
-3.0797663574e+03
-3.0673996582e+03
-3.0757695312e+03
-3.0992812500e+03
-3.1066047363e+03
-3.1066049805e+03
-3.0992812500e+03
-3.0757695312e+03
-3.1022031250e+03
-3.1115778809e+03
-3.1185627441e+03
-3.1185627441e+03
-3.1115778809e+03
-3.1022031250e+03
-3.1228964844e+03
-3.1289248047e+03
-3.1326545410e+03
-3.1326545410e+03
-3.1289248047e+03
-3.1228964844e+03
-3.1459023438e+03
-3.1492346191e+03
-3.1518969727e+03
-3.1518969727e+03
-3.1492346191e+03
-3.1459023438e+03
-2.9122233887e+03
-2.9102861328e+03
-2.9081486816e+03
-2.9081486816e+03
-2.9102861328e+03
-2.9122233887e+03
-2.9328674316e+03
-2.9362050781e+03
-2.9387197266e+03
-2.9387199707e+03
-2.9362050781e+03
-2.9328674316e+03
-2.9507597656e+03
-2.9650017090e+03
-2.9706145020e+03
-2.9706145020e+03
-2.9650017090e+03
-2.9507597656e+03
-2.9758520508e+03
-2.9962558594e+03
-3.0062648926e+03
-3.0062648926e+03
-2.9962558594e+03
-2.9758520508e+03
-2.9914277344e+03
-3.0518349609e+03
-3.0362360840e+03
-3.0362358398e+03
-3.0518349609e+03
-2.9914277344e+03
-3.1063945312e+03
-3.0755332031e+03
-3.0671596680e+03
-3.0671596680e+03
-3.0755332031e+03
-3.1063945312e+03
-3.1261274414e+03
-3.0952446289e+03
-3.0869472656e+03
-3.0869472656e+03
-3.0952446289e+03
-3.1261274414e+03
-3.0506494141e+03
-3.1111369629e+03
-3.0956628418e+03
-3.0956628418e+03
-3.1111369629e+03
-3.0506494141e+03
-3.0747944336e+03
-3.0954133301e+03
-3.1055612793e+03
-3.1055612793e+03
-3.0954133301e+03
-3.0747944336e+03
-3.0897434082e+03
-3.1043395996e+03
-3.1101791992e+03
-3.1101791992e+03
-3.1043395996e+03
-3.0897434082e+03
-3.1122353516e+03
-3.1163964844e+03
-3.1190002441e+03
-3.1190002441e+03
-3.1163964844e+03
-3.1122353516e+03
-3.1335417480e+03
-3.1319077148e+03
-3.1297153320e+03
-3.1297153320e+03
-3.1319077148e+03
-3.1335417480e+03
-2.8970058594e+03
-2.8869360352e+03
-2.8776159668e+03
-2.8776159668e+03
-2.8869360352e+03
-2.8970058594e+03
-2.9207963867e+03
-2.9179094238e+03
-2.9167370605e+03
-2.9167370605e+03
-2.9179094238e+03
-2.9207963867e+03
-2.9392590332e+03
-2.9500966797e+03
-2.9490705566e+03
-2.9490705566e+03
-2.9500966797e+03
-2.9392590332e+03
-2.9781110840e+03
-2.9745080566e+03
-2.9862514648e+03
-2.9862514648e+03
-2.9745080566e+03
-2.9781110840e+03
-2.9778872070e+03
-3.0758476562e+03
-2.9999462891e+03
-2.9999462891e+03
-3.0758474121e+03
-2.9778872070e+03
-3.4023496094e+03
-3.0516718750e+03
-3.0353422852e+03
-3.0353422852e+03
-3.0516718750e+03
-3.4023498535e+03
-3.4223581543e+03
-3.0717944336e+03
-3.0554658203e+03
-3.0554658203e+03
-3.0717946777e+03
-3.4223583984e+03
-3.0380781250e+03
-3.1362265625e+03
-3.0603974609e+03
-3.0603974609e+03
-3.1362263184e+03
-3.0380781250e+03
-3.0786567383e+03
-3.0753444824e+03
-3.0872373047e+03
-3.0872373047e+03
-3.0753444824e+03
-3.0786567383e+03
-3.0804943848e+03
-3.0917309570e+03
-3.0909562988e+03
-3.0909562988e+03
-3.0917309570e+03
-3.0804943848e+03
-3.1030554199e+03
-3.1010302734e+03
-3.0999645996e+03
-3.0999645996e+03
-3.1010302734e+03
-3.1030554199e+03
-3.1218747559e+03
-3.1121159668e+03
-3.1027373047e+03
-3.1027373047e+03
-3.1121159668e+03
-3.1218747559e+03
-2.8970058594e+03
-2.8869360352e+03
-2.8776159668e+03
-2.8776159668e+03
-2.8869360352e+03
-2.8970058594e+03
-2.9207963867e+03
-2.9179094238e+03
-2.9167370605e+03
-2.9167370605e+03
-2.9179094238e+03
-2.9207963867e+03
-2.9392590332e+03
-2.9500966797e+03
-2.9490705566e+03
-2.9490705566e+03
-2.9500966797e+03
-2.9392590332e+03
-2.9781110840e+03
-2.9745080566e+03
-2.9862514648e+03
-2.9862514648e+03
-2.9745080566e+03
-2.9781110840e+03
-2.9778872070e+03
-3.0758476562e+03
-2.9999462891e+03
-2.9999462891e+03
-3.0758474121e+03
-2.9778872070e+03
-3.4023496094e+03
-3.0516718750e+03
-3.0353422852e+03
-3.0353422852e+03
-3.0516718750e+03
-3.4023498535e+03
-3.4223581543e+03
-3.0717944336e+03
-3.0554658203e+03
-3.0554658203e+03
-3.0717946777e+03
-3.4223583984e+03
-3.0380781250e+03
-3.1362265625e+03
-3.0603974609e+03
-3.0603974609e+03
-3.1362263184e+03
-3.0380781250e+03
-3.0786567383e+03
-3.0753444824e+03
-3.0872373047e+03
-3.0872373047e+03
-3.0753444824e+03
-3.0786567383e+03
-3.0804943848e+03
-3.0917309570e+03
-3.0909562988e+03
-3.0909562988e+03
-3.0917309570e+03
-3.0804943848e+03
-3.1030554199e+03
-3.1010302734e+03
-3.0999645996e+03
-3.0999645996e+03
-3.1010302734e+03
-3.1030554199e+03
-3.1218747559e+03
-3.1121159668e+03
-3.1027373047e+03
-3.1027373047e+03
-3.1121159668e+03
-3.1218747559e+03
-2.9122233887e+03
-2.9102861328e+03
-2.9081486816e+03
-2.9081486816e+03
-2.9102861328e+03
-2.9122233887e+03
-2.9328674316e+03
-2.9362050781e+03
-2.9387197266e+03
-2.9387199707e+03
-2.9362050781e+03
-2.9328674316e+03
-2.9507597656e+03
-2.9650017090e+03
-2.9706145020e+03
-2.9706145020e+03
-2.9650017090e+03
-2.9507597656e+03
-2.9758520508e+03
-2.9962558594e+03
-3.0062648926e+03
-3.0062648926e+03
-2.9962558594e+03
-2.9758520508e+03
-2.9914277344e+03
-3.0518349609e+03
-3.0362360840e+03
-3.0362358398e+03
-3.0518349609e+03
-2.9914277344e+03
-3.1063945312e+03
-3.0755332031e+03
-3.0671596680e+03
-3.0671596680e+03
-3.0755332031e+03
-3.1063945312e+03
-3.1261274414e+03
-3.0952446289e+03
-3.0869472656e+03
-3.0869472656e+03
-3.0952446289e+03
-3.1261274414e+03
-3.0506494141e+03
-3.1111369629e+03
-3.0956628418e+03
-3.0956628418e+03
-3.1111369629e+03
-3.0506494141e+03
-3.0747944336e+03
-3.0954133301e+03
-3.1055612793e+03
-3.1055612793e+03
-3.0954133301e+03
-3.0747944336e+03
-3.0897434082e+03
-3.1043395996e+03
-3.1101791992e+03
-3.1101791992e+03
-3.1043395996e+03
-3.0897434082e+03
-3.1122353516e+03
-3.1163964844e+03
-3.1190002441e+03
-3.1190002441e+03
-3.1163964844e+03
-3.1122353516e+03
-3.1335417480e+03
-3.1319077148e+03
-3.1297153320e+03
-3.1297153320e+03
-3.1319077148e+03
-3.1335417480e+03
-2.9316350098e+03
-2.9346740723e+03
-2.9373911133e+03
-2.9373911133e+03
-2.9346740723e+03
-2.9316350098e+03
-2.9492524414e+03
-2.9544841309e+03
-2.9581308594e+03
-2.9581308594e+03
-2.9544841309e+03
-2.9492524414e+03
-2.9676594238e+03
-2.9766940918e+03
-2.9834611816e+03
-2.9834611816e+03
-2.9766940918e+03
-2.9676594238e+03
-2.9800034180e+03
-3.0032778320e+03
-3.0104790039e+03
-3.0104790039e+03
-3.0032778320e+03
-2.9800034180e+03
-3.0100529785e+03
-3.0223063965e+03
-3.0403713379e+03
-3.0403713379e+03
-3.0223063965e+03
-3.0100529785e+03
-2.9666552734e+03
-3.0659970703e+03
-3.0611826172e+03
-3.0611826172e+03
-3.0659970703e+03
-2.9666552734e+03
-2.9857438965e+03
-3.0851342773e+03
-3.0803308105e+03
-3.0803308105e+03
-3.0851342773e+03
-2.9857436523e+03
-3.0673996582e+03
-3.0797663574e+03
-3.0978950195e+03
-3.0978950195e+03
-3.0797663574e+03
-3.0673996582e+03
-3.0757695312e+03
-3.0992812500e+03
-3.1066047363e+03
-3.1066049805e+03
-3.0992812500e+03
-3.0757695312e+03
-3.1022031250e+03
-3.1115778809e+03
-3.1185627441e+03
-3.1185627441e+03
-3.1115778809e+03
-3.1022031250e+03
-3.1228964844e+03
-3.1289248047e+03
-3.1326545410e+03
-3.1326545410e+03
-3.1289248047e+03
-3.1228964844e+03
-3.1459023438e+03
-3.1492346191e+03
-3.1518969727e+03
-3.1518969727e+03
-3.1492346191e+03
-3.1459023438e+03
-2.9447158203e+03
-2.9464096680e+03
-2.9481801758e+03
-2.9481801758e+03
-2.9464096680e+03
-2.9447158203e+03
-2.9624279785e+03
-2.9631206055e+03
-2.9646665039e+03
-2.9646665039e+03
-2.9631206055e+03
-2.9624279785e+03
-2.9781032715e+03
-2.9809375000e+03
-2.9822739258e+03
-2.9822739258e+03
-2.9809375000e+03
-2.9781032715e+03
-2.9994326172e+03
-2.9965017090e+03
-3.0005349121e+03
-3.0005349121e+03
-2.9965017090e+03
-2.9994326172e+03
-3.0020600586e+03
-3.0149882812e+03
-3.0172321777e+03
-3.0172321777e+03
-3.0149882812e+03
-3.0020600586e+03
-3.0552131348e+03
-3.0128149414e+03
-3.0389001465e+03
-3.0389001465e+03
-3.0128149414e+03
-3.0552133789e+03
-3.0733798828e+03
-3.0310373535e+03
-3.0571298828e+03
-3.0571301270e+03
-3.0310373535e+03
-3.0733798828e+03
-3.0566298828e+03
-3.0696921387e+03
-3.0719956055e+03
-3.0719956055e+03
-3.0696921387e+03
-3.0566298828e+03
-3.0905429688e+03
-3.0878698730e+03
-3.0920217285e+03
-3.0920217285e+03
-3.0878698730e+03
-3.0905429688e+03
-3.1060922852e+03
-3.1092788086e+03
-3.1108334961e+03
-3.1108334961e+03
-3.1092788086e+03
-3.1060922852e+03
-3.1276059570e+03
-3.1290710449e+03
-3.1307045898e+03
-3.1307045898e+03
-3.1290710449e+03
-3.1276059570e+03
-3.1485349121e+03
-3.1505026855e+03
-3.1522202148e+03
-3.1522202148e+03
-3.1505026855e+03
-3.1485349121e+03
-2.9518793945e+03
-2.9512507324e+03
-2.9512585449e+03
-2.9512585449e+03
-2.9512507324e+03
-2.9518793945e+03
-2.9687695312e+03
-2.9680776367e+03
-2.9677160645e+03
-2.9677160645e+03
-2.9680776367e+03
-2.9687695312e+03
-2.9866738281e+03
-2.9841044922e+03
-2.9837727051e+03
-2.9837727051e+03
-2.9841044922e+03
-2.9866738281e+03
-2.9994702148e+03
-3.0010056152e+03
-2.9994365234e+03
-2.9994365234e+03
-3.0010056152e+03
-2.9994702148e+03
-3.0286391602e+03
-3.0161547852e+03
-3.0158510742e+03
-3.0158510742e+03
-3.0161547852e+03
-3.0286391602e+03
-3.0255363770e+03
-3.0467729492e+03
-3.0289567871e+03
-3.0289567871e+03
-3.0467727051e+03
-3.0255363770e+03
-3.0424826660e+03
-3.0637446289e+03
-3.0459719238e+03
-3.0459719238e+03
-3.0637446289e+03
-3.0424826660e+03
-3.0795156250e+03
-3.0671625977e+03
-3.0669436035e+03
-3.0669436035e+03
-3.0671625977e+03
-3.0795156250e+03
-3.0844777832e+03
-3.0862392578e+03
-3.0847954102e+03
-3.0847954102e+03
-3.0862392578e+03
-3.0844777832e+03
-3.1060788574e+03
-3.1038378906e+03
-3.1037124023e+03
-3.1037124023e+03
-3.1038378906e+03
-3.1060788574e+03
-3.1228698730e+03
-3.1228977051e+03
-3.1226198730e+03
-3.1226198730e+03
-3.1228977051e+03
-3.1228698730e+03
-3.1420107422e+03
-3.1416394043e+03
-3.1415930176e+03
-3.1415930176e+03
-3.1416394043e+03
-3.1420107422e+03
-2.9582568359e+03
-2.9579218750e+03
-2.9576579590e+03
-2.9576579590e+03
-2.9579218750e+03
-2.9582568359e+03
-2.9750637207e+03
-2.9741965332e+03
-2.9740117188e+03
-2.9740117188e+03
-2.9741965332e+03
-2.9750637207e+03
-2.9895444336e+03
-2.9902956543e+03
-2.9898464355e+03
-2.9898464355e+03
-2.9902956543e+03
-2.9895444336e+03
-3.0086052246e+03
-3.0058686523e+03
-3.0057399902e+03
-3.0057399902e+03
-3.0058686523e+03
-3.0086052246e+03
-3.0150676270e+03
-3.0229384766e+03
-3.0212797852e+03
-3.0212797852e+03
-3.0229384766e+03
-3.0150676270e+03
-3.0417912598e+03
-3.0295317383e+03
-3.0394265137e+03
-3.0394265137e+03
-3.0295317383e+03
-3.0417912598e+03
-3.0572546387e+03
-3.0450405273e+03
-3.0549353027e+03
-3.0549353027e+03
-3.0450405273e+03
-3.0572546387e+03
-3.0615234375e+03
-3.0694836426e+03
-3.0678811035e+03
-3.0678811035e+03
-3.0694836426e+03
-3.0615234375e+03
-3.0861347656e+03
-3.0836149902e+03
-3.0835935059e+03
-3.0835935059e+03
-3.0836149902e+03
-3.0861347656e+03
-3.0984704590e+03
-3.0995131836e+03
-3.0992519531e+03
-3.0992519531e+03
-3.0995131836e+03
-3.0984704590e+03
-3.1156240234e+03
-3.1154140625e+03
-3.1153024902e+03
-3.1153024902e+03
-3.1154140625e+03
-3.1156240234e+03
-3.1316984863e+03
-3.1315908203e+03
-3.1312805176e+03
-3.1312805176e+03
-3.1315908203e+03
-3.1316984863e+03
-2.9675769043e+03
-2.9673964844e+03
-2.9674892578e+03
-2.9674892578e+03
-2.9673964844e+03
-2.9675769043e+03
-2.9818332520e+03
-2.9818959961e+03
-2.9818564453e+03
-2.9818564453e+03
-2.9818959961e+03
-2.9818332520e+03
-2.9969809570e+03
-2.9961596680e+03
-2.9961806641e+03
-2.9961806641e+03
-2.9961596680e+03
-2.9969809570e+03
-3.0078400879e+03
-3.0099875488e+03
-3.0100937500e+03
-3.0100937500e+03
-3.0099875488e+03
-3.0078400879e+03
-3.0275568848e+03
-3.0223918457e+03
-3.0240356445e+03
-3.0240356445e+03
-3.0223918457e+03
-3.0275568848e+03
-3.0346958008e+03
-3.0415932617e+03
-3.0360075684e+03
-3.0360075684e+03
-3.0415932617e+03
-3.0346958008e+03
-3.0484187012e+03
-3.0553435059e+03
-3.0497895508e+03
-3.0497895508e+03
-3.0553435059e+03
-3.0484187012e+03
-3.0687607422e+03
-3.0637114258e+03
-3.0654130859e+03
-3.0654130859e+03
-3.0637114258e+03
-3.0687607422e+03
-3.0766992188e+03
-3.0790251465e+03
-3.0792260742e+03
-3.0792260742e+03
-3.0790251465e+03
-3.0766992188e+03
-3.0936843262e+03
-3.0931301270e+03
-3.0933156738e+03
-3.0933156738e+03
-3.0931301270e+03
-3.0936843262e+03
-3.1066477051e+03
-3.1072888184e+03
-3.1073156738e+03
-3.1073156738e+03
-3.1072888184e+03
-3.1066477051e+03
-3.1215686035e+03
-3.1216003418e+03
-3.1216467285e+03
-3.1216467285e+03
-3.1216003418e+03
-3.1215686035e+03
-2.9782849121e+03
-2.9783720703e+03
-2.9783352051e+03
-2.9783352051e+03
-2.9783720703e+03
-2.9782849121e+03
-2.9912871094e+03
-2.9907709961e+03
-2.9907661133e+03
-2.9907661133e+03
-2.9907709961e+03
-2.9912871094e+03
-3.0023422852e+03
-3.0028327637e+03
-3.0027927246e+03
-3.0027927246e+03
-3.0028327637e+03
-3.0023422852e+03
-3.0167258301e+03
-3.0150097656e+03
-3.0149008789e+03
-3.0149008789e+03
-3.0150097656e+03
-3.0167258301e+03
-3.0246987305e+03
-3.0279833984e+03
-3.0266452637e+03
-3.0266452637e+03
-3.0279833984e+03
-3.0246987305e+03
-3.0403842773e+03
-3.0365302734e+03
-3.0396767578e+03
-3.0396767578e+03
-3.0365302734e+03
-3.0403842773e+03
-3.0521640625e+03
-3.0483386230e+03
-3.0514899902e+03
-3.0514899902e+03
-3.0483386230e+03
-3.0521640625e+03
-3.0600832520e+03
-3.0634350586e+03
-3.0621467285e+03
-3.0621467285e+03
-3.0634350586e+03
-3.0600832520e+03
-3.0757744141e+03
-3.0742280273e+03
-3.0742036133e+03
-3.0742036133e+03
-3.0742280273e+03
-3.0757744141e+03
-3.0853220215e+03
-3.0860334473e+03
-3.0861362305e+03
-3.0861362305e+03
-3.0860334473e+03
-3.0853220215e+03
-3.0983535156e+03
-3.0983435059e+03
-3.0983947754e+03
-3.0983947754e+03
-3.0983435059e+03
-3.0983535156e+03
-3.1104145508e+03
-3.1106711426e+03
-3.1106020508e+03
-3.1106020508e+03
-3.1106711426e+03
-3.1104145508e+03
-2.9906154785e+03
-2.9903225098e+03
-2.9904294434e+03
-2.9904294434e+03
-2.9903225098e+03
-2.9906154785e+03
-3.0003940430e+03
-3.0004228516e+03
-3.0003967285e+03
-3.0003967285e+03
-3.0004228516e+03
-3.0003940430e+03
-3.0112780762e+03
-3.0106777344e+03
-3.0105488281e+03
-3.0105488281e+03
-3.0106777344e+03
-3.0112780762e+03
-3.0192414551e+03
-3.0203120117e+03
-3.0202958984e+03
-3.0202958984e+03
-3.0203120117e+03
-3.0192414551e+03
-3.0315227051e+03
-3.0293596191e+03
-3.0302890625e+03
-3.0302890625e+03
-3.0293596191e+03
-3.0315227051e+03
-3.0388496094e+03
-3.0410034180e+03
-3.0392167969e+03
-3.0392167969e+03
-3.0410034180e+03
-3.0388496094e+03
-3.0484858398e+03
-3.0506638184e+03
-3.0488957520e+03
-3.0488957520e+03
-3.0506638184e+03
-3.0484858398e+03
-3.0604587402e+03
-3.0583757324e+03
-3.0593422852e+03
-3.0593422852e+03
-3.0583757324e+03
-3.0604587402e+03
-3.0676035156e+03
-3.0687980957e+03
-3.0688476562e+03
-3.0688476562e+03
-3.0687980957e+03
-3.0676035156e+03
-3.0791794434e+03
-3.0787700195e+03
-3.0787583008e+03
-3.0787583008e+03
-3.0787700195e+03
-3.0791794434e+03
-3.0880556641e+03
-3.0884863281e+03
-3.0885073242e+03
-3.0885073242e+03
-3.0884863281e+03
-3.0880556641e+03
-3.0987546387e+03
-3.0986188965e+03
-3.0986889648e+03
-3.0986889648e+03
-3.0986188965e+03
-3.0987546387e+03
-3.0030625000e+03
-3.0032756348e+03
-3.0031494141e+03
-3.0031494141e+03
-3.0032756348e+03
-3.0030625000e+03
-3.0115078125e+03
-3.0111147461e+03
-3.0110793457e+03
-3.0110793457e+03
-3.0111147461e+03
-3.0115078125e+03
-3.0180815430e+03
-3.0184140625e+03
-3.0184379883e+03
-3.0184379883e+03
-3.0184140625e+03
-3.0180815430e+03
-3.0270063477e+03
-3.0261801758e+03
-3.0261464844e+03
-3.0261464844e+03
-3.0261801758e+03
-3.0270063477e+03
-3.0326738281e+03
-3.0339868164e+03
-3.0333125000e+03
-3.0333125000e+03
-3.0339868164e+03
-3.0326738281e+03
-3.0414960938e+03
-3.0402341309e+03
-3.0412353516e+03
-3.0412353516e+03
-3.0402341309e+03
-3.0414960938e+03
-3.0488481445e+03
-3.0476005859e+03
-3.0486069336e+03
-3.0486069336e+03
-3.0476005859e+03
-3.0488481445e+03
-3.0547600098e+03
-3.0561164551e+03
-3.0554748535e+03
-3.0554748535e+03
-3.0561164551e+03
-3.0547600098e+03
-3.0638544922e+03
-3.0631342773e+03
-3.0631540527e+03
-3.0631540527e+03
-3.0631342773e+03
-3.0638544922e+03
-3.0698837891e+03
-3.0703508301e+03
-3.0704628906e+03
-3.0704628906e+03
-3.0703508301e+03
-3.0698837891e+03
-3.0783188477e+03
-3.0782473145e+03
-3.0782468262e+03
-3.0782468262e+03
-3.0782473145e+03
-3.0783188477e+03
-3.0855358887e+03
-3.0858430176e+03
-3.0857031250e+03
-3.0857031250e+03
-3.0858430176e+03
-3.0855358887e+03
-3.0170837402e+03
-3.0166911621e+03
-3.0168906250e+03
-3.0168906250e+03
-3.0166911621e+03
-3.0170837402e+03
-3.0216335449e+03
-3.0217648926e+03
-3.0217802734e+03
-3.0217802734e+03
-3.0217648926e+03
-3.0216335449e+03
-3.0277292480e+03
-3.0273444824e+03
-3.0272504883e+03
-3.0272504883e+03
-3.0273444824e+03
-3.0277292480e+03
-3.0315515137e+03
-3.0320117188e+03
-3.0320070801e+03
-3.0320070801e+03
-3.0320117188e+03
-3.0315515137e+03
-3.0377878418e+03
-3.0369108887e+03
-3.0373439941e+03
-3.0373439941e+03
-3.0369108887e+03
-3.0377878418e+03
-3.0417951660e+03
-3.0425056152e+03
-3.0419272461e+03
-3.0419272461e+03
-3.0425056152e+03
-3.0417951660e+03
-3.0467382812e+03
-3.0474636230e+03
-3.0468940430e+03
-3.0468940430e+03
-3.0474636230e+03
-3.0467382812e+03
-3.0526250000e+03
-3.0517883301e+03
-3.0522395020e+03
-3.0522395020e+03
-3.0517883301e+03
-3.0526250000e+03
-3.0563654785e+03
-3.0568896484e+03
-3.0569172363e+03
-3.0569172363e+03
-3.0568896484e+03
-3.0563654785e+03
-3.0625393066e+03
-3.0622565918e+03
-3.0622238770e+03
-3.0622238770e+03
-3.0622565918e+03
-3.0625393066e+03
-3.0666123047e+03
-3.0669416504e+03
-3.0669809570e+03
-3.0669809570e+03
-3.0669416504e+03
-3.0666123047e+03
-3.0725314941e+03
-3.0722365723e+03
-3.0724074707e+03
-3.0724074707e+03
-3.0722365723e+03
-3.0725314941e+03
-3.0303203125e+03
-3.0307785645e+03
-3.0305126953e+03
-3.0305126953e+03
-3.0307785645e+03
-3.0303203125e+03
-3.0339020996e+03
-3.0335935059e+03
-3.0335432129e+03
-3.0335432129e+03
-3.0335935059e+03
-3.0339020996e+03
-3.0353134766e+03
-3.0355720215e+03
-3.0356093750e+03
-3.0356093750e+03
-3.0355720215e+03
-3.0353134766e+03
-3.0389609375e+03
-3.0386477051e+03
-3.0385979004e+03
-3.0385979004e+03
-3.0386477051e+03
-3.0389609375e+03
-3.0404594727e+03
-3.0410061035e+03
-3.0406899414e+03
-3.0406899414e+03
-3.0410061035e+03
-3.0404594727e+03
-3.0435986328e+03
-3.0431882324e+03
-3.0435021973e+03
-3.0435021973e+03
-3.0431882324e+03
-3.0435986328e+03
-3.0460578613e+03
-3.0456496582e+03
-3.0459655762e+03
-3.0459655762e+03
-3.0456496582e+03
-3.0460578613e+03
-3.0478574219e+03
-3.0484182129e+03
-3.0481145020e+03
-3.0481145020e+03
-3.0484182129e+03
-3.0478574219e+03
-3.0512768555e+03
-3.0509980469e+03
-3.0509687500e+03
-3.0509687500e+03
-3.0509980469e+03
-3.0512768555e+03
-3.0526733398e+03
-3.0529711914e+03
-3.0530363770e+03
-3.0530363770e+03
-3.0529711914e+03
-3.0526733398e+03
-3.0562326660e+03
-3.0560439453e+03
-3.0560065918e+03
-3.0560065918e+03
-3.0560439453e+03
-3.0562326660e+03
-3.0579458008e+03
-3.0584091797e+03
-3.0581542969e+03
-3.0581542969e+03
-3.0584091797e+03
-3.0579458008e+03
-3.0454104004e+03
-3.0447553711e+03
-3.0451328125e+03
-3.0451328125e+03
-3.0447553711e+03
-3.0454104004e+03
-3.0441682129e+03
-3.0444401855e+03
-3.0445097656e+03
-3.0445097656e+03
-3.0444401855e+03
-3.0441682129e+03
-3.0454902344e+03
-3.0452263184e+03
-3.0451770020e+03
-3.0451770020e+03
-3.0452263184e+03
-3.0454902344e+03
-3.0442551270e+03
-3.0443813477e+03
-3.0444553223e+03
-3.0444553223e+03
-3.0443813477e+03
-3.0442551270e+03
-3.0450900879e+03
-3.0446970215e+03
-3.0449289551e+03
-3.0449289551e+03
-3.0446970215e+03
-3.0450900879e+03
-3.0445139160e+03
-3.0447089844e+03
-3.0445512695e+03
-3.0445512695e+03
-3.0447089844e+03
-3.0445139160e+03
-3.0444511719e+03
-3.0446496582e+03
-3.0444924316e+03
-3.0444924316e+03
-3.0446496582e+03
-3.0444511719e+03
-3.0448857422e+03
-3.0444941406e+03
-3.0447236328e+03
-3.0447236328e+03
-3.0444941406e+03
-3.0448857422e+03
-3.0439584961e+03
-3.0440864258e+03
-3.0441560059e+03
-3.0441560059e+03
-3.0440864258e+03
-3.0439584961e+03
-3.0449995117e+03
-3.0447431641e+03
-3.0446958008e+03
-3.0446958008e+03
-3.0447431641e+03
-3.0449995117e+03
-3.0436345215e+03
-3.0438859863e+03
-3.0439521484e+03
-3.0439521484e+03
-3.0438859863e+03
-3.0436345215e+03
-3.0446574707e+03
-3.0440466309e+03
-3.0443986816e+03
-3.0443986816e+03
-3.0440466309e+03
-3.0446574707e+03
-3.0582900391e+03
-3.0592097168e+03
-3.0586750488e+03
-3.0586750488e+03
-3.0592097168e+03
-3.0582900391e+03
-3.0571777344e+03
-3.0569335938e+03
-3.0568137207e+03
-3.0568137207e+03
-3.0569335938e+03
-3.0571777344e+03
-3.0528247070e+03
-3.0531015625e+03
-3.0531589355e+03
-3.0531589355e+03
-3.0531015625e+03
-3.0528247070e+03
-3.0516147461e+03
-3.0516420898e+03
-3.0515266113e+03
-3.0515266113e+03
-3.0516420898e+03
-3.0516147461e+03
-3.0481240234e+03
-3.0484360352e+03
-3.0482304688e+03
-3.0482304688e+03
-3.0484360352e+03
-3.0481240234e+03
-3.0459863281e+03
-3.0459328613e+03
-3.0459697266e+03
-3.0459697266e+03
-3.0459328613e+03
-3.0459863281e+03
-3.0433974609e+03
-3.0433347168e+03
-3.0433686523e+03
-3.0433686523e+03
-3.0433347168e+03
-3.0433974609e+03
-3.0403698730e+03
-3.0406618652e+03
-3.0404489746e+03
-3.0404489746e+03
-3.0406618652e+03
-3.0403698730e+03
-3.0386115723e+03
-3.0385979004e+03
-3.0384692383e+03
-3.0384692383e+03
-3.0385979004e+03
-3.0386115723e+03
-3.0346567383e+03
-3.0348745117e+03
-3.0348972168e+03
-3.0348972168e+03
-3.0348745117e+03
-3.0346567383e+03
-3.0335961914e+03
-3.0332629395e+03
-3.0331379395e+03
-3.0331379395e+03
-3.0332629395e+03
-3.0335961914e+03
-3.0293237305e+03
-3.0301413574e+03
-3.0296508789e+03
-3.0296508789e+03
-3.0301413574e+03
-3.0293237305e+03
-3.0739382324e+03
-3.0727236328e+03
-3.0734577637e+03
-3.0734577637e+03
-3.0727236328e+03
-3.0739382324e+03
-3.0664250488e+03
-3.0668305664e+03
-3.0670725098e+03
-3.0670725098e+03
-3.0668305664e+03
-3.0664250488e+03
-3.0635771484e+03
-3.0633498535e+03
-3.0633449707e+03
-3.0633449707e+03
-3.0633498535e+03
-3.0635771484e+03
-3.0566906738e+03
-3.0565566406e+03
-3.0567548828e+03
-3.0567548828e+03
-3.0565566406e+03
-3.0566906738e+03
-3.0526237793e+03
-3.0523352051e+03
-3.0525732422e+03
-3.0525732422e+03
-3.0523352051e+03
-3.0526237793e+03
-3.0471408691e+03
-3.0470622559e+03
-3.0471340332e+03
-3.0471340332e+03
-3.0470622559e+03
-3.0471408691e+03
-3.0420747070e+03
-3.0419875488e+03
-3.0420522461e+03
-3.0420522461e+03
-3.0419875488e+03
-3.0420747070e+03
-3.0373847656e+03
-3.0370634766e+03
-3.0372761230e+03
-3.0372761230e+03
-3.0370634766e+03
-3.0373847656e+03
-3.0313071289e+03
-3.0311145020e+03
-3.0312714844e+03
-3.0312714844e+03
-3.0311145020e+03
-3.0313071289e+03
-3.0277895508e+03
-3.0274755859e+03
-3.0274130859e+03
-3.0274130859e+03
-3.0274755859e+03
-3.0277895508e+03
-3.0204270020e+03
-3.0205952148e+03
-3.0207983398e+03
-3.0207983398e+03
-3.0205952148e+03
-3.0204267578e+03
-3.0170017090e+03
-3.0157995605e+03
-3.0164995117e+03
-3.0164995117e+03
-3.0157995605e+03
-3.0170017090e+03
-3.0850090332e+03
-3.0868100586e+03
-3.0857497559e+03
-3.0857497559e+03
-3.0868100586e+03
-3.0850090332e+03
-3.0800878906e+03
-3.0799814453e+03
-3.0795549316e+03
-3.0795549316e+03
-3.0799814453e+03
-3.0800878906e+03
-3.0692995605e+03
-3.0696787109e+03
-3.0697114258e+03
-3.0697114258e+03
-3.0696787109e+03
-3.0692995605e+03
-3.0640957031e+03
-3.0644863281e+03
-3.0642375488e+03
-3.0642375488e+03
-3.0644863281e+03
-3.0640957031e+03
-3.0553847656e+03
-3.0557834473e+03
-3.0554855957e+03
-3.0554855957e+03
-3.0557834473e+03
-3.0553847656e+03
-3.0482995605e+03
-3.0485361328e+03
-3.0483300781e+03
-3.0483300781e+03
-3.0485361328e+03
-3.0482995605e+03
-3.0408259277e+03
-3.0410415039e+03
-3.0408278809e+03
-3.0408278809e+03
-3.0410415039e+03
-3.0408259277e+03
-3.0329658203e+03
-3.0333066406e+03
-3.0329848633e+03
-3.0329848633e+03
-3.0333066406e+03
-3.0329658203e+03
-3.0265795898e+03
-3.0268515625e+03
-3.0265578613e+03
-3.0265578613e+03
-3.0268515625e+03
-3.0265795898e+03
-3.0167736816e+03
-3.0169982910e+03
-3.0169392090e+03
-3.0169392090e+03
-3.0169982910e+03
-3.0167736816e+03
-3.0120419922e+03
-3.0116389160e+03
-3.0112050781e+03
-3.0112050781e+03
-3.0116389160e+03
-3.0120419922e+03
-3.0013044434e+03
-3.0028688965e+03
-3.0019023438e+03
-3.0019023438e+03
-3.0028688965e+03
-3.0013044434e+03
-3.1012399902e+03
-3.0988027344e+03
-3.1002585449e+03
-3.1002585449e+03
-3.0988027344e+03
-3.1012399902e+03
-3.0867451172e+03
-3.0870048828e+03
-3.0878647461e+03
-3.0878647461e+03
-3.0870048828e+03
-3.0867451172e+03
-3.0812744141e+03
-3.0809299316e+03
-3.0811264648e+03
-3.0811264648e+03
-3.0809299316e+03
-3.0812744141e+03
-3.0681262207e+03
-3.0675708008e+03
-3.0680273438e+03
-3.0680273438e+03
-3.0675708008e+03
-3.0681262207e+03
-3.0597463379e+03
-3.0591870117e+03
-3.0596884766e+03
-3.0596884766e+03
-3.0591870117e+03
-3.0597463379e+03
-3.0496186523e+03
-3.0491469727e+03
-3.0495776367e+03
-3.0495776367e+03
-3.0491469727e+03
-3.0496186523e+03
-3.0398671875e+03
-3.0393776855e+03
-3.0397927246e+03
-3.0397927246e+03
-3.0393776855e+03
-3.0398671875e+03
-3.0304318848e+03
-3.0298146973e+03
-3.0302666016e+03
-3.0302666016e+03
-3.0298146973e+03
-3.0304318848e+03
-3.0192575684e+03
-3.0185949707e+03
-3.0189733887e+03
-3.0189733887e+03
-3.0185949707e+03
-3.0192575684e+03
-3.0123947754e+03
-3.0118776855e+03
-3.0119504395e+03
-3.0119504395e+03
-3.0118776855e+03
-3.0123947754e+03
-2.9982224121e+03
-2.9980593262e+03
-2.9988176270e+03
-2.9988176270e+03
-2.9980593262e+03
-2.9982224121e+03
-2.9916525879e+03
-2.9892443848e+03
-2.9906325684e+03
-2.9906325684e+03
-2.9892443848e+03
-2.9916525879e+03
-3.1087248535e+03
-3.1123312988e+03
-3.1100959473e+03
-3.1100959473e+03
-3.1123312988e+03
-3.1087248535e+03
-3.1020573730e+03
-3.1026296387e+03
-3.1009497070e+03
-3.1009497070e+03
-3.1026296387e+03
-3.1020573730e+03
-3.0831674805e+03
-3.0838925781e+03
-3.0833435059e+03
-3.0833435059e+03
-3.0838925781e+03
-3.0831674805e+03
-3.0754274902e+03
-3.0764990234e+03
-3.0757011719e+03
-3.0757011719e+03
-3.0764990234e+03
-3.0754274902e+03
-3.0616425781e+03
-3.0626765137e+03
-3.0617775879e+03
-3.0617775879e+03
-3.0626765137e+03
-3.0616425781e+03
-3.0498957520e+03
-3.0508193359e+03
-3.0499233398e+03
-3.0499233398e+03
-3.0508193359e+03
-3.0498957520e+03
-3.0380048828e+03
-3.0388933105e+03
-3.0379877930e+03
-3.0379877930e+03
-3.0388933105e+03
-3.0380048828e+03
-3.0259611816e+03
-3.0268911133e+03
-3.0259597168e+03
-3.0259597168e+03
-3.0268911133e+03
-3.0259611816e+03
-3.0157551270e+03
-3.0166259766e+03
-3.0157646484e+03
-3.0157646484e+03
-3.0166259766e+03
-3.0157551270e+03
-2.9996506348e+03
-3.0001262207e+03
-2.9994636230e+03
-2.9994636230e+03
-3.0001262207e+03
-2.9996506348e+03
-2.9937512207e+03
-2.9937990723e+03
-2.9921677246e+03
-2.9921677246e+03
-2.9937990723e+03
-2.9937512207e+03
-2.9756162109e+03
-2.9787939453e+03
-2.9767385254e+03
-2.9767385254e+03
-2.9787939453e+03
-2.9756162109e+03
-3.1273205566e+03
-3.1222043457e+03
-3.1258752441e+03
-3.1258752441e+03
-3.1222043457e+03
-3.1273205566e+03
-3.1031076660e+03
-3.1019799805e+03
-3.1055847168e+03
-3.1055847168e+03
-3.1019799805e+03
-3.1031076660e+03
-3.0983334961e+03
-3.0972849121e+03
-3.0993598633e+03
-3.0993598633e+03
-3.0972849121e+03
-3.0983334961e+03
-3.0776511230e+03
-3.0760661621e+03
-3.0781127930e+03
-3.0781127930e+03
-3.0760661621e+03
-3.0776511230e+03
-3.0651533203e+03
-3.0634313965e+03
-3.0655432129e+03
-3.0655432129e+03
-3.0634313965e+03
-3.0651533203e+03
-3.0510573730e+03
-3.0493613281e+03
-3.0514648438e+03
-3.0514648438e+03
-3.0493613281e+03
-3.0510573730e+03
-3.0372416992e+03
-3.0355263672e+03
-3.0376013184e+03
-3.0376013184e+03
-3.0355263672e+03
-3.0372416992e+03
-3.0236232910e+03
-3.0218425293e+03
-3.0238642578e+03
-3.0238642578e+03
-3.0218425293e+03
-3.0236232910e+03
-3.0083586426e+03
-3.0066484375e+03
-3.0085483398e+03
-3.0085483398e+03
-3.0066484375e+03
-3.0083586426e+03
-3.0006049805e+03
-2.9993405762e+03
-3.0011547852e+03
-3.0011547852e+03
-2.9993405762e+03
-3.0006049805e+03
-2.9777485352e+03
-2.9761303711e+03
-2.9794645996e+03
-2.9794645996e+03
-2.9761303711e+03
-2.9777485352e+03
-2.9718635254e+03
-2.9669077148e+03
-2.9704033203e+03
-2.9704033203e+03
-2.9669077148e+03
-2.9718635254e+03
-3.1261066895e+03
-3.1361123047e+03
-3.1307197266e+03
-3.1307197266e+03
-3.1361123047e+03
-3.1261066895e+03
-3.1222946777e+03
-3.1283088379e+03
-3.1221870117e+03
-3.1221870117e+03
-3.1283088379e+03
-3.1222946777e+03
-3.0900710449e+03
-3.0946606445e+03
-3.0905771484e+03
-3.0905771484e+03
-3.0946606445e+03
-3.0900710449e+03
-3.0820952148e+03
-3.0870539551e+03
-3.0833466797e+03
-3.0833466797e+03
-3.0870539551e+03
-3.0820952148e+03
-3.0651359863e+03
-3.0702846680e+03
-3.0665791016e+03
-3.0665791016e+03
-3.0702846680e+03
-3.0651359863e+03
-3.0496345215e+03
-3.0547373047e+03
-3.0510166016e+03
-3.0510166016e+03
-3.0547373047e+03
-3.0496345215e+03
-3.0340678711e+03
-3.0391086426e+03
-3.0353930664e+03
-3.0353930664e+03
-3.0391086426e+03
-3.0340678711e+03
-3.0184406738e+03
-3.0234023438e+03
-3.0197089844e+03
-3.0197089844e+03
-3.0234023438e+03
-3.0184406738e+03
-3.0041047363e+03
-3.0087268066e+03
-3.0050417480e+03
-3.0050417480e+03
-3.0087268066e+03
-3.0041047363e+03
-2.9809707031e+03
-2.9851206055e+03
-2.9810849609e+03
-2.9810849609e+03
-2.9851206055e+03
-2.9809707031e+03
-2.9803820801e+03
-2.9854516602e+03
-2.9796354980e+03
-2.9796354980e+03
-2.9854516602e+03
-2.9803820801e+03
-2.9522048340e+03
-2.9613879395e+03
-2.9563974609e+03
-2.9563974609e+03
-2.9613879395e+03
-2.9522048340e+03
-3.1509018555e+03
-3.1371289062e+03
-3.1473674316e+03
-3.1473674316e+03
-3.1371289062e+03
-3.1509018555e+03
-3.1072939453e+03
-3.0975168457e+03
-3.1105058594e+03
-3.1105058594e+03
-3.0975168457e+03
-3.1072939453e+03
-3.1153271484e+03
-3.1076733398e+03
-3.1188332520e+03
-3.1188332520e+03
-3.1076733398e+03
-3.1153271484e+03
-3.0901047363e+03
-3.0821328125e+03
-3.0920107422e+03
-3.0920107422e+03
-3.0821328125e+03
-3.0901047363e+03
-3.0742050781e+03
-3.0655161133e+03
-3.0748044434e+03
-3.0748044434e+03
-3.0655161133e+03
-3.0742050781e+03
-3.0573967285e+03
-3.0484470215e+03
-3.0574194336e+03
-3.0574194336e+03
-3.0484470215e+03
-3.0573967285e+03
-3.0403786621e+03
-3.0314348145e+03
-3.0403193359e+03
-3.0403193359e+03
-3.0314348145e+03
-3.0403786621e+03
-3.0230136719e+03
-3.0143464355e+03
-3.0233588867e+03
-3.0233588867e+03
-3.0143464355e+03
-3.0230136719e+03
-3.0045708008e+03
-2.9966062012e+03
-3.0060085449e+03
-3.0060085449e+03
-2.9966062012e+03
-3.0045708008e+03
-2.9947685547e+03
-2.9871289062e+03
-2.9975139160e+03
-2.9975139160e+03
-2.9871289062e+03
-2.9947685547e+03
-2.9533376465e+03
-2.9434885254e+03
-2.9556606445e+03
-2.9556606445e+03
-2.9434885254e+03
-2.9533376465e+03
-2.9590048828e+03
-2.9458991699e+03
-2.9555402832e+03
-2.9555402832e+03
-2.9458991699e+03
-2.9590048828e+03
-3.1122736816e+03
-3.1283374023e+03
-3.0977780762e+03
-3.0977780762e+03
-3.1283374023e+03
-3.1122736816e+03
-3.1432431641e+03
-3.1581835938e+03
-3.1236110840e+03
-3.1236110840e+03
-3.1581833496e+03
-3.1432431641e+03
-3.0969411621e+03
-3.1056264648e+03
-3.0707863770e+03
-3.0707863770e+03
-3.1056264648e+03
-3.0969411621e+03
-3.0987788086e+03
-3.1041984863e+03
-3.0698571777e+03
-3.0698571777e+03
-3.1041982422e+03
-3.0987788086e+03
-3.0940712891e+03
-3.0981232910e+03
-3.0640102539e+03
-3.0640102539e+03
-3.0981232910e+03
-3.0940712891e+03
-3.0846025391e+03
-3.0878527832e+03
-3.0539619141e+03
-3.0539619141e+03
-3.0878527832e+03
-3.0846025391e+03
-3.0664645996e+03
-3.0696074219e+03
-3.0359030762e+03
-3.0359030762e+03
-3.0696074219e+03
-3.0664645996e+03
-3.0396430664e+03
-3.0433579102e+03
-3.0098024902e+03
-3.0098024902e+03
-3.0433579102e+03
-3.0396428223e+03
-3.0077731934e+03
-3.0125671387e+03
-2.9791513672e+03
-2.9791513672e+03
-3.0125671387e+03
-3.0077731934e+03
-2.9690222168e+03
-2.9767500000e+03
-2.9431796875e+03
-2.9431796875e+03
-2.9767500000e+03
-2.9690219727e+03
-2.9757761230e+03
-2.9888312988e+03
-2.9558735352e+03
-2.9558735352e+03
-2.9888312988e+03
-2.9757761230e+03
-2.9089011230e+03
-2.9235112305e+03
-2.8946857910e+03
-2.8946857910e+03
-2.9235112305e+03
-2.9089011230e+03
-3.1171770020e+03
-3.0704724121e+03
-3.1345600586e+03
-3.1345603027e+03
-3.0704726562e+03
-3.1171770020e+03
-3.0438381348e+03
-2.9863640137e+03
-3.0507465820e+03
-3.0507465820e+03
-2.9863640137e+03
-3.0438383789e+03
-3.1175200195e+03
-3.0636376953e+03
-3.1311582031e+03
-3.1311582031e+03
-3.0636376953e+03
-3.1175200195e+03
-3.1359187012e+03
-3.0859890137e+03
-3.1546491699e+03
-3.1546491699e+03
-3.0859890137e+03
-3.1359187012e+03
-3.1393872070e+03
-3.0915288086e+03
-3.1608862305e+03
-3.1608862305e+03
-3.0915288086e+03
-3.1393872070e+03
-3.1285742188e+03
-3.0820251465e+03
-3.1514055176e+03
-3.1514055176e+03
-3.0820251465e+03
-3.1285744629e+03
-3.1091611328e+03
-3.0628779297e+03
-3.1317797852e+03
-3.1317797852e+03
-3.0628779297e+03
-3.1091611328e+03
-3.0811933594e+03
-3.0341396484e+03
-3.1020637207e+03
-3.1020637207e+03
-3.0341396484e+03
-3.0811933594e+03
-3.0392861328e+03
-2.9906735840e+03
-3.0569936523e+03
-3.0569936523e+03
-2.9906735840e+03
-3.0392861328e+03
-2.9825839844e+03
-2.9305949707e+03
-2.9949191895e+03
-2.9949191895e+03
-2.9305949707e+03
-2.9825839844e+03
-2.8720590820e+03
-2.8169025879e+03
-2.8778837891e+03
-2.8778837891e+03
-2.8169025879e+03
-2.8720593262e+03
-2.8989897461e+03
-2.8547031250e+03
-2.9150861816e+03
-2.9150861816e+03
-2.8547031250e+03
-2.8989897461e+03
-2.7216335449e+03
-2.9492097168e+03
-2.9459255371e+03
-2.9459255371e+03
-2.9492097168e+03
-2.7216333008e+03
-2.9937060547e+03
-3.2463645020e+03
-3.2545729980e+03
-3.2545729980e+03
-3.2463645020e+03
-2.9937058105e+03
-2.9923706055e+03
-3.2582673340e+03
-3.2662443848e+03
-3.2662443848e+03
-3.2582673340e+03
-2.9923703613e+03
-2.9765998535e+03
-3.2481850586e+03
-3.2576718750e+03
-3.2576718750e+03
-3.2481848145e+03
-2.9765998535e+03
-2.9507143555e+03
-3.2253076172e+03
-3.2355244141e+03
-3.2355244141e+03
-3.2253076172e+03
-2.9507141113e+03
-2.9279936523e+03
-3.2027641602e+03
-3.2133395996e+03
-3.2133395996e+03
-3.2027641602e+03
-2.9279934082e+03
-2.9087412109e+03
-3.1816909180e+03
-3.1921865234e+03
-3.1921865234e+03
-3.1816909180e+03
-2.9087412109e+03
-2.8929052734e+03
-3.1620776367e+03
-3.1720549316e+03
-3.1720549316e+03
-3.1620776367e+03
-2.8929052734e+03
-2.8800273438e+03
-3.1426882324e+03
-3.1517927246e+03
-3.1517927246e+03
-3.1426882324e+03
-2.8800270996e+03
-2.8571508789e+03
-3.1109291992e+03
-3.1183806152e+03
-3.1183806152e+03
-3.1109291992e+03
-2.8571508789e+03
-2.8199750977e+03
-3.0574064941e+03
-3.0652473145e+03
-3.0652473145e+03
-3.0574062500e+03
-2.8199748535e+03
-2.5167087402e+03
-2.7302182617e+03
-2.7282011719e+03
-2.7282011719e+03
-2.7302182617e+03
-2.5167084961e+03
-3.5106914062e+03
-3.3713603516e+03
-3.3520805664e+03
-3.3520805664e+03
-3.3713603516e+03
-3.5106914062e+03
-3.2744936523e+03
-3.1370258789e+03
-3.1203701172e+03
-3.1203701172e+03
-3.1370258789e+03
-3.2744936523e+03
-3.1904279785e+03
-3.0553464355e+03
-3.0441672363e+03
-3.0441672363e+03
-3.0553466797e+03
-3.1904279785e+03
-3.1344213867e+03
-2.9991342773e+03
-2.9905292969e+03
-2.9905290527e+03
-2.9991342773e+03
-3.1344213867e+03
-3.0980842285e+03
-2.9621518555e+03
-2.9544868164e+03
-2.9544865723e+03
-2.9621518555e+03
-3.0980842285e+03
-3.0706796875e+03
-2.9346486816e+03
-2.9273083496e+03
-2.9273083496e+03
-2.9346489258e+03
-3.0706796875e+03
-3.0501437988e+03
-2.9149345703e+03
-2.9076162109e+03
-2.9076162109e+03
-2.9149345703e+03
-3.0501437988e+03
-3.0363496094e+03
-2.9028657227e+03
-2.8952692871e+03
-2.8952692871e+03
-2.9028659668e+03
-3.0363496094e+03
-3.0311672363e+03
-2.8999035645e+03
-2.8914287109e+03
-2.8914287109e+03
-2.8999035645e+03
-3.0311672363e+03
-3.0448713379e+03
-2.9153288574e+03
-2.9043408203e+03
-2.9043408203e+03
-2.9153288574e+03
-3.0448713379e+03
-3.0861044922e+03
-2.9554204102e+03
-2.9391152344e+03
-2.9391152344e+03
-2.9554204102e+03
-3.0861044922e+03
-3.2757382812e+03
-3.1433813477e+03
-3.1234736328e+03
-3.1234736328e+03
-3.1433813477e+03
-3.2757385254e+03
