0.0000000000e+00
-2.4477965832e+00
-8.2756929398e+00
-1.7689296722e+01
-2.9683607101e+01
-4.3945465088e+01
-5.9687801361e+01
-7.6300804138e+01
-9.3040061951e+01
-1.0921775055e+02
-1.2414167023e+02
-1.3717527771e+02
-1.4773034668e+02
-1.5530470276e+02
-1.5947692871e+02
-1.5994599915e+02
-1.5651293945e+02
-1.4912319946e+02
-1.3782739258e+02
-1.2282276917e+02
-1.0439758301e+02
-8.2961563110e+01
-5.8996070862e+01
-3.3068187714e+01
-5.7860116959e+00
2.2243356705e+01
5.0267311096e+01
7.7580497742e+01
1.0339663696e+02
1.2706618500e+02
1.4787802124e+02
1.6529096985e+02
1.7878752136e+02
1.8805290222e+02
1.9287037659e+02
1.9324111938e+02
1.8929864502e+02
1.8137219238e+02
1.6990551758e+02
1.5548545837e+02
1.3875880432e+02
1.2045906830e+02
1.0131184387e+02
8.2096199036e+01
6.3502471924e+01
4.6294754028e+01
3.0995576859e+01
1.8382518768e+01
8.5710906982e+00
2.7223167419e+00
0.0000000000e+00
