0.0000000000e+00
-3.1452956200e+00
-1.0567192078e+01
-2.2554216385e+01
-3.7793228149e+01
-5.5875743866e+01
-7.5790573120e+01
-9.6765739441e+01
-1.1786558533e+02
-1.3823280334e+02
-1.5700796509e+02
-1.7339891052e+02
-1.8667282104e+02
-1.9620046997e+02
-2.0145182800e+02
-2.0204963684e+02
-1.9774533081e+02
-1.8847843933e+02
-1.7432283020e+02
-1.5553790283e+02
-1.3249983215e+02
-1.0572143555e+02
-7.5814247131e+01
-4.3457038879e+01
-9.4211921692e+00
2.5599613190e+01
6.0659179688e+01
9.4939964294e+01
1.2743582916e+02
1.5735502625e+02
1.8376239014e+02
2.0595915222e+02
2.2323846436e+02
2.3517208862e+02
2.4144862366e+02
2.4205888367e+02
2.3717056274e+02
2.2721875000e+02
2.1278742981e+02
1.9464564514e+02
1.7362739563e+02
1.5067030334e+02
1.2668362427e+02
1.0264154053e+02
7.9391998291e+01
5.7883975983e+01
3.8756286621e+01
2.2983808517e+01
1.0708662987e+01
3.3856678009e+00
0.0000000000e+00
