2.0718796387e+03
4.8729916382e+02
-1.3109268799e+03
-2.9287116699e+03
2.0641767578e+03
4.7292004395e+02
-1.2185745850e+03
-2.8421838379e+03
2.2349838867e+03
5.0312530518e+02
-1.2475948486e+03
-3.0155859375e+03
2.3874309082e+03
5.4170770264e+02
-1.2891708984e+03
-3.1751201172e+03
2.5235158691e+03
5.7578753662e+02
-1.3351042480e+03
-3.3265449219e+03
2.6307006836e+03
6.0393188477e+02
-1.3737976074e+03
-3.4470363770e+03
2.7162785645e+03
6.2643164062e+02
-1.4070620117e+03
-3.5456293945e+03
2.7810869141e+03
6.4380035400e+02
-1.4331142578e+03
-3.6208483887e+03
2.8295786133e+03
6.5682781982e+02
-1.4534119873e+03
-3.6779538574e+03
2.8635712891e+03
6.6603894043e+02
-1.4679023438e+03
-3.7181774902e+03
2.8853276367e+03
6.7194305420e+02
-1.4773896484e+03
-3.7441425781e+03
2.8958601074e+03
6.7481164551e+02
-1.4820074463e+03
-3.7567270508e+03
2.8958601074e+03
6.7481164551e+02
-1.4820074463e+03
-3.7567270508e+03
2.8853276367e+03
6.7194305420e+02
-1.4773896484e+03
-3.7441425781e+03
2.8635712891e+03
6.6603894043e+02
-1.4679023438e+03
-3.7181774902e+03
2.8295786133e+03
6.5682781982e+02
-1.4534119873e+03
-3.6779538574e+03
2.7810869141e+03
6.4380035400e+02
-1.4331142578e+03
-3.6208483887e+03
2.7162785645e+03
6.2643164062e+02
-1.4070620117e+03
-3.5456293945e+03
2.6307006836e+03
6.0393188477e+02
-1.3737976074e+03
-3.4470363770e+03
2.5235158691e+03
5.7578753662e+02
-1.3351042480e+03
-3.3265449219e+03
2.3874309082e+03
5.4170770264e+02
-1.2891708984e+03
-3.1751201172e+03
2.2349838867e+03
5.0312530518e+02
-1.2475948486e+03
-3.0155859375e+03
2.0641767578e+03
4.7292004395e+02
-1.2185745850e+03
-2.8421838379e+03
2.0718796387e+03
4.8729916382e+02
-1.3109268799e+03
-2.9287116699e+03
2.4699821777e+03
6.0349810791e+02
-1.1094259033e+03
-3.0110253906e+03
2.5531562500e+03
6.1475262451e+02
-1.3164437256e+03
-3.2696918945e+03
2.4827814941e+03
5.9933453369e+02
-1.3484929199e+03
-3.2294558105e+03
2.4767583008e+03
5.9558013916e+02
-1.3855258789e+03
-3.2566540527e+03
2.4776252441e+03
5.9670666504e+02
-1.4101331787e+03
-3.2752927246e+03
2.4949567871e+03
6.0030889893e+02
-1.4347434082e+03
-3.3103320312e+03
2.5138613281e+03
6.0464605713e+02
-1.4540667725e+03
-3.3418347168e+03
2.5345759277e+03
6.0915362549e+02
-1.4710690918e+03
-3.3735612793e+03
2.5523771973e+03
6.1308923340e+02
-1.4840166016e+03
-3.3993757324e+03
2.5670415039e+03
6.1629656982e+02
-1.4939531250e+03
-3.4201806641e+03
2.5770083008e+03
6.1849328613e+02
-1.5003669434e+03
-3.4340175781e+03
2.5821752930e+03
6.1962780762e+02
-1.5036271973e+03
-3.4411608887e+03
2.5821752930e+03
6.1962780762e+02
-1.5036271973e+03
-3.4411608887e+03
2.5770083008e+03
6.1849328613e+02
-1.5003669434e+03
-3.4340175781e+03
2.5670415039e+03
6.1629656982e+02
-1.4939531250e+03
-3.4201806641e+03
2.5523771973e+03
6.1308923340e+02
-1.4840166016e+03
-3.3993757324e+03
2.5345759277e+03
6.0915362549e+02
-1.4710690918e+03
-3.3735612793e+03
2.5138613281e+03
6.0464605713e+02
-1.4540667725e+03
-3.3418347168e+03
2.4949567871e+03
6.0030889893e+02
-1.4347434082e+03
-3.3103320312e+03
2.4776252441e+03
5.9670666504e+02
-1.4101331787e+03
-3.2752927246e+03
2.4767583008e+03
5.9558013916e+02
-1.3855258789e+03
-3.2566540527e+03
2.4827814941e+03
5.9933453369e+02
-1.3484929199e+03
-3.2294558105e+03
2.5531562500e+03
6.1475262451e+02
-1.3164437256e+03
-3.2696918945e+03
2.4699821777e+03
6.0349810791e+02
-1.1094259033e+03
-3.0110253906e+03
2.5877082520e+03
7.0921014404e+02
-1.2168371582e+03
-3.1758176270e+03
2.4987780762e+03
6.3366302490e+02
-1.2067829590e+03
-3.1483354492e+03
2.5023696289e+03
5.8480279541e+02
-1.2682740479e+03
-3.2555004883e+03
2.4536528320e+03
5.4205230713e+02
-1.2785318604e+03
-3.2552768555e+03
2.4276391602e+03
5.1287365723e+02
-1.2931774902e+03
-3.2708808594e+03
2.4029916992e+03
4.9157919312e+02
-1.2995379639e+03
-3.2718693848e+03
2.3900178223e+03
4.7721322632e+02
-1.3076289062e+03
-3.2800722656e+03
2.3809057617e+03
4.6723385620e+02
-1.3133165283e+03
-3.2854982910e+03
2.3768586426e+03
4.6072076416e+02
-1.3189422607e+03
-3.2928249512e+03
2.3746142578e+03
4.5649325562e+02
-1.3229351807e+03
-3.2982163086e+03
2.3739946289e+03
4.5404806519e+02
-1.3259199219e+03
-3.3026767578e+03
2.3737531738e+03
4.5290451050e+02
-1.3273466797e+03
-3.3048266602e+03
2.3737531738e+03
4.5290451050e+02
-1.3273466797e+03
-3.3048266602e+03
2.3739946289e+03
4.5404806519e+02
-1.3259199219e+03
-3.3026767578e+03
2.3746142578e+03
4.5649325562e+02
-1.3229351807e+03
-3.2982163086e+03
2.3768586426e+03
4.6072076416e+02
-1.3189422607e+03
-3.2928249512e+03
2.3809057617e+03
4.6723385620e+02
-1.3133165283e+03
-3.2854982910e+03
2.3900178223e+03
4.7721322632e+02
-1.3076289062e+03
-3.2800722656e+03
2.4029916992e+03
4.9157919312e+02
-1.2995379639e+03
-3.2718693848e+03
2.4276391602e+03
5.1287365723e+02
-1.2931774902e+03
-3.2708808594e+03
2.4536528320e+03
5.4205230713e+02
-1.2785318604e+03
-3.2552768555e+03
2.5023696289e+03
5.8480279541e+02
-1.2682740479e+03
-3.2555004883e+03
2.4987780762e+03
6.3366302490e+02
-1.2067829590e+03
-3.1483354492e+03
2.5877082520e+03
7.0921014404e+02
-1.2168371582e+03
-3.1758176270e+03
2.4259345703e+03
6.3078161621e+02
-1.1664116211e+03
-2.9783044434e+03
2.4239406738e+03
6.1088391113e+02
-1.2573848877e+03
-3.0758557129e+03
2.3513413086e+03
5.7957153320e+02
-1.2719227295e+03
-3.0452185059e+03
2.3266284180e+03
5.5596820068e+02
-1.3141922607e+03
-3.0828747559e+03
2.2859462891e+03
5.3229858398e+02
-1.3329418945e+03
-3.0810979004e+03
2.2586689453e+03
5.1357812500e+02
-1.3516298828e+03
-3.0886369629e+03
2.2323630371e+03
4.9793139648e+02
-1.3619996338e+03
-3.0859040527e+03
2.2138469238e+03
4.8605975342e+02
-1.3710584717e+03
-3.0863906250e+03
2.1988657227e+03
4.7697201538e+02
-1.3766219482e+03
-3.0844348145e+03
2.1889179688e+03
4.7061856079e+02
-1.3809909668e+03
-3.0840249023e+03
2.1822875977e+03
4.6650195312e+02
-1.3834781494e+03
-3.0831845703e+03
2.1792131348e+03
4.6451998901e+02
-1.3848041992e+03
-3.0830202637e+03
2.1792131348e+03
4.6451998901e+02
-1.3848041992e+03
-3.0830202637e+03
2.1822875977e+03
4.6650195312e+02
-1.3834781494e+03
-3.0831845703e+03
2.1889179688e+03
4.7061856079e+02
-1.3809909668e+03
-3.0840249023e+03
2.1988657227e+03
4.7697201538e+02
-1.3766219482e+03
-3.0844348145e+03
2.2138469238e+03
4.8605975342e+02
-1.3710584717e+03
-3.0863906250e+03
2.2323630371e+03
4.9793139648e+02
-1.3619996338e+03
-3.0859040527e+03
2.2586689453e+03
5.1357812500e+02
-1.3516298828e+03
-3.0886369629e+03
2.2859462891e+03
5.3229858398e+02
-1.3329418945e+03
-3.0810979004e+03
2.3266284180e+03
5.5596820068e+02
-1.3141922607e+03
-3.0828747559e+03
2.3513413086e+03
5.7957153320e+02
-1.2719227295e+03
-3.0452185059e+03
2.4239406738e+03
6.1088391113e+02
-1.2573848877e+03
-3.0758557129e+03
2.4259345703e+03
6.3078161621e+02
-1.1664116211e+03
-2.9783044434e+03
2.2333476562e+03
5.3949456787e+02
-1.1223487549e+03
-2.8364584961e+03
2.1961010742e+03
5.0370626831e+02
-1.1398459473e+03
-2.8548251953e+03
2.1852453613e+03
4.7244509888e+02
-1.1814418945e+03
-2.9144245605e+03
2.1385458984e+03
4.3998263550e+02
-1.1860373535e+03
-2.9051074219e+03
2.1139877930e+03
4.1501287842e+02
-1.2043940430e+03
-2.9237719727e+03
2.0840424805e+03
3.9257803345e+02
-1.2127098389e+03
-2.9240717773e+03
2.0629338379e+03
3.7494259644e+02
-1.2227768555e+03
-2.9302609863e+03
2.0431452637e+03
3.6052120972e+02
-1.2284787598e+03
-2.9300280762e+03
2.0288366699e+03
3.4969000244e+02
-1.2337141113e+03
-2.9313408203e+03
2.0175319824e+03
3.4173422241e+02
-1.2367445068e+03
-2.9306018066e+03
2.0104578857e+03
3.3663946533e+02
-1.2389713135e+03
-2.9305747070e+03
2.0067885742e+03
3.3410690308e+02
-1.2399058838e+03
-2.9302187500e+03
2.0067885742e+03
3.3410690308e+02
-1.2399058838e+03
-2.9302187500e+03
2.0104578857e+03
3.3663946533e+02
-1.2389713135e+03
-2.9305747070e+03
2.0175319824e+03
3.4173422241e+02
-1.2367445068e+03
-2.9306018066e+03
2.0288366699e+03
3.4969000244e+02
-1.2337141113e+03
-2.9313408203e+03
2.0431452637e+03
3.6052120972e+02
-1.2284787598e+03
-2.9300280762e+03
2.0629338379e+03
3.7494259644e+02
-1.2227768555e+03
-2.9302609863e+03
2.0840424805e+03
3.9257803345e+02
-1.2127098389e+03
-2.9240717773e+03
2.1139877930e+03
4.1501287842e+02
-1.2043940430e+03
-2.9237719727e+03
2.1385458984e+03
4.3998263550e+02
-1.1860373535e+03
-2.9051074219e+03
2.1852453613e+03
4.7244509888e+02
-1.1814418945e+03
-2.9144245605e+03
2.1961010742e+03
5.0370626831e+02
-1.1398459473e+03
-2.8548251953e+03
2.2333476562e+03
5.3949456787e+02
-1.1223487549e+03
-2.8364584961e+03
1.9710767822e+03
4.4128918457e+02
-1.0939851074e+03
-2.5958156738e+03
1.9615319824e+03
4.3120574951e+02
-1.1273509521e+03
-2.6388872070e+03
1.9202141113e+03
4.1086062622e+02
-1.1371671143e+03
-2.6343876953e+03
1.9033341064e+03
3.9253747559e+02
-1.1672459717e+03
-2.6650617676e+03
1.8705014648e+03
3.7292315674e+02
-1.1780429688e+03
-2.6622907715e+03
1.8499257812e+03
3.5700473022e+02
-1.1936794434e+03
-2.6722548828e+03
1.8278240967e+03
3.4266836548e+02
-1.2024324951e+03
-2.6722370605e+03
1.8120878906e+03
3.3130477905e+02
-1.2113956299e+03
-2.6759531250e+03
1.7981925049e+03
3.2209939575e+02
-1.2169440918e+03
-2.6760456543e+03
1.7886352539e+03
3.1543048096e+02
-1.2215687256e+03
-2.6772255859e+03
1.7818842773e+03
3.1096014404e+02
-1.2241644287e+03
-2.6771469727e+03
1.7786967773e+03
3.0877310181e+02
-1.2255850830e+03
-2.6773776855e+03
1.7786967773e+03
3.0877310181e+02
-1.2255850830e+03
-2.6773776855e+03
1.7818842773e+03
3.1096014404e+02
-1.2241644287e+03
-2.6771469727e+03
1.7886352539e+03
3.1543048096e+02
-1.2215687256e+03
-2.6772255859e+03
1.7981925049e+03
3.2209939575e+02
-1.2169440918e+03
-2.6760456543e+03
1.8120878906e+03
3.3130477905e+02
-1.2113956299e+03
-2.6759531250e+03
1.8278240967e+03
3.4266836548e+02
-1.2024324951e+03
-2.6722370605e+03
1.8499257812e+03
3.5700473022e+02
-1.1936794434e+03
-2.6722548828e+03
1.8705014648e+03
3.7292315674e+02
-1.1780429688e+03
-2.6622907715e+03
1.9033341064e+03
3.9253747559e+02
-1.1672459717e+03
-2.6650617676e+03
1.9202141113e+03
4.1086062622e+02
-1.1371671143e+03
-2.6343876953e+03
1.9615319824e+03
4.3120574951e+02
-1.1273509521e+03
-2.6388872070e+03
1.9710767822e+03
4.4128918457e+02
-1.0939851074e+03
-2.5958156738e+03
1.6871247559e+03
3.0330813599e+02
-1.0241343994e+03
-2.3626037598e+03
1.6753686523e+03
3.0058255005e+02
-1.0264945068e+03
-2.3745502930e+03
1.6637248535e+03
2.8793847656e+02
-1.0449923096e+03
-2.4034719238e+03
1.6335573730e+03
2.6931445312e+02
-1.0481746826e+03
-2.3994609375e+03
1.6180384521e+03
2.5332298279e+02
-1.0638687744e+03
-2.4168395996e+03
1.5960800781e+03
2.3758929443e+02
-1.0704941406e+03
-2.4176308594e+03
1.5814743652e+03
2.2494461060e+02
-1.0798530273e+03
-2.4250156250e+03
1.5667481689e+03
2.1409480286e+02
-1.0852011719e+03
-2.4262807617e+03
1.5564493408e+03
2.0579879761e+02
-1.0906296387e+03
-2.4295075684e+03
1.5479272461e+03
1.9951119995e+02
-1.0938742676e+03
-2.4303098145e+03
1.5427000732e+03
1.9544055176e+02
-1.0963862305e+03
-2.4315314941e+03
1.5399034424e+03
1.9338415527e+02
-1.0974582520e+03
-2.4317854004e+03
1.5399034424e+03
1.9338415527e+02
-1.0974582520e+03
-2.4317854004e+03
1.5427000732e+03
1.9544055176e+02
-1.0963862305e+03
-2.4315314941e+03
1.5479272461e+03
1.9951119995e+02
-1.0938742676e+03
-2.4303098145e+03
1.5564493408e+03
2.0579879761e+02
-1.0906296387e+03
-2.4295075684e+03
1.5667481689e+03
2.1409480286e+02
-1.0852011719e+03
-2.4262807617e+03
1.5814743652e+03
2.2494461060e+02
-1.0798530273e+03
-2.4250156250e+03
1.5960800781e+03
2.3758929443e+02
-1.0704941406e+03
-2.4176308594e+03
1.6180384521e+03
2.5332298279e+02
-1.0638687744e+03
-2.4168395996e+03
1.6335573730e+03
2.6931445312e+02
-1.0481746826e+03
-2.3994609375e+03
1.6637248535e+03
2.8793847656e+02
-1.0449923096e+03
-2.4034719238e+03
1.6753686523e+03
3.0058255005e+02
-1.0264945068e+03
-2.3745502930e+03
1.6871247559e+03
3.0330813599e+02
-1.0241343994e+03
-2.3626037598e+03
1.3662279053e+03
1.8038473511e+02
-9.7751849365e+02
-2.0797492676e+03
1.3693251953e+03
1.9398677063e+02
-9.7188305664e+02
-2.0924780273e+03
1.3499573975e+03
1.8976040649e+02
-9.7055102539e+02
-2.0932692871e+03
1.3399868164e+03
1.8058143616e+02
-9.8523150635e+02
-2.1106984863e+03
1.3186574707e+03
1.6852134705e+02
-9.9001885986e+02
-2.1087609863e+03
1.3063677979e+03
1.5802253723e+02
-1.0011024780e+03
-2.1182033691e+03
1.2914245605e+03
1.4799475098e+02
-1.0068920898e+03
-2.1190461426e+03
1.2813775635e+03
1.3997148132e+02
-1.0138483276e+03
-2.1236796875e+03
1.2718731689e+03
1.3329054260e+02
-1.0180060425e+03
-2.1247241211e+03
1.2655831299e+03
1.2843971252e+02
-1.0218101196e+03
-2.1268488770e+03
1.2609436035e+03
1.2513430786e+02
-1.0239028320e+03
-2.1274321289e+03
1.2588194580e+03
1.2352011871e+02
-1.0251151123e+03
-2.1280490723e+03
1.2588194580e+03
1.2352011871e+02
-1.0251151123e+03
-2.1280490723e+03
1.2609436035e+03
1.2513430786e+02
-1.0239028320e+03
-2.1274321289e+03
1.2655831299e+03
1.2843971252e+02
-1.0218101196e+03
-2.1268488770e+03
1.2718731689e+03
1.3329054260e+02
-1.0180060425e+03
-2.1247241211e+03
1.2813775635e+03
1.3997148132e+02
-1.0138483276e+03
-2.1236796875e+03
1.2914245605e+03
1.4799475098e+02
-1.0068920898e+03
-2.1190461426e+03
1.3063677979e+03
1.5802253723e+02
-1.0011024780e+03
-2.1182033691e+03
1.3186574707e+03
1.6852134705e+02
-9.9001885986e+02
-2.1087609863e+03
1.3399868164e+03
1.8058143616e+02
-9.8523150635e+02
-2.1106984863e+03
1.3499573975e+03
1.8976040649e+02
-9.7055102539e+02
-2.0932692871e+03
1.3693251953e+03
1.9398677063e+02
-9.7188305664e+02
-2.0924780273e+03
1.3662279053e+03
1.8038473511e+02
-9.7751849365e+02
-2.0797492676e+03
1.0326711426e+03
3.3135520935e+01
-8.9616076660e+02
-1.7923327637e+03
1.0403449707e+03
5.8539604187e+01
-8.7371783447e+02
-1.7877073975e+03
1.0359119873e+03
6.2895381927e+01
-8.7258551025e+02
-1.7980794678e+03
1.0208455811e+03
5.6633525848e+01
-8.7138745117e+02
-1.7951970215e+03
1.0125756836e+03
4.8988632202e+01
-8.8020672607e+02
-1.8061413574e+03
9.9880810547e+02
4.0018066406e+01
-8.8353521729e+02
-1.8058076172e+03
9.9033007812e+02
3.2465278625e+01
-8.9017687988e+02
-1.8117967529e+03
9.8082330322e+02
2.5588001251e+01
-8.9375018311e+02
-1.8127713623e+03
9.7454272461e+02
2.0270658493e+01
-8.9790673828e+02
-1.8158833008e+03
9.6898846436e+02
1.6122350693e+01
-9.0028167725e+02
-1.8167551270e+03
9.6572290039e+02
1.3434071541e+01
-9.0226934814e+02
-1.8180921631e+03
9.6389288330e+02
1.2055109024e+01
-9.0308319092e+02
-1.8184128418e+03
9.6389288330e+02
1.2055109024e+01
-9.0308319092e+02
-1.8184128418e+03
9.6572290039e+02
1.3434071541e+01
-9.0226934814e+02
-1.8180921631e+03
9.6898846436e+02
1.6122350693e+01
-9.0028167725e+02
-1.8167551270e+03
9.7454272461e+02
2.0270658493e+01
-8.9790673828e+02
-1.8158833008e+03
9.8082330322e+02
2.5588001251e+01
-8.9375018311e+02
-1.8127713623e+03
9.9033007812e+02
3.2465278625e+01
-8.9017687988e+02
-1.8117967529e+03
9.9880810547e+02
4.0018066406e+01
-8.8353521729e+02
-1.8058076172e+03
1.0125756836e+03
4.8988632202e+01
-8.8020672607e+02
-1.8061413574e+03
1.0208455811e+03
5.6633525848e+01
-8.7138745117e+02
-1.7951970215e+03
1.0359119873e+03
6.2895381927e+01
-8.7258551025e+02
-1.7980794678e+03
1.0403449707e+03
5.8539604187e+01
-8.7371783447e+02
-1.7877073975e+03
1.0326711426e+03
3.3135520935e+01
-8.9616076660e+02
-1.7923327637e+03
6.8090991211e+02
-1.0047323608e+02
-8.2363214111e+02
-1.4752766113e+03
6.9787188721e+02
-6.4242668152e+01
-7.9012432861e+02
-1.4663787842e+03
6.9306378174e+02
-5.3752117157e+01
-7.7684191895e+02
-1.4635906982e+03
6.8986352539e+02
-5.3916656494e+01
-7.7925732422e+02
-1.4701571045e+03
6.7857928467e+02
-5.8701423645e+01
-7.7936682129e+02
-1.4680805664e+03
6.7255682373e+02
-6.3965896606e+01
-7.8541796875e+02
-1.4743291016e+03
6.6363665771e+02
-6.9682312012e+01
-7.8814343262e+02
-1.4744190674e+03
6.5809948730e+02
-7.4409774780e+01
-7.9258575439e+02
-1.4780709229e+03
6.5225445557e+02
-7.8545585632e+01
-7.9503234863e+02
-1.4787838135e+03
6.4860638428e+02
-8.1567970276e+01
-7.9762316895e+02
-1.4806666260e+03
6.4571887207e+02
-8.3680595398e+01
-7.9896252441e+02
-1.4811697998e+03
6.4446051025e+02
-8.4708526611e+01
-7.9981097412e+02
-1.4817526855e+03
6.4446051025e+02
-8.4708526611e+01
-7.9981097412e+02
-1.4817526855e+03
6.4571887207e+02
-8.3680595398e+01
-7.9896252441e+02
-1.4811697998e+03
6.4860638428e+02
-8.1567970276e+01
-7.9762316895e+02
-1.4806666260e+03
6.5225445557e+02
-7.8545585632e+01
-7.9503234863e+02
-1.4787838135e+03
6.5809948730e+02
-7.4409774780e+01
-7.9258575439e+02
-1.4780709229e+03
6.6363665771e+02
-6.9682312012e+01
-7.8814343262e+02
-1.4744190674e+03
6.7255682373e+02
-6.3965896606e+01
-7.8541796875e+02
-1.4743291016e+03
6.7857928467e+02
-5.8701423645e+01
-7.7936682129e+02
-1.4680805664e+03
6.8986352539e+02
-5.3916656494e+01
-7.7925732422e+02
-1.4701571045e+03
6.9306378174e+02
-5.3752117157e+01
-7.7684191895e+02
-1.4635906982e+03
6.9787188721e+02
-6.4242668152e+01
-7.9012432861e+02
-1.4663787842e+03
6.8090991211e+02
-1.0047323608e+02
-8.2363214111e+02
-1.4752766113e+03
3.2519512939e+02
-2.4138961792e+02
-7.2759661865e+02
-1.1501846924e+03
3.4606863403e+02
-1.9644938660e+02
-6.8495629883e+02
-1.1313865967e+03
3.4884002686e+02
-1.7995799255e+02
-6.7009985352e+02
-1.1307272949e+03
3.4415518188e+02
-1.7743650818e+02
-6.6420788574e+02
-1.1266823730e+03
3.4106246948e+02
-1.7896038818e+02
-6.6686700439e+02
-1.1318968506e+03
3.3376583862e+02
-1.8286401367e+02
-6.6754351807e+02
-1.1308027344e+03
3.2966012573e+02
-1.8661183167e+02
-6.7143957520e+02
-1.1348648682e+03
3.2413787842e+02
-1.9042703247e+02
-6.7331860352e+02
-1.1352480469e+03
3.2076776123e+02
-1.9345227051e+02
-6.7607385254e+02
-1.1376678467e+03
3.1744134521e+02
-1.9592578125e+02
-6.7753387451e+02
-1.1382604980e+03
3.1560647583e+02
-1.9753434753e+02
-6.7891522217e+02
-1.1393830566e+03
3.1449737549e+02
-1.9837925720e+02
-6.7944360352e+02
-1.1396307373e+03
3.1449737549e+02
-1.9837925720e+02
-6.7944360352e+02
-1.1396307373e+03
3.1560647583e+02
-1.9753434753e+02
-6.7891522217e+02
-1.1393830566e+03
3.1744134521e+02
-1.9592578125e+02
-6.7753387451e+02
-1.1382604980e+03
3.2076776123e+02
-1.9345227051e+02
-6.7607385254e+02
-1.1376678467e+03
3.2413787842e+02
-1.9042703247e+02
-6.7331860352e+02
-1.1352480469e+03
3.2966012573e+02
-1.8661183167e+02
-6.7143957520e+02
-1.1348648682e+03
3.3376583862e+02
-1.8286401367e+02
-6.6754351807e+02
-1.1308027344e+03
3.4106246948e+02
-1.7896038818e+02
-6.6686700439e+02
-1.1318968506e+03
3.4415518188e+02
-1.7743650818e+02
-6.6420788574e+02
-1.1266823730e+03
3.4884002686e+02
-1.7995799255e+02
-6.7009985352e+02
-1.1307272949e+03
3.4606863403e+02
-1.9644938660e+02
-6.8495629883e+02
-1.1313865967e+03
3.2519512939e+02
-2.4138961792e+02
-7.2759661865e+02
-1.1501846924e+03
-3.5031364441e+01
-3.6987466431e+02
-6.2945959473e+02
-8.0794940186e+02
-1.0111564636e+01
-3.2008337402e+02
-5.8022174072e+02
-7.8615777588e+02
-6.9137454033e+00
-3.0069705200e+02
-5.5950323486e+02
-7.7990191650e+02
-5.5896787643e+00
-2.9520944214e+02
-5.5502496338e+02
-7.8050689697e+02
-1.0397279739e+01
-2.9540347290e+02
-5.5273822021e+02
-7.7873669434e+02
-1.2729439735e+01
-2.9735589600e+02
-5.5552551270e+02
-7.8258721924e+02
-1.7619102478e+01
-3.0028094482e+02
-5.5666058350e+02
-7.8260803223e+02
-2.0370113373e+01
-3.0290982056e+02
-5.5952386475e+02
-7.8552758789e+02
-2.3801248550e+01
-3.0539340210e+02
-5.6101629639e+02
-7.8617913818e+02
-2.5783321381e+01
-3.0724041748e+02
-5.6284759521e+02
-7.8786791992e+02
-2.7525133133e+01
-3.0857708740e+02
-5.6374749756e+02
-7.8835931396e+02
-2.8233457565e+01
-3.0922644043e+02
-5.6436773682e+02
-7.8890948486e+02
-2.8233457565e+01
-3.0922644043e+02
-5.6436773682e+02
-7.8890948486e+02
-2.7525133133e+01
-3.0857708740e+02
-5.6374749756e+02
-7.8835931396e+02
-2.5783321381e+01
-3.0724041748e+02
-5.6284759521e+02
-7.8786791992e+02
-2.3801248550e+01
-3.0539340210e+02
-5.6101629639e+02
-7.8617913818e+02
-2.0370113373e+01
-3.0290982056e+02
-5.5952386475e+02
-7.8552758789e+02
-1.7619102478e+01
-3.0028094482e+02
-5.5666058350e+02
-7.8260803223e+02
-1.2729439735e+01
-2.9735589600e+02
-5.5552551270e+02
-7.8258721924e+02
-1.0397279739e+01
-2.9540347290e+02
-5.5273822021e+02
-7.7873669434e+02
-5.5896787643e+00
-2.9520944214e+02
-5.5502496338e+02
-7.8050689697e+02
-6.9137454033e+00
-3.0069705200e+02
-5.5950323486e+02
-7.7990191650e+02
-1.0111564636e+01
-3.2008337402e+02
-5.8022174072e+02
-7.8615777588e+02
-3.5031364441e+01
-3.6987466431e+02
-6.2945959473e+02
-8.0794940186e+02
-3.9136355591e+02
-4.9495886230e+02
-5.1555010986e+02
-4.5884405518e+02
-3.6617300415e+02
-4.4270166016e+02
-4.6407415771e+02
-4.3350344849e+02
-3.6046765137e+02
-4.2151647949e+02
-4.4360614014e+02
-4.2873394775e+02
-3.6035662842e+02
-4.1540997314e+02
-4.3621343994e+02
-4.2519873047e+02
-3.6119992065e+02
-4.1444146729e+02
-4.3627828979e+02
-4.2828695679e+02
-3.6500973511e+02
-4.1617550659e+02
-4.3651901245e+02
-4.2824887085e+02
-3.6710848999e+02
-4.1834402466e+02
-4.3935757446e+02
-4.3183703613e+02
-3.7049487305e+02
-4.2083425903e+02
-4.4090823364e+02
-4.3279144287e+02
-3.7244519043e+02
-4.2289462280e+02
-4.4322698975e+02
-4.3528225708e+02
-3.7459255981e+02
-4.2464578247e+02
-4.4450607300e+02
-4.3619580078e+02
-3.7571127319e+02
-4.2579678345e+02
-4.4572659302e+02
-4.3743798828e+02
-3.7644091797e+02
-4.2641171265e+02
-4.4619946289e+02
-4.3779391479e+02
-3.7644091797e+02
-4.2641171265e+02
-4.4619946289e+02
-4.3779391479e+02
-3.7571127319e+02
-4.2579678345e+02
-4.4572659302e+02
-4.3743798828e+02
-3.7459255981e+02
-4.2464578247e+02
-4.4450607300e+02
-4.3619580078e+02
-3.7244519043e+02
-4.2289462280e+02
-4.4322698975e+02
-4.3528225708e+02
-3.7049487305e+02
-4.2083425903e+02
-4.4090823364e+02
-4.3279144287e+02
-3.6710848999e+02
-4.1834402466e+02
-4.3935757446e+02
-4.3183703613e+02
-3.6500973511e+02
-4.1617550659e+02
-4.3651901245e+02
-4.2824887085e+02
-3.6119992065e+02
-4.1444146729e+02
-4.3627828979e+02
-4.2828695679e+02
-3.6035662842e+02
-4.1540997314e+02
-4.3621343994e+02
-4.2519873047e+02
-3.6046765137e+02
-4.2151647949e+02
-4.4360614014e+02
-4.2873394775e+02
-3.6617300415e+02
-4.4270166016e+02
-4.6407415771e+02
-4.3350344849e+02
-3.9136355591e+02
-4.9495886230e+02
-5.1555010986e+02
-4.5884405518e+02
-7.4250579834e+02
-6.0762805176e+02
-3.9532080078e+02
-1.0181742859e+02
-7.1868347168e+02
-5.5717987061e+02
-3.4408538818e+02
-7.7283271790e+01
-7.1439251709e+02
-5.3709735107e+02
-3.2337243652e+02
-7.1983306885e+01
-7.1271343994e+02
-5.3123706055e+02
-3.1825088501e+02
-7.2320899963e+01
-7.1553192139e+02
-5.3092822266e+02
-3.1705941772e+02
-7.3147560120e+01
-7.1725939941e+02
-5.3263531494e+02
-3.1976113892e+02
-7.7413032532e+01
-7.2079248047e+02
-5.3524731445e+02
-3.2166604614e+02
-7.9273193359e+01
-7.2288665771e+02
-5.3771270752e+02
-3.2476660156e+02
-8.2964080811e+01
-7.2553106689e+02
-5.4002935791e+02
-3.2671157837e+02
-8.4716407776e+01
-7.2706506348e+02
-5.4178363037e+02
-3.2876721191e+02
-8.7002166748e+01
-7.2844104004e+02
-5.4304870605e+02
-3.2988449097e+02
-8.8020668030e+01
-7.2899444580e+02
-5.4366851807e+02
-3.3059008789e+02
-8.8787010193e+01
-7.2899444580e+02
-5.4366851807e+02
-3.3059008789e+02
-8.8787010193e+01
-7.2844104004e+02
-5.4304870605e+02
-3.2988449097e+02
-8.8020668030e+01
-7.2706506348e+02
-5.4178363037e+02
-3.2876721191e+02
-8.7002166748e+01
-7.2553106689e+02
-5.4002935791e+02
-3.2671157837e+02
-8.4716407776e+01
-7.2288665771e+02
-5.3771270752e+02
-3.2476660156e+02
-8.2964080811e+01
-7.2079248047e+02
-5.3524731445e+02
-3.2166604614e+02
-7.9273193359e+01
-7.1725939941e+02
-5.3263531494e+02
-3.1976113892e+02
-7.7413032532e+01
-7.1553192139e+02
-5.3092822266e+02
-3.1705941772e+02
-7.3147560120e+01
-7.1271343994e+02
-5.3123706055e+02
-3.1825088501e+02
-7.2320899963e+01
-7.1439251709e+02
-5.3709735107e+02
-3.2337243652e+02
-7.1983306885e+01
-7.1868347168e+02
-5.5717987061e+02
-3.4408538818e+02
-7.7283271790e+01
-7.4250579834e+02
-6.0762805176e+02
-3.9532080078e+02
-1.0181742859e+02
-1.0831041260e+03
-7.1156085205e+02
-2.6493475342e+02
2.5714883423e+02
-1.0635479736e+03
-6.6557000732e+02
-2.1815911865e+02
2.7949761963e+02
-1.0608585205e+03
-6.4819036865e+02
-2.0098962402e+02
2.8151110840e+02
-1.0617537842e+03
-6.4441912842e+02
-1.9707429504e+02
2.8077365112e+02
-1.0640665283e+03
-6.4530895996e+02
-1.9908500671e+02
2.7546835327e+02
-1.0680218506e+03
-6.4835729980e+02
-2.0187684631e+02
2.7192172241e+02
-1.0708483887e+03
-6.5167315674e+02
-2.0620089722e+02
2.6643139648e+02
-1.0743558350e+03
-6.5501043701e+02
-2.0937684631e+02
2.6314898682e+02
-1.0766357422e+03
-6.5777044678e+02
-2.1274681091e+02
2.5924017334e+02
-1.0788764648e+03
-6.6001184082e+02
-2.1493739319e+02
2.5702087402e+02
-1.0801251221e+03
-6.6149822998e+02
-2.1669580078e+02
2.5503782654e+02
-1.0808883057e+03
-6.6227423096e+02
-2.1746408081e+02
2.5425909424e+02
-1.0808883057e+03
-6.6227423096e+02
-2.1746408081e+02
2.5425909424e+02
-1.0801251221e+03
-6.6149822998e+02
-2.1669580078e+02
2.5503782654e+02
-1.0788764648e+03
-6.6001184082e+02
-2.1493739319e+02
2.5702087402e+02
-1.0766357422e+03
-6.5777044678e+02
-2.1274681091e+02
2.5924017334e+02
-1.0743558350e+03
-6.5501043701e+02
-2.0937684631e+02
2.6314898682e+02
-1.0708483887e+03
-6.5167315674e+02
-2.0620089722e+02
2.6643139648e+02
-1.0680218506e+03
-6.4835729980e+02
-2.0187684631e+02
2.7192172241e+02
-1.0640665283e+03
-6.4530895996e+02
-1.9908500671e+02
2.7546835327e+02
-1.0617537842e+03
-6.4441912842e+02
-1.9707429504e+02
2.8077365112e+02
-1.0608585205e+03
-6.4819036865e+02
-2.0098962402e+02
2.8151110840e+02
-1.0635479736e+03
-6.6557000732e+02
-2.1815911865e+02
2.7949761963e+02
-1.0831041260e+03
-7.1156085205e+02
-2.6493475342e+02
2.5714883423e+02
-1.4109453125e+03
-8.0316387939e+02
-1.2941627502e+02
6.1499615479e+02
-1.3976126709e+03
-7.6522973633e+02
-8.9499557495e+01
6.3224902344e+02
-1.3988911133e+03
-7.5286126709e+02
-7.6771919250e+01
6.3099353027e+02
-1.4016702881e+03
-7.5227929688e+02
-7.7017898560e+01
6.2554473877e+02
-1.4070285645e+03
-7.5584106445e+02
-8.0778526306e+01
6.1910583496e+02
-1.4114302979e+03
-7.6067449951e+02
-8.6835807800e+01
6.1121246338e+02
-1.4165257568e+03
-7.6571276855e+02
-9.2020385742e+01
6.0536517334e+02
-1.4202269287e+03
-7.7016619873e+02
-9.7403076172e+01
5.9906164551e+02
-1.4238718262e+03
-7.7398449707e+02
-1.0135105896e+02
5.9484960938e+02
-1.4262701416e+03
-7.7686279297e+02
-1.0475498962e+02
5.9097845459e+02
-1.4281381836e+03
-7.7885296631e+02
-1.0682816315e+02
5.8878582764e+02
-1.4289654541e+03
-7.7983764648e+02
-1.0797964478e+02
5.8748974609e+02
-1.4289654541e+03
-7.7983764648e+02
-1.0797964478e+02
5.8748974609e+02
-1.4281381836e+03
-7.7885296631e+02
-1.0682816315e+02
5.8878582764e+02
-1.4262701416e+03
-7.7686279297e+02
-1.0475498962e+02
5.9097845459e+02
-1.4238718262e+03
-7.7398449707e+02
-1.0135105896e+02
5.9484960938e+02
-1.4202269287e+03
-7.7016619873e+02
-9.7403076172e+01
5.9906164551e+02
-1.4165257568e+03
-7.6571276855e+02
-9.2020385742e+01
6.0536517334e+02
-1.4114302979e+03
-7.6067449951e+02
-8.6835807800e+01
6.1121246338e+02
-1.4070285645e+03
-7.5584106445e+02
-8.0778526306e+01
6.1910583496e+02
-1.4016702881e+03
-7.5227929688e+02
-7.7017898560e+01
6.2554473877e+02
-1.3988911133e+03
-7.5286126709e+02
-7.6771919250e+01
6.3099353027e+02
-1.3976126709e+03
-7.6522973633e+02
-8.9499557495e+01
6.3224902344e+02
-1.4109453125e+03
-8.0316387939e+02
-1.2941627502e+02
6.1499615479e+02
-1.7218361816e+03
-8.8413958740e+02
1.0329994202e+01
9.6615570068e+02
-1.7167172852e+03
-8.5645666504e+02
4.0273288727e+01
9.7667694092e+02
-1.7227374268e+03
-8.5053759766e+02
4.6280216217e+01
9.7000024414e+02
-1.7298018799e+03
-8.5447650146e+02
4.1839084625e+01
9.6108331299e+02
-1.7372701416e+03
-8.6127478027e+02
3.3756153107e+01
9.4978009033e+02
-1.7448399658e+03
-8.6888952637e+02
2.5574579239e+01
9.4026715088e+02
-1.7510177002e+03
-8.7593078613e+02
1.7303186417e+01
9.3060461426e+02
-1.7568720703e+03
-8.8218347168e+02
1.0655563354e+01
9.2338562012e+02
-1.7611816406e+03
-8.8723358154e+02
4.7870159149e+00
9.1676409912e+02
-1.7647791748e+03
-8.9113189697e+02
6.4045155048e-01
9.1232476807e+02
-1.7669887695e+03
-8.9371722412e+02
-2.3367874622e+00
9.0900360107e+02
-1.7681967773e+03
-8.9503234863e+02
-3.7381253242e+00
9.0750738525e+02
-1.7681967773e+03
-8.9503234863e+02
-3.7381253242e+00
9.0750738525e+02
-1.7669887695e+03
-8.9371722412e+02
-2.3367874622e+00
9.0900360107e+02
-1.7647791748e+03
-8.9113189697e+02
6.4045155048e-01
9.1232476807e+02
-1.7611816406e+03
-8.8723358154e+02
4.7870159149e+00
9.1676409912e+02
-1.7568720703e+03
-8.8218347168e+02
1.0655563354e+01
9.2338562012e+02
-1.7510177002e+03
-8.7593078613e+02
1.7303186417e+01
9.3060461426e+02
-1.7448399658e+03
-8.6888952637e+02
2.5574579239e+01
9.4026715088e+02
-1.7372701416e+03
-8.6127478027e+02
3.3756153107e+01
9.4978009033e+02
-1.7298018799e+03
-8.5447650146e+02
4.1839084625e+01
9.6108331299e+02
-1.7227374268e+03
-8.5053759766e+02
4.6280216217e+01
9.7000024414e+02
-1.7167172852e+03
-8.5645666504e+02
4.0273288727e+01
9.7667694092e+02
-1.7218361816e+03
-8.8413958740e+02
1.0329994202e+01
9.6615570068e+02
-2.0127142334e+03
-9.5345611572e+02
1.5004762268e+02
1.3050162354e+03
-2.0171906738e+03
-9.3828436279e+02
1.6840959167e+02
1.3071326904e+03
-2.0292534180e+03
-9.4023388672e+02
1.6678878784e+02
1.2946756592e+03
-2.0405722656e+03
-9.4948468018e+02
1.5657406616e+02
1.2800882568e+03
-2.0521601562e+03
-9.6046722412e+02
1.4474168396e+02
1.2655416260e+03
-2.0620266113e+03
-9.7120440674e+02
1.3260629272e+02
1.2515279541e+03
-2.0711899414e+03
-9.8093438721e+02
1.2217270660e+02
1.2400584717e+03
-2.0784277344e+03
-9.8916308594e+02
1.1286062622e+02
1.2296844482e+03
-2.0846308594e+03
-9.9587646484e+02
1.0568778992e+02
1.2219847412e+03
-2.0890263672e+03
-1.0008951416e+03
1.0003264618e+02
1.2157553711e+03
-2.0921386719e+03
-1.0042785645e+03
9.6418724060e+01
1.2118983154e+03
-2.0936125488e+03
-1.0059584961e+03
9.4532325745e+01
1.2098293457e+03
-2.0936125488e+03
-1.0059584961e+03
9.4532325745e+01
1.2098293457e+03
-2.0921386719e+03
-1.0042785645e+03
9.6418724060e+01
1.2118983154e+03
-2.0890263672e+03
-1.0008951416e+03
1.0003264618e+02
1.2157553711e+03
-2.0846308594e+03
-9.9587646484e+02
1.0568778992e+02
1.2219847412e+03
-2.0784277344e+03
-9.8916308594e+02
1.1286062622e+02
1.2296844482e+03
-2.0711899414e+03
-9.8093438721e+02
1.2217270660e+02
1.2400584717e+03
-2.0620266113e+03
-9.7120440674e+02
1.3260629272e+02
1.2515279541e+03
-2.0521601562e+03
-9.6046722412e+02
1.4474168396e+02
1.2655416260e+03
-2.0405722656e+03
-9.4948468018e+02
1.5657406616e+02
1.2800882568e+03
-2.0292534180e+03
-9.4023388672e+02
1.6678878784e+02
1.2946756592e+03
-2.0171906738e+03
-9.3828436279e+02
1.6840959167e+02
1.3071326904e+03
-2.0127142334e+03
-9.5345611572e+02
1.5004762268e+02
1.3050162354e+03
-2.2795061035e+03
-1.0122329712e+03
2.8646026611e+02
1.6249184570e+03
-2.2944211426e+03
-1.0105797729e+03
2.9174084473e+02
1.6177022705e+03
-2.3130119629e+03
-1.0211134644e+03
2.8151119995e+02
1.5985172119e+03
-2.3297573242e+03
-1.0363275146e+03
2.6547000122e+02
1.5788479004e+03
-2.3450329590e+03
-1.0517641602e+03
2.4864645386e+02
1.5592139893e+03
-2.3587038574e+03
-1.0661524658e+03
2.3322966003e+02
1.5422828369e+03
-2.3701259766e+03
-1.0786804199e+03
2.1938957214e+02
1.5270302734e+03
-2.3799721680e+03
-1.0892685547e+03
2.0809135437e+02
1.5149403076e+03
-2.3875539551e+03
-1.0977020264e+03
1.9877729797e+02
1.5048161621e+03
-2.3934501953e+03
-1.1040623779e+03
1.9200723267e+02
1.4976287842e+03
-2.3972343750e+03
-1.1082734375e+03
1.8736955261e+02
1.4926138916e+03
-2.3991948242e+03
-1.1103891602e+03
1.8511926270e+02
1.4902304688e+03
-2.3991948242e+03
-1.1103891602e+03
1.8511926270e+02
1.4902304688e+03
-2.3972343750e+03
-1.1082734375e+03
1.8736955261e+02
1.4926138916e+03
-2.3934501953e+03
-1.1040623779e+03
1.9200723267e+02
1.4976287842e+03
-2.3875539551e+03
-1.0977020264e+03
1.9877729797e+02
1.5048161621e+03
-2.3799721680e+03
-1.0892685547e+03
2.0809135437e+02
1.5149403076e+03
-2.3701259766e+03
-1.0786804199e+03
2.1938957214e+02
1.5270302734e+03
-2.3587038574e+03
-1.0661524658e+03
2.3322966003e+02
1.5422828369e+03
-2.3450329590e+03
-1.0517641602e+03
2.4864645386e+02
1.5592139893e+03
-2.3297573242e+03
-1.0363275146e+03
2.6547000122e+02
1.5788479004e+03
-2.3130119629e+03
-1.0211134644e+03
2.8151119995e+02
1.5985172119e+03
-2.2944211426e+03
-1.0105797729e+03
2.9174084473e+02
1.6177022705e+03
-2.2795061035e+03
-1.0122329712e+03
2.8646026611e+02
1.6249184570e+03
-2.5184614258e+03
-1.0605798340e+03
4.1497290039e+02
1.9186285400e+03
-2.5440808105e+03
-1.0729477539e+03
4.0696817017e+02
1.9017229004e+03
-2.5695112305e+03
-1.0923682861e+03
3.8797360229e+02
1.8758487549e+03
-2.5915207520e+03
-1.1136945801e+03
3.6562936401e+02
1.8503106689e+03
-2.6113457031e+03
-1.1338808594e+03
3.4428741455e+02
1.8266246338e+03
-2.6282158203e+03
-1.1519283447e+03
3.2479678345e+02
1.8054150391e+03
-2.6428779297e+03
-1.1675084229e+03
3.0824468994e+02
1.7877294922e+03
-2.6547363281e+03
-1.1804261475e+03
2.9424038696e+02
1.7726882324e+03
-2.6644028320e+03
-1.1907510986e+03
2.8330828857e+02
1.7611407471e+03
-2.6714443359e+03
-1.1984316406e+03
2.7499441528e+02
1.7522600098e+03
-2.6762399902e+03
-1.2035526123e+03
2.6958441162e+02
1.7465692139e+03
-2.6785759277e+03
-1.2060975342e+03
2.6683450317e+02
1.7436390381e+03
-2.6785759277e+03
-1.2060975342e+03
2.6683450317e+02
1.7436390381e+03
-2.6762399902e+03
-1.2035526123e+03
2.6958441162e+02
1.7465692139e+03
-2.6714443359e+03
-1.1984316406e+03
2.7499441528e+02
1.7522600098e+03
-2.6644028320e+03
-1.1907510986e+03
2.8330828857e+02
1.7611407471e+03
-2.6547363281e+03
-1.1804261475e+03
2.9424038696e+02
1.7726882324e+03
-2.6428779297e+03
-1.1675084229e+03
3.0824468994e+02
1.7877294922e+03
-2.6282158203e+03
-1.1519283447e+03
3.2479678345e+02
1.8054150391e+03
-2.6113457031e+03
-1.1338808594e+03
3.4428741455e+02
1.8266246338e+03
-2.5915207520e+03
-1.1136945801e+03
3.6562936401e+02
1.8503106689e+03
-2.5695112305e+03
-1.0923682861e+03
3.8797360229e+02
1.8758487549e+03
-2.5440808105e+03
-1.0729477539e+03
4.0696817017e+02
1.9017229004e+03
-2.5184614258e+03
-1.0605798340e+03
4.1497290039e+02
1.9186285400e+03
-2.7254748535e+03
-1.0994609375e+03
5.3130310059e+02
2.1786735840e+03
-2.7613195801e+03
-1.1252237549e+03
5.1035662842e+02
2.1523386230e+03
-2.7933479004e+03
-1.1531956787e+03
4.8287475586e+02
2.1198947754e+03
-2.8207563477e+03
-1.1804722900e+03
4.5466625977e+02
2.0891887207e+03
-2.8446018066e+03
-1.2051722412e+03
4.2858996582e+02
2.0608972168e+03
-2.8651943359e+03
-1.2268660889e+03
4.0568859863e+02
2.0365627441e+03
-2.8824499512e+03
-1.2453029785e+03
3.8599209595e+02
2.0155856934e+03
-2.8968576660e+03
-1.2605760498e+03
3.6990103149e+02
1.9986717529e+03
-2.9081210938e+03
-1.2726588135e+03
3.5699694824e+02
1.9850212402e+03
-2.9166459961e+03
-1.2816800537e+03
3.4752450562e+02
1.9751175537e+03
-2.9222143555e+03
-1.2876457520e+03
3.4116711426e+02
1.9684157715e+03
-2.9250351562e+03
-1.2906264648e+03
3.3804275513e+02
1.9651566162e+03
-2.9250351562e+03
-1.2906264648e+03
3.3804275513e+02
1.9651566162e+03
-2.9222143555e+03
-1.2876457520e+03
3.4116711426e+02
1.9684157715e+03
-2.9166459961e+03
-1.2816800537e+03
3.4752450562e+02
1.9751175537e+03
-2.9081210938e+03
-1.2726588135e+03
3.5699694824e+02
1.9850212402e+03
-2.8968576660e+03
-1.2605760498e+03
3.6990103149e+02
1.9986717529e+03
-2.8824499512e+03
-1.2453029785e+03
3.8599209595e+02
2.0155856934e+03
-2.8651943359e+03
-1.2268660889e+03
4.0568859863e+02
2.0365627441e+03
-2.8446018066e+03
-1.2051722412e+03
4.2858996582e+02
2.0608972168e+03
-2.8207563477e+03
-1.1804722900e+03
4.5466625977e+02
2.0891887207e+03
-2.7933479004e+03
-1.1531956787e+03
4.8287475586e+02
2.1198947754e+03
-2.7613195801e+03
-1.1252237549e+03
5.1035662842e+02
2.1523386230e+03
-2.7254748535e+03
-1.0994609375e+03
5.3130310059e+02
2.1786735840e+03
-2.8967292480e+03
-1.1293992920e+03
6.3087951660e+02
2.3975986328e+03
-2.9417565918e+03
-1.1672124023e+03
5.9842004395e+02
2.3628071289e+03
-2.9797343750e+03
-1.2028642578e+03
5.6333599854e+02
2.3245424805e+03
-3.0118723145e+03
-1.2354698486e+03
5.2974700928e+02
2.2889389648e+03
-3.0396669922e+03
-1.2642969971e+03
4.9968789673e+02
2.2570495605e+03
-3.0632641602e+03
-1.2892109375e+03
4.7339892578e+02
2.2293017578e+03
-3.0833100586e+03
-1.3103013916e+03
4.5127355957e+02
2.2061079102e+03
-3.0996469727e+03
-1.3276308594e+03
4.3295901489e+02
2.1868796387e+03
-3.1127124023e+03
-1.3413591309e+03
4.1860745239e+02
2.1719348145e+03
-3.1223356934e+03
-1.3515457764e+03
4.0786605835e+02
2.1607021484e+03
-3.1287844238e+03
-1.3583034668e+03
4.0082312012e+02
2.1533947754e+03
-3.1319643555e+03
-1.3616630859e+03
3.9728723145e+02
2.1497053223e+03
-3.1319643555e+03
-1.3616630859e+03
3.9728723145e+02
2.1497053223e+03
-3.1287844238e+03
-1.3583034668e+03
4.0082312012e+02
2.1533947754e+03
-3.1223356934e+03
-1.3515457764e+03
4.0786605835e+02
2.1607021484e+03
-3.1127124023e+03
-1.3413591309e+03
4.1860745239e+02
2.1719348145e+03
-3.0996469727e+03
-1.3276308594e+03
4.3295901489e+02
2.1868796387e+03
-3.0833100586e+03
-1.3103013916e+03
4.5127355957e+02
2.2061079102e+03
-3.0632641602e+03
-1.2892109375e+03
4.7339892578e+02
2.2293017578e+03
-3.0396669922e+03
-1.2642969971e+03
4.9968789673e+02
2.2570495605e+03
-3.0118723145e+03
-1.2354698486e+03
5.2974700928e+02
2.2889389648e+03
-2.9797343750e+03
-1.2028642578e+03
5.6333599854e+02
2.3245424805e+03
-2.9417565918e+03
-1.1672124023e+03
5.9842004395e+02
2.3628071289e+03
-2.8967292480e+03
-1.1293992920e+03
6.3087951660e+02
2.3975986328e+03
-3.0286740723e+03
-1.1511944580e+03
7.0970605469e+02
2.5686464844e+03
-3.0811567383e+03
-1.1988085938e+03
6.6778283691e+02
2.5268891602e+03
-3.1240212402e+03
-1.2407398682e+03
6.2648870850e+02
2.4838317871e+03
-3.1601516113e+03
-1.2777275391e+03
5.8858020020e+02
2.4444152832e+03
-3.1910239258e+03
-1.3099018555e+03
5.5511083984e+02
2.4092834473e+03
-3.2173618164e+03
-1.3375053711e+03
5.2627917480e+02
2.3791894531e+03
-3.2394382324e+03
-1.3607226562e+03
5.0192218018e+02
2.3537329102e+03
-3.2576489258e+03
-1.3797891846e+03
4.8204336548e+02
2.3330861816e+03
-3.2719733887e+03
-1.3948269043e+03
4.6629812622e+02
2.3167050781e+03
-3.2826916504e+03
-1.4060025635e+03
4.5469137573e+02
2.3047031250e+03
-3.2897485352e+03
-1.4133892822e+03
4.4697830200e+02
2.2967045898e+03
-3.2932878418e+03
-1.4170704346e+03
4.4316390991e+02
2.2927695312e+03
-3.2932878418e+03
-1.4170704346e+03
4.4316390991e+02
2.2927695312e+03
-3.2897485352e+03
-1.4133892822e+03
4.4697830200e+02
2.2967045898e+03
-3.2826916504e+03
-1.4060025635e+03
4.5469137573e+02
2.3047031250e+03
-3.2719733887e+03
-1.3948269043e+03
4.6629812622e+02
2.3167050781e+03
-3.2576489258e+03
-1.3797891846e+03
4.8204336548e+02
2.3330861816e+03
-3.2394382324e+03
-1.3607226562e+03
5.0192218018e+02
2.3537329102e+03
-3.2173618164e+03
-1.3375053711e+03
5.2627917480e+02
2.3791894531e+03
-3.1910239258e+03
-1.3099018555e+03
5.5511083984e+02
2.4092834473e+03
-3.1601516113e+03
-1.2777275391e+03
5.8858020020e+02
2.4444152832e+03
-3.1240212402e+03
-1.2407398682e+03
6.2648870850e+02
2.4838317871e+03
-3.0811567383e+03
-1.1988085938e+03
6.6778283691e+02
2.5268891602e+03
-3.0286740723e+03
-1.1511944580e+03
7.0970605469e+02
2.5686464844e+03
-3.1184011230e+03
-1.1653455811e+03
7.6430786133e+02
2.6861064453e+03
-3.1761801758e+03
-1.2199132080e+03
7.1572088623e+02
2.6394304199e+03
-3.2225073242e+03
-1.2662912598e+03
6.7002313232e+02
2.5929953613e+03
-3.2614272461e+03
-1.3063781738e+03
6.2901440430e+02
2.5507846680e+03
-3.2946032715e+03
-1.3409512939e+03
5.9322375488e+02
2.5135539551e+03
-3.3227480469e+03
-1.3704365234e+03
5.6246289062e+02
2.4815546875e+03
-3.3464470215e+03
-1.3951968994e+03
5.3668109131e+02
2.4547922363e+03
-3.3658293457e+03
-1.4154670410e+03
5.1554510498e+02
2.4328684082e+03
-3.3812028809e+03
-1.4314616699e+03
4.9895059204e+02
2.4157246094e+03
-3.3925891113e+03
-1.4433194580e+03
4.8662725830e+02
2.4029907227e+03
-3.4001601562e+03
-1.4511667480e+03
4.7851321411e+02
2.3946374512e+03
-3.4039174805e+03
-1.4550695801e+03
4.7446630859e+02
2.3904650879e+03
-3.4039174805e+03
-1.4550695801e+03
4.7446630859e+02
2.3904650879e+03
-3.4001601562e+03
-1.4511667480e+03
4.7851321411e+02
2.3946374512e+03
-3.3925891113e+03
-1.4433194580e+03
4.8662725830e+02
2.4029907227e+03
-3.3812028809e+03
-1.4314616699e+03
4.9895059204e+02
2.4157246094e+03
-3.3658293457e+03
-1.4154670410e+03
5.1554510498e+02
2.4328684082e+03
-3.3464470215e+03
-1.3951968994e+03
5.3668109131e+02
2.4547922363e+03
-3.3227480469e+03
-1.3704365234e+03
5.6246289062e+02
2.4815546875e+03
-3.2946032715e+03
-1.3409512939e+03
5.9322375488e+02
2.5135539551e+03
-3.2614272461e+03
-1.3063781738e+03
6.2901440430e+02
2.5507846680e+03
-3.2225073242e+03
-1.2662912598e+03
6.7002313232e+02
2.5929953613e+03
-3.1761801758e+03
-1.2199132080e+03
7.1572088623e+02
2.6394304199e+03
-3.1184011230e+03
-1.1653455811e+03
7.6430786133e+02
2.6861064453e+03
-3.1638110352e+03
-1.1723211670e+03
7.9226196289e+02
2.7459123535e+03
-3.2243198242e+03
-1.2304808350e+03
7.4020758057e+02
2.6966723633e+03
-3.2724489746e+03
-1.2791645508e+03
6.9223254395e+02
2.6484814453e+03
-3.3128422852e+03
-1.3208632812e+03
6.4963641357e+02
2.6048696289e+03
-3.3471684570e+03
-1.3566711426e+03
6.1260235596e+02
2.5664677734e+03
-3.3763239746e+03
-1.3871466064e+03
5.8090313721e+02
2.5336015625e+03
-3.4007888184e+03
-1.4126928711e+03
5.5431298828e+02
2.5060310059e+03
-3.4208615723e+03
-1.4336025391e+03
5.3259838867e+02
2.4835812988e+03
-3.4367116699e+03
-1.4500811768e+03
5.1550042725e+02
2.4659267578e+03
-3.4485019531e+03
-1.4623029785e+03
5.0285739136e+02
2.4529082031e+03
-3.4563032227e+03
-1.4703829346e+03
4.9450131226e+02
2.4443093262e+03
-3.4601933594e+03
-1.4744040527e+03
4.9035165405e+02
2.4400463867e+03
-3.4601933594e+03
-1.4744040527e+03
4.9035165405e+02
2.4400463867e+03
-3.4563032227e+03
-1.4703829346e+03
4.9450131226e+02
2.4443093262e+03
-3.4485019531e+03
-1.4623029785e+03
5.0285739136e+02
2.4529082031e+03
-3.4367116699e+03
-1.4500811768e+03
5.1550042725e+02
2.4659267578e+03
-3.4208615723e+03
-1.4336025391e+03
5.3259838867e+02
2.4835812988e+03
-3.4007888184e+03
-1.4126928711e+03
5.5431298828e+02
2.5060310059e+03
-3.3763239746e+03
-1.3871466064e+03
5.8090313721e+02
2.5336015625e+03
-3.3471684570e+03
-1.3566711426e+03
6.1260235596e+02
2.5664677734e+03
-3.3128422852e+03
-1.3208632812e+03
6.4963641357e+02
2.6048696289e+03
-3.2724489746e+03
-1.2791645508e+03
6.9223254395e+02
2.6484814453e+03
-3.2243198242e+03
-1.2304808350e+03
7.4020758057e+02
2.6966723633e+03
-3.1638110352e+03
-1.1723211670e+03
7.9226196289e+02
2.7459123535e+03
-3.1638110352e+03
-1.1723211670e+03
7.9226196289e+02
2.7459123535e+03
-3.2243198242e+03
-1.2304808350e+03
7.4020758057e+02
2.6966723633e+03
-3.2724489746e+03
-1.2791645508e+03
6.9223254395e+02
2.6484814453e+03
-3.3128422852e+03
-1.3208632812e+03
6.4963641357e+02
2.6048696289e+03
-3.3471684570e+03
-1.3566711426e+03
6.1260235596e+02
2.5664677734e+03
-3.3763239746e+03
-1.3871466064e+03
5.8090313721e+02
2.5336015625e+03
-3.4007888184e+03
-1.4126928711e+03
5.5431298828e+02
2.5060310059e+03
-3.4208615723e+03
-1.4336025391e+03
5.3259838867e+02
2.4835812988e+03
-3.4367116699e+03
-1.4500811768e+03
5.1550042725e+02
2.4659267578e+03
-3.4485019531e+03
-1.4623029785e+03
5.0285739136e+02
2.4529082031e+03
-3.4563032227e+03
-1.4703829346e+03
4.9450131226e+02
2.4443093262e+03
-3.4601933594e+03
-1.4744040527e+03
4.9035165405e+02
2.4400463867e+03
-3.4601933594e+03
-1.4744040527e+03
4.9035165405e+02
2.4400463867e+03
-3.4563032227e+03
-1.4703829346e+03
4.9450131226e+02
2.4443093262e+03
-3.4485019531e+03
-1.4623029785e+03
5.0285739136e+02
2.4529082031e+03
-3.4367116699e+03
-1.4500811768e+03
5.1550042725e+02
2.4659267578e+03
-3.4208615723e+03
-1.4336025391e+03
5.3259838867e+02
2.4835812988e+03
-3.4007888184e+03
-1.4126928711e+03
5.5431298828e+02
2.5060310059e+03
-3.3763239746e+03
-1.3871466064e+03
5.8090313721e+02
2.5336015625e+03
-3.3471684570e+03
-1.3566711426e+03
6.1260235596e+02
2.5664677734e+03
-3.3128422852e+03
-1.3208632812e+03
6.4963641357e+02
2.6048696289e+03
-3.2724489746e+03
-1.2791645508e+03
6.9223254395e+02
2.6484814453e+03
-3.2243198242e+03
-1.2304808350e+03
7.4020758057e+02
2.6966723633e+03
-3.1638110352e+03
-1.1723211670e+03
7.9226196289e+02
2.7459123535e+03
-3.1184011230e+03
-1.1653455811e+03
7.6430786133e+02
2.6861064453e+03
-3.1761801758e+03
-1.2199132080e+03
7.1572088623e+02
2.6394304199e+03
-3.2225073242e+03
-1.2662912598e+03
6.7002313232e+02
2.5929953613e+03
-3.2614272461e+03
-1.3063781738e+03
6.2901440430e+02
2.5507846680e+03
-3.2946032715e+03
-1.3409512939e+03
5.9322375488e+02
2.5135539551e+03
-3.3227480469e+03
-1.3704365234e+03
5.6246289062e+02
2.4815546875e+03
-3.3464470215e+03
-1.3951968994e+03
5.3668109131e+02
2.4547922363e+03
-3.3658293457e+03
-1.4154670410e+03
5.1554510498e+02
2.4328684082e+03
-3.3812028809e+03
-1.4314616699e+03
4.9895059204e+02
2.4157246094e+03
-3.3925891113e+03
-1.4433194580e+03
4.8662725830e+02
2.4029907227e+03
-3.4001601562e+03
-1.4511667480e+03
4.7851321411e+02
2.3946374512e+03
-3.4039174805e+03
-1.4550695801e+03
4.7446630859e+02
2.3904650879e+03
-3.4039174805e+03
-1.4550695801e+03
4.7446630859e+02
2.3904650879e+03
-3.4001601562e+03
-1.4511667480e+03
4.7851321411e+02
2.3946374512e+03
-3.3925891113e+03
-1.4433194580e+03
4.8662725830e+02
2.4029907227e+03
-3.3812028809e+03
-1.4314616699e+03
4.9895059204e+02
2.4157246094e+03
-3.3658293457e+03
-1.4154670410e+03
5.1554510498e+02
2.4328684082e+03
-3.3464470215e+03
-1.3951968994e+03
5.3668109131e+02
2.4547922363e+03
-3.3227480469e+03
-1.3704365234e+03
5.6246289062e+02
2.4815546875e+03
-3.2946032715e+03
-1.3409512939e+03
5.9322375488e+02
2.5135539551e+03
-3.2614272461e+03
-1.3063781738e+03
6.2901440430e+02
2.5507846680e+03
-3.2225073242e+03
-1.2662912598e+03
6.7002313232e+02
2.5929953613e+03
-3.1761801758e+03
-1.2199132080e+03
7.1572088623e+02
2.6394304199e+03
-3.1184011230e+03
-1.1653455811e+03
7.6430786133e+02
2.6861064453e+03
-3.0286740723e+03
-1.1511944580e+03
7.0970605469e+02
2.5686464844e+03
-3.0811567383e+03
-1.1988085938e+03
6.6778283691e+02
2.5268891602e+03
-3.1240212402e+03
-1.2407398682e+03
6.2648870850e+02
2.4838317871e+03
-3.1601516113e+03
-1.2777275391e+03
5.8858020020e+02
2.4444152832e+03
-3.1910239258e+03
-1.3099018555e+03
5.5511083984e+02
2.4092834473e+03
-3.2173618164e+03
-1.3375053711e+03
5.2627917480e+02
2.3791894531e+03
-3.2394382324e+03
-1.3607226562e+03
5.0192218018e+02
2.3537329102e+03
-3.2576489258e+03
-1.3797891846e+03
4.8204336548e+02
2.3330861816e+03
-3.2719733887e+03
-1.3948269043e+03
4.6629812622e+02
2.3167050781e+03
-3.2826916504e+03
-1.4060025635e+03
4.5469137573e+02
2.3047031250e+03
-3.2897485352e+03
-1.4133892822e+03
4.4697830200e+02
2.2967045898e+03
-3.2932878418e+03
-1.4170704346e+03
4.4316390991e+02
2.2927695312e+03
-3.2932878418e+03
-1.4170704346e+03
4.4316390991e+02
2.2927695312e+03
-3.2897485352e+03
-1.4133892822e+03
4.4697830200e+02
2.2967045898e+03
-3.2826916504e+03
-1.4060025635e+03
4.5469137573e+02
2.3047031250e+03
-3.2719733887e+03
-1.3948269043e+03
4.6629812622e+02
2.3167050781e+03
-3.2576489258e+03
-1.3797891846e+03
4.8204336548e+02
2.3330861816e+03
-3.2394382324e+03
-1.3607226562e+03
5.0192218018e+02
2.3537329102e+03
-3.2173618164e+03
-1.3375053711e+03
5.2627917480e+02
2.3791894531e+03
-3.1910239258e+03
-1.3099018555e+03
5.5511083984e+02
2.4092834473e+03
-3.1601516113e+03
-1.2777275391e+03
5.8858020020e+02
2.4444152832e+03
-3.1240212402e+03
-1.2407398682e+03
6.2648870850e+02
2.4838317871e+03
-3.0811567383e+03
-1.1988085938e+03
6.6778283691e+02
2.5268891602e+03
-3.0286740723e+03
-1.1511944580e+03
7.0970605469e+02
2.5686464844e+03
-2.8967292480e+03
-1.1293992920e+03
6.3087951660e+02
2.3975986328e+03
-2.9417565918e+03
-1.1672124023e+03
5.9842004395e+02
2.3628071289e+03
-2.9797343750e+03
-1.2028642578e+03
5.6333599854e+02
2.3245424805e+03
-3.0118723145e+03
-1.2354698486e+03
5.2974700928e+02
2.2889389648e+03
-3.0396669922e+03
-1.2642969971e+03
4.9968789673e+02
2.2570495605e+03
-3.0632641602e+03
-1.2892109375e+03
4.7339892578e+02
2.2293017578e+03
-3.0833100586e+03
-1.3103013916e+03
4.5127355957e+02
2.2061079102e+03
-3.0996469727e+03
-1.3276308594e+03
4.3295901489e+02
2.1868796387e+03
-3.1127124023e+03
-1.3413591309e+03
4.1860745239e+02
2.1719348145e+03
-3.1223356934e+03
-1.3515457764e+03
4.0786605835e+02
2.1607021484e+03
-3.1287844238e+03
-1.3583034668e+03
4.0082312012e+02
2.1533947754e+03
-3.1319643555e+03
-1.3616630859e+03
3.9728723145e+02
2.1497053223e+03
-3.1319643555e+03
-1.3616630859e+03
3.9728723145e+02
2.1497053223e+03
-3.1287844238e+03
-1.3583034668e+03
4.0082312012e+02
2.1533947754e+03
-3.1223356934e+03
-1.3515457764e+03
4.0786605835e+02
2.1607021484e+03
-3.1127124023e+03
-1.3413591309e+03
4.1860745239e+02
2.1719348145e+03
-3.0996469727e+03
-1.3276308594e+03
4.3295901489e+02
2.1868796387e+03
-3.0833100586e+03
-1.3103013916e+03
4.5127355957e+02
2.2061079102e+03
-3.0632641602e+03
-1.2892109375e+03
4.7339892578e+02
2.2293017578e+03
-3.0396669922e+03
-1.2642969971e+03
4.9968789673e+02
2.2570495605e+03
-3.0118723145e+03
-1.2354698486e+03
5.2974700928e+02
2.2889389648e+03
-2.9797343750e+03
-1.2028642578e+03
5.6333599854e+02
2.3245424805e+03
-2.9417565918e+03
-1.1672124023e+03
5.9842004395e+02
2.3628071289e+03
-2.8967292480e+03
-1.1293992920e+03
6.3087951660e+02
2.3975986328e+03
-2.7254748535e+03
-1.0994609375e+03
5.3130310059e+02
2.1786735840e+03
-2.7613195801e+03
-1.1252237549e+03
5.1035662842e+02
2.1523386230e+03
-2.7933479004e+03
-1.1531956787e+03
4.8287475586e+02
2.1198947754e+03
-2.8207563477e+03
-1.1804722900e+03
4.5466625977e+02
2.0891887207e+03
-2.8446018066e+03
-1.2051722412e+03
4.2858996582e+02
2.0608972168e+03
-2.8651943359e+03
-1.2268660889e+03
4.0568859863e+02
2.0365627441e+03
-2.8824499512e+03
-1.2453029785e+03
3.8599209595e+02
2.0155856934e+03
-2.8968576660e+03
-1.2605760498e+03
3.6990103149e+02
1.9986717529e+03
-2.9081210938e+03
-1.2726588135e+03
3.5699694824e+02
1.9850212402e+03
-2.9166459961e+03
-1.2816800537e+03
3.4752450562e+02
1.9751175537e+03
-2.9222143555e+03
-1.2876457520e+03
3.4116711426e+02
1.9684157715e+03
-2.9250351562e+03
-1.2906264648e+03
3.3804275513e+02
1.9651566162e+03
-2.9250351562e+03
-1.2906264648e+03
3.3804275513e+02
1.9651566162e+03
-2.9222143555e+03
-1.2876457520e+03
3.4116711426e+02
1.9684157715e+03
-2.9166459961e+03
-1.2816800537e+03
3.4752450562e+02
1.9751175537e+03
-2.9081210938e+03
-1.2726588135e+03
3.5699694824e+02
1.9850212402e+03
-2.8968576660e+03
-1.2605760498e+03
3.6990103149e+02
1.9986717529e+03
-2.8824499512e+03
-1.2453029785e+03
3.8599209595e+02
2.0155856934e+03
-2.8651943359e+03
-1.2268660889e+03
4.0568859863e+02
2.0365627441e+03
-2.8446018066e+03
-1.2051722412e+03
4.2858996582e+02
2.0608972168e+03
-2.8207563477e+03
-1.1804722900e+03
4.5466625977e+02
2.0891887207e+03
-2.7933479004e+03
-1.1531956787e+03
4.8287475586e+02
2.1198947754e+03
-2.7613195801e+03
-1.1252237549e+03
5.1035662842e+02
2.1523386230e+03
-2.7254748535e+03
-1.0994609375e+03
5.3130310059e+02
2.1786735840e+03
-2.5184614258e+03
-1.0605798340e+03
4.1497290039e+02
1.9186285400e+03
-2.5440808105e+03
-1.0729477539e+03
4.0696817017e+02
1.9017229004e+03
-2.5695112305e+03
-1.0923682861e+03
3.8797360229e+02
1.8758487549e+03
-2.5915207520e+03
-1.1136945801e+03
3.6562936401e+02
1.8503106689e+03
-2.6113457031e+03
-1.1338808594e+03
3.4428741455e+02
1.8266246338e+03
-2.6282158203e+03
-1.1519283447e+03
3.2479678345e+02
1.8054150391e+03
-2.6428779297e+03
-1.1675084229e+03
3.0824468994e+02
1.7877294922e+03
-2.6547363281e+03
-1.1804261475e+03
2.9424038696e+02
1.7726882324e+03
-2.6644028320e+03
-1.1907510986e+03
2.8330828857e+02
1.7611407471e+03
-2.6714443359e+03
-1.1984316406e+03
2.7499441528e+02
1.7522600098e+03
-2.6762399902e+03
-1.2035526123e+03
2.6958441162e+02
1.7465692139e+03
-2.6785759277e+03
-1.2060975342e+03
2.6683450317e+02
1.7436390381e+03
-2.6785759277e+03
-1.2060975342e+03
2.6683450317e+02
1.7436390381e+03
-2.6762399902e+03
-1.2035526123e+03
2.6958441162e+02
1.7465692139e+03
-2.6714443359e+03
-1.1984316406e+03
2.7499441528e+02
1.7522600098e+03
-2.6644028320e+03
-1.1907510986e+03
2.8330828857e+02
1.7611407471e+03
-2.6547363281e+03
-1.1804261475e+03
2.9424038696e+02
1.7726882324e+03
-2.6428779297e+03
-1.1675084229e+03
3.0824468994e+02
1.7877294922e+03
-2.6282158203e+03
-1.1519283447e+03
3.2479678345e+02
1.8054150391e+03
-2.6113457031e+03
-1.1338808594e+03
3.4428741455e+02
1.8266246338e+03
-2.5915207520e+03
-1.1136945801e+03
3.6562936401e+02
1.8503106689e+03
-2.5695112305e+03
-1.0923682861e+03
3.8797360229e+02
1.8758487549e+03
-2.5440808105e+03
-1.0729477539e+03
4.0696817017e+02
1.9017229004e+03
-2.5184614258e+03
-1.0605798340e+03
4.1497290039e+02
1.9186285400e+03
-2.2795061035e+03
-1.0122329712e+03
2.8646026611e+02
1.6249184570e+03
-2.2944211426e+03
-1.0105797729e+03
2.9174084473e+02
1.6177022705e+03
-2.3130119629e+03
-1.0211134644e+03
2.8151119995e+02
1.5985172119e+03
-2.3297573242e+03
-1.0363275146e+03
2.6547000122e+02
1.5788479004e+03
-2.3450329590e+03
-1.0517641602e+03
2.4864645386e+02
1.5592139893e+03
-2.3587038574e+03
-1.0661524658e+03
2.3322966003e+02
1.5422828369e+03
-2.3701259766e+03
-1.0786804199e+03
2.1938957214e+02
1.5270302734e+03
-2.3799721680e+03
-1.0892685547e+03
2.0809135437e+02
1.5149403076e+03
-2.3875539551e+03
-1.0977020264e+03
1.9877729797e+02
1.5048161621e+03
-2.3934501953e+03
-1.1040623779e+03
1.9200723267e+02
1.4976287842e+03
-2.3972343750e+03
-1.1082734375e+03
1.8736955261e+02
1.4926138916e+03
-2.3991948242e+03
-1.1103891602e+03
1.8511926270e+02
1.4902304688e+03
-2.3991948242e+03
-1.1103891602e+03
1.8511926270e+02
1.4902304688e+03
-2.3972343750e+03
-1.1082734375e+03
1.8736955261e+02
1.4926138916e+03
-2.3934501953e+03
-1.1040623779e+03
1.9200723267e+02
1.4976287842e+03
-2.3875539551e+03
-1.0977020264e+03
1.9877729797e+02
1.5048161621e+03
-2.3799721680e+03
-1.0892685547e+03
2.0809135437e+02
1.5149403076e+03
-2.3701259766e+03
-1.0786804199e+03
2.1938957214e+02
1.5270302734e+03
-2.3587038574e+03
-1.0661524658e+03
2.3322966003e+02
1.5422828369e+03
-2.3450329590e+03
-1.0517641602e+03
2.4864645386e+02
1.5592139893e+03
-2.3297573242e+03
-1.0363275146e+03
2.6547000122e+02
1.5788479004e+03
-2.3130119629e+03
-1.0211134644e+03
2.8151119995e+02
1.5985172119e+03
-2.2944211426e+03
-1.0105797729e+03
2.9174084473e+02
1.6177022705e+03
-2.2795061035e+03
-1.0122329712e+03
2.8646026611e+02
1.6249184570e+03
-2.0127142334e+03
-9.5345611572e+02
1.5004762268e+02
1.3050162354e+03
-2.0171906738e+03
-9.3828436279e+02
1.6840959167e+02
1.3071326904e+03
-2.0292534180e+03
-9.4023388672e+02
1.6678878784e+02
1.2946756592e+03
-2.0405722656e+03
-9.4948468018e+02
1.5657406616e+02
1.2800882568e+03
-2.0521601562e+03
-9.6046722412e+02
1.4474168396e+02
1.2655416260e+03
-2.0620266113e+03
-9.7120440674e+02
1.3260629272e+02
1.2515279541e+03
-2.0711899414e+03
-9.8093438721e+02
1.2217270660e+02
1.2400584717e+03
-2.0784277344e+03
-9.8916308594e+02
1.1286062622e+02
1.2296844482e+03
-2.0846308594e+03
-9.9587646484e+02
1.0568778992e+02
1.2219847412e+03
-2.0890263672e+03
-1.0008951416e+03
1.0003264618e+02
1.2157553711e+03
-2.0921386719e+03
-1.0042785645e+03
9.6418724060e+01
1.2118983154e+03
-2.0936125488e+03
-1.0059584961e+03
9.4532325745e+01
1.2098293457e+03
-2.0936125488e+03
-1.0059584961e+03
9.4532325745e+01
1.2098293457e+03
-2.0921386719e+03
-1.0042785645e+03
9.6418724060e+01
1.2118983154e+03
-2.0890263672e+03
-1.0008951416e+03
1.0003264618e+02
1.2157553711e+03
-2.0846308594e+03
-9.9587646484e+02
1.0568778992e+02
1.2219847412e+03
-2.0784277344e+03
-9.8916308594e+02
1.1286062622e+02
1.2296844482e+03
-2.0711899414e+03
-9.8093438721e+02
1.2217270660e+02
1.2400584717e+03
-2.0620266113e+03
-9.7120440674e+02
1.3260629272e+02
1.2515279541e+03
-2.0521601562e+03
-9.6046722412e+02
1.4474168396e+02
1.2655416260e+03
-2.0405722656e+03
-9.4948468018e+02
1.5657406616e+02
1.2800882568e+03
-2.0292534180e+03
-9.4023388672e+02
1.6678878784e+02
1.2946756592e+03
-2.0171906738e+03
-9.3828436279e+02
1.6840959167e+02
1.3071326904e+03
-2.0127142334e+03
-9.5345611572e+02
1.5004762268e+02
1.3050162354e+03
-1.7218361816e+03
-8.8413958740e+02
1.0329994202e+01
9.6615570068e+02
-1.7167172852e+03
-8.5645666504e+02
4.0273288727e+01
9.7667694092e+02
-1.7227374268e+03
-8.5053759766e+02
4.6280216217e+01
9.7000024414e+02
-1.7298018799e+03
-8.5447650146e+02
4.1839084625e+01
9.6108331299e+02
-1.7372701416e+03
-8.6127478027e+02
3.3756153107e+01
9.4978009033e+02
-1.7448399658e+03
-8.6888952637e+02
2.5574579239e+01
9.4026715088e+02
-1.7510177002e+03
-8.7593078613e+02
1.7303186417e+01
9.3060461426e+02
-1.7568720703e+03
-8.8218347168e+02
1.0655563354e+01
9.2338562012e+02
-1.7611816406e+03
-8.8723358154e+02
4.7870159149e+00
9.1676409912e+02
-1.7647791748e+03
-8.9113189697e+02
6.4045161009e-01
9.1232476807e+02
-1.7669887695e+03
-8.9371722412e+02
-2.3367874622e+00
9.0900360107e+02
-1.7681967773e+03
-8.9503234863e+02
-3.7381253242e+00
9.0750738525e+02
-1.7681967773e+03
-8.9503234863e+02
-3.7381253242e+00
9.0750738525e+02
-1.7669887695e+03
-8.9371722412e+02
-2.3367874622e+00
9.0900360107e+02
-1.7647791748e+03
-8.9113189697e+02
6.4045161009e-01
9.1232476807e+02
-1.7611816406e+03
-8.8723358154e+02
4.7870159149e+00
9.1676409912e+02
-1.7568720703e+03
-8.8218347168e+02
1.0655563354e+01
9.2338562012e+02
-1.7510177002e+03
-8.7593078613e+02
1.7303186417e+01
9.3060461426e+02
-1.7448399658e+03
-8.6888952637e+02
2.5574579239e+01
9.4026715088e+02
-1.7372701416e+03
-8.6127478027e+02
3.3756153107e+01
9.4978009033e+02
-1.7298018799e+03
-8.5447650146e+02
4.1839084625e+01
9.6108331299e+02
-1.7227374268e+03
-8.5053759766e+02
4.6280216217e+01
9.7000024414e+02
-1.7167172852e+03
-8.5645666504e+02
4.0273288727e+01
9.7667694092e+02
-1.7218361816e+03
-8.8413958740e+02
1.0329994202e+01
9.6615570068e+02
-1.4109453125e+03
-8.0316387939e+02
-1.2941627502e+02
6.1499615479e+02
-1.3976126709e+03
-7.6522973633e+02
-8.9499557495e+01
6.3224902344e+02
-1.3988911133e+03
-7.5286126709e+02
-7.6771919250e+01
6.3099353027e+02
-1.4016702881e+03
-7.5227929688e+02
-7.7017898560e+01
6.2554473877e+02
-1.4070285645e+03
-7.5584106445e+02
-8.0778526306e+01
6.1910583496e+02
-1.4114302979e+03
-7.6067449951e+02
-8.6835807800e+01
6.1121246338e+02
-1.4165257568e+03
-7.6571276855e+02
-9.2020385742e+01
6.0536517334e+02
-1.4202269287e+03
-7.7016619873e+02
-9.7403076172e+01
5.9906164551e+02
-1.4238718262e+03
-7.7398449707e+02
-1.0135105896e+02
5.9484960938e+02
-1.4262701416e+03
-7.7686279297e+02
-1.0475498962e+02
5.9097845459e+02
-1.4281381836e+03
-7.7885296631e+02
-1.0682816315e+02
5.8878582764e+02
-1.4289654541e+03
-7.7983764648e+02
-1.0797964478e+02
5.8748974609e+02
-1.4289654541e+03
-7.7983764648e+02
-1.0797964478e+02
5.8748974609e+02
-1.4281381836e+03
-7.7885296631e+02
-1.0682816315e+02
5.8878582764e+02
-1.4262701416e+03
-7.7686279297e+02
-1.0475498962e+02
5.9097845459e+02
-1.4238718262e+03
-7.7398449707e+02
-1.0135105896e+02
5.9484960938e+02
-1.4202269287e+03
-7.7016619873e+02
-9.7403076172e+01
5.9906164551e+02
-1.4165257568e+03
-7.6571276855e+02
-9.2020385742e+01
6.0536517334e+02
-1.4114302979e+03
-7.6067449951e+02
-8.6835807800e+01
6.1121246338e+02
-1.4070285645e+03
-7.5584106445e+02
-8.0778526306e+01
6.1910583496e+02
-1.4016702881e+03
-7.5227929688e+02
-7.7017898560e+01
6.2554473877e+02
-1.3988911133e+03
-7.5286126709e+02
-7.6771919250e+01
6.3099353027e+02
-1.3976126709e+03
-7.6522973633e+02
-8.9499557495e+01
6.3224902344e+02
-1.4109453125e+03
-8.0316387939e+02
-1.2941627502e+02
6.1499615479e+02
-1.0831041260e+03
-7.1156085205e+02
-2.6493475342e+02
2.5714883423e+02
-1.0635479736e+03
-6.6557000732e+02
-2.1815911865e+02
2.7949761963e+02
-1.0608585205e+03
-6.4819036865e+02
-2.0098962402e+02
2.8151110840e+02
-1.0617537842e+03
-6.4441912842e+02
-1.9707429504e+02
2.8077365112e+02
-1.0640665283e+03
-6.4530895996e+02
-1.9908500671e+02
2.7546835327e+02
-1.0680218506e+03
-6.4835729980e+02
-2.0187684631e+02
2.7192172241e+02
-1.0708483887e+03
-6.5167315674e+02
-2.0620089722e+02
2.6643139648e+02
-1.0743558350e+03
-6.5501043701e+02
-2.0937684631e+02
2.6314898682e+02
-1.0766357422e+03
-6.5777044678e+02
-2.1274681091e+02
2.5924017334e+02
-1.0788764648e+03
-6.6001184082e+02
-2.1493739319e+02
2.5702087402e+02
-1.0801251221e+03
-6.6149822998e+02
-2.1669580078e+02
2.5503782654e+02
-1.0808883057e+03
-6.6227423096e+02
-2.1746408081e+02
2.5425909424e+02
-1.0808883057e+03
-6.6227423096e+02
-2.1746408081e+02
2.5425909424e+02
-1.0801251221e+03
-6.6149822998e+02
-2.1669580078e+02
2.5503782654e+02
-1.0788764648e+03
-6.6001184082e+02
-2.1493739319e+02
2.5702087402e+02
-1.0766357422e+03
-6.5777044678e+02
-2.1274681091e+02
2.5924017334e+02
-1.0743558350e+03
-6.5501043701e+02
-2.0937684631e+02
2.6314898682e+02
-1.0708483887e+03
-6.5167315674e+02
-2.0620089722e+02
2.6643139648e+02
-1.0680218506e+03
-6.4835729980e+02
-2.0187684631e+02
2.7192172241e+02
-1.0640665283e+03
-6.4530895996e+02
-1.9908500671e+02
2.7546835327e+02
-1.0617537842e+03
-6.4441912842e+02
-1.9707429504e+02
2.8077365112e+02
-1.0608585205e+03
-6.4819036865e+02
-2.0098962402e+02
2.8151110840e+02
-1.0635479736e+03
-6.6557000732e+02
-2.1815911865e+02
2.7949761963e+02
-1.0831041260e+03
-7.1156085205e+02
-2.6493475342e+02
2.5714883423e+02
-7.4250579834e+02
-6.0762805176e+02
-3.9532080078e+02
-1.0181742859e+02
-7.1868347168e+02
-5.5717987061e+02
-3.4408538818e+02
-7.7283264160e+01
-7.1439251709e+02
-5.3709735107e+02
-3.2337243652e+02
-7.1983306885e+01
-7.1271343994e+02
-5.3123706055e+02
-3.1825088501e+02
-7.2320899963e+01
-7.1553192139e+02
-5.3092822266e+02
-3.1705941772e+02
-7.3147560120e+01
-7.1725939941e+02
-5.3263531494e+02
-3.1976113892e+02
-7.7413032532e+01
-7.2079248047e+02
-5.3524731445e+02
-3.2166604614e+02
-7.9273193359e+01
-7.2288665771e+02
-5.3771270752e+02
-3.2476660156e+02
-8.2964080811e+01
-7.2553106689e+02
-5.4002935791e+02
-3.2671157837e+02
-8.4716407776e+01
-7.2706506348e+02
-5.4178363037e+02
-3.2876721191e+02
-8.7002166748e+01
-7.2844104004e+02
-5.4304870605e+02
-3.2988449097e+02
-8.8020668030e+01
-7.2899444580e+02
-5.4366851807e+02
-3.3059008789e+02
-8.8787010193e+01
-7.2899444580e+02
-5.4366851807e+02
-3.3059008789e+02
-8.8787010193e+01
-7.2844104004e+02
-5.4304870605e+02
-3.2988449097e+02
-8.8020668030e+01
-7.2706506348e+02
-5.4178363037e+02
-3.2876721191e+02
-8.7002166748e+01
-7.2553106689e+02
-5.4002935791e+02
-3.2671157837e+02
-8.4716407776e+01
-7.2288665771e+02
-5.3771270752e+02
-3.2476660156e+02
-8.2964080811e+01
-7.2079248047e+02
-5.3524731445e+02
-3.2166604614e+02
-7.9273193359e+01
-7.1725939941e+02
-5.3263531494e+02
-3.1976113892e+02
-7.7413032532e+01
-7.1553192139e+02
-5.3092822266e+02
-3.1705941772e+02
-7.3147560120e+01
-7.1271343994e+02
-5.3123706055e+02
-3.1825088501e+02
-7.2320899963e+01
-7.1439251709e+02
-5.3709735107e+02
-3.2337243652e+02
-7.1983306885e+01
-7.1868347168e+02
-5.5717987061e+02
-3.4408538818e+02
-7.7283264160e+01
-7.4250579834e+02
-6.0762805176e+02
-3.9532080078e+02
-1.0181742859e+02
-3.9136355591e+02
-4.9495886230e+02
-5.1555010986e+02
-4.5884405518e+02
-3.6617300415e+02
-4.4270166016e+02
-4.6407415771e+02
-4.3350344849e+02
-3.6046765137e+02
-4.2151647949e+02
-4.4360614014e+02
-4.2873394775e+02
-3.6035662842e+02
-4.1540997314e+02
-4.3621343994e+02
-4.2519873047e+02
-3.6119992065e+02
-4.1444146729e+02
-4.3627828979e+02
-4.2828695679e+02
-3.6500973511e+02
-4.1617550659e+02
-4.3651901245e+02
-4.2824887085e+02
-3.6710848999e+02
-4.1834402466e+02
-4.3935757446e+02
-4.3183703613e+02
-3.7049487305e+02
-4.2083425903e+02
-4.4090823364e+02
-4.3279144287e+02
-3.7244519043e+02
-4.2289462280e+02
-4.4322698975e+02
-4.3528225708e+02
-3.7459255981e+02
-4.2464578247e+02
-4.4450607300e+02
-4.3619580078e+02
-3.7571127319e+02
-4.2579678345e+02
-4.4572659302e+02
-4.3743798828e+02
-3.7644091797e+02
-4.2641171265e+02
-4.4619946289e+02
-4.3779391479e+02
-3.7644091797e+02
-4.2641171265e+02
-4.4619946289e+02
-4.3779391479e+02
-3.7571127319e+02
-4.2579678345e+02
-4.4572659302e+02
-4.3743798828e+02
-3.7459255981e+02
-4.2464578247e+02
-4.4450607300e+02
-4.3619580078e+02
-3.7244519043e+02
-4.2289462280e+02
-4.4322698975e+02
-4.3528225708e+02
-3.7049487305e+02
-4.2083425903e+02
-4.4090823364e+02
-4.3279144287e+02
-3.6710848999e+02
-4.1834402466e+02
-4.3935757446e+02
-4.3183703613e+02
-3.6500973511e+02
-4.1617550659e+02
-4.3651901245e+02
-4.2824887085e+02
-3.6119992065e+02
-4.1444146729e+02
-4.3627828979e+02
-4.2828695679e+02
-3.6035662842e+02
-4.1540997314e+02
-4.3621343994e+02
-4.2519873047e+02
-3.6046765137e+02
-4.2151647949e+02
-4.4360614014e+02
-4.2873394775e+02
-3.6617300415e+02
-4.4270166016e+02
-4.6407415771e+02
-4.3350344849e+02
-3.9136355591e+02
-4.9495886230e+02
-5.1555010986e+02
-4.5884405518e+02
-3.5031364441e+01
-3.6987466431e+02
-6.2945959473e+02
-8.0794940186e+02
-1.0111565590e+01
-3.2008337402e+02
-5.8022174072e+02
-7.8615777588e+02
-6.9137454033e+00
-3.0069705200e+02
-5.5950323486e+02
-7.7990191650e+02
-5.5896787643e+00
-2.9520944214e+02
-5.5502496338e+02
-7.8050689697e+02
-1.0397279739e+01
-2.9540347290e+02
-5.5273822021e+02
-7.7873669434e+02
-1.2729439735e+01
-2.9735589600e+02
-5.5552551270e+02
-7.8258721924e+02
-1.7619102478e+01
-3.0028094482e+02
-5.5666058350e+02
-7.8260803223e+02
-2.0370115280e+01
-3.0290982056e+02
-5.5952386475e+02
-7.8552758789e+02
-2.3801248550e+01
-3.0539340210e+02
-5.6101629639e+02
-7.8617913818e+02
-2.5783321381e+01
-3.0724041748e+02
-5.6284759521e+02
-7.8786791992e+02
-2.7525133133e+01
-3.0857708740e+02
-5.6374749756e+02
-7.8835931396e+02
-2.8233457565e+01
-3.0922644043e+02
-5.6436773682e+02
-7.8890948486e+02
-2.8233457565e+01
-3.0922644043e+02
-5.6436773682e+02
-7.8890948486e+02
-2.7525133133e+01
-3.0857708740e+02
-5.6374749756e+02
-7.8835931396e+02
-2.5783321381e+01
-3.0724041748e+02
-5.6284759521e+02
-7.8786791992e+02
-2.3801248550e+01
-3.0539340210e+02
-5.6101629639e+02
-7.8617913818e+02
-2.0370115280e+01
-3.0290982056e+02
-5.5952386475e+02
-7.8552758789e+02
-1.7619102478e+01
-3.0028094482e+02
-5.5666058350e+02
-7.8260803223e+02
-1.2729439735e+01
-2.9735589600e+02
-5.5552551270e+02
-7.8258721924e+02
-1.0397279739e+01
-2.9540347290e+02
-5.5273822021e+02
-7.7873669434e+02
-5.5896787643e+00
-2.9520944214e+02
-5.5502496338e+02
-7.8050689697e+02
-6.9137454033e+00
-3.0069705200e+02
-5.5950323486e+02
-7.7990191650e+02
-1.0111565590e+01
-3.2008337402e+02
-5.8022174072e+02
-7.8615777588e+02
-3.5031364441e+01
-3.6987466431e+02
-6.2945959473e+02
-8.0794940186e+02
3.2519512939e+02
-2.4138961792e+02
-7.2759661865e+02
-1.1501846924e+03
3.4606863403e+02
-1.9644938660e+02
-6.8495629883e+02
-1.1313865967e+03
3.4884002686e+02
-1.7995799255e+02
-6.7009985352e+02
-1.1307272949e+03
3.4415518188e+02
-1.7743650818e+02
-6.6420788574e+02
-1.1266823730e+03
3.4106246948e+02
-1.7896038818e+02
-6.6686700439e+02
-1.1318968506e+03
3.3376583862e+02
-1.8286401367e+02
-6.6754351807e+02
-1.1308027344e+03
3.2966012573e+02
-1.8661183167e+02
-6.7143957520e+02
-1.1348648682e+03
3.2413787842e+02
-1.9042703247e+02
-6.7331860352e+02
-1.1352480469e+03
3.2076776123e+02
-1.9345227051e+02
-6.7607385254e+02
-1.1376678467e+03
3.1744134521e+02
-1.9592578125e+02
-6.7753387451e+02
-1.1382604980e+03
3.1560647583e+02
-1.9753434753e+02
-6.7891522217e+02
-1.1393830566e+03
3.1449737549e+02
-1.9837925720e+02
-6.7944360352e+02
-1.1396307373e+03
3.1449737549e+02
-1.9837925720e+02
-6.7944360352e+02
-1.1396307373e+03
3.1560647583e+02
-1.9753434753e+02
-6.7891522217e+02
-1.1393830566e+03
3.1744134521e+02
-1.9592578125e+02
-6.7753387451e+02
-1.1382604980e+03
3.2076776123e+02
-1.9345227051e+02
-6.7607385254e+02
-1.1376678467e+03
3.2413787842e+02
-1.9042703247e+02
-6.7331860352e+02
-1.1352480469e+03
3.2966012573e+02
-1.8661183167e+02
-6.7143957520e+02
-1.1348648682e+03
3.3376583862e+02
-1.8286401367e+02
-6.6754351807e+02
-1.1308027344e+03
3.4106246948e+02
-1.7896038818e+02
-6.6686700439e+02
-1.1318968506e+03
3.4415518188e+02
-1.7743650818e+02
-6.6420788574e+02
-1.1266823730e+03
3.4884002686e+02
-1.7995799255e+02
-6.7009985352e+02
-1.1307272949e+03
3.4606863403e+02
-1.9644938660e+02
-6.8495629883e+02
-1.1313865967e+03
3.2519512939e+02
-2.4138961792e+02
-7.2759661865e+02
-1.1501846924e+03
6.8090991211e+02
-1.0047323608e+02
-8.2363214111e+02
-1.4752766113e+03
6.9787188721e+02
-6.4242668152e+01
-7.9012432861e+02
-1.4663787842e+03
6.9306378174e+02
-5.3752117157e+01
-7.7684191895e+02
-1.4635906982e+03
6.8986352539e+02
-5.3916656494e+01
-7.7925732422e+02
-1.4701571045e+03
6.7857928467e+02
-5.8701423645e+01
-7.7936682129e+02
-1.4680805664e+03
6.7255682373e+02
-6.3965896606e+01
-7.8541796875e+02
-1.4743291016e+03
6.6363665771e+02
-6.9682312012e+01
-7.8814343262e+02
-1.4744190674e+03
6.5809948730e+02
-7.4409774780e+01
-7.9258575439e+02
-1.4780709229e+03
6.5225445557e+02
-7.8545585632e+01
-7.9503234863e+02
-1.4787838135e+03
6.4860638428e+02
-8.1567970276e+01
-7.9762316895e+02
-1.4806666260e+03
6.4571887207e+02
-8.3680595398e+01
-7.9896252441e+02
-1.4811697998e+03
6.4446051025e+02
-8.4708526611e+01
-7.9981097412e+02
-1.4817526855e+03
6.4446051025e+02
-8.4708526611e+01
-7.9981097412e+02
-1.4817526855e+03
6.4571887207e+02
-8.3680595398e+01
-7.9896252441e+02
-1.4811697998e+03
6.4860638428e+02
-8.1567970276e+01
-7.9762316895e+02
-1.4806666260e+03
6.5225445557e+02
-7.8545585632e+01
-7.9503234863e+02
-1.4787838135e+03
6.5809948730e+02
-7.4409774780e+01
-7.9258575439e+02
-1.4780709229e+03
6.6363665771e+02
-6.9682312012e+01
-7.8814343262e+02
-1.4744190674e+03
6.7255682373e+02
-6.3965896606e+01
-7.8541796875e+02
-1.4743291016e+03
6.7857928467e+02
-5.8701423645e+01
-7.7936682129e+02
-1.4680805664e+03
6.8986352539e+02
-5.3916656494e+01
-7.7925732422e+02
-1.4701571045e+03
6.9306378174e+02
-5.3752117157e+01
-7.7684191895e+02
-1.4635906982e+03
6.9787188721e+02
-6.4242668152e+01
-7.9012432861e+02
-1.4663787842e+03
6.8090991211e+02
-1.0047323608e+02
-8.2363214111e+02
-1.4752766113e+03
1.0326711426e+03
3.3135520935e+01
-8.9616076660e+02
-1.7923327637e+03
1.0403449707e+03
5.8539604187e+01
-8.7371783447e+02
-1.7877073975e+03
1.0359119873e+03
6.2895381927e+01
-8.7258551025e+02
-1.7980794678e+03
1.0208455811e+03
5.6633525848e+01
-8.7138745117e+02
-1.7951970215e+03
1.0125756836e+03
4.8988632202e+01
-8.8020672607e+02
-1.8061413574e+03
9.9880810547e+02
4.0018066406e+01
-8.8353521729e+02
-1.8058076172e+03
9.9033007812e+02
3.2465278625e+01
-8.9017687988e+02
-1.8117967529e+03
9.8082330322e+02
2.5588001251e+01
-8.9375018311e+02
-1.8127713623e+03
9.7454272461e+02
2.0270658493e+01
-8.9790673828e+02
-1.8158833008e+03
9.6898846436e+02
1.6122350693e+01
-9.0028167725e+02
-1.8167551270e+03
9.6572290039e+02
1.3434071541e+01
-9.0226934814e+02
-1.8180921631e+03
9.6389288330e+02
1.2055109024e+01
-9.0308319092e+02
-1.8184128418e+03
9.6389288330e+02
1.2055109024e+01
-9.0308319092e+02
-1.8184128418e+03
9.6572290039e+02
1.3434071541e+01
-9.0226934814e+02
-1.8180921631e+03
9.6898846436e+02
1.6122350693e+01
-9.0028167725e+02
-1.8167551270e+03
9.7454272461e+02
2.0270658493e+01
-8.9790673828e+02
-1.8158833008e+03
9.8082330322e+02
2.5588001251e+01
-8.9375018311e+02
-1.8127713623e+03
9.9033007812e+02
3.2465278625e+01
-8.9017687988e+02
-1.8117967529e+03
9.9880810547e+02
4.0018066406e+01
-8.8353521729e+02
-1.8058076172e+03
1.0125756836e+03
4.8988632202e+01
-8.8020672607e+02
-1.8061413574e+03
1.0208455811e+03
5.6633525848e+01
-8.7138745117e+02
-1.7951970215e+03
1.0359119873e+03
6.2895381927e+01
-8.7258551025e+02
-1.7980794678e+03
1.0403449707e+03
5.8539604187e+01
-8.7371783447e+02
-1.7877073975e+03
1.0326711426e+03
3.3135520935e+01
-8.9616076660e+02
-1.7923327637e+03
1.3662279053e+03
1.8038473511e+02
-9.7751849365e+02
-2.0797492676e+03
1.3693251953e+03
1.9398677063e+02
-9.7188305664e+02
-2.0924780273e+03
1.3499573975e+03
1.8976040649e+02
-9.7055102539e+02
-2.0932692871e+03
1.3399868164e+03
1.8058143616e+02
-9.8523150635e+02
-2.1106984863e+03
1.3186574707e+03
1.6852134705e+02
-9.9001885986e+02
-2.1087609863e+03
1.3063677979e+03
1.5802253723e+02
-1.0011024780e+03
-2.1182033691e+03
1.2914245605e+03
1.4799475098e+02
-1.0068920898e+03
-2.1190461426e+03
1.2813775635e+03
1.3997148132e+02
-1.0138483276e+03
-2.1236796875e+03
1.2718731689e+03
1.3329054260e+02
-1.0180060425e+03
-2.1247241211e+03
1.2655831299e+03
1.2843971252e+02
-1.0218101196e+03
-2.1268488770e+03
1.2609436035e+03
1.2513430786e+02
-1.0239028320e+03
-2.1274321289e+03
1.2588194580e+03
1.2352011871e+02
-1.0251151123e+03
-2.1280490723e+03
1.2588194580e+03
1.2352011871e+02
-1.0251151123e+03
-2.1280490723e+03
1.2609436035e+03
1.2513430786e+02
-1.0239028320e+03
-2.1274321289e+03
1.2655831299e+03
1.2843971252e+02
-1.0218101196e+03
-2.1268488770e+03
1.2718731689e+03
1.3329054260e+02
-1.0180060425e+03
-2.1247241211e+03
1.2813775635e+03
1.3997148132e+02
-1.0138483276e+03
-2.1236796875e+03
1.2914245605e+03
1.4799475098e+02
-1.0068920898e+03
-2.1190461426e+03
1.3063677979e+03
1.5802253723e+02
-1.0011024780e+03
-2.1182033691e+03
1.3186574707e+03
1.6852134705e+02
-9.9001885986e+02
-2.1087609863e+03
1.3399868164e+03
1.8058143616e+02
-9.8523150635e+02
-2.1106984863e+03
1.3499573975e+03
1.8976040649e+02
-9.7055102539e+02
-2.0932692871e+03
1.3693251953e+03
1.9398677063e+02
-9.7188305664e+02
-2.0924780273e+03
1.3662279053e+03
1.8038473511e+02
-9.7751849365e+02
-2.0797492676e+03
1.6871247559e+03
3.0330813599e+02
-1.0241343994e+03
-2.3626037598e+03
1.6753686523e+03
3.0058255005e+02
-1.0264945068e+03
-2.3745502930e+03
1.6637248535e+03
2.8793847656e+02
-1.0449923096e+03
-2.4034719238e+03
1.6335573730e+03
2.6931445312e+02
-1.0481746826e+03
-2.3994609375e+03
1.6180384521e+03
2.5332298279e+02
-1.0638687744e+03
-2.4168395996e+03
1.5960800781e+03
2.3758929443e+02
-1.0704941406e+03
-2.4176308594e+03
1.5814743652e+03
2.2494461060e+02
-1.0798530273e+03
-2.4250156250e+03
1.5667481689e+03
2.1409480286e+02
-1.0852011719e+03
-2.4262807617e+03
1.5564493408e+03
2.0579879761e+02
-1.0906296387e+03
-2.4295075684e+03
1.5479272461e+03
1.9951119995e+02
-1.0938742676e+03
-2.4303098145e+03
1.5427000732e+03
1.9544055176e+02
-1.0963862305e+03
-2.4315314941e+03
1.5399034424e+03
1.9338415527e+02
-1.0974582520e+03
-2.4317854004e+03
1.5399034424e+03
1.9338415527e+02
-1.0974582520e+03
-2.4317854004e+03
1.5427000732e+03
1.9544055176e+02
-1.0963862305e+03
-2.4315314941e+03
1.5479272461e+03
1.9951119995e+02
-1.0938742676e+03
-2.4303098145e+03
1.5564493408e+03
2.0579879761e+02
-1.0906296387e+03
-2.4295075684e+03
1.5667481689e+03
2.1409480286e+02
-1.0852011719e+03
-2.4262807617e+03
1.5814743652e+03
2.2494461060e+02
-1.0798530273e+03
-2.4250156250e+03
1.5960800781e+03
2.3758929443e+02
-1.0704941406e+03
-2.4176308594e+03
1.6180384521e+03
2.5332298279e+02
-1.0638687744e+03
-2.4168395996e+03
1.6335573730e+03
2.6931445312e+02
-1.0481746826e+03
-2.3994609375e+03
1.6637248535e+03
2.8793847656e+02
-1.0449923096e+03
-2.4034719238e+03
1.6753686523e+03
3.0058255005e+02
-1.0264945068e+03
-2.3745502930e+03
1.6871247559e+03
3.0330813599e+02
-1.0241343994e+03
-2.3626037598e+03
1.9710767822e+03
4.4128918457e+02
-1.0939851074e+03
-2.5958156738e+03
1.9615319824e+03
4.3120574951e+02
-1.1273509521e+03
-2.6388872070e+03
1.9202141113e+03
4.1086062622e+02
-1.1371671143e+03
-2.6343876953e+03
1.9033341064e+03
3.9253747559e+02
-1.1672459717e+03
-2.6650617676e+03
1.8705014648e+03
3.7292315674e+02
-1.1780429688e+03
-2.6622907715e+03
1.8499257812e+03
3.5700473022e+02
-1.1936794434e+03
-2.6722548828e+03
1.8278240967e+03
3.4266836548e+02
-1.2024324951e+03
-2.6722370605e+03
1.8120878906e+03
3.3130477905e+02
-1.2113956299e+03
-2.6759531250e+03
1.7981925049e+03
3.2209939575e+02
-1.2169440918e+03
-2.6760456543e+03
1.7886352539e+03
3.1543048096e+02
-1.2215687256e+03
-2.6772255859e+03
1.7818842773e+03
3.1096014404e+02
-1.2241644287e+03
-2.6771469727e+03
1.7786967773e+03
3.0877310181e+02
-1.2255850830e+03
-2.6773776855e+03
1.7786967773e+03
3.0877310181e+02
-1.2255850830e+03
-2.6773776855e+03
1.7818842773e+03
3.1096014404e+02
-1.2241644287e+03
-2.6771469727e+03
1.7886352539e+03
3.1543048096e+02
-1.2215687256e+03
-2.6772255859e+03
1.7981925049e+03
3.2209939575e+02
-1.2169440918e+03
-2.6760456543e+03
1.8120878906e+03
3.3130477905e+02
-1.2113956299e+03
-2.6759531250e+03
1.8278240967e+03
3.4266836548e+02
-1.2024324951e+03
-2.6722370605e+03
1.8499257812e+03
3.5700473022e+02
-1.1936794434e+03
-2.6722548828e+03
1.8705014648e+03
3.7292315674e+02
-1.1780429688e+03
-2.6622907715e+03
1.9033341064e+03
3.9253747559e+02
-1.1672459717e+03
-2.6650617676e+03
1.9202141113e+03
4.1086062622e+02
-1.1371671143e+03
-2.6343876953e+03
1.9615319824e+03
4.3120574951e+02
-1.1273509521e+03
-2.6388872070e+03
1.9710767822e+03
4.4128918457e+02
-1.0939851074e+03
-2.5958156738e+03
2.2333476562e+03
5.3949456787e+02
-1.1223487549e+03
-2.8364584961e+03
2.1961010742e+03
5.0370626831e+02
-1.1398459473e+03
-2.8548251953e+03
2.1852453613e+03
4.7244509888e+02
-1.1814418945e+03
-2.9144245605e+03
2.1385458984e+03
4.3998263550e+02
-1.1860373535e+03
-2.9051074219e+03
2.1139877930e+03
4.1501287842e+02
-1.2043940430e+03
-2.9237719727e+03
2.0840424805e+03
3.9257803345e+02
-1.2127098389e+03
-2.9240717773e+03
2.0629338379e+03
3.7494259644e+02
-1.2227768555e+03
-2.9302609863e+03
2.0431452637e+03
3.6052120972e+02
-1.2284787598e+03
-2.9300280762e+03
2.0288366699e+03
3.4969000244e+02
-1.2337141113e+03
-2.9313408203e+03
2.0175319824e+03
3.4173422241e+02
-1.2367445068e+03
-2.9306018066e+03
2.0104578857e+03
3.3663946533e+02
-1.2389713135e+03
-2.9305747070e+03
2.0067885742e+03
3.3410690308e+02
-1.2399058838e+03
-2.9302187500e+03
2.0067885742e+03
3.3410690308e+02
-1.2399058838e+03
-2.9302187500e+03
2.0104578857e+03
3.3663946533e+02
-1.2389713135e+03
-2.9305747070e+03
2.0175319824e+03
3.4173422241e+02
-1.2367445068e+03
-2.9306018066e+03
2.0288366699e+03
3.4969000244e+02
-1.2337141113e+03
-2.9313408203e+03
2.0431452637e+03
3.6052120972e+02
-1.2284787598e+03
-2.9300280762e+03
2.0629338379e+03
3.7494259644e+02
-1.2227768555e+03
-2.9302609863e+03
2.0840424805e+03
3.9257803345e+02
-1.2127098389e+03
-2.9240717773e+03
2.1139877930e+03
4.1501287842e+02
-1.2043940430e+03
-2.9237719727e+03
2.1385458984e+03
4.3998263550e+02
-1.1860373535e+03
-2.9051074219e+03
2.1852453613e+03
4.7244509888e+02
-1.1814418945e+03
-2.9144245605e+03
2.1961010742e+03
5.0370626831e+02
-1.1398459473e+03
-2.8548251953e+03
2.2333476562e+03
5.3949456787e+02
-1.1223487549e+03
-2.8364584961e+03
2.4259345703e+03
6.3078161621e+02
-1.1664116211e+03
-2.9783044434e+03
2.4239406738e+03
6.1088391113e+02
-1.2573848877e+03
-3.0758557129e+03
2.3513413086e+03
5.7957153320e+02
-1.2719227295e+03
-3.0452185059e+03
2.3266284180e+03
5.5596820068e+02
-1.3141922607e+03
-3.0828747559e+03
2.2859462891e+03
5.3229858398e+02
-1.3329418945e+03
-3.0810979004e+03
2.2586689453e+03
5.1357812500e+02
-1.3516298828e+03
-3.0886369629e+03
2.2323630371e+03
4.9793139648e+02
-1.3619996338e+03
-3.0859040527e+03
2.2138469238e+03
4.8605975342e+02
-1.3710584717e+03
-3.0863906250e+03
2.1988657227e+03
4.7697201538e+02
-1.3766219482e+03
-3.0844348145e+03
2.1889179688e+03
4.7061856079e+02
-1.3809909668e+03
-3.0840249023e+03
2.1822875977e+03
4.6650195312e+02
-1.3834781494e+03
-3.0831845703e+03
2.1792131348e+03
4.6451998901e+02
-1.3848041992e+03
-3.0830202637e+03
2.1792131348e+03
4.6451998901e+02
-1.3848041992e+03
-3.0830202637e+03
2.1822875977e+03
4.6650195312e+02
-1.3834781494e+03
-3.0831845703e+03
2.1889179688e+03
4.7061856079e+02
-1.3809909668e+03
-3.0840249023e+03
2.1988657227e+03
4.7697201538e+02
-1.3766219482e+03
-3.0844348145e+03
2.2138469238e+03
4.8605975342e+02
-1.3710584717e+03
-3.0863906250e+03
2.2323630371e+03
4.9793139648e+02
-1.3619996338e+03
-3.0859040527e+03
2.2586689453e+03
5.1357812500e+02
-1.3516298828e+03
-3.0886369629e+03
2.2859462891e+03
5.3229858398e+02
-1.3329418945e+03
-3.0810979004e+03
2.3266284180e+03
5.5596820068e+02
-1.3141922607e+03
-3.0828747559e+03
2.3513413086e+03
5.7957153320e+02
-1.2719227295e+03
-3.0452185059e+03
2.4239406738e+03
6.1088391113e+02
-1.2573848877e+03
-3.0758557129e+03
2.4259345703e+03
6.3078161621e+02
-1.1664116211e+03
-2.9783044434e+03
2.5877082520e+03
7.0921014404e+02
-1.2168371582e+03
-3.1758176270e+03
2.4987780762e+03
6.3366302490e+02
-1.2067829590e+03
-3.1483354492e+03
2.5023696289e+03
5.8480279541e+02
-1.2682740479e+03
-3.2555004883e+03
2.4536528320e+03
5.4205230713e+02
-1.2785318604e+03
-3.2552768555e+03
2.4276391602e+03
5.1287365723e+02
-1.2931774902e+03
-3.2708808594e+03
2.4029916992e+03
4.9157919312e+02
-1.2995379639e+03
-3.2718693848e+03
2.3900178223e+03
4.7721322632e+02
-1.3076289062e+03
-3.2800722656e+03
2.3809057617e+03
4.6723385620e+02
-1.3133165283e+03
-3.2854982910e+03
2.3768586426e+03
4.6072076416e+02
-1.3189422607e+03
-3.2928249512e+03
2.3746142578e+03
4.5649325562e+02
-1.3229351807e+03
-3.2982163086e+03
2.3739946289e+03
4.5404806519e+02
-1.3259199219e+03
-3.3026767578e+03
2.3737531738e+03
4.5290451050e+02
-1.3273466797e+03
-3.3048266602e+03
2.3737531738e+03
4.5290451050e+02
-1.3273466797e+03
-3.3048266602e+03
2.3739946289e+03
4.5404806519e+02
-1.3259199219e+03
-3.3026767578e+03
2.3746142578e+03
4.5649325562e+02
-1.3229351807e+03
-3.2982163086e+03
2.3768586426e+03
4.6072076416e+02
-1.3189422607e+03
-3.2928249512e+03
2.3809057617e+03
4.6723385620e+02
-1.3133165283e+03
-3.2854982910e+03
2.3900178223e+03
4.7721322632e+02
-1.3076289062e+03
-3.2800722656e+03
2.4029916992e+03
4.9157919312e+02
-1.2995379639e+03
-3.2718693848e+03
2.4276391602e+03
5.1287365723e+02
-1.2931774902e+03
-3.2708808594e+03
2.4536528320e+03
5.4205230713e+02
-1.2785318604e+03
-3.2552768555e+03
2.5023696289e+03
5.8480279541e+02
-1.2682740479e+03
-3.2555004883e+03
2.4987780762e+03
6.3366302490e+02
-1.2067829590e+03
-3.1483354492e+03
2.5877082520e+03
7.0921014404e+02
-1.2168371582e+03
-3.1758176270e+03
2.4699821777e+03
6.0349810791e+02
-1.1094259033e+03
-3.0110253906e+03
2.5531562500e+03
6.1475262451e+02
-1.3164437256e+03
-3.2696918945e+03
2.4827814941e+03
5.9933453369e+02
-1.3484929199e+03
-3.2294558105e+03
2.4767583008e+03
5.9558013916e+02
-1.3855258789e+03
-3.2566540527e+03
2.4776252441e+03
5.9670666504e+02
-1.4101331787e+03
-3.2752927246e+03
2.4949567871e+03
6.0030889893e+02
-1.4347434082e+03
-3.3103320312e+03
2.5138613281e+03
6.0464605713e+02
-1.4540667725e+03
-3.3418347168e+03
2.5345759277e+03
6.0915362549e+02
-1.4710690918e+03
-3.3735612793e+03
2.5523771973e+03
6.1308923340e+02
-1.4840166016e+03
-3.3993757324e+03
2.5670415039e+03
6.1629656982e+02
-1.4939531250e+03
-3.4201806641e+03
2.5770083008e+03
6.1849328613e+02
-1.5003669434e+03
-3.4340175781e+03
2.5821752930e+03
6.1962780762e+02
-1.5036271973e+03
-3.4411608887e+03
2.5821752930e+03
6.1962780762e+02
-1.5036271973e+03
-3.4411608887e+03
2.5770083008e+03
6.1849328613e+02
-1.5003669434e+03
-3.4340175781e+03
2.5670415039e+03
6.1629656982e+02
-1.4939531250e+03
-3.4201806641e+03
2.5523771973e+03
6.1308923340e+02
-1.4840166016e+03
-3.3993757324e+03
2.5345759277e+03
6.0915362549e+02
-1.4710690918e+03
-3.3735612793e+03
2.5138613281e+03
6.0464605713e+02
-1.4540667725e+03
-3.3418347168e+03
2.4949567871e+03
6.0030889893e+02
-1.4347434082e+03
-3.3103320312e+03
2.4776252441e+03
5.9670666504e+02
-1.4101331787e+03
-3.2752927246e+03
2.4767583008e+03
5.9558013916e+02
-1.3855258789e+03
-3.2566540527e+03
2.4827814941e+03
5.9933453369e+02
-1.3484929199e+03
-3.2294558105e+03
2.5531562500e+03
6.1475262451e+02
-1.3164437256e+03
-3.2696918945e+03
2.4699821777e+03
6.0349810791e+02
-1.1094259033e+03
-3.0110253906e+03
2.0722573242e+03
4.8767959595e+02
-1.3105433350e+03
-2.9283251953e+03
2.0645546875e+03
4.7330050659e+02
-1.2181911621e+03
-2.8417976074e+03
2.2353615723e+03
5.0350576782e+02
-1.2472114258e+03
-3.0151994629e+03
2.3878081055e+03
5.4208807373e+02
-1.2887874756e+03
-3.1747333984e+03
2.5238930664e+03
5.7616784668e+02
-1.3347207031e+03
-3.3261579590e+03
2.6310776367e+03
6.0431219482e+02
-1.3734140625e+03
-3.4466494141e+03
2.7166555176e+03
6.2681195068e+02
-1.4066784668e+03
-3.5452421875e+03
2.7814636230e+03
6.4418054199e+02
-1.4327305908e+03
-3.6204609375e+03
2.8299553223e+03
6.5720800781e+02
-1.4530283203e+03
-3.6775666504e+03
2.8639479980e+03
6.6641912842e+02
-1.4675186768e+03
-3.7177900391e+03
2.8857043457e+03
6.7232324219e+02
-1.4770058594e+03
-3.7437551270e+03
2.8962365723e+03
6.7519183350e+02
-1.4816236572e+03
-3.7563395996e+03
2.8962365723e+03
6.7519183350e+02
-1.4816236572e+03
-3.7563395996e+03
2.8857043457e+03
6.7232324219e+02
-1.4770058594e+03
-3.7437551270e+03
2.8639479980e+03
6.6641912842e+02
-1.4675186768e+03
-3.7177900391e+03
2.8299553223e+03
6.5720800781e+02
-1.4530283203e+03
-3.6775666504e+03
2.7814636230e+03
6.4418054199e+02
-1.4327305908e+03
-3.6204609375e+03
2.7166555176e+03
6.2681195068e+02
-1.4066784668e+03
-3.5452421875e+03
2.6310776367e+03
6.0431219482e+02
-1.3734140625e+03
-3.4466494141e+03
2.5238930664e+03
5.7616784668e+02
-1.3347207031e+03
-3.3261579590e+03
2.3878081055e+03
5.4208807373e+02
-1.2887874756e+03
-3.1747333984e+03
2.2353615723e+03
5.0350576782e+02
-1.2472114258e+03
-3.0151994629e+03
2.0645546875e+03
4.7330050659e+02
-1.2181911621e+03
-2.8417976074e+03
2.0722573242e+03
4.8767959595e+02
-1.3105433350e+03
-2.9283251953e+03
