2.2920607910e+03
5.7505310059e+02
-1.3733519287e+03
-3.1271308594e+03
2.2779331055e+03
5.5382312012e+02
-1.2791239014e+03
-3.0393718262e+03
2.4599301758e+03
5.8370935059e+02
-1.3133792725e+03
-3.2299479980e+03
2.6225515137e+03
6.2319348145e+02
-1.3606436768e+03
-3.4048798828e+03
2.7680974121e+03
6.5850500488e+02
-1.4119025879e+03
-3.5703198242e+03
2.8826716309e+03
6.8770428467e+02
-1.4549987793e+03
-3.7019326172e+03
2.9741777344e+03
7.1111334229e+02
-1.4918923340e+03
-3.8095114746e+03
3.0434299316e+03
7.2917150879e+02
-1.5207778320e+03
-3.8915778809e+03
3.0952382812e+03
7.4272546387e+02
-1.5432446289e+03
-3.9538493652e+03
3.1315354004e+03
7.5229956055e+02
-1.5592844238e+03
-3.9977094727e+03
3.1547626953e+03
7.5843762207e+02
-1.5697769775e+03
-4.0260139160e+03
3.1660034180e+03
7.6141766357e+02
-1.5748853760e+03
-4.0397321777e+03
3.1660034180e+03
7.6141766357e+02
-1.5748853760e+03
-4.0397321777e+03
3.1547626953e+03
7.5843762207e+02
-1.5697769775e+03
-4.0260139160e+03
3.1315354004e+03
7.5229956055e+02
-1.5592844238e+03
-3.9977094727e+03
3.0952382812e+03
7.4272546387e+02
-1.5432446289e+03
-3.9538493652e+03
3.0434299316e+03
7.2917150879e+02
-1.5207778320e+03
-3.8915778809e+03
2.9741777344e+03
7.1111334229e+02
-1.4918923340e+03
-3.8095114746e+03
2.8826716309e+03
6.8770428467e+02
-1.4549987793e+03
-3.7019326172e+03
2.7680974121e+03
6.5850500488e+02
-1.4119025879e+03
-3.5703198242e+03
2.6225515137e+03
6.2319348145e+02
-1.3606436768e+03
-3.4048798828e+03
2.4599301758e+03
5.8370935059e+02
-1.3133792725e+03
-3.2299479980e+03
2.2779331055e+03
5.5382312012e+02
-1.2791239014e+03
-3.0393718262e+03
2.2920607910e+03
5.7505310059e+02
-1.3733519287e+03
-3.1271308594e+03
2.7126013184e+03
6.9660302734e+02
-1.1585726318e+03
-3.2229814453e+03
2.8035583496e+03
7.0908020020e+02
-1.3825653076e+03
-3.5024311523e+03
2.7252939453e+03
6.8961901855e+02
-1.4199957275e+03
-3.4609799805e+03
2.7172878418e+03
6.8374536133e+02
-1.4618857422e+03
-3.4919919434e+03
2.7167673340e+03
6.8320501709e+02
-1.4902689209e+03
-3.5136953125e+03
2.7343996582e+03
6.8579547119e+02
-1.5181970215e+03
-3.5528085938e+03
2.7539069824e+03
6.8939300537e+02
-1.5401931152e+03
-3.5879165039e+03
2.7755976562e+03
6.9345007324e+02
-1.5594000244e+03
-3.6230292969e+03
2.7942963867e+03
6.9707440186e+02
-1.5740351562e+03
-3.6515749512e+03
2.8097651367e+03
7.0010131836e+02
-1.5852221680e+03
-3.6745217285e+03
2.8202880859e+03
7.0218835449e+02
-1.5924466553e+03
-3.6897800293e+03
2.8257524414e+03
7.0327612305e+02
-1.5961110840e+03
-3.6976484375e+03
2.8257524414e+03
7.0327612305e+02
-1.5961110840e+03
-3.6976484375e+03
2.8202880859e+03
7.0218835449e+02
-1.5924466553e+03
-3.6897800293e+03
2.8097651367e+03
7.0010131836e+02
-1.5852221680e+03
-3.6745217285e+03
2.7942963867e+03
6.9707440186e+02
-1.5740351562e+03
-3.6515749512e+03
2.7755976562e+03
6.9345007324e+02
-1.5594000244e+03
-3.6230292969e+03
2.7539069824e+03
6.8939300537e+02
-1.5401931152e+03
-3.5879165039e+03
2.7343996582e+03
6.8579547119e+02
-1.5181970215e+03
-3.5528085938e+03
2.7167673340e+03
6.8320501709e+02
-1.4902689209e+03
-3.5136953125e+03
2.7172878418e+03
6.8374536133e+02
-1.4618857422e+03
-3.4919919434e+03
2.7252939453e+03
6.8961901855e+02
-1.4199957275e+03
-3.4609799805e+03
2.8035583496e+03
7.0908020020e+02
-1.3825653076e+03
-3.5024311523e+03
2.7126013184e+03
6.9660302734e+02
-1.1585726318e+03
-3.2229814453e+03
2.8417495117e+03
8.0941632080e+02
-1.2746425781e+03
-3.3952302246e+03
2.7417067871e+03
7.2350158691e+02
-1.2679393311e+03
-3.3693144531e+03
2.7449836426e+03
6.6979290771e+02
-1.3354549561e+03
-3.4862111816e+03
2.6909875488e+03
6.2202685547e+02
-1.3481645508e+03
-3.4875126953e+03
2.6619577637e+03
5.8947259521e+02
-1.3651072998e+03
-3.5055463867e+03
2.6343952637e+03
5.6541644287e+02
-1.3731123047e+03
-3.5077580566e+03
2.6196674805e+03
5.4909869385e+02
-1.3827354736e+03
-3.5175375977e+03
2.6092167969e+03
5.3762664795e+02
-1.3896473389e+03
-3.5241862793e+03
2.6043959961e+03
5.3007727051e+02
-1.3963033447e+03
-3.5327041016e+03
2.6016354980e+03
5.2512231445e+02
-1.4010563965e+03
-3.5389836426e+03
2.6007534180e+03
5.2223449707e+02
-1.4045623779e+03
-3.5440974121e+03
2.6003857422e+03
5.2087469482e+02
-1.4062462158e+03
-3.5465686035e+03
2.6003857422e+03
5.2087469482e+02
-1.4062462158e+03
-3.5465686035e+03
2.6007534180e+03
5.2223449707e+02
-1.4045623779e+03
-3.5440974121e+03
2.6016354980e+03
5.2512231445e+02
-1.4010563965e+03
-3.5389836426e+03
2.6043959961e+03
5.3007727051e+02
-1.3963033447e+03
-3.5327041016e+03
2.6092167969e+03
5.3762664795e+02
-1.3896473389e+03
-3.5241862793e+03
2.6196674805e+03
5.4909869385e+02
-1.3827354736e+03
-3.5175375977e+03
2.6343952637e+03
5.6541644287e+02
-1.3731123047e+03
-3.5077580566e+03
2.6619577637e+03
5.8947259521e+02
-1.3651072998e+03
-3.5055463867e+03
2.6909875488e+03
6.2202685547e+02
-1.3481645508e+03
-3.4875126953e+03
2.7449836426e+03
6.6979290771e+02
-1.3354549561e+03
-3.4862111816e+03
2.7417067871e+03
7.2350158691e+02
-1.2679393311e+03
-3.3693144531e+03
2.8417495117e+03
8.0941632080e+02
-1.2746425781e+03
-3.3952302246e+03
2.6622182617e+03
7.2380926514e+02
-1.2190524902e+03
-3.1797595215e+03
2.6583723145e+03
7.0007684326e+02
-1.3197978516e+03
-3.2872502441e+03
2.5773649902e+03
6.6324713135e+02
-1.3385091553e+03
-3.2568188477e+03
2.5496574707e+03
6.3642767334e+02
-1.3856229248e+03
-3.2988732910e+03
2.5046708984e+03
6.0951513672e+02
-1.4073026123e+03
-3.2982678223e+03
2.4745566406e+03
5.8841900635e+02
-1.4284461670e+03
-3.3073410645e+03
2.4455556641e+03
5.7072540283e+02
-1.4405092773e+03
-3.3052167969e+03
2.4251428223e+03
5.5732684326e+02
-1.4509294434e+03
-3.3063669434e+03
2.4086245117e+03
5.4703833008e+02
-1.4574599609e+03
-3.3047634277e+03
2.3976511230e+03
5.3984741211e+02
-1.4625441895e+03
-3.3046818848e+03
2.3903349609e+03
5.3517785645e+02
-1.4654786377e+03
-3.3040185547e+03
2.3869411621e+03
5.3293048096e+02
-1.4670300293e+03
-3.3039592285e+03
2.3869411621e+03
5.3293048096e+02
-1.4670300293e+03
-3.3039592285e+03
2.3903349609e+03
5.3517785645e+02
-1.4654786377e+03
-3.3040185547e+03
2.3976511230e+03
5.3984741211e+02
-1.4625441895e+03
-3.3046818848e+03
2.4086245117e+03
5.4703833008e+02
-1.4574599609e+03
-3.3047634277e+03
2.4251428223e+03
5.5732684326e+02
-1.4509294434e+03
-3.3063669434e+03
2.4455556641e+03
5.7072540283e+02
-1.4405092773e+03
-3.3052167969e+03
2.4745566406e+03
5.8841900635e+02
-1.4284461670e+03
-3.3073410645e+03
2.5046708984e+03
6.0951513672e+02
-1.4073026123e+03
-3.2982678223e+03
2.5496574707e+03
6.3642767334e+02
-1.3856229248e+03
-3.2988732910e+03
2.5773649902e+03
6.6324713135e+02
-1.3385091553e+03
-3.2568188477e+03
2.6583723145e+03
7.0007684326e+02
-1.3197978516e+03
-3.2872502441e+03
2.6622182617e+03
7.2380926514e+02
-1.2190524902e+03
-3.1797595215e+03
2.4513808594e+03
6.2268438721e+02
-1.1717462158e+03
-3.0229672852e+03
2.4083881836e+03
5.8135290527e+02
-1.1933311768e+03
-3.0456599121e+03
2.3954357910e+03
5.4627172852e+02
-1.2397136230e+03
-3.1116687012e+03
2.3432895508e+03
5.0939538574e+02
-1.2465894775e+03
-3.1036503906e+03
2.3158051758e+03
4.8136148071e+02
-1.2676156006e+03
-3.1251567383e+03
2.2825905762e+03
4.5611813354e+02
-1.2777281494e+03
-3.1266987305e+03
2.2592329102e+03
4.3639575195e+02
-1.2893854980e+03
-3.1342583008e+03
2.2374057617e+03
4.2025070190e+02
-1.2962081299e+03
-3.1347321777e+03
2.2216513672e+03
4.0816244507e+02
-1.3023300781e+03
-3.1366713867e+03
2.2092207031e+03
3.9927554321e+02
-1.3059572754e+03
-3.1362629395e+03
2.2014497070e+03
3.9359429932e+02
-1.3085809326e+03
-3.1364775391e+03
2.1974204102e+03
3.9076766968e+02
-1.3097020264e+03
-3.1362163086e+03
2.1974204102e+03
3.9076766968e+02
-1.3097020264e+03
-3.1362163086e+03
2.2014497070e+03
3.9359429932e+02
-1.3085809326e+03
-3.1364775391e+03
2.2092207031e+03
3.9927554321e+02
-1.3059572754e+03
-3.1362629395e+03
2.2216513672e+03
4.0816244507e+02
-1.3023300781e+03
-3.1366713867e+03
2.2374057617e+03
4.2025070190e+02
-1.2962081299e+03
-3.1347321777e+03
2.2592329102e+03
4.3639575195e+02
-1.2893854980e+03
-3.1342583008e+03
2.2825905762e+03
4.5611813354e+02
-1.2777281494e+03
-3.1266987305e+03
2.3158051758e+03
4.8136148071e+02
-1.2676156006e+03
-3.1251567383e+03
2.3432895508e+03
5.0939538574e+02
-1.2465894775e+03
-3.1036503906e+03
2.3954357910e+03
5.4627172852e+02
-1.2397136230e+03
-3.1116687012e+03
2.4083881836e+03
5.8135290527e+02
-1.1933311768e+03
-3.0456599121e+03
2.4513808594e+03
6.2268438721e+02
-1.1717462158e+03
-3.0229672852e+03
2.1638369141e+03
5.1310272217e+02
-1.1424165039e+03
-2.7604497070e+03
2.1521958008e+03
5.0112588501e+02
-1.1796232910e+03
-2.8086354980e+03
2.1056809082e+03
4.7735751343e+02
-1.1920970459e+03
-2.8059792480e+03
2.0865224609e+03
4.5649645996e+02
-1.2257835693e+03
-2.8404135742e+03
2.0499560547e+03
4.3404388428e+02
-1.2388260498e+03
-2.8388986816e+03
2.0270341797e+03
4.1599456787e+02
-1.2566817627e+03
-2.8507058105e+03
2.0025379639e+03
3.9972567749e+02
-1.2670220947e+03
-2.8516315918e+03
1.9851276855e+03
3.8690652466e+02
-1.2773352051e+03
-2.8563317871e+03
1.9697935791e+03
3.7652322388e+02
-1.2838415527e+03
-2.8569863281e+03
1.9592633057e+03
3.6902828979e+02
-1.2891831055e+03
-2.8586413574e+03
1.9518339844e+03
3.6400329590e+02
-1.2922209473e+03
-2.8588125000e+03
1.9483288574e+03
3.6154995728e+02
-1.2938651123e+03
-2.8591831055e+03
1.9483288574e+03
3.6154995728e+02
-1.2938651123e+03
-2.8591831055e+03
1.9518339844e+03
3.6400329590e+02
-1.2922209473e+03
-2.8588125000e+03
1.9592633057e+03
3.6902828979e+02
-1.2891831055e+03
-2.8586413574e+03
1.9697935791e+03
3.7652322388e+02
-1.2838415527e+03
-2.8569863281e+03
1.9851276855e+03
3.8690652466e+02
-1.2773352051e+03
-2.8563317871e+03
2.0025379639e+03
3.9972567749e+02
-1.2670220947e+03
-2.8516315918e+03
2.0270341797e+03
4.1599456787e+02
-1.2566817627e+03
-2.8507058105e+03
2.0499560547e+03
4.3404388428e+02
-1.2388260498e+03
-2.8388986816e+03
2.0865224609e+03
4.5649645996e+02
-1.2257835693e+03
-2.8404135742e+03
2.1056809082e+03
4.7735751343e+02
-1.1920970459e+03
-2.8059792480e+03
2.1521958008e+03
5.0112588501e+02
-1.1796232910e+03
-2.8086354980e+03
2.1638369141e+03
5.1310272217e+02
-1.1424165039e+03
-2.7604497070e+03
1.8532313232e+03
3.6104339600e+02
-1.0684859619e+03
-2.5076320801e+03
1.8394537354e+03
3.5777938843e+02
-1.0713640137e+03
-2.5217973633e+03
1.8259718018e+03
3.4353762817e+02
-1.0920328369e+03
-2.5542922363e+03
1.7921590576e+03
3.2222564697e+02
-1.0967883301e+03
-2.5515727539e+03
1.7746441650e+03
3.0414645386e+02
-1.1146617432e+03
-2.5714399414e+03
1.7501597900e+03
2.8627493286e+02
-1.1228104248e+03
-2.5734079590e+03
1.7338647461e+03
2.7199755859e+02
-1.1336373291e+03
-2.5822021484e+03
1.7175097656e+03
2.5972586060e+02
-1.1400566406e+03
-2.5842861328e+03
1.7060815430e+03
2.5037915039e+02
-1.1463773193e+03
-2.5882902832e+03
1.6966467285e+03
2.4328994751e+02
-1.1502363281e+03
-2.5895556641e+03
1.6908637695e+03
2.3871209717e+02
-1.1531677246e+03
-2.5911237793e+03
1.6877729492e+03
2.3639746094e+02
-1.1544383545e+03
-2.5915253906e+03
1.6877729492e+03
2.3639746094e+02
-1.1544383545e+03
-2.5915253906e+03
1.6908637695e+03
2.3871209717e+02
-1.1531677246e+03
-2.5911237793e+03
1.6966467285e+03
2.4328994751e+02
-1.1502363281e+03
-2.5895556641e+03
1.7060815430e+03
2.5037915039e+02
-1.1463773193e+03
-2.5882902832e+03
1.7175097656e+03
2.5972586060e+02
-1.1400566406e+03
-2.5842861328e+03
1.7338647461e+03
2.7199755859e+02
-1.1336373291e+03
-2.5822021484e+03
1.7501597900e+03
2.8627493286e+02
-1.1228104248e+03
-2.5734079590e+03
1.7746441650e+03
3.0414645386e+02
-1.1146617432e+03
-2.5714399414e+03
1.7921590576e+03
3.2222564697e+02
-1.0967883301e+03
-2.5515727539e+03
1.8259718018e+03
3.4353762817e+02
-1.0920328369e+03
-2.5542922363e+03
1.8394537354e+03
3.5777938843e+02
-1.0713640137e+03
-2.5217973633e+03
1.8532313232e+03
3.6104339600e+02
-1.0684859619e+03
-2.5076320801e+03
1.5035782471e+03
2.2459330750e+02
-1.0205731201e+03
-2.2017678223e+03
1.5069110107e+03
2.4034625244e+02
-1.0134544067e+03
-2.2158256836e+03
1.4850651855e+03
2.3547082520e+02
-1.0124205322e+03
-2.2179238281e+03
1.4737415771e+03
2.2506912231e+02
-1.0288603516e+03
-2.2375947266e+03
1.4499012451e+03
2.1122462463e+02
-1.0349554443e+03
-2.2366337891e+03
1.4361019287e+03
1.9927917480e+02
-1.0476203613e+03
-2.2476225586e+03
1.4194431152e+03
1.8783174133e+02
-1.0545778809e+03
-2.2493156738e+03
1.4082320557e+03
1.7872035217e+02
-1.0626072998e+03
-2.2548923340e+03
1.3976633301e+03
1.7112220764e+02
-1.0675419922e+03
-2.2565085449e+03
1.3906684570e+03
1.6562397766e+02
-1.0719547119e+03
-2.2591408691e+03
1.3855186768e+03
1.6187339783e+02
-1.0744273682e+03
-2.2600051270e+03
1.3831602783e+03
1.6004580688e+02
-1.0758363037e+03
-2.2607819824e+03
1.3831602783e+03
1.6004580688e+02
-1.0758363037e+03
-2.2607819824e+03
1.3855186768e+03
1.6187339783e+02
-1.0744273682e+03
-2.2600051270e+03
1.3906684570e+03
1.6562397766e+02
-1.0719547119e+03
-2.2591408691e+03
1.3976633301e+03
1.7112220764e+02
-1.0675419922e+03
-2.2565085449e+03
1.4082320557e+03
1.7872035217e+02
-1.0626072998e+03
-2.2548923340e+03
1.4194431152e+03
1.8783174133e+02
-1.0545778809e+03
-2.2493156738e+03
1.4361019287e+03
1.9927917480e+02
-1.0476203613e+03
-2.2476225586e+03
1.4499012451e+03
2.1122462463e+02
-1.0349554443e+03
-2.2366337891e+03
1.4737415771e+03
2.2506912231e+02
-1.0288603516e+03
-2.2375947266e+03
1.4850651855e+03
2.3547082520e+02
-1.0124205322e+03
-2.2179238281e+03
1.5069110107e+03
2.4034625244e+02
-1.0134544067e+03
-2.2158256836e+03
1.5035782471e+03
2.2459330750e+02
-1.0205731201e+03
-2.2017678223e+03
1.1411398926e+03
6.3031902313e+01
-9.3509857178e+02
-1.8927015381e+03
1.1499843750e+03
9.2457717896e+01
-9.0885748291e+02
-1.8873295898e+03
1.1449693604e+03
9.7692024231e+01
-9.0717810059e+02
-1.8990313721e+03
1.1281290283e+03
9.0553771973e+01
-9.0635186768e+02
-1.8967666016e+03
1.1187745361e+03
8.1917564392e+01
-9.1632556152e+02
-1.9092299805e+03
1.1033922119e+03
7.1671852112e+01
-9.2055871582e+02
-1.9096281738e+03
1.0938721924e+03
6.3096096039e+01
-9.2821118164e+02
-1.9166511230e+03
1.0832601318e+03
5.5257961273e+01
-9.3254138184e+02
-1.9182309570e+03
1.0762359619e+03
4.9221115112e+01
-9.3736914062e+02
-1.9219718018e+03
1.0700439453e+03
4.4501937866e+01
-9.4021032715e+02
-1.9232197266e+03
1.0663994141e+03
4.1451721191e+01
-9.4252734375e+02
-1.9248538818e+03
1.0643608398e+03
3.9884513855e+01
-9.4349682617e+02
-1.9253006592e+03
1.0643608398e+03
3.9884513855e+01
-9.4349682617e+02
-1.9253006592e+03
1.0663994141e+03
4.1451721191e+01
-9.4252734375e+02
-1.9248538818e+03
1.0700439453e+03
4.4501937866e+01
-9.4021032715e+02
-1.9232197266e+03
1.0762359619e+03
4.9221115112e+01
-9.3736914062e+02
-1.9219718018e+03
1.0832601318e+03
5.5257961273e+01
-9.3254138184e+02
-1.9182309570e+03
1.0938721924e+03
6.3096096039e+01
-9.2821118164e+02
-1.9166511230e+03
1.1033922119e+03
7.1671852112e+01
-9.2055871582e+02
-1.9096281738e+03
1.1187745361e+03
8.1917564392e+01
-9.1632556152e+02
-1.9092299805e+03
1.1281290283e+03
9.0553771973e+01
-9.0635186768e+02
-1.8967666016e+03
1.1449693604e+03
9.7692024231e+01
-9.0717810059e+02
-1.8990313721e+03
1.1499843750e+03
9.2457717896e+01
-9.0885748291e+02
-1.8873295898e+03
1.1411398926e+03
6.3031902313e+01
-9.3509857178e+02
-1.8927015381e+03
7.6057366943e+02
-8.3565757751e+01
-8.5934863281e+02
-1.5522520752e+03
7.8016851807e+02
-4.1434860229e+01
-8.2016424561e+02
-1.5415764160e+03
7.7489367676e+02
-2.9172594070e+01
-8.0495330811e+02
-1.5388559570e+03
7.7133593750e+02
-2.9209852219e+01
-8.0747955322e+02
-1.5462285156e+03
7.5873864746e+02
-3.4683719635e+01
-8.0797387695e+02
-1.5446007080e+03
7.5195135498e+02
-4.0660644531e+01
-8.1484918213e+02
-1.5517757568e+03
7.4198083496e+02
-4.7206871033e+01
-8.1822052002e+02
-1.5523695068e+03
7.3576000977e+02
-5.2593265533e+01
-8.2333874512e+02
-1.5566705322e+03
7.2922552490e+02
-5.7322925568e+01
-8.2628173828e+02
-1.5577708740e+03
7.2513549805e+02
-6.0767467499e+01
-8.2928582764e+02
-1.5600292969e+03
7.2190808105e+02
-6.3180843353e+01
-8.3088311768e+02
-1.5607365723e+03
7.2049859619e+02
-6.4352172852e+01
-8.3186944580e+02
-1.5614422607e+03
7.2049859619e+02
-6.4352172852e+01
-8.3186944580e+02
-1.5614422607e+03
7.2190808105e+02
-6.3180843353e+01
-8.3088311768e+02
-1.5607365723e+03
7.2513549805e+02
-6.0767467499e+01
-8.2928582764e+02
-1.5600292969e+03
7.2922552490e+02
-5.7322925568e+01
-8.2628173828e+02
-1.5577708740e+03
7.3576000977e+02
-5.2593265533e+01
-8.2333874512e+02
-1.5566705322e+03
7.4198083496e+02
-4.7206871033e+01
-8.1822052002e+02
-1.5523695068e+03
7.5195135498e+02
-4.0660644531e+01
-8.1484918213e+02
-1.5517757568e+03
7.5873864746e+02
-3.4683719635e+01
-8.0797387695e+02
-1.5446007080e+03
7.7133593750e+02
-2.9209852219e+01
-8.0747955322e+02
-1.5462285156e+03
7.7489367676e+02
-2.9172594070e+01
-8.0495330811e+02
-1.5388559570e+03
7.8016851807e+02
-4.1434860229e+01
-8.2016424561e+02
-1.5415764160e+03
7.6057366943e+02
-8.3565757751e+01
-8.5934863281e+02
-1.5522520752e+03
3.7693157959e+02
-2.3683027649e+02
-7.5795715332e+02
-1.2041004639e+03
4.0116430664e+02
-1.8465736389e+02
-7.0824969482e+02
-1.1822144775e+03
4.0448333740e+02
-1.6542344666e+02
-6.9082238770e+02
-1.1813333740e+03
3.9936389160e+02
-1.6243601990e+02
-6.8424426270e+02
-1.1771695557e+03
3.9588082886e+02
-1.6409152222e+02
-6.8715637207e+02
-1.1830516357e+03
3.8773117065e+02
-1.6855966187e+02
-6.8818280029e+02
-1.1822706299e+03
3.8309197998e+02
-1.7282263184e+02
-6.9263208008e+02
-1.1869504395e+03
3.7690414429e+02
-1.7719485474e+02
-6.9494439697e+02
-1.1876832275e+03
3.7310330200e+02
-1.8064714050e+02
-6.9812493896e+02
-1.1905222168e+03
3.6937167358e+02
-1.8348045349e+02
-6.9988238525e+02
-1.1913588867e+03
3.6730459595e+02
-1.8531747437e+02
-7.0148461914e+02
-1.1926907959e+03
3.6605990601e+02
-1.8628494263e+02
-7.0211645508e+02
-1.1930244141e+03
3.6605990601e+02
-1.8628494263e+02
-7.0211645508e+02
-1.1930244141e+03
3.6730459595e+02
-1.8531747437e+02
-7.0148461914e+02
-1.1926907959e+03
3.6937167358e+02
-1.8348045349e+02
-6.9988238525e+02
-1.1913588867e+03
3.7310330200e+02
-1.8064714050e+02
-6.9812493896e+02
-1.1905222168e+03
3.7690414429e+02
-1.7719485474e+02
-6.9494439697e+02
-1.1876832275e+03
3.8309197998e+02
-1.7282263184e+02
-6.9263208008e+02
-1.1869504395e+03
3.8773117065e+02
-1.6855966187e+02
-6.8818280029e+02
-1.1822706299e+03
3.9588082886e+02
-1.6409152222e+02
-6.8715637207e+02
-1.1830516357e+03
3.9936389160e+02
-1.6243601990e+02
-6.8424426270e+02
-1.1771695557e+03
4.0448333740e+02
-1.6542344666e+02
-6.9082238770e+02
-1.1813333740e+03
4.0116430664e+02
-1.8465736389e+02
-7.0824969482e+02
-1.1822144775e+03
3.7693157959e+02
-2.3683027649e+02
-7.5795715332e+02
-1.2041004639e+03
-1.0270889282e+01
-3.7601119995e+02
-6.5392687988e+02
-8.3768640137e+02
1.8651634216e+01
-3.1810424805e+02
-5.9661492920e+02
-8.1222070312e+02
2.2491323471e+01
-2.9553237915e+02
-5.7262854004e+02
-8.0515374756e+02
2.4089149475e+01
-2.8908395386e+02
-5.6729223633e+02
-8.0571179199e+02
1.8733228683e+01
-2.8927722168e+02
-5.6483764648e+02
-8.0404925537e+02
1.6079071045e+01
-2.9147979736e+02
-5.6795886230e+02
-8.0839379883e+02
1.0584854126e+01
-2.9484448242e+02
-5.6941619873e+02
-8.0870013428e+02
7.4535369873e+00
-2.9785189819e+02
-5.7269134521e+02
-8.1205499268e+02
3.5860588551e+00
-3.0070999146e+02
-5.7449603271e+02
-8.1296734619e+02
1.3334429264e+00
-3.0282751465e+02
-5.7660644531e+02
-8.1493084717e+02
-6.3265395164e-01
-3.0436541748e+02
-5.7768109131e+02
-8.1556988525e+02
-1.4370877743e+00
-3.0511032104e+02
-5.7839794922e+02
-8.1621307373e+02
-1.4370877743e+00
-3.0511032104e+02
-5.7839794922e+02
-8.1621307373e+02
-6.3265395164e-01
-3.0436541748e+02
-5.7768109131e+02
-8.1556988525e+02
1.3334429264e+00
-3.0282751465e+02
-5.7660644531e+02
-8.1493084717e+02
3.5860588551e+00
-3.0070999146e+02
-5.7449603271e+02
-8.1296734619e+02
7.4535369873e+00
-2.9785189819e+02
-5.7269134521e+02
-8.1205499268e+02
1.0584854126e+01
-2.9484448242e+02
-5.6941619873e+02
-8.0870013428e+02
1.6079071045e+01
-2.9147979736e+02
-5.6795886230e+02
-8.0839379883e+02
1.8733228683e+01
-2.8927722168e+02
-5.6483764648e+02
-8.0404925537e+02
2.4089149475e+01
-2.8908395386e+02
-5.6729223633e+02
-8.0571179199e+02
2.2491323471e+01
-2.9553237915e+02
-5.7262854004e+02
-8.0515374756e+02
1.8651634216e+01
-3.1810424805e+02
-5.9661492920e+02
-8.1222070312e+02
-1.0270889282e+01
-3.7601119995e+02
-6.5392687988e+02
-8.3768640137e+02
-3.9244598389e+02
-5.1050292969e+02
-5.3231494141e+02
-4.6390768433e+02
-3.6316070557e+02
-4.4977566528e+02
-4.7241891479e+02
-4.3444219971e+02
-3.5650738525e+02
-4.2513290405e+02
-4.4855493164e+02
-4.2882385254e+02
-3.5627340698e+02
-4.1802676392e+02
-4.4006954956e+02
-4.2491763306e+02
-3.5725485229e+02
-4.1686199951e+02
-4.4002355957e+02
-4.2834243774e+02
-3.6155819702e+02
-4.1886639404e+02
-4.4042779541e+02
-4.2852804565e+02
-3.6399108887e+02
-4.2135443115e+02
-4.4364202881e+02
-4.3258419800e+02
-3.6783847046e+02
-4.2423538208e+02
-4.4551748657e+02
-4.3383425903e+02
-3.7008856201e+02
-4.2660842896e+02
-4.4817251587e+02
-4.3668081665e+02
-3.7253442383e+02
-4.2863354492e+02
-4.4969308472e+02
-4.3781146240e+02
-3.7382217407e+02
-4.2996041870e+02
-4.5109686279e+02
-4.3923995972e+02
-3.7465411377e+02
-4.3067135620e+02
-4.5165612793e+02
-4.3967398071e+02
-3.7465411377e+02
-4.3067135620e+02
-4.5165612793e+02
-4.3967398071e+02
-3.7382217407e+02
-4.2996041870e+02
-4.5109686279e+02
-4.3923995972e+02
-3.7253442383e+02
-4.2863354492e+02
-4.4969308472e+02
-4.3781146240e+02
-3.7008856201e+02
-4.2660842896e+02
-4.4817251587e+02
-4.3668081665e+02
-3.6783847046e+02
-4.2423538208e+02
-4.4551748657e+02
-4.3383425903e+02
-3.6399108887e+02
-4.2135443115e+02
-4.4364202881e+02
-4.3258419800e+02
-3.6155819702e+02
-4.1886639404e+02
-4.4042779541e+02
-4.2852804565e+02
-3.5725485229e+02
-4.1686199951e+02
-4.4002355957e+02
-4.2834243774e+02
-3.5627340698e+02
-4.1802676392e+02
-4.4006954956e+02
-4.2491763306e+02
-3.5650738525e+02
-4.2513290405e+02
-4.4855493164e+02
-4.2882385254e+02
-3.6316070557e+02
-4.4977566528e+02
-4.7241891479e+02
-4.3444219971e+02
-3.9244598389e+02
-5.1050292969e+02
-5.3231494141e+02
-4.6390768433e+02
-7.6842669678e+02
-6.3094781494e+02
-4.0312881470e+02
-8.1087867737e+01
-7.4071563721e+02
-5.7224829102e+02
-3.4357421875e+02
-5.2535449982e+01
-7.3572460938e+02
-5.4889312744e+02
-3.1951852417e+02
-4.6394737244e+01
-7.3381292725e+02
-5.4206549072e+02
-3.1347683716e+02
-4.6631919861e+01
-7.3705145264e+02
-5.4171203613e+02
-3.1216723633e+02
-4.7703807831e+01
-7.3911108398e+02
-5.4368048096e+02
-3.1520175171e+02
-5.2482315063e+01
-7.4317846680e+02
-5.4671966553e+02
-3.1747781372e+02
-5.4739570618e+01
-7.4564349365e+02
-5.4957452393e+02
-3.2101373291e+02
-5.8914531708e+01
-7.4869323730e+02
-5.5226715088e+02
-3.2330529785e+02
-6.0999015808e+01
-7.5048919678e+02
-5.5430004883e+02
-3.2566122437e+02
-6.3599391937e+01
-7.5207781982e+02
-5.5576971436e+02
-3.2697128296e+02
-6.4800933838e+01
-7.5272430420e+02
-5.5648809814e+02
-3.2778164673e+02
-6.5675148010e+01
-7.5272430420e+02
-5.5648809814e+02
-3.2778164673e+02
-6.5675148010e+01
-7.5207781982e+02
-5.5576971436e+02
-3.2697128296e+02
-6.4800933838e+01
-7.5048919678e+02
-5.5430004883e+02
-3.2566122437e+02
-6.3599391937e+01
-7.4869323730e+02
-5.5226715088e+02
-3.2330529785e+02
-6.0999015808e+01
-7.4564349365e+02
-5.4957452393e+02
-3.2101373291e+02
-5.8914531708e+01
-7.4317846680e+02
-5.4671966553e+02
-3.1747781372e+02
-5.4739570618e+01
-7.3911108398e+02
-5.4368048096e+02
-3.1520175171e+02
-5.2482315063e+01
-7.3705145264e+02
-5.4171203613e+02
-3.1216723633e+02
-4.7703807831e+01
-7.3381292725e+02
-5.4206549072e+02
-3.1347683716e+02
-4.6631919861e+01
-7.3572460938e+02
-5.4889312744e+02
-3.1951852417e+02
-4.6394737244e+01
-7.4071563721e+02
-5.7224829102e+02
-3.4357421875e+02
-5.2535449982e+01
-7.6842669678e+02
-6.3094781494e+02
-4.0312881470e+02
-8.1087867737e+01
-1.1329310303e+03
-7.4126556396e+02
-2.6214923096e+02
3.0466558838e+02
-1.1101413574e+03
-6.8774865723e+02
-2.0777301025e+02
3.3063104248e+02
-1.1070632324e+03
-6.6754101562e+02
-1.8775538635e+02
3.3309451294e+02
-1.1081488037e+03
-6.6317565918e+02
-1.8320585632e+02
3.3226705933e+02
-1.1109378662e+03
-6.6421557617e+02
-1.8543107605e+02
3.2631726074e+02
-1.1155634766e+03
-6.6778112793e+02
-1.8870191956e+02
3.2218502808e+02
-1.1189353027e+03
-6.7164025879e+02
-1.9363032532e+02
3.1599075317e+02
-1.1230311279e+03
-6.7553430176e+02
-1.9733763123e+02
3.1217349243e+02
-1.1257351074e+03
-6.7874609375e+02
-2.0119511414e+02
3.0774655151e+02
-1.1283524170e+03
-6.8135931396e+02
-2.0374557495e+02
3.0517419434e+02
-1.1298287354e+03
-6.8308892822e+02
-2.0576249695e+02
3.0292276001e+02
-1.1307204590e+03
-6.8399334717e+02
-2.0665589905e+02
3.0202169800e+02
-1.1307204590e+03
-6.8399334717e+02
-2.0665589905e+02
3.0202169800e+02
-1.1298287354e+03
-6.8308892822e+02
-2.0576249695e+02
3.0292276001e+02
-1.1283524170e+03
-6.8135931396e+02
-2.0374557495e+02
3.0517419434e+02
-1.1257351074e+03
-6.7874609375e+02
-2.0119511414e+02
3.0774655151e+02
-1.1230311279e+03
-6.7553430176e+02
-1.9733763123e+02
3.1217349243e+02
-1.1189353027e+03
-6.7164025879e+02
-1.9363032532e+02
3.1599075317e+02
-1.1155634766e+03
-6.6778112793e+02
-1.8870191956e+02
3.2218502808e+02
-1.1109378662e+03
-6.6421557617e+02
-1.8543107605e+02
3.2631726074e+02
-1.1081488037e+03
-6.6317565918e+02
-1.8320585632e+02
3.3226705933e+02
-1.1070632324e+03
-6.6754101562e+02
-1.8775538635e+02
3.3309451294e+02
-1.1101413574e+03
-6.8774865723e+02
-2.0777301025e+02
3.3063104248e+02
-1.1329310303e+03
-7.4126556396e+02
-2.6214923096e+02
3.0466558838e+02
-1.4838665771e+03
-8.3785302734e+02
-1.1466351318e+02
6.9041601562e+02
-1.4682808838e+03
-7.9364379883e+02
-6.8296752930e+01
7.1045654297e+02
-1.4698459473e+03
-7.7926239014e+02
-5.3463993073e+01
7.0911450195e+02
-1.4732111816e+03
-7.7860345459e+02
-5.3648410797e+01
7.0301342773e+02
-1.4795485840e+03
-7.8277777100e+02
-5.7996620178e+01
6.9563702393e+02
-1.4848117676e+03
-7.8841845703e+02
-6.4919853210e+01
6.8671667480e+02
-1.4908164062e+03
-7.9430621338e+02
-7.0935295105e+01
6.7999420166e+02
-1.4952279053e+03
-7.9950012207e+02
-7.7103584290e+01
6.7285815430e+02
-1.4995197754e+03
-8.0395904541e+02
-8.1681419373e+01
6.6801837158e+02
-1.5023713379e+03
-8.0731542969e+02
-8.5587562561e+01
6.6362933350e+02
-1.5045709229e+03
-8.0963873291e+02
-8.7989509583e+01
6.6111242676e+02
-1.5055531006e+03
-8.1078686523e+02
-8.9311790466e+01
6.5964166260e+02
-1.5055531006e+03
-8.1078686523e+02
-8.9311790466e+01
6.5964166260e+02
-1.5045709229e+03
-8.0963873291e+02
-8.7989509583e+01
6.6111242676e+02
-1.5023713379e+03
-8.0731542969e+02
-8.5587562561e+01
6.6362933350e+02
-1.4995197754e+03
-8.0395904541e+02
-8.1681419373e+01
6.6801837158e+02
-1.4952279053e+03
-7.9950012207e+02
-7.7103584290e+01
6.7285815430e+02
-1.4908164062e+03
-7.9430621338e+02
-7.0935295105e+01
6.7999420166e+02
-1.4848117676e+03
-7.8841845703e+02
-6.4919853210e+01
6.8671667480e+02
-1.4795485840e+03
-7.8277777100e+02
-5.7996620178e+01
6.9563702393e+02
-1.4732111816e+03
-7.7860345459e+02
-5.3648410797e+01
7.0301342773e+02
-1.4698459473e+03
-7.7926239014e+02
-5.3463993073e+01
7.0911450195e+02
-1.4682808838e+03
-7.9364379883e+02
-6.8296752930e+01
7.1045654297e+02
-1.4838665771e+03
-8.3785302734e+02
-1.1466351318e+02
6.9041601562e+02
-1.8170576172e+03
-9.2260479736e+02
3.8325382233e+01
1.0703541260e+03
-1.8109975586e+03
-8.9030297852e+02
7.3099700928e+01
1.0825443115e+03
-1.8181162109e+03
-8.8342443848e+02
8.0155464172e+01
1.0749791260e+03
-1.8264998779e+03
-8.8804827881e+02
7.5063644409e+01
1.0648192139e+03
-1.8353897705e+03
-8.9599523926e+02
6.5795288086e+01
1.0519862061e+03
-1.8443510742e+03
-9.0490124512e+02
5.6336322784e+01
1.0411021729e+03
-1.8517105713e+03
-9.1312530518e+02
4.6837844849e+01
1.0301401367e+03
-1.8586336670e+03
-9.2043438721e+02
3.9147384644e+01
1.0218767700e+03
-1.8637635498e+03
-9.2633148193e+02
3.2404930115e+01
1.0143639526e+03
-1.8680168457e+03
-9.3088702393e+02
2.7609764099e+01
1.0092855225e+03
-1.8706446533e+03
-9.3390563965e+02
2.4187837601e+01
1.0055159912e+03
-1.8720728760e+03
-9.3544226074e+02
2.2567859650e+01
1.0038052368e+03
-1.8720728760e+03
-9.3544226074e+02
2.2567859650e+01
1.0038052368e+03
-1.8706446533e+03
-9.3390563965e+02
2.4187837601e+01
1.0055159912e+03
-1.8680168457e+03
-9.3088702393e+02
2.7609764099e+01
1.0092855225e+03
-1.8637635498e+03
-9.2633148193e+02
3.2404930115e+01
1.0143639526e+03
-1.8586336670e+03
-9.2043438721e+02
3.9147384644e+01
1.0218767700e+03
-1.8517105713e+03
-9.1312530518e+02
4.6837844849e+01
1.0301401367e+03
-1.8443510742e+03
-9.0490124512e+02
5.6336322784e+01
1.0411021729e+03
-1.8353897705e+03
-8.9599523926e+02
6.5795288086e+01
1.0519862061e+03
-1.8264998779e+03
-8.8804827881e+02
7.5063644409e+01
1.0648192139e+03
-1.8181162109e+03
-8.8342443848e+02
8.0155464172e+01
1.0749791260e+03
-1.8109975586e+03
-8.9030297852e+02
7.3099700928e+01
1.0825443115e+03
-1.8170576172e+03
-9.2260479736e+02
3.8325382233e+01
1.0703541260e+03
-2.1293508301e+03
-9.9461914062e+02
1.9219651794e+02
1.4384903564e+03
-2.1344328613e+03
-9.7684173584e+02
2.1346957397e+02
1.4408806152e+03
-2.1486271973e+03
-9.7912841797e+02
2.1164741516e+02
1.4266068115e+03
-2.1620380859e+03
-9.8994573975e+02
1.9989080811e+02
1.4099707031e+03
-2.1757631836e+03
-1.0027904663e+03
1.8622154236e+02
1.3933355713e+03
-2.1874931641e+03
-1.0153414307e+03
1.7224816895e+02
1.3773874512e+03
-2.1983503418e+03
-1.0267204590e+03
1.6018640137e+02
1.3642745361e+03
-2.2069609375e+03
-1.0363375244e+03
1.4946826172e+02
1.3524824219e+03
-2.2143100586e+03
-1.0441873779e+03
1.4117773438e+02
1.3436850586e+03
-2.2195385742e+03
-1.0500522461e+03
1.3466938782e+02
1.3366071777e+03
-2.2232258301e+03
-1.0540079346e+03
1.3049388123e+02
1.3322031250e+03
-2.2249787598e+03
-1.0559709473e+03
1.2832286072e+02
1.3298525391e+03
-2.2249787598e+03
-1.0559709473e+03
1.2832286072e+02
1.3298525391e+03
-2.2232258301e+03
-1.0540079346e+03
1.3049388123e+02
1.3322031250e+03
-2.2195385742e+03
-1.0500522461e+03
1.3466938782e+02
1.3366071777e+03
-2.2143100586e+03
-1.0441873779e+03
1.4117773438e+02
1.3436850586e+03
-2.2069609375e+03
-1.0363375244e+03
1.4946826172e+02
1.3524824219e+03
-2.1983503418e+03
-1.0267204590e+03
1.6018640137e+02
1.3642745361e+03
-2.1874931641e+03
-1.0153414307e+03
1.7224816895e+02
1.3773874512e+03
-2.1757631836e+03
-1.0027904663e+03
1.8622154236e+02
1.3933355713e+03
-2.1620380859e+03
-9.8994573975e+02
1.9989080811e+02
1.4099707031e+03
-2.1486271973e+03
-9.7912841797e+02
2.1164741516e+02
1.4266068115e+03
-2.1344328613e+03
-9.7684173584e+02
2.1346957397e+02
1.4408806152e+03
-2.1293508301e+03
-9.9461914062e+02
1.9219651794e+02
1.4384903564e+03
-2.4164521484e+03
-1.0551937256e+03
3.4322998047e+02
1.7875037842e+03
-2.4336835938e+03
-1.0531529541e+03
3.4926538086e+02
1.7789998779e+03
-2.4555290527e+03
-1.0654497070e+03
3.3742871094e+02
1.7569331055e+03
-2.4753195801e+03
-1.0832423096e+03
3.1887542725e+02
1.7343880615e+03
-2.4934294434e+03
-1.1012958984e+03
2.9945004272e+02
1.7119539795e+03
-2.5096345215e+03
-1.1181315918e+03
2.8162286377e+02
1.6925860596e+03
-2.5232080078e+03
-1.1327850342e+03
2.6566088867e+02
1.6752036133e+03
-2.5348850098e+03
-1.1451739502e+03
2.5260020447e+02
1.6613885498e+03
-2.5439003906e+03
-1.1550374756e+03
2.4186506653e+02
1.6498663330e+03
-2.5508942871e+03
-1.1624787598e+03
2.3404237366e+02
1.6416611328e+03
-2.5553945312e+03
-1.1674034424e+03
2.2869865417e+02
1.6359573975e+03
-2.5577202148e+03
-1.1698785400e+03
2.2609927368e+02
1.6332379150e+03
-2.5577202148e+03
-1.1698785400e+03
2.2609927368e+02
1.6332379150e+03
-2.5553945312e+03
-1.1674034424e+03
2.2869865417e+02
1.6359573975e+03
-2.5508942871e+03
-1.1624787598e+03
2.3404237366e+02
1.6416611328e+03
-2.5439003906e+03
-1.1550374756e+03
2.4186506653e+02
1.6498663330e+03
-2.5348850098e+03
-1.1451739502e+03
2.5260020447e+02
1.6613885498e+03
-2.5232080078e+03
-1.1327850342e+03
2.6566088867e+02
1.6752036133e+03
-2.5096345215e+03
-1.1181315918e+03
2.8162286377e+02
1.6925860596e+03
-2.4934294434e+03
-1.1012958984e+03
2.9945004272e+02
1.7119539795e+03
-2.4753195801e+03
-1.0832423096e+03
3.1887542725e+02
1.7343880615e+03
-2.4555290527e+03
-1.0654497070e+03
3.3742871094e+02
1.7569331055e+03
-2.4336835938e+03
-1.0531529541e+03
3.4926538086e+02
1.7789998779e+03
-2.4164521484e+03
-1.0551937256e+03
3.4322998047e+02
1.7875037842e+03
-2.6742407227e+03
-1.1046169434e+03
4.8623333740e+02
2.1092817383e+03
-2.7039465332e+03
-1.1189101562e+03
4.7675976562e+02
2.0894479980e+03
-2.7338239746e+03
-1.1415878906e+03
4.5470065308e+02
2.0595959473e+03
-2.7598310547e+03
-1.1665324707e+03
4.2882174683e+02
2.0302819824e+03
-2.7833088379e+03
-1.1901577148e+03
4.0411050415e+02
2.0031285400e+03
-2.8033327637e+03
-1.2112818604e+03
3.8158264160e+02
1.9788858643e+03
-2.8207287598e+03
-1.2295224609e+03
3.6243405151e+02
1.9586556396e+03
-2.8348237305e+03
-1.2446423340e+03
3.4626629639e+02
1.9415021973e+03
-2.8462985840e+03
-1.2567299805e+03
3.3362741089e+02
1.9283120117e+03
-2.8546723633e+03
-1.2657191162e+03
3.2403555298e+02
1.9181972656e+03
-2.8603662109e+03
-1.2717136230e+03
3.1778387451e+02
1.9117030029e+03
-2.8631445312e+03
-1.2746920166e+03
3.1461221313e+02
1.9083676758e+03
-2.8631445312e+03
-1.2746920166e+03
3.1461221313e+02
1.9083676758e+03
-2.8603662109e+03
-1.2717136230e+03
3.1778387451e+02
1.9117030029e+03
-2.8546723633e+03
-1.2657191162e+03
3.2403555298e+02
1.9181972656e+03
-2.8462985840e+03
-1.2567299805e+03
3.3362741089e+02
1.9283120117e+03
-2.8348237305e+03
-1.2446423340e+03
3.4626629639e+02
1.9415021973e+03
-2.8207287598e+03
-1.2295224609e+03
3.6243405151e+02
1.9586556396e+03
-2.8033327637e+03
-1.2112818604e+03
3.8158264160e+02
1.9788858643e+03
-2.7833088379e+03
-1.1901577148e+03
4.0411050415e+02
2.0031285400e+03
-2.7598310547e+03
-1.1665324707e+03
4.2882174683e+02
2.0302819824e+03
-2.7338239746e+03
-1.1415878906e+03
4.5470065308e+02
2.0595959473e+03
-2.7039465332e+03
-1.1189101562e+03
4.7675976562e+02
2.0894479980e+03
-2.6742407227e+03
-1.1046169434e+03
4.8623333740e+02
2.1092817383e+03
-2.8981511230e+03
-1.1440302734e+03
6.1624127197e+02
2.3952819824e+03
-2.9397990723e+03
-1.1739577637e+03
5.9165655518e+02
2.3644130859e+03
-2.9774338379e+03
-1.2066370850e+03
5.5968804932e+02
2.3269106445e+03
-3.0098132324e+03
-1.2385614014e+03
5.2695629883e+02
2.2915808105e+03
-3.0380693359e+03
-1.2674842529e+03
4.9674636841e+02
2.2591303711e+03
-3.0624970703e+03
-1.2928972168e+03
4.7022131348e+02
2.2312441406e+03
-3.0829975586e+03
-1.3144932861e+03
4.4744223022e+02
2.2072639160e+03
-3.1001086426e+03
-1.3323859863e+03
4.2882333374e+02
2.1879223633e+03
-3.1135029297e+03
-1.3465384521e+03
4.1391564941e+02
2.1723488770e+03
-3.1236318359e+03
-1.3571059570e+03
4.0296292114e+02
2.1610400391e+03
-3.1302558594e+03
-1.3640927734e+03
3.9562280273e+02
2.1534028320e+03
-3.1336083984e+03
-1.3675842285e+03
3.9201162720e+02
2.1496840820e+03
-3.1336083984e+03
-1.3675842285e+03
3.9201162720e+02
2.1496840820e+03
-3.1302558594e+03
-1.3640927734e+03
3.9562280273e+02
2.1534028320e+03
-3.1236318359e+03
-1.3571059570e+03
4.0296292114e+02
2.1610400391e+03
-3.1135029297e+03
-1.3465384521e+03
4.1391564941e+02
2.1723488770e+03
-3.1001086426e+03
-1.3323859863e+03
4.2882333374e+02
2.1879223633e+03
-3.0829975586e+03
-1.3144932861e+03
4.4744223022e+02
2.2072639160e+03
-3.0624970703e+03
-1.2928972168e+03
4.7022131348e+02
2.2312441406e+03
-3.0380693359e+03
-1.2674842529e+03
4.9674636841e+02
2.2591303711e+03
-3.0098132324e+03
-1.2385614014e+03
5.2695629883e+02
2.2915808105e+03
-2.9774338379e+03
-1.2066370850e+03
5.5968804932e+02
2.3269106445e+03
-2.9397990723e+03
-1.1739577637e+03
5.9165655518e+02
2.3644130859e+03
-2.8981511230e+03
-1.1440302734e+03
6.1624127197e+02
2.3952819824e+03
-3.0838220215e+03
-1.1741364746e+03
7.2794299316e+02
2.6368845215e+03
-3.1362058105e+03
-1.2181420898e+03
6.8989257812e+02
2.5961013184e+03
-3.1808508301e+03
-1.2598182373e+03
6.4903460693e+02
2.5518017578e+03
-3.2188291016e+03
-1.2979987793e+03
6.1002215576e+02
2.5107907715e+03
-3.2517656250e+03
-1.3317769775e+03
5.7514837646e+02
2.4741499023e+03
-3.2797802734e+03
-1.3609776611e+03
5.4469030762e+02
2.4423454590e+03
-3.3035903320e+03
-1.3857003174e+03
5.1906109619e+02
2.4157800293e+03
-3.3230161133e+03
-1.4060124512e+03
4.9787310791e+02
2.3938020020e+03
-3.3385478516e+03
-1.4221041260e+03
4.8126559448e+02
2.3767192383e+03
-3.3499980469e+03
-1.4340426025e+03
4.6885046387e+02
2.3639025879e+03
-3.3576667480e+03
-1.4419627686e+03
4.6070571899e+02
2.3555605469e+03
-3.3614511719e+03
-1.4458997803e+03
4.5662072754e+02
2.3513542480e+03
-3.3614511719e+03
-1.4458997803e+03
4.5662072754e+02
2.3513542480e+03
-3.3576667480e+03
-1.4419627686e+03
4.6070571899e+02
2.3555605469e+03
-3.3499980469e+03
-1.4340426025e+03
4.6885046387e+02
2.3639025879e+03
-3.3385478516e+03
-1.4221041260e+03
4.8126559448e+02
2.3767192383e+03
-3.3230161133e+03
-1.4060124512e+03
4.9787310791e+02
2.3938020020e+03
-3.3035903320e+03
-1.3857003174e+03
5.1906109619e+02
2.4157800293e+03
-3.2797802734e+03
-1.3609776611e+03
5.4469030762e+02
2.4423454590e+03
-3.2517656250e+03
-1.3317769775e+03
5.7514837646e+02
2.4741499023e+03
-3.2188291016e+03
-1.2979987793e+03
6.1002215576e+02
2.5107907715e+03
-3.1808508301e+03
-1.2598182373e+03
6.4903460693e+02
2.5518017578e+03
-3.1362058105e+03
-1.2181420898e+03
6.8989257812e+02
2.5961013184e+03
-3.0838220215e+03
-1.1741364746e+03
7.2794299316e+02
2.6368845215e+03
-3.2271708984e+03
-1.1958931885e+03
8.1662866211e+02
2.8261787109e+03
-3.2882863770e+03
-1.2513641357e+03
7.6750573730e+02
2.7772238770e+03
-3.3386940918e+03
-1.3004038086e+03
7.1937774658e+02
2.7273237305e+03
-3.3814008789e+03
-1.3437377930e+03
6.7530645752e+02
2.6818649902e+03
-3.4180021973e+03
-1.3814562988e+03
6.3645495605e+02
2.6414750977e+03
-3.4492734375e+03
-1.4138283691e+03
6.0301507568e+02
2.6069367676e+03
-3.4755153809e+03
-1.4410570068e+03
5.7479650879e+02
2.5777790527e+03
-3.4971684570e+03
-1.4634185791e+03
5.5177197266e+02
2.5541477051e+03
-3.5142136230e+03
-1.4810529785e+03
5.3355352783e+02
2.5354291992e+03
-3.5269653320e+03
-1.4941583252e+03
5.2012255859e+02
2.5217170410e+03
-3.5353662109e+03
-1.5028194580e+03
5.1120471191e+02
2.5125900879e+03
-3.5395781250e+03
-1.5071357422e+03
5.0679296875e+02
2.5080983887e+03
-3.5395781250e+03
-1.5071357422e+03
5.0679296875e+02
2.5080983887e+03
-3.5353662109e+03
-1.5028194580e+03
5.1120471191e+02
2.5125900879e+03
-3.5269653320e+03
-1.4941583252e+03
5.2012255859e+02
2.5217170410e+03
-3.5142136230e+03
-1.4810529785e+03
5.3355352783e+02
2.5354291992e+03
-3.4971684570e+03
-1.4634185791e+03
5.5177197266e+02
2.5541477051e+03
-3.4755153809e+03
-1.4410570068e+03
5.7479650879e+02
2.5777790527e+03
-3.4492734375e+03
-1.4138283691e+03
6.0301507568e+02
2.6069367676e+03
-3.4180021973e+03
-1.3814562988e+03
6.3645495605e+02
2.6414750977e+03
-3.3814008789e+03
-1.3437377930e+03
6.7530645752e+02
2.6818649902e+03
-3.3386940918e+03
-1.3004038086e+03
7.1937774658e+02
2.7273237305e+03
-3.2882863770e+03
-1.2513641357e+03
7.6750573730e+02
2.7772238770e+03
-3.2271708984e+03
-1.1958931885e+03
8.1662866211e+02
2.8261787109e+03
-3.3248029785e+03
-1.2099368896e+03
8.7819390869e+02
2.9564411621e+03
-3.3921250000e+03
-1.2735471191e+03
8.2126550293e+02
2.9017089844e+03
-3.4466230469e+03
-1.3278066406e+03
7.6797814941e+02
2.8478552246e+03
-3.4926398926e+03
-1.3747878418e+03
7.2027832031e+02
2.7991447754e+03
-3.5319797363e+03
-1.4153347168e+03
6.7870483398e+02
2.7563073730e+03
-3.5654111328e+03
-1.4499256592e+03
6.4301739502e+02
2.7195734863e+03
-3.5935847168e+03
-1.4789760742e+03
6.1312634277e+02
2.6888935547e+03
-3.6166445312e+03
-1.5027572021e+03
5.8864410400e+02
2.6638017578e+03
-3.6349384766e+03
-1.5215214844e+03
5.6942846680e+02
2.6441953125e+03
-3.6484943848e+03
-1.5354310303e+03
5.5516900635e+02
2.6296499023e+03
-3.6575075684e+03
-1.5446361084e+03
5.4578057861e+02
2.6201105957e+03
-3.6619819336e+03
-1.5492137451e+03
5.4110034180e+02
2.6153493652e+03
-3.6619819336e+03
-1.5492137451e+03
5.4110034180e+02
2.6153493652e+03
-3.6575075684e+03
-1.5446361084e+03
5.4578057861e+02
2.6201105957e+03
-3.6484943848e+03
-1.5354310303e+03
5.5516900635e+02
2.6296499023e+03
-3.6349384766e+03
-1.5215214844e+03
5.6942846680e+02
2.6441953125e+03
-3.6166445312e+03
-1.5027572021e+03
5.8864410400e+02
2.6638017578e+03
-3.5935847168e+03
-1.4789760742e+03
6.1312634277e+02
2.6888935547e+03
-3.5654111328e+03
-1.4499256592e+03
6.4301739502e+02
2.7195734863e+03
-3.5319797363e+03
-1.4153347168e+03
6.7870483398e+02
2.7563073730e+03
-3.4926398926e+03
-1.3747878418e+03
7.2027832031e+02
2.7991447754e+03
-3.4466230469e+03
-1.3278066406e+03
7.6797814941e+02
2.8478552246e+03
-3.3921250000e+03
-1.2735471191e+03
8.2126550293e+02
2.9017089844e+03
-3.3248029785e+03
-1.2099368896e+03
8.7819390869e+02
2.9564411621e+03
-3.3742629395e+03
-1.2168327637e+03
9.0975408936e+02
3.0228496094e+03
-3.4447873535e+03
-1.2846503906e+03
8.4876422119e+02
2.9651059570e+03
-3.5014143066e+03
-1.3416174316e+03
7.9280706787e+02
2.9091962891e+03
-3.5491794434e+03
-1.3904971924e+03
7.4324560547e+02
2.8588491211e+03
-3.5898911133e+03
-1.4325000000e+03
7.0021881104e+02
2.8146545410e+03
-3.6245258789e+03
-1.4682603760e+03
6.6343011475e+02
2.7769099121e+03
-3.6536176758e+03
-1.4982384033e+03
6.3259893799e+02
2.7453022461e+03
-3.6775002441e+03
-1.5227750244e+03
6.0743725586e+02
2.7195976562e+03
-3.6963674316e+03
-1.5421105957e+03
5.8763824463e+02
2.6994079590e+03
-3.7104047852e+03
-1.5564503174e+03
5.7300354004e+02
2.6845314941e+03
-3.7196950684e+03
-1.5659295654e+03
5.6333526611e+02
2.6747126465e+03
-3.7243278809e+03
-1.5706470947e+03
5.5853454590e+02
2.6698464355e+03
-3.7243278809e+03
-1.5706470947e+03
5.5853454590e+02
2.6698464355e+03
-3.7196950684e+03
-1.5659295654e+03
5.6333526611e+02
2.6747126465e+03
-3.7104047852e+03
-1.5564503174e+03
5.7300354004e+02
2.6845314941e+03
-3.6963674316e+03
-1.5421105957e+03
5.8763824463e+02
2.6994079590e+03
-3.6775002441e+03
-1.5227750244e+03
6.0743725586e+02
2.7195976562e+03
-3.6536176758e+03
-1.4982384033e+03
6.3259893799e+02
2.7453022461e+03
-3.6245258789e+03
-1.4682603760e+03
6.6343011475e+02
2.7769099121e+03
-3.5898911133e+03
-1.4325000000e+03
7.0021881104e+02
2.8146545410e+03
-3.5491794434e+03
-1.3904971924e+03
7.4324560547e+02
2.8588491211e+03
-3.5014143066e+03
-1.3416174316e+03
7.9280706787e+02
2.9091962891e+03
-3.4447873535e+03
-1.2846503906e+03
8.4876422119e+02
2.9651059570e+03
-3.3742629395e+03
-1.2168327637e+03
9.0975408936e+02
3.0228496094e+03
-3.3742629395e+03
-1.2168327637e+03
9.0975408936e+02
3.0228496094e+03
-3.4447873535e+03
-1.2846503906e+03
8.4876422119e+02
2.9651059570e+03
-3.5014143066e+03
-1.3416174316e+03
7.9280706787e+02
2.9091962891e+03
-3.5491794434e+03
-1.3904971924e+03
7.4324560547e+02
2.8588491211e+03
-3.5898911133e+03
-1.4325000000e+03
7.0021881104e+02
2.8146545410e+03
-3.6245258789e+03
-1.4682603760e+03
6.6343011475e+02
2.7769099121e+03
-3.6536176758e+03
-1.4982384033e+03
6.3259893799e+02
2.7453022461e+03
-3.6775002441e+03
-1.5227750244e+03
6.0743725586e+02
2.7195976562e+03
-3.6963674316e+03
-1.5421105957e+03
5.8763824463e+02
2.6994079590e+03
-3.7104047852e+03
-1.5564503174e+03
5.7300354004e+02
2.6845314941e+03
-3.7196950684e+03
-1.5659295654e+03
5.6333526611e+02
2.6747126465e+03
-3.7243278809e+03
-1.5706470947e+03
5.5853454590e+02
2.6698464355e+03
-3.7243278809e+03
-1.5706470947e+03
5.5853454590e+02
2.6698464355e+03
-3.7196950684e+03
-1.5659295654e+03
5.6333526611e+02
2.6747126465e+03
-3.7104047852e+03
-1.5564503174e+03
5.7300354004e+02
2.6845314941e+03
-3.6963674316e+03
-1.5421105957e+03
5.8763824463e+02
2.6994079590e+03
-3.6775002441e+03
-1.5227750244e+03
6.0743725586e+02
2.7195976562e+03
-3.6536176758e+03
-1.4982384033e+03
6.3259893799e+02
2.7453022461e+03
-3.6245258789e+03
-1.4682603760e+03
6.6343011475e+02
2.7769099121e+03
-3.5898911133e+03
-1.4325000000e+03
7.0021881104e+02
2.8146545410e+03
-3.5491794434e+03
-1.3904971924e+03
7.4324560547e+02
2.8588491211e+03
-3.5014143066e+03
-1.3416174316e+03
7.9280706787e+02
2.9091962891e+03
-3.4447873535e+03
-1.2846503906e+03
8.4876422119e+02
2.9651059570e+03
-3.3742629395e+03
-1.2168327637e+03
9.0975408936e+02
3.0228496094e+03
-3.3248029785e+03
-1.2099368896e+03
8.7819390869e+02
2.9564411621e+03
-3.3921250000e+03
-1.2735471191e+03
8.2126550293e+02
2.9017089844e+03
-3.4466230469e+03
-1.3278066406e+03
7.6797814941e+02
2.8478552246e+03
-3.4926398926e+03
-1.3747878418e+03
7.2027832031e+02
2.7991447754e+03
-3.5319797363e+03
-1.4153347168e+03
6.7870483398e+02
2.7563073730e+03
-3.5654111328e+03
-1.4499256592e+03
6.4301739502e+02
2.7195734863e+03
-3.5935847168e+03
-1.4789760742e+03
6.1312634277e+02
2.6888935547e+03
-3.6166445312e+03
-1.5027572021e+03
5.8864410400e+02
2.6638017578e+03
-3.6349384766e+03
-1.5215214844e+03
5.6942846680e+02
2.6441953125e+03
-3.6484943848e+03
-1.5354310303e+03
5.5516900635e+02
2.6296499023e+03
-3.6575075684e+03
-1.5446361084e+03
5.4578057861e+02
2.6201105957e+03
-3.6619819336e+03
-1.5492137451e+03
5.4110034180e+02
2.6153493652e+03
-3.6619819336e+03
-1.5492137451e+03
5.4110034180e+02
2.6153493652e+03
-3.6575075684e+03
-1.5446361084e+03
5.4578057861e+02
2.6201105957e+03
-3.6484943848e+03
-1.5354310303e+03
5.5516900635e+02
2.6296499023e+03
-3.6349384766e+03
-1.5215214844e+03
5.6942846680e+02
2.6441953125e+03
-3.6166445312e+03
-1.5027572021e+03
5.8864410400e+02
2.6638017578e+03
-3.5935847168e+03
-1.4789760742e+03
6.1312634277e+02
2.6888935547e+03
-3.5654111328e+03
-1.4499256592e+03
6.4301739502e+02
2.7195734863e+03
-3.5319797363e+03
-1.4153347168e+03
6.7870483398e+02
2.7563073730e+03
-3.4926398926e+03
-1.3747878418e+03
7.2027832031e+02
2.7991447754e+03
-3.4466230469e+03
-1.3278066406e+03
7.6797814941e+02
2.8478552246e+03
-3.3921250000e+03
-1.2735471191e+03
8.2126550293e+02
2.9017089844e+03
-3.3248029785e+03
-1.2099368896e+03
8.7819390869e+02
2.9564411621e+03
-3.2271708984e+03
-1.1958931885e+03
8.1662866211e+02
2.8261787109e+03
-3.2882863770e+03
-1.2513641357e+03
7.6750573730e+02
2.7772238770e+03
-3.3386940918e+03
-1.3004038086e+03
7.1937774658e+02
2.7273237305e+03
-3.3814008789e+03
-1.3437377930e+03
6.7530645752e+02
2.6818649902e+03
-3.4180021973e+03
-1.3814562988e+03
6.3645495605e+02
2.6414750977e+03
-3.4492734375e+03
-1.4138283691e+03
6.0301507568e+02
2.6069367676e+03
-3.4755153809e+03
-1.4410570068e+03
5.7479650879e+02
2.5777790527e+03
-3.4971684570e+03
-1.4634185791e+03
5.5177197266e+02
2.5541477051e+03
-3.5142136230e+03
-1.4810529785e+03
5.3355352783e+02
2.5354291992e+03
-3.5269653320e+03
-1.4941583252e+03
5.2012255859e+02
2.5217170410e+03
-3.5353662109e+03
-1.5028194580e+03
5.1120471191e+02
2.5125900879e+03
-3.5395781250e+03
-1.5071357422e+03
5.0679299927e+02
2.5080983887e+03
-3.5395781250e+03
-1.5071357422e+03
5.0679299927e+02
2.5080983887e+03
-3.5353662109e+03
-1.5028194580e+03
5.1120471191e+02
2.5125900879e+03
-3.5269653320e+03
-1.4941583252e+03
5.2012255859e+02
2.5217170410e+03
-3.5142136230e+03
-1.4810529785e+03
5.3355352783e+02
2.5354291992e+03
-3.4971684570e+03
-1.4634185791e+03
5.5177197266e+02
2.5541477051e+03
-3.4755153809e+03
-1.4410570068e+03
5.7479650879e+02
2.5777790527e+03
-3.4492734375e+03
-1.4138283691e+03
6.0301507568e+02
2.6069367676e+03
-3.4180021973e+03
-1.3814562988e+03
6.3645495605e+02
2.6414750977e+03
-3.3814008789e+03
-1.3437377930e+03
6.7530645752e+02
2.6818649902e+03
-3.3386940918e+03
-1.3004038086e+03
7.1937774658e+02
2.7273237305e+03
-3.2882863770e+03
-1.2513641357e+03
7.6750573730e+02
2.7772238770e+03
-3.2271708984e+03
-1.1958931885e+03
8.1662866211e+02
2.8261787109e+03
-3.0838220215e+03
-1.1741364746e+03
7.2794299316e+02
2.6368845215e+03
-3.1362058105e+03
-1.2181420898e+03
6.8989257812e+02
2.5961013184e+03
-3.1808508301e+03
-1.2598182373e+03
6.4903460693e+02
2.5518017578e+03
-3.2188291016e+03
-1.2979987793e+03
6.1002215576e+02
2.5107907715e+03
-3.2517656250e+03
-1.3317769775e+03
5.7514837646e+02
2.4741499023e+03
-3.2797805176e+03
-1.3609776611e+03
5.4469030762e+02
2.4423454590e+03
-3.3035903320e+03
-1.3857003174e+03
5.1906109619e+02
2.4157800293e+03
-3.3230161133e+03
-1.4060124512e+03
4.9787310791e+02
2.3938020020e+03
-3.3385478516e+03
-1.4221041260e+03
4.8126559448e+02
2.3767192383e+03
-3.3499980469e+03
-1.4340426025e+03
4.6885046387e+02
2.3639025879e+03
-3.3576667480e+03
-1.4419627686e+03
4.6070571899e+02
2.3555605469e+03
-3.3614511719e+03
-1.4458997803e+03
4.5662072754e+02
2.3513542480e+03
-3.3614511719e+03
-1.4458997803e+03
4.5662072754e+02
2.3513542480e+03
-3.3576667480e+03
-1.4419627686e+03
4.6070571899e+02
2.3555605469e+03
-3.3499980469e+03
-1.4340426025e+03
4.6885046387e+02
2.3639025879e+03
-3.3385478516e+03
-1.4221041260e+03
4.8126559448e+02
2.3767192383e+03
-3.3230161133e+03
-1.4060124512e+03
4.9787310791e+02
2.3938020020e+03
-3.3035903320e+03
-1.3857003174e+03
5.1906109619e+02
2.4157800293e+03
-3.2797805176e+03
-1.3609776611e+03
5.4469030762e+02
2.4423454590e+03
-3.2517656250e+03
-1.3317769775e+03
5.7514837646e+02
2.4741499023e+03
-3.2188291016e+03
-1.2979987793e+03
6.1002215576e+02
2.5107907715e+03
-3.1808508301e+03
-1.2598182373e+03
6.4903460693e+02
2.5518017578e+03
-3.1362058105e+03
-1.2181420898e+03
6.8989257812e+02
2.5961013184e+03
-3.0838220215e+03
-1.1741364746e+03
7.2794299316e+02
2.6368845215e+03
-2.8981511230e+03
-1.1440302734e+03
6.1624127197e+02
2.3952819824e+03
-2.9397990723e+03
-1.1739577637e+03
5.9165655518e+02
2.3644130859e+03
-2.9774338379e+03
-1.2066370850e+03
5.5968804932e+02
2.3269106445e+03
-3.0098132324e+03
-1.2385614014e+03
5.2695629883e+02
2.2915808105e+03
-3.0380693359e+03
-1.2674842529e+03
4.9674636841e+02
2.2591303711e+03
-3.0624970703e+03
-1.2928972168e+03
4.7022131348e+02
2.2312441406e+03
-3.0829975586e+03
-1.3144932861e+03
4.4744223022e+02
2.2072639160e+03
-3.1001086426e+03
-1.3323859863e+03
4.2882333374e+02
2.1879223633e+03
-3.1135029297e+03
-1.3465384521e+03
4.1391564941e+02
2.1723488770e+03
-3.1236318359e+03
-1.3571059570e+03
4.0296292114e+02
2.1610400391e+03
-3.1302558594e+03
-1.3640927734e+03
3.9562280273e+02
2.1534028320e+03
-3.1336083984e+03
-1.3675842285e+03
3.9201162720e+02
2.1496840820e+03
-3.1336083984e+03
-1.3675842285e+03
3.9201162720e+02
2.1496840820e+03
-3.1302558594e+03
-1.3640927734e+03
3.9562280273e+02
2.1534028320e+03
-3.1236318359e+03
-1.3571059570e+03
4.0296292114e+02
2.1610400391e+03
-3.1135029297e+03
-1.3465384521e+03
4.1391564941e+02
2.1723488770e+03
-3.1001086426e+03
-1.3323859863e+03
4.2882333374e+02
2.1879223633e+03
-3.0829975586e+03
-1.3144932861e+03
4.4744223022e+02
2.2072639160e+03
-3.0624970703e+03
-1.2928972168e+03
4.7022131348e+02
2.2312441406e+03
-3.0380693359e+03
-1.2674842529e+03
4.9674636841e+02
2.2591303711e+03
-3.0098132324e+03
-1.2385614014e+03
5.2695629883e+02
2.2915808105e+03
-2.9774338379e+03
-1.2066370850e+03
5.5968804932e+02
2.3269106445e+03
-2.9397990723e+03
-1.1739577637e+03
5.9165655518e+02
2.3644130859e+03
-2.8981511230e+03
-1.1440302734e+03
6.1624127197e+02
2.3952819824e+03
-2.6742407227e+03
-1.1046169434e+03
4.8623333740e+02
2.1092817383e+03
-2.7039465332e+03
-1.1189101562e+03
4.7675976562e+02
2.0894479980e+03
-2.7338239746e+03
-1.1415878906e+03
4.5470065308e+02
2.0595959473e+03
-2.7598310547e+03
-1.1665324707e+03
4.2882174683e+02
2.0302819824e+03
-2.7833088379e+03
-1.1901577148e+03
4.0411050415e+02
2.0031285400e+03
-2.8033327637e+03
-1.2112818604e+03
3.8158264160e+02
1.9788858643e+03
-2.8207287598e+03
-1.2295224609e+03
3.6243408203e+02
1.9586556396e+03
-2.8348237305e+03
-1.2446423340e+03
3.4626629639e+02
1.9415021973e+03
-2.8462985840e+03
-1.2567299805e+03
3.3362741089e+02
1.9283120117e+03
-2.8546723633e+03
-1.2657191162e+03
3.2403555298e+02
1.9181972656e+03
-2.8603662109e+03
-1.2717136230e+03
3.1778387451e+02
1.9117030029e+03
-2.8631445312e+03
-1.2746920166e+03
3.1461221313e+02
1.9083676758e+03
-2.8631445312e+03
-1.2746920166e+03
3.1461221313e+02
1.9083676758e+03
-2.8603662109e+03
-1.2717136230e+03
3.1778387451e+02
1.9117030029e+03
-2.8546723633e+03
-1.2657191162e+03
3.2403555298e+02
1.9181972656e+03
-2.8462985840e+03
-1.2567299805e+03
3.3362741089e+02
1.9283120117e+03
-2.8348237305e+03
-1.2446423340e+03
3.4626629639e+02
1.9415021973e+03
-2.8207287598e+03
-1.2295224609e+03
3.6243408203e+02
1.9586556396e+03
-2.8033327637e+03
-1.2112818604e+03
3.8158264160e+02
1.9788858643e+03
-2.7833088379e+03
-1.1901577148e+03
4.0411050415e+02
2.0031285400e+03
-2.7598310547e+03
-1.1665324707e+03
4.2882174683e+02
2.0302819824e+03
-2.7338239746e+03
-1.1415878906e+03
4.5470065308e+02
2.0595959473e+03
-2.7039465332e+03
-1.1189101562e+03
4.7675976562e+02
2.0894479980e+03
-2.6742407227e+03
-1.1046169434e+03
4.8623333740e+02
2.1092817383e+03
-2.4164521484e+03
-1.0551937256e+03
3.4322998047e+02
1.7875037842e+03
-2.4336835938e+03
-1.0531529541e+03
3.4926538086e+02
1.7789998779e+03
-2.4555290527e+03
-1.0654497070e+03
3.3742871094e+02
1.7569331055e+03
-2.4753195801e+03
-1.0832423096e+03
3.1887542725e+02
1.7343880615e+03
-2.4934294434e+03
-1.1012958984e+03
2.9945004272e+02
1.7119539795e+03
-2.5096345215e+03
-1.1181315918e+03
2.8162289429e+02
1.6925860596e+03
-2.5232080078e+03
-1.1327850342e+03
2.6566088867e+02
1.6752037354e+03
-2.5348850098e+03
-1.1451739502e+03
2.5260020447e+02
1.6613885498e+03
-2.5439003906e+03
-1.1550374756e+03
2.4186506653e+02
1.6498663330e+03
-2.5508942871e+03
-1.1624787598e+03
2.3404238892e+02
1.6416611328e+03
-2.5553945312e+03
-1.1674034424e+03
2.2869865417e+02
1.6359573975e+03
-2.5577202148e+03
-1.1698785400e+03
2.2609927368e+02
1.6332379150e+03
-2.5577202148e+03
-1.1698785400e+03
2.2609927368e+02
1.6332379150e+03
-2.5553945312e+03
-1.1674034424e+03
2.2869865417e+02
1.6359573975e+03
-2.5508942871e+03
-1.1624787598e+03
2.3404238892e+02
1.6416611328e+03
-2.5439003906e+03
-1.1550374756e+03
2.4186506653e+02
1.6498663330e+03
-2.5348850098e+03
-1.1451739502e+03
2.5260020447e+02
1.6613885498e+03
-2.5232080078e+03
-1.1327850342e+03
2.6566088867e+02
1.6752037354e+03
-2.5096345215e+03
-1.1181315918e+03
2.8162289429e+02
1.6925860596e+03
-2.4934294434e+03
-1.1012958984e+03
2.9945004272e+02
1.7119539795e+03
-2.4753195801e+03
-1.0832423096e+03
3.1887542725e+02
1.7343880615e+03
-2.4555290527e+03
-1.0654497070e+03
3.3742871094e+02
1.7569331055e+03
-2.4336835938e+03
-1.0531529541e+03
3.4926538086e+02
1.7789998779e+03
-2.4164521484e+03
-1.0551937256e+03
3.4322998047e+02
1.7875037842e+03
-2.1293508301e+03
-9.9461914062e+02
1.9219653320e+02
1.4384903564e+03
-2.1344328613e+03
-9.7684173584e+02
2.1346957397e+02
1.4408806152e+03
-2.1486271973e+03
-9.7912841797e+02
2.1164741516e+02
1.4266068115e+03
-2.1620380859e+03
-9.8994573975e+02
1.9989080811e+02
1.4099707031e+03
-2.1757631836e+03
-1.0027904663e+03
1.8622155762e+02
1.3933355713e+03
-2.1874931641e+03
-1.0153414307e+03
1.7224816895e+02
1.3773874512e+03
-2.1983503418e+03
-1.0267204590e+03
1.6018640137e+02
1.3642745361e+03
-2.2069609375e+03
-1.0363375244e+03
1.4946826172e+02
1.3524824219e+03
-2.2143100586e+03
-1.0441873779e+03
1.4117774963e+02
1.3436850586e+03
-2.2195385742e+03
-1.0500522461e+03
1.3466938782e+02
1.3366071777e+03
-2.2232258301e+03
-1.0540079346e+03
1.3049388123e+02
1.3322032471e+03
-2.2249787598e+03
-1.0559709473e+03
1.2832286072e+02
1.3298525391e+03
-2.2249787598e+03
-1.0559709473e+03
1.2832286072e+02
1.3298525391e+03
-2.2232258301e+03
-1.0540079346e+03
1.3049388123e+02
1.3322032471e+03
-2.2195385742e+03
-1.0500522461e+03
1.3466938782e+02
1.3366071777e+03
-2.2143100586e+03
-1.0441873779e+03
1.4117774963e+02
1.3436850586e+03
-2.2069609375e+03
-1.0363375244e+03
1.4946826172e+02
1.3524824219e+03
-2.1983503418e+03
-1.0267204590e+03
1.6018640137e+02
1.3642745361e+03
-2.1874931641e+03
-1.0153414307e+03
1.7224816895e+02
1.3773874512e+03
-2.1757631836e+03
-1.0027904663e+03
1.8622155762e+02
1.3933355713e+03
-2.1620380859e+03
-9.8994573975e+02
1.9989080811e+02
1.4099707031e+03
-2.1486271973e+03
-9.7912841797e+02
2.1164741516e+02
1.4266068115e+03
-2.1344328613e+03
-9.7684173584e+02
2.1346957397e+02
1.4408806152e+03
-2.1293508301e+03
-9.9461914062e+02
1.9219653320e+02
1.4384903564e+03
-1.8170576172e+03
-9.2260479736e+02
3.8325386047e+01
1.0703541260e+03
-1.8109975586e+03
-8.9030297852e+02
7.3099708557e+01
1.0825443115e+03
-1.8181163330e+03
-8.8342443848e+02
8.0155464172e+01
1.0749791260e+03
-1.8264998779e+03
-8.8804827881e+02
7.5063652039e+01
1.0648192139e+03
-1.8353897705e+03
-8.9599523926e+02
6.5795288086e+01
1.0519862061e+03
-1.8443510742e+03
-9.0490124512e+02
5.6336326599e+01
1.0411021729e+03
-1.8517105713e+03
-9.1312530518e+02
4.6837848663e+01
1.0301401367e+03
-1.8586336670e+03
-9.2043438721e+02
3.9147388458e+01
1.0218767700e+03
-1.8637635498e+03
-9.2633148193e+02
3.2404930115e+01
1.0143639526e+03
-1.8680168457e+03
-9.3088702393e+02
2.7609767914e+01
1.0092855225e+03
-1.8706446533e+03
-9.3390563965e+02
2.4187841415e+01
1.0055159912e+03
-1.8720728760e+03
-9.3544226074e+02
2.2567863464e+01
1.0038052368e+03
-1.8720728760e+03
-9.3544226074e+02
2.2567863464e+01
1.0038052368e+03
-1.8706446533e+03
-9.3390563965e+02
2.4187841415e+01
1.0055159912e+03
-1.8680168457e+03
-9.3088702393e+02
2.7609767914e+01
1.0092855225e+03
-1.8637635498e+03
-9.2633148193e+02
3.2404930115e+01
1.0143639526e+03
-1.8586336670e+03
-9.2043438721e+02
3.9147388458e+01
1.0218767700e+03
-1.8517105713e+03
-9.1312530518e+02
4.6837848663e+01
1.0301401367e+03
-1.8443510742e+03
-9.0490124512e+02
5.6336326599e+01
1.0411021729e+03
-1.8353897705e+03
-8.9599523926e+02
6.5795288086e+01
1.0519862061e+03
-1.8264998779e+03
-8.8804827881e+02
7.5063652039e+01
1.0648192139e+03
-1.8181163330e+03
-8.8342443848e+02
8.0155464172e+01
1.0749791260e+03
-1.8109975586e+03
-8.9030297852e+02
7.3099708557e+01
1.0825443115e+03
-1.8170576172e+03
-9.2260479736e+02
3.8325386047e+01
1.0703541260e+03
-1.4838666992e+03
-8.3785302734e+02
-1.1466351318e+02
6.9041601562e+02
-1.4682808838e+03
-7.9364379883e+02
-6.8296745300e+01
7.1045660400e+02
-1.4698459473e+03
-7.7926239014e+02
-5.3463989258e+01
7.0911450195e+02
-1.4732111816e+03
-7.7860345459e+02
-5.3648410797e+01
7.0301348877e+02
-1.4795485840e+03
-7.8277777100e+02
-5.7996616364e+01
6.9563702393e+02
-1.4848117676e+03
-7.8841845703e+02
-6.4919845581e+01
6.8671667480e+02
-1.4908164062e+03
-7.9430621338e+02
-7.0935295105e+01
6.7999420166e+02
-1.4952279053e+03
-7.9950012207e+02
-7.7103584290e+01
6.7285815430e+02
-1.4995197754e+03
-8.0395904541e+02
-8.1681419373e+01
6.6801837158e+02
-1.5023713379e+03
-8.0731542969e+02
-8.5587562561e+01
6.6362933350e+02
-1.5045709229e+03
-8.0963873291e+02
-8.7989509583e+01
6.6111242676e+02
-1.5055532227e+03
-8.1078686523e+02
-8.9311790466e+01
6.5964166260e+02
-1.5055532227e+03
-8.1078686523e+02
-8.9311790466e+01
6.5964166260e+02
-1.5045709229e+03
-8.0963873291e+02
-8.7989509583e+01
6.6111242676e+02
-1.5023713379e+03
-8.0731542969e+02
-8.5587562561e+01
6.6362933350e+02
-1.4995197754e+03
-8.0395904541e+02
-8.1681419373e+01
6.6801837158e+02
-1.4952279053e+03
-7.9950012207e+02
-7.7103584290e+01
6.7285815430e+02
-1.4908164062e+03
-7.9430621338e+02
-7.0935295105e+01
6.7999420166e+02
-1.4848117676e+03
-7.8841845703e+02
-6.4919845581e+01
6.8671667480e+02
-1.4795485840e+03
-7.8277777100e+02
-5.7996616364e+01
6.9563702393e+02
-1.4732111816e+03
-7.7860345459e+02
-5.3648410797e+01
7.0301348877e+02
-1.4698459473e+03
-7.7926239014e+02
-5.3463989258e+01
7.0911450195e+02
-1.4682808838e+03
-7.9364379883e+02
-6.8296745300e+01
7.1045660400e+02
-1.4838666992e+03
-8.3785302734e+02
-1.1466351318e+02
6.9041601562e+02
-1.1329310303e+03
-7.4126556396e+02
-2.6214923096e+02
3.0466558838e+02
-1.1101413574e+03
-6.8774865723e+02
-2.0777301025e+02
3.3063104248e+02
-1.1070632324e+03
-6.6754101562e+02
-1.8775538635e+02
3.3309454346e+02
-1.1081488037e+03
-6.6317565918e+02
-1.8320585632e+02
3.3226708984e+02
-1.1109378662e+03
-6.6421557617e+02
-1.8543106079e+02
3.2631726074e+02
-1.1155634766e+03
-6.6778112793e+02
-1.8870191956e+02
3.2218502808e+02
-1.1189353027e+03
-6.7164025879e+02
-1.9363032532e+02
3.1599075317e+02
-1.1230311279e+03
-6.7553430176e+02
-1.9733763123e+02
3.1217352295e+02
-1.1257351074e+03
-6.7874609375e+02
-2.0119509888e+02
3.0774655151e+02
-1.1283524170e+03
-6.8135931396e+02
-2.0374557495e+02
3.0517422485e+02
-1.1298287354e+03
-6.8308892822e+02
-2.0576249695e+02
3.0292279053e+02
-1.1307204590e+03
-6.8399334717e+02
-2.0665588379e+02
3.0202169800e+02
-1.1307204590e+03
-6.8399334717e+02
-2.0665588379e+02
3.0202169800e+02
-1.1298287354e+03
-6.8308892822e+02
-2.0576249695e+02
3.0292279053e+02
-1.1283524170e+03
-6.8135931396e+02
-2.0374557495e+02
3.0517422485e+02
-1.1257351074e+03
-6.7874609375e+02
-2.0119509888e+02
3.0774655151e+02
-1.1230311279e+03
-6.7553430176e+02
-1.9733763123e+02
3.1217352295e+02
-1.1189353027e+03
-6.7164025879e+02
-1.9363032532e+02
3.1599075317e+02
-1.1155634766e+03
-6.6778112793e+02
-1.8870191956e+02
3.2218502808e+02
-1.1109378662e+03
-6.6421557617e+02
-1.8543106079e+02
3.2631726074e+02
-1.1081488037e+03
-6.6317565918e+02
-1.8320585632e+02
3.3226708984e+02
-1.1070632324e+03
-6.6754101562e+02
-1.8775538635e+02
3.3309454346e+02
-1.1101413574e+03
-6.8774865723e+02
-2.0777301025e+02
3.3063104248e+02
-1.1329310303e+03
-7.4126556396e+02
-2.6214923096e+02
3.0466558838e+02
-7.6842675781e+02
-6.3094781494e+02
-4.0312881470e+02
-8.1087852478e+01
-7.4071563721e+02
-5.7224829102e+02
-3.4357421875e+02
-5.2535442352e+01
-7.3572460938e+02
-5.4889312744e+02
-3.1951852417e+02
-4.6394725800e+01
-7.3381292725e+02
-5.4206549072e+02
-3.1347683716e+02
-4.6631912231e+01
-7.3705145264e+02
-5.4171203613e+02
-3.1216723633e+02
-4.7703800201e+01
-7.3911108398e+02
-5.4368048096e+02
-3.1520175171e+02
-5.2482307434e+01
-7.4317846680e+02
-5.4671966553e+02
-3.1747781372e+02
-5.4739559174e+01
-7.4564349365e+02
-5.4957452393e+02
-3.2101373291e+02
-5.8914524078e+01
-7.4869323730e+02
-5.5226715088e+02
-3.2330529785e+02
-6.0999008179e+01
-7.5048919678e+02
-5.5430004883e+02
-3.2566122437e+02
-6.3599384308e+01
-7.5207781982e+02
-5.5576971436e+02
-3.2697128296e+02
-6.4800926208e+01
-7.5272430420e+02
-5.5648815918e+02
-3.2778164673e+02
-6.5675132751e+01
-7.5272430420e+02
-5.5648815918e+02
-3.2778164673e+02
-6.5675132751e+01
-7.5207781982e+02
-5.5576971436e+02
-3.2697128296e+02
-6.4800926208e+01
-7.5048919678e+02
-5.5430004883e+02
-3.2566122437e+02
-6.3599384308e+01
-7.4869323730e+02
-5.5226715088e+02
-3.2330529785e+02
-6.0999008179e+01
-7.4564349365e+02
-5.4957452393e+02
-3.2101373291e+02
-5.8914524078e+01
-7.4317846680e+02
-5.4671966553e+02
-3.1747781372e+02
-5.4739559174e+01
-7.3911108398e+02
-5.4368048096e+02
-3.1520175171e+02
-5.2482307434e+01
-7.3705145264e+02
-5.4171203613e+02
-3.1216723633e+02
-4.7703800201e+01
-7.3381292725e+02
-5.4206549072e+02
-3.1347683716e+02
-4.6631912231e+01
-7.3572460938e+02
-5.4889312744e+02
-3.1951852417e+02
-4.6394725800e+01
-7.4071563721e+02
-5.7224829102e+02
-3.4357421875e+02
-5.2535442352e+01
-7.6842675781e+02
-6.3094781494e+02
-4.0312881470e+02
-8.1087852478e+01
-3.9244598389e+02
-5.1050292969e+02
-5.3231494141e+02
-4.6390768433e+02
-3.6316070557e+02
-4.4977566528e+02
-4.7241891479e+02
-4.3444219971e+02
-3.5650738525e+02
-4.2513290405e+02
-4.4855493164e+02
-4.2882385254e+02
-3.5627340698e+02
-4.1802676392e+02
-4.4006954956e+02
-4.2491760254e+02
-3.5725485229e+02
-4.1686199951e+02
-4.4002355957e+02
-4.2834243774e+02
-3.6155819702e+02
-4.1886639404e+02
-4.4042779541e+02
-4.2852804565e+02
-3.6399108887e+02
-4.2135443115e+02
-4.4364202881e+02
-4.3258419800e+02
-3.6783847046e+02
-4.2423538208e+02
-4.4551748657e+02
-4.3383425903e+02
-3.7008856201e+02
-4.2660842896e+02
-4.4817251587e+02
-4.3668081665e+02
-3.7253445435e+02
-4.2863354492e+02
-4.4969308472e+02
-4.3781146240e+02
-3.7382220459e+02
-4.2996041870e+02
-4.5109686279e+02
-4.3923995972e+02
-3.7465411377e+02
-4.3067135620e+02
-4.5165612793e+02
-4.3967398071e+02
-3.7465411377e+02
-4.3067135620e+02
-4.5165612793e+02
-4.3967398071e+02
-3.7382220459e+02
-4.2996041870e+02
-4.5109686279e+02
-4.3923995972e+02
-3.7253445435e+02
-4.2863354492e+02
-4.4969308472e+02
-4.3781146240e+02
-3.7008856201e+02
-4.2660842896e+02
-4.4817251587e+02
-4.3668081665e+02
-3.6783847046e+02
-4.2423538208e+02
-4.4551748657e+02
-4.3383425903e+02
-3.6399108887e+02
-4.2135443115e+02
-4.4364202881e+02
-4.3258419800e+02
-3.6155819702e+02
-4.1886639404e+02
-4.4042779541e+02
-4.2852804565e+02
-3.5725485229e+02
-4.1686199951e+02
-4.4002355957e+02
-4.2834243774e+02
-3.5627340698e+02
-4.1802676392e+02
-4.4006954956e+02
-4.2491760254e+02
-3.5650738525e+02
-4.2513290405e+02
-4.4855493164e+02
-4.2882385254e+02
-3.6316070557e+02
-4.4977566528e+02
-4.7241891479e+02
-4.3444219971e+02
-3.9244598389e+02
-5.1050292969e+02
-5.3231494141e+02
-4.6390768433e+02
-1.0270895958e+01
-3.7601123047e+02
-6.5392687988e+02
-8.3768640137e+02
1.8651628494e+01
-3.1810424805e+02
-5.9661492920e+02
-8.1222070312e+02
2.2491315842e+01
-2.9553237915e+02
-5.7262854004e+02
-8.0515374756e+02
2.4089143753e+01
-2.8908395386e+02
-5.6729223633e+02
-8.0571179199e+02
1.8733222961e+01
-2.8927722168e+02
-5.6483764648e+02
-8.0404925537e+02
1.6079063416e+01
-2.9147979736e+02
-5.6795886230e+02
-8.0839373779e+02
1.0584847450e+01
-2.9484448242e+02
-5.6941619873e+02
-8.0870013428e+02
7.4535303116e+00
-2.9785189819e+02
-5.7269134521e+02
-8.1205499268e+02
3.5860521793e+00
-3.0070999146e+02
-5.7449603271e+02
-8.1296734619e+02
1.3334361315e+00
-3.0282751465e+02
-5.7660644531e+02
-8.1493084717e+02
-6.3266074657e-01
-3.0436541748e+02
-5.7768103027e+02
-8.1556988525e+02
-1.4370945692e+00
-3.0511032104e+02
-5.7839794922e+02
-8.1621307373e+02
-1.4370945692e+00
-3.0511032104e+02
-5.7839794922e+02
-8.1621307373e+02
-6.3266074657e-01
-3.0436541748e+02
-5.7768103027e+02
-8.1556988525e+02
1.3334361315e+00
-3.0282751465e+02
-5.7660644531e+02
-8.1493084717e+02
3.5860521793e+00
-3.0070999146e+02
-5.7449603271e+02
-8.1296734619e+02
7.4535303116e+00
-2.9785189819e+02
-5.7269134521e+02
-8.1205499268e+02
1.0584847450e+01
-2.9484448242e+02
-5.6941619873e+02
-8.0870013428e+02
1.6079063416e+01
-2.9147979736e+02
-5.6795886230e+02
-8.0839373779e+02
1.8733222961e+01
-2.8927722168e+02
-5.6483764648e+02
-8.0404925537e+02
2.4089143753e+01
-2.8908395386e+02
-5.6729223633e+02
-8.0571179199e+02
2.2491315842e+01
-2.9553237915e+02
-5.7262854004e+02
-8.0515374756e+02
1.8651628494e+01
-3.1810424805e+02
-5.9661492920e+02
-8.1222070312e+02
-1.0270895958e+01
-3.7601123047e+02
-6.5392687988e+02
-8.3768640137e+02
3.7693157959e+02
-2.3683027649e+02
-7.5795715332e+02
-1.2041004639e+03
4.0116430664e+02
-1.8465736389e+02
-7.0824969482e+02
-1.1822144775e+03
4.0448333740e+02
-1.6542344666e+02
-6.9082238770e+02
-1.1813333740e+03
3.9936389160e+02
-1.6243601990e+02
-6.8424426270e+02
-1.1771695557e+03
3.9588082886e+02
-1.6409152222e+02
-6.8715637207e+02
-1.1830516357e+03
3.8773117065e+02
-1.6855966187e+02
-6.8818280029e+02
-1.1822706299e+03
3.8309197998e+02
-1.7282263184e+02
-6.9263208008e+02
-1.1869504395e+03
3.7690414429e+02
-1.7719485474e+02
-6.9494439697e+02
-1.1876832275e+03
3.7310330200e+02
-1.8064714050e+02
-6.9812493896e+02
-1.1905222168e+03
3.6937167358e+02
-1.8348045349e+02
-6.9988238525e+02
-1.1913588867e+03
3.6730459595e+02
-1.8531747437e+02
-7.0148461914e+02
-1.1926907959e+03
3.6605990601e+02
-1.8628494263e+02
-7.0211645508e+02
-1.1930244141e+03
3.6605990601e+02
-1.8628494263e+02
-7.0211645508e+02
-1.1930244141e+03
3.6730459595e+02
-1.8531747437e+02
-7.0148461914e+02
-1.1926907959e+03
3.6937167358e+02
-1.8348045349e+02
-6.9988238525e+02
-1.1913588867e+03
3.7310330200e+02
-1.8064714050e+02
-6.9812493896e+02
-1.1905222168e+03
3.7690414429e+02
-1.7719485474e+02
-6.9494439697e+02
-1.1876832275e+03
3.8309197998e+02
-1.7282263184e+02
-6.9263208008e+02
-1.1869504395e+03
3.8773117065e+02
-1.6855966187e+02
-6.8818280029e+02
-1.1822706299e+03
3.9588082886e+02
-1.6409152222e+02
-6.8715637207e+02
-1.1830516357e+03
3.9936389160e+02
-1.6243601990e+02
-6.8424426270e+02
-1.1771695557e+03
4.0448333740e+02
-1.6542344666e+02
-6.9082238770e+02
-1.1813333740e+03
4.0116430664e+02
-1.8465736389e+02
-7.0824969482e+02
-1.1822144775e+03
3.7693157959e+02
-2.3683027649e+02
-7.5795715332e+02
-1.2041004639e+03
7.6057366943e+02
-8.3565757751e+01
-8.5934863281e+02
-1.5522519531e+03
7.8016845703e+02
-4.1434864044e+01
-8.2016424561e+02
-1.5415764160e+03
7.7489367676e+02
-2.9172595978e+01
-8.0495330811e+02
-1.5388559570e+03
7.7133593750e+02
-2.9209854126e+01
-8.0747955322e+02
-1.5462285156e+03
7.5873864746e+02
-3.4683723450e+01
-8.0797387695e+02
-1.5446007080e+03
7.5195135498e+02
-4.0660644531e+01
-8.1484918213e+02
-1.5517757568e+03
7.4198083496e+02
-4.7206871033e+01
-8.1822052002e+02
-1.5523695068e+03
7.3576000977e+02
-5.2593265533e+01
-8.2333874512e+02
-1.5566705322e+03
7.2922552490e+02
-5.7322929382e+01
-8.2628173828e+02
-1.5577708740e+03
7.2513549805e+02
-6.0767467499e+01
-8.2928582764e+02
-1.5600292969e+03
7.2190808105e+02
-6.3180843353e+01
-8.3088311768e+02
-1.5607365723e+03
7.2049859619e+02
-6.4352180481e+01
-8.3186944580e+02
-1.5614422607e+03
7.2049859619e+02
-6.4352180481e+01
-8.3186944580e+02
-1.5614422607e+03
7.2190808105e+02
-6.3180843353e+01
-8.3088311768e+02
-1.5607365723e+03
7.2513549805e+02
-6.0767467499e+01
-8.2928582764e+02
-1.5600292969e+03
7.2922552490e+02
-5.7322929382e+01
-8.2628173828e+02
-1.5577708740e+03
7.3576000977e+02
-5.2593265533e+01
-8.2333874512e+02
-1.5566705322e+03
7.4198083496e+02
-4.7206871033e+01
-8.1822052002e+02
-1.5523695068e+03
7.5195135498e+02
-4.0660644531e+01
-8.1484918213e+02
-1.5517757568e+03
7.5873864746e+02
-3.4683723450e+01
-8.0797387695e+02
-1.5446007080e+03
7.7133593750e+02
-2.9209854126e+01
-8.0747955322e+02
-1.5462285156e+03
7.7489367676e+02
-2.9172595978e+01
-8.0495330811e+02
-1.5388559570e+03
7.8016845703e+02
-4.1434864044e+01
-8.2016424561e+02
-1.5415764160e+03
7.6057366943e+02
-8.3565757751e+01
-8.5934863281e+02
-1.5522519531e+03
1.1411398926e+03
6.3031898499e+01
-9.3509857178e+02
-1.8927015381e+03
1.1499843750e+03
9.2457717896e+01
-9.0885748291e+02
-1.8873295898e+03
1.1449693604e+03
9.7692024231e+01
-9.0717810059e+02
-1.8990313721e+03
1.1281290283e+03
9.0553771973e+01
-9.0635186768e+02
-1.8967666016e+03
1.1187745361e+03
8.1917564392e+01
-9.1632556152e+02
-1.9092299805e+03
1.1033922119e+03
7.1671852112e+01
-9.2055865479e+02
-1.9096281738e+03
1.0938721924e+03
6.3096096039e+01
-9.2821118164e+02
-1.9166511230e+03
1.0832601318e+03
5.5257961273e+01
-9.3254138184e+02
-1.9182309570e+03
1.0762359619e+03
4.9221115112e+01
-9.3736914062e+02
-1.9219718018e+03
1.0700439453e+03
4.4501934052e+01
-9.4021032715e+02
-1.9232197266e+03
1.0663994141e+03
4.1451721191e+01
-9.4252734375e+02
-1.9248538818e+03
1.0643608398e+03
3.9884510040e+01
-9.4349682617e+02
-1.9253006592e+03
1.0643608398e+03
3.9884510040e+01
-9.4349682617e+02
-1.9253006592e+03
1.0663994141e+03
4.1451721191e+01
-9.4252734375e+02
-1.9248538818e+03
1.0700439453e+03
4.4501934052e+01
-9.4021032715e+02
-1.9232197266e+03
1.0762359619e+03
4.9221115112e+01
-9.3736914062e+02
-1.9219718018e+03
1.0832601318e+03
5.5257961273e+01
-9.3254138184e+02
-1.9182309570e+03
1.0938721924e+03
6.3096096039e+01
-9.2821118164e+02
-1.9166511230e+03
1.1033922119e+03
7.1671852112e+01
-9.2055865479e+02
-1.9096281738e+03
1.1187745361e+03
8.1917564392e+01
-9.1632556152e+02
-1.9092299805e+03
1.1281290283e+03
9.0553771973e+01
-9.0635186768e+02
-1.8967666016e+03
1.1449693604e+03
9.7692024231e+01
-9.0717810059e+02
-1.8990313721e+03
1.1499843750e+03
9.2457717896e+01
-9.0885748291e+02
-1.8873295898e+03
1.1411398926e+03
6.3031898499e+01
-9.3509857178e+02
-1.8927015381e+03
1.5035782471e+03
2.2459330750e+02
-1.0205731201e+03
-2.2017678223e+03
1.5069110107e+03
2.4034625244e+02
-1.0134544067e+03
-2.2158256836e+03
1.4850651855e+03
2.3547082520e+02
-1.0124205322e+03
-2.2179238281e+03
1.4737415771e+03
2.2506912231e+02
-1.0288603516e+03
-2.2375947266e+03
1.4499012451e+03
2.1122462463e+02
-1.0349554443e+03
-2.2366337891e+03
1.4361019287e+03
1.9927915955e+02
-1.0476203613e+03
-2.2476225586e+03
1.4194431152e+03
1.8783174133e+02
-1.0545778809e+03
-2.2493156738e+03
1.4082320557e+03
1.7872035217e+02
-1.0626072998e+03
-2.2548923340e+03
1.3976632080e+03
1.7112220764e+02
-1.0675419922e+03
-2.2565085449e+03
1.3906684570e+03
1.6562397766e+02
-1.0719547119e+03
-2.2591408691e+03
1.3855186768e+03
1.6187339783e+02
-1.0744273682e+03
-2.2600051270e+03
1.3831602783e+03
1.6004580688e+02
-1.0758363037e+03
-2.2607819824e+03
1.3831602783e+03
1.6004580688e+02
-1.0758363037e+03
-2.2607819824e+03
1.3855186768e+03
1.6187339783e+02
-1.0744273682e+03
-2.2600051270e+03
1.3906684570e+03
1.6562397766e+02
-1.0719547119e+03
-2.2591408691e+03
1.3976632080e+03
1.7112220764e+02
-1.0675419922e+03
-2.2565085449e+03
1.4082320557e+03
1.7872035217e+02
-1.0626072998e+03
-2.2548923340e+03
1.4194431152e+03
1.8783174133e+02
-1.0545778809e+03
-2.2493156738e+03
1.4361019287e+03
1.9927915955e+02
-1.0476203613e+03
-2.2476225586e+03
1.4499012451e+03
2.1122462463e+02
-1.0349554443e+03
-2.2366337891e+03
1.4737415771e+03
2.2506912231e+02
-1.0288603516e+03
-2.2375947266e+03
1.4850651855e+03
2.3547082520e+02
-1.0124205322e+03
-2.2179238281e+03
1.5069110107e+03
2.4034625244e+02
-1.0134544067e+03
-2.2158256836e+03
1.5035782471e+03
2.2459330750e+02
-1.0205731201e+03
-2.2017678223e+03
1.8532313232e+03
3.6104339600e+02
-1.0684859619e+03
-2.5076320801e+03
1.8394537354e+03
3.5777938843e+02
-1.0713640137e+03
-2.5217973633e+03
1.8259718018e+03
3.4353762817e+02
-1.0920328369e+03
-2.5542922363e+03
1.7921590576e+03
3.2222564697e+02
-1.0967883301e+03
-2.5515727539e+03
1.7746441650e+03
3.0414645386e+02
-1.1146617432e+03
-2.5714399414e+03
1.7501597900e+03
2.8627493286e+02
-1.1228104248e+03
-2.5734079590e+03
1.7338647461e+03
2.7199755859e+02
-1.1336373291e+03
-2.5822021484e+03
1.7175097656e+03
2.5972586060e+02
-1.1400566406e+03
-2.5842861328e+03
1.7060815430e+03
2.5037915039e+02
-1.1463773193e+03
-2.5882902832e+03
1.6966467285e+03
2.4328994751e+02
-1.1502363281e+03
-2.5895556641e+03
1.6908637695e+03
2.3871209717e+02
-1.1531677246e+03
-2.5911237793e+03
1.6877729492e+03
2.3639746094e+02
-1.1544383545e+03
-2.5915253906e+03
1.6877729492e+03
2.3639746094e+02
-1.1544383545e+03
-2.5915253906e+03
1.6908637695e+03
2.3871209717e+02
-1.1531677246e+03
-2.5911237793e+03
1.6966467285e+03
2.4328994751e+02
-1.1502363281e+03
-2.5895556641e+03
1.7060815430e+03
2.5037915039e+02
-1.1463773193e+03
-2.5882902832e+03
1.7175097656e+03
2.5972586060e+02
-1.1400566406e+03
-2.5842861328e+03
1.7338647461e+03
2.7199755859e+02
-1.1336373291e+03
-2.5822021484e+03
1.7501597900e+03
2.8627493286e+02
-1.1228104248e+03
-2.5734079590e+03
1.7746441650e+03
3.0414645386e+02
-1.1146617432e+03
-2.5714399414e+03
1.7921590576e+03
3.2222564697e+02
-1.0967883301e+03
-2.5515727539e+03
1.8259718018e+03
3.4353762817e+02
-1.0920328369e+03
-2.5542922363e+03
1.8394537354e+03
3.5777938843e+02
-1.0713640137e+03
-2.5217973633e+03
1.8532313232e+03
3.6104339600e+02
-1.0684859619e+03
-2.5076320801e+03
2.1638369141e+03
5.1310272217e+02
-1.1424165039e+03
-2.7604497070e+03
2.1521958008e+03
5.0112588501e+02
-1.1796232910e+03
-2.8086354980e+03
2.1056809082e+03
4.7735751343e+02
-1.1920970459e+03
-2.8059792480e+03
2.0865224609e+03
4.5649645996e+02
-1.2257835693e+03
-2.8404135742e+03
2.0499560547e+03
4.3404388428e+02
-1.2388260498e+03
-2.8388986816e+03
2.0270341797e+03
4.1599456787e+02
-1.2566817627e+03
-2.8507058105e+03
2.0025379639e+03
3.9972567749e+02
-1.2670220947e+03
-2.8516315918e+03
1.9851276855e+03
3.8690652466e+02
-1.2773352051e+03
-2.8563317871e+03
1.9697935791e+03
3.7652322388e+02
-1.2838415527e+03
-2.8569863281e+03
1.9592633057e+03
3.6902828979e+02
-1.2891831055e+03
-2.8586413574e+03
1.9518339844e+03
3.6400329590e+02
-1.2922209473e+03
-2.8588125000e+03
1.9483288574e+03
3.6154995728e+02
-1.2938651123e+03
-2.8591831055e+03
1.9483288574e+03
3.6154995728e+02
-1.2938651123e+03
-2.8591831055e+03
1.9518339844e+03
3.6400329590e+02
-1.2922209473e+03
-2.8588125000e+03
1.9592633057e+03
3.6902828979e+02
-1.2891831055e+03
-2.8586413574e+03
1.9697935791e+03
3.7652322388e+02
-1.2838415527e+03
-2.8569863281e+03
1.9851276855e+03
3.8690652466e+02
-1.2773352051e+03
-2.8563317871e+03
2.0025379639e+03
3.9972567749e+02
-1.2670220947e+03
-2.8516315918e+03
2.0270341797e+03
4.1599456787e+02
-1.2566817627e+03
-2.8507058105e+03
2.0499560547e+03
4.3404388428e+02
-1.2388260498e+03
-2.8388986816e+03
2.0865224609e+03
4.5649645996e+02
-1.2257835693e+03
-2.8404135742e+03
2.1056809082e+03
4.7735751343e+02
-1.1920970459e+03
-2.8059792480e+03
2.1521958008e+03
5.0112588501e+02
-1.1796232910e+03
-2.8086354980e+03
2.1638369141e+03
5.1310272217e+02
-1.1424165039e+03
-2.7604497070e+03
2.4513808594e+03
6.2268438721e+02
-1.1717462158e+03
-3.0229672852e+03
2.4083881836e+03
5.8135290527e+02
-1.1933311768e+03
-3.0456599121e+03
2.3954357910e+03
5.4627172852e+02
-1.2397136230e+03
-3.1116687012e+03
2.3432895508e+03
5.0939538574e+02
-1.2465894775e+03
-3.1036503906e+03
2.3158051758e+03
4.8136148071e+02
-1.2676156006e+03
-3.1251567383e+03
2.2825905762e+03
4.5611813354e+02
-1.2777281494e+03
-3.1266987305e+03
2.2592329102e+03
4.3639575195e+02
-1.2893854980e+03
-3.1342583008e+03
2.2374057617e+03
4.2025070190e+02
-1.2962081299e+03
-3.1347321777e+03
2.2216513672e+03
4.0816244507e+02
-1.3023300781e+03
-3.1366713867e+03
2.2092207031e+03
3.9927554321e+02
-1.3059572754e+03
-3.1362629395e+03
2.2014497070e+03
3.9359429932e+02
-1.3085809326e+03
-3.1364775391e+03
2.1974204102e+03
3.9076766968e+02
-1.3097020264e+03
-3.1362163086e+03
2.1974204102e+03
3.9076766968e+02
-1.3097020264e+03
-3.1362163086e+03
2.2014497070e+03
3.9359429932e+02
-1.3085809326e+03
-3.1364775391e+03
2.2092207031e+03
3.9927554321e+02
-1.3059572754e+03
-3.1362629395e+03
2.2216513672e+03
4.0816244507e+02
-1.3023300781e+03
-3.1366713867e+03
2.2374057617e+03
4.2025070190e+02
-1.2962081299e+03
-3.1347321777e+03
2.2592329102e+03
4.3639575195e+02
-1.2893854980e+03
-3.1342583008e+03
2.2825905762e+03
4.5611813354e+02
-1.2777281494e+03
-3.1266987305e+03
2.3158051758e+03
4.8136148071e+02
-1.2676156006e+03
-3.1251567383e+03
2.3432895508e+03
5.0939538574e+02
-1.2465894775e+03
-3.1036503906e+03
2.3954357910e+03
5.4627172852e+02
-1.2397136230e+03
-3.1116687012e+03
2.4083881836e+03
5.8135290527e+02
-1.1933311768e+03
-3.0456599121e+03
2.4513808594e+03
6.2268438721e+02
-1.1717462158e+03
-3.0229672852e+03
2.6622182617e+03
7.2380926514e+02
-1.2190524902e+03
-3.1797595215e+03
2.6583723145e+03
7.0007684326e+02
-1.3197978516e+03
-3.2872502441e+03
2.5773649902e+03
6.6324713135e+02
-1.3385091553e+03
-3.2568188477e+03
2.5496574707e+03
6.3642767334e+02
-1.3856229248e+03
-3.2988732910e+03
2.5046708984e+03
6.0951513672e+02
-1.4073026123e+03
-3.2982678223e+03
2.4745566406e+03
5.8841900635e+02
-1.4284461670e+03
-3.3073410645e+03
2.4455556641e+03
5.7072540283e+02
-1.4405092773e+03
-3.3052167969e+03
2.4251428223e+03
5.5732684326e+02
-1.4509294434e+03
-3.3063669434e+03
2.4086245117e+03
5.4703833008e+02
-1.4574599609e+03
-3.3047634277e+03
2.3976511230e+03
5.3984741211e+02
-1.4625441895e+03
-3.3046818848e+03
2.3903349609e+03
5.3517785645e+02
-1.4654786377e+03
-3.3040185547e+03
2.3869411621e+03
5.3293048096e+02
-1.4670300293e+03
-3.3039592285e+03
2.3869411621e+03
5.3293048096e+02
-1.4670300293e+03
-3.3039592285e+03
2.3903349609e+03
5.3517785645e+02
-1.4654786377e+03
-3.3040185547e+03
2.3976511230e+03
5.3984741211e+02
-1.4625441895e+03
-3.3046818848e+03
2.4086245117e+03
5.4703833008e+02
-1.4574599609e+03
-3.3047634277e+03
2.4251428223e+03
5.5732684326e+02
-1.4509294434e+03
-3.3063669434e+03
2.4455556641e+03
5.7072540283e+02
-1.4405092773e+03
-3.3052167969e+03
2.4745566406e+03
5.8841900635e+02
-1.4284461670e+03
-3.3073410645e+03
2.5046708984e+03
6.0951513672e+02
-1.4073026123e+03
-3.2982678223e+03
2.5496574707e+03
6.3642767334e+02
-1.3856229248e+03
-3.2988732910e+03
2.5773649902e+03
6.6324713135e+02
-1.3385091553e+03
-3.2568188477e+03
2.6583723145e+03
7.0007684326e+02
-1.3197978516e+03
-3.2872502441e+03
2.6622182617e+03
7.2380926514e+02
-1.2190524902e+03
-3.1797595215e+03
2.8417495117e+03
8.0941632080e+02
-1.2746425781e+03
-3.3952302246e+03
2.7417067871e+03
7.2350158691e+02
-1.2679393311e+03
-3.3693144531e+03
2.7449836426e+03
6.6979290771e+02
-1.3354549561e+03
-3.4862111816e+03
2.6909875488e+03
6.2202685547e+02
-1.3481645508e+03
-3.4875126953e+03
2.6619577637e+03
5.8947259521e+02
-1.3651072998e+03
-3.5055463867e+03
2.6343952637e+03
5.6541644287e+02
-1.3731123047e+03
-3.5077580566e+03
2.6196674805e+03
5.4909869385e+02
-1.3827354736e+03
-3.5175375977e+03
2.6092167969e+03
5.3762664795e+02
-1.3896473389e+03
-3.5241862793e+03
2.6043959961e+03
5.3007733154e+02
-1.3963033447e+03
-3.5327041016e+03
2.6016354980e+03
5.2512231445e+02
-1.4010563965e+03
-3.5389836426e+03
2.6007534180e+03
5.2223449707e+02
-1.4045623779e+03
-3.5440974121e+03
2.6003857422e+03
5.2087469482e+02
-1.4062462158e+03
-3.5465686035e+03
2.6003857422e+03
5.2087469482e+02
-1.4062462158e+03
-3.5465686035e+03
2.6007534180e+03
5.2223449707e+02
-1.4045623779e+03
-3.5440974121e+03
2.6016354980e+03
5.2512231445e+02
-1.4010563965e+03
-3.5389836426e+03
2.6043959961e+03
5.3007733154e+02
-1.3963033447e+03
-3.5327041016e+03
2.6092167969e+03
5.3762664795e+02
-1.3896473389e+03
-3.5241862793e+03
2.6196674805e+03
5.4909869385e+02
-1.3827354736e+03
-3.5175375977e+03
2.6343952637e+03
5.6541644287e+02
-1.3731123047e+03
-3.5077580566e+03
2.6619577637e+03
5.8947259521e+02
-1.3651072998e+03
-3.5055463867e+03
2.6909875488e+03
6.2202685547e+02
-1.3481645508e+03
-3.4875126953e+03
2.7449836426e+03
6.6979290771e+02
-1.3354549561e+03
-3.4862111816e+03
2.7417067871e+03
7.2350158691e+02
-1.2679393311e+03
-3.3693144531e+03
2.8417495117e+03
8.0941632080e+02
-1.2746425781e+03
-3.3952302246e+03
2.7126013184e+03
6.9660302734e+02
-1.1585726318e+03
-3.2229814453e+03
2.8035585938e+03
7.0908020020e+02
-1.3825653076e+03
-3.5024311523e+03
2.7252939453e+03
6.8961901855e+02
-1.4199957275e+03
-3.4609799805e+03
2.7172880859e+03
6.8374536133e+02
-1.4618857422e+03
-3.4919919434e+03
2.7167673340e+03
6.8320501709e+02
-1.4902689209e+03
-3.5136953125e+03
2.7343996582e+03
6.8579553223e+02
-1.5181970215e+03
-3.5528085938e+03
2.7539069824e+03
6.8939300537e+02
-1.5401931152e+03
-3.5879165039e+03
2.7755976562e+03
6.9345007324e+02
-1.5594000244e+03
-3.6230292969e+03
2.7942963867e+03
6.9707440186e+02
-1.5740351562e+03
-3.6515749512e+03
2.8097651367e+03
7.0010131836e+02
-1.5852221680e+03
-3.6745217285e+03
2.8202880859e+03
7.0218835449e+02
-1.5924466553e+03
-3.6897800293e+03
2.8257524414e+03
7.0327612305e+02
-1.5961110840e+03
-3.6976484375e+03
2.8257524414e+03
7.0327612305e+02
-1.5961110840e+03
-3.6976484375e+03
2.8202880859e+03
7.0218835449e+02
-1.5924466553e+03
-3.6897800293e+03
2.8097651367e+03
7.0010131836e+02
-1.5852221680e+03
-3.6745217285e+03
2.7942963867e+03
6.9707440186e+02
-1.5740351562e+03
-3.6515749512e+03
2.7755976562e+03
6.9345007324e+02
-1.5594000244e+03
-3.6230292969e+03
2.7539069824e+03
6.8939300537e+02
-1.5401931152e+03
-3.5879165039e+03
2.7343996582e+03
6.8579553223e+02
-1.5181970215e+03
-3.5528085938e+03
2.7167673340e+03
6.8320501709e+02
-1.4902689209e+03
-3.5136953125e+03
2.7172880859e+03
6.8374536133e+02
-1.4618857422e+03
-3.4919919434e+03
2.7252939453e+03
6.8961901855e+02
-1.4199957275e+03
-3.4609799805e+03
2.8035585938e+03
7.0908020020e+02
-1.3825653076e+03
-3.5024311523e+03
2.7126013184e+03
6.9660302734e+02
-1.1585726318e+03
-3.2229814453e+03
2.2923452148e+03
5.7533972168e+02
-1.3730626221e+03
-3.1268391113e+03
2.2782175293e+03
5.5410980225e+02
-1.2788348389e+03
-3.0390805664e+03
2.4602145996e+03
5.8399603271e+02
-1.3130902100e+03
-3.2296564941e+03
2.6228356934e+03
6.2348010254e+02
-1.3603546143e+03
-3.4045881348e+03
2.7683813477e+03
6.5879156494e+02
-1.4116135254e+03
-3.5700278320e+03
2.8829555664e+03
6.8799078369e+02
-1.4547095947e+03
-3.7016403809e+03
2.9744614258e+03
7.1139984131e+02
-1.4916030273e+03
-3.8092192383e+03
3.0437133789e+03
7.2945800781e+02
-1.5204885254e+03
-3.8912854004e+03
3.0955217285e+03
7.4301196289e+02
-1.5429553223e+03
-3.9535571289e+03
3.1318188477e+03
7.5258599854e+02
-1.5589951172e+03
-3.9974172363e+03
3.1550463867e+03
7.5872406006e+02
-1.5694876709e+03
-4.0257214355e+03
3.1662868652e+03
7.6170410156e+02
-1.5745960693e+03
-4.0394396973e+03
3.1662868652e+03
7.6170410156e+02
-1.5745960693e+03
-4.0394396973e+03
3.1550463867e+03
7.5872406006e+02
-1.5694876709e+03
-4.0257214355e+03
3.1318188477e+03
7.5258599854e+02
-1.5589951172e+03
-3.9974172363e+03
3.0955217285e+03
7.4301196289e+02
-1.5429553223e+03
-3.9535571289e+03
3.0437133789e+03
7.2945800781e+02
-1.5204885254e+03
-3.8912854004e+03
2.9744614258e+03
7.1139984131e+02
-1.4916030273e+03
-3.8092192383e+03
2.8829555664e+03
6.8799078369e+02
-1.4547095947e+03
-3.7016403809e+03
2.7683813477e+03
6.5879156494e+02
-1.4116135254e+03
-3.5700278320e+03
2.6228356934e+03
6.2348010254e+02
-1.3603546143e+03
-3.4045881348e+03
2.4602145996e+03
5.8399603271e+02
-1.3130902100e+03
-3.2296564941e+03
2.2782175293e+03
5.5410980225e+02
-1.2788348389e+03
-3.0390805664e+03
2.2923452148e+03
5.7533972168e+02
-1.3730626221e+03
-3.1268391113e+03
