3.6034880371e+03
1.1089902344e+03
-1.7216909180e+03
-4.2800000000e+03
3.5482556152e+03
1.0441861572e+03
-1.6207425537e+03
-4.1894731445e+03
3.7905224609e+03
1.0679503174e+03
-1.6898480225e+03
-4.4844321289e+03
4.0078386230e+03
1.1089583740e+03
-1.7737637939e+03
-4.7523969727e+03
4.2042817383e+03
1.1482329102e+03
-1.8589340820e+03
-5.0020805664e+03
4.3583129883e+03
1.1809404297e+03
-1.9299389648e+03
-5.2003730469e+03
4.4812949219e+03
1.2074899902e+03
-1.9897368164e+03
-5.3616713867e+03
4.5739536133e+03
1.2278626709e+03
-2.0364663086e+03
-5.4845737305e+03
4.6431191406e+03
1.2431724854e+03
-2.0725578613e+03
-5.5775786133e+03
4.6913940430e+03
1.2539128418e+03
-2.0983173828e+03
-5.6430288086e+03
4.7222319336e+03
1.2607955322e+03
-2.1151064453e+03
-5.6851977539e+03
4.7371235352e+03
1.2641207275e+03
-2.1232863770e+03
-5.7056313477e+03
4.7371235352e+03
1.2641207275e+03
-2.1232863770e+03
-5.7056313477e+03
4.7222319336e+03
1.2607955322e+03
-2.1151064453e+03
-5.6851977539e+03
4.6913940430e+03
1.2539128418e+03
-2.0983173828e+03
-5.6430288086e+03
4.6431191406e+03
1.2431724854e+03
-2.0725578613e+03
-5.5775786133e+03
4.5739536133e+03
1.2278626709e+03
-2.0364663086e+03
-5.4845737305e+03
4.4812949219e+03
1.2074899902e+03
-1.9897368164e+03
-5.3616713867e+03
4.3583129883e+03
1.1809404297e+03
-1.9299389648e+03
-5.2003730469e+03
4.2042817383e+03
1.1482329102e+03
-1.8589340820e+03
-5.0020805664e+03
4.0078386230e+03
1.1089583740e+03
-1.7737637939e+03
-4.7523969727e+03
3.7905224609e+03
1.0679503174e+03
-1.6898480225e+03
-4.4844321289e+03
3.5482556152e+03
1.0441861572e+03
-1.6207425537e+03
-4.1894731445e+03
3.6034880371e+03
1.1089902344e+03
-1.7216909180e+03
-4.2800000000e+03
4.1513188477e+03
1.2733446045e+03
-1.4131716309e+03
-4.4378100586e+03
4.2782099609e+03
1.2809659424e+03
-1.7487784424e+03
-4.8492709961e+03
4.1490795898e+03
1.2306369629e+03
-1.8246701660e+03
-4.8058920898e+03
4.1253730469e+03
1.2071213379e+03
-1.9000706787e+03
-4.8636826172e+03
4.1136660156e+03
1.1928104248e+03
-1.9544058838e+03
-4.9066752930e+03
4.1304135742e+03
1.1863062744e+03
-2.0047163086e+03
-4.9723715820e+03
4.1513847656e+03
1.1831181641e+03
-2.0446292725e+03
-5.0307216797e+03
4.1771201172e+03
1.1826434326e+03
-2.0784521484e+03
-5.0873222656e+03
4.1998212891e+03
1.1830408936e+03
-2.1042236328e+03
-5.1331025391e+03
4.2190854492e+03
1.1840133057e+03
-2.1236079102e+03
-5.1694775391e+03
4.2322788086e+03
1.1848226318e+03
-2.1361333008e+03
-5.1936284180e+03
4.2391918945e+03
1.1853266602e+03
-2.1424318848e+03
-5.2060195312e+03
4.2391918945e+03
1.1853266602e+03
-2.1424318848e+03
-5.2060195312e+03
4.2322788086e+03
1.1848226318e+03
-2.1361333008e+03
-5.1936284180e+03
4.2190854492e+03
1.1840133057e+03
-2.1236079102e+03
-5.1694775391e+03
4.1998212891e+03
1.1830408936e+03
-2.1042236328e+03
-5.1331025391e+03
4.1771201172e+03
1.1826434326e+03
-2.0784521484e+03
-5.0873222656e+03
4.1513847656e+03
1.1831181641e+03
-2.0446292725e+03
-5.0307216797e+03
4.1304135742e+03
1.1863062744e+03
-2.0047163086e+03
-4.9723715820e+03
4.1136660156e+03
1.1928104248e+03
-1.9544058838e+03
-4.9066752930e+03
4.1253730469e+03
1.2071213379e+03
-1.9000706787e+03
-4.8636826172e+03
4.1490795898e+03
1.2306369629e+03
-1.8246701660e+03
-4.8058920898e+03
4.2782099609e+03
1.2809659424e+03
-1.7487784424e+03
-4.8492709961e+03
4.1513188477e+03
1.2733446045e+03
-1.4131716309e+03
-4.4378100586e+03
4.3369824219e+03
1.4197567139e+03
-1.5774937744e+03
-4.6393808594e+03
4.1630366211e+03
1.2635816650e+03
-1.6005183105e+03
-4.6322138672e+03
4.1576000977e+03
1.1739045410e+03
-1.7115449219e+03
-4.8139985352e+03
4.0686562500e+03
1.0918071289e+03
-1.7443001709e+03
-4.8299145508e+03
4.0188251953e+03
1.0358295898e+03
-1.7790240479e+03
-4.8667524414e+03
3.9720424805e+03
9.9288385010e+02
-1.8000239258e+03
-4.8796909180e+03
3.9453317871e+03
9.6303228760e+02
-1.8212474365e+03
-4.9015336914e+03
3.9258149414e+03
9.4123217773e+02
-1.8373674316e+03
-4.9175346680e+03
3.9155314941e+03
9.2642779541e+02
-1.8515885010e+03
-4.9346850586e+03
3.9091147461e+03
9.1637969971e+02
-1.8618900146e+03
-4.9473569336e+03
3.9062844238e+03
9.1036523438e+02
-1.8691533203e+03
-4.9570629883e+03
3.9049816895e+03
9.0748046875e+02
-1.8726877441e+03
-4.9617924805e+03
3.9049816895e+03
9.0748046875e+02
-1.8726877441e+03
-4.9617924805e+03
3.9062844238e+03
9.1036523438e+02
-1.8691533203e+03
-4.9570629883e+03
3.9091147461e+03
9.1637969971e+02
-1.8618900146e+03
-4.9473569336e+03
3.9155314941e+03
9.2642779541e+02
-1.8515885010e+03
-4.9346850586e+03
3.9258149414e+03
9.4123217773e+02
-1.8373674316e+03
-4.9175346680e+03
3.9453317871e+03
9.6303228760e+02
-1.8212474365e+03
-4.9015336914e+03
3.9720424805e+03
9.9288385010e+02
-1.8000239258e+03
-4.8796909180e+03
4.0188251953e+03
1.0358295898e+03
-1.7790240479e+03
-4.8667524414e+03
4.0686562500e+03
1.0918071289e+03
-1.7443001709e+03
-4.8299145508e+03
4.1576000977e+03
1.1739045410e+03
-1.7115449219e+03
-4.8139985352e+03
4.1630366211e+03
1.2635816650e+03
-1.6005183105e+03
-4.6322138672e+03
4.3369824219e+03
1.4197567139e+03
-1.5774937744e+03
-4.6393808594e+03
4.0371430664e+03
1.2846889648e+03
-1.4903961182e+03
-4.3042373047e+03
4.0145961914e+03
1.2290899658e+03
-1.6578874512e+03
-4.4784868164e+03
3.8794458008e+03
1.1534632568e+03
-1.7077880859e+03
-4.4561884766e+03
3.8299294434e+03
1.1024467773e+03
-1.7890080566e+03
-4.5299179688e+03
3.7570617676e+03
1.0526160889e+03
-1.8322607422e+03
-4.5408808594e+03
3.7082802734e+03
1.0145937500e+03
-1.8712124023e+03
-4.5627070312e+03
3.6621789551e+03
9.8268505859e+02
-1.8958498535e+03
-4.5671313477e+03
3.6296867676e+03
9.5865875244e+02
-1.9162697754e+03
-4.5744770508e+03
3.6035456543e+03
9.4011737061e+02
-1.9299812012e+03
-4.5766884766e+03
3.5861362305e+03
9.2715985107e+02
-1.9403298340e+03
-4.5797807617e+03
3.5745566406e+03
9.1870928955e+02
-1.9465758057e+03
-4.5809643555e+03
3.5691718750e+03
9.1464257812e+02
-1.9497834473e+03
-4.5819160156e+03
3.5691718750e+03
9.1464257812e+02
-1.9497834473e+03
-4.5819160156e+03
3.5745566406e+03
9.1870928955e+02
-1.9465758057e+03
-4.5809643555e+03
3.5861362305e+03
9.2715985107e+02
-1.9403298340e+03
-4.5797807617e+03
3.6035456543e+03
9.4011737061e+02
-1.9299812012e+03
-4.5766884766e+03
3.6296867676e+03
9.5865875244e+02
-1.9162697754e+03
-4.5744770508e+03
3.6621789551e+03
9.8268505859e+02
-1.8958498535e+03
-4.5671313477e+03
3.7082802734e+03
1.0145937500e+03
-1.8712124023e+03
-4.5627070312e+03
3.7570617676e+03
1.0526160889e+03
-1.8322607422e+03
-4.5408808594e+03
3.8299294434e+03
1.1024467773e+03
-1.7890080566e+03
-4.5299179688e+03
3.8794458008e+03
1.1534632568e+03
-1.7077880859e+03
-4.4561884766e+03
4.0145961914e+03
1.2290899658e+03
-1.6578874512e+03
-4.4784868164e+03
4.0371430664e+03
1.2846889648e+03
-1.4903961182e+03
-4.3042373047e+03
3.7018059082e+03
1.1151213379e+03
-1.4255593262e+03
-4.0496091309e+03
3.6189687500e+03
1.0353673096e+03
-1.4773790283e+03
-4.1045761719e+03
3.5887441406e+03
9.7256921387e+02
-1.5576656494e+03
-4.2143544922e+03
3.5016369629e+03
9.0603942871e+02
-1.5826475830e+03
-4.2196020508e+03
3.4542907715e+03
8.5677221680e+02
-1.6233730469e+03
-4.2624843750e+03
3.4001718750e+03
8.1258203125e+02
-1.6473280029e+03
-4.2752578125e+03
3.3622749023e+03
7.7867095947e+02
-1.6709300537e+03
-4.2940117188e+03
3.3276508789e+03
7.5098925781e+02
-1.6863695068e+03
-4.3011406250e+03
3.3028212891e+03
7.3047521973e+02
-1.6992203369e+03
-4.3086528320e+03
3.2834392090e+03
7.1540887451e+02
-1.7074437256e+03
-4.3115610352e+03
3.2713657227e+03
7.0583142090e+02
-1.7130968018e+03
-4.3140805664e+03
3.2651342773e+03
7.0106256104e+02
-1.7156564941e+03
-4.3148129883e+03
3.2651342773e+03
7.0106256104e+02
-1.7156564941e+03
-4.3148129883e+03
3.2713657227e+03
7.0583142090e+02
-1.7130968018e+03
-4.3140805664e+03
3.2834392090e+03
7.1540887451e+02
-1.7074437256e+03
-4.3115610352e+03
3.3028212891e+03
7.3047521973e+02
-1.6992203369e+03
-4.3086528320e+03
3.3276508789e+03
7.5098925781e+02
-1.6863695068e+03
-4.3011406250e+03
3.3622749023e+03
7.7867095947e+02
-1.6709300537e+03
-4.2940117188e+03
3.4001718750e+03
8.1258203125e+02
-1.6473280029e+03
-4.2752578125e+03
3.4542907715e+03
8.5677221680e+02
-1.6233730469e+03
-4.2624843750e+03
3.5016369629e+03
9.0603942871e+02
-1.5826475830e+03
-4.2196020508e+03
3.5887441406e+03
9.7256921387e+02
-1.5576656494e+03
-4.2143544922e+03
3.6189687500e+03
1.0353673096e+03
-1.4773790283e+03
-4.1045761719e+03
3.7018059082e+03
1.1151213379e+03
-1.4255593262e+03
-4.0496091309e+03
3.2495512695e+03
9.2600213623e+02
-1.3941556396e+03
-3.6487348633e+03
3.2218701172e+03
8.9966003418e+02
-1.4571673584e+03
-3.7317390137e+03
3.1418129883e+03
8.5254547119e+02
-1.4890476074e+03
-3.7452687988e+03
3.1064606934e+03
8.1329595947e+02
-1.5478232422e+03
-3.8061752930e+03
3.0462509766e+03
7.7152630615e+02
-1.5774053955e+03
-3.8161879883e+03
3.0080263672e+03
7.3866082764e+02
-1.6111365967e+03
-3.8421958008e+03
2.9685122070e+03
7.0928448486e+02
-1.6331462402e+03
-3.8515495605e+03
2.9405126953e+03
6.8652154541e+02
-1.6532419434e+03
-3.8643078613e+03
2.9162734375e+03
6.6820611572e+02
-1.6668012695e+03
-3.8700571289e+03
2.8997082520e+03
6.5513409424e+02
-1.6773776855e+03
-3.8757971191e+03
2.8881264648e+03
6.4639770508e+02
-1.6836790771e+03
-3.8782897949e+03
2.8826718750e+03
6.4215771484e+02
-1.6869616699e+03
-3.8799003906e+03
2.8826718750e+03
6.4215771484e+02
-1.6869616699e+03
-3.8799003906e+03
2.8881264648e+03
6.4639770508e+02
-1.6836790771e+03
-3.8782897949e+03
2.8997082520e+03
6.5513409424e+02
-1.6773776855e+03
-3.8757971191e+03
2.9162734375e+03
6.6820611572e+02
-1.6668012695e+03
-3.8700571289e+03
2.9405126953e+03
6.8652154541e+02
-1.6532419434e+03
-3.8643078613e+03
2.9685122070e+03
7.0928448486e+02
-1.6331462402e+03
-3.8515495605e+03
3.0080263672e+03
7.3866082764e+02
-1.6111365967e+03
-3.8421958008e+03
3.0462509766e+03
7.7152630615e+02
-1.5774053955e+03
-3.8161879883e+03
3.1064606934e+03
8.1329595947e+02
-1.5478232422e+03
-3.8061752930e+03
3.1418129883e+03
8.5254547119e+02
-1.4890476074e+03
-3.7452687988e+03
3.2218701172e+03
8.9966003418e+02
-1.4571673584e+03
-3.7317390137e+03
3.2495512695e+03
9.2600213623e+02
-1.3941556396e+03
-3.6487348633e+03
2.7696462402e+03
6.8255694580e+02
-1.3011931152e+03
-3.2786088867e+03
2.7422399902e+03
6.7600500488e+02
-1.3072718506e+03
-3.3083850098e+03
2.7156484375e+03
6.5062335205e+02
-1.3428341064e+03
-3.3655295410e+03
2.6589443359e+03
6.1168298340e+02
-1.3595306396e+03
-3.3743173828e+03
2.6280214844e+03
5.7926019287e+02
-1.3928385010e+03
-3.4120698242e+03
2.5876958008e+03
5.4718145752e+02
-1.4122946777e+03
-3.4239755859e+03
2.5605644531e+03
5.2187432861e+02
-1.4337084961e+03
-3.4434965820e+03
2.5340866699e+03
5.0015713501e+02
-1.4480386963e+03
-3.4524516602e+03
2.5155791016e+03
4.8377908325e+02
-1.4608466797e+03
-3.4626057129e+03
2.5005239258e+03
4.7138034058e+02
-1.4692369385e+03
-3.4677770996e+03
2.4913020020e+03
4.6342758179e+02
-1.4752307129e+03
-3.4721520996e+03
2.4864099121e+03
4.5940631104e+02
-1.4779661865e+03
-3.4738090820e+03
2.4864099121e+03
4.5940631104e+02
-1.4779661865e+03
-3.4738090820e+03
2.4913020020e+03
4.6342758179e+02
-1.4752307129e+03
-3.4721520996e+03
2.5005239258e+03
4.7138034058e+02
-1.4692369385e+03
-3.4677770996e+03
2.5155791016e+03
4.8377908325e+02
-1.4608466797e+03
-3.4626057129e+03
2.5340866699e+03
5.0015713501e+02
-1.4480386963e+03
-3.4524516602e+03
2.5605644531e+03
5.2187432861e+02
-1.4337084961e+03
-3.4434965820e+03
2.5876958008e+03
5.4718145752e+02
-1.4122946777e+03
-3.4239755859e+03
2.6280214844e+03
5.7926019287e+02
-1.3928385010e+03
-3.4120698242e+03
2.6589443359e+03
6.1168298340e+02
-1.3595306396e+03
-3.3743173828e+03
2.7156484375e+03
6.5062335205e+02
-1.3428341064e+03
-3.3655295410e+03
2.7422399902e+03
6.7600500488e+02
-1.3072718506e+03
-3.3083850098e+03
2.7696462402e+03
6.8255694580e+02
-1.3011931152e+03
-3.2786088867e+03
2.2446000977e+03
4.5776916504e+02
-1.2514838867e+03
-2.8384165039e+03
2.2496745605e+03
4.8875354004e+02
-1.2330526123e+03
-2.8610363770e+03
2.2123493652e+03
4.8017623901e+02
-1.2341967773e+03
-2.8735346680e+03
2.1919194336e+03
4.6130984497e+02
-1.2626046143e+03
-2.9087487793e+03
2.1525710449e+03
4.3576046753e+02
-1.2782330322e+03
-2.9162407227e+03
2.1290122070e+03
4.1395797729e+02
-1.3019451904e+03
-2.9384782715e+03
2.1017424316e+03
3.9308865356e+02
-1.3173330078e+03
-2.9471818848e+03
2.0831884766e+03
3.7664508057e+02
-1.3329537354e+03
-2.9598864746e+03
2.0660683594e+03
3.6295770264e+02
-1.3434869385e+03
-2.9661726074e+03
2.0546906738e+03
3.5312680054e+02
-1.3522333984e+03
-2.9727324219e+03
2.0464143066e+03
3.4642501831e+02
-1.3574437256e+03
-2.9758901367e+03
2.0426096191e+03
3.4317401123e+02
-1.3602569580e+03
-2.9779218750e+03
2.0426096191e+03
3.4317401123e+02
-1.3602569580e+03
-2.9779218750e+03
2.0464143066e+03
3.4642501831e+02
-1.3574437256e+03
-2.9758901367e+03
2.0546906738e+03
3.5312680054e+02
-1.3522333984e+03
-2.9727324219e+03
2.0660683594e+03
3.6295770264e+02
-1.3434869385e+03
-2.9661726074e+03
2.0831884766e+03
3.7664508057e+02
-1.3329537354e+03
-2.9598864746e+03
2.1017424316e+03
3.9308865356e+02
-1.3173330078e+03
-2.9471818848e+03
2.1290122070e+03
4.1395797729e+02
-1.3019451904e+03
-2.9384782715e+03
2.1525710449e+03
4.3576046753e+02
-1.2782330322e+03
-2.9162407227e+03
2.1919194336e+03
4.6130984497e+02
-1.2626046143e+03
-2.9087487793e+03
2.2123493652e+03
4.8017623901e+02
-1.2341967773e+03
-2.8735346680e+03
2.2496745605e+03
4.8875354004e+02
-1.2330526123e+03
-2.8610363770e+03
2.2446000977e+03
4.5776916504e+02
-1.2514838867e+03
-2.8384165039e+03
1.7124064941e+03
2.0887594604e+02
-1.1488746338e+03
-2.4102487793e+03
1.7299584961e+03
2.6666552734e+02
-1.0954514160e+03
-2.3993955078e+03
1.7213439941e+03
2.7831243896e+02
-1.0895745850e+03
-2.4202255859e+03
1.6938626709e+03
2.6590020752e+02
-1.0916264648e+03
-2.4234377441e+03
1.6774145508e+03
2.5060870361e+02
-1.1095081787e+03
-2.4465063477e+03
1.6521624756e+03
2.3209175110e+02
-1.1203155518e+03
-2.4529824219e+03
1.6360150146e+03
2.1667515564e+02
-1.1350336914e+03
-2.4675070801e+03
1.6186187744e+03
2.0253482056e+02
-1.1448079834e+03
-2.4739323730e+03
1.6069370117e+03
1.9170910645e+02
-1.1543675537e+03
-2.4823513184e+03
1.5968332520e+03
1.8323605347e+02
-1.1605523682e+03
-2.4865786133e+03
1.5908349609e+03
1.7778407288e+02
-1.1652003174e+03
-2.4904543457e+03
1.5875191650e+03
1.7497851562e+02
-1.1672849121e+03
-2.4918969727e+03
1.5875191650e+03
1.7497851562e+02
-1.1672849121e+03
-2.4918969727e+03
1.5908349609e+03
1.7778407288e+02
-1.1652003174e+03
-2.4904543457e+03
1.5968332520e+03
1.8323605347e+02
-1.1605523682e+03
-2.4865786133e+03
1.6069370117e+03
1.9170910645e+02
-1.1543675537e+03
-2.4823513184e+03
1.6186187744e+03
2.0253482056e+02
-1.1448079834e+03
-2.4739323730e+03
1.6360150146e+03
2.1667515564e+02
-1.1350336914e+03
-2.4675070801e+03
1.6521624756e+03
2.3209175110e+02
-1.1203155518e+03
-2.4529824219e+03
1.6774145508e+03
2.5060870361e+02
-1.1095081787e+03
-2.4465063477e+03
1.6938626709e+03
2.6590020752e+02
-1.0916264648e+03
-2.4234377441e+03
1.7213439941e+03
2.7831243896e+02
-1.0895745850e+03
-2.4202255859e+03
1.7299584961e+03
2.6666552734e+02
-1.0954514160e+03
-2.3993955078e+03
1.7124064941e+03
2.0887594604e+02
-1.1488746338e+03
-2.4102487793e+03
1.1699642334e+03
-1.5694452286e+01
-1.0613369141e+03
-1.9446872559e+03
1.2081302490e+03
6.7663986206e+01
-9.8221362305e+02
-1.9212650146e+03
1.2006545410e+03
9.2773239136e+01
-9.5358880615e+02
-1.9194816895e+03
1.1950002441e+03
9.3809028625e+01
-9.5666473389e+02
-1.9323392334e+03
1.1745665283e+03
8.4106857300e+01
-9.6001068115e+02
-1.9346613770e+03
1.1628952637e+03
7.3372390747e+01
-9.7250671387e+02
-1.9483156738e+03
1.1465375977e+03
6.1445114136e+01
-9.8048950195e+02
-1.9529814453e+03
1.1360056152e+03
5.1666839600e+01
-9.9028607178e+02
-1.9619538574e+03
1.1252514648e+03
4.3048057556e+01
-9.9674975586e+02
-1.9660903320e+03
1.1183967285e+03
3.6797527313e+01
-1.0026328125e+03
-1.9710965576e+03
1.1130849609e+03
3.2408714294e+01
-1.0060559692e+03
-1.9733863525e+03
1.1107337646e+03
3.0285545349e+01
-1.0080052490e+03
-1.9749970703e+03
1.1107337646e+03
3.0285545349e+01
-1.0080052490e+03
-1.9749970703e+03
1.1130849609e+03
3.2408714294e+01
-1.0060559692e+03
-1.9733863525e+03
1.1183967285e+03
3.6797527313e+01
-1.0026328125e+03
-1.9710965576e+03
1.1252514648e+03
4.3048057556e+01
-9.9674975586e+02
-1.9660903320e+03
1.1360056152e+03
5.1666839600e+01
-9.9028607178e+02
-1.9619538574e+03
1.1465375977e+03
6.1445114136e+01
-9.8048950195e+02
-1.9529814453e+03
1.1628952637e+03
7.3372390747e+01
-9.7250671387e+02
-1.9483156738e+03
1.1745665283e+03
8.4106857300e+01
-9.6001068115e+02
-1.9346613770e+03
1.1950002441e+03
9.3809028625e+01
-9.5666473389e+02
-1.9323392334e+03
1.2006545410e+03
9.2773239136e+01
-9.5358880615e+02
-1.9194816895e+03
1.2081302490e+03
6.7663986206e+01
-9.8221362305e+02
-1.9212650146e+03
1.1699642334e+03
-1.5694452286e+01
-1.0613369141e+03
-1.9446872559e+03
6.3537988281e+02
-2.3874517822e+02
-9.3648889160e+02
-1.4783475342e+03
6.8315014648e+02
-1.3641850281e+02
-8.3746551514e+02
-1.4349316406e+03
6.9061303711e+02
-9.8045776367e+01
-8.0205426025e+02
-1.4324888916e+03
6.8337353516e+02
-9.1411293030e+01
-7.9082434082e+02
-1.4280178223e+03
6.7743048096e+02
-9.3849746704e+01
-7.9534698486e+02
-1.4384331055e+03
6.6419287109e+02
-1.0185649872e+02
-7.9891162109e+02
-1.4403267822e+03
6.5614782715e+02
-1.0954563904e+02
-8.0712524414e+02
-1.4493032227e+03
6.4589770508e+02
-1.1753216553e+02
-8.1250341797e+02
-1.4527714844e+03
6.3936816406e+02
-1.2382453918e+02
-8.1860870361e+02
-1.4585819092e+03
6.3314263916e+02
-1.2901240540e+02
-8.2245806885e+02
-1.4612770996e+03
6.2961059570e+02
-1.3236689758e+02
-8.2558557129e+02
-1.4641066895e+03
6.2752893066e+02
-1.3413865662e+02
-8.2694390869e+02
-1.4650887451e+03
6.2752893066e+02
-1.3413865662e+02
-8.2694390869e+02
-1.4650887451e+03
6.2961059570e+02
-1.3236689758e+02
-8.2558557129e+02
-1.4641066895e+03
6.3314263916e+02
-1.2901240540e+02
-8.2245806885e+02
-1.4612770996e+03
6.3936816406e+02
-1.2382453918e+02
-8.1860870361e+02
-1.4585819092e+03
6.4589770508e+02
-1.1753216553e+02
-8.1250341797e+02
-1.4527714844e+03
6.5614782715e+02
-1.0954563904e+02
-8.0712524414e+02
-1.4493032227e+03
6.6419287109e+02
-1.0185649872e+02
-7.9891162109e+02
-1.4403267822e+03
6.7743048096e+02
-9.3849746704e+01
-7.9534698486e+02
-1.4384331055e+03
6.8337353516e+02
-9.1411293030e+01
-7.9082434082e+02
-1.4280178223e+03
6.9061303711e+02
-9.8045776367e+01
-8.0205426025e+02
-1.4324888916e+03
6.8315014648e+02
-1.3641850281e+02
-8.3746551514e+02
-1.4349316406e+03
6.3537988281e+02
-2.3874517822e+02
-9.3648889160e+02
-1.4783475342e+03
1.0788137054e+02
-4.3642794800e+02
-8.0546917725e+02
-9.8999145508e+02
1.6456109619e+02
-3.2239474487e+02
-6.9225433350e+02
-9.3899194336e+02
1.7325590515e+02
-2.7762145996e+02
-6.4571594238e+02
-9.2646191406e+02
1.7691032410e+02
-2.6445852661e+02
-6.3434899902e+02
-9.2658135986e+02
1.6838999939e+02
-2.6436099243e+02
-6.3081085205e+02
-9.2600299072e+02
1.6364660645e+02
-2.6821170044e+02
-6.3613146973e+02
-9.3363854980e+02
1.5446311951e+02
-2.7439010620e+02
-6.3986383057e+02
-9.3616876221e+02
1.4886544800e+02
-2.7992742920e+02
-6.4592425537e+02
-9.4249139404e+02
1.4228848267e+02
-2.8523287964e+02
-6.4990606689e+02
-9.4534399414e+02
1.3829112244e+02
-2.8915716553e+02
-6.5391687012e+02
-9.4920343018e+02
1.3492202759e+02
-2.9201770020e+02
-6.5620483398e+02
-9.5092279053e+02
1.3349935913e+02
-2.9340026855e+02
-6.5758154297e+02
-9.5221197510e+02
1.3349935913e+02
-2.9340026855e+02
-6.5758154297e+02
-9.5221197510e+02
1.3492202759e+02
-2.9201770020e+02
-6.5620483398e+02
-9.5092279053e+02
1.3829112244e+02
-2.8915716553e+02
-6.5391687012e+02
-9.4920343018e+02
1.4228848267e+02
-2.8523287964e+02
-6.4990606689e+02
-9.4534399414e+02
1.4886544800e+02
-2.7992742920e+02
-6.4592425537e+02
-9.4249139404e+02
1.5446311951e+02
-2.7439010620e+02
-6.3986383057e+02
-9.3616876221e+02
1.6364660645e+02
-2.6821170044e+02
-6.3613146973e+02
-9.3363854980e+02
1.6838999939e+02
-2.6436099243e+02
-6.3081085205e+02
-9.2600299072e+02
1.7691032410e+02
-2.6445852661e+02
-6.3434899902e+02
-9.2658135986e+02
1.7325590515e+02
-2.7762145996e+02
-6.4571594238e+02
-9.2646191406e+02
1.6456109619e+02
-3.2239474487e+02
-6.9225433350e+02
-9.3899194336e+02
1.0788137054e+02
-4.3642794800e+02
-8.0546917725e+02
-9.8999145508e+02
-4.0533221436e+02
-6.1946307373e+02
-6.4625494385e+02
-4.9290438843e+02
-3.4775827026e+02
-5.0033493042e+02
-5.2818365479e+02
-4.3489080811e+02
-3.3447521973e+02
-4.5183004761e+02
-4.8082131958e+02
-4.2331292725e+02
-3.3306719971e+02
-4.3767196655e+02
-4.6480242920e+02
-4.1694546509e+02
-3.3496957397e+02
-4.3511782837e+02
-4.6385650635e+02
-4.2248696899e+02
-3.4230288696e+02
-4.3880023193e+02
-4.6539309692e+02
-4.2435250854e+02
-3.4698739624e+02
-4.4344210815e+02
-4.7108566284e+02
-4.3147238159e+02
-3.5374844360e+02
-4.4888351440e+02
-4.7519073486e+02
-4.3483459473e+02
-3.5799536133e+02
-4.5336386108e+02
-4.8009692383e+02
-4.4004547119e+02
-3.6234805298e+02
-4.5720046997e+02
-4.8326943970e+02
-4.4270120239e+02
-3.6475512695e+02
-4.5971090698e+02
-4.8590573120e+02
-4.4537673950e+02
-3.6624325562e+02
-4.6105859375e+02
-4.8705511475e+02
-4.4635607910e+02
-3.6624325562e+02
-4.6105859375e+02
-4.8705511475e+02
-4.4635607910e+02
-3.6475512695e+02
-4.5971090698e+02
-4.8590573120e+02
-4.4537673950e+02
-3.6234805298e+02
-4.5720046997e+02
-4.8326943970e+02
-4.4270120239e+02
-3.5799536133e+02
-4.5336386108e+02
-4.8009692383e+02
-4.4004547119e+02
-3.5374844360e+02
-4.4888351440e+02
-4.7519073486e+02
-4.3483459473e+02
-3.4698739624e+02
-4.4344210815e+02
-4.7108566284e+02
-4.3147238159e+02
-3.4230288696e+02
-4.3880023193e+02
-4.6539309692e+02
-4.2435250854e+02
-3.3496957397e+02
-4.3511782837e+02
-4.6385650635e+02
-4.2248696899e+02
-3.3306719971e+02
-4.3767196655e+02
-4.6480242920e+02
-4.1694546509e+02
-3.3447521973e+02
-4.5183004761e+02
-4.8082131958e+02
-4.2331292725e+02
-3.4775827026e+02
-5.0033493042e+02
-5.2818365479e+02
-4.3489080811e+02
-4.0533221436e+02
-6.1946307373e+02
-6.4625494385e+02
-4.9290438843e+02
-9.0541632080e+02
-7.7825183105e+02
-4.7086279297e+02
2.0375852585e+01
-8.5088421631e+02
-6.6259344482e+02
-3.5395208740e+02
7.6807891846e+01
-8.4099749756e+02
-6.1661968994e+02
-3.0679098511e+02
8.8932945251e+01
-8.3750134277e+02
-6.0309631348e+02
-2.9425866699e+02
8.9689651489e+01
-8.4342419434e+02
-6.0229272461e+02
-2.9206582642e+02
8.7011268616e+01
-8.4780798340e+02
-6.0602655029e+02
-2.9722381592e+02
7.9013000488e+01
-8.5535638428e+02
-6.1187908936e+02
-3.0199499512e+02
7.4079139709e+01
-8.6037701416e+02
-6.1737744141e+02
-3.0840490723e+02
6.6794914246e+01
-8.6608862305e+02
-6.2257458496e+02
-3.1303259277e+02
6.2480400085e+01
-8.6967236328e+02
-6.2649499512e+02
-3.1738412476e+02
5.7840499878e+01
-8.7266326904e+02
-6.2933190918e+02
-3.1999322510e+02
5.5414268494e+01
-8.7394244385e+02
-6.3071752930e+02
-3.2150109863e+02
5.3838092804e+01
-8.7394244385e+02
-6.3071752930e+02
-3.2150109863e+02
5.3838092804e+01
-8.7266326904e+02
-6.2933190918e+02
-3.1999322510e+02
5.5414268494e+01
-8.6967236328e+02
-6.2649499512e+02
-3.1738412476e+02
5.7840499878e+01
-8.6608862305e+02
-6.2257458496e+02
-3.1303259277e+02
6.2480400085e+01
-8.6037701416e+02
-6.1737744141e+02
-3.0840490723e+02
6.6794914246e+01
-8.5535638428e+02
-6.1187908936e+02
-3.0199499512e+02
7.4079139709e+01
-8.4780798340e+02
-6.0602655029e+02
-2.9722381592e+02
7.9013000488e+01
-8.4342419434e+02
-6.0229272461e+02
-2.9206582642e+02
8.7011268616e+01
-8.3750134277e+02
-6.0309631348e+02
-2.9425866699e+02
8.9689651489e+01
-8.4099749756e+02
-6.1661968994e+02
-3.0679098511e+02
8.8932945251e+01
-8.5088421631e+02
-6.6259344482e+02
-3.5395208740e+02
7.6807891846e+01
-9.0541632080e+02
-7.7825183105e+02
-4.7086279297e+02
2.0375852585e+01
-1.3898067627e+03
-9.1800903320e+02
-2.7265527344e+02
5.4497186279e+02
-1.3446948242e+03
-8.1246051025e+02
-1.6578349304e+02
5.9615460205e+02
-1.3389884033e+03
-7.7270532227e+02
-1.2593292236e+02
6.0213824463e+02
-1.3413455811e+03
-7.6414630127e+02
-1.1682115173e+02
6.0103765869e+02
-1.3475103760e+03
-7.6617694092e+02
-1.2027400208e+02
5.9112231445e+02
-1.3566500244e+03
-7.7318707275e+02
-1.2668344116e+02
5.8321679688e+02
-1.3638509521e+03
-7.8075207520e+02
-1.3556280518e+02
5.7257592773e+02
-1.3719128418e+03
-7.8838970947e+02
-1.4280621338e+02
5.6527673340e+02
-1.3775692139e+03
-7.9468090820e+02
-1.4987829590e+02
5.5755157471e+02
-1.3827297363e+03
-7.9979986572e+02
-1.5482754517e+02
5.5268133545e+02
-1.3857819824e+03
-8.0318530273e+02
-1.5855352783e+02
5.4871539307e+02
-1.3875423584e+03
-8.0495581055e+02
-1.6028091431e+02
5.4701861572e+02
-1.3875423584e+03
-8.0495581055e+02
-1.6028091431e+02
5.4701861572e+02
-1.3857819824e+03
-8.0318530273e+02
-1.5855352783e+02
5.4871539307e+02
-1.3827297363e+03
-7.9979986572e+02
-1.5482754517e+02
5.5268133545e+02
-1.3775692139e+03
-7.9468090820e+02
-1.4987829590e+02
5.5755157471e+02
-1.3719128418e+03
-7.8838970947e+02
-1.4280621338e+02
5.6527673340e+02
-1.3638509521e+03
-7.8075207520e+02
-1.3556280518e+02
5.7257592773e+02
-1.3566500244e+03
-7.7318707275e+02
-1.2668344116e+02
5.8321679688e+02
-1.3475103760e+03
-7.6617694092e+02
-1.2027400208e+02
5.9112231445e+02
-1.3413455811e+03
-7.6414630127e+02
-1.1682115173e+02
6.0103765869e+02
-1.3389884033e+03
-7.7270532227e+02
-1.2593292236e+02
6.0213824463e+02
-1.3446948242e+03
-8.1246051025e+02
-1.6578349304e+02
5.9615460205e+02
-1.3898067627e+03
-9.1800903320e+02
-2.7265527344e+02
5.4497186279e+02
-1.8585349121e+03
-1.0360109863e+03
-5.7316158295e+01
1.0805812988e+03
-1.8273254395e+03
-9.4821484375e+02
3.3685886383e+01
1.1202685547e+03
-1.8309494629e+03
-9.1983087158e+02
6.3333393097e+01
1.1189327393e+03
-1.8384891357e+03
-9.1857006836e+02
6.3909633636e+01
1.1089941406e+03
-1.8516099854e+03
-9.2685528564e+02
5.5790374756e+01
1.0956900635e+03
-1.8629589844e+03
-9.3801452637e+02
4.3208503723e+01
1.0803070068e+03
-1.8752250977e+03
-9.4966119385e+02
3.1687351227e+01
1.0679707031e+03
-1.8846340332e+03
-9.5992315674e+02
2.0339387894e+01
1.0555665283e+03
-1.8933775635e+03
-9.6873101807e+02
1.1576515198e+01
1.0466970215e+03
-1.8994042969e+03
-9.7535638428e+02
4.3527188301e+00
1.0390253906e+03
-1.9038847656e+03
-9.7994177246e+02
-2.3366376758e-01
1.0344291992e+03
-1.9059509277e+03
-9.8220697021e+02
-2.6848564148e+00
1.0318508301e+03
-1.9059509277e+03
-9.8220697021e+02
-2.6848564148e+00
1.0318508301e+03
-1.9038847656e+03
-9.7994177246e+02
-2.3366376758e-01
1.0344291992e+03
-1.8994042969e+03
-9.7535638428e+02
4.3527188301e+00
1.0390253906e+03
-1.8933775635e+03
-9.6873101807e+02
1.1576515198e+01
1.0466970215e+03
-1.8846340332e+03
-9.5992315674e+02
2.0339387894e+01
1.0555665283e+03
-1.8752250977e+03
-9.4966119385e+02
3.1687351227e+01
1.0679707031e+03
-1.8629589844e+03
-9.3801452637e+02
4.3208503723e+01
1.0803070068e+03
-1.8516099854e+03
-9.2685528564e+02
5.5790374756e+01
1.0956900635e+03
-1.8384891357e+03
-9.1857006836e+02
6.3909633636e+01
1.1089941406e+03
-1.8309494629e+03
-9.1983087158e+02
6.3333393097e+01
1.1189327393e+03
-1.8273254395e+03
-9.4821484375e+02
3.3685886383e+01
1.1202685547e+03
-1.8585349121e+03
-1.0360109863e+03
-5.7316158295e+01
1.0805812988e+03
-2.3089641113e+03
-1.1351904297e+03
1.7390759277e+02
1.6215118408e+03
-2.2963320312e+03
-1.0706365967e+03
2.4226147461e+02
1.6457354736e+03
-2.3112216797e+03
-1.0570101318e+03
2.5694921875e+02
1.6328140869e+03
-2.3288991699e+03
-1.0662788086e+03
2.4776312256e+02
1.6148590088e+03
-2.3478569336e+03
-1.0821115723e+03
2.3071856689e+02
1.5922950439e+03
-2.3665578613e+03
-1.0998577881e+03
2.1278118896e+02
1.5726237793e+03
-2.3822841797e+03
-1.1162202148e+03
1.9515388489e+02
1.5533964844e+03
-2.3966684570e+03
-1.1307613525e+03
1.8052331543e+02
1.5384425049e+03
-2.4075947266e+03
-1.1424824219e+03
1.6798869324e+02
1.5252734375e+03
-2.4164228516e+03
-1.1515356445e+03
1.5887991333e+02
1.5161121826e+03
-2.4220009766e+03
-1.1575310059e+03
1.5251181030e+02
1.5095018311e+03
-2.4249648438e+03
-1.1605830078e+03
1.4943873596e+02
1.5064228516e+03
-2.4249648438e+03
-1.1605830078e+03
1.4943873596e+02
1.5064228516e+03
-2.4220009766e+03
-1.1575310059e+03
1.5251181030e+02
1.5095018311e+03
-2.4164228516e+03
-1.1515356445e+03
1.5887991333e+02
1.5161121826e+03
-2.4075947266e+03
-1.1424824219e+03
1.6798869324e+02
1.5252734375e+03
-2.3966684570e+03
-1.1307613525e+03
1.8052331543e+02
1.5384425049e+03
-2.3822841797e+03
-1.1162202148e+03
1.9515388489e+02
1.5533964844e+03
-2.3665578613e+03
-1.0998577881e+03
2.1278118896e+02
1.5726237793e+03
-2.3478569336e+03
-1.0821115723e+03
2.3071856689e+02
1.5922950439e+03
-2.3288991699e+03
-1.0662788086e+03
2.4776312256e+02
1.6148590088e+03
-2.3112216797e+03
-1.0570101318e+03
2.5694921875e+02
1.6328140869e+03
-2.2963320312e+03
-1.0706365967e+03
2.4226147461e+02
1.6457354736e+03
-2.3089641113e+03
-1.1351904297e+03
1.7390759277e+02
1.6215118408e+03
-2.7379758301e+03
-1.2158026123e+03
4.1488003540e+02
2.1604611816e+03
-2.7472558594e+03
-1.1796694336e+03
4.5645635986e+02
2.1652458496e+03
-2.7765434570e+03
-1.1842269287e+03
4.5363723755e+02
2.1392822266e+03
-2.8048349609e+03
-1.2058886719e+03
4.3166256714e+02
2.1094550781e+03
-2.8337067871e+03
-1.2316066895e+03
4.0570739746e+02
2.0793015137e+03
-2.8587141113e+03
-1.2567259521e+03
3.7944631958e+02
2.0509121094e+03
-2.8815505371e+03
-1.2794949951e+03
3.5647906494e+02
2.0272099609e+03
-2.8999404297e+03
-1.2987249756e+03
3.3637557983e+02
2.0063542480e+03
-2.9153854980e+03
-1.3144160156e+03
3.2061364746e+02
1.9905241699e+03
-2.9265402832e+03
-1.3261324463e+03
3.0842135620e+02
1.9780485840e+03
-2.9342878418e+03
-1.3340332031e+03
3.0049868774e+02
1.9701545410e+03
-2.9380231934e+03
-1.3379527588e+03
2.9643371582e+02
1.9660172119e+03
-2.9380231934e+03
-1.3379527588e+03
2.9643371582e+02
1.9660172119e+03
-2.9342878418e+03
-1.3340332031e+03
3.0049868774e+02
1.9701545410e+03
-2.9265402832e+03
-1.3261324463e+03
3.0842135620e+02
1.9780485840e+03
-2.9153854980e+03
-1.3144160156e+03
3.2061364746e+02
1.9905241699e+03
-2.8999404297e+03
-1.2987249756e+03
3.3637557983e+02
2.0063542480e+03
-2.8815505371e+03
-1.2794949951e+03
3.5647906494e+02
2.0272099609e+03
-2.8587141113e+03
-1.2567259521e+03
3.7944631958e+02
2.0509121094e+03
-2.8337067871e+03
-1.2316066895e+03
4.0570739746e+02
2.0793015137e+03
-2.8048349609e+03
-1.2058886719e+03
4.3166256714e+02
2.1094550781e+03
-2.7765434570e+03
-1.1842269287e+03
4.5363723755e+02
2.1392822266e+03
-2.7472558594e+03
-1.1796694336e+03
4.5645635986e+02
2.1652458496e+03
-2.7379758301e+03
-1.2158026123e+03
4.1488003540e+02
2.1604611816e+03
-3.1401992188e+03
-1.2800745850e+03
6.5910876465e+02
2.6863076172e+03
-3.1737207031e+03
-1.2752086182e+03
6.7040234375e+02
2.6692565918e+03
-3.2187541504e+03
-1.2998350830e+03
6.4773455811e+02
2.6280969238e+03
-3.2603244629e+03
-1.3356594238e+03
6.1216375732e+02
2.5866499023e+03
-3.2987663574e+03
-1.3720072021e+03
5.7513391113e+02
2.5459003906e+03
-3.3331030273e+03
-1.4059184570e+03
5.4100811768e+02
2.5106503906e+03
-3.3621315918e+03
-1.4354116211e+03
5.1074557495e+02
2.4794909668e+03
-3.3868964844e+03
-1.4603398438e+03
4.8581381226e+02
2.4545332031e+03
-3.4062082520e+03
-1.4801711426e+03
4.6553939819e+02
2.4340458984e+03
-3.4210434570e+03
-1.4951273193e+03
4.5065093994e+02
2.4193134766e+03
-3.4306821289e+03
-1.5050201416e+03
4.4058050537e+02
2.4092165527e+03
-3.4356157227e+03
-1.5099915771e+03
4.3564230347e+02
2.4043508301e+03
-3.4356157227e+03
-1.5099915771e+03
4.3564230347e+02
2.4043508301e+03
-3.4306821289e+03
-1.5050201416e+03
4.4058050537e+02
2.4092165527e+03
-3.4210434570e+03
-1.4951273193e+03
4.5065093994e+02
2.4193134766e+03
-3.4062082520e+03
-1.4801711426e+03
4.6553939819e+02
2.4340458984e+03
-3.3868964844e+03
-1.4603398438e+03
4.8581381226e+02
2.4545332031e+03
-3.3621315918e+03
-1.4354116211e+03
5.1074557495e+02
2.4794909668e+03
-3.3331030273e+03
-1.4059184570e+03
5.4100811768e+02
2.5106503906e+03
-3.2987663574e+03
-1.3720072021e+03
5.7513391113e+02
2.5459003906e+03
-3.2603244629e+03
-1.3356594238e+03
6.1216375732e+02
2.5866499023e+03
-3.2187541504e+03
-1.2998350830e+03
6.4773455811e+02
2.6280969238e+03
-3.1737207031e+03
-1.2752086182e+03
6.7040234375e+02
2.6692565918e+03
-3.1401992188e+03
-1.2800745850e+03
6.5910876465e+02
2.6863076172e+03
-3.5087878418e+03
-1.3295330811e+03
8.9751580811e+02
3.1849199219e+03
-3.5674594727e+03
-1.3573850098e+03
8.7758074951e+02
3.1448659668e+03
-3.6292565918e+03
-1.4030822754e+03
8.3434533691e+02
3.0881655273e+03
-3.6841191406e+03
-1.4535793457e+03
7.8418945312e+02
3.0336748047e+03
-3.7339924316e+03
-1.5014466553e+03
7.3641357422e+02
2.9835551758e+03
-3.7768637695e+03
-1.5442501221e+03
6.9317694092e+02
2.9393940430e+03
-3.8140222168e+03
-1.5811960449e+03
6.5636645508e+02
2.9025336914e+03
-3.8443327637e+03
-1.6117994385e+03
6.2553906250e+02
2.8716838379e+03
-3.8688740234e+03
-1.6362506104e+03
6.0135229492e+02
2.8478730469e+03
-3.8869020996e+03
-1.6544221191e+03
5.8314105225e+02
2.8298293457e+03
-3.8990852051e+03
-1.6665349121e+03
5.7121569824e+02
2.8181782227e+03
-3.9050676270e+03
-1.6725510254e+03
5.6520654297e+02
2.8122521973e+03
-3.9050676270e+03
-1.6725510254e+03
5.6520654297e+02
2.8122521973e+03
-3.8990852051e+03
-1.6665349121e+03
5.7121569824e+02
2.8181782227e+03
-3.8869020996e+03
-1.6544221191e+03
5.8314105225e+02
2.8298293457e+03
-3.8688740234e+03
-1.6362506104e+03
6.0135229492e+02
2.8478730469e+03
-3.8443327637e+03
-1.6117994385e+03
6.2553906250e+02
2.8716838379e+03
-3.8140222168e+03
-1.5811960449e+03
6.5636645508e+02
2.9025336914e+03
-3.7768637695e+03
-1.5442501221e+03
6.9317694092e+02
2.9393940430e+03
-3.7339924316e+03
-1.5014466553e+03
7.3641357422e+02
2.9835551758e+03
-3.6841191406e+03
-1.4535793457e+03
7.8418945312e+02
3.0336748047e+03
-3.6292565918e+03
-1.4030822754e+03
8.3434533691e+02
3.0881655273e+03
-3.5674594727e+03
-1.3573850098e+03
8.7758074951e+02
3.1448659668e+03
-3.5087878418e+03
-1.3295330811e+03
8.9751580811e+02
3.1849199219e+03
-3.8355236816e+03
-1.3663620605e+03
1.1200433350e+03
3.6396965332e+03
-3.9186223145e+03
-1.4259206543e+03
1.0695020752e+03
3.5770295410e+03
-3.9968076172e+03
-1.4921387939e+03
1.0061275024e+03
3.5049091797e+03
-4.0653544922e+03
-1.5571555176e+03
9.4198596191e+02
3.4383659668e+03
-4.1257993164e+03
-1.6161118164e+03
8.8322363281e+02
3.3781147461e+03
-4.1782246094e+03
-1.6679312744e+03
8.3177142334e+02
3.3266755371e+03
-4.2224570312e+03
-1.7119368896e+03
7.8788250732e+02
3.2829541016e+03
-4.2593061523e+03
-1.7483732910e+03
7.5200512695e+02
3.2477438965e+03
-4.2882871094e+03
-1.7771671143e+03
7.2346923828e+02
3.2196955566e+03
-4.3101240234e+03
-1.7986540527e+03
7.0246691895e+02
3.1992993164e+03
-4.3244687500e+03
-1.8128511963e+03
6.8847216797e+02
3.1856455078e+03
-4.3316987305e+03
-1.8199439697e+03
6.8156610107e+02
3.1789716797e+03
-4.3316987305e+03
-1.8199439697e+03
6.8156610107e+02
3.1789716797e+03
-4.3244687500e+03
-1.8128511963e+03
6.8847216797e+02
3.1856455078e+03
-4.3101240234e+03
-1.7986540527e+03
7.0246691895e+02
3.1992993164e+03
-4.2882871094e+03
-1.7771671143e+03
7.2346923828e+02
3.2196955566e+03
-4.2593061523e+03
-1.7483732910e+03
7.5200512695e+02
3.2477438965e+03
-4.2224570312e+03
-1.7119368896e+03
7.8788250732e+02
3.2829541016e+03
-4.1782246094e+03
-1.6679312744e+03
8.3177142334e+02
3.3266755371e+03
-4.1257993164e+03
-1.6161118164e+03
8.8322363281e+02
3.3781147461e+03
-4.0653544922e+03
-1.5571555176e+03
9.4198596191e+02
3.4383659668e+03
-3.9968076172e+03
-1.4921387939e+03
1.0061275024e+03
3.5049091797e+03
-3.9186223145e+03
-1.4259206543e+03
1.0695020752e+03
3.5770295410e+03
-3.8355236816e+03
-1.3663620605e+03
1.1200433350e+03
3.6396965332e+03
-4.1114365234e+03
-1.3925339355e+03
1.3156646729e+03
4.0326696777e+03
-4.2167031250e+03
-1.4808742676e+03
1.2375576172e+03
3.9494426270e+03
-4.3099130859e+03
-1.5657589111e+03
1.1559234619e+03
3.8634125977e+03
-4.3907177734e+03
-1.6439243164e+03
1.0789307861e+03
3.7855534668e+03
-4.4614614258e+03
-1.7131657715e+03
1.0105338135e+03
3.7168723145e+03
-4.5220244141e+03
-1.7730334473e+03
9.5120251465e+02
3.6579934082e+03
-4.5735610352e+03
-1.8236896973e+03
9.0141259766e+02
3.6091040039e+03
-4.6157690430e+03
-1.8652711182e+03
8.6050024414e+02
3.5690761719e+03
-4.6494667969e+03
-1.8981839600e+03
8.2845599365e+02
3.5380407715e+03
-4.6743891602e+03
-1.9225815430e+03
8.0462701416e+02
3.5149541016e+03
-4.6910410156e+03
-1.9387573242e+03
7.8898144531e+02
3.4999228516e+03
-4.6992832031e+03
-1.9467945557e+03
7.8116516113e+02
3.4923889160e+03
-4.6992832031e+03
-1.9467945557e+03
7.8116516113e+02
3.4923889160e+03
-4.6910410156e+03
-1.9387573242e+03
7.8898144531e+02
3.4999228516e+03
-4.6743891602e+03
-1.9225815430e+03
8.0462701416e+02
3.5149541016e+03
-4.6494667969e+03
-1.8981839600e+03
8.2845599365e+02
3.5380407715e+03
-4.6157690430e+03
-1.8652711182e+03
8.6050024414e+02
3.5690761719e+03
-4.5735610352e+03
-1.8236896973e+03
9.0141259766e+02
3.6091040039e+03
-4.5220244141e+03
-1.7730334473e+03
9.5120251465e+02
3.6579934082e+03
-4.4614614258e+03
-1.7131657715e+03
1.0105338135e+03
3.7168723145e+03
-4.3907177734e+03
-1.6439243164e+03
1.0789307861e+03
3.7855534668e+03
-4.3099130859e+03
-1.5657589111e+03
1.1559234619e+03
3.8634125977e+03
-4.2167031250e+03
-1.4808742676e+03
1.2375576172e+03
3.9494426270e+03
-4.1114365234e+03
-1.3925339355e+03
1.3156646729e+03
4.0326696777e+03
-4.3277929688e+03
-1.4100898438e+03
1.4737994385e+03
4.3462709961e+03
-4.4512934570e+03
-1.5220798340e+03
1.3729119873e+03
4.2459887695e+03
-4.5569687500e+03
-1.6223684082e+03
1.2762153320e+03
4.1484003906e+03
-4.6481933594e+03
-1.7114796143e+03
1.1887062988e+03
4.0614660645e+03
-4.7272104492e+03
-1.7891481934e+03
1.1121590576e+03
3.9854050293e+03
-4.7950537109e+03
-1.8558240967e+03
1.0466204834e+03
3.9210214844e+03
-4.8522172852e+03
-1.9118632812e+03
9.9164526367e+02
3.8672509766e+03
-4.8994091797e+03
-1.9578437500e+03
9.4691943359e+02
3.8239294434e+03
-4.9366552734e+03
-1.9940656738e+03
9.1171051025e+02
3.7899135742e+03
-4.9644916992e+03
-2.0209613037e+03
8.8578521729e+02
3.7650671387e+03
-4.9828696289e+03
-2.0387231445e+03
8.6863732910e+02
3.7486330566e+03
-4.9920688477e+03
-2.0475712891e+03
8.6015020752e+02
3.7405441895e+03
-4.9920688477e+03
-2.0475712891e+03
8.6015020752e+02
3.7405441895e+03
-4.9828696289e+03
-2.0387231445e+03
8.6863732910e+02
3.7486330566e+03
-4.9644916992e+03
-2.0209613037e+03
8.8578521729e+02
3.7650671387e+03
-4.9366552734e+03
-1.9940656738e+03
9.1171051025e+02
3.7899135742e+03
-4.8994091797e+03
-1.9578437500e+03
9.4691943359e+02
3.8239294434e+03
-4.8522172852e+03
-1.9118632812e+03
9.9164526367e+02
3.8672509766e+03
-4.7950537109e+03
-1.8558240967e+03
1.0466204834e+03
3.9210214844e+03
-4.7272104492e+03
-1.7891481934e+03
1.1121590576e+03
3.9854050293e+03
-4.6481933594e+03
-1.7114796143e+03
1.1887062988e+03
4.0614660645e+03
-4.5569687500e+03
-1.6223684082e+03
1.2762153320e+03
4.1484003906e+03
-4.4512934570e+03
-1.5220798340e+03
1.3729119873e+03
4.2459887695e+03
-4.3277929688e+03
-1.4100898438e+03
1.4737994385e+03
4.3462709961e+03
-4.4768496094e+03
-1.4207080078e+03
1.5850531006e+03
4.5650361328e+03
-4.6133847656e+03
-1.5495726318e+03
1.4679937744e+03
4.4525966797e+03
-4.7279970703e+03
-1.6608604736e+03
1.3605432129e+03
4.3467783203e+03
-4.8266049805e+03
-1.7577683105e+03
1.2654780273e+03
4.2532358398e+03
-4.9117846680e+03
-1.8415325928e+03
1.1832326660e+03
4.1721928711e+03
-4.9846059570e+03
-1.9130058594e+03
1.1131011963e+03
4.1035478516e+03
-5.0461376953e+03
-1.9729859619e+03
1.0546320801e+03
4.0467216797e+03
-5.0966313477e+03
-2.0220351562e+03
1.0069938354e+03
4.0006777344e+03
-5.1367016602e+03
-2.0606955566e+03
9.6971368408e+02
3.9649042969e+03
-5.1664414062e+03
-2.0893256836e+03
9.4215930176e+02
3.9385468750e+03
-5.1862045898e+03
-2.1082583008e+03
9.2404064941e+02
3.9213081055e+03
-5.1960273438e+03
-2.1176687012e+03
9.1502972412e+02
3.9127373047e+03
-5.1960273438e+03
-2.1176687012e+03
9.1502972412e+02
3.9127373047e+03
-5.1862045898e+03
-2.1082583008e+03
9.2404064941e+02
3.9213081055e+03
-5.1664414062e+03
-2.0893256836e+03
9.4215930176e+02
3.9385468750e+03
-5.1367016602e+03
-2.0606955566e+03
9.6971368408e+02
3.9649042969e+03
-5.0966313477e+03
-2.0220351562e+03
1.0069938354e+03
4.0006777344e+03
-5.0461376953e+03
-1.9729859619e+03
1.0546320801e+03
4.0467216797e+03
-4.9846059570e+03
-1.9130058594e+03
1.1131011963e+03
4.1035478516e+03
-4.9117846680e+03
-1.8415325928e+03
1.1832326660e+03
4.1721928711e+03
-4.8266049805e+03
-1.7577683105e+03
1.2654780273e+03
4.2532358398e+03
-4.7279970703e+03
-1.6608604736e+03
1.3605432129e+03
4.3467783203e+03
-4.6133847656e+03
-1.5495726318e+03
1.4679937744e+03
4.4525966797e+03
-4.4768496094e+03
-1.4207080078e+03
1.5850531006e+03
4.5650361328e+03
-4.5529130859e+03
-1.4256846924e+03
1.6425415039e+03
4.6774907227e+03
-4.6962143555e+03
-1.5633100586e+03
1.5170526123e+03
4.5587016602e+03
-4.8154946289e+03
-1.6803240967e+03
1.4040123291e+03
4.4485874023e+03
-4.9180112305e+03
-1.7813116455e+03
1.3050361328e+03
4.3516704102e+03
-5.0063266602e+03
-1.8682276611e+03
1.2197742920e+03
4.2679169922e+03
-5.0818837891e+03
-1.9422414551e+03
1.1473314209e+03
4.1972250977e+03
-5.1455625000e+03
-2.0042376709e+03
1.0869542236e+03
4.1386264648e+03
-5.1979291992e+03
-2.0549272461e+03
1.0378970947e+03
4.0913598633e+03
-5.2393574219e+03
-2.0948264160e+03
9.9945697021e+02
4.0545114746e+03
-5.2701933594e+03
-2.1243874512e+03
9.7112463379e+02
4.0275036621e+03
-5.2906166992e+03
-2.1439135742e+03
9.5245629883e+02
4.0097602539e+03
-5.3008002930e+03
-2.1536259766e+03
9.4319689941e+02
4.0009853516e+03
-5.3008002930e+03
-2.1536259766e+03
9.4319689941e+02
4.0009853516e+03
-5.2906166992e+03
-2.1439135742e+03
9.5245629883e+02
4.0097602539e+03
-5.2701933594e+03
-2.1243874512e+03
9.7112463379e+02
4.0275036621e+03
-5.2393574219e+03
-2.0948264160e+03
9.9945697021e+02
4.0545114746e+03
-5.1979291992e+03
-2.0549272461e+03
1.0378970947e+03
4.0913598633e+03
-5.1455625000e+03
-2.0042376709e+03
1.0869542236e+03
4.1386264648e+03
-5.0818837891e+03
-1.9422414551e+03
1.1473314209e+03
4.1972250977e+03
-5.0063266602e+03
-1.8682276611e+03
1.2197742920e+03
4.2679169922e+03
-4.9180112305e+03
-1.7813116455e+03
1.3050361328e+03
4.3516704102e+03
-4.8154946289e+03
-1.6803240967e+03
1.4040123291e+03
4.4485874023e+03
-4.6962143555e+03
-1.5633100586e+03
1.5170526123e+03
4.5587016602e+03
-4.5529130859e+03
-1.4256846924e+03
1.6425415039e+03
4.6774907227e+03
-4.5529130859e+03
-1.4256846924e+03
1.6425415039e+03
4.6774907227e+03
-4.6962143555e+03
-1.5633100586e+03
1.5170526123e+03
4.5587016602e+03
-4.8154946289e+03
-1.6803240967e+03
1.4040123291e+03
4.4485874023e+03
-4.9180112305e+03
-1.7813116455e+03
1.3050361328e+03
4.3516704102e+03
-5.0063266602e+03
-1.8682276611e+03
1.2197742920e+03
4.2679169922e+03
-5.0818837891e+03
-1.9422414551e+03
1.1473314209e+03
4.1972250977e+03
-5.1455625000e+03
-2.0042376709e+03
1.0869542236e+03
4.1386264648e+03
-5.1979291992e+03
-2.0549272461e+03
1.0378970947e+03
4.0913598633e+03
-5.2393574219e+03
-2.0948264160e+03
9.9945697021e+02
4.0545114746e+03
-5.2701933594e+03
-2.1243874512e+03
9.7112463379e+02
4.0275036621e+03
-5.2906166992e+03
-2.1439135742e+03
9.5245629883e+02
4.0097602539e+03
-5.3008002930e+03
-2.1536259766e+03
9.4319689941e+02
4.0009853516e+03
-5.3008002930e+03
-2.1536259766e+03
9.4319689941e+02
4.0009853516e+03
-5.2906166992e+03
-2.1439135742e+03
9.5245629883e+02
4.0097602539e+03
-5.2701933594e+03
-2.1243874512e+03
9.7112463379e+02
4.0275036621e+03
-5.2393574219e+03
-2.0948264160e+03
9.9945697021e+02
4.0545114746e+03
-5.1979291992e+03
-2.0549272461e+03
1.0378970947e+03
4.0913598633e+03
-5.1455625000e+03
-2.0042376709e+03
1.0869542236e+03
4.1386264648e+03
-5.0818837891e+03
-1.9422414551e+03
1.1473314209e+03
4.1972250977e+03
-5.0063266602e+03
-1.8682276611e+03
1.2197742920e+03
4.2679169922e+03
-4.9180112305e+03
-1.7813116455e+03
1.3050361328e+03
4.3516704102e+03
-4.8154946289e+03
-1.6803240967e+03
1.4040123291e+03
4.4485874023e+03
-4.6962143555e+03
-1.5633100586e+03
1.5170526123e+03
4.5587016602e+03
-4.5529130859e+03
-1.4256846924e+03
1.6425415039e+03
4.6774907227e+03
-4.4768496094e+03
-1.4207080078e+03
1.5850531006e+03
4.5650361328e+03
-4.6133847656e+03
-1.5495726318e+03
1.4679937744e+03
4.4525966797e+03
-4.7279970703e+03
-1.6608604736e+03
1.3605432129e+03
4.3467783203e+03
-4.8266049805e+03
-1.7577683105e+03
1.2654780273e+03
4.2532358398e+03
-4.9117846680e+03
-1.8415325928e+03
1.1832326660e+03
4.1721928711e+03
-4.9846059570e+03
-1.9130058594e+03
1.1131011963e+03
4.1035478516e+03
-5.0461376953e+03
-1.9729859619e+03
1.0546320801e+03
4.0467216797e+03
-5.0966313477e+03
-2.0220351562e+03
1.0069938354e+03
4.0006777344e+03
-5.1367016602e+03
-2.0606955566e+03
9.6971368408e+02
3.9649042969e+03
-5.1664414062e+03
-2.0893256836e+03
9.4215930176e+02
3.9385468750e+03
-5.1862045898e+03
-2.1082583008e+03
9.2404064941e+02
3.9213081055e+03
-5.1960273438e+03
-2.1176687012e+03
9.1502972412e+02
3.9127373047e+03
-5.1960273438e+03
-2.1176687012e+03
9.1502972412e+02
3.9127373047e+03
-5.1862045898e+03
-2.1082583008e+03
9.2404064941e+02
3.9213081055e+03
-5.1664414062e+03
-2.0893256836e+03
9.4215930176e+02
3.9385468750e+03
-5.1367016602e+03
-2.0606955566e+03
9.6971368408e+02
3.9649042969e+03
-5.0966313477e+03
-2.0220351562e+03
1.0069938354e+03
4.0006777344e+03
-5.0461376953e+03
-1.9729859619e+03
1.0546320801e+03
4.0467216797e+03
-4.9846059570e+03
-1.9130058594e+03
1.1131011963e+03
4.1035478516e+03
-4.9117846680e+03
-1.8415325928e+03
1.1832326660e+03
4.1721928711e+03
-4.8266049805e+03
-1.7577683105e+03
1.2654780273e+03
4.2532358398e+03
-4.7279970703e+03
-1.6608604736e+03
1.3605432129e+03
4.3467783203e+03
-4.6133847656e+03
-1.5495726318e+03
1.4679937744e+03
4.4525966797e+03
-4.4768496094e+03
-1.4207080078e+03
1.5850531006e+03
4.5650361328e+03
-4.3277929688e+03
-1.4100898438e+03
1.4737994385e+03
4.3462709961e+03
-4.4512934570e+03
-1.5220798340e+03
1.3729119873e+03
4.2459887695e+03
-4.5569687500e+03
-1.6223684082e+03
1.2762153320e+03
4.1484003906e+03
-4.6481933594e+03
-1.7114796143e+03
1.1887062988e+03
4.0614660645e+03
-4.7272104492e+03
-1.7891481934e+03
1.1121590576e+03
3.9854050293e+03
-4.7950537109e+03
-1.8558240967e+03
1.0466204834e+03
3.9210214844e+03
-4.8522172852e+03
-1.9118632812e+03
9.9164526367e+02
3.8672509766e+03
-4.8994091797e+03
-1.9578437500e+03
9.4691943359e+02
3.8239294434e+03
-4.9366552734e+03
-1.9940656738e+03
9.1171051025e+02
3.7899135742e+03
-4.9644916992e+03
-2.0209613037e+03
8.8578521729e+02
3.7650671387e+03
-4.9828696289e+03
-2.0387231445e+03
8.6863732910e+02
3.7486330566e+03
-4.9920688477e+03
-2.0475712891e+03
8.6015020752e+02
3.7405441895e+03
-4.9920688477e+03
-2.0475712891e+03
8.6015020752e+02
3.7405441895e+03
-4.9828696289e+03
-2.0387231445e+03
8.6863732910e+02
3.7486330566e+03
-4.9644916992e+03
-2.0209613037e+03
8.8578521729e+02
3.7650671387e+03
-4.9366552734e+03
-1.9940656738e+03
9.1171051025e+02
3.7899135742e+03
-4.8994091797e+03
-1.9578437500e+03
9.4691943359e+02
3.8239294434e+03
-4.8522172852e+03
-1.9118632812e+03
9.9164526367e+02
3.8672509766e+03
-4.7950537109e+03
-1.8558240967e+03
1.0466204834e+03
3.9210214844e+03
-4.7272104492e+03
-1.7891481934e+03
1.1121590576e+03
3.9854050293e+03
-4.6481933594e+03
-1.7114796143e+03
1.1887062988e+03
4.0614660645e+03
-4.5569687500e+03
-1.6223684082e+03
1.2762153320e+03
4.1484003906e+03
-4.4512934570e+03
-1.5220798340e+03
1.3729119873e+03
4.2459887695e+03
-4.3277929688e+03
-1.4100898438e+03
1.4737994385e+03
4.3462709961e+03
-4.1114365234e+03
-1.3925339355e+03
1.3156646729e+03
4.0326696777e+03
-4.2167031250e+03
-1.4808742676e+03
1.2375576172e+03
3.9494426270e+03
-4.3099130859e+03
-1.5657589111e+03
1.1559234619e+03
3.8634125977e+03
-4.3907177734e+03
-1.6439243164e+03
1.0789307861e+03
3.7855534668e+03
-4.4614614258e+03
-1.7131657715e+03
1.0105338135e+03
3.7168723145e+03
-4.5220244141e+03
-1.7730334473e+03
9.5120251465e+02
3.6579934082e+03
-4.5735610352e+03
-1.8236896973e+03
9.0141259766e+02
3.6091040039e+03
-4.6157690430e+03
-1.8652711182e+03
8.6050024414e+02
3.5690761719e+03
-4.6494667969e+03
-1.8981839600e+03
8.2845599365e+02
3.5380407715e+03
-4.6743891602e+03
-1.9225815430e+03
8.0462701416e+02
3.5149541016e+03
-4.6910410156e+03
-1.9387573242e+03
7.8898144531e+02
3.4999228516e+03
-4.6992832031e+03
-1.9467945557e+03
7.8116516113e+02
3.4923889160e+03
-4.6992832031e+03
-1.9467945557e+03
7.8116516113e+02
3.4923889160e+03
-4.6910410156e+03
-1.9387573242e+03
7.8898144531e+02
3.4999228516e+03
-4.6743891602e+03
-1.9225815430e+03
8.0462701416e+02
3.5149541016e+03
-4.6494667969e+03
-1.8981839600e+03
8.2845599365e+02
3.5380407715e+03
-4.6157690430e+03
-1.8652711182e+03
8.6050024414e+02
3.5690761719e+03
-4.5735610352e+03
-1.8236896973e+03
9.0141259766e+02
3.6091040039e+03
-4.5220244141e+03
-1.7730334473e+03
9.5120251465e+02
3.6579934082e+03
-4.4614614258e+03
-1.7131657715e+03
1.0105338135e+03
3.7168723145e+03
-4.3907177734e+03
-1.6439243164e+03
1.0789307861e+03
3.7855534668e+03
-4.3099130859e+03
-1.5657589111e+03
1.1559234619e+03
3.8634125977e+03
-4.2167031250e+03
-1.4808742676e+03
1.2375576172e+03
3.9494426270e+03
-4.1114365234e+03
-1.3925339355e+03
1.3156646729e+03
4.0326696777e+03
-3.8355236816e+03
-1.3663620605e+03
1.1200433350e+03
3.6396965332e+03
-3.9186223145e+03
-1.4259206543e+03
1.0695020752e+03
3.5770295410e+03
-3.9968076172e+03
-1.4921387939e+03
1.0061275024e+03
3.5049091797e+03
-4.0653544922e+03
-1.5571555176e+03
9.4198596191e+02
3.4383659668e+03
-4.1257993164e+03
-1.6161118164e+03
8.8322363281e+02
3.3781147461e+03
-4.1782246094e+03
-1.6679312744e+03
8.3177142334e+02
3.3266755371e+03
-4.2224570312e+03
-1.7119368896e+03
7.8788250732e+02
3.2829541016e+03
-4.2593061523e+03
-1.7483732910e+03
7.5200512695e+02
3.2477438965e+03
-4.2882871094e+03
-1.7771671143e+03
7.2346923828e+02
3.2196955566e+03
-4.3101240234e+03
-1.7986540527e+03
7.0246691895e+02
3.1992993164e+03
-4.3244687500e+03
-1.8128511963e+03
6.8847216797e+02
3.1856455078e+03
-4.3316987305e+03
-1.8199439697e+03
6.8156610107e+02
3.1789716797e+03
-4.3316987305e+03
-1.8199439697e+03
6.8156610107e+02
3.1789716797e+03
-4.3244687500e+03
-1.8128511963e+03
6.8847216797e+02
3.1856455078e+03
-4.3101240234e+03
-1.7986540527e+03
7.0246691895e+02
3.1992993164e+03
-4.2882871094e+03
-1.7771671143e+03
7.2346923828e+02
3.2196955566e+03
-4.2593061523e+03
-1.7483732910e+03
7.5200512695e+02
3.2477438965e+03
-4.2224570312e+03
-1.7119368896e+03
7.8788250732e+02
3.2829541016e+03
-4.1782246094e+03
-1.6679312744e+03
8.3177142334e+02
3.3266755371e+03
-4.1257993164e+03
-1.6161118164e+03
8.8322363281e+02
3.3781147461e+03
-4.0653544922e+03
-1.5571555176e+03
9.4198596191e+02
3.4383659668e+03
-3.9968076172e+03
-1.4921387939e+03
1.0061275024e+03
3.5049091797e+03
-3.9186223145e+03
-1.4259206543e+03
1.0695020752e+03
3.5770295410e+03
-3.8355236816e+03
-1.3663620605e+03
1.1200433350e+03
3.6396965332e+03
-3.5087878418e+03
-1.3295330811e+03
8.9751580811e+02
3.1849199219e+03
-3.5674594727e+03
-1.3573850098e+03
8.7758074951e+02
3.1448659668e+03
-3.6292565918e+03
-1.4030822754e+03
8.3434533691e+02
3.0881655273e+03
-3.6841191406e+03
-1.4535793457e+03
7.8418945312e+02
3.0336748047e+03
-3.7339924316e+03
-1.5014466553e+03
7.3641357422e+02
2.9835551758e+03
-3.7768637695e+03
-1.5442501221e+03
6.9317694092e+02
2.9393940430e+03
-3.8140222168e+03
-1.5811960449e+03
6.5636645508e+02
2.9025336914e+03
-3.8443327637e+03
-1.6117994385e+03
6.2553906250e+02
2.8716838379e+03
-3.8688740234e+03
-1.6362506104e+03
6.0135229492e+02
2.8478730469e+03
-3.8869020996e+03
-1.6544221191e+03
5.8314105225e+02
2.8298293457e+03
-3.8990852051e+03
-1.6665349121e+03
5.7121569824e+02
2.8181782227e+03
-3.9050676270e+03
-1.6725510254e+03
5.6520654297e+02
2.8122521973e+03
-3.9050676270e+03
-1.6725510254e+03
5.6520654297e+02
2.8122521973e+03
-3.8990852051e+03
-1.6665349121e+03
5.7121569824e+02
2.8181782227e+03
-3.8869020996e+03
-1.6544221191e+03
5.8314105225e+02
2.8298293457e+03
-3.8688740234e+03
-1.6362506104e+03
6.0135229492e+02
2.8478730469e+03
-3.8443327637e+03
-1.6117994385e+03
6.2553906250e+02
2.8716838379e+03
-3.8140222168e+03
-1.5811960449e+03
6.5636645508e+02
2.9025336914e+03
-3.7768637695e+03
-1.5442501221e+03
6.9317694092e+02
2.9393940430e+03
-3.7339924316e+03
-1.5014466553e+03
7.3641357422e+02
2.9835551758e+03
-3.6841191406e+03
-1.4535793457e+03
7.8418945312e+02
3.0336748047e+03
-3.6292565918e+03
-1.4030822754e+03
8.3434533691e+02
3.0881655273e+03
-3.5674594727e+03
-1.3573850098e+03
8.7758074951e+02
3.1448659668e+03
-3.5087878418e+03
-1.3295330811e+03
8.9751580811e+02
3.1849199219e+03
-3.1401992188e+03
-1.2800745850e+03
6.5910876465e+02
2.6863076172e+03
-3.1737207031e+03
-1.2752086182e+03
6.7040234375e+02
2.6692565918e+03
-3.2187541504e+03
-1.2998350830e+03
6.4773455811e+02
2.6280969238e+03
-3.2603244629e+03
-1.3356594238e+03
6.1216375732e+02
2.5866499023e+03
-3.2987663574e+03
-1.3720072021e+03
5.7513391113e+02
2.5459003906e+03
-3.3331030273e+03
-1.4059184570e+03
5.4100811768e+02
2.5106503906e+03
-3.3621315918e+03
-1.4354116211e+03
5.1074557495e+02
2.4794909668e+03
-3.3868964844e+03
-1.4603398438e+03
4.8581381226e+02
2.4545332031e+03
-3.4062082520e+03
-1.4801711426e+03
4.6553939819e+02
2.4340458984e+03
-3.4210434570e+03
-1.4951273193e+03
4.5065093994e+02
2.4193134766e+03
-3.4306821289e+03
-1.5050201416e+03
4.4058050537e+02
2.4092165527e+03
-3.4356157227e+03
-1.5099915771e+03
4.3564230347e+02
2.4043508301e+03
-3.4356157227e+03
-1.5099915771e+03
4.3564230347e+02
2.4043508301e+03
-3.4306821289e+03
-1.5050201416e+03
4.4058050537e+02
2.4092165527e+03
-3.4210434570e+03
-1.4951273193e+03
4.5065093994e+02
2.4193134766e+03
-3.4062082520e+03
-1.4801711426e+03
4.6553939819e+02
2.4340458984e+03
-3.3868964844e+03
-1.4603398438e+03
4.8581381226e+02
2.4545332031e+03
-3.3621315918e+03
-1.4354116211e+03
5.1074557495e+02
2.4794909668e+03
-3.3331030273e+03
-1.4059184570e+03
5.4100811768e+02
2.5106503906e+03
-3.2987663574e+03
-1.3720072021e+03
5.7513391113e+02
2.5459003906e+03
-3.2603244629e+03
-1.3356594238e+03
6.1216375732e+02
2.5866499023e+03
-3.2187541504e+03
-1.2998350830e+03
6.4773455811e+02
2.6280969238e+03
-3.1737207031e+03
-1.2752086182e+03
6.7040234375e+02
2.6692565918e+03
-3.1401992188e+03
-1.2800745850e+03
6.5910876465e+02
2.6863076172e+03
-2.7379758301e+03
-1.2158026123e+03
4.1488003540e+02
2.1604611816e+03
-2.7472558594e+03
-1.1796694336e+03
4.5645635986e+02
2.1652458496e+03
-2.7765434570e+03
-1.1842269287e+03
4.5363723755e+02
2.1392822266e+03
-2.8048349609e+03
-1.2058886719e+03
4.3166256714e+02
2.1094550781e+03
-2.8337067871e+03
-1.2316066895e+03
4.0570739746e+02
2.0793015137e+03
-2.8587141113e+03
-1.2567259521e+03
3.7944631958e+02
2.0509121094e+03
-2.8815505371e+03
-1.2794949951e+03
3.5647906494e+02
2.0272099609e+03
-2.8999404297e+03
-1.2987249756e+03
3.3637557983e+02
2.0063542480e+03
-2.9153854980e+03
-1.3144160156e+03
3.2061364746e+02
1.9905241699e+03
-2.9265402832e+03
-1.3261324463e+03
3.0842135620e+02
1.9780487061e+03
-2.9342878418e+03
-1.3340332031e+03
3.0049868774e+02
1.9701545410e+03
-2.9380231934e+03
-1.3379527588e+03
2.9643371582e+02
1.9660172119e+03
-2.9380231934e+03
-1.3379527588e+03
2.9643371582e+02
1.9660172119e+03
-2.9342878418e+03
-1.3340332031e+03
3.0049868774e+02
1.9701545410e+03
-2.9265402832e+03
-1.3261324463e+03
3.0842135620e+02
1.9780487061e+03
-2.9153854980e+03
-1.3144160156e+03
3.2061364746e+02
1.9905241699e+03
-2.8999404297e+03
-1.2987249756e+03
3.3637557983e+02
2.0063542480e+03
-2.8815505371e+03
-1.2794949951e+03
3.5647906494e+02
2.0272099609e+03
-2.8587141113e+03
-1.2567259521e+03
3.7944631958e+02
2.0509121094e+03
-2.8337067871e+03
-1.2316066895e+03
4.0570739746e+02
2.0793015137e+03
-2.8048349609e+03
-1.2058886719e+03
4.3166256714e+02
2.1094550781e+03
-2.7765434570e+03
-1.1842269287e+03
4.5363723755e+02
2.1392822266e+03
-2.7472558594e+03
-1.1796694336e+03
4.5645635986e+02
2.1652458496e+03
-2.7379758301e+03
-1.2158026123e+03
4.1488003540e+02
2.1604611816e+03
-2.3089641113e+03
-1.1351904297e+03
1.7390759277e+02
1.6215118408e+03
-2.2963320312e+03
-1.0706365967e+03
2.4226147461e+02
1.6457354736e+03
-2.3112216797e+03
-1.0570101318e+03
2.5694921875e+02
1.6328140869e+03
-2.3288991699e+03
-1.0662788086e+03
2.4776312256e+02
1.6148590088e+03
-2.3478569336e+03
-1.0821115723e+03
2.3071856689e+02
1.5922950439e+03
-2.3665578613e+03
-1.0998577881e+03
2.1278118896e+02
1.5726237793e+03
-2.3822841797e+03
-1.1162202148e+03
1.9515388489e+02
1.5533964844e+03
-2.3966684570e+03
-1.1307613525e+03
1.8052331543e+02
1.5384425049e+03
-2.4075947266e+03
-1.1424824219e+03
1.6798869324e+02
1.5252734375e+03
-2.4164228516e+03
-1.1515356445e+03
1.5887991333e+02
1.5161121826e+03
-2.4220009766e+03
-1.1575310059e+03
1.5251181030e+02
1.5095018311e+03
-2.4249648438e+03
-1.1605830078e+03
1.4943873596e+02
1.5064228516e+03
-2.4249648438e+03
-1.1605830078e+03
1.4943873596e+02
1.5064228516e+03
-2.4220009766e+03
-1.1575310059e+03
1.5251181030e+02
1.5095018311e+03
-2.4164228516e+03
-1.1515356445e+03
1.5887991333e+02
1.5161121826e+03
-2.4075947266e+03
-1.1424824219e+03
1.6798869324e+02
1.5252734375e+03
-2.3966684570e+03
-1.1307613525e+03
1.8052331543e+02
1.5384425049e+03
-2.3822841797e+03
-1.1162202148e+03
1.9515388489e+02
1.5533964844e+03
-2.3665578613e+03
-1.0998577881e+03
2.1278118896e+02
1.5726237793e+03
-2.3478569336e+03
-1.0821115723e+03
2.3071856689e+02
1.5922950439e+03
-2.3288991699e+03
-1.0662788086e+03
2.4776312256e+02
1.6148590088e+03
-2.3112216797e+03
-1.0570101318e+03
2.5694921875e+02
1.6328140869e+03
-2.2963320312e+03
-1.0706365967e+03
2.4226147461e+02
1.6457354736e+03
-2.3089641113e+03
-1.1351904297e+03
1.7390759277e+02
1.6215118408e+03
-1.8585349121e+03
-1.0360109863e+03
-5.7316158295e+01
1.0805812988e+03
-1.8273254395e+03
-9.4821484375e+02
3.3685890198e+01
1.1202685547e+03
-1.8309494629e+03
-9.1983087158e+02
6.3333393097e+01
1.1189327393e+03
-1.8384891357e+03
-9.1857006836e+02
6.3909633636e+01
1.1089941406e+03
-1.8516099854e+03
-9.2685528564e+02
5.5790374756e+01
1.0956900635e+03
-1.8629589844e+03
-9.3801452637e+02
4.3208507538e+01
1.0803070068e+03
-1.8752250977e+03
-9.4966119385e+02
3.1687353134e+01
1.0679707031e+03
-1.8846340332e+03
-9.5992315674e+02
2.0339387894e+01
1.0555665283e+03
-1.8933775635e+03
-9.6873101807e+02
1.1576516151e+01
1.0466970215e+03
-1.8994042969e+03
-9.7535638428e+02
4.3527197838e+00
1.0390253906e+03
-1.9038847656e+03
-9.7994177246e+02
-2.3366303742e-01
1.0344291992e+03
-1.9059509277e+03
-9.8220697021e+02
-2.6848556995e+00
1.0318508301e+03
-1.9059509277e+03
-9.8220697021e+02
-2.6848556995e+00
1.0318508301e+03
-1.9038847656e+03
-9.7994177246e+02
-2.3366303742e-01
1.0344291992e+03
-1.8994042969e+03
-9.7535638428e+02
4.3527197838e+00
1.0390253906e+03
-1.8933775635e+03
-9.6873101807e+02
1.1576516151e+01
1.0466970215e+03
-1.8846340332e+03
-9.5992315674e+02
2.0339387894e+01
1.0555665283e+03
-1.8752250977e+03
-9.4966119385e+02
3.1687353134e+01
1.0679707031e+03
-1.8629589844e+03
-9.3801452637e+02
4.3208507538e+01
1.0803070068e+03
-1.8516099854e+03
-9.2685528564e+02
5.5790374756e+01
1.0956900635e+03
-1.8384891357e+03
-9.1857006836e+02
6.3909633636e+01
1.1089941406e+03
-1.8309494629e+03
-9.1983087158e+02
6.3333393097e+01
1.1189327393e+03
-1.8273254395e+03
-9.4821484375e+02
3.3685890198e+01
1.1202685547e+03
-1.8585349121e+03
-1.0360109863e+03
-5.7316158295e+01
1.0805812988e+03
-1.3898067627e+03
-9.1800903320e+02
-2.7265527344e+02
5.4497186279e+02
-1.3446948242e+03
-8.1246051025e+02
-1.6578349304e+02
5.9615460205e+02
-1.3389884033e+03
-7.7270532227e+02
-1.2593292236e+02
6.0213824463e+02
-1.3413455811e+03
-7.6414630127e+02
-1.1682115173e+02
6.0103765869e+02
-1.3475103760e+03
-7.6617694092e+02
-1.2027400208e+02
5.9112231445e+02
-1.3566500244e+03
-7.7318707275e+02
-1.2668344116e+02
5.8321679688e+02
-1.3638509521e+03
-7.8075207520e+02
-1.3556280518e+02
5.7257592773e+02
-1.3719128418e+03
-7.8838970947e+02
-1.4280621338e+02
5.6527673340e+02
-1.3775692139e+03
-7.9468090820e+02
-1.4987829590e+02
5.5755157471e+02
-1.3827297363e+03
-7.9979986572e+02
-1.5482754517e+02
5.5268133545e+02
-1.3857819824e+03
-8.0318530273e+02
-1.5855352783e+02
5.4871539307e+02
-1.3875423584e+03
-8.0495581055e+02
-1.6028091431e+02
5.4701861572e+02
-1.3875423584e+03
-8.0495581055e+02
-1.6028091431e+02
5.4701861572e+02
-1.3857819824e+03
-8.0318530273e+02
-1.5855352783e+02
5.4871539307e+02
-1.3827297363e+03
-7.9979986572e+02
-1.5482754517e+02
5.5268133545e+02
-1.3775692139e+03
-7.9468090820e+02
-1.4987829590e+02
5.5755157471e+02
-1.3719128418e+03
-7.8838970947e+02
-1.4280621338e+02
5.6527673340e+02
-1.3638509521e+03
-7.8075207520e+02
-1.3556280518e+02
5.7257592773e+02
-1.3566500244e+03
-7.7318707275e+02
-1.2668344116e+02
5.8321679688e+02
-1.3475103760e+03
-7.6617694092e+02
-1.2027400208e+02
5.9112231445e+02
-1.3413455811e+03
-7.6414630127e+02
-1.1682115173e+02
6.0103765869e+02
-1.3389884033e+03
-7.7270532227e+02
-1.2593292236e+02
6.0213824463e+02
-1.3446948242e+03
-8.1246051025e+02
-1.6578349304e+02
5.9615460205e+02
-1.3898067627e+03
-9.1800903320e+02
-2.7265527344e+02
5.4497186279e+02
-9.0541632080e+02
-7.7825183105e+02
-4.7086279297e+02
2.0375854492e+01
-8.5088421631e+02
-6.6259344482e+02
-3.5395208740e+02
7.6807899475e+01
-8.4099749756e+02
-6.1661968994e+02
-3.0679098511e+02
8.8932945251e+01
-8.3750134277e+02
-6.0309631348e+02
-2.9425866699e+02
8.9689659119e+01
-8.4342419434e+02
-6.0229272461e+02
-2.9206582642e+02
8.7011268616e+01
-8.4780798340e+02
-6.0602655029e+02
-2.9722381592e+02
7.9013000488e+01
-8.5535644531e+02
-6.1187908936e+02
-3.0199499512e+02
7.4079139709e+01
-8.6037701416e+02
-6.1737744141e+02
-3.0840490723e+02
6.6794914246e+01
-8.6608862305e+02
-6.2257458496e+02
-3.1303259277e+02
6.2480403900e+01
-8.6967236328e+02
-6.2649499512e+02
-3.1738412476e+02
5.7840503693e+01
-8.7266326904e+02
-6.2933190918e+02
-3.1999322510e+02
5.5414268494e+01
-8.7394244385e+02
-6.3071752930e+02
-3.2150109863e+02
5.3838092804e+01
-8.7394244385e+02
-6.3071752930e+02
-3.2150109863e+02
5.3838092804e+01
-8.7266326904e+02
-6.2933190918e+02
-3.1999322510e+02
5.5414268494e+01
-8.6967236328e+02
-6.2649499512e+02
-3.1738412476e+02
5.7840503693e+01
-8.6608862305e+02
-6.2257458496e+02
-3.1303259277e+02
6.2480403900e+01
-8.6037701416e+02
-6.1737744141e+02
-3.0840490723e+02
6.6794914246e+01
-8.5535644531e+02
-6.1187908936e+02
-3.0199499512e+02
7.4079139709e+01
-8.4780798340e+02
-6.0602655029e+02
-2.9722381592e+02
7.9013000488e+01
-8.4342419434e+02
-6.0229272461e+02
-2.9206582642e+02
8.7011268616e+01
-8.3750134277e+02
-6.0309631348e+02
-2.9425866699e+02
8.9689659119e+01
-8.4099749756e+02
-6.1661968994e+02
-3.0679098511e+02
8.8932945251e+01
-8.5088421631e+02
-6.6259344482e+02
-3.5395208740e+02
7.6807899475e+01
-9.0541632080e+02
-7.7825183105e+02
-4.7086279297e+02
2.0375854492e+01
-4.0533221436e+02
-6.1946307373e+02
-6.4625494385e+02
-4.9290438843e+02
-3.4775827026e+02
-5.0033493042e+02
-5.2818365479e+02
-4.3489080811e+02
-3.3447521973e+02
-4.5183004761e+02
-4.8082131958e+02
-4.2331292725e+02
-3.3306723022e+02
-4.3767196655e+02
-4.6480242920e+02
-4.1694546509e+02
-3.3496957397e+02
-4.3511782837e+02
-4.6385650635e+02
-4.2248693848e+02
-3.4230288696e+02
-4.3880023193e+02
-4.6539309692e+02
-4.2435250854e+02
-3.4698742676e+02
-4.4344210815e+02
-4.7108566284e+02
-4.3147238159e+02
-3.5374844360e+02
-4.4888351440e+02
-4.7519073486e+02
-4.3483459473e+02
-3.5799536133e+02
-4.5336386108e+02
-4.8009692383e+02
-4.4004547119e+02
-3.6234805298e+02
-4.5720046997e+02
-4.8326943970e+02
-4.4270117188e+02
-3.6475512695e+02
-4.5971090698e+02
-4.8590573120e+02
-4.4537673950e+02
-3.6624325562e+02
-4.6105859375e+02
-4.8705511475e+02
-4.4635607910e+02
-3.6624325562e+02
-4.6105859375e+02
-4.8705511475e+02
-4.4635607910e+02
-3.6475512695e+02
-4.5971090698e+02
-4.8590573120e+02
-4.4537673950e+02
-3.6234805298e+02
-4.5720046997e+02
-4.8326943970e+02
-4.4270117188e+02
-3.5799536133e+02
-4.5336386108e+02
-4.8009692383e+02
-4.4004547119e+02
-3.5374844360e+02
-4.4888351440e+02
-4.7519073486e+02
-4.3483459473e+02
-3.4698742676e+02
-4.4344210815e+02
-4.7108566284e+02
-4.3147238159e+02
-3.4230288696e+02
-4.3880023193e+02
-4.6539309692e+02
-4.2435250854e+02
-3.3496957397e+02
-4.3511782837e+02
-4.6385650635e+02
-4.2248693848e+02
-3.3306723022e+02
-4.3767196655e+02
-4.6480242920e+02
-4.1694546509e+02
-3.3447521973e+02
-4.5183004761e+02
-4.8082131958e+02
-4.2331292725e+02
-3.4775827026e+02
-5.0033493042e+02
-5.2818365479e+02
-4.3489080811e+02
-4.0533221436e+02
-6.1946307373e+02
-6.4625494385e+02
-4.9290438843e+02
1.0788137054e+02
-4.3642794800e+02
-8.0546917725e+02
-9.8999145508e+02
1.6456109619e+02
-3.2239474487e+02
-6.9225433350e+02
-9.3899194336e+02
1.7325590515e+02
-2.7762145996e+02
-6.4571594238e+02
-9.2646191406e+02
1.7691032410e+02
-2.6445852661e+02
-6.3434899902e+02
-9.2658135986e+02
1.6838999939e+02
-2.6436099243e+02
-6.3081085205e+02
-9.2600299072e+02
1.6364659119e+02
-2.6821170044e+02
-6.3613146973e+02
-9.3363854980e+02
1.5446311951e+02
-2.7439010620e+02
-6.3986383057e+02
-9.3616876221e+02
1.4886544800e+02
-2.7992742920e+02
-6.4592425537e+02
-9.4249139404e+02
1.4228848267e+02
-2.8523287964e+02
-6.4990606689e+02
-9.4534399414e+02
1.3829112244e+02
-2.8915716553e+02
-6.5391687012e+02
-9.4920343018e+02
1.3492202759e+02
-2.9201770020e+02
-6.5620483398e+02
-9.5092279053e+02
1.3349935913e+02
-2.9340026855e+02
-6.5758154297e+02
-9.5221197510e+02
1.3349935913e+02
-2.9340026855e+02
-6.5758154297e+02
-9.5221197510e+02
1.3492202759e+02
-2.9201770020e+02
-6.5620483398e+02
-9.5092279053e+02
1.3829112244e+02
-2.8915716553e+02
-6.5391687012e+02
-9.4920343018e+02
1.4228848267e+02
-2.8523287964e+02
-6.4990606689e+02
-9.4534399414e+02
1.4886544800e+02
-2.7992742920e+02
-6.4592425537e+02
-9.4249139404e+02
1.5446311951e+02
-2.7439010620e+02
-6.3986383057e+02
-9.3616876221e+02
1.6364659119e+02
-2.6821170044e+02
-6.3613146973e+02
-9.3363854980e+02
1.6838999939e+02
-2.6436099243e+02
-6.3081085205e+02
-9.2600299072e+02
1.7691032410e+02
-2.6445852661e+02
-6.3434899902e+02
-9.2658135986e+02
1.7325590515e+02
-2.7762145996e+02
-6.4571594238e+02
-9.2646191406e+02
1.6456109619e+02
-3.2239474487e+02
-6.9225433350e+02
-9.3899194336e+02
1.0788137054e+02
-4.3642794800e+02
-8.0546917725e+02
-9.8999145508e+02
6.3537988281e+02
-2.3874519348e+02
-9.3648889160e+02
-1.4783475342e+03
6.8315014648e+02
-1.3641850281e+02
-8.3746551514e+02
-1.4349316406e+03
6.9061303711e+02
-9.8045776367e+01
-8.0205426025e+02
-1.4324888916e+03
6.8337353516e+02
-9.1411293030e+01
-7.9082434082e+02
-1.4280178223e+03
6.7743048096e+02
-9.3849746704e+01
-7.9534698486e+02
-1.4384331055e+03
6.6419287109e+02
-1.0185649872e+02
-7.9891162109e+02
-1.4403267822e+03
6.5614782715e+02
-1.0954563904e+02
-8.0712524414e+02
-1.4493032227e+03
6.4589770508e+02
-1.1753216553e+02
-8.1250341797e+02
-1.4527714844e+03
6.3936816406e+02
-1.2382453918e+02
-8.1860870361e+02
-1.4585819092e+03
6.3314263916e+02
-1.2901240540e+02
-8.2245806885e+02
-1.4612770996e+03
6.2961059570e+02
-1.3236689758e+02
-8.2558557129e+02
-1.4641066895e+03
6.2752893066e+02
-1.3413865662e+02
-8.2694390869e+02
-1.4650887451e+03
6.2752893066e+02
-1.3413865662e+02
-8.2694390869e+02
-1.4650887451e+03
6.2961059570e+02
-1.3236689758e+02
-8.2558557129e+02
-1.4641066895e+03
6.3314263916e+02
-1.2901240540e+02
-8.2245806885e+02
-1.4612770996e+03
6.3936816406e+02
-1.2382453918e+02
-8.1860870361e+02
-1.4585819092e+03
6.4589770508e+02
-1.1753216553e+02
-8.1250341797e+02
-1.4527714844e+03
6.5614782715e+02
-1.0954563904e+02
-8.0712524414e+02
-1.4493032227e+03
6.6419287109e+02
-1.0185649872e+02
-7.9891162109e+02
-1.4403267822e+03
6.7743048096e+02
-9.3849746704e+01
-7.9534698486e+02
-1.4384331055e+03
6.8337353516e+02
-9.1411293030e+01
-7.9082434082e+02
-1.4280178223e+03
6.9061303711e+02
-9.8045776367e+01
-8.0205426025e+02
-1.4324888916e+03
6.8315014648e+02
-1.3641850281e+02
-8.3746551514e+02
-1.4349316406e+03
6.3537988281e+02
-2.3874519348e+02
-9.3648889160e+02
-1.4783475342e+03
1.1699642334e+03
-1.5694453239e+01
-1.0613369141e+03
-1.9446872559e+03
1.2081302490e+03
6.7663986206e+01
-9.8221362305e+02
-1.9212650146e+03
1.2006545410e+03
9.2773239136e+01
-9.5358880615e+02
-1.9194816895e+03
1.1950002441e+03
9.3809028625e+01
-9.5666473389e+02
-1.9323392334e+03
1.1745665283e+03
8.4106857300e+01
-9.6001068115e+02
-1.9346613770e+03
1.1628952637e+03
7.3372390747e+01
-9.7250671387e+02
-1.9483156738e+03
1.1465375977e+03
6.1445114136e+01
-9.8048950195e+02
-1.9529814453e+03
1.1360056152e+03
5.1666839600e+01
-9.9028607178e+02
-1.9619538574e+03
1.1252514648e+03
4.3048057556e+01
-9.9674975586e+02
-1.9660903320e+03
1.1183967285e+03
3.6797527313e+01
-1.0026328125e+03
-1.9710965576e+03
1.1130849609e+03
3.2408714294e+01
-1.0060559692e+03
-1.9733863525e+03
1.1107337646e+03
3.0285545349e+01
-1.0080052490e+03
-1.9749970703e+03
1.1107337646e+03
3.0285545349e+01
-1.0080052490e+03
-1.9749970703e+03
1.1130849609e+03
3.2408714294e+01
-1.0060559692e+03
-1.9733863525e+03
1.1183967285e+03
3.6797527313e+01
-1.0026328125e+03
-1.9710965576e+03
1.1252514648e+03
4.3048057556e+01
-9.9674975586e+02
-1.9660903320e+03
1.1360056152e+03
5.1666839600e+01
-9.9028607178e+02
-1.9619538574e+03
1.1465375977e+03
6.1445114136e+01
-9.8048950195e+02
-1.9529814453e+03
1.1628952637e+03
7.3372390747e+01
-9.7250671387e+02
-1.9483156738e+03
1.1745665283e+03
8.4106857300e+01
-9.6001068115e+02
-1.9346613770e+03
1.1950002441e+03
9.3809028625e+01
-9.5666473389e+02
-1.9323392334e+03
1.2006545410e+03
9.2773239136e+01
-9.5358880615e+02
-1.9194816895e+03
1.2081302490e+03
6.7663986206e+01
-9.8221362305e+02
-1.9212650146e+03
1.1699642334e+03
-1.5694453239e+01
-1.0613369141e+03
-1.9446872559e+03
1.7124064941e+03
2.0887594604e+02
-1.1488746338e+03
-2.4102487793e+03
1.7299584961e+03
2.6666552734e+02
-1.0954514160e+03
-2.3993955078e+03
1.7213439941e+03
2.7831243896e+02
-1.0895745850e+03
-2.4202255859e+03
1.6938626709e+03
2.6590020752e+02
-1.0916264648e+03
-2.4234377441e+03
1.6774145508e+03
2.5060870361e+02
-1.1095081787e+03
-2.4465063477e+03
1.6521624756e+03
2.3209175110e+02
-1.1203155518e+03
-2.4529824219e+03
1.6360150146e+03
2.1667515564e+02
-1.1350336914e+03
-2.4675070801e+03
1.6186187744e+03
2.0253482056e+02
-1.1448079834e+03
-2.4739323730e+03
1.6069370117e+03
1.9170910645e+02
-1.1543675537e+03
-2.4823513184e+03
1.5968332520e+03
1.8323605347e+02
-1.1605523682e+03
-2.4865786133e+03
1.5908349609e+03
1.7778407288e+02
-1.1652003174e+03
-2.4904543457e+03
1.5875191650e+03
1.7497851562e+02
-1.1672849121e+03
-2.4918969727e+03
1.5875191650e+03
1.7497851562e+02
-1.1672849121e+03
-2.4918969727e+03
1.5908349609e+03
1.7778407288e+02
-1.1652003174e+03
-2.4904543457e+03
1.5968332520e+03
1.8323605347e+02
-1.1605523682e+03
-2.4865786133e+03
1.6069370117e+03
1.9170910645e+02
-1.1543675537e+03
-2.4823513184e+03
1.6186187744e+03
2.0253482056e+02
-1.1448079834e+03
-2.4739323730e+03
1.6360150146e+03
2.1667515564e+02
-1.1350336914e+03
-2.4675070801e+03
1.6521624756e+03
2.3209175110e+02
-1.1203155518e+03
-2.4529824219e+03
1.6774145508e+03
2.5060870361e+02
-1.1095081787e+03
-2.4465063477e+03
1.6938626709e+03
2.6590020752e+02
-1.0916264648e+03
-2.4234377441e+03
1.7213439941e+03
2.7831243896e+02
-1.0895745850e+03
-2.4202255859e+03
1.7299584961e+03
2.6666552734e+02
-1.0954514160e+03
-2.3993955078e+03
1.7124064941e+03
2.0887594604e+02
-1.1488746338e+03
-2.4102487793e+03
2.2446000977e+03
4.5776916504e+02
-1.2514838867e+03
-2.8384165039e+03
2.2496745605e+03
4.8875354004e+02
-1.2330526123e+03
-2.8610363770e+03
2.2123493652e+03
4.8017623901e+02
-1.2341967773e+03
-2.8735346680e+03
2.1919194336e+03
4.6130984497e+02
-1.2626046143e+03
-2.9087487793e+03
2.1525710449e+03
4.3576046753e+02
-1.2782330322e+03
-2.9162407227e+03
2.1290122070e+03
4.1395797729e+02
-1.3019451904e+03
-2.9384782715e+03
2.1017424316e+03
3.9308865356e+02
-1.3173330078e+03
-2.9471818848e+03
2.0831884766e+03
3.7664508057e+02
-1.3329537354e+03
-2.9598864746e+03
2.0660683594e+03
3.6295770264e+02
-1.3434869385e+03
-2.9661726074e+03
2.0546906738e+03
3.5312680054e+02
-1.3522333984e+03
-2.9727324219e+03
2.0464143066e+03
3.4642501831e+02
-1.3574437256e+03
-2.9758901367e+03
2.0426096191e+03
3.4317401123e+02
-1.3602569580e+03
-2.9779218750e+03
2.0426096191e+03
3.4317401123e+02
-1.3602569580e+03
-2.9779218750e+03
2.0464143066e+03
3.4642501831e+02
-1.3574437256e+03
-2.9758901367e+03
2.0546906738e+03
3.5312680054e+02
-1.3522333984e+03
-2.9727324219e+03
2.0660683594e+03
3.6295770264e+02
-1.3434869385e+03
-2.9661726074e+03
2.0831884766e+03
3.7664508057e+02
-1.3329537354e+03
-2.9598864746e+03
2.1017424316e+03
3.9308865356e+02
-1.3173330078e+03
-2.9471818848e+03
2.1290122070e+03
4.1395797729e+02
-1.3019451904e+03
-2.9384782715e+03
2.1525710449e+03
4.3576046753e+02
-1.2782330322e+03
-2.9162407227e+03
2.1919194336e+03
4.6130984497e+02
-1.2626046143e+03
-2.9087487793e+03
2.2123493652e+03
4.8017623901e+02
-1.2341967773e+03
-2.8735346680e+03
2.2496745605e+03
4.8875354004e+02
-1.2330526123e+03
-2.8610363770e+03
2.2446000977e+03
4.5776916504e+02
-1.2514838867e+03
-2.8384165039e+03
2.7696462402e+03
6.8255694580e+02
-1.3011931152e+03
-3.2786088867e+03
2.7422399902e+03
6.7600500488e+02
-1.3072718506e+03
-3.3083850098e+03
2.7156484375e+03
6.5062335205e+02
-1.3428341064e+03
-3.3655295410e+03
2.6589443359e+03
6.1168298340e+02
-1.3595306396e+03
-3.3743173828e+03
2.6280214844e+03
5.7926019287e+02
-1.3928385010e+03
-3.4120698242e+03
2.5876958008e+03
5.4718145752e+02
-1.4122946777e+03
-3.4239755859e+03
2.5605644531e+03
5.2187432861e+02
-1.4337084961e+03
-3.4434965820e+03
2.5340866699e+03
5.0015713501e+02
-1.4480386963e+03
-3.4524516602e+03
2.5155791016e+03
4.8377908325e+02
-1.4608466797e+03
-3.4626057129e+03
2.5005239258e+03
4.7138034058e+02
-1.4692369385e+03
-3.4677770996e+03
2.4913020020e+03
4.6342758179e+02
-1.4752307129e+03
-3.4721520996e+03
2.4864099121e+03
4.5940631104e+02
-1.4779661865e+03
-3.4738090820e+03
2.4864099121e+03
4.5940631104e+02
-1.4779661865e+03
-3.4738090820e+03
2.4913020020e+03
4.6342758179e+02
-1.4752307129e+03
-3.4721520996e+03
2.5005239258e+03
4.7138034058e+02
-1.4692369385e+03
-3.4677770996e+03
2.5155791016e+03
4.8377908325e+02
-1.4608466797e+03
-3.4626057129e+03
2.5340866699e+03
5.0015713501e+02
-1.4480386963e+03
-3.4524516602e+03
2.5605644531e+03
5.2187432861e+02
-1.4337084961e+03
-3.4434965820e+03
2.5876958008e+03
5.4718145752e+02
-1.4122946777e+03
-3.4239755859e+03
2.6280214844e+03
5.7926019287e+02
-1.3928385010e+03
-3.4120698242e+03
2.6589443359e+03
6.1168298340e+02
-1.3595306396e+03
-3.3743173828e+03
2.7156484375e+03
6.5062335205e+02
-1.3428341064e+03
-3.3655295410e+03
2.7422399902e+03
6.7600500488e+02
-1.3072718506e+03
-3.3083850098e+03
2.7696462402e+03
6.8255694580e+02
-1.3011931152e+03
-3.2786088867e+03
3.2495512695e+03
9.2600213623e+02
-1.3941556396e+03
-3.6487348633e+03
3.2218701172e+03
8.9966003418e+02
-1.4571673584e+03
-3.7317390137e+03
3.1418129883e+03
8.5254547119e+02
-1.4890476074e+03
-3.7452687988e+03
3.1064606934e+03
8.1329595947e+02
-1.5478232422e+03
-3.8061752930e+03
3.0462509766e+03
7.7152630615e+02
-1.5774053955e+03
-3.8161879883e+03
3.0080263672e+03
7.3866082764e+02
-1.6111365967e+03
-3.8421958008e+03
2.9685122070e+03
7.0928448486e+02
-1.6331462402e+03
-3.8515495605e+03
2.9405126953e+03
6.8652154541e+02
-1.6532419434e+03
-3.8643078613e+03
2.9162734375e+03
6.6820611572e+02
-1.6668012695e+03
-3.8700571289e+03
2.8997082520e+03
6.5513409424e+02
-1.6773776855e+03
-3.8757971191e+03
2.8881264648e+03
6.4639770508e+02
-1.6836790771e+03
-3.8782897949e+03
2.8826718750e+03
6.4215771484e+02
-1.6869616699e+03
-3.8799003906e+03
2.8826718750e+03
6.4215771484e+02
-1.6869616699e+03
-3.8799003906e+03
2.8881264648e+03
6.4639770508e+02
-1.6836790771e+03
-3.8782897949e+03
2.8997082520e+03
6.5513409424e+02
-1.6773776855e+03
-3.8757971191e+03
2.9162734375e+03
6.6820611572e+02
-1.6668012695e+03
-3.8700571289e+03
2.9405126953e+03
6.8652154541e+02
-1.6532419434e+03
-3.8643078613e+03
2.9685122070e+03
7.0928448486e+02
-1.6331462402e+03
-3.8515495605e+03
3.0080263672e+03
7.3866082764e+02
-1.6111365967e+03
-3.8421958008e+03
3.0462509766e+03
7.7152630615e+02
-1.5774053955e+03
-3.8161879883e+03
3.1064606934e+03
8.1329595947e+02
-1.5478232422e+03
-3.8061752930e+03
3.1418129883e+03
8.5254547119e+02
-1.4890476074e+03
-3.7452687988e+03
3.2218701172e+03
8.9966003418e+02
-1.4571673584e+03
-3.7317390137e+03
3.2495512695e+03
9.2600213623e+02
-1.3941556396e+03
-3.6487348633e+03
3.7018059082e+03
1.1151213379e+03
-1.4255593262e+03
-4.0496091309e+03
3.6189687500e+03
1.0353673096e+03
-1.4773790283e+03
-4.1045761719e+03
3.5887441406e+03
9.7256921387e+02
-1.5576656494e+03
-4.2143544922e+03
3.5016369629e+03
9.0603942871e+02
-1.5826475830e+03
-4.2196020508e+03
3.4542907715e+03
8.5677221680e+02
-1.6233730469e+03
-4.2624843750e+03
3.4001718750e+03
8.1258203125e+02
-1.6473280029e+03
-4.2752578125e+03
3.3622749023e+03
7.7867095947e+02
-1.6709300537e+03
-4.2940117188e+03
3.3276508789e+03
7.5098925781e+02
-1.6863695068e+03
-4.3011406250e+03
3.3028212891e+03
7.3047521973e+02
-1.6992203369e+03
-4.3086528320e+03
3.2834392090e+03
7.1540887451e+02
-1.7074437256e+03
-4.3115610352e+03
3.2713657227e+03
7.0583142090e+02
-1.7130968018e+03
-4.3140805664e+03
3.2651342773e+03
7.0106256104e+02
-1.7156564941e+03
-4.3148129883e+03
3.2651342773e+03
7.0106256104e+02
-1.7156564941e+03
-4.3148129883e+03
3.2713657227e+03
7.0583142090e+02
-1.7130968018e+03
-4.3140805664e+03
3.2834392090e+03
7.1540887451e+02
-1.7074437256e+03
-4.3115610352e+03
3.3028212891e+03
7.3047521973e+02
-1.6992203369e+03
-4.3086528320e+03
3.3276508789e+03
7.5098925781e+02
-1.6863695068e+03
-4.3011406250e+03
3.3622749023e+03
7.7867095947e+02
-1.6709300537e+03
-4.2940117188e+03
3.4001718750e+03
8.1258203125e+02
-1.6473280029e+03
-4.2752578125e+03
3.4542907715e+03
8.5677221680e+02
-1.6233730469e+03
-4.2624843750e+03
3.5016369629e+03
9.0603942871e+02
-1.5826475830e+03
-4.2196020508e+03
3.5887441406e+03
9.7256921387e+02
-1.5576656494e+03
-4.2143544922e+03
3.6189687500e+03
1.0353673096e+03
-1.4773790283e+03
-4.1045761719e+03
3.7018059082e+03
1.1151213379e+03
-1.4255593262e+03
-4.0496091309e+03
4.0371430664e+03
1.2846889648e+03
-1.4903961182e+03
-4.3042373047e+03
4.0145961914e+03
1.2290899658e+03
-1.6578874512e+03
-4.4784868164e+03
3.8794458008e+03
1.1534632568e+03
-1.7077880859e+03
-4.4561884766e+03
3.8299294434e+03
1.1024467773e+03
-1.7890080566e+03
-4.5299179688e+03
3.7570617676e+03
1.0526160889e+03
-1.8322607422e+03
-4.5408808594e+03
3.7082802734e+03
1.0145937500e+03
-1.8712124023e+03
-4.5627070312e+03
3.6621789551e+03
9.8268505859e+02
-1.8958498535e+03
-4.5671313477e+03
3.6296867676e+03
9.5865875244e+02
-1.9162697754e+03
-4.5744770508e+03
3.6035456543e+03
9.4011737061e+02
-1.9299812012e+03
-4.5766884766e+03
3.5861362305e+03
9.2715985107e+02
-1.9403298340e+03
-4.5797807617e+03
3.5745566406e+03
9.1870928955e+02
-1.9465758057e+03
-4.5809643555e+03
3.5691718750e+03
9.1464257812e+02
-1.9497834473e+03
-4.5819160156e+03
3.5691718750e+03
9.1464257812e+02
-1.9497834473e+03
-4.5819160156e+03
3.5745566406e+03
9.1870928955e+02
-1.9465758057e+03
-4.5809643555e+03
3.5861362305e+03
9.2715985107e+02
-1.9403298340e+03
-4.5797807617e+03
3.6035456543e+03
9.4011737061e+02
-1.9299812012e+03
-4.5766884766e+03
3.6296867676e+03
9.5865875244e+02
-1.9162697754e+03
-4.5744770508e+03
3.6621789551e+03
9.8268505859e+02
-1.8958498535e+03
-4.5671313477e+03
3.7082802734e+03
1.0145937500e+03
-1.8712124023e+03
-4.5627070312e+03
3.7570617676e+03
1.0526160889e+03
-1.8322607422e+03
-4.5408808594e+03
3.8299294434e+03
1.1024467773e+03
-1.7890080566e+03
-4.5299179688e+03
3.8794458008e+03
1.1534632568e+03
-1.7077880859e+03
-4.4561884766e+03
4.0145961914e+03
1.2290899658e+03
-1.6578874512e+03
-4.4784868164e+03
4.0371430664e+03
1.2846889648e+03
-1.4903961182e+03
-4.3042373047e+03
4.3369824219e+03
1.4197567139e+03
-1.5774937744e+03
-4.6393808594e+03
4.1630366211e+03
1.2635816650e+03
-1.6005183105e+03
-4.6322138672e+03
4.1576000977e+03
1.1739045410e+03
-1.7115449219e+03
-4.8139985352e+03
4.0686564941e+03
1.0918071289e+03
-1.7443001709e+03
-4.8299145508e+03
4.0188251953e+03
1.0358295898e+03
-1.7790240479e+03
-4.8667524414e+03
3.9720424805e+03
9.9288385010e+02
-1.8000239258e+03
-4.8796909180e+03
3.9453317871e+03
9.6303228760e+02
-1.8212474365e+03
-4.9015336914e+03
3.9258149414e+03
9.4123217773e+02
-1.8373674316e+03
-4.9175346680e+03
3.9155314941e+03
9.2642779541e+02
-1.8515885010e+03
-4.9346850586e+03
3.9091147461e+03
9.1637969971e+02
-1.8618900146e+03
-4.9473574219e+03
3.9062844238e+03
9.1036523438e+02
-1.8691533203e+03
-4.9570629883e+03
3.9049816895e+03
9.0748052979e+02
-1.8726877441e+03
-4.9617924805e+03
3.9049816895e+03
9.0748052979e+02
-1.8726877441e+03
-4.9617924805e+03
3.9062844238e+03
9.1036523438e+02
-1.8691533203e+03
-4.9570629883e+03
3.9091147461e+03
9.1637969971e+02
-1.8618900146e+03
-4.9473574219e+03
3.9155314941e+03
9.2642779541e+02
-1.8515885010e+03
-4.9346850586e+03
3.9258149414e+03
9.4123217773e+02
-1.8373674316e+03
-4.9175346680e+03
3.9453317871e+03
9.6303228760e+02
-1.8212474365e+03
-4.9015336914e+03
3.9720424805e+03
9.9288385010e+02
-1.8000239258e+03
-4.8796909180e+03
4.0188251953e+03
1.0358295898e+03
-1.7790240479e+03
-4.8667524414e+03
4.0686564941e+03
1.0918071289e+03
-1.7443001709e+03
-4.8299145508e+03
4.1576000977e+03
1.1739045410e+03
-1.7115449219e+03
-4.8139985352e+03
4.1630366211e+03
1.2635816650e+03
-1.6005183105e+03
-4.6322138672e+03
4.3369824219e+03
1.4197567139e+03
-1.5774937744e+03
-4.6393808594e+03
4.1513188477e+03
1.2733446045e+03
-1.4131716309e+03
-4.4378100586e+03
4.2782099609e+03
1.2809659424e+03
-1.7487784424e+03
-4.8492709961e+03
4.1490795898e+03
1.2306369629e+03
-1.8246701660e+03
-4.8058920898e+03
4.1253730469e+03
1.2071213379e+03
-1.9000706787e+03
-4.8636826172e+03
4.1136660156e+03
1.1928104248e+03
-1.9544058838e+03
-4.9066752930e+03
4.1304135742e+03
1.1863062744e+03
-2.0047163086e+03
-4.9723715820e+03
4.1513847656e+03
1.1831181641e+03
-2.0446292725e+03
-5.0307216797e+03
4.1771201172e+03
1.1826434326e+03
-2.0784521484e+03
-5.0873222656e+03
4.1998212891e+03
1.1830408936e+03
-2.1042236328e+03
-5.1331025391e+03
4.2190854492e+03
1.1840133057e+03
-2.1236079102e+03
-5.1694775391e+03
4.2322788086e+03
1.1848226318e+03
-2.1361333008e+03
-5.1936284180e+03
4.2391918945e+03
1.1853266602e+03
-2.1424318848e+03
-5.2060195312e+03
4.2391918945e+03
1.1853266602e+03
-2.1424318848e+03
-5.2060195312e+03
4.2322788086e+03
1.1848226318e+03
-2.1361333008e+03
-5.1936284180e+03
4.2190854492e+03
1.1840133057e+03
-2.1236079102e+03
-5.1694775391e+03
4.1998212891e+03
1.1830408936e+03
-2.1042236328e+03
-5.1331025391e+03
4.1771201172e+03
1.1826434326e+03
-2.0784521484e+03
-5.0873222656e+03
4.1513847656e+03
1.1831181641e+03
-2.0446292725e+03
-5.0307216797e+03
4.1304135742e+03
1.1863062744e+03
-2.0047163086e+03
-4.9723715820e+03
4.1136660156e+03
1.1928104248e+03
-1.9544058838e+03
-4.9066752930e+03
4.1253730469e+03
1.2071213379e+03
-1.9000706787e+03
-4.8636826172e+03
4.1490795898e+03
1.2306369629e+03
-1.8246701660e+03
-4.8058920898e+03
4.2782099609e+03
1.2809659424e+03
-1.7487784424e+03
-4.8492709961e+03
4.1513188477e+03
1.2733446045e+03
-1.4131716309e+03
-4.4378100586e+03
3.6035639648e+03
1.1090670166e+03
-1.7216131592e+03
-4.2799213867e+03
3.5483315430e+03
1.0442629395e+03
-1.6206647949e+03
-4.1893945312e+03
3.7905983887e+03
1.0680270996e+03
-1.6897702637e+03
-4.4843535156e+03
4.0079143066e+03
1.1090351562e+03
-1.7736859131e+03
-4.7523183594e+03
4.2043574219e+03
1.1483096924e+03
-1.8588562012e+03
-5.0020019531e+03
4.3583886719e+03
1.1810172119e+03
-1.9298610840e+03
-5.2002939453e+03
4.4813706055e+03
1.2075666504e+03
-1.9896590576e+03
-5.3615922852e+03
4.5740292969e+03
1.2279394531e+03
-2.0363884277e+03
-5.4844946289e+03
4.6431948242e+03
1.2432492676e+03
-2.0724799805e+03
-5.5774995117e+03
4.6914697266e+03
1.2539896240e+03
-2.0982395020e+03
-5.6429497070e+03
4.7223076172e+03
1.2608723145e+03
-2.1150285645e+03
-5.6851186523e+03
4.7371992188e+03
1.2641975098e+03
-2.1232084961e+03
-5.7055522461e+03
4.7371992188e+03
1.2641975098e+03
-2.1232084961e+03
-5.7055522461e+03
4.7223076172e+03
1.2608723145e+03
-2.1150285645e+03
-5.6851186523e+03
4.6914697266e+03
1.2539896240e+03
-2.0982395020e+03
-5.6429497070e+03
4.6431948242e+03
1.2432492676e+03
-2.0724799805e+03
-5.5774995117e+03
4.5740292969e+03
1.2279394531e+03
-2.0363884277e+03
-5.4844946289e+03
4.4813706055e+03
1.2075666504e+03
-1.9896590576e+03
-5.3615922852e+03
4.3583886719e+03
1.1810172119e+03
-1.9298610840e+03
-5.2002939453e+03
4.2043574219e+03
1.1483096924e+03
-1.8588562012e+03
-5.0020019531e+03
4.0079143066e+03
1.1090351562e+03
-1.7736859131e+03
-4.7523183594e+03
3.7905983887e+03
1.0680270996e+03
-1.6897702637e+03
-4.4843535156e+03
3.5483315430e+03
1.0442629395e+03
-1.6206647949e+03
-4.1893945312e+03
3.6035639648e+03
1.1090670166e+03
-1.7216131592e+03
-4.2799213867e+03
