0.0000000000e+00
-4.4996061325e+00
-1.6586402893e+01
-3.5871944427e+01
-6.1153930664e+01
-9.1595939636e+01
-1.2562884521e+02
-1.6198010254e+02
-1.9895594788e+02
-2.3519657898e+02
-2.6904284668e+02
-2.9923944092e+02
-3.2433123779e+02
-3.4330041504e+02
-3.5511212158e+02
-3.5906393433e+02
-3.5481314087e+02
-3.4191229248e+02
-3.2104992676e+02
-2.9167382812e+02
-2.5602709961e+02
-2.1254057312e+02
-1.6610408020e+02
-1.1213697052e+02
-6.0806365967e+01
0.0000000000e+00
5.0628871918e+01
1.0889266968e+02
1.5934024048e+02
2.0947079468e+02
2.5214538574e+02
2.9002078247e+02
3.1952175903e+02
3.4158676147e+02
3.5462805176e+02
3.5918939209e+02
3.5503012085e+02
3.4286621094e+02
3.2340512085e+02
2.9768930054e+02
2.6701791382e+02
2.3269889832e+02
1.9630444336e+02
1.5928007507e+02
1.2320972443e+02
8.9558959961e+01
5.9677726746e+01
3.4959766388e+01
1.6146844864e+01
4.4643988609e+00
0.0000000000e+00
