0.0000000000e+00
-3.3998115063e+00
-8.4733104706e+00
-1.8120500565e+01
-3.1003278732e+01
-4.7377330780e+01
-6.6593879700e+01
-8.8476699829e+01
-1.1247558594e+02
-1.3824342346e+02
-1.6526856995e+02
-1.9314207458e+02
-2.2138717651e+02
-2.4958869934e+02
-2.7731033325e+02
-3.0415942383e+02
-3.2974526978e+02
-3.5371353149e+02
-3.7572500610e+02
-3.9547564697e+02
-4.1268685913e+02
-4.2711764526e+02
-4.3855703735e+02
-4.4683593750e+02
-4.5183871460e+02
-4.5351098633e+02
-4.5183871460e+02
-4.4683593750e+02
-4.3855703735e+02
-4.2711764526e+02
-4.1268685913e+02
-3.9547561646e+02
-3.7572500610e+02
-3.5371353149e+02
-3.2974526978e+02
-3.0415942383e+02
-2.7731033325e+02
-2.4958869934e+02
-2.2138716125e+02
-1.9314205933e+02
-1.6526856995e+02
-1.3824342346e+02
-1.1247558594e+02
-8.8476699829e+01
-6.6593879700e+01
-4.7377330780e+01
-3.1003278732e+01
-1.8120498657e+01
-8.4733095169e+00
-3.3998112679e+00
0.0000000000e+00
