0.0000000000e+00
-8.0085480213e-01
-2.7997403145e+00
-6.5602669716e+00
-1.1679427147e+01
-1.8181241989e+01
-2.5873033524e+01
-3.4675575256e+01
-4.4406349182e+01
-5.4925479889e+01
-6.6042724609e+01
-7.7587661743e+01
-8.9366523743e+01
-1.0119766998e+02
-1.1289157104e+02
-1.2426969910e+02
-1.3515545654e+02
-1.4538482666e+02
-1.5480244446e+02
-1.6326797485e+02
-1.7065495300e+02
-1.7685391235e+02
-1.8176841736e+02
-1.8531958008e+02
-1.8745886230e+02
-1.8817190552e+02
-1.8745886230e+02
-1.8531956482e+02
-1.8176841736e+02
-1.7685391235e+02
-1.7065493774e+02
-1.6326795959e+02
-1.5480244446e+02
-1.4538481140e+02
-1.3515544128e+02
-1.2426969147e+02
-1.1289156342e+02
-1.0119766235e+02
-8.9366516113e+01
-7.7587654114e+01
-6.6042709351e+01
-5.4925472260e+01
-4.4406341553e+01
-3.4675567627e+01
-2.5873027802e+01
-1.8181238174e+01
-1.1679424286e+01
-6.5602645874e+00
-2.7997391224e+00
-8.0085420609e-01
0.0000000000e+00
