0.0000000000e+00
8.3565586805e-01
2.7429940701e+00
6.1187734604e+00
1.0674531937e+01
1.6460712433e+01
2.3335836411e+01
3.1212724686e+01
3.9943027496e+01
4.9393970490e+01
5.9403141022e+01
6.9814979553e+01
8.0456916809e+01
9.1164909363e+01
1.0176555634e+02
1.1209710693e+02
1.2199534607e+02
1.3131030273e+02
1.3989604187e+02
1.4762297058e+02
1.5437118530e+02
1.6003903198e+02
1.6453901672e+02
1.6780346680e+02
1.6978196716e+02
1.7044502258e+02
1.6978196716e+02
1.6780346680e+02
1.6453901672e+02
1.6003903198e+02
1.5437117004e+02
1.4762295532e+02
1.3989602661e+02
1.3131028748e+02
1.2199533081e+02
1.1209709167e+02
1.0176554108e+02
9.1164894104e+01
8.0456893921e+01
6.9814964294e+01
5.9403125763e+01
4.9393955231e+01
3.9943016052e+01
3.1212715149e+01
2.3335828781e+01
1.6460706711e+01
1.0674528122e+01
6.1187710762e+00
2.7429928780e+00
8.3565539122e-01
0.0000000000e+00
