0.0000000000e+00
8.9991545677e-01
2.9101550579e+00
6.4748163223e+00
1.1283797264e+01
1.7392509460e+01
2.4649204254e+01
3.2962371826e+01
4.2174674988e+01
5.2145816803e+01
6.2704208374e+01
7.3685523987e+01
8.4907829285e+01
9.6198074341e+01
1.0737366486e+02
1.1826419830e+02
1.2869688416e+02
1.3851387024e+02
1.4756163025e+02
1.5570385742e+02
1.6281440735e+02
1.6878636169e+02
1.7352764893e+02
1.7696707153e+02
1.7905158997e+02
1.7975016785e+02
1.7905158997e+02
1.7696707153e+02
1.7352763367e+02
1.6878634644e+02
1.6281440735e+02
1.5570384216e+02
1.4756163025e+02
1.3851385498e+02
1.2869686890e+02
1.1826418304e+02
1.0737364960e+02
9.6198059082e+01
8.4907814026e+01
7.3685516357e+01
6.2704196930e+01
5.2145805359e+01
4.2174663544e+01
3.2962364197e+01
2.4649196625e+01
1.7392503738e+01
1.1283793449e+01
6.4748139381e+00
2.9101538658e+00
8.9991497993e-01
0.0000000000e+00
