-5.2243742943e+00
-4.6947467804e+01
-8.8547653198e+01
-1.2973626709e+02
-1.7039295959e+02
-2.1033880615e+02
-2.4941685486e+02
-2.8747586060e+02
-3.2435260010e+02
-3.5991415405e+02
-3.9400012207e+02
-4.2649475098e+02
-4.5724450684e+02
-4.8615292358e+02
-5.1307574463e+02
-5.3793853760e+02
-5.6060821533e+02
-5.8103509521e+02
-5.9909942627e+02
-6.1477716064e+02
-6.2796514893e+02
-6.3866485596e+02
-6.4678826904e+02
-6.5237481689e+02
-6.5533197021e+02
-6.5572949219e+02
-6.5362469482e+02
-6.4898748779e+02
-6.4178045654e+02
-6.3210479736e+02
-6.1997338867e+02
-6.0545751953e+02
-5.8862451172e+02
-5.6953234863e+02
-5.4829449463e+02
-5.2494891357e+02
-4.9966256714e+02
-4.7244189453e+02
-4.4351467896e+02
-4.1284542847e+02
-3.8072949219e+02
-3.4707974243e+02
-3.1226553345e+02
-2.7613882446e+02
-2.3914848328e+02
-2.0107881165e+02
-1.6245726013e+02
-1.2300859833e+02
-8.3331542969e+01
-4.2984001160e+01
-2.9996013641e+00
