-6.1781129837e+00
-5.1473144531e+01
-9.6623771667e+01
-1.4133032227e+02
-1.8546083069e+02
-2.2882342529e+02
-2.7124987793e+02
-3.1257614136e+02
-3.5262786865e+02
-3.9125952148e+02
-4.2829992676e+02
-4.6362097168e+02
-4.9705880737e+02
-5.2850524902e+02
-5.5780615234e+02
-5.8487664795e+02
-6.0957446289e+02
-6.3184082031e+02
-6.5154809570e+02
-6.6866461182e+02
-6.8308105469e+02
-6.9479302979e+02
-7.0370812988e+02
-7.0986285400e+02
-7.1316033936e+02
-7.1367041016e+02
-7.1145843506e+02
-7.0648626709e+02
-6.9871765137e+02
-6.8825604248e+02
-6.7512072754e+02
-6.5938269043e+02
-6.4112084961e+02
-6.2039178467e+02
-5.9732482910e+02
-5.7195495605e+02
-5.4446997070e+02
-5.1487030029e+02
-4.8341036987e+02
-4.5004501343e+02
-4.1510208130e+02
-3.7848056030e+02
-3.4058840942e+02
-3.0125909424e+02
-2.6098641968e+02
-2.1953089905e+02
-1.7747180176e+02
-1.3450346375e+02
-9.1286499023e+01
-4.7335414886e+01
-3.7577826977e+00
