-2.6724201234e-06
-2.6911558583e-02
-5.7540625334e-02
-8.6019106209e-02
-1.1343775690e-01
-1.3898248971e-01
-1.6217359900e-01
-1.8300274014e-01
-2.0060621202e-01
-2.1535848081e-01
-2.2628942132e-01
-2.3404018581e-01
-2.3760323226e-01
-2.3788265884e-01
-2.3383587599e-01
-2.2665020823e-01
-2.1522358060e-01
-2.0105250180e-01
-1.8293562531e-01
-1.6270032525e-01
-1.3900029659e-01
-1.1401224881e-01
-8.6153551936e-02
-5.8098826557e-02
-2.7743618935e-02
1.9544616807e-03
3.2556187361e-02
6.1356939375e-02
9.0936951339e-02
1.1737431586e-01
1.4374867082e-01
1.6606329381e-01
1.8769749999e-01
2.0440949500e-01
2.1999602020e-01
2.3000904918e-01
2.3861286044e-01
2.4125368893e-01
2.4237479270e-01
2.3743952811e-01
2.3103858531e-01
2.1880900860e-01
2.0531198382e-01
1.8652534485e-01
1.6682319343e-01
1.4256596565e-01
1.1816072464e-01
8.9298382401e-02
6.2252052128e-02
3.3732615411e-02
-3.2058849465e-03
