-3.0007786751e+00
-3.4742252350e+01
-6.6417518616e+01
-9.7771553040e+01
-1.2871730042e+02
-1.5911299133e+02
-1.8883442688e+02
-2.1776646423e+02
-2.4577806091e+02
-2.7277120972e+02
-2.9861676025e+02
-3.2323226929e+02
-3.4649404907e+02
-3.6833660889e+02
-3.8864355469e+02
-4.0736837769e+02
-4.2440328979e+02
-4.3972235107e+02
-4.5322787476e+02
-4.6491488647e+02
-4.7469790649e+02
-4.8259262085e+02
-4.8852410889e+02
-4.9253839111e+02
-4.9455511475e+02
-4.9464358521e+02
-4.9283901978e+02
-4.8913360596e+02
-4.8348681641e+02
-4.7599444580e+02
-4.6665167236e+02
-4.5553158569e+02
-4.4266928101e+02
-4.2812838745e+02
-4.1197711182e+02
-3.9426464844e+02
-3.7509811401e+02
-3.5450317383e+02
-3.3263189697e+02
-3.0947799683e+02
-2.8524423218e+02
-2.5988436890e+02
-2.3365737915e+02
-2.0646945190e+02
-1.7864053345e+02
-1.5002397156e+02
-1.2099860382e+02
-9.1376869202e+01
-6.1580516815e+01
-3.1291669846e+01
-1.3311252594e+00
