1.0471409912e+03
3.3871051025e+02
-4.1591735840e+02
-1.1301505127e+03
1.0428591309e+03
3.2918472290e+02
-4.0792883301e+02
-1.1270677490e+03
1.0882844238e+03
3.3602670288e+02
-4.2043154907e+02
-1.1775356445e+03
1.1349699707e+03
3.4710189819e+02
-4.3630627441e+02
-1.2289516602e+03
1.1786367188e+03
3.5818945312e+02
-4.5210873413e+02
-1.2774436035e+03
1.2155319824e+03
3.6796524048e+02
-4.6598931885e+02
-1.3185679932e+03
1.2461605225e+03
3.7622534180e+02
-4.7783721924e+02
-1.3529080811e+03
1.2705089111e+03
3.8288546753e+02
-4.8745330811e+02
-1.3803167725e+03
1.2892797852e+03
3.8805926514e+02
-4.9499099731e+02
-1.4015439453e+03
1.3028677979e+03
3.9182351685e+02
-5.0051055908e+02
-1.4169572754e+03
1.3117161865e+03
3.9428347778e+02
-5.0413827515e+02
-1.4270228271e+03
1.3160668945e+03
3.9549459839e+02
-5.0592999268e+02
-1.4319785156e+03
1.3160668945e+03
3.9549459839e+02
-5.0592999268e+02
-1.4319785156e+03
1.3117161865e+03
3.9428347778e+02
-5.0413827515e+02
-1.4270228271e+03
1.3028677979e+03
3.9182351685e+02
-5.0051055908e+02
-1.4169572754e+03
1.2892797852e+03
3.8805926514e+02
-4.9499099731e+02
-1.4015439453e+03
1.2705089111e+03
3.8288546753e+02
-4.8745330811e+02
-1.3803167725e+03
1.2461605225e+03
3.7622534180e+02
-4.7783721924e+02
-1.3529080811e+03
1.2155319824e+03
3.6796524048e+02
-4.6598931885e+02
-1.3185679932e+03
1.1786367188e+03
3.5818945312e+02
-4.5210873413e+02
-1.2774436035e+03
1.1349699707e+03
3.4710189819e+02
-4.3630627441e+02
-1.2289516602e+03
1.0882844238e+03
3.3602670288e+02
-4.2043154907e+02
-1.1775356445e+03
1.0428591309e+03
3.2918472290e+02
-4.0792883301e+02
-1.1270677490e+03
1.0471409912e+03
3.3871051025e+02
-4.1591735840e+02
-1.1301505127e+03
1.2114577637e+03
3.8000820923e+02
-4.0310491943e+02
-1.2500220947e+03
1.2343585205e+03
3.8851608276e+02
-4.4624041748e+02
-1.3024302979e+03
1.2030072021e+03
3.7940493774e+02
-4.5428546143e+02
-1.2849174805e+03
1.1804757080e+03
3.7127133179e+02
-4.5853540039e+02
-1.2734772949e+03
1.1623195801e+03
3.6478717041e+02
-4.6112628174e+02
-1.2633590088e+03
1.1508574219e+03
3.6005722046e+02
-4.6368133545e+02
-1.2585395508e+03
1.1434116211e+03
3.5664825439e+02
-4.6604351807e+02
-1.2563374023e+03
1.1392270508e+03
3.5432571411e+02
-4.6833432007e+02
-1.2563770752e+03
1.1369281006e+03
3.5275088501e+02
-4.7030331421e+02
-1.2573210449e+03
1.1358845215e+03
3.5175561523e+02
-4.7190661621e+02
-1.2586644287e+03
1.1354521484e+03
3.5116500854e+02
-4.7301275635e+02
-1.2597910156e+03
1.1353298340e+03
3.5089630127e+02
-4.7358541870e+02
-1.2604434814e+03
1.1353298340e+03
3.5089630127e+02
-4.7358541870e+02
-1.2604434814e+03
1.1354521484e+03
3.5116500854e+02
-4.7301275635e+02
-1.2597910156e+03
1.1358845215e+03
3.5175561523e+02
-4.7190661621e+02
-1.2586644287e+03
1.1369281006e+03
3.5275088501e+02
-4.7030331421e+02
-1.2573210449e+03
1.1392270508e+03
3.5432571411e+02
-4.6833432007e+02
-1.2563770752e+03
1.1434116211e+03
3.5664825439e+02
-4.6604351807e+02
-1.2563374023e+03
1.1508574219e+03
3.6005722046e+02
-4.6368133545e+02
-1.2585395508e+03
1.1623195801e+03
3.6478717041e+02
-4.6112628174e+02
-1.2633590088e+03
1.1804757080e+03
3.7127133179e+02
-4.5853540039e+02
-1.2734772949e+03
1.2030072021e+03
3.7940493774e+02
-4.5428546143e+02
-1.2849174805e+03
1.2343585205e+03
3.8851608276e+02
-4.4624041748e+02
-1.3024302979e+03
1.2114577637e+03
3.8000820923e+02
-4.0310491943e+02
-1.2500220947e+03
1.1771103516e+03
3.8991601562e+02
-4.2997277832e+02
-1.2209410400e+03
1.1431246338e+03
3.6581469727e+02
-4.1614175415e+02
-1.1986538086e+03
1.1484107666e+03
3.5618350220e+02
-4.2416497803e+02
-1.2220013428e+03
1.1401866455e+03
3.4581094360e+02
-4.2756958008e+02
-1.2274655762e+03
1.1318551025e+03
3.3697323608e+02
-4.3037545776e+02
-1.2309200439e+03
1.1216069336e+03
3.2915844727e+02
-4.3183505249e+02
-1.2299305420e+03
1.1124468994e+03
3.2272952271e+02
-4.3296325684e+02
-1.2283259277e+03
1.1041965332e+03
3.1746588135e+02
-4.3365682983e+02
-1.2259696045e+03
1.0976016846e+03
3.1340100098e+02
-4.3420458984e+02
-1.2239240723e+03
1.0925604248e+03
3.1040469360e+02
-4.3456048584e+02
-1.2221651611e+03
1.0892364502e+03
3.0845269775e+02
-4.3480645752e+02
-1.2209882812e+03
1.0875634766e+03
3.0748333740e+02
-4.3492108154e+02
-1.2203703613e+03
1.0875634766e+03
3.0748333740e+02
-4.3492108154e+02
-1.2203703613e+03
1.0892364502e+03
3.0845269775e+02
-4.3480645752e+02
-1.2209882812e+03
1.0925604248e+03
3.1040469360e+02
-4.3456048584e+02
-1.2221651611e+03
1.0976016846e+03
3.1340100098e+02
-4.3420458984e+02
-1.2239240723e+03
1.1041965332e+03
3.1746588135e+02
-4.3365682983e+02
-1.2259696045e+03
1.1124468994e+03
3.2272952271e+02
-4.3296325684e+02
-1.2283259277e+03
1.1216069336e+03
3.2915844727e+02
-4.3183505249e+02
-1.2299305420e+03
1.1318551025e+03
3.3697323608e+02
-4.3037545776e+02
-1.2309200439e+03
1.1401866455e+03
3.4581094360e+02
-4.2756958008e+02
-1.2274655762e+03
1.1484107666e+03
3.5618350220e+02
-4.2416497803e+02
-1.2220013428e+03
1.1431246338e+03
3.6581469727e+02
-4.1614175415e+02
-1.1986538086e+03
1.1771103516e+03
3.8991601562e+02
-4.2997277832e+02
-1.2209410400e+03
1.0832121582e+03
3.4283761597e+02
-3.7746221924e+02
-1.1248041992e+03
1.0972181396e+03
3.4774151611e+02
-4.0576733398e+02
-1.1588250732e+03
1.0761475830e+03
3.4113940430e+02
-4.1120989990e+02
-1.1484624023e+03
1.0693356934e+03
3.3722250366e+02
-4.2003512573e+02
-1.1538869629e+03
1.0612066650e+03
3.3267382812e+02
-4.2648944092e+02
-1.1561795654e+03
1.0556306152e+03
3.2864498901e+02
-4.3228338623e+02
-1.1601134033e+03
1.0500903320e+03
3.2479998779e+02
-4.3662481689e+02
-1.1624913330e+03
1.0456041260e+03
3.2152001953e+02
-4.4009225464e+02
-1.1645863037e+03
1.0416884766e+03
3.1875756836e+02
-4.4259738159e+02
-1.1658094482e+03
1.0387352295e+03
3.1666076660e+02
-4.4440252686e+02
-1.1666765137e+03
1.0366688232e+03
3.1522705078e+02
-4.4553033447e+02
-1.1671169434e+03
1.0356378174e+03
3.1450946045e+02
-4.4608691406e+02
-1.1673349609e+03
1.0356378174e+03
3.1450946045e+02
-4.4608691406e+02
-1.1673349609e+03
1.0366688232e+03
3.1522705078e+02
-4.4553033447e+02
-1.1671169434e+03
1.0387352295e+03
3.1666076660e+02
-4.4440252686e+02
-1.1666765137e+03
1.0416884766e+03
3.1875756836e+02
-4.4259738159e+02
-1.1658094482e+03
1.0456041260e+03
3.2152001953e+02
-4.4009225464e+02
-1.1645863037e+03
1.0500903320e+03
3.2479998779e+02
-4.3662481689e+02
-1.1624913330e+03
1.0556306152e+03
3.2864498901e+02
-4.3228338623e+02
-1.1601134033e+03
1.0612066650e+03
3.3267382812e+02
-4.2648944092e+02
-1.1561795654e+03
1.0693356934e+03
3.3722250366e+02
-4.2003512573e+02
-1.1538869629e+03
1.0761475830e+03
3.4113940430e+02
-4.1120989990e+02
-1.1484624023e+03
1.0972181396e+03
3.4774151611e+02
-4.0576733398e+02
-1.1588250732e+03
1.0832121582e+03
3.4283761597e+02
-3.7746221924e+02
-1.1248041992e+03
1.0292420654e+03
3.2963796997e+02
-3.8080407715e+02
-1.0777006836e+03
1.0081228638e+03
3.1490875244e+02
-3.7284719849e+02
-1.0675861816e+03
1.0127046509e+03
3.0846777344e+02
-3.8098989868e+02
-1.0883249512e+03
1.0037103882e+03
2.9975292969e+02
-3.8310720825e+02
-1.0907670898e+03
9.9856811523e+02
2.9323886108e+02
-3.8672344971e+02
-1.0963361816e+03
9.9250616455e+02
2.8742105103e+02
-3.8952349854e+02
-1.0991118164e+03
9.8819366455e+02
2.8284375000e+02
-3.9249804688e+02
-1.1025299072e+03
9.8434259033e+02
2.7905755615e+02
-3.9496166992e+02
-1.1050028076e+03
9.8154132080e+02
2.7616574097e+02
-3.9711099243e+02
-1.1073016357e+03
9.7937817383e+02
2.7400729370e+02
-3.9871520996e+02
-1.1089284668e+03
9.7800897217e+02
2.7260403442e+02
-3.9982806396e+02
-1.1100954590e+03
9.7730731201e+02
2.7190066528e+02
-4.0037808228e+02
-1.1106546631e+03
9.7730731201e+02
2.7190066528e+02
-4.0037808228e+02
-1.1106546631e+03
9.7800897217e+02
2.7260403442e+02
-3.9982806396e+02
-1.1100954590e+03
9.7937817383e+02
2.7400729370e+02
-3.9871520996e+02
-1.1089284668e+03
9.8154132080e+02
2.7616574097e+02
-3.9711099243e+02
-1.1073016357e+03
9.8434259033e+02
2.7905755615e+02
-3.9496166992e+02
-1.1050028076e+03
9.8819366455e+02
2.8284375000e+02
-3.9249804688e+02
-1.1025299072e+03
9.9250616455e+02
2.8742105103e+02
-3.8952349854e+02
-1.0991118164e+03
9.9856811523e+02
2.9323886108e+02
-3.8672344971e+02
-1.0963361816e+03
1.0037103882e+03
2.9975292969e+02
-3.8310720825e+02
-1.0907670898e+03
1.0127046509e+03
3.0846777344e+02
-3.8098989868e+02
-1.0883249512e+03
1.0081228638e+03
3.1490875244e+02
-3.7284719849e+02
-1.0675861816e+03
1.0292420654e+03
3.2963796997e+02
-3.8080407715e+02
-1.0777006836e+03
9.3580346680e+02
2.8956649780e+02
-3.4735659790e+02
-9.9062640381e+02
9.4144342041e+02
2.9237832642e+02
-3.6200299072e+02
-1.0083090210e+03
9.2597387695e+02
2.8752960205e+02
-3.6455517578e+02
-1.0012991333e+03
9.2357580566e+02
2.8502053833e+02
-3.7275497437e+02
-1.0095970459e+03
9.1736920166e+02
2.8107876587e+02
-3.7797180176e+02
-1.0123171387e+03
9.1348193359e+02
2.7776974487e+02
-3.8302993774e+02
-1.0166348877e+03
9.0916711426e+02
2.7452529907e+02
-3.8674642944e+02
-1.0191041260e+03
9.0595025635e+02
2.7186233521e+02
-3.8991589355e+02
-1.0216043701e+03
9.0312475586e+02
2.6962118530e+02
-3.9227038574e+02
-1.0232722778e+03
9.0112463379e+02
2.6795910645e+02
-3.9406198120e+02
-1.0246595459e+03
8.9972882080e+02
2.6682336426e+02
-3.9521157837e+02
-1.0255017090e+03
8.9905773926e+02
2.6626196289e+02
-3.9579571533e+02
-1.0259545898e+03
8.9905773926e+02
2.6626196289e+02
-3.9579571533e+02
-1.0259545898e+03
8.9972882080e+02
2.6682336426e+02
-3.9521157837e+02
-1.0255017090e+03
9.0112463379e+02
2.6795910645e+02
-3.9406198120e+02
-1.0246595459e+03
9.0312475586e+02
2.6962118530e+02
-3.9227038574e+02
-1.0232722778e+03
9.0595025635e+02
2.7186233521e+02
-3.8991589355e+02
-1.0216043701e+03
9.0916711426e+02
2.7452529907e+02
-3.8674642944e+02
-1.0191041260e+03
9.1348193359e+02
2.7776974487e+02
-3.8302993774e+02
-1.0166348877e+03
9.1736920166e+02
2.8107876587e+02
-3.7797180176e+02
-1.0123171387e+03
9.2357580566e+02
2.8502053833e+02
-3.7275497437e+02
-1.0095970459e+03
9.2597387695e+02
2.8752960205e+02
-3.6455517578e+02
-1.0012991333e+03
9.4144342041e+02
2.9237832642e+02
-3.6200299072e+02
-1.0083090210e+03
9.3580346680e+02
2.8956649780e+02
-3.4735659790e+02
-9.9062640381e+02
8.5524218750e+02
2.6046322632e+02
-3.3324484253e+02
-9.1964453125e+02
8.4468267822e+02
2.5414036560e+02
-3.2781460571e+02
-9.1552349854e+02
8.4809429932e+02
2.5090792847e+02
-3.3332604980e+02
-9.3009393311e+02
8.4033074951e+02
2.4477879333e+02
-3.3389123535e+02
-9.3020935059e+02
8.3746649170e+02
2.4054029846e+02
-3.3712979126e+02
-9.3559179688e+02
8.3317156982e+02
2.3633033752e+02
-3.3946850586e+02
-9.3815985107e+02
8.3044342041e+02
2.3305029297e+02
-3.4211553955e+02
-9.4159155273e+02
8.2769348145e+02
2.3021078491e+02
-3.4417675781e+02
-9.4385510254e+02
8.2574475098e+02
2.2804541016e+02
-3.4598760986e+02
-9.4597277832e+02
8.2413873291e+02
2.2639259338e+02
-3.4729177856e+02
-9.4737286377e+02
8.2313482666e+02
2.2532064819e+02
-3.4820114136e+02
-9.4838513184e+02
8.2260186768e+02
2.2477693176e+02
-3.4864205933e+02
-9.4885119629e+02
8.2260186768e+02
2.2477693176e+02
-3.4864205933e+02
-9.4885119629e+02
8.2313482666e+02
2.2532064819e+02
-3.4820114136e+02
-9.4838513184e+02
8.2413873291e+02
2.2639259338e+02
-3.4729177856e+02
-9.4737286377e+02
8.2574475098e+02
2.2804541016e+02
-3.4598760986e+02
-9.4597277832e+02
8.2769348145e+02
2.3021078491e+02
-3.4417675781e+02
-9.4385510254e+02
8.3044342041e+02
2.3305029297e+02
-3.4211553955e+02
-9.4159155273e+02
8.3317156982e+02
2.3633033752e+02
-3.3946850586e+02
-9.3815985107e+02
8.3746649170e+02
2.4054029846e+02
-3.3712979126e+02
-9.3559179688e+02
8.4033074951e+02
2.4477879333e+02
-3.3389123535e+02
-9.3020935059e+02
8.4809429932e+02
2.5090792847e+02
-3.3332604980e+02
-9.3009393311e+02
8.4468267822e+02
2.5414036560e+02
-3.2781460571e+02
-9.1552349854e+02
8.5524218750e+02
2.6046322632e+02
-3.3324484253e+02
-9.1964453125e+02
7.5601892090e+02
2.2179098511e+02
-3.0546115112e+02
-8.2862298584e+02
7.5904858398e+02
2.2536161804e+02
-3.1072210693e+02
-8.3659063721e+02
7.4916204834e+02
2.2303437805e+02
-3.1096762085e+02
-8.3193920898e+02
7.4897070312e+02
2.2192680359e+02
-3.1682943726e+02
-8.3904150391e+02
7.4417852783e+02
2.1908601379e+02
-3.1984646606e+02
-8.4021905518e+02
7.4179357910e+02
2.1688635254e+02
-3.2340795898e+02
-8.4356127930e+02
7.3871026611e+02
2.1457258606e+02
-3.2592443848e+02
-8.4521496582e+02
7.3666308594e+02
2.1274047852e+02
-3.2825738525e+02
-8.4725976562e+02
7.3475201416e+02
2.1115634155e+02
-3.2997036743e+02
-8.4857092285e+02
7.3347857666e+02
2.1000283813e+02
-3.3132400513e+02
-8.4975683594e+02
7.3255554199e+02
2.0920268250e+02
-3.3218359375e+02
-8.5045782471e+02
7.3212823486e+02
2.0881198120e+02
-3.3262902832e+02
-8.5085095215e+02
7.3212823486e+02
2.0881198120e+02
-3.3262902832e+02
-8.5085095215e+02
7.3255554199e+02
2.0920268250e+02
-3.3218359375e+02
-8.5045782471e+02
7.3347857666e+02
2.1000283813e+02
-3.3132400513e+02
-8.4975683594e+02
7.3475201416e+02
2.1115634155e+02
-3.2997036743e+02
-8.4857092285e+02
7.3666308594e+02
2.1274047852e+02
-3.2825738525e+02
-8.4725976562e+02
7.3871026611e+02
2.1457258606e+02
-3.2592443848e+02
-8.4521496582e+02
7.4179357910e+02
2.1688635254e+02
-3.2340795898e+02
-8.4356127930e+02
7.4417852783e+02
2.1908601379e+02
-3.1984646606e+02
-8.4021905518e+02
7.4897070312e+02
2.2192680359e+02
-3.1682943726e+02
-8.3904150391e+02
7.4916204834e+02
2.2303437805e+02
-3.1096762085e+02
-8.3193920898e+02
7.5904858398e+02
2.2536161804e+02
-3.1072210693e+02
-8.3659063721e+02
7.5601892090e+02
2.2179098511e+02
-3.0546115112e+02
-8.2862298584e+02
6.5967590332e+02
1.8539987183e+02
-2.8147039795e+02
-7.4173852539e+02
6.5574957275e+02
1.8523277283e+02
-2.7578268433e+02
-7.3888800049e+02
6.5836053467e+02
1.8475479126e+02
-2.7811758423e+02
-7.4759613037e+02
6.5272137451e+02
1.8122586060e+02
-2.7741839600e+02
-7.4633081055e+02
6.5162951660e+02
1.7898843384e+02
-2.7972735596e+02
-7.5058703613e+02
6.4865625000e+02
1.7630050659e+02
-2.8106262207e+02
-7.5197302246e+02
6.4708599854e+02
1.7428414917e+02
-2.8286386108e+02
-7.5444543457e+02
6.4520306396e+02
1.7242848206e+02
-2.8414669800e+02
-7.5580908203e+02
6.4398101807e+02
1.7104437256e+02
-2.8535067749e+02
-7.5725781250e+02
6.4289404297e+02
1.6995753479e+02
-2.8618353271e+02
-7.5813330078e+02
6.4225085449e+02
1.6926325989e+02
-2.8678680420e+02
-7.5881787109e+02
6.4189288330e+02
1.6890496826e+02
-2.8707177734e+02
-7.5911505127e+02
6.4189288330e+02
1.6890496826e+02
-2.8707177734e+02
-7.5911505127e+02
6.4225085449e+02
1.6926325989e+02
-2.8678680420e+02
-7.5881787109e+02
6.4289404297e+02
1.6995753479e+02
-2.8618353271e+02
-7.5813330078e+02
6.4398101807e+02
1.7104437256e+02
-2.8535067749e+02
-7.5725781250e+02
6.4520306396e+02
1.7242848206e+02
-2.8414669800e+02
-7.5580908203e+02
6.4708599854e+02
1.7428414917e+02
-2.8286386108e+02
-7.5444543457e+02
6.4865625000e+02
1.7630050659e+02
-2.8106262207e+02
-7.5197302246e+02
6.5162951660e+02
1.7898843384e+02
-2.7972735596e+02
-7.5058703613e+02
6.5272137451e+02
1.8122586060e+02
-2.7741839600e+02
-7.4633081055e+02
6.5836053467e+02
1.8475479126e+02
-2.7811758423e+02
-7.4759613037e+02
6.5574957275e+02
1.8523277283e+02
-2.7578268433e+02
-7.3888800049e+02
6.5967590332e+02
1.8539987183e+02
-2.8147039795e+02
-7.4173852539e+02
5.5434661865e+02
1.4652143860e+02
-2.5334872437e+02
-6.4371533203e+02
5.5752191162e+02
1.5202113342e+02
-2.5228346252e+02
-6.4592669678e+02
5.5211511230e+02
1.5215139771e+02
-2.5059330750e+02
-6.4249871826e+02
5.5314501953e+02
1.5233300781e+02
-2.5389137268e+02
-6.4734790039e+02
5.4977795410e+02
1.5072630310e+02
-2.5499928284e+02
-6.4713739014e+02
5.4872277832e+02
1.4962799072e+02
-2.5715924072e+02
-6.4941979980e+02
5.4673101807e+02
1.4823811340e+02
-2.5851702881e+02
-6.5016485596e+02
5.4563928223e+02
1.4720021057e+02
-2.5995950317e+02
-6.5152178955e+02
5.4444976807e+02
1.4624247742e+02
-2.6095422363e+02
-6.5224035645e+02
5.4373156738e+02
1.4556861877e+02
-2.6178717041e+02
-6.5300073242e+02
5.4316296387e+02
1.4508496094e+02
-2.6229476929e+02
-6.5340020752e+02
5.4291687012e+02
1.4485466003e+02
-2.6256750488e+02
-6.5364758301e+02
5.4291687012e+02
1.4485466003e+02
-2.6256750488e+02
-6.5364758301e+02
5.4316296387e+02
1.4508496094e+02
-2.6229476929e+02
-6.5340020752e+02
5.4373156738e+02
1.4556861877e+02
-2.6178717041e+02
-6.5300073242e+02
5.4444976807e+02
1.4624247742e+02
-2.6095422363e+02
-6.5224035645e+02
5.4563928223e+02
1.4720021057e+02
-2.5995950317e+02
-6.5152178955e+02
5.4673101807e+02
1.4823811340e+02
-2.5851702881e+02
-6.5016485596e+02
5.4872277832e+02
1.4962799072e+02
-2.5715924072e+02
-6.4941979980e+02
5.4977795410e+02
1.5072630310e+02
-2.5499928284e+02
-6.4713739014e+02
5.5314501953e+02
1.5233300781e+02
-2.5389137268e+02
-6.4734790039e+02
5.5211511230e+02
1.5215139771e+02
-2.5059330750e+02
-6.4249871826e+02
5.5752191162e+02
1.5202113342e+02
-2.5228346252e+02
-6.4592669678e+02
5.5434661865e+02
1.4652143860e+02
-2.5334872437e+02
-6.4371533203e+02
4.4937844849e+02
1.0739542389e+02
-2.2364698792e+02
-5.4655395508e+02
4.4960293579e+02
1.1160551453e+02
-2.1655233765e+02
-5.4306378174e+02
4.5201892090e+02
1.1334726715e+02
-2.1615901184e+02
-5.4743048096e+02
4.4858325195e+02
1.1199611664e+02
-2.1454502869e+02
-5.4545617676e+02
4.4874859619e+02
1.1130654144e+02
-2.1580242920e+02
-5.4836859131e+02
4.4686630249e+02
1.0988419342e+02
-2.1617079163e+02
-5.4862097168e+02
4.4623284912e+02
1.0891735840e+02
-2.1715895081e+02
-5.5014477539e+02
4.4509753418e+02
1.0789850616e+02
-2.1773760986e+02
-5.5070037842e+02
4.4450140381e+02
1.0718058014e+02
-2.1839523315e+02
-5.5154559326e+02
4.4386923218e+02
1.0658071899e+02
-2.1880859375e+02
-5.5195812988e+02
4.4354043579e+02
1.0621198273e+02
-2.1913806152e+02
-5.5234967041e+02
4.4333554077e+02
1.0601412964e+02
-2.1928364563e+02
-5.5249633789e+02
4.4333554077e+02
1.0601412964e+02
-2.1928364563e+02
-5.5249633789e+02
4.4354043579e+02
1.0621198273e+02
-2.1913806152e+02
-5.5234967041e+02
4.4386923218e+02
1.0658071899e+02
-2.1880859375e+02
-5.5195812988e+02
4.4450140381e+02
1.0718058014e+02
-2.1839523315e+02
-5.5154559326e+02
4.4509753418e+02
1.0789850616e+02
-2.1773760986e+02
-5.5070037842e+02
4.4623284912e+02
1.0891735840e+02
-2.1715895081e+02
-5.5014477539e+02
4.4686630249e+02
1.0988419342e+02
-2.1617079163e+02
-5.4862097168e+02
4.4874859619e+02
1.1130654144e+02
-2.1580242920e+02
-5.4836859131e+02
4.4858325195e+02
1.1199611664e+02
-2.1454502869e+02
-5.4545617676e+02
4.5201892090e+02
1.1334726715e+02
-2.1615901184e+02
-5.4743048096e+02
4.4960293579e+02
1.1160551453e+02
-2.1655233765e+02
-5.4306378174e+02
4.4937844849e+02
1.0739542389e+02
-2.2364698792e+02
-5.4655395508e+02
3.4007391357e+02
6.8580047607e+01
-1.9317382812e+02
-4.4257202148e+02
3.4416818237e+02
7.6024673462e+01
-1.8794703674e+02
-4.4127233887e+02
3.4188424683e+02
7.8108932495e+01
-1.8474630737e+02
-4.3830386353e+02
3.4357794189e+02
7.9308349609e+01
-1.8591839600e+02
-4.4103948975e+02
3.4149597168e+02
7.8771827698e+01
-1.8570083618e+02
-4.3996832275e+02
3.4144171143e+02
7.8549812317e+01
-1.8677784729e+02
-4.4137734985e+02
3.4030471802e+02
7.7908264160e+01
-1.8724101257e+02
-4.4140374756e+02
3.3992889404e+02
7.7501358032e+01
-1.8797015381e+02
-4.4216708374e+02
3.3928720093e+02
7.7043312073e+01
-1.8839044189e+02
-4.4238687134e+02
3.3898855591e+02
7.6750038147e+01
-1.8880473328e+02
-4.4278384399e+02
3.3868991089e+02
7.6517646790e+01
-1.8903047180e+02
-4.4293078613e+02
3.3858193970e+02
7.6414451599e+01
-1.8916494751e+02
-4.4305572510e+02
3.3858193970e+02
7.6414451599e+01
-1.8916494751e+02
-4.4305572510e+02
3.3868991089e+02
7.6517646790e+01
-1.8903047180e+02
-4.4293078613e+02
3.3898855591e+02
7.6750038147e+01
-1.8880473328e+02
-4.4278384399e+02
3.3928720093e+02
7.7043312073e+01
-1.8839044189e+02
-4.4238687134e+02
3.3992889404e+02
7.7501358032e+01
-1.8797015381e+02
-4.4216708374e+02
3.4030471802e+02
7.7908264160e+01
-1.8724101257e+02
-4.4140374756e+02
3.4144171143e+02
7.8549812317e+01
-1.8677784729e+02
-4.4137734985e+02
3.4149597168e+02
7.8771827698e+01
-1.8570083618e+02
-4.3996832275e+02
3.4357794189e+02
7.9308349609e+01
-1.8591839600e+02
-4.4103948975e+02
3.4188424683e+02
7.8108932495e+01
-1.8474630737e+02
-4.3830386353e+02
3.4416818237e+02
7.6024673462e+01
-1.8794703674e+02
-4.4127233887e+02
3.4007391357e+02
6.8580047607e+01
-1.9317382812e+02
-4.4257202148e+02
2.3104220581e+02
2.9216772079e+01
-1.5976205444e+02
-3.3878213501e+02
2.3375697327e+02
3.6256069183e+01
-1.5129837036e+02
-3.3435034180e+02
2.3621846008e+02
3.9524097443e+01
-1.4898725891e+02
-3.3591470337e+02
2.3453723145e+02
3.9709194183e+01
-1.4682807922e+02
-3.3367974854e+02
2.3543617249e+02
4.0039237976e+01
-1.4721313477e+02
-3.3544064331e+02
2.3437040710e+02
3.9511009216e+01
-1.4690480042e+02
-3.3494363403e+02
2.3439283752e+02
3.9270980835e+01
-1.4730778503e+02
-3.3578884888e+02
2.3380630493e+02
3.8841228485e+01
-1.4739579773e+02
-3.3580010986e+02
2.3365879822e+02
3.8590759277e+01
-1.4766783142e+02
-3.3622543335e+02
2.3335466003e+02
3.8334304810e+01
-1.4778524780e+02
-3.3631747437e+02
2.3325044250e+02
3.8195220947e+01
-1.4792033386e+02
-3.3650296021e+02
2.3315496826e+02
3.8110679626e+01
-1.4796679688e+02
-3.3654370117e+02
2.3315496826e+02
3.8110679626e+01
-1.4796679688e+02
-3.3654370117e+02
2.3325044250e+02
3.8195220947e+01
-1.4792033386e+02
-3.3650296021e+02
2.3335466003e+02
3.8334304810e+01
-1.4778524780e+02
-3.3631747437e+02
2.3365879822e+02
3.8590759277e+01
-1.4766783142e+02
-3.3622543335e+02
2.3380630493e+02
3.8841228485e+01
-1.4739579773e+02
-3.3580010986e+02
2.3439283752e+02
3.9270980835e+01
-1.4730778503e+02
-3.3578884888e+02
2.3437040710e+02
3.9511009216e+01
-1.4690480042e+02
-3.3494363403e+02
2.3543617249e+02
4.0039237976e+01
-1.4721313477e+02
-3.3544064331e+02
2.3453723145e+02
3.9709194183e+01
-1.4682807922e+02
-3.3367974854e+02
2.3621846008e+02
3.9524097443e+01
-1.4898725891e+02
-3.3591470337e+02
2.3375697327e+02
3.6256069183e+01
-1.5129837036e+02
-3.3435034180e+02
2.3104220581e+02
2.9216772079e+01
-1.5976205444e+02
-3.3878213501e+02
1.2021946716e+02
-8.7133541107e+00
-1.2652508545e+02
-2.3068096924e+02
1.2499514008e+02
-1.5572307631e-02
-1.1891804504e+02
-2.2741413879e+02
1.2458539581e+02
3.2711298466e+00
-1.1483349609e+02
-2.2469438171e+02
1.2650555420e+02
5.0549774170e+00
-1.1461172485e+02
-2.2594715881e+02
1.2535957336e+02
5.2165722847e+00
-1.1369600677e+02
-2.2455899048e+02
1.2587729645e+02
5.5164508820e+00
-1.1409818268e+02
-2.2539772034e+02
1.2528542328e+02
5.3397278786e+00
-1.1402966309e+02
-2.2502145386e+02
1.2534306335e+02
5.3169832230e+00
-1.1432259369e+02
-2.2542179871e+02
1.2504349518e+02
5.1656746864e+00
-1.1439717865e+02
-2.2535130310e+02
1.2500479126e+02
5.1050624847e+00
-1.1455909729e+02
-2.2553427124e+02
1.2487489319e+02
5.0264158249e+00
-1.1461565399e+02
-2.2553456116e+02
1.2485325623e+02
5.0009860992e+00
-1.1466725159e+02
-2.2558843994e+02
1.2485325623e+02
5.0009860992e+00
-1.1466725159e+02
-2.2558843994e+02
1.2487489319e+02
5.0264158249e+00
-1.1461565399e+02
-2.2553456116e+02
1.2500479126e+02
5.1050624847e+00
-1.1455909729e+02
-2.2553427124e+02
1.2504349518e+02
5.1656746864e+00
-1.1439717865e+02
-2.2535130310e+02
1.2534306335e+02
5.3169832230e+00
-1.1432259369e+02
-2.2542179871e+02
1.2528542328e+02
5.3397278786e+00
-1.1402966309e+02
-2.2502145386e+02
1.2587729645e+02
5.5164508820e+00
-1.1409818268e+02
-2.2539772034e+02
1.2535957336e+02
5.2165722847e+00
-1.1369600677e+02
-2.2455899048e+02
1.2650555420e+02
5.0549774170e+00
-1.1461172485e+02
-2.2594715881e+02
1.2458539581e+02
3.2711298466e+00
-1.1483349609e+02
-2.2469438171e+02
1.2499514008e+02
-1.5572307631e-02
-1.1891804504e+02
-2.2741413879e+02
1.2021946716e+02
-8.7133541107e+00
-1.2652508545e+02
-2.3068096924e+02
1.0228124619e+01
-4.6850662231e+01
-9.0399856567e+01
-1.2284997559e+02
1.4087665558e+01
-3.8484626770e+01
-8.1313491821e+01
-1.1796014404e+02
1.6425289154e+01
-3.4529575348e+01
-7.8038047791e+01
-1.1804409790e+02
1.5799657822e+01
-3.3552310944e+01
-7.5787124634e+01
-1.1596324158e+02
1.6912839890e+01
-3.2770706177e+01
-7.5695175171e+01
-1.1701413727e+02
1.6304208755e+01
-3.2849563599e+01
-7.5120773315e+01
-1.1625379944e+02
1.6631988525e+01
-3.2744705200e+01
-7.5257575989e+01
-1.1677378845e+02
1.6327766418e+01
-3.2887195587e+01
-7.5134765625e+01
-1.1655892944e+02
1.6400606155e+01
-3.2912429810e+01
-7.5235305786e+01
-1.1679626465e+02
1.6260467529e+01
-3.3002742767e+01
-7.5221519470e+01
-1.1674874115e+02
1.6267608643e+01
-3.3030803680e+01
-7.5270004272e+01
-1.1684321594e+02
1.6226387024e+01
-3.3060642242e+01
-7.5272109985e+01
-1.1683725739e+02
1.6226387024e+01
-3.3060642242e+01
-7.5272109985e+01
-1.1683725739e+02
1.6267608643e+01
-3.3030803680e+01
-7.5270004272e+01
-1.1684321594e+02
1.6260467529e+01
-3.3002742767e+01
-7.5221519470e+01
-1.1674874115e+02
1.6400606155e+01
-3.2912429810e+01
-7.5235305786e+01
-1.1679626465e+02
1.6327766418e+01
-3.2887195587e+01
-7.5134765625e+01
-1.1655892944e+02
1.6631988525e+01
-3.2744705200e+01
-7.5257575989e+01
-1.1677378845e+02
1.6304208755e+01
-3.2849563599e+01
-7.5120773315e+01
-1.1625379944e+02
1.6912839890e+01
-3.2770706177e+01
-7.5695175171e+01
-1.1701413727e+02
1.5799657822e+01
-3.3552310944e+01
-7.5787124634e+01
-1.1596324158e+02
1.6425289154e+01
-3.4529575348e+01
-7.8038047791e+01
-1.1804409790e+02
1.4087665558e+01
-3.8484626770e+01
-8.1313491821e+01
-1.1796014404e+02
1.0228124619e+01
-4.6850662231e+01
-9.0399856567e+01
-1.2284997559e+02
-9.9978485107e+01
-8.3094528198e+01
-5.4649089813e+01
-1.2426267624e+01
-9.5234672546e+01
-7.4223945618e+01
-4.6283023834e+01
-8.4819517136e+00
-9.4869636536e+01
-7.0622016907e+01
-4.2105934143e+01
-6.2250027657e+00
-9.3181037903e+01
-6.8812705994e+01
-4.1318683624e+01
-6.7828974724e+00
-9.3888961792e+01
-6.8451126099e+01
-4.0318264008e+01
-5.5905885696e+00
-9.3271995544e+01
-6.8057624817e+01
-4.0504970551e+01
-6.2454280853e+00
-9.3677413940e+01
-6.8120048523e+01
-4.0312759399e+01
-5.8427305222e+00
-9.3502632141e+01
-6.8056205750e+01
-4.0489589691e+01
-6.1699900627e+00
-9.3697418213e+01
-6.8134262085e+01
-4.0479721069e+01
-6.0580487251e+00
-9.3659934998e+01
-6.8139472961e+01
-4.0579383850e+01
-6.2055296898e+00
-9.3739532471e+01
-6.8181343079e+01
-4.0594741821e+01
-6.1825604439e+00
-9.3735374451e+01
-6.8187942505e+01
-4.0626388550e+01
-6.2252388000e+00
-9.3735374451e+01
-6.8187942505e+01
-4.0626388550e+01
-6.2252388000e+00
-9.3739532471e+01
-6.8181343079e+01
-4.0594741821e+01
-6.1825604439e+00
-9.3659934998e+01
-6.8139472961e+01
-4.0579383850e+01
-6.2055296898e+00
-9.3697418213e+01
-6.8134262085e+01
-4.0479721069e+01
-6.0580487251e+00
-9.3502632141e+01
-6.8056205750e+01
-4.0489589691e+01
-6.1699900627e+00
-9.3677413940e+01
-6.8120048523e+01
-4.0312759399e+01
-5.8427305222e+00
-9.3271995544e+01
-6.8057624817e+01
-4.0504970551e+01
-6.2454280853e+00
-9.3888961792e+01
-6.8451126099e+01
-4.0318264008e+01
-5.5905885696e+00
-9.3181037903e+01
-6.8812705994e+01
-4.1318683624e+01
-6.7828974724e+00
-9.4869636536e+01
-7.0622016907e+01
-4.2105934143e+01
-6.2250027657e+00
-9.5234672546e+01
-7.4223945618e+01
-4.6283023834e+01
-8.4819517136e+00
-9.9978485107e+01
-8.3094528198e+01
-5.4649089813e+01
-1.2426267624e+01
-2.0862913513e+02
-1.1912053680e+02
-1.6493289948e+01
9.7297004700e+01
-2.0483590698e+02
-1.1090047455e+02
-7.8793306351e+00
1.0182359314e+02
-2.0305926514e+02
-1.0716836548e+02
-4.6300387383e+00
1.0210578156e+02
-2.0339802551e+02
-1.0616645813e+02
-2.8222067356e+00
1.0357992554e+02
-2.0257965088e+02
-1.0551197815e+02
-2.7669289112e+00
1.0268207550e+02
-2.0315412903e+02
-1.0561912537e+02
-2.3804919720e+00
1.0321324921e+02
-2.0290864563e+02
-1.0557365417e+02
-2.6113336086e+00
1.0264009094e+02
-2.0323410034e+02
-1.0575358582e+02
-2.5872201920e+00
1.0274930573e+02
-2.0319448853e+02
-1.0581384277e+02
-2.7559857368e+00
1.0245046234e+02
-2.0335398865e+02
-1.0592974091e+02
-2.7947216034e+00
1.0244358826e+02
-2.0336082458e+02
-1.0597511292e+02
-2.8772444725e+00
1.0231508636e+02
-2.0340899658e+02
-1.0601380920e+02
-2.8961942196e+00
1.0230361176e+02
-2.0340899658e+02
-1.0601380920e+02
-2.8961942196e+00
1.0230361176e+02
-2.0336082458e+02
-1.0597511292e+02
-2.8772444725e+00
1.0231508636e+02
-2.0335398865e+02
-1.0592974091e+02
-2.7947216034e+00
1.0244358826e+02
-2.0319448853e+02
-1.0581384277e+02
-2.7559857368e+00
1.0245046234e+02
-2.0323410034e+02
-1.0575358582e+02
-2.5872201920e+00
1.0274930573e+02
-2.0290864563e+02
-1.0557365417e+02
-2.6113336086e+00
1.0264009094e+02
-2.0315412903e+02
-1.0561912537e+02
-2.3804919720e+00
1.0321324921e+02
-2.0257965088e+02
-1.0551197815e+02
-2.7669289112e+00
1.0268207550e+02
-2.0339802551e+02
-1.0616645813e+02
-2.8222067356e+00
1.0357992554e+02
-2.0305926514e+02
-1.0716836548e+02
-4.6300387383e+00
1.0210578156e+02
-2.0483590698e+02
-1.1090047455e+02
-7.8793306351e+00
1.0182359314e+02
-2.0862913513e+02
-1.1912053680e+02
-1.6493289948e+01
9.7297004700e+01
-3.1632519531e+02
-1.5303457642e+02
2.1145160675e+01
2.0819869995e+02
-3.1250460815e+02
-1.4521788025e+02
2.8776718140e+01
2.1166081238e+02
-3.1232632446e+02
-1.4222138977e+02
3.2192249298e+01
2.1300616455e+02
-3.1136441040e+02
-1.4100144958e+02
3.2734096527e+01
2.1235939026e+02
-3.1219296265e+02
-1.4098410034e+02
3.3243984222e+01
2.1287855530e+02
-3.1194702148e+02
-1.4094718933e+02
3.2801006317e+01
2.1198179626e+02
-3.1254287720e+02
-1.4126983643e+02
3.2707832336e+01
2.1202621460e+02
-3.1257699585e+02
-1.4143302917e+02
3.2322330475e+01
2.1146917725e+02
-3.1291653442e+02
-1.4168467712e+02
3.2153606415e+01
2.1136968994e+02
-3.1299520874e+02
-1.4182095337e+02
3.1924125671e+01
2.1107539368e+02
-3.1314941406e+02
-1.4194924927e+02
3.1820770264e+01
2.1099671936e+02
-3.1318316650e+02
-1.4199900818e+02
3.1745443344e+01
2.1090443420e+02
-3.1318316650e+02
-1.4199900818e+02
3.1745443344e+01
2.1090443420e+02
-3.1314941406e+02
-1.4194924927e+02
3.1820770264e+01
2.1099671936e+02
-3.1299520874e+02
-1.4182095337e+02
3.1924125671e+01
2.1107539368e+02
-3.1291653442e+02
-1.4168467712e+02
3.2153606415e+01
2.1136968994e+02
-3.1257699585e+02
-1.4143302917e+02
3.2322330475e+01
2.1146917725e+02
-3.1254287720e+02
-1.4126983643e+02
3.2707832336e+01
2.1202621460e+02
-3.1194702148e+02
-1.4094718933e+02
3.2801006317e+01
2.1198179626e+02
-3.1219296265e+02
-1.4098410034e+02
3.3243984222e+01
2.1287855530e+02
-3.1136441040e+02
-1.4100144958e+02
3.2734096527e+01
2.1235939026e+02
-3.1232632446e+02
-1.4222138977e+02
3.2192249298e+01
2.1300616455e+02
-3.1250460815e+02
-1.4521788025e+02
2.8776718140e+01
2.1166081238e+02
-3.1632519531e+02
-1.5303457642e+02
2.1145160675e+01
2.0819869995e+02
-4.2160324097e+02
-1.8636528015e+02
6.0571014404e+01
3.1760037231e+02
-4.1896640015e+02
-1.7966212463e+02
6.7531921387e+01
3.2085900879e+02
-4.1830059814e+02
-1.7704069519e+02
6.9813636780e+01
3.2057620239e+02
-4.1908602905e+02
-1.7673948669e+02
7.0617866516e+01
3.2097396851e+02
-4.1904321289e+02
-1.7676257324e+02
7.0098266602e+01
3.1966296387e+02
-4.2002362061e+02
-1.7736399841e+02
6.9855796814e+01
3.1951593018e+02
-4.2024392700e+02
-1.7776811218e+02
6.9171165466e+01
3.1852410889e+02
-4.2089739990e+02
-1.7830224609e+02
6.8791656494e+01
3.1821383667e+02
-4.2114370728e+02
-1.7865098572e+02
6.8317085266e+01
3.1761337280e+02
-4.2150653076e+02
-1.7897991943e+02
6.8044731140e+01
3.1736688232e+02
-4.2165261841e+02
-1.7916798401e+02
6.7809226990e+01
3.1708444214e+02
-4.2176910400e+02
-1.7927772522e+02
6.7713279724e+01
3.1699426270e+02
-4.2176910400e+02
-1.7927772522e+02
6.7713279724e+01
3.1699426270e+02
-4.2165261841e+02
-1.7916798401e+02
6.7809226990e+01
3.1708444214e+02
-4.2150653076e+02
-1.7897991943e+02
6.8044731140e+01
3.1736688232e+02
-4.2114370728e+02
-1.7865098572e+02
6.8317085266e+01
3.1761337280e+02
-4.2089739990e+02
-1.7830224609e+02
6.8791656494e+01
3.1821383667e+02
-4.2024392700e+02
-1.7776811218e+02
6.9171165466e+01
3.1852410889e+02
-4.2002362061e+02
-1.7736399841e+02
6.9855796814e+01
3.1951593018e+02
-4.1904321289e+02
-1.7676257324e+02
7.0098266602e+01
3.1966296387e+02
-4.1908602905e+02
-1.7673948669e+02
7.0617866516e+01
3.2097396851e+02
-4.1830059814e+02
-1.7704069519e+02
6.9813636780e+01
3.2057620239e+02
-4.1896640015e+02
-1.7966212463e+02
6.7531921387e+01
3.2085900879e+02
-4.2160324097e+02
-1.8636528015e+02
6.0571014404e+01
3.1760037231e+02
-5.2480499268e+02
-2.1741934204e+02
9.9120841980e+01
4.2673391724e+02
-5.2278601074e+02
-2.1183152771e+02
1.0471345520e+02
4.2870022583e+02
-5.2360870361e+02
-2.1029360962e+02
1.0656144714e+02
4.2861599731e+02
-5.2386041260e+02
-2.1025338745e+02
1.0613994598e+02
4.2718737793e+02
-5.2534777832e+02
-2.1109803772e+02
1.0565209198e+02
4.2661074829e+02
-5.2590008545e+02
-2.1183941650e+02
1.0451496124e+02
4.2506192017e+02
-5.2704516602e+02
-2.1277709961e+02
1.0376659393e+02
4.2439968872e+02
-5.2759344482e+02
-2.1346189880e+02
1.0287580109e+02
4.2333343506e+02
-5.2831457520e+02
-2.1411962891e+02
1.0228942871e+02
4.2279324341e+02
-5.2869097900e+02
-2.1456219482e+02
1.0175492859e+02
4.2218579102e+02
-5.2903833008e+02
-2.1489274597e+02
1.0144577026e+02
4.2189208984e+02
-5.2917022705e+02
-2.1504386902e+02
1.0126865387e+02
4.2169482422e+02
-5.2917022705e+02
-2.1504386902e+02
1.0126865387e+02
4.2169482422e+02
-5.2903833008e+02
-2.1489274597e+02
1.0144577026e+02
4.2189208984e+02
-5.2869097900e+02
-2.1456219482e+02
1.0175492859e+02
4.2218579102e+02
-5.2831457520e+02
-2.1411962891e+02
1.0228942871e+02
4.2279324341e+02
-5.2759344482e+02
-2.1346189880e+02
1.0287580109e+02
4.2333343506e+02
-5.2704516602e+02
-2.1277709961e+02
1.0376659393e+02
4.2439968872e+02
-5.2590008545e+02
-2.1183941650e+02
1.0451496124e+02
4.2506192017e+02
-5.2534777832e+02
-2.1109803772e+02
1.0565209198e+02
4.2661074829e+02
-5.2386041260e+02
-2.1025338745e+02
1.0613994598e+02
4.2718737793e+02
-5.2360870361e+02
-2.1029360962e+02
1.0656144714e+02
4.2861599731e+02
-5.2278601074e+02
-2.1183152771e+02
1.0471345520e+02
4.2870022583e+02
-5.2480499268e+02
-2.1741934204e+02
9.9120841980e+01
4.2673391724e+02
-6.2449200439e+02
-2.4758244324e+02
1.3873844910e+02
5.3309735107e+02
-6.2392285156e+02
-2.4355393982e+02
1.4298605347e+02
5.3426934814e+02
-6.2489929199e+02
-2.4281167603e+02
1.4349568176e+02
5.3267974854e+02
-6.2675830078e+02
-2.4383052063e+02
1.4278759766e+02
5.3157489014e+02
-6.2790820312e+02
-2.4500537109e+02
1.4121121216e+02
5.2935516357e+02
-6.2969677734e+02
-2.4650817871e+02
1.3996038818e+02
5.2816076660e+02
-6.3072039795e+02
-2.4770016479e+02
1.3850427246e+02
5.2643420410e+02
-6.3197717285e+02
-2.4886528015e+02
1.3745536804e+02
5.2543908691e+02
-6.3273400879e+02
-2.4972357178e+02
1.3646714783e+02
5.2433178711e+02
-6.3346472168e+02
-2.5042936707e+02
1.3580349731e+02
5.2368859863e+02
-6.3386187744e+02
-2.5086968994e+02
1.3531150818e+02
5.2315026855e+02
-6.3410156250e+02
-2.5110487366e+02
1.3508625793e+02
5.2292950439e+02
-6.3410156250e+02
-2.5110487366e+02
1.3508625793e+02
5.2292950439e+02
-6.3386187744e+02
-2.5086968994e+02
1.3531150818e+02
5.2315026855e+02
-6.3346472168e+02
-2.5042936707e+02
1.3580349731e+02
5.2368859863e+02
-6.3273400879e+02
-2.4972357178e+02
1.3646714783e+02
5.2433178711e+02
-6.3197717285e+02
-2.4886528015e+02
1.3745536804e+02
5.2543908691e+02
-6.3072039795e+02
-2.4770016479e+02
1.3850427246e+02
5.2643420410e+02
-6.2969677734e+02
-2.4650817871e+02
1.3996038818e+02
5.2816076660e+02
-6.2790820312e+02
-2.4500537109e+02
1.4121121216e+02
5.2935516357e+02
-6.2675830078e+02
-2.4383052063e+02
1.4278759766e+02
5.3157489014e+02
-6.2489929199e+02
-2.4281167603e+02
1.4349568176e+02
5.3267974854e+02
-6.2392285156e+02
-2.4355393982e+02
1.4298605347e+02
5.3426934814e+02
-6.2449200439e+02
-2.4758244324e+02
1.3873844910e+02
5.3309735107e+02
-7.2080047607e+02
-2.7527807617e+02
1.7681524658e+02
6.3747296143e+02
-7.2130352783e+02
-2.7287036133e+02
1.7935647583e+02
6.3714739990e+02
-7.2375817871e+02
-2.7347711182e+02
1.7898562622e+02
6.3517816162e+02
-7.2563330078e+02
-2.7510168457e+02
1.7703840637e+02
6.3242578125e+02
-7.2822747803e+02
-2.7723342896e+02
1.7515467834e+02
6.3042211914e+02
-7.2992126465e+02
-2.7909643555e+02
1.7296830750e+02
6.2788256836e+02
-7.3191540527e+02
-2.8094082642e+02
1.7127223206e+02
6.2624084473e+02
-7.3322900391e+02
-2.8238790894e+02
1.6963890076e+02
6.2444213867e+02
-7.3452850342e+02
-2.8364224243e+02
1.6844456482e+02
6.2328045654e+02
-7.3535308838e+02
-2.8453436279e+02
1.6746520996e+02
6.2222827148e+02
-7.3599176025e+02
-2.8516195679e+02
1.6685624695e+02
6.2163000488e+02
-7.3627191162e+02
-2.8546206665e+02
1.6653097534e+02
6.2128411865e+02
-7.3627191162e+02
-2.8546206665e+02
1.6653097534e+02
6.2128411865e+02
-7.3599176025e+02
-2.8516195679e+02
1.6685624695e+02
6.2163000488e+02
-7.3535308838e+02
-2.8453436279e+02
1.6746520996e+02
6.2222827148e+02
-7.3452850342e+02
-2.8364224243e+02
1.6844456482e+02
6.2328045654e+02
-7.3322900391e+02
-2.8238790894e+02
1.6963890076e+02
6.2444213867e+02
-7.3191540527e+02
-2.8094082642e+02
1.7127223206e+02
6.2624084473e+02
-7.2992126465e+02
-2.7909643555e+02
1.7296830750e+02
6.2788256836e+02
-7.2822747803e+02
-2.7723342896e+02
1.7515467834e+02
6.3042211914e+02
-7.2563330078e+02
-2.7510168457e+02
1.7703840637e+02
6.3242578125e+02
-7.2375817871e+02
-2.7347711182e+02
1.7898562622e+02
6.3517816162e+02
-7.2130352783e+02
-2.7287036133e+02
1.7935647583e+02
6.3714739990e+02
-7.2080047607e+02
-2.7527807617e+02
1.7681524658e+02
6.3747296143e+02
-8.1219213867e+02
-3.0179525757e+02
2.1509973145e+02
7.3728857422e+02
-8.1433868408e+02
-3.0126095581e+02
2.1586473083e+02
7.3577343750e+02
-8.1736151123e+02
-3.0295132446e+02
2.1402410889e+02
7.3235760498e+02
-8.2075408936e+02
-3.0573925781e+02
2.1142767334e+02
7.2943829346e+02
-8.2340277100e+02
-3.0841073608e+02
2.0843748474e+02
7.2594635010e+02
-8.2630834961e+02
-3.1111541748e+02
2.0590567017e+02
7.2344989014e+02
-8.2838574219e+02
-3.1334320068e+02
2.0344383240e+02
7.2075891113e+02
-8.3045428467e+02
-3.1534347534e+02
2.0153236389e+02
7.1889154053e+02
-8.3189050293e+02
-3.1687408447e+02
1.9987893677e+02
7.1713104248e+02
-8.3311352539e+02
-3.1807754517e+02
1.9870939636e+02
7.1597985840e+02
-8.3384606934e+02
-3.1885095215e+02
1.9788574219e+02
7.1511358643e+02
-8.3425042725e+02
-3.1925167847e+02
1.9749322510e+02
7.1472534180e+02
-8.3425042725e+02
-3.1925167847e+02
1.9749322510e+02
7.1472534180e+02
-8.3384606934e+02
-3.1885095215e+02
1.9788574219e+02
7.1511358643e+02
-8.3311352539e+02
-3.1807754517e+02
1.9870939636e+02
7.1597985840e+02
-8.3189050293e+02
-3.1687408447e+02
1.9987893677e+02
7.1713104248e+02
-8.3045428467e+02
-3.1534347534e+02
2.0153236389e+02
7.1889154053e+02
-8.2838574219e+02
-3.1334320068e+02
2.0344383240e+02
7.2075891113e+02
-8.2630834961e+02
-3.1111541748e+02
2.0590567017e+02
7.2344989014e+02
-8.2340277100e+02
-3.0841073608e+02
2.0843748474e+02
7.2594635010e+02
-8.2075408936e+02
-3.0573925781e+02
2.1142767334e+02
7.2943829346e+02
-8.1736151123e+02
-3.0295132446e+02
2.1402410889e+02
7.3235760498e+02
-8.1433868408e+02
-3.0126095581e+02
2.1586473083e+02
7.3577343750e+02
-8.1219213867e+02
-3.0179525757e+02
2.1509973145e+02
7.3728857422e+02
-8.9862835693e+02
-3.2561367798e+02
2.5088859558e+02
8.3302044678e+02
-9.0209649658e+02
-3.2696411133e+02
2.4977128601e+02
8.2991149902e+02
-9.0657952881e+02
-3.3014129639e+02
2.4678205872e+02
8.2576898193e+02
-9.1033862305e+02
-3.3373504639e+02
2.4296015930e+02
8.2135290527e+02
-9.1433697510e+02
-3.3742620850e+02
2.3943818665e+02
8.1772735596e+02
-9.1738922119e+02
-3.4062823486e+02
2.3597703552e+02
8.1397998047e+02
-9.2043151855e+02
-3.4356668091e+02
2.3315322876e+02
8.1119610596e+02
-9.2267388916e+02
-3.4592974854e+02
2.3062911987e+02
8.0852746582e+02
-9.2468103027e+02
-3.4790261841e+02
2.2870863342e+02
8.0663476562e+02
-9.2605261230e+02
-3.4933602905e+02
2.2719752502e+02
8.0505792236e+02
-9.2704724121e+02
-3.5032131958e+02
2.2623033142e+02
8.0410101318e+02
-9.2750848389e+02
-3.5080090332e+02
2.2572816467e+02
8.0358007812e+02
-9.2750848389e+02
-3.5080090332e+02
2.2572816467e+02
8.0358007812e+02
-9.2704724121e+02
-3.5032131958e+02
2.2623033142e+02
8.0410101318e+02
-9.2605261230e+02
-3.4933602905e+02
2.2719752502e+02
8.0505792236e+02
-9.2468103027e+02
-3.4790261841e+02
2.2870863342e+02
8.0663476562e+02
-9.2267388916e+02
-3.4592974854e+02
2.3062911987e+02
8.0852746582e+02
-9.2043151855e+02
-3.4356668091e+02
2.3315322876e+02
8.1119610596e+02
-9.1738922119e+02
-3.4062823486e+02
2.3597703552e+02
8.1397998047e+02
-9.1433697510e+02
-3.3742620850e+02
2.3943818665e+02
8.1772735596e+02
-9.1033862305e+02
-3.3373504639e+02
2.4296015930e+02
8.2135290527e+02
-9.0657952881e+02
-3.3014129639e+02
2.4678205872e+02
8.2576898193e+02
-9.0209649658e+02
-3.2696411133e+02
2.4977128601e+02
8.2991149902e+02
-8.9862835693e+02
-3.2561367798e+02
2.5088859558e+02
8.3302044678e+02
-9.7847503662e+02
-3.4795233154e+02
2.8587161255e+02
9.2196099854e+02
-9.8363647461e+02
-3.5127764893e+02
2.8281283569e+02
9.1748187256e+02
-9.8889514160e+02
-3.5565350342e+02
2.7835150146e+02
9.1198675537e+02
-9.9406036377e+02
-3.6042950439e+02
2.7369537354e+02
9.0712054443e+02
-9.9835290527e+02
-3.6476275635e+02
2.6911502075e+02
9.0217291260e+02
-1.0025407715e+03
-3.6881954956e+02
2.6517718506e+02
8.9826684570e+02
-1.0057976685e+03
-3.7220492554e+02
2.6159591675e+02
8.9450140381e+02
-1.0087867432e+03
-3.7514193726e+02
2.5873065186e+02
8.9167779541e+02
-1.0109898071e+03
-3.7742562866e+02
2.5633999634e+02
8.8919738770e+02
-1.0127693481e+03
-3.7918676758e+02
2.5461021423e+02
8.8748797607e+02
-1.0138813477e+03
-3.8033343506e+02
2.5341940308e+02
8.8626135254e+02
-1.0144718628e+03
-3.8091955566e+02
2.5284161377e+02
8.8568908691e+02
-1.0144718628e+03
-3.8091955566e+02
2.5284161377e+02
8.8568908691e+02
-1.0138813477e+03
-3.8033343506e+02
2.5341940308e+02
8.8626135254e+02
-1.0127693481e+03
-3.7918676758e+02
2.5461021423e+02
8.8748797607e+02
-1.0109898071e+03
-3.7742562866e+02
2.5633999634e+02
8.8919738770e+02
-1.0087867432e+03
-3.7514193726e+02
2.5873065186e+02
8.9167779541e+02
-1.0057976685e+03
-3.7220492554e+02
2.6159591675e+02
8.9450140381e+02
-1.0025407715e+03
-3.6881954956e+02
2.6517718506e+02
8.9826684570e+02
-9.9835290527e+02
-3.6476275635e+02
2.6911502075e+02
9.0217291260e+02
-9.9406036377e+02
-3.6042950439e+02
2.7369537354e+02
9.0712054443e+02
-9.8889514160e+02
-3.5565350342e+02
2.7835150146e+02
9.1198675537e+02
-9.8363647461e+02
-3.5127764893e+02
2.8281283569e+02
9.1748187256e+02
-9.7847503662e+02
-3.4795233154e+02
2.8587161255e+02
9.2196099854e+02
-1.0515603027e+03
-3.6735269165e+02
3.1721301270e+02
1.0044124146e+03
-1.0580683594e+03
-3.7255178833e+02
3.1233013916e+02
9.9840887451e+02
-1.0646923828e+03
-3.7838992310e+02
3.0665130615e+02
9.9204803467e+02
-1.0703851318e+03
-3.8401562500e+02
3.0086639404e+02
9.8587103271e+02
-1.0758869629e+03
-3.8933758545e+02
2.9566116333e+02
9.8060559082e+02
-1.0803505859e+03
-3.9393069458e+02
2.9086666870e+02
9.7559313965e+02
-1.0845032959e+03
-3.9801239014e+02
2.8687603760e+02
9.7164080811e+02
-1.0877214355e+03
-4.0133081055e+02
2.8342620850e+02
9.6807397461e+02
-1.0904748535e+03
-4.0405386353e+02
2.8075256348e+02
9.6543005371e+02
-1.0924229736e+03
-4.0605242920e+02
2.7869003296e+02
9.6331396484e+02
-1.0937926025e+03
-4.0741107178e+02
2.7735122681e+02
9.6198809814e+02
-1.0944449463e+03
-4.0807812500e+02
2.7666574097e+02
9.6128753662e+02
-1.0944449463e+03
-4.0807812500e+02
2.7666574097e+02
9.6128753662e+02
-1.0937926025e+03
-4.0741107178e+02
2.7735122681e+02
9.6198809814e+02
-1.0924229736e+03
-4.0605242920e+02
2.7869003296e+02
9.6331396484e+02
-1.0904748535e+03
-4.0405386353e+02
2.8075256348e+02
9.6543005371e+02
-1.0877214355e+03
-4.0133081055e+02
2.8342620850e+02
9.6807397461e+02
-1.0845032959e+03
-3.9801239014e+02
2.8687603760e+02
9.7164080811e+02
-1.0803505859e+03
-3.9393069458e+02
2.9086666870e+02
9.7559313965e+02
-1.0758869629e+03
-3.8933758545e+02
2.9566116333e+02
9.8060559082e+02
-1.0703851318e+03
-3.8401562500e+02
3.0086639404e+02
9.8587103271e+02
-1.0646923828e+03
-3.7838992310e+02
3.0665130615e+02
9.9204803467e+02
-1.0580683594e+03
-3.7255178833e+02
3.1233013916e+02
9.9840887451e+02
-1.0515603027e+03
-3.6735269165e+02
3.1721301270e+02
1.0044124146e+03
-1.1162805176e+03
-3.8494186401e+02
3.4663394165e+02
1.0776407471e+03
-1.1243466797e+03
-3.9195919800e+02
3.3992626953e+02
1.0703145752e+03
-1.1317558594e+03
-3.9891390991e+02
3.3293734741e+02
1.0627874756e+03
-1.1386735840e+03
-4.0562484741e+02
3.2630480957e+02
1.0560675049e+03
-1.1445554199e+03
-4.1156866455e+02
3.2017550659e+02
1.0496905518e+03
-1.1500117188e+03
-4.1694625854e+02
3.1488287354e+02
1.0444378662e+03
-1.1544215088e+03
-4.2145941162e+02
3.1021496582e+02
1.0396308594e+03
-1.1583156738e+03
-4.2531060791e+02
3.0642663574e+02
1.0358873291e+03
-1.1612720947e+03
-4.2832922363e+02
3.0332220459e+02
1.0327138672e+03
-1.1635981445e+03
-4.3063433838e+02
3.0104980469e+02
1.0304666748e+03
-1.1650834961e+03
-4.3214535522e+02
2.9950381470e+02
1.0288937988e+03
-1.1658566895e+03
-4.3291238403e+02
2.9874658203e+02
1.0281442871e+03
-1.1658566895e+03
-4.3291238403e+02
2.9874658203e+02
1.0281442871e+03
-1.1650834961e+03
-4.3214535522e+02
2.9950381470e+02
1.0288937988e+03
-1.1635981445e+03
-4.3063433838e+02
3.0104980469e+02
1.0304666748e+03
-1.1612720947e+03
-4.2832922363e+02
3.0332220459e+02
1.0327138672e+03
-1.1583156738e+03
-4.2531060791e+02
3.0642663574e+02
1.0358873291e+03
-1.1544215088e+03
-4.2145941162e+02
3.1021496582e+02
1.0396308594e+03
-1.1500117188e+03
-4.1694625854e+02
3.1488287354e+02
1.0444378662e+03
-1.1445554199e+03
-4.1156866455e+02
3.2017550659e+02
1.0496905518e+03
-1.1386735840e+03
-4.0562484741e+02
3.2630480957e+02
1.0560675049e+03
-1.1317558594e+03
-3.9891390991e+02
3.3293734741e+02
1.0627874756e+03
-1.1243466797e+03
-3.9195919800e+02
3.3992626953e+02
1.0703145752e+03
-1.1162805176e+03
-3.8494186401e+02
3.4663394165e+02
1.0776407471e+03
-1.1723864746e+03
-3.9941049194e+02
3.7125912476e+02
1.1419138184e+03
-1.1815944824e+03
-4.0800509644e+02
3.6304965210e+02
1.1333233643e+03
-1.1901618652e+03
-4.1622140503e+02
3.5497720337e+02
1.1249827881e+03
-1.1975913086e+03
-4.2366751099e+02
3.4742514038e+02
1.1172089844e+03
-1.2044720459e+03
-4.3046493530e+02
3.4071148682e+02
1.1104851074e+03
-1.2102144775e+03
-4.3631423950e+02
3.3471157837e+02
1.1043291016e+03
-1.2153813477e+03
-4.4143154907e+02
3.2967022705e+02
1.0993314209e+03
-1.2194896240e+03
-4.4561557007e+02
3.2538574219e+02
1.0949593506e+03
-1.2229232178e+03
-4.4901812744e+02
3.2203268433e+02
1.0916414795e+03
-1.2253981934e+03
-4.5152911377e+02
3.1947354126e+02
1.0890432129e+03
-1.2271096191e+03
-4.5322592163e+02
3.1779953003e+02
1.0873863525e+03
-1.2279366455e+03
-4.5406295776e+02
3.1694897461e+02
1.0865252686e+03
-1.2279366455e+03
-4.5406295776e+02
3.1694897461e+02
1.0865252686e+03
-1.2271096191e+03
-4.5322592163e+02
3.1779953003e+02
1.0873863525e+03
-1.2253981934e+03
-4.5152911377e+02
3.1947354126e+02
1.0890432129e+03
-1.2229232178e+03
-4.4901812744e+02
3.2203268433e+02
1.0916414795e+03
-1.2194896240e+03
-4.4561557007e+02
3.2538574219e+02
1.0949593506e+03
-1.2153813477e+03
-4.4143154907e+02
3.2967022705e+02
1.0993314209e+03
-1.2102144775e+03
-4.3631423950e+02
3.3471157837e+02
1.1043291016e+03
-1.2044720459e+03
-4.3046493530e+02
3.4071148682e+02
1.1104851074e+03
-1.1975913086e+03
-4.2366751099e+02
3.4742514038e+02
1.1172089844e+03
-1.1901618652e+03
-4.1622140503e+02
3.5497720337e+02
1.1249827881e+03
-1.1815944824e+03
-4.0800509644e+02
3.6304965210e+02
1.1333233643e+03
-1.1723864746e+03
-3.9941049194e+02
3.7125912476e+02
1.1419138184e+03
-1.2185346680e+03
-4.1170080566e+02
3.9286892700e+02
1.1947178955e+03
-1.2289733887e+03
-4.2169705200e+02
3.8321997070e+02
1.1850712891e+03
-1.2381546631e+03
-4.3075100708e+02
3.7417086792e+02
1.1758642578e+03
-1.2465366211e+03
-4.3906216431e+02
3.6591387939e+02
1.1676231689e+03
-1.2537401123e+03
-4.4633944702e+02
3.5850247192e+02
1.1600576172e+03
-1.2602597656e+03
-4.5281680298e+02
3.5208938599e+02
1.1536955566e+03
-1.2656353760e+03
-4.5826962280e+02
3.4652072144e+02
1.1480278320e+03
-1.2702866211e+03
-4.6288247681e+02
3.4196643066e+02
1.1435231934e+03
-1.2738759766e+03
-4.6651443481e+02
3.3827096558e+02
1.1397790527e+03
-1.2766591797e+03
-4.6927282715e+02
3.3554806519e+02
1.1370869141e+03
-1.2784582520e+03
-4.7108795166e+02
3.3370806885e+02
1.1352292480e+03
-1.2793843994e+03
-4.7200567627e+02
3.3280187988e+02
1.1343332520e+03
-1.2793843994e+03
-4.7200567627e+02
3.3280187988e+02
1.1343332520e+03
-1.2784582520e+03
-4.7108795166e+02
3.3370806885e+02
1.1352292480e+03
-1.2766591797e+03
-4.6927282715e+02
3.3554806519e+02
1.1370869141e+03
-1.2738759766e+03
-4.6651443481e+02
3.3827096558e+02
1.1397790527e+03
-1.2702866211e+03
-4.6288247681e+02
3.4196643066e+02
1.1435231934e+03
-1.2656353760e+03
-4.5826962280e+02
3.4652072144e+02
1.1480278320e+03
-1.2602597656e+03
-4.5281680298e+02
3.5208938599e+02
1.1536955566e+03
-1.2537401123e+03
-4.4633944702e+02
3.5850247192e+02
1.1600576172e+03
-1.2465366211e+03
-4.3906216431e+02
3.6591387939e+02
1.1676231689e+03
-1.2381546631e+03
-4.3075100708e+02
3.7417086792e+02
1.1758642578e+03
-1.2289733887e+03
-4.2169705200e+02
3.8321997070e+02
1.1850712891e+03
-1.2185346680e+03
-4.1170080566e+02
3.9286892700e+02
1.1947178955e+03
-1.2544291992e+03
-4.2083169556e+02
4.0875473022e+02
1.2364082031e+03
-1.2655999756e+03
-4.3185067749e+02
3.9817330933e+02
1.2259362793e+03
-1.2756158447e+03
-4.4180615234e+02
3.8835440063e+02
1.2161308594e+03
-1.2843431396e+03
-4.5059609985e+02
3.7950036621e+02
1.2071707764e+03
-1.2922614746e+03
-4.5849453735e+02
3.7166439819e+02
1.1993621826e+03
-1.2989691162e+03
-4.6528457642e+02
3.6476544189e+02
1.1923548584e+03
-1.3048990479e+03
-4.7117803955e+02
3.5893746948e+02
1.1865760498e+03
-1.3096822510e+03
-4.7601293945e+02
3.5402996826e+02
1.1816069336e+03
-1.3136273193e+03
-4.7992523193e+02
3.5016741943e+02
1.1777846680e+03
-1.3165020752e+03
-4.8282177734e+02
3.4723754883e+02
1.1748292236e+03
-1.3184707031e+03
-4.8477246094e+02
3.4531219482e+02
1.1729250488e+03
-1.3194302979e+03
-4.8573736572e+02
3.4433843994e+02
1.1719449463e+03
-1.3194302979e+03
-4.8573736572e+02
3.4433843994e+02
1.1719449463e+03
-1.3184707031e+03
-4.8477246094e+02
3.4531219482e+02
1.1729250488e+03
-1.3165020752e+03
-4.8282177734e+02
3.4723754883e+02
1.1748292236e+03
-1.3136273193e+03
-4.7992523193e+02
3.5016741943e+02
1.1777846680e+03
-1.3096822510e+03
-4.7601293945e+02
3.5402996826e+02
1.1816069336e+03
-1.3048990479e+03
-4.7117803955e+02
3.5893746948e+02
1.1865760498e+03
-1.2989691162e+03
-4.6528457642e+02
3.6476544189e+02
1.1923548584e+03
-1.2922614746e+03
-4.5849453735e+02
3.7166439819e+02
1.1993621826e+03
-1.2843431396e+03
-4.5059609985e+02
3.7950036621e+02
1.2071707764e+03
-1.2756158447e+03
-4.4180615234e+02
3.8835440063e+02
1.2161308594e+03
-1.2655999756e+03
-4.3185067749e+02
3.9817330933e+02
1.2259362793e+03
-1.2544291992e+03
-4.2083169556e+02
4.0875473022e+02
1.2364082031e+03
-1.2792916260e+03
-4.2737689209e+02
4.2070031738e+02
1.2650113525e+03
-1.2912043457e+03
-4.3916903687e+02
4.0927713013e+02
1.2539285889e+03
-1.3015196533e+03
-4.4951766968e+02
3.9895996094e+02
1.2436569824e+03
-1.3108422852e+03
-4.5884848022e+02
3.8966638184e+02
1.2344381104e+03
-1.3189107666e+03
-4.6698400879e+02
3.8143640137e+02
1.2261102295e+03
-1.3261190186e+03
-4.7417315674e+02
3.7429727173e+02
1.2190274658e+03
-1.3321309814e+03
-4.8023855591e+02
3.6814807129e+02
1.2128083496e+03
-1.3372731934e+03
-4.8534616089e+02
3.6309509277e+02
1.2078073730e+03
-1.3412801514e+03
-4.8937887573e+02
3.5901803589e+02
1.2036981201e+03
-1.3443604736e+03
-4.9243212891e+02
3.5600173950e+02
1.2007160645e+03
-1.3463663330e+03
-4.9444598389e+02
3.5397171021e+02
1.1986759033e+03
-1.3473919678e+03
-4.9546179199e+02
3.5296859741e+02
1.1976845703e+03
-1.3473919678e+03
-4.9546179199e+02
3.5296859741e+02
1.1976845703e+03
-1.3463663330e+03
-4.9444598389e+02
3.5397171021e+02
1.1986759033e+03
-1.3443604736e+03
-4.9243212891e+02
3.5600173950e+02
1.2007160645e+03
-1.3412801514e+03
-4.8937887573e+02
3.5901803589e+02
1.2036981201e+03
-1.3372731934e+03
-4.8534616089e+02
3.6309509277e+02
1.2078073730e+03
-1.3321309814e+03
-4.8023855591e+02
3.6814807129e+02
1.2128083496e+03
-1.3261190186e+03
-4.7417315674e+02
3.7429727173e+02
1.2190274658e+03
-1.3189107666e+03
-4.6698400879e+02
3.8143640137e+02
1.2261102295e+03
-1.3108422852e+03
-4.5884848022e+02
3.8966638184e+02
1.2344381104e+03
-1.3015196533e+03
-4.4951766968e+02
3.9895996094e+02
1.2436569824e+03
-1.2912043457e+03
-4.3916903687e+02
4.0927713013e+02
1.2539285889e+03
-1.2792916260e+03
-4.2737689209e+02
4.2070031738e+02
1.2650113525e+03
-1.2927355957e+03
-4.3095852661e+02
4.2645480347e+02
1.2810354004e+03
-1.3048239746e+03
-4.4303155518e+02
4.1485238647e+02
1.2696939697e+03
-1.3155616455e+03
-4.5381228638e+02
4.0420556641e+02
1.2591544189e+03
-1.3249576416e+03
-4.6326284790e+02
3.9472320557e+02
1.2496082764e+03
-1.3334016113e+03
-4.7171649170e+02
3.8631579590e+02
1.2412384033e+03
-1.3406186523e+03
-4.7899035645e+02
3.7896319580e+02
1.2338052979e+03
-1.3469373779e+03
-4.8528125000e+02
3.7272750854e+02
1.2276181641e+03
-1.3520781250e+03
-4.9045440674e+02
3.6750250244e+02
1.2223498535e+03
-1.3562851562e+03
-4.9462905884e+02
3.6337503052e+02
1.2182641602e+03
-1.3593713379e+03
-4.9772622681e+02
3.6025558472e+02
1.2151289062e+03
-1.3614721680e+03
-4.9980783081e+02
3.5819964600e+02
1.2130959473e+03
-1.3625017090e+03
-5.0083926392e+02
3.5716278076e+02
1.2120557861e+03
-1.3625017090e+03
-5.0083926392e+02
3.5716278076e+02
1.2120557861e+03
-1.3614721680e+03
-4.9980783081e+02
3.5819964600e+02
1.2130959473e+03
-1.3593713379e+03
-4.9772622681e+02
3.6025558472e+02
1.2151289062e+03
-1.3562851562e+03
-4.9462905884e+02
3.6337503052e+02
1.2182641602e+03
-1.3520781250e+03
-4.9045440674e+02
3.6750250244e+02
1.2223498535e+03
-1.3469373779e+03
-4.8528125000e+02
3.7272750854e+02
1.2276181641e+03
-1.3406186523e+03
-4.7899035645e+02
3.7896319580e+02
1.2338052979e+03
-1.3334016113e+03
-4.7171649170e+02
3.8631579590e+02
1.2412384033e+03
-1.3249576416e+03
-4.6326284790e+02
3.9472320557e+02
1.2496082764e+03
-1.3155616455e+03
-4.5381228638e+02
4.0420556641e+02
1.2591544189e+03
-1.3048239746e+03
-4.4303155518e+02
4.1485238647e+02
1.2696939697e+03
-1.2927355957e+03
-4.3095852661e+02
4.2645480347e+02
1.2810354004e+03
-1.2948970947e+03
-4.3148886108e+02
4.2765203857e+02
1.2833731689e+03
-1.3071420898e+03
-4.4358868408e+02
4.1591885376e+02
1.2719738770e+03
-1.3177813721e+03
-4.5421212769e+02
4.0533944702e+02
1.2614273682e+03
-1.3273625488e+03
-4.6381829834e+02
3.9575354004e+02
1.2519146729e+03
-1.3357122803e+03
-4.7220520020e+02
3.8729870605e+02
1.2433735352e+03
-1.3431196289e+03
-4.7960638428e+02
3.7993429565e+02
1.2360581055e+03
-1.3493431396e+03
-4.8586444092e+02
3.7361422729e+02
1.2296829834e+03
-1.3546303711e+03
-4.9112335205e+02
3.6840310669e+02
1.2245200195e+03
-1.3587755127e+03
-4.9528350830e+02
3.6421151733e+02
1.2203057861e+03
-1.3619451904e+03
-4.9842785645e+02
3.6110217285e+02
1.2172299805e+03
-1.3640189209e+03
-5.0050485229e+02
3.5901461792e+02
1.2151365967e+03
-1.3650748291e+03
-5.0155111694e+02
3.5798080444e+02
1.2141147461e+03
-1.3650748291e+03
-5.0155111694e+02
3.5798080444e+02
1.2141147461e+03
-1.3640189209e+03
-5.0050485229e+02
3.5901461792e+02
1.2151365967e+03
-1.3619451904e+03
-4.9842785645e+02
3.6110217285e+02
1.2172299805e+03
-1.3587755127e+03
-4.9528350830e+02
3.6421151733e+02
1.2203057861e+03
-1.3546303711e+03
-4.9112335205e+02
3.6840310669e+02
1.2245200195e+03
-1.3493431396e+03
-4.8586444092e+02
3.7361422729e+02
1.2296829834e+03
-1.3431196289e+03
-4.7960638428e+02
3.7993429565e+02
1.2360581055e+03
-1.3357122803e+03
-4.7220520020e+02
3.8729870605e+02
1.2433735352e+03
-1.3273625488e+03
-4.6381829834e+02
3.9575354004e+02
1.2519146729e+03
-1.3177813721e+03
-4.5421212769e+02
4.0533944702e+02
1.2614273682e+03
-1.3071420898e+03
-4.4358868408e+02
4.1591885376e+02
1.2719738770e+03
-1.2948970947e+03
-4.3148886108e+02
4.2765203857e+02
1.2833731689e+03
-1.2851174316e+03
-4.2956820679e+02
4.2282974243e+02
1.2726295166e+03
-1.2969246826e+03
-4.4112341309e+02
4.1175848389e+02
1.2615848389e+03
-1.3075349121e+03
-4.5167733765e+02
4.0133914185e+02
1.2511511230e+03
-1.3168735352e+03
-4.6100015259e+02
3.9200885010e+02
1.2417167969e+03
-1.3252415771e+03
-4.6937380981e+02
3.8366598511e+02
1.2333853760e+03
-1.3324383545e+03
-4.7660174561e+02
3.7637692261e+02
1.2260206299e+03
-1.3387069092e+03
-4.8284918213e+02
3.7017144775e+02
1.2198532715e+03
-1.3438348389e+03
-4.8799719238e+02
3.6498309326e+02
1.2146296387e+03
-1.3480115967e+03
-4.9214639282e+02
3.6087374878e+02
1.2105576172e+03
-1.3510885010e+03
-4.9522903442e+02
3.5777426147e+02
1.2074467773e+03
-1.3531755371e+03
-4.9729861450e+02
3.5572750854e+02
1.2054216309e+03
-1.3542016602e+03
-4.9832516479e+02
3.5469702148e+02
1.2043891602e+03
-1.3542016602e+03
-4.9832516479e+02
3.5469702148e+02
1.2043891602e+03
-1.3531755371e+03
-4.9729861450e+02
3.5572750854e+02
1.2054216309e+03
-1.3510885010e+03
-4.9522903442e+02
3.5777426147e+02
1.2074467773e+03
-1.3480115967e+03
-4.9214639282e+02
3.6087374878e+02
1.2105576172e+03
-1.3438348389e+03
-4.8799719238e+02
3.6498309326e+02
1.2146296387e+03
-1.3387069092e+03
-4.8284918213e+02
3.7017144775e+02
1.2198532715e+03
-1.3324383545e+03
-4.7660174561e+02
3.7637692261e+02
1.2260206299e+03
-1.3252415771e+03
-4.6937380981e+02
3.8366598511e+02
1.2333853760e+03
-1.3168735352e+03
-4.6100015259e+02
3.9200885010e+02
1.2417167969e+03
-1.3075349121e+03
-4.5167733765e+02
4.0133914185e+02
1.2511511230e+03
-1.2969246826e+03
-4.4112341309e+02
4.1175848389e+02
1.2615848389e+03
-1.2851174316e+03
-4.2956820679e+02
4.2282974243e+02
1.2726295166e+03
-1.2648021240e+03
-4.2403720093e+02
4.1318991089e+02
1.2488299561e+03
-1.2761668701e+03
-4.3488055420e+02
4.0268243408e+02
1.2382979736e+03
-1.2862749023e+03
-4.4469876099e+02
3.9290512085e+02
1.2283168945e+03
-1.2953833008e+03
-4.5378790283e+02
3.8381454468e+02
1.2192332764e+03
-1.3033936768e+03
-4.6178207397e+02
3.7576525879e+02
1.2110645752e+03
-1.3104754639e+03
-4.6886242676e+02
3.6870663452e+02
1.2040322266e+03
-1.3164577637e+03
-4.7486621094e+02
3.6265158081e+02
1.1979213867e+03
-1.3215202637e+03
-4.7991040039e+02
3.5764385986e+02
1.1929503174e+03
-1.3255050049e+03
-4.8390670776e+02
3.5362158203e+02
1.1889069824e+03
-1.3285422363e+03
-4.8692510986e+02
3.5063208008e+02
1.1859455566e+03
-1.3305351562e+03
-4.8892071533e+02
3.4862765503e+02
1.1839357910e+03
-1.3315473633e+03
-4.8992532349e+02
3.4763366699e+02
1.1829519043e+03
-1.3315473633e+03
-4.8992532349e+02
3.4763366699e+02
1.1829519043e+03
-1.3305351562e+03
-4.8892071533e+02
3.4862765503e+02
1.1839357910e+03
-1.3285422363e+03
-4.8692510986e+02
3.5063208008e+02
1.1859455566e+03
-1.3255050049e+03
-4.8390670776e+02
3.5362158203e+02
1.1889069824e+03
-1.3215202637e+03
-4.7991040039e+02
3.5764385986e+02
1.1929503174e+03
-1.3164577637e+03
-4.7486621094e+02
3.6265158081e+02
1.1979213867e+03
-1.3104754639e+03
-4.6886242676e+02
3.6870663452e+02
1.2040322266e+03
-1.3033936768e+03
-4.6178207397e+02
3.7576525879e+02
1.2110645752e+03
-1.2953833008e+03
-4.5378790283e+02
3.8381454468e+02
1.2192332764e+03
-1.2862749023e+03
-4.4469876099e+02
3.9290512085e+02
1.2283168945e+03
-1.2761668701e+03
-4.3488055420e+02
4.0268243408e+02
1.2382979736e+03
-1.2648021240e+03
-4.2403720093e+02
4.1318991089e+02
1.2488299561e+03
-1.2326708984e+03
-4.1693457031e+02
3.9841497803e+02
1.2124448242e+03
-1.2430346680e+03
-4.2643765259e+02
3.8939260864e+02
1.2028317871e+03
-1.2526799316e+03
-4.3574050903e+02
3.8022903442e+02
1.1933232422e+03
-1.2612534180e+03
-4.4416717529e+02
3.7181384277e+02
1.1846833496e+03
-1.2689549561e+03
-4.5183776855e+02
3.6415878296e+02
1.1769761963e+03
-1.2756134033e+03
-4.5850122070e+02
3.5744033813e+02
1.1701647949e+03
-1.2814006348e+03
-4.6427276611e+02
3.5169393921e+02
1.1644359131e+03
-1.2861523438e+03
-4.6903927612e+02
3.4688946533e+02
1.1595939941e+03
-1.2900124512e+03
-4.7288079834e+02
3.4307565308e+02
1.1558073730e+03
-1.2928636475e+03
-4.7573779297e+02
3.4020156860e+02
1.1529207764e+03
-1.2947933350e+03
-4.7765524292e+02
3.3830105591e+02
1.1510372314e+03
-1.2957440186e+03
-4.7860687256e+02
3.3734506226e+02
1.1500788574e+03
-1.2957440186e+03
-4.7860687256e+02
3.3734506226e+02
1.1500788574e+03
-1.2947933350e+03
-4.7765524292e+02
3.3830105591e+02
1.1510372314e+03
-1.2928636475e+03
-4.7573779297e+02
3.4020156860e+02
1.1529207764e+03
-1.2900124512e+03
-4.7288079834e+02
3.4307565308e+02
1.1558073730e+03
-1.2861523438e+03
-4.6903927612e+02
3.4688946533e+02
1.1595939941e+03
-1.2814006348e+03
-4.6427276611e+02
3.5169393921e+02
1.1644359131e+03
-1.2756134033e+03
-4.5850122070e+02
3.5744033813e+02
1.1701647949e+03
-1.2689549561e+03
-4.5183776855e+02
3.6415878296e+02
1.1769761963e+03
-1.2612534180e+03
-4.4416717529e+02
3.7181384277e+02
1.1846833496e+03
-1.2526799316e+03
-4.3574050903e+02
3.8022903442e+02
1.1933232422e+03
-1.2430346680e+03
-4.2643765259e+02
3.8939260864e+02
1.2028317871e+03
-1.2326708984e+03
-4.1693457031e+02
3.9841497803e+02
1.2124448242e+03
-1.1917464600e+03
-4.0552536011e+02
3.7885076904e+02
1.1648618164e+03
-1.2011301270e+03
-4.1371951294e+02
3.7093301392e+02
1.1562598877e+03
-1.2099439697e+03
-4.2176095581e+02
3.6291314697e+02
1.1476014404e+03
-1.2179187012e+03
-4.2961740112e+02
3.5502752686e+02
1.1395997314e+03
-1.2250306396e+03
-4.3663998413e+02
3.4795031738e+02
1.1323322754e+03
-1.2313140869e+03
-4.4291857910e+02
3.4167657471e+02
1.1260480957e+03
-1.2366475830e+03
-4.4826525879e+02
3.3628005981e+02
1.1205820312e+03
-1.2411522217e+03
-4.5276464844e+02
3.3180221558e+02
1.1161229248e+03
-1.2447077637e+03
-4.5633441162e+02
3.2820562744e+02
1.1124997559e+03
-1.2474130859e+03
-4.5903109741e+02
3.2552838135e+02
1.1098409424e+03
-1.2491914062e+03
-4.6081500244e+02
3.2373422241e+02
1.1080384521e+03
-1.2500932617e+03
-4.6171295166e+02
3.2284368896e+02
1.1071550293e+03
-1.2500932617e+03
-4.6171295166e+02
3.2284368896e+02
1.1071550293e+03
-1.2491914062e+03
-4.6081500244e+02
3.2373422241e+02
1.1080384521e+03
-1.2474130859e+03
-4.5903109741e+02
3.2552838135e+02
1.1098409424e+03
-1.2447077637e+03
-4.5633441162e+02
3.2820562744e+02
1.1124997559e+03
-1.2411522217e+03
-4.5276464844e+02
3.3180221558e+02
1.1161229248e+03
-1.2366475830e+03
-4.4826525879e+02
3.3628005981e+02
1.1205820312e+03
-1.2313140869e+03
-4.4291857910e+02
3.4167657471e+02
1.1260480957e+03
-1.2250306396e+03
-4.3663998413e+02
3.4795031738e+02
1.1323322754e+03
-1.2179187012e+03
-4.2961740112e+02
3.5502752686e+02
1.1395997314e+03
-1.2099439697e+03
-4.2176095581e+02
3.6291314697e+02
1.1476014404e+03
-1.2011301270e+03
-4.1371951294e+02
3.7093301392e+02
1.1562598877e+03
-1.1917464600e+03
-4.0552536011e+02
3.7885076904e+02
1.1648618164e+03
-1.1396029053e+03
-3.9379473877e+02
3.5571850586e+02
1.1059266357e+03
-1.1475842285e+03
-3.9997628784e+02
3.5000292969e+02
1.0986724854e+03
-1.1555672607e+03
-4.0718823242e+02
3.4293994141e+02
1.0907618408e+03
-1.1627961426e+03
-4.1409027100e+02
3.3606530762e+02
1.0834769287e+03
-1.1693479004e+03
-4.2054376221e+02
3.2961437988e+02
1.0768787842e+03
-1.1750433350e+03
-4.2621640015e+02
3.2388497925e+02
1.0710228271e+03
-1.1799958496e+03
-4.3115585327e+02
3.1895205688e+02
1.0660787354e+03
-1.1840736084e+03
-4.3524731445e+02
3.1481838989e+02
1.0618983154e+03
-1.1873823242e+03
-4.3854870605e+02
3.1152972412e+02
1.0586228027e+03
-1.1898302002e+03
-4.4100601196e+02
3.0905087280e+02
1.0561264648e+03
-1.1914853516e+03
-4.4265582275e+02
3.0741006470e+02
1.0544959717e+03
-1.1923015137e+03
-4.4347476196e+02
3.0658489990e+02
1.0536665039e+03
-1.1923015137e+03
-4.4347476196e+02
3.0658489990e+02
1.0536665039e+03
-1.1914853516e+03
-4.4265582275e+02
3.0741006470e+02
1.0544959717e+03
-1.1898302002e+03
-4.4100601196e+02
3.0905087280e+02
1.0561264648e+03
-1.1873823242e+03
-4.3854870605e+02
3.1152972412e+02
1.0586228027e+03
-1.1840736084e+03
-4.3524731445e+02
3.1481838989e+02
1.0618983154e+03
-1.1799958496e+03
-4.3115585327e+02
3.1895205688e+02
1.0660787354e+03
-1.1750433350e+03
-4.2621640015e+02
3.2388497925e+02
1.0710228271e+03
-1.1693479004e+03
-4.2054376221e+02
3.2961437988e+02
1.0768787842e+03
-1.1627961426e+03
-4.1409027100e+02
3.3606530762e+02
1.0834769287e+03
-1.1555672607e+03
-4.0718823242e+02
3.4293994141e+02
1.0907618408e+03
-1.1475842285e+03
-3.9997628784e+02
3.5000292969e+02
1.0986724854e+03
-1.1396029053e+03
-3.9379473877e+02
3.5571850586e+02
1.1059266357e+03
-1.0812486572e+03
-3.7687896729e+02
3.2791580200e+02
1.0387153320e+03
-1.0878095703e+03
-3.8141476440e+02
3.2357376099e+02
1.0328264160e+03
-1.0947749023e+03
-3.8696371460e+02
3.1801443481e+02
1.0260515137e+03
-1.1011286621e+03
-3.9305477905e+02
3.1186401367e+02
1.0196211548e+03
-1.1069276123e+03
-3.9867938232e+02
3.0617651367e+02
1.0136480713e+03
-1.1120645752e+03
-4.0379983521e+02
3.0104455566e+02
1.0084602051e+03
-1.1164490967e+03
-4.0819107056e+02
2.9659967041e+02
1.0039240112e+03
-1.1201510010e+03
-4.1190115356e+02
2.9289553833e+02
1.0002167969e+03
-1.1230792236e+03
-4.1484948730e+02
2.8991586304e+02
9.9720068359e+02
-1.1253063965e+03
-4.1707949829e+02
2.8769467163e+02
9.9498596191e+02
-1.1267714844e+03
-4.1855499268e+02
2.8620568848e+02
9.9348376465e+02
-1.1275144043e+03
-4.1929815674e+02
2.8546624756e+02
9.9274743652e+02
-1.1275144043e+03
-4.1929815674e+02
2.8546624756e+02
9.9274743652e+02
-1.1267714844e+03
-4.1855499268e+02
2.8620568848e+02
9.9348376465e+02
-1.1253063965e+03
-4.1707949829e+02
2.8769467163e+02
9.9498596191e+02
-1.1230792236e+03
-4.1484948730e+02
2.8991586304e+02
9.9720068359e+02
-1.1201510010e+03
-4.1190115356e+02
2.9289553833e+02
1.0002167969e+03
-1.1164490967e+03
-4.0819107056e+02
2.9659967041e+02
1.0039240112e+03
-1.1120645752e+03
-4.0379983521e+02
3.0104455566e+02
1.0084602051e+03
-1.1069276123e+03
-3.9867938232e+02
3.0617651367e+02
1.0136480713e+03
-1.1011286621e+03
-3.9305477905e+02
3.1186401367e+02
1.0196211548e+03
-1.0947749023e+03
-3.8696371460e+02
3.1801443481e+02
1.0260515137e+03
-1.0878095703e+03
-3.8141476440e+02
3.2357376099e+02
1.0328264160e+03
-1.0812486572e+03
-3.7687896729e+02
3.2791580200e+02
1.0387153320e+03
-1.0123781738e+03
-3.6123666382e+02
2.9868490601e+02
9.6157275391e+02
-1.0174118652e+03
-3.6326055908e+02
2.9710461426e+02
9.5726953125e+02
-1.0232730713e+03
-3.6783596802e+02
2.9268835449e+02
9.5139086914e+02
-1.0287838135e+03
-3.7281283569e+02
2.8775045776e+02
9.4581878662e+02
-1.0338800049e+03
-3.7771514893e+02
2.8284210205e+02
9.4064916992e+02
-1.0383414307e+03
-3.8212179565e+02
2.7837359619e+02
9.3601196289e+02
-1.0422349854e+03
-3.8599914551e+02
2.7448538208e+02
9.3208135986e+02
-1.0454489746e+03
-3.8922592163e+02
2.7120953369e+02
9.2874682617e+02
-1.0480577393e+03
-3.9183718872e+02
2.6859622192e+02
9.2613220215e+02
-1.0499891357e+03
-3.9378231812e+02
2.6662353516e+02
9.2413580322e+02
-1.0512954102e+03
-3.9508993530e+02
2.6531683350e+02
9.2283239746e+02
-1.0519394531e+03
-3.9573880005e+02
2.6465936279e+02
9.2216839600e+02
-1.0519394531e+03
-3.9573880005e+02
2.6465936279e+02
9.2216839600e+02
-1.0512954102e+03
-3.9508993530e+02
2.6531683350e+02
9.2283239746e+02
-1.0499891357e+03
-3.9378231812e+02
2.6662353516e+02
9.2413580322e+02
-1.0480577393e+03
-3.9183718872e+02
2.6859622192e+02
9.2613220215e+02
-1.0454489746e+03
-3.8922592163e+02
2.7120953369e+02
9.2874682617e+02
-1.0422349854e+03
-3.8599914551e+02
2.7448538208e+02
9.3208135986e+02
-1.0383414307e+03
-3.8212179565e+02
2.7837359619e+02
9.3601196289e+02
-1.0338800049e+03
-3.7771514893e+02
2.8284210205e+02
9.4064916992e+02
-1.0287838135e+03
-3.7281283569e+02
2.8775045776e+02
9.4581878662e+02
-1.0232730713e+03
-3.6783596802e+02
2.9268835449e+02
9.5139086914e+02
-1.0174118652e+03
-3.6326055908e+02
2.9710461426e+02
9.5726953125e+02
-1.0123781738e+03
-3.6123666382e+02
2.9868490601e+02
9.6157275391e+02
-9.4056964111e+02
-3.3925238037e+02
2.6475109863e+02
8.7994915771e+02
-9.4380187988e+02
-3.3963986206e+02
2.6446481323e+02
8.7716931152e+02
-9.4863726807e+02
-3.4233789062e+02
2.6172579956e+02
8.7257153320e+02
-9.5312286377e+02
-3.4638162231e+02
2.5760223389e+02
8.6798138428e+02
-9.5739166260e+02
-3.5038970947e+02
2.5352229309e+02
8.6351129150e+02
-9.6120343018e+02
-3.5416638184e+02
2.4972250366e+02
8.5960821533e+02
-9.6448382568e+02
-3.5744613647e+02
2.4638568115e+02
8.5615625000e+02
-9.6725769043e+02
-3.6023876953e+02
2.4358642578e+02
8.5333258057e+02
-9.6945617676e+02
-3.6246310425e+02
2.4132623291e+02
8.5102508545e+02
-9.7112988281e+02
-3.6415026855e+02
2.3963874817e+02
8.4933221436e+02
-9.7223107910e+02
-3.6526644897e+02
2.3850587463e+02
8.4818072510e+02
-9.7278997803e+02
-3.6582949829e+02
2.3794325256e+02
8.4761730957e+02
-9.7278997803e+02
-3.6582949829e+02
2.3794325256e+02
8.4761730957e+02
-9.7223107910e+02
-3.6526644897e+02
2.3850587463e+02
8.4818072510e+02
-9.7112988281e+02
-3.6415026855e+02
2.3963874817e+02
8.4933221436e+02
-9.6945617676e+02
-3.6246310425e+02
2.4132623291e+02
8.5102508545e+02
-9.6725769043e+02
-3.6023876953e+02
2.4358642578e+02
8.5333258057e+02
-9.6448382568e+02
-3.5744613647e+02
2.4638568115e+02
8.5615625000e+02
-9.6120343018e+02
-3.5416638184e+02
2.4972250366e+02
8.5960821533e+02
-9.5739166260e+02
-3.5038970947e+02
2.5352229309e+02
8.6351129150e+02
-9.5312286377e+02
-3.4638162231e+02
2.5760223389e+02
8.6798138428e+02
-9.4863726807e+02
-3.4233789062e+02
2.6172579956e+02
8.7257153320e+02
-9.4380187988e+02
-3.3963986206e+02
2.6446481323e+02
8.7716931152e+02
-9.4056964111e+02
-3.3925238037e+02
2.6475109863e+02
8.7994915771e+02
-8.5841357422e+02
-3.2059652710e+02
2.3186491394e+02
7.8927972412e+02
-8.6040222168e+02
-3.1813922119e+02
2.3473089600e+02
7.8813891602e+02
-8.6398229980e+02
-3.1986569214e+02
2.3315589905e+02
7.8444439697e+02
-8.6764123535e+02
-3.2278341675e+02
2.3027143860e+02
7.8070172119e+02
-8.7118365479e+02
-3.2601211548e+02
2.2702864075e+02
7.7708245850e+02
-8.7432000732e+02
-3.2905419922e+02
2.2391902161e+02
7.7376293945e+02
-8.7708129883e+02
-3.3178765869e+02
2.2116044617e+02
7.7093395996e+02
-8.7936907959e+02
-3.3408251953e+02
2.1881053162e+02
7.6851513672e+02
-8.8123126221e+02
-3.3595147705e+02
2.1692813110e+02
7.6662036133e+02
-8.8260998535e+02
-3.3734506226e+02
2.1550238037e+02
7.6516668701e+02
-8.8354400635e+02
-3.3828457642e+02
2.1455749512e+02
7.6421997070e+02
-8.8400396729e+02
-3.3875036621e+02
2.1408132935e+02
7.6373577881e+02
-8.8400396729e+02
-3.3875036621e+02
2.1408132935e+02
7.6373577881e+02
-8.8354400635e+02
-3.3828457642e+02
2.1455749512e+02
7.6421997070e+02
-8.8260998535e+02
-3.3734506226e+02
2.1550238037e+02
7.6516668701e+02
-8.8123126221e+02
-3.3595147705e+02
2.1692813110e+02
7.6662036133e+02
-8.7936907959e+02
-3.3408251953e+02
2.1881053162e+02
7.6851513672e+02
-8.7708129883e+02
-3.3178765869e+02
2.2116044617e+02
7.7093395996e+02
-8.7432000732e+02
-3.2905419922e+02
2.2391902161e+02
7.7376293945e+02
-8.7118365479e+02
-3.2601211548e+02
2.2702864075e+02
7.7708245850e+02
-8.6764123535e+02
-3.2278341675e+02
2.3027143860e+02
7.8070172119e+02
-8.6398229980e+02
-3.1986569214e+02
2.3315589905e+02
7.8444439697e+02
-8.6040222168e+02
-3.1813922119e+02
2.3473089600e+02
7.8813891602e+02
-8.5841357422e+02
-3.2059652710e+02
2.3186491394e+02
7.8927972412e+02
-7.7752185059e+02
-2.9366967773e+02
1.9405970764e+02
6.9859722900e+02
-7.7725024414e+02
-2.8998687744e+02
1.9776728821e+02
6.9887237549e+02
-7.7993353271e+02
-2.8988522339e+02
1.9783187866e+02
6.9645416260e+02
-7.8255731201e+02
-2.9187332153e+02
1.9578097534e+02
6.9373779297e+02
-7.8528906250e+02
-2.9427023315e+02
1.9331976318e+02
6.9078356934e+02
-7.8777978516e+02
-2.9670327759e+02
1.9086482239e+02
6.8818365479e+02
-7.8995684814e+02
-2.9887051392e+02
1.8864625549e+02
6.8583074951e+02
-7.9180523682e+02
-3.0074343872e+02
1.8676248169e+02
6.8390722656e+02
-7.9327252197e+02
-3.0224011230e+02
1.8522982788e+02
6.8231945801e+02
-7.9439239502e+02
-3.0338140869e+02
1.8408305359e+02
6.8115826416e+02
-7.9512817383e+02
-3.0413571167e+02
1.8331063843e+02
6.8036303711e+02
-7.9550268555e+02
-3.0451742554e+02
1.8292724609e+02
6.7997570801e+02
-7.9550268555e+02
-3.0451742554e+02
1.8292724609e+02
6.7997570801e+02
-7.9512817383e+02
-3.0413571167e+02
1.8331063843e+02
6.8036303711e+02
-7.9439239502e+02
-3.0338140869e+02
1.8408305359e+02
6.8115826416e+02
-7.9327252197e+02
-3.0224011230e+02
1.8522982788e+02
6.8231945801e+02
-7.9180523682e+02
-3.0074343872e+02
1.8676248169e+02
6.8390722656e+02
-7.8995684814e+02
-2.9887051392e+02
1.8864625549e+02
6.8583074951e+02
-7.8777978516e+02
-2.9670327759e+02
1.9086482239e+02
6.8818365479e+02
-7.8528906250e+02
-2.9427023315e+02
1.9331976318e+02
6.9078356934e+02
-7.8255731201e+02
-2.9187332153e+02
1.9578097534e+02
6.9373779297e+02
-7.7993353271e+02
-2.8988522339e+02
1.9783187866e+02
6.9645416260e+02
-7.7725024414e+02
-2.8998687744e+02
1.9776728821e+02
6.9887237549e+02
-7.7752185059e+02
-2.9366967773e+02
1.9405970764e+02
6.9859722900e+02
-6.8466430664e+02
-2.7357263184e+02
1.5949671936e+02
5.9880633545e+02
-6.8399987793e+02
-2.6680029297e+02
1.6659950256e+02
6.0072393799e+02
-6.8548413086e+02
-2.6575213623e+02
1.6773144531e+02
5.9910906982e+02
-6.8740588379e+02
-2.6672836304e+02
1.6673461914e+02
5.9708129883e+02
-6.8950067139e+02
-2.6836511230e+02
1.6505958557e+02
5.9493920898e+02
-6.9139129639e+02
-2.7011001587e+02
1.6323643494e+02
5.9287579346e+02
-6.9308782959e+02
-2.7175460815e+02
1.6155049133e+02
5.9109924316e+02
-6.9450329590e+02
-2.7316397095e+02
1.6008021545e+02
5.8955267334e+02
-6.9566595459e+02
-2.7432931519e+02
1.5889265442e+02
5.8834606934e+02
-6.9652764893e+02
-2.7520111084e+02
1.5798641968e+02
5.8741046143e+02
-6.9711511230e+02
-2.7579318237e+02
1.5738546753e+02
5.8680541992e+02
-6.9740362549e+02
-2.7608618164e+02
1.5708149719e+02
5.8649322510e+02
-6.9740362549e+02
-2.7608618164e+02
1.5708149719e+02
5.8649322510e+02
-6.9711511230e+02
-2.7579318237e+02
1.5738546753e+02
5.8680541992e+02
-6.9652764893e+02
-2.7520111084e+02
1.5798641968e+02
5.8741046143e+02
-6.9566595459e+02
-2.7432931519e+02
1.5889265442e+02
5.8834606934e+02
-6.9450329590e+02
-2.7316397095e+02
1.6008021545e+02
5.8955267334e+02
-6.9308782959e+02
-2.7175460815e+02
1.6155049133e+02
5.9109924316e+02
-6.9139129639e+02
-2.7011001587e+02
1.6323643494e+02
5.9287579346e+02
-6.8950067139e+02
-2.6836511230e+02
1.6505958557e+02
5.9493920898e+02
-6.8740588379e+02
-2.6672836304e+02
1.6673461914e+02
5.9708129883e+02
-6.8548413086e+02
-2.6575213623e+02
1.6773144531e+02
5.9910906982e+02
-6.8399987793e+02
-2.6680029297e+02
1.6659950256e+02
6.0072393799e+02
-6.8466430664e+02
-2.7357263184e+02
1.5949671936e+02
5.9880633545e+02
-5.9957055664e+02
-2.4033236694e+02
1.2035846710e+02
5.0331005859e+02
-5.9590753174e+02
-2.3321795654e+02
1.2751107025e+02
5.0608789062e+02
-5.9656732178e+02
-2.3080392456e+02
1.2998359680e+02
5.0554608154e+02
-5.9751422119e+02
-2.3098780823e+02
1.2983454895e+02
5.0451150513e+02
-5.9886724854e+02
-2.3197573853e+02
1.2883462524e+02
5.0291528320e+02
-6.0019750977e+02
-2.3323458862e+02
1.2758356476e+02
5.0148602295e+02
-6.0141638184e+02
-2.3443618774e+02
1.2636300659e+02
5.0012316895e+02
-6.0246868896e+02
-2.3551028442e+02
1.2529420471e+02
4.9901589966e+02
-6.0330621338e+02
-2.3637472534e+02
1.2440969849e+02
4.9808041382e+02
-6.0394909668e+02
-2.3704025269e+02
1.2374471283e+02
4.9740280151e+02
-6.0436865234e+02
-2.3747854614e+02
1.2329373932e+02
4.9693109131e+02
-6.0458343506e+02
-2.3770159912e+02
1.2307026672e+02
4.9670394897e+02
-6.0458343506e+02
-2.3770159912e+02
1.2307026672e+02
4.9670394897e+02
-6.0436865234e+02
-2.3747854614e+02
1.2329373932e+02
4.9693109131e+02
-6.0394909668e+02
-2.3704025269e+02
1.2374471283e+02
4.9740280151e+02
-6.0330621338e+02
-2.3637472534e+02
1.2440969849e+02
4.9808041382e+02
-6.0246868896e+02
-2.3551028442e+02
1.2529420471e+02
4.9901589966e+02
-6.0141638184e+02
-2.3443618774e+02
1.2636300659e+02
5.0012316895e+02
-6.0019750977e+02
-2.3323458862e+02
1.2758356476e+02
5.0148602295e+02
-5.9886724854e+02
-2.3197573853e+02
1.2883462524e+02
5.0291528320e+02
-5.9751422119e+02
-2.3098780823e+02
1.2983454895e+02
5.0451150513e+02
-5.9656732178e+02
-2.3080392456e+02
1.2998359680e+02
5.0554608154e+02
-5.9590753174e+02
-2.3321795654e+02
1.2751107025e+02
5.0608789062e+02
-5.9957055664e+02
-2.4033236694e+02
1.2035846710e+02
5.0331005859e+02
-4.9628967285e+02
-2.2281996155e+02
8.4740119934e+01
3.9908477783e+02
-4.9371917725e+02
-2.1223995972e+02
9.5378555298e+01
4.0380346680e+02
-4.9368154907e+02
-2.0863145447e+02
9.8879562378e+01
4.0405444336e+02
-4.9429812622e+02
-2.0797462463e+02
9.9378662109e+01
4.0347824097e+02
-4.9530145264e+02
-2.0830186462e+02
9.8958114624e+01
4.0257189941e+02
-4.9622555542e+02
-2.0898448181e+02
9.8175369263e+01
4.0155520630e+02
-4.9707467651e+02
-2.0972767639e+02
9.7360321045e+01
4.0064855957e+02
-4.9777838135e+02
-2.1040289307e+02
9.6608734131e+01
3.9981442261e+02
-4.9836611938e+02
-2.1098220825e+02
9.5987564087e+01
3.9916720581e+02
-4.9879998779e+02
-2.1142088318e+02
9.5505432129e+01
3.9864907837e+02
-4.9910134888e+02
-2.1172447205e+02
9.5184242249e+01
3.9831887817e+02
-4.9924822998e+02
-2.1187461853e+02
9.5020401001e+01
3.9814453125e+02
-4.9924822998e+02
-2.1187461853e+02
9.5020401001e+01
3.9814453125e+02
-4.9910134888e+02
-2.1172447205e+02
9.5184242249e+01
3.9831887817e+02
-4.9879998779e+02
-2.1142088318e+02
9.5505432129e+01
3.9864907837e+02
-4.9836611938e+02
-2.1098220825e+02
9.5987564087e+01
3.9916720581e+02
-4.9777838135e+02
-2.1040289307e+02
9.6608734131e+01
3.9981442261e+02
-4.9707467651e+02
-2.0972767639e+02
9.7360321045e+01
4.0064855957e+02
-4.9622555542e+02
-2.0898448181e+02
9.8175369263e+01
4.0155520630e+02
-4.9530145264e+02
-2.0830186462e+02
9.8958114624e+01
4.0257189941e+02
-4.9429812622e+02
-2.0797462463e+02
9.9378662109e+01
4.0347824097e+02
-4.9368154907e+02
-2.0863145447e+02
9.8879562378e+01
4.0405444336e+02
-4.9371917725e+02
-2.1223995972e+02
9.5378555298e+01
4.0380346680e+02
-4.9628967285e+02
-2.2281996155e+02
8.4740119934e+01
3.9908477783e+02
-4.1295443726e+02
-1.7680191040e+02
4.8231662750e+01
2.9992074585e+02
-4.0652554321e+02
-1.6758070374e+02
5.7927215576e+01
3.0411373901e+02
-4.0543835449e+02
-1.6397409058e+02
6.1869392395e+01
3.0463226318e+02
-4.0496862793e+02
-1.6299142456e+02
6.3100719452e+01
3.0470788574e+02
-4.0519860840e+02
-1.6300001526e+02
6.3174602509e+01
3.0405917358e+02
-4.0563433838e+02
-1.6344520569e+02
6.2796878815e+01
3.0344857788e+02
-4.0617559814e+02
-1.6400740051e+02
6.2284339905e+01
3.0278335571e+02
-4.0672161865e+02
-1.6457389832e+02
6.1774353027e+01
3.0225341797e+02
-4.0719161987e+02
-1.6505876160e+02
6.1325935364e+01
3.0177822876e+02
-4.0757690430e+02
-1.6544702148e+02
6.0976100922e+01
3.0144354248e+02
-4.0783395386e+02
-1.6570787048e+02
6.0733779907e+01
3.0120013428e+02
-4.0796932983e+02
-1.6584248352e+02
6.0612464905e+01
3.0108648682e+02
-4.0796932983e+02
-1.6584248352e+02
6.0612464905e+01
3.0108648682e+02
-4.0783395386e+02
-1.6570787048e+02
6.0733779907e+01
3.0120013428e+02
-4.0757690430e+02
-1.6544702148e+02
6.0976100922e+01
3.0144354248e+02
-4.0719161987e+02
-1.6505876160e+02
6.1325935364e+01
3.0177822876e+02
-4.0672161865e+02
-1.6457389832e+02
6.1774353027e+01
3.0225341797e+02
-4.0617559814e+02
-1.6400740051e+02
6.2284339905e+01
3.0278335571e+02
-4.0563433838e+02
-1.6344520569e+02
6.2796878815e+01
3.0344857788e+02
-4.0519860840e+02
-1.6300001526e+02
6.3174602509e+01
3.0405917358e+02
-4.0496862793e+02
-1.6299142456e+02
6.3100719452e+01
3.0470788574e+02
-4.0543835449e+02
-1.6397409058e+02
6.1869392395e+01
3.0463226318e+02
-4.0652554321e+02
-1.6758070374e+02
5.7927215576e+01
3.0411373901e+02
-4.1295443726e+02
-1.7680191040e+02
4.8231662750e+01
2.9992074585e+02
-2.9489379883e+02
-1.7237002563e+02
1.0493801117e+01
2.0004953003e+02
-2.9109188843e+02
-1.5882499695e+02
2.2829750061e+01
2.0668040466e+02
-2.9044674683e+02
-1.5288607788e+02
2.8179733276e+01
2.0857810974e+02
-2.9083145142e+02
-1.5103915405e+02
2.9630764008e+01
2.0912275696e+02
-2.9172222900e+02
-1.5071672058e+02
2.9879560471e+01
2.0901879883e+02
-2.9263043213e+02
-1.5098927307e+02
2.9563573837e+01
2.0863758850e+02
-2.9344097900e+02
-1.5143470764e+02
2.9105373383e+01
2.0821635437e+02
-2.9407897949e+02
-1.5188099670e+02
2.8636428833e+01
2.0776133728e+02
-2.9458020020e+02
-1.5226931763e+02
2.8231109619e+01
2.0739959717e+02
-2.9492678833e+02
-1.5256388855e+02
2.7914148331e+01
2.0708734131e+02
-2.9515835571e+02
-1.5276473999e+02
2.7700439453e+01
2.0689115906e+02
-2.9526681519e+02
-1.5286372375e+02
2.7592082977e+01
2.0678266907e+02
-2.9526681519e+02
-1.5286372375e+02
2.7592082977e+01
2.0678266907e+02
-2.9515835571e+02
-1.5276473999e+02
2.7700439453e+01
2.0689115906e+02
-2.9492678833e+02
-1.5256388855e+02
2.7914148331e+01
2.0708734131e+02
-2.9458020020e+02
-1.5226931763e+02
2.8231109619e+01
2.0739959717e+02
-2.9407897949e+02
-1.5188099670e+02
2.8636428833e+01
2.0776133728e+02
-2.9344097900e+02
-1.5143470764e+02
2.9105373383e+01
2.0821635437e+02
-2.9263043213e+02
-1.5098927307e+02
2.9563573837e+01
2.0863758850e+02
-2.9172222900e+02
-1.5071672058e+02
2.9879560471e+01
2.0901879883e+02
-2.9083145142e+02
-1.5103915405e+02
2.9630764008e+01
2.0912275696e+02
-2.9044674683e+02
-1.5288607788e+02
2.8179733276e+01
2.0857810974e+02
-2.9109188843e+02
-1.5882499695e+02
2.2829750061e+01
2.0668040466e+02
-2.9489379883e+02
-1.7237002563e+02
1.0493801117e+01
2.0004953003e+02
-2.1982086182e+02
-9.4008964539e+01
-1.6788061142e+01
9.0244186401e+01
-2.1378268433e+02
-8.5518234253e+01
-5.0634870529e+00
9.5042808533e+01
-2.1302333069e+02
-8.3599594116e+01
-1.7815799713e+00
9.4668891907e+01
-2.1224845886e+02
-8.3645477295e+01
-1.0120834112e+00
9.4132896423e+01
-2.1216748047e+02
-8.3956283569e+01
-1.2506229877e+00
9.3118423462e+01
-2.1192077637e+02
-8.4422950745e+01
-1.7106846571e+00
9.2241127014e+01
-2.1175939941e+02
-8.4770095825e+01
-2.2073283195e+00
9.1420585632e+01
-2.1158937073e+02
-8.5055862427e+01
-2.6216201782e+00
9.0790626526e+01
-2.1144647217e+02
-8.5245300293e+01
-2.9502472878e+00
9.0271942139e+01
-2.1134016418e+02
-8.5379959106e+01
-3.1844961643e+00
8.9917785645e+01
-2.1126234436e+02
-8.5457870483e+01
-3.3373970985e+00
8.9671470642e+01
-2.1122645569e+02
-8.5496620178e+01
-3.4112355709e+00
8.9558219910e+01
-2.1122645569e+02
-8.5496620178e+01
-3.4112355709e+00
8.9558219910e+01
-2.1126234436e+02
-8.5457870483e+01
-3.3373970985e+00
8.9671470642e+01
-2.1134016418e+02
-8.5379959106e+01
-3.1844961643e+00
8.9917785645e+01
-2.1144647217e+02
-8.5245300293e+01
-2.9502472878e+00
9.0271942139e+01
-2.1158937073e+02
-8.5055862427e+01
-2.6216201782e+00
9.0790626526e+01
-2.1175939941e+02
-8.4770095825e+01
-2.2073283195e+00
9.1420585632e+01
-2.1192077637e+02
-8.4422950745e+01
-1.7106846571e+00
9.2241127014e+01
-2.1216748047e+02
-8.3956283569e+01
-1.2506229877e+00
9.3118423462e+01
-2.1224845886e+02
-8.3645477295e+01
-1.0120834112e+00
9.4132896423e+01
-2.1302333069e+02
-8.3599594116e+01
-1.7815799713e+00
9.4668891907e+01
-2.1378268433e+02
-8.5518234253e+01
-5.0634870529e+00
9.5042808533e+01
-2.1982086182e+02
-9.4008964539e+01
-1.6788061142e+01
9.0244186401e+01
-9.4071609497e+01
-1.3394180298e+02
-5.4604839325e+01
2.5842132568e+01
-8.8176231384e+01
-1.2079946899e+02
-4.9886531830e+01
2.5715620041e+01
-8.4868263245e+01
-1.1285559845e+02
-4.5913303375e+01
2.5655532837e+01
-8.3434562683e+01
-1.0852597046e+02
-4.4549587250e+01
2.5028682709e+01
-8.1770515442e+01
-1.0649871063e+02
-4.3840763092e+01
2.4200901031e+01
-8.0986442566e+01
-1.0511318970e+02
-4.3699409485e+01
2.3477741241e+01
-8.0205764771e+01
-1.0440454102e+02
-4.3578636169e+01
2.2934375763e+01
-7.9772499084e+01
-1.0384584808e+02
-4.3573425293e+01
2.2527538300e+01
-7.9400390625e+01
-1.0353430176e+02
-4.3538158417e+01
2.2239555359e+01
-7.9181533813e+01
-1.0329206085e+02
-4.3542480469e+01
2.2041517258e+01
-7.9029441833e+01
-1.0316606903e+02
-4.3529666901e+01
2.1919519424e+01
-7.8962493896e+01
-1.0309663391e+02
-4.3531425476e+01
2.1860179901e+01
-7.8962493896e+01
-1.0309663391e+02
-4.3531425476e+01
2.1860179901e+01
-7.9029441833e+01
-1.0316606903e+02
-4.3529666901e+01
2.1919519424e+01
-7.9181533813e+01
-1.0329206085e+02
-4.3542480469e+01
2.2041517258e+01
-7.9400390625e+01
-1.0353430176e+02
-4.3538158417e+01
2.2239555359e+01
-7.9772499084e+01
-1.0384584808e+02
-4.3573425293e+01
2.2527538300e+01
-8.0205764771e+01
-1.0440454102e+02
-4.3578636169e+01
2.2934375763e+01
-8.0986442566e+01
-1.0511318970e+02
-4.3699409485e+01
2.3477741241e+01
-8.1770515442e+01
-1.0649871063e+02
-4.3840763092e+01
2.4200901031e+01
-8.3434562683e+01
-1.0852597046e+02
-4.4549587250e+01
2.5028682709e+01
-8.4868263245e+01
-1.1285559845e+02
-4.5913303375e+01
2.5655532837e+01
-8.8176231384e+01
-1.2079946899e+02
-4.9886531830e+01
2.5715620041e+01
-9.4071609497e+01
-1.3394180298e+02
-5.4604839325e+01
2.5842132568e+01
