-4.8561162949e+00
-4.5118164062e+01
-8.5238639832e+01
-1.2470334625e+02
-1.6336843872e+02
-2.0093237305e+02
-2.3719248962e+02
-2.7189926147e+02
-3.0485235596e+02
-3.3583782959e+02
-3.6467745972e+02
-3.9119134521e+02
-4.1523324585e+02
-4.3666134644e+02
-4.5536730957e+02
-4.7125234985e+02
-4.8425015259e+02
-4.9430895996e+02
-5.0140716553e+02
-5.0554202271e+02
-5.0673828125e+02
-5.0504290771e+02
-5.0052148438e+02
-4.9328289795e+02
-4.8341333008e+02
-4.7105532837e+02
-4.5647509766e+02
-4.3975860596e+02
-4.2105447388e+02
-4.0060638428e+02
-3.7862182617e+02
-3.5532940674e+02
-3.3097613525e+02
-3.0580764771e+02
-2.8008465576e+02
-2.5406646729e+02
-2.2802186584e+02
-2.0221485901e+02
-1.7691525269e+02
-1.5238476562e+02
-1.2888468933e+02
-1.0666899872e+02
-8.5977928162e+01
-6.7055847168e+01
-5.0102180481e+01
-3.5362365723e+01
-2.2950571060e+01
-1.3176320076e+01
-5.9122562408e+00
-1.8186984062e+00
0.0000000000e+00
