0.0000000000e+00
-3.0849614143e+00
-1.0245177269e+01
-2.3019102097e+01
-4.0268577576e+01
-6.2160614014e+01
-8.8055244446e+01
-1.1764434052e+02
-1.5033749390e+02
-1.8564079285e+02
-2.2293763733e+02
-2.6165164185e+02
-3.0114941406e+02
-3.4082836914e+02
-3.8006405640e+02
-4.1826593018e+02
-4.5484603882e+02
-4.8925616455e+02
-5.2097167969e+02
-5.4951446533e+02
-5.7444964600e+02
-5.9539569092e+02
-6.1203491211e+02
-6.2410418701e+02
-6.3141296387e+02
-6.3385675049e+02
-6.3141296387e+02
-6.2410418701e+02
-6.1203491211e+02
-5.9539569092e+02
-5.7444964600e+02
-5.4951446533e+02
-5.2097167969e+02
-4.8925616455e+02
-4.5484603882e+02
-4.1826593018e+02
-3.8006405640e+02
-3.4082836914e+02
-3.0114941406e+02
-2.6165164185e+02
-2.2293763733e+02
-1.8564077759e+02
-1.5033749390e+02
-1.1764434052e+02
-8.8055244446e+01
-6.2160614014e+01
-4.0268577576e+01
-2.3019102097e+01
-1.0245177269e+01
-3.0849614143e+00
0.0000000000e+00
