0.0000000000e+00
-3.1405892372e+00
-1.0418022156e+01
-2.3403211594e+01
-4.0936035156e+01
-6.3186927795e+01
-8.9503280640e+01
-1.1957209778e+02
-1.5279179382e+02
-1.8866067505e+02
-2.2655130005e+02
-2.6587863159e+02
-3.0599887085e+02
-3.4630075073e+02
-3.8615011597e+02
-4.2494815063e+02
-4.6209793091e+02
-4.9704351807e+02
-5.2925225830e+02
-5.5823901367e+02
-5.8356225586e+02
-6.0483453369e+02
-6.2173303223e+02
-6.3399053955e+02
-6.4141357422e+02
-6.4389556885e+02
-6.4141357422e+02
-6.3399053955e+02
-6.2173303223e+02
-6.0483453369e+02
-5.8356225586e+02
-5.5823901367e+02
-5.2925225830e+02
-4.9704351807e+02
-4.6209793091e+02
-4.2494815063e+02
-3.8615011597e+02
-3.4630075073e+02
-3.0599887085e+02
-2.6587863159e+02
-2.2655130005e+02
-1.8866067505e+02
-1.5279179382e+02
-1.1957209778e+02
-8.9503280640e+01
-6.3186927795e+01
-4.0936035156e+01
-2.3403211594e+01
-1.0418022156e+01
-3.1405892372e+00
0.0000000000e+00
