0.0000000000e+00
-3.2494869232e+00
-1.0756388664e+01
-2.4155073166e+01
-4.2242347717e+01
-6.5195297241e+01
-9.2336395264e+01
-1.2334312439e+02
-1.5759185791e+02
-1.9456578064e+02
-2.3361605835e+02
-2.7414093018e+02
-3.1547613525e+02
-3.5699377441e+02
-3.9804061890e+02
-4.3800183105e+02
-4.7626306152e+02
-5.1225335693e+02
-5.4542443848e+02
-5.7527758789e+02
-6.0135803223e+02
-6.2326702881e+02
-6.4067169189e+02
-6.5329669189e+02
-6.6094262695e+02
-6.6349938965e+02
-6.6094262695e+02
-6.5329669189e+02
-6.4067169189e+02
-6.2326702881e+02
-6.0135803223e+02
-5.7527758789e+02
-5.4542443848e+02
-5.1225335693e+02
-4.7626306152e+02
-4.3800183105e+02
-3.9804061890e+02
-3.5699377441e+02
-3.1547613525e+02
-2.7414093018e+02
-2.3361605835e+02
-1.9456578064e+02
-1.5759185791e+02
-1.2334312439e+02
-9.2336395264e+01
-6.5195297241e+01
-4.2242343903e+01
-2.4155073166e+01
-1.0756388664e+01
-3.2494869232e+00
0.0000000000e+00
