6.5646319389e+00
6.3800643921e+01
1.2077222443e+02
1.7680493164e+02
2.3175694275e+02
2.8517584229e+02
3.3679608154e+02
3.8624166870e+02
4.3325741577e+02
4.7750369263e+02
5.1875085449e+02
5.5671228027e+02
5.9118688965e+02
6.2195428467e+02
6.4885223389e+02
6.7173321533e+02
6.9048608398e+02
7.0503955078e+02
7.1534411621e+02
7.2140521240e+02
7.2324127197e+02
7.2093243408e+02
7.1456634521e+02
7.0429302979e+02
6.9026617432e+02
6.7269842529e+02
6.5180285645e+02
6.2784539795e+02
6.0108941650e+02
5.7184423828e+02
5.4041369629e+02
5.0714022827e+02
4.7235800171e+02
4.3643304443e+02
3.9972033691e+02
3.6260028076e+02
3.2543957520e+02
2.8862426758e+02
2.5252305603e+02
2.1751914978e+02
1.8397207642e+02
1.5225431824e+02
1.2270104218e+02
9.5669525146e+01
7.1445457458e+01
5.0381031036e+01
3.2657951355e+01
1.8682191849e+01
8.3987016678e+00
2.4435086250e+00
0.0000000000e+00
