-2.4004872131e+02
-2.6650021362e+02
-1.6361524658e+03
-6.5838537598e+02
9.7610595703e+01
1.7708400726e+01
-2.1341899109e+02
-2.6552850342e+02
-1.6870783691e+03
-7.1812707520e+02
9.1689941406e+01
2.1885709763e+01
-2.2258377075e+02
-2.5913009644e+02
-1.6664447021e+03
-7.0832873535e+02
8.7326133728e+01
1.2149250031e+01
-2.1462098694e+02
-2.5481852722e+02
-1.6524622803e+03
-7.0556506348e+02
8.7788597107e+01
1.6531352997e+01
-2.1668682861e+02
-2.4793350220e+02
-1.6426853027e+03
-7.0304937744e+02
8.9567253113e+01
1.7748157501e+01
-2.1525411987e+02
-2.4599917603e+02
-1.6369190674e+03
-7.0178576660e+02
9.0270751953e+01
1.9058982849e+01
-2.1525411987e+02
-2.4599917603e+02
-1.6369190674e+03
-7.0178576660e+02
9.0270751953e+01
1.9058982849e+01
-2.1668682861e+02
-2.4793350220e+02
-1.6426853027e+03
-7.0304937744e+02
8.9567253113e+01
1.7748157501e+01
-2.1462098694e+02
-2.5481852722e+02
-1.6524622803e+03
-7.0556506348e+02
8.7788597107e+01
1.6531352997e+01
-2.2258377075e+02
-2.5913009644e+02
-1.6664447021e+03
-7.0832873535e+02
8.7326133728e+01
1.2149250031e+01
-2.1341899109e+02
-2.6552850342e+02
-1.6870783691e+03
-7.1812707520e+02
9.1689941406e+01
2.1885709763e+01
-2.4004872131e+02
-2.6650021362e+02
-1.6361524658e+03
-6.5838537598e+02
9.7610595703e+01
1.7708400726e+01
-6.6116101074e+02
-1.1387810059e+03
-3.8741162109e+02
-4.2704812622e+02
-1.9691221619e+02
2.1902470398e+02
-6.4374377441e+02
-1.1061169434e+03
-3.9431307983e+02
-4.4398651123e+02
-2.0991508484e+02
2.0620687866e+02
-6.3158056641e+02
-1.1044699707e+03
-4.0131857300e+02
-4.4637347412e+02
-2.0897142029e+02
2.0687155151e+02
-6.3152630615e+02
-1.0998146973e+03
-3.9971994019e+02
-4.4242459106e+02
-2.0649578857e+02
2.0806527710e+02
-6.2884320068e+02
-1.0974429932e+03
-3.9870861816e+02
-4.3947885132e+02
-2.0406530762e+02
2.1124528503e+02
-6.2892700195e+02
-1.0954464111e+03
-3.9843734741e+02
-4.3804257202e+02
-2.0253509521e+02
2.1226757812e+02
-6.2892700195e+02
-1.0954464111e+03
-3.9843734741e+02
-4.3804257202e+02
-2.0253509521e+02
2.1226757812e+02
-6.2884320068e+02
-1.0974429932e+03
-3.9870861816e+02
-4.3947885132e+02
-2.0406530762e+02
2.1124528503e+02
-6.3152630615e+02
-1.0998146973e+03
-3.9971994019e+02
-4.4242459106e+02
-2.0649578857e+02
2.0806527710e+02
-6.3158056641e+02
-1.1044699707e+03
-4.0131857300e+02
-4.4637347412e+02
-2.0897142029e+02
2.0687155151e+02
-6.4374377441e+02
-1.1061169434e+03
-3.9431307983e+02
-4.4398651123e+02
-2.0991508484e+02
2.0620687866e+02
-6.6116101074e+02
-1.1387810059e+03
-3.8741162109e+02
-4.2704812622e+02
-1.9691221619e+02
2.1902470398e+02
-1.1791547852e+03
-7.0025360107e+02
-7.8893835449e+02
-3.7366571045e+02
-5.8226261139e+01
3.1895117188e+02
-1.1665283203e+03
-6.8186614990e+02
-7.3349163818e+02
-3.2502407837e+02
-3.9022373199e+01
3.2431097412e+02
-1.1649333496e+03
-6.6751867676e+02
-7.2162048340e+02
-3.1906582642e+02
-3.3003238678e+01
3.2298645020e+02
-1.1609418945e+03
-6.6629022217e+02
-7.1698455811e+02
-3.1437976074e+02
-2.9988151550e+01
3.2310852051e+02
-1.1608874512e+03
-6.6533612061e+02
-7.1450695801e+02
-3.1199398804e+02
-2.7546361923e+01
3.2187673950e+02
-1.1601831055e+03
-6.6555120850e+02
-7.1306286621e+02
-3.1044363403e+02
-2.6557243347e+01
3.2197583008e+02
-1.1601831055e+03
-6.6555120850e+02
-7.1306286621e+02
-3.1044363403e+02
-2.6557243347e+01
3.2197583008e+02
-1.1608874512e+03
-6.6533612061e+02
-7.1450695801e+02
-3.1199398804e+02
-2.7546361923e+01
3.2187673950e+02
-1.1609418945e+03
-6.6629022217e+02
-7.1698455811e+02
-3.1437976074e+02
-2.9988151550e+01
3.2310852051e+02
-1.1649333496e+03
-6.6751867676e+02
-7.2162048340e+02
-3.1906582642e+02
-3.3003238678e+01
3.2298645020e+02
-1.1665283203e+03
-6.8186614990e+02
-7.3349163818e+02
-3.2502407837e+02
-3.9022373199e+01
3.2431097412e+02
-1.1791547852e+03
-7.0025360107e+02
-7.8893835449e+02
-3.7366571045e+02
-5.8226261139e+01
3.1895117188e+02
-1.3133923340e+03
-1.1568195801e+03
-6.3468139648e+02
-3.2691183472e+02
1.2819081116e+02
5.3800372314e+02
-1.3117457275e+03
-1.1360570068e+03
-6.3958093262e+02
-3.2648367310e+02
1.4856346130e+02
5.4632611084e+02
-1.3080203857e+03
-1.1264683838e+03
-6.1720593262e+02
-3.0270230103e+02
1.6066458130e+02
5.5034887695e+02
-1.3070222168e+03
-1.1167592773e+03
-6.0772973633e+02
-2.9477627563e+02
1.6715486145e+02
5.5113842773e+02
-1.3057526855e+03
-1.1126536865e+03
-6.0241656494e+02
-2.8971185303e+02
1.6970449829e+02
5.5184796143e+02
-1.3056463623e+03
-1.1105325928e+03
-6.0058239746e+02
-2.8815896606e+02
1.7095079041e+02
5.5161383057e+02
-1.3056463623e+03
-1.1105325928e+03
-6.0058239746e+02
-2.8815896606e+02
1.7095079041e+02
5.5161383057e+02
-1.3057526855e+03
-1.1126536865e+03
-6.0241656494e+02
-2.8971185303e+02
1.6970449829e+02
5.5184796143e+02
-1.3070222168e+03
-1.1167592773e+03
-6.0772973633e+02
-2.9477627563e+02
1.6715486145e+02
5.5113842773e+02
-1.3080203857e+03
-1.1264683838e+03
-6.1720593262e+02
-3.0270230103e+02
1.6066458130e+02
5.5034887695e+02
-1.3117457275e+03
-1.1360570068e+03
-6.3958093262e+02
-3.2648367310e+02
1.4856346130e+02
5.4632611084e+02
-1.3133923340e+03
-1.1568195801e+03
-6.3468139648e+02
-3.2691183472e+02
1.2819081116e+02
5.3800372314e+02
-1.6720155029e+03
-1.1655743408e+03
-8.0004840088e+02
-2.5314958191e+02
2.4315835571e+02
8.7827832031e+02
-1.6617135010e+03
-1.1538984375e+03
-7.6667309570e+02
-2.2262266541e+02
2.5806689453e+02
8.8763867188e+02
-1.6603312988e+03
-1.1428879395e+03
-7.6301043701e+02
-2.1840292358e+02
2.6847973633e+02
8.9031427002e+02
-1.6588199463e+03
-1.1390008545e+03
-7.5275714111e+02
-2.0702008057e+02
2.7420355225e+02
8.9285290527e+02
-1.6583015137e+03
-1.1352229004e+03
-7.4798883057e+02
-2.0230499268e+02
2.7823995972e+02
8.9368640137e+02
-1.6578056641e+03
-1.1338953857e+03
-7.4522619629e+02
-1.9941471863e+02
2.7973159790e+02
8.9435003662e+02
-1.6578056641e+03
-1.1338953857e+03
-7.4522619629e+02
-1.9941471863e+02
2.7973159790e+02
8.9435003662e+02
-1.6583015137e+03
-1.1352229004e+03
-7.4798883057e+02
-2.0230499268e+02
2.7823995972e+02
8.9368640137e+02
-1.6588199463e+03
-1.1390008545e+03
-7.5275714111e+02
-2.0702008057e+02
2.7420355225e+02
8.9285290527e+02
-1.6603312988e+03
-1.1428879395e+03
-7.6301043701e+02
-2.1840292358e+02
2.6847973633e+02
8.9031427002e+02
-1.6617135010e+03
-1.1538984375e+03
-7.6667309570e+02
-2.2262266541e+02
2.5806689453e+02
8.8763867188e+02
-1.6720155029e+03
-1.1655743408e+03
-8.0004840088e+02
-2.5314958191e+02
2.4315835571e+02
8.7827832031e+02
-1.8937448730e+03
-1.4271383057e+03
-7.9539862061e+02
-2.1867434692e+02
4.6335046387e+02
1.1253977051e+03
-1.8855415039e+03
-1.4039770508e+03
-7.8606274414e+02
-2.0729885864e+02
4.8477691650e+02
1.1348068848e+03
-1.8834155273e+03
-1.3955360107e+03
-7.6548175049e+02
-1.8743504333e+02
4.9451730347e+02
1.1374687500e+03
-1.8823460693e+03
-1.3891594238e+03
-7.6028253174e+02
-1.8279556274e+02
5.0059268188e+02
1.1386354980e+03
-1.8821727295e+03
-1.3866575928e+03
-7.5515136719e+02
-1.7749635315e+02
5.0357556152e+02
1.1392558594e+03
-1.8821275635e+03
-1.3851442871e+03
-7.5347314453e+02
-1.7590515137e+02
5.0521408081e+02
1.1394234619e+03
-1.8821275635e+03
-1.3851442871e+03
-7.5347314453e+02
-1.7590515137e+02
5.0521408081e+02
1.1394234619e+03
-1.8821727295e+03
-1.3866575928e+03
-7.5515136719e+02
-1.7749635315e+02
5.0357556152e+02
1.1392558594e+03
-1.8823460693e+03
-1.3891594238e+03
-7.6028253174e+02
-1.8279556274e+02
5.0059268188e+02
1.1386354980e+03
-1.8834155273e+03
-1.3955360107e+03
-7.6548175049e+02
-1.8743504333e+02
4.9451730347e+02
1.1374687500e+03
-1.8855415039e+03
-1.4039770508e+03
-7.8606274414e+02
-2.0729885864e+02
4.8477691650e+02
1.1348068848e+03
-1.8937448730e+03
-1.4271383057e+03
-7.9539862061e+02
-2.1867434692e+02
4.6335046387e+02
1.1253977051e+03
-2.2102770996e+03
-1.5235596924e+03
-8.7808752441e+02
-1.3183786011e+02
6.0119958496e+02
1.4145397949e+03
-2.2055490723e+03
-1.5124953613e+03
-8.5555004883e+02
-1.1016638947e+02
6.1432263184e+02
1.4213345947e+03
-2.2028901367e+03
-1.5018594971e+03
-8.4960144043e+02
-1.0324704742e+02
6.2461425781e+02
1.4248864746e+03
-2.2021040039e+03
-1.4974423828e+03
-8.3922125244e+02
-9.2346351624e+01
6.2959954834e+02
1.4263620605e+03
-2.2015622559e+03
-1.4941616211e+03
-8.3597625732e+02
-8.9048645020e+01
6.3272985840e+02
1.4269859619e+03
-2.2014694824e+03
-1.4931362305e+03
-8.3372241211e+02
-8.6639503479e+01
6.3382348633e+02
1.4272138672e+03
-2.2014694824e+03
-1.4931362305e+03
-8.3372241211e+02
-8.6639503479e+01
6.3382348633e+02
1.4272138672e+03
-2.2015622559e+03
-1.4941616211e+03
-8.3597625732e+02
-8.9048645020e+01
6.3272985840e+02
1.4269859619e+03
-2.2021040039e+03
-1.4974423828e+03
-8.3922125244e+02
-9.2346351624e+01
6.2959954834e+02
1.4263620605e+03
-2.2028901367e+03
-1.5018594971e+03
-8.4960144043e+02
-1.0324704742e+02
6.2461425781e+02
1.4248864746e+03
-2.2055490723e+03
-1.5124953613e+03
-8.5555004883e+02
-1.1016638947e+02
6.1432263184e+02
1.4213345947e+03
-2.2102770996e+03
-1.5235596924e+03
-8.7808752441e+02
-1.3183786011e+02
6.0119958496e+02
1.4145397949e+03
-2.4570090332e+03
-1.7261451416e+03
-8.9776861572e+02
-8.5947151184e+01
7.9092718506e+02
1.6841104736e+03
-2.4502807617e+03
-1.7093717041e+03
-8.8665039062e+02
-7.4002494812e+01
8.0760900879e+02
1.6915794678e+03
-2.4511608887e+03
-1.7034166260e+03
-8.7223431396e+02
-6.0070320129e+01
8.1486291504e+02
1.6921345215e+03
-2.4505490723e+03
-1.6988414307e+03
-8.6828283691e+02
-5.6290737152e+01
8.1973937988e+02
1.6932835693e+03
-2.4509631348e+03
-1.6968577881e+03
-8.6347613525e+02
-5.1437908173e+01
8.2220892334e+02
1.6933757324e+03
-2.4509418945e+03
-1.6956707764e+03
-8.6217846680e+02
-5.0226089478e+01
8.2348687744e+02
1.6935002441e+03
-2.4509418945e+03
-1.6956707764e+03
-8.6217846680e+02
-5.0226089478e+01
8.2348687744e+02
1.6935002441e+03
-2.4509631348e+03
-1.6968577881e+03
-8.6347613525e+02
-5.1437908173e+01
8.2220892334e+02
1.6933757324e+03
-2.4505490723e+03
-1.6988414307e+03
-8.6828283691e+02
-5.6290737152e+01
8.1973937988e+02
1.6932835693e+03
-2.4511608887e+03
-1.7034166260e+03
-8.7223431396e+02
-6.0070320129e+01
8.1486291504e+02
1.6921345215e+03
-2.4502807617e+03
-1.7093717041e+03
-8.8665039062e+02
-7.4002494812e+01
8.0760900879e+02
1.6915794678e+03
-2.4570090332e+03
-1.7261451416e+03
-8.9776861572e+02
-8.5947151184e+01
7.9092718506e+02
1.6841104736e+03
-2.7494316406e+03
-1.8518503418e+03
-9.6265313721e+02
-9.0739107132e+00
9.5128002930e+02
1.9587355957e+03
-2.7477805176e+03
-1.8422453613e+03
-9.4767718506e+02
6.0368375778e+00
9.6235900879e+02
1.9631612549e+03
-2.7465974121e+03
-1.8347539062e+03
-9.4178717041e+02
1.2629781723e+01
9.7003271484e+02
1.9652424316e+03
-2.7477155762e+03
-1.8320957031e+03
-9.3439141846e+02
2.0399862289e+01
9.7326257324e+02
1.9649200439e+03
-2.7480109863e+03
-1.8301752930e+03
-9.3256640625e+02
2.2377431870e+01
9.7526031494e+02
1.9649144287e+03
-2.7484482422e+03
-1.8296436768e+03
-9.3087829590e+02
2.4204235077e+01
9.7594256592e+02
1.9646928711e+03
-2.7484482422e+03
-1.8296436768e+03
-9.3087829590e+02
2.4204235077e+01
9.7594256592e+02
1.9646928711e+03
-2.7480109863e+03
-1.8301752930e+03
-9.3256640625e+02
2.2377431870e+01
9.7526031494e+02
1.9649144287e+03
-2.7477155762e+03
-1.8320957031e+03
-9.3439141846e+02
2.0399862289e+01
9.7326257324e+02
1.9649200439e+03
-2.7465974121e+03
-1.8347539062e+03
-9.4178717041e+02
1.2629781723e+01
9.7003271484e+02
1.9652424316e+03
-2.7477805176e+03
-1.8422453613e+03
-9.4767718506e+02
6.0368375778e+00
9.6235900879e+02
1.9631612549e+03
-2.7494316406e+03
-1.8518503418e+03
-9.6265313721e+02
-9.0739107132e+00
9.5128002930e+02
1.9587355957e+03
-3.0047111816e+03
-2.0284344482e+03
-9.9038909912e+02
4.7100990295e+01
1.1253488770e+03
2.2292758789e+03
-3.0016696777e+03
-2.0177592773e+03
-9.8124475098e+02
5.6680595398e+01
1.1369232178e+03
2.2338056641e+03
-3.0045888672e+03
-2.0141263428e+03
-9.7222302246e+02
6.5663154602e+01
1.1417971191e+03
2.2327434082e+03
-3.0051604004e+03
-2.0115820312e+03
-9.6949969482e+02
6.8398979187e+01
1.1448168945e+03
2.2328823242e+03
-3.0065866699e+03
-2.0107407227e+03
-9.6626965332e+02
7.1699943542e+01
1.1460988770e+03
2.2319831543e+03
-3.0069948730e+03
-2.0102420654e+03
-9.6567437744e+02
7.2269073486e+01
1.1467103271e+03
2.2317209473e+03
-3.0069948730e+03
-2.0102420654e+03
-9.6567437744e+02
7.2269073486e+01
1.1467103271e+03
2.2317209473e+03
-3.0065866699e+03
-2.0107407227e+03
-9.6626965332e+02
7.1699943542e+01
1.1460988770e+03
2.2319831543e+03
-3.0051604004e+03
-2.0115820312e+03
-9.6949969482e+02
6.8398979187e+01
1.1448168945e+03
2.2328823242e+03
-3.0045888672e+03
-2.0141263428e+03
-9.7222302246e+02
6.5663154602e+01
1.1417971191e+03
2.2327434082e+03
-3.0016696777e+03
-2.0177592773e+03
-9.8124475098e+02
5.6680595398e+01
1.1369232178e+03
2.2338056641e+03
-3.0047111816e+03
-2.0284344482e+03
-9.9038909912e+02
4.7100990295e+01
1.1253488770e+03
2.2292758789e+03
-3.2800996094e+03
-2.1635432129e+03
-1.0430007324e+03
1.1759885406e+02
1.2904506836e+03
2.4942788086e+03
-3.2812993164e+03
-2.1572448730e+03
-1.0341273193e+03
1.2701894379e+02
1.2982265625e+03
2.4960612793e+03
-3.2827226562e+03
-2.1535126953e+03
-1.0300987549e+03
1.3154978943e+02
1.3026479492e+03
2.4959023438e+03
-3.2855224609e+03
-2.1528786621e+03
-1.0259819336e+03
1.3600346375e+02
1.3039943848e+03
2.4941169434e+03
-3.2867753906e+03
-2.1523435059e+03
-1.0253162842e+03
1.3682589722e+02
1.3047780762e+03
2.4933012695e+03
-3.2877187500e+03
-2.1523801270e+03
-1.0243754883e+03
1.3787483215e+02
1.3049257812e+03
2.4926037598e+03
-3.2877187500e+03
-2.1523801270e+03
-1.0243754883e+03
1.3787483215e+02
1.3049257812e+03
2.4926037598e+03
-3.2867753906e+03
-2.1523435059e+03
-1.0253162842e+03
1.3682589722e+02
1.3047780762e+03
2.4933012695e+03
-3.2855224609e+03
-2.1528786621e+03
-1.0259819336e+03
1.3600346375e+02
1.3039943848e+03
2.4941169434e+03
-3.2827226562e+03
-2.1535126953e+03
-1.0300987549e+03
1.3154978943e+02
1.3026479492e+03
2.4959023438e+03
-3.2812993164e+03
-2.1572448730e+03
-1.0341273193e+03
1.2701894379e+02
1.2982265625e+03
2.4960612793e+03
-3.2800996094e+03
-2.1635432129e+03
-1.0430007324e+03
1.1759885406e+02
1.2904506836e+03
2.4942788086e+03
-3.5326179199e+03
-2.3221040039e+03
-1.0742700195e+03
1.7815066528e+02
1.4557259521e+03
2.7559919434e+03
-3.5338229980e+03
-2.3171062012e+03
-1.0691241455e+03
1.8375947571e+02
1.4622696533e+03
2.7571577148e+03
-3.5386413574e+03
-2.3163110352e+03
-1.0648605957e+03
1.8829263306e+02
1.4643601074e+03
2.7544011230e+03
-3.5409453125e+03
-2.3161320801e+03
-1.0639410400e+03
1.8935522461e+02
1.4651804199e+03
2.7529775391e+03
-3.5434382324e+03
-2.3166586914e+03
-1.0626553955e+03
1.9077917480e+02
1.4651195068e+03
2.7510954590e+03
-3.5443647461e+03
-2.3168845215e+03
-1.0627376709e+03
1.9072100830e+02
1.4650521240e+03
2.7503779297e+03
-3.5443647461e+03
-2.3168845215e+03
-1.0627376709e+03
1.9072100830e+02
1.4650521240e+03
2.7503779297e+03
-3.5434382324e+03
-2.3166586914e+03
-1.0626553955e+03
1.9077917480e+02
1.4651195068e+03
2.7510954590e+03
-3.5409453125e+03
-2.3161320801e+03
-1.0639410400e+03
1.8935522461e+02
1.4651804199e+03
2.7529775391e+03
-3.5386413574e+03
-2.3163110352e+03
-1.0648605957e+03
1.8829263306e+02
1.4643601074e+03
2.7544011230e+03
-3.5338229980e+03
-2.3171062012e+03
-1.0691241455e+03
1.8375947571e+02
1.4622696533e+03
2.7571577148e+03
-3.5326179199e+03
-2.3221040039e+03
-1.0742700195e+03
1.7815066528e+02
1.4557259521e+03
2.7559919434e+03
-3.7902380371e+03
-2.4567292480e+03
-1.1174615479e+03
2.4424273682e+02
1.6161931152e+03
3.0088107910e+03
-3.7947758789e+03
-2.4550061035e+03
-1.1142609863e+03
2.4818606567e+02
1.6197360840e+03
3.0075644531e+03
-3.7991271973e+03
-2.4551503906e+03
-1.1132888184e+03
2.4962936401e+02
1.6207144775e+03
3.0049282227e+03
-3.8035190430e+03
-2.4567194824e+03
-1.1123748779e+03
2.5088810730e+02
1.6199970703e+03
3.0017348633e+03
-3.8059096680e+03
-2.4576948242e+03
-1.1130153809e+03
2.5040875244e+02
1.6194018555e+03
2.9998955078e+03
-3.8073886719e+03
-2.4584084473e+03
-1.1129755859e+03
2.5054623413e+02
1.6189047852e+03
2.9986962891e+03
-3.8073886719e+03
-2.4584084473e+03
-1.1129755859e+03
2.5054623413e+02
1.6189047852e+03
2.9986962891e+03
-3.8059096680e+03
-2.4576948242e+03
-1.1130153809e+03
2.5040875244e+02
1.6194018555e+03
2.9998955078e+03
-3.8035190430e+03
-2.4567194824e+03
-1.1123748779e+03
2.5088810730e+02
1.6199970703e+03
3.0017348633e+03
-3.7991271973e+03
-2.4551503906e+03
-1.1132888184e+03
2.4962936401e+02
1.6207144775e+03
3.0049282227e+03
-3.7947758789e+03
-2.4550061035e+03
-1.1142609863e+03
2.4818606567e+02
1.6197360840e+03
3.0075644531e+03
-3.7902380371e+03
-2.4567292480e+03
-1.1174615479e+03
2.4424273682e+02
1.6161931152e+03
3.0088107910e+03
-4.0305903320e+03
-2.5992751465e+03
-1.1487722168e+03
3.0476477051e+02
1.7718251953e+03
3.2546166992e+03
-4.0361030273e+03
-2.5998027344e+03
-1.1485718994e+03
3.0560659790e+02
1.7733793945e+03
3.2522556152e+03
-4.0430441895e+03
-2.6023208008e+03
-1.1487313232e+03
3.0591253662e+02
1.7723316650e+03
3.2475656738e+03
-4.0473308105e+03
-2.6046726074e+03
-1.1501093750e+03
3.0478640747e+02
1.7708078613e+03
3.2443703613e+03
-4.0508940430e+03
-2.6066665039e+03
-1.1508072510e+03
3.0428179932e+02
1.7693381348e+03
3.2415131836e+03
-4.0523950195e+03
-2.6076386719e+03
-1.1515919189e+03
3.0355523682e+02
1.7685698242e+03
3.2402756348e+03
-4.0523950195e+03
-2.6076386719e+03
-1.1515919189e+03
3.0355523682e+02
1.7685698242e+03
3.2402756348e+03
-4.0508940430e+03
-2.6066665039e+03
-1.1508072510e+03
3.0428179932e+02
1.7693381348e+03
3.2415131836e+03
-4.0473308105e+03
-2.6046726074e+03
-1.1501093750e+03
3.0478640747e+02
1.7708078613e+03
3.2443703613e+03
-4.0430441895e+03
-2.6023208008e+03
-1.1487313232e+03
3.0591253662e+02
1.7723316650e+03
3.2475656738e+03
-4.0361030273e+03
-2.5998027344e+03
-1.1485718994e+03
3.0560659790e+02
1.7733793945e+03
3.2522556152e+03
-4.0305903320e+03
-2.5992751465e+03
-1.1487722168e+03
3.0476477051e+02
1.7718251953e+03
3.2546166992e+03
-4.2662299805e+03
-2.7260612793e+03
-1.1844760742e+03
3.6609793091e+02
1.9215186768e+03
3.4887756348e+03
-4.2744545898e+03
-2.7294531250e+03
-1.1867805176e+03
3.6468365479e+02
1.9204235840e+03
3.4842795410e+03
-4.2816933594e+03
-2.7334223633e+03
-1.1894417725e+03
3.6256243896e+02
1.9179481201e+03
3.4791687012e+03
-4.2877031250e+03
-2.7373146973e+03
-1.1915782471e+03
3.6080551147e+02
1.9150485840e+03
3.4745122070e+03
-4.2913232422e+03
-2.7398647461e+03
-1.1937005615e+03
3.5886871338e+02
1.9129958496e+03
3.4715561523e+03
-4.2933417969e+03
-2.7412976074e+03
-1.1945887451e+03
3.5808203125e+02
1.9118151855e+03
3.4698591309e+03
-4.2933417969e+03
-2.7412976074e+03
-1.1945887451e+03
3.5808203125e+02
1.9118151855e+03
3.4698591309e+03
-4.2913232422e+03
-2.7398647461e+03
-1.1937005615e+03
3.5886871338e+02
1.9129958496e+03
3.4715561523e+03
-4.2877031250e+03
-2.7373146973e+03
-1.1915782471e+03
3.6080551147e+02
1.9150485840e+03
3.4745122070e+03
-4.2816933594e+03
-2.7334223633e+03
-1.1894417725e+03
3.6256243896e+02
1.9179481201e+03
3.4791687012e+03
-4.2744545898e+03
-2.7294531250e+03
-1.1867805176e+03
3.6468365479e+02
1.9204235840e+03
3.4842795410e+03
-4.2662299805e+03
-2.7260612793e+03
-1.1844760742e+03
3.6609793091e+02
1.9215186768e+03
3.4887756348e+03
-4.4853383789e+03
-2.8517209473e+03
-1.2132325439e+03
4.2310833740e+02
2.0632983398e+03
3.7113796387e+03
-4.4950146484e+03
-2.8576152344e+03
-1.2182269287e+03
4.1896575928e+02
2.0600002441e+03
3.7055322266e+03
-4.5042329102e+03
-2.8636196289e+03
-1.2225418701e+03
4.1525885010e+02
2.0557102051e+03
3.6987797852e+03
-4.5104995117e+03
-2.8684792480e+03
-1.2264399414e+03
4.1170666504e+02
2.0518645020e+03
3.6938212891e+03
-4.5151162109e+03
-2.8719531250e+03
-1.2290198975e+03
4.0935925293e+02
2.0489870605e+03
3.6899978027e+03
-4.5172104492e+03
-2.8736711426e+03
-1.2305391846e+03
4.0792346191e+02
2.0475168457e+03
3.6882172852e+03
-4.5172104492e+03
-2.8736711426e+03
-1.2305391846e+03
4.0792346191e+02
2.0475168457e+03
3.6882172852e+03
-4.5151162109e+03
-2.8719531250e+03
-1.2290198975e+03
4.0935925293e+02
2.0489870605e+03
3.6899978027e+03
-4.5104995117e+03
-2.8684792480e+03
-1.2264399414e+03
4.1170666504e+02
2.0518645020e+03
3.6938212891e+03
-4.5042329102e+03
-2.8636196289e+03
-1.2225418701e+03
4.1525885010e+02
2.0557102051e+03
3.6987797852e+03
-4.4950146484e+03
-2.8576152344e+03
-1.2182269287e+03
4.1896575928e+02
2.0600002441e+03
3.7055322266e+03
-4.4853383789e+03
-2.8517209473e+03
-1.2132325439e+03
4.2310833740e+02
2.0632983398e+03
3.7113796387e+03
-4.6926552734e+03
-2.9646042480e+03
-1.2424013672e+03
4.7799163818e+02
2.1966169434e+03
3.9189316406e+03
-4.7045917969e+03
-2.9730932617e+03
-1.2499304199e+03
4.7150119019e+02
2.1909343262e+03
3.9112148438e+03
-4.7145102539e+03
-2.9806848145e+03
-1.2563131104e+03
4.6576638794e+02
2.1851630859e+03
3.9037729492e+03
-4.7221318359e+03
-2.9868764648e+03
-1.2612703857e+03
4.6123806763e+02
2.1801079102e+03
3.8976489258e+03
-4.7269526367e+03
-2.9909538574e+03
-1.2649298096e+03
4.5779974365e+02
2.1766335449e+03
3.8936027832e+03
-4.7294873047e+03
-2.9930881348e+03
-1.2666889648e+03
4.5615151978e+02
2.1747861328e+03
3.8914296875e+03
-4.7294873047e+03
-2.9930881348e+03
-1.2666889648e+03
4.5615151978e+02
2.1747861328e+03
3.8914296875e+03
-4.7269526367e+03
-2.9909538574e+03
-1.2649298096e+03
4.5779974365e+02
2.1766335449e+03
3.8936027832e+03
-4.7221318359e+03
-2.9868764648e+03
-1.2612703857e+03
4.6123806763e+02
2.1801079102e+03
3.8976489258e+03
-4.7145102539e+03
-2.9806848145e+03
-1.2563131104e+03
4.6576638794e+02
2.1851630859e+03
3.9037729492e+03
-4.7045917969e+03
-2.9730932617e+03
-1.2499304199e+03
4.7150119019e+02
2.1909343262e+03
3.9112148438e+03
-4.6926552734e+03
-2.9646042480e+03
-1.2424013672e+03
4.7799163818e+02
2.1966169434e+03
3.9189316406e+03
-4.8816235352e+03
-3.0708405762e+03
-1.2668973389e+03
5.2834948730e+02
2.3191982422e+03
4.1104028320e+03
-4.8951162109e+03
-3.0817087402e+03
-1.2768244629e+03
5.1947253418e+02
2.3114179688e+03
4.1013237305e+03
-4.9065615234e+03
-3.0910498047e+03
-1.2849173584e+03
5.1210626221e+02
2.3040556641e+03
4.0925668945e+03
-4.9146425781e+03
-3.0982294922e+03
-1.2912791748e+03
5.0617105103e+02
2.2980590820e+03
4.0859897461e+03
-4.9202543945e+03
-3.1030996094e+03
-1.2955505371e+03
5.0216262817e+02
2.2938603516e+03
4.0812492676e+03
-4.9229082031e+03
-3.1055168457e+03
-1.2977886963e+03
5.0002874756e+02
2.2917326660e+03
4.0789553223e+03
-4.9229082031e+03
-3.1055168457e+03
-1.2977886963e+03
5.0002874756e+02
2.2917326660e+03
4.0789553223e+03
-4.9202543945e+03
-3.1030996094e+03
-1.2955505371e+03
5.0216262817e+02
2.2938603516e+03
4.0812492676e+03
-4.9146425781e+03
-3.0982294922e+03
-1.2912791748e+03
5.0617105103e+02
2.2980590820e+03
4.0859897461e+03
-4.9065615234e+03
-3.0910498047e+03
-1.2849173584e+03
5.1210626221e+02
2.3040556641e+03
4.0925668945e+03
-4.8951162109e+03
-3.0817087402e+03
-1.2768244629e+03
5.1947253418e+02
2.3114179688e+03
4.1013237305e+03
-4.8816235352e+03
-3.0708405762e+03
-1.2668973389e+03
5.2834948730e+02
2.3191982422e+03
4.1104028320e+03
-5.0532949219e+03
-3.1646577148e+03
-1.2897882080e+03
5.7451525879e+02
2.4305129395e+03
4.2830146484e+03
-5.0686313477e+03
-3.1777712402e+03
-1.3019760742e+03
5.6351226807e+02
2.4206855469e+03
4.2723706055e+03
-5.0808881836e+03
-3.1885830078e+03
-1.3117770996e+03
5.5447082520e+02
2.4119772949e+03
4.2628710938e+03
-5.0899990234e+03
-3.1968679199e+03
-1.3192044678e+03
5.4752545166e+02
2.4049648438e+03
4.2553911133e+03
-5.0958886719e+03
-3.2023117676e+03
-1.3243002930e+03
5.4268682861e+02
2.4002145996e+03
4.2503740234e+03
-5.0988891602e+03
-3.2050786133e+03
-1.3268189697e+03
5.4029016113e+02
2.3977663574e+03
4.2477709961e+03
-5.0988891602e+03
-3.2050786133e+03
-1.3268189697e+03
5.4029016113e+02
2.3977663574e+03
4.2477709961e+03
-5.0958886719e+03
-3.2023117676e+03
-1.3243002930e+03
5.4268682861e+02
2.4002145996e+03
4.2503740234e+03
-5.0899990234e+03
-3.1968679199e+03
-1.3192044678e+03
5.4752545166e+02
2.4049648438e+03
4.2553911133e+03
-5.0808881836e+03
-3.1885830078e+03
-1.3117770996e+03
5.5447082520e+02
2.4119772949e+03
4.2628710938e+03
-5.0686313477e+03
-3.1777712402e+03
-1.3019760742e+03
5.6351226807e+02
2.4206855469e+03
4.2723706055e+03
-5.0532949219e+03
-3.1646577148e+03
-1.2897882080e+03
5.7451525879e+02
2.4305129395e+03
4.2830146484e+03
-5.2037675781e+03
-3.2482402344e+03
-1.3089349365e+03
6.1532800293e+02
2.5284372559e+03
4.4353662109e+03
-5.2204965820e+03
-3.2633613281e+03
-1.3231081543e+03
6.0237341309e+02
2.5168381348e+03
4.4235307617e+03
-5.2338994141e+03
-3.2755910645e+03
-1.3343981934e+03
5.9190997314e+02
2.5068303223e+03
4.4130200195e+03
-5.2435058594e+03
-3.2847441406e+03
-1.3429171143e+03
5.8388378906e+02
2.4990021973e+03
4.4050756836e+03
-5.2499833984e+03
-3.2908203125e+03
-1.3486022949e+03
5.7848632812e+02
2.4936667480e+03
4.3995366211e+03
-5.2531162109e+03
-3.2938364258e+03
-1.3514757080e+03
5.7573388672e+02
2.4909760742e+03
4.3968041992e+03
-5.2531162109e+03
-3.2938364258e+03
-1.3514757080e+03
5.7573388672e+02
2.4909760742e+03
4.3968041992e+03
-5.2499833984e+03
-3.2908203125e+03
-1.3486022949e+03
5.7848632812e+02
2.4936667480e+03
4.3995366211e+03
-5.2435058594e+03
-3.2847441406e+03
-1.3429171143e+03
5.8388378906e+02
2.4990021973e+03
4.4050756836e+03
-5.2338994141e+03
-3.2755910645e+03
-1.3343981934e+03
5.9190997314e+02
2.5068303223e+03
4.4130200195e+03
-5.2204965820e+03
-3.2633613281e+03
-1.3231081543e+03
6.0237341309e+02
2.5168381348e+03
4.4235307617e+03
-5.2037675781e+03
-3.2482402344e+03
-1.3089349365e+03
6.1532800293e+02
2.5284372559e+03
4.4353662109e+03
-5.3326049805e+03
-3.3186604004e+03
-1.3254782715e+03
6.5040386963e+02
2.6124470215e+03
4.5652558594e+03
-5.3507216797e+03
-3.3355312500e+03
-1.3414256592e+03
6.3576824951e+02
2.5992634277e+03
4.5522309570e+03
-5.3648393555e+03
-3.3489372559e+03
-1.3540192871e+03
6.2402996826e+02
2.5881877441e+03
4.5410820312e+03
-5.3751791992e+03
-3.3589294434e+03
-1.3634194336e+03
6.1515905762e+02
2.5795830078e+03
4.5324858398e+03
-5.3819248047e+03
-3.3654750977e+03
-1.3697030029e+03
6.0916278076e+02
2.5738024902e+03
4.5266894531e+03
-5.3853051758e+03
-3.3687556152e+03
-1.3728240967e+03
6.0617370605e+02
2.5708666992e+03
4.5237353516e+03
-5.3853051758e+03
-3.3687556152e+03
-1.3728240967e+03
6.0617370605e+02
2.5708666992e+03
4.5237353516e+03
-5.3819248047e+03
-3.3654750977e+03
-1.3697030029e+03
6.0916278076e+02
2.5738024902e+03
4.5266894531e+03
-5.3751791992e+03
-3.3589294434e+03
-1.3634194336e+03
6.1515905762e+02
2.5795830078e+03
4.5324858398e+03
-5.3648393555e+03
-3.3489372559e+03
-1.3540192871e+03
6.2402996826e+02
2.5881877441e+03
4.5410820312e+03
-5.3507216797e+03
-3.3355312500e+03
-1.3414256592e+03
6.3576824951e+02
2.5992634277e+03
4.5522309570e+03
-5.3326049805e+03
-3.3186604004e+03
-1.3254782715e+03
6.5040386963e+02
2.6124470215e+03
4.5652558594e+03
-5.4373974609e+03
-3.3764519043e+03
-1.3385831299e+03
6.7918243408e+02
2.6808410645e+03
4.6713535156e+03
-5.4565498047e+03
-3.3947727051e+03
-1.3559561768e+03
6.6315484619e+02
2.6663771973e+03
4.6574487305e+03
-5.4714438477e+03
-3.4091862793e+03
-1.3696379395e+03
6.5037554932e+02
2.6543759766e+03
4.6456049805e+03
-5.4821860352e+03
-3.4198186035e+03
-1.3797977295e+03
6.4075756836e+02
2.6451740723e+03
4.6366406250e+03
-5.4893222656e+03
-3.4268068848e+03
-1.3865319824e+03
6.3432983398e+02
2.6389809570e+03
4.6304936523e+03
-5.4928144531e+03
-3.4302729492e+03
-1.3898920898e+03
6.3110284424e+02
2.6358666992e+03
4.6274331055e+03
-5.4928144531e+03
-3.4302729492e+03
-1.3898920898e+03
6.3110284424e+02
2.6358666992e+03
4.6274331055e+03
-5.4893222656e+03
-3.4268068848e+03
-1.3865319824e+03
6.3432983398e+02
2.6389809570e+03
4.6304936523e+03
-5.4821860352e+03
-3.4198186035e+03
-1.3797977295e+03
6.4075756836e+02
2.6451740723e+03
4.6366406250e+03
-5.4714438477e+03
-3.4091862793e+03
-1.3696379395e+03
6.5037554932e+02
2.6543759766e+03
4.6456049805e+03
-5.4565498047e+03
-3.3947727051e+03
-1.3559561768e+03
6.6315484619e+02
2.6663771973e+03
4.6574487305e+03
-5.4373974609e+03
-3.3764519043e+03
-1.3385831299e+03
6.7918243408e+02
2.6808410645e+03
4.6713535156e+03
-5.5173769531e+03
-3.4201318359e+03
-1.3486036377e+03
7.0114874268e+02
2.7331796875e+03
4.7521069336e+03
-5.5373969727e+03
-3.4395671387e+03
-1.3671077881e+03
6.8404534912e+02
2.7177102051e+03
4.7374545898e+03
-5.5527729492e+03
-3.4547377930e+03
-1.3816127930e+03
6.7046295166e+02
2.7050236816e+03
4.7251845703e+03
-5.5639575195e+03
-3.4658972168e+03
-1.3923476562e+03
6.6029113770e+02
2.6953320312e+03
4.7158227539e+03
-5.5712836914e+03
-3.4731921387e+03
-1.3994498291e+03
6.5349707031e+02
2.6888503418e+03
4.7094975586e+03
-5.5749238281e+03
-3.4768232422e+03
-1.4029764404e+03
6.5010961914e+02
2.6855822754e+03
4.7063027344e+03
-5.5749238281e+03
-3.4768232422e+03
-1.4029764404e+03
6.5010961914e+02
2.6855822754e+03
4.7063027344e+03
-5.5712836914e+03
-3.4731921387e+03
-1.3994498291e+03
6.5349707031e+02
2.6888503418e+03
4.7094975586e+03
-5.5639575195e+03
-3.4658972168e+03
-1.3923476562e+03
6.6029113770e+02
2.6953320312e+03
4.7158227539e+03
-5.5527729492e+03
-3.4547377930e+03
-1.3816127930e+03
6.7046295166e+02
2.7050236816e+03
4.7251845703e+03
-5.5373969727e+03
-3.4395671387e+03
-1.3671077881e+03
6.8404534912e+02
2.7177102051e+03
4.7374545898e+03
-5.5173769531e+03
-3.4201318359e+03
-1.3486036377e+03
7.0114874268e+02
2.7331796875e+03
4.7521069336e+03
-5.5711860352e+03
-3.4496909180e+03
-1.3552552490e+03
7.1603082275e+02
2.7683630371e+03
4.8065991211e+03
-5.5917558594e+03
-3.4698859863e+03
-1.3745053711e+03
6.9820166016e+02
2.7522229004e+03
4.7914814453e+03
-5.6075263672e+03
-3.4855810547e+03
-1.3895830078e+03
6.8407086182e+02
2.7390544434e+03
4.7788559570e+03
-5.6189331055e+03
-3.4970793457e+03
-1.4007098389e+03
6.7351483154e+02
2.7290478516e+03
4.7692924805e+03
-5.6264555664e+03
-3.5046027832e+03
-1.4080538330e+03
6.6648803711e+02
2.7223525391e+03
4.7627905273e+03
-5.6301586914e+03
-3.5083330078e+03
-1.4117017822e+03
6.6298040771e+02
2.7189899902e+03
4.7595366211e+03
-5.6301586914e+03
-3.5083330078e+03
-1.4117017822e+03
6.6298040771e+02
2.7189899902e+03
4.7595366211e+03
-5.6264555664e+03
-3.5046027832e+03
-1.4080538330e+03
6.6648803711e+02
2.7223525391e+03
4.7627905273e+03
-5.6189331055e+03
-3.4970793457e+03
-1.4007098389e+03
6.7351483154e+02
2.7290478516e+03
4.7692924805e+03
-5.6075263672e+03
-3.4855810547e+03
-1.3895830078e+03
6.8407086182e+02
2.7390544434e+03
4.7788559570e+03
-5.5917558594e+03
-3.4698859863e+03
-1.3745053711e+03
6.9820166016e+02
2.7522229004e+03
4.7914814453e+03
-5.5711860352e+03
-3.4496909180e+03
-1.3552552490e+03
7.1603082275e+02
2.7683630371e+03
4.8065991211e+03
-5.5983129883e+03
-3.4644960938e+03
-1.3586136475e+03
7.2351269531e+02
2.7861450195e+03
4.8340078125e+03
-5.6191787109e+03
-3.4850739746e+03
-1.3782521973e+03
7.0531365967e+02
2.7696601562e+03
4.8186352539e+03
-5.6351186523e+03
-3.5010302734e+03
-1.3936116943e+03
6.9090820312e+02
2.7562558594e+03
4.8058608398e+03
-5.6466733398e+03
-3.5127084961e+03
-1.4049377441e+03
6.8015997314e+02
2.7460820312e+03
4.7961635742e+03
-5.6542636719e+03
-3.5203383789e+03
-1.4124063721e+03
6.7300946045e+02
2.7392868652e+03
4.7895981445e+03
-5.6580161133e+03
-3.5241247559e+03
-1.4161127930e+03
6.6944531250e+02
2.7358715820e+03
4.7862993164e+03
-5.6580161133e+03
-3.5241247559e+03
-1.4161127930e+03
6.6944531250e+02
2.7358715820e+03
4.7862993164e+03
-5.6542636719e+03
-3.5203383789e+03
-1.4124063721e+03
6.7300946045e+02
2.7392868652e+03
4.7895981445e+03
-5.6466733398e+03
-3.5127084961e+03
-1.4049377441e+03
6.8015997314e+02
2.7460820312e+03
4.7961635742e+03
-5.6351186523e+03
-3.5010302734e+03
-1.3936116943e+03
6.9090820312e+02
2.7562558594e+03
4.8058608398e+03
-5.6191787109e+03
-3.4850739746e+03
-1.3782521973e+03
7.0531365967e+02
2.7696601562e+03
4.8186352539e+03
-5.5983129883e+03
-3.4644960938e+03
-1.3586136475e+03
7.2351269531e+02
2.7861450195e+03
4.8340078125e+03
-5.5983129883e+03
-3.4644960938e+03
-1.3586136475e+03
7.2351269531e+02
2.7861450195e+03
4.8340078125e+03
-5.6191787109e+03
-3.4850739746e+03
-1.3782521973e+03
7.0531365967e+02
2.7696601562e+03
4.8186352539e+03
-5.6351186523e+03
-3.5010302734e+03
-1.3936116943e+03
6.9090820312e+02
2.7562558594e+03
4.8058608398e+03
-5.6466733398e+03
-3.5127084961e+03
-1.4049377441e+03
6.8015997314e+02
2.7460820312e+03
4.7961635742e+03
-5.6542636719e+03
-3.5203383789e+03
-1.4124063721e+03
6.7300946045e+02
2.7392868652e+03
4.7895981445e+03
-5.6580161133e+03
-3.5241247559e+03
-1.4161127930e+03
6.6944531250e+02
2.7358715820e+03
4.7862993164e+03
-5.6580161133e+03
-3.5241247559e+03
-1.4161127930e+03
6.6944531250e+02
2.7358715820e+03
4.7862993164e+03
-5.6542636719e+03
-3.5203383789e+03
-1.4124063721e+03
6.7300946045e+02
2.7392868652e+03
4.7895981445e+03
-5.6466733398e+03
-3.5127084961e+03
-1.4049377441e+03
6.8015997314e+02
2.7460820312e+03
4.7961635742e+03
-5.6351186523e+03
-3.5010302734e+03
-1.3936116943e+03
6.9090820312e+02
2.7562558594e+03
4.8058608398e+03
-5.6191787109e+03
-3.4850739746e+03
-1.3782521973e+03
7.0531365967e+02
2.7696601562e+03
4.8186352539e+03
-5.5983129883e+03
-3.4644960938e+03
-1.3586136475e+03
7.2351269531e+02
2.7861450195e+03
4.8340078125e+03
-5.5711860352e+03
-3.4496909180e+03
-1.3552552490e+03
7.1603082275e+02
2.7683630371e+03
4.8065991211e+03
-5.5917558594e+03
-3.4698859863e+03
-1.3745053711e+03
6.9820166016e+02
2.7522229004e+03
4.7914814453e+03
-5.6075263672e+03
-3.4855810547e+03
-1.3895830078e+03
6.8407086182e+02
2.7390544434e+03
4.7788559570e+03
-5.6189331055e+03
-3.4970793457e+03
-1.4007098389e+03
6.7351483154e+02
2.7290478516e+03
4.7692924805e+03
-5.6264555664e+03
-3.5046027832e+03
-1.4080538330e+03
6.6648803711e+02
2.7223525391e+03
4.7627905273e+03
-5.6301586914e+03
-3.5083330078e+03
-1.4117017822e+03
6.6298040771e+02
2.7189899902e+03
4.7595366211e+03
-5.6301586914e+03
-3.5083330078e+03
-1.4117017822e+03
6.6298040771e+02
2.7189899902e+03
4.7595366211e+03
-5.6264555664e+03
-3.5046027832e+03
-1.4080538330e+03
6.6648803711e+02
2.7223525391e+03
4.7627905273e+03
-5.6189331055e+03
-3.4970793457e+03
-1.4007098389e+03
6.7351483154e+02
2.7290478516e+03
4.7692924805e+03
-5.6075263672e+03
-3.4855810547e+03
-1.3895830078e+03
6.8407086182e+02
2.7390544434e+03
4.7788559570e+03
-5.5917558594e+03
-3.4698859863e+03
-1.3745053711e+03
6.9820166016e+02
2.7522229004e+03
4.7914814453e+03
-5.5711860352e+03
-3.4496909180e+03
-1.3552552490e+03
7.1603082275e+02
2.7683630371e+03
4.8065991211e+03
-5.5173769531e+03
-3.4201318359e+03
-1.3486036377e+03
7.0114874268e+02
2.7331796875e+03
4.7521069336e+03
-5.5373969727e+03
-3.4395671387e+03
-1.3671077881e+03
6.8404534912e+02
2.7177102051e+03
4.7374545898e+03
-5.5527729492e+03
-3.4547377930e+03
-1.3816127930e+03
6.7046295166e+02
2.7050236816e+03
4.7251845703e+03
-5.5639575195e+03
-3.4658972168e+03
-1.3923476562e+03
6.6029113770e+02
2.6953320312e+03
4.7158227539e+03
-5.5712836914e+03
-3.4731921387e+03
-1.3994498291e+03
6.5349707031e+02
2.6888503418e+03
4.7094975586e+03
-5.5749238281e+03
-3.4768232422e+03
-1.4029764404e+03
6.5010961914e+02
2.6855822754e+03
4.7063027344e+03
-5.5749238281e+03
-3.4768232422e+03
-1.4029764404e+03
6.5010961914e+02
2.6855822754e+03
4.7063027344e+03
-5.5712836914e+03
-3.4731921387e+03
-1.3994498291e+03
6.5349707031e+02
2.6888503418e+03
4.7094975586e+03
-5.5639575195e+03
-3.4658972168e+03
-1.3923476562e+03
6.6029113770e+02
2.6953320312e+03
4.7158227539e+03
-5.5527729492e+03
-3.4547377930e+03
-1.3816127930e+03
6.7046295166e+02
2.7050236816e+03
4.7251845703e+03
-5.5373969727e+03
-3.4395671387e+03
-1.3671077881e+03
6.8404534912e+02
2.7177102051e+03
4.7374545898e+03
-5.5173769531e+03
-3.4201318359e+03
-1.3486036377e+03
7.0114874268e+02
2.7331796875e+03
4.7521069336e+03
-5.4373974609e+03
-3.3764519043e+03
-1.3385831299e+03
6.7918243408e+02
2.6808410645e+03
4.6713535156e+03
-5.4565498047e+03
-3.3947727051e+03
-1.3559561768e+03
6.6315484619e+02
2.6663771973e+03
4.6574487305e+03
-5.4714438477e+03
-3.4091862793e+03
-1.3696379395e+03
6.5037554932e+02
2.6543759766e+03
4.6456049805e+03
-5.4821860352e+03
-3.4198186035e+03
-1.3797977295e+03
6.4075756836e+02
2.6451740723e+03
4.6366406250e+03
-5.4893222656e+03
-3.4268068848e+03
-1.3865319824e+03
6.3432983398e+02
2.6389809570e+03
4.6304936523e+03
-5.4928144531e+03
-3.4302729492e+03
-1.3898920898e+03
6.3110284424e+02
2.6358666992e+03
4.6274331055e+03
-5.4928144531e+03
-3.4302729492e+03
-1.3898920898e+03
6.3110284424e+02
2.6358666992e+03
4.6274331055e+03
-5.4893222656e+03
-3.4268068848e+03
-1.3865319824e+03
6.3432983398e+02
2.6389809570e+03
4.6304936523e+03
-5.4821860352e+03
-3.4198186035e+03
-1.3797977295e+03
6.4075756836e+02
2.6451740723e+03
4.6366406250e+03
-5.4714438477e+03
-3.4091862793e+03
-1.3696379395e+03
6.5037554932e+02
2.6543759766e+03
4.6456049805e+03
-5.4565498047e+03
-3.3947727051e+03
-1.3559561768e+03
6.6315484619e+02
2.6663771973e+03
4.6574487305e+03
-5.4373974609e+03
-3.3764519043e+03
-1.3385831299e+03
6.7918243408e+02
2.6808410645e+03
4.6713535156e+03
-5.3326049805e+03
-3.3186604004e+03
-1.3254782715e+03
6.5040386963e+02
2.6124470215e+03
4.5652558594e+03
-5.3507216797e+03
-3.3355312500e+03
-1.3414256592e+03
6.3576824951e+02
2.5992634277e+03
4.5522309570e+03
-5.3648393555e+03
-3.3489372559e+03
-1.3540192871e+03
6.2402996826e+02
2.5881877441e+03
4.5410820312e+03
-5.3751791992e+03
-3.3589294434e+03
-1.3634194336e+03
6.1515905762e+02
2.5795830078e+03
4.5324858398e+03
-5.3819248047e+03
-3.3654750977e+03
-1.3697030029e+03
6.0916278076e+02
2.5738024902e+03
4.5266894531e+03
-5.3853051758e+03
-3.3687556152e+03
-1.3728240967e+03
6.0617370605e+02
2.5708666992e+03
4.5237353516e+03
-5.3853051758e+03
-3.3687556152e+03
-1.3728240967e+03
6.0617370605e+02
2.5708666992e+03
4.5237353516e+03
-5.3819248047e+03
-3.3654750977e+03
-1.3697030029e+03
6.0916278076e+02
2.5738024902e+03
4.5266894531e+03
-5.3751791992e+03
-3.3589294434e+03
-1.3634194336e+03
6.1515905762e+02
2.5795830078e+03
4.5324858398e+03
-5.3648393555e+03
-3.3489372559e+03
-1.3540192871e+03
6.2402996826e+02
2.5881877441e+03
4.5410820312e+03
-5.3507216797e+03
-3.3355312500e+03
-1.3414256592e+03
6.3576824951e+02
2.5992634277e+03
4.5522309570e+03
-5.3326049805e+03
-3.3186604004e+03
-1.3254782715e+03
6.5040386963e+02
2.6124470215e+03
4.5652558594e+03
-5.2037675781e+03
-3.2482402344e+03
-1.3089349365e+03
6.1532800293e+02
2.5284372559e+03
4.4353662109e+03
-5.2204965820e+03
-3.2633613281e+03
-1.3231081543e+03
6.0237341309e+02
2.5168381348e+03
4.4235307617e+03
-5.2338994141e+03
-3.2755910645e+03
-1.3343981934e+03
5.9190997314e+02
2.5068303223e+03
4.4130200195e+03
-5.2435058594e+03
-3.2847441406e+03
-1.3429171143e+03
5.8388378906e+02
2.4990021973e+03
4.4050756836e+03
-5.2499833984e+03
-3.2908203125e+03
-1.3486022949e+03
5.7848632812e+02
2.4936667480e+03
4.3995366211e+03
-5.2531162109e+03
-3.2938364258e+03
-1.3514757080e+03
5.7573388672e+02
2.4909760742e+03
4.3968041992e+03
-5.2531162109e+03
-3.2938364258e+03
-1.3514757080e+03
5.7573388672e+02
2.4909760742e+03
4.3968041992e+03
-5.2499833984e+03
-3.2908203125e+03
-1.3486022949e+03
5.7848632812e+02
2.4936667480e+03
4.3995366211e+03
-5.2435058594e+03
-3.2847441406e+03
-1.3429171143e+03
5.8388378906e+02
2.4990021973e+03
4.4050756836e+03
-5.2338994141e+03
-3.2755910645e+03
-1.3343981934e+03
5.9190997314e+02
2.5068303223e+03
4.4130200195e+03
-5.2204965820e+03
-3.2633613281e+03
-1.3231081543e+03
6.0237341309e+02
2.5168381348e+03
4.4235307617e+03
-5.2037675781e+03
-3.2482402344e+03
-1.3089349365e+03
6.1532800293e+02
2.5284372559e+03
4.4353662109e+03
-5.0532949219e+03
-3.1646577148e+03
-1.2897882080e+03
5.7451525879e+02
2.4305129395e+03
4.2830146484e+03
-5.0686313477e+03
-3.1777712402e+03
-1.3019760742e+03
5.6351226807e+02
2.4206855469e+03
4.2723706055e+03
-5.0808881836e+03
-3.1885830078e+03
-1.3117770996e+03
5.5447082520e+02
2.4119772949e+03
4.2628710938e+03
-5.0899990234e+03
-3.1968679199e+03
-1.3192044678e+03
5.4752545166e+02
2.4049648438e+03
4.2553911133e+03
-5.0958886719e+03
-3.2023117676e+03
-1.3243002930e+03
5.4268682861e+02
2.4002145996e+03
4.2503740234e+03
-5.0988891602e+03
-3.2050786133e+03
-1.3268189697e+03
5.4029016113e+02
2.3977663574e+03
4.2477709961e+03
-5.0988891602e+03
-3.2050786133e+03
-1.3268189697e+03
5.4029016113e+02
2.3977663574e+03
4.2477709961e+03
-5.0958886719e+03
-3.2023117676e+03
-1.3243002930e+03
5.4268682861e+02
2.4002145996e+03
4.2503740234e+03
-5.0899990234e+03
-3.1968679199e+03
-1.3192044678e+03
5.4752545166e+02
2.4049648438e+03
4.2553911133e+03
-5.0808881836e+03
-3.1885830078e+03
-1.3117770996e+03
5.5447082520e+02
2.4119772949e+03
4.2628710938e+03
-5.0686313477e+03
-3.1777712402e+03
-1.3019760742e+03
5.6351226807e+02
2.4206855469e+03
4.2723706055e+03
-5.0532949219e+03
-3.1646577148e+03
-1.2897882080e+03
5.7451525879e+02
2.4305129395e+03
4.2830146484e+03
-4.8816235352e+03
-3.0708405762e+03
-1.2668973389e+03
5.2834948730e+02
2.3191982422e+03
4.1104028320e+03
-4.8951162109e+03
-3.0817087402e+03
-1.2768244629e+03
5.1947253418e+02
2.3114179688e+03
4.1013237305e+03
-4.9065615234e+03
-3.0910498047e+03
-1.2849173584e+03
5.1210626221e+02
2.3040556641e+03
4.0925668945e+03
-4.9146425781e+03
-3.0982294922e+03
-1.2912791748e+03
5.0617105103e+02
2.2980590820e+03
4.0859897461e+03
-4.9202543945e+03
-3.1030996094e+03
-1.2955505371e+03
5.0216262817e+02
2.2938603516e+03
4.0812492676e+03
-4.9229082031e+03
-3.1055168457e+03
-1.2977886963e+03
5.0002874756e+02
2.2917326660e+03
4.0789553223e+03
-4.9229082031e+03
-3.1055168457e+03
-1.2977886963e+03
5.0002874756e+02
2.2917326660e+03
4.0789553223e+03
-4.9202543945e+03
-3.1030996094e+03
-1.2955505371e+03
5.0216262817e+02
2.2938603516e+03
4.0812492676e+03
-4.9146425781e+03
-3.0982294922e+03
-1.2912791748e+03
5.0617105103e+02
2.2980590820e+03
4.0859897461e+03
-4.9065615234e+03
-3.0910498047e+03
-1.2849173584e+03
5.1210626221e+02
2.3040556641e+03
4.0925668945e+03
-4.8951162109e+03
-3.0817087402e+03
-1.2768244629e+03
5.1947253418e+02
2.3114179688e+03
4.1013237305e+03
-4.8816235352e+03
-3.0708405762e+03
-1.2668973389e+03
5.2834948730e+02
2.3191982422e+03
4.1104028320e+03
-4.6926552734e+03
-2.9646042480e+03
-1.2424013672e+03
4.7799163818e+02
2.1966169434e+03
3.9189316406e+03
-4.7045917969e+03
-2.9730932617e+03
-1.2499304199e+03
4.7150119019e+02
2.1909343262e+03
3.9112148438e+03
-4.7145102539e+03
-2.9806848145e+03
-1.2563131104e+03
4.6576638794e+02
2.1851630859e+03
3.9037729492e+03
-4.7221318359e+03
-2.9868764648e+03
-1.2612703857e+03
4.6123806763e+02
2.1801079102e+03
3.8976489258e+03
-4.7269526367e+03
-2.9909538574e+03
-1.2649298096e+03
4.5779974365e+02
2.1766335449e+03
3.8936027832e+03
-4.7294873047e+03
-2.9930881348e+03
-1.2666889648e+03
4.5615151978e+02
2.1747861328e+03
3.8914296875e+03
-4.7294873047e+03
-2.9930881348e+03
-1.2666889648e+03
4.5615151978e+02
2.1747861328e+03
3.8914296875e+03
-4.7269526367e+03
-2.9909538574e+03
-1.2649298096e+03
4.5779974365e+02
2.1766335449e+03
3.8936027832e+03
-4.7221318359e+03
-2.9868764648e+03
-1.2612703857e+03
4.6123806763e+02
2.1801079102e+03
3.8976489258e+03
-4.7145102539e+03
-2.9806848145e+03
-1.2563131104e+03
4.6576638794e+02
2.1851630859e+03
3.9037729492e+03
-4.7045917969e+03
-2.9730932617e+03
-1.2499304199e+03
4.7150119019e+02
2.1909343262e+03
3.9112148438e+03
-4.6926552734e+03
-2.9646042480e+03
-1.2424013672e+03
4.7799163818e+02
2.1966169434e+03
3.9189316406e+03
-4.4853383789e+03
-2.8517209473e+03
-1.2132325439e+03
4.2310833740e+02
2.0632983398e+03
3.7113796387e+03
-4.4950146484e+03
-2.8576152344e+03
-1.2182269287e+03
4.1896575928e+02
2.0600002441e+03
3.7055322266e+03
-4.5042329102e+03
-2.8636196289e+03
-1.2225418701e+03
4.1525885010e+02
2.0557102051e+03
3.6987797852e+03
-4.5104995117e+03
-2.8684792480e+03
-1.2264399414e+03
4.1170666504e+02
2.0518645020e+03
3.6938212891e+03
-4.5151162109e+03
-2.8719531250e+03
-1.2290198975e+03
4.0935925293e+02
2.0489870605e+03
3.6899978027e+03
-4.5172104492e+03
-2.8736711426e+03
-1.2305391846e+03
4.0792346191e+02
2.0475168457e+03
3.6882172852e+03
-4.5172104492e+03
-2.8736711426e+03
-1.2305391846e+03
4.0792346191e+02
2.0475168457e+03
3.6882172852e+03
-4.5151162109e+03
-2.8719531250e+03
-1.2290198975e+03
4.0935925293e+02
2.0489870605e+03
3.6899978027e+03
-4.5104995117e+03
-2.8684792480e+03
-1.2264399414e+03
4.1170666504e+02
2.0518645020e+03
3.6938212891e+03
-4.5042329102e+03
-2.8636196289e+03
-1.2225418701e+03
4.1525885010e+02
2.0557102051e+03
3.6987797852e+03
-4.4950146484e+03
-2.8576152344e+03
-1.2182269287e+03
4.1896575928e+02
2.0600002441e+03
3.7055322266e+03
-4.4853383789e+03
-2.8517209473e+03
-1.2132325439e+03
4.2310833740e+02
2.0632983398e+03
3.7113796387e+03
-4.2662299805e+03
-2.7260612793e+03
-1.1844760742e+03
3.6609793091e+02
1.9215186768e+03
3.4887756348e+03
-4.2744545898e+03
-2.7294531250e+03
-1.1867805176e+03
3.6468365479e+02
1.9204235840e+03
3.4842795410e+03
-4.2816933594e+03
-2.7334223633e+03
-1.1894417725e+03
3.6256243896e+02
1.9179481201e+03
3.4791687012e+03
-4.2877031250e+03
-2.7373146973e+03
-1.1915782471e+03
3.6080551147e+02
1.9150485840e+03
3.4745122070e+03
-4.2913232422e+03
-2.7398647461e+03
-1.1937005615e+03
3.5886871338e+02
1.9129958496e+03
3.4715561523e+03
-4.2933417969e+03
-2.7412976074e+03
-1.1945887451e+03
3.5808203125e+02
1.9118151855e+03
3.4698591309e+03
-4.2933417969e+03
-2.7412976074e+03
-1.1945887451e+03
3.5808203125e+02
1.9118151855e+03
3.4698591309e+03
-4.2913232422e+03
-2.7398647461e+03
-1.1937005615e+03
3.5886871338e+02
1.9129958496e+03
3.4715561523e+03
-4.2877031250e+03
-2.7373146973e+03
-1.1915782471e+03
3.6080551147e+02
1.9150485840e+03
3.4745122070e+03
-4.2816933594e+03
-2.7334223633e+03
-1.1894417725e+03
3.6256243896e+02
1.9179481201e+03
3.4791687012e+03
-4.2744545898e+03
-2.7294531250e+03
-1.1867805176e+03
3.6468365479e+02
1.9204235840e+03
3.4842795410e+03
-4.2662299805e+03
-2.7260612793e+03
-1.1844760742e+03
3.6609793091e+02
1.9215186768e+03
3.4887756348e+03
-4.0305903320e+03
-2.5992751465e+03
-1.1487722168e+03
3.0476477051e+02
1.7718251953e+03
3.2546166992e+03
-4.0361030273e+03
-2.5998027344e+03
-1.1485718994e+03
3.0560659790e+02
1.7733793945e+03
3.2522556152e+03
-4.0430441895e+03
-2.6023208008e+03
-1.1487313232e+03
3.0591253662e+02
1.7723316650e+03
3.2475656738e+03
-4.0473308105e+03
-2.6046726074e+03
-1.1501093750e+03
3.0478640747e+02
1.7708078613e+03
3.2443703613e+03
-4.0508940430e+03
-2.6066665039e+03
-1.1508072510e+03
3.0428179932e+02
1.7693381348e+03
3.2415131836e+03
-4.0523950195e+03
-2.6076386719e+03
-1.1515919189e+03
3.0355523682e+02
1.7685698242e+03
3.2402756348e+03
-4.0523950195e+03
-2.6076386719e+03
-1.1515919189e+03
3.0355523682e+02
1.7685698242e+03
3.2402756348e+03
-4.0508940430e+03
-2.6066665039e+03
-1.1508072510e+03
3.0428179932e+02
1.7693381348e+03
3.2415131836e+03
-4.0473308105e+03
-2.6046726074e+03
-1.1501093750e+03
3.0478640747e+02
1.7708078613e+03
3.2443703613e+03
-4.0430441895e+03
-2.6023208008e+03
-1.1487313232e+03
3.0591253662e+02
1.7723316650e+03
3.2475656738e+03
-4.0361030273e+03
-2.5998027344e+03
-1.1485718994e+03
3.0560659790e+02
1.7733793945e+03
3.2522556152e+03
-4.0305903320e+03
-2.5992751465e+03
-1.1487722168e+03
3.0476477051e+02
1.7718251953e+03
3.2546166992e+03
-3.7902380371e+03
-2.4567292480e+03
-1.1174615479e+03
2.4424273682e+02
1.6161931152e+03
3.0088107910e+03
-3.7947758789e+03
-2.4550061035e+03
-1.1142609863e+03
2.4818606567e+02
1.6197360840e+03
3.0075644531e+03
-3.7991271973e+03
-2.4551503906e+03
-1.1132888184e+03
2.4962936401e+02
1.6207144775e+03
3.0049282227e+03
-3.8035190430e+03
-2.4567194824e+03
-1.1123748779e+03
2.5088810730e+02
1.6199970703e+03
3.0017348633e+03
-3.8059096680e+03
-2.4576948242e+03
-1.1130153809e+03
2.5040875244e+02
1.6194018555e+03
2.9998955078e+03
-3.8073886719e+03
-2.4584084473e+03
-1.1129755859e+03
2.5054623413e+02
1.6189047852e+03
2.9986962891e+03
-3.8073886719e+03
-2.4584084473e+03
-1.1129755859e+03
2.5054623413e+02
1.6189047852e+03
2.9986962891e+03
-3.8059096680e+03
-2.4576948242e+03
-1.1130153809e+03
2.5040875244e+02
1.6194018555e+03
2.9998955078e+03
-3.8035190430e+03
-2.4567194824e+03
-1.1123748779e+03
2.5088810730e+02
1.6199970703e+03
3.0017348633e+03
-3.7991271973e+03
-2.4551503906e+03
-1.1132888184e+03
2.4962936401e+02
1.6207144775e+03
3.0049282227e+03
-3.7947758789e+03
-2.4550061035e+03
-1.1142609863e+03
2.4818606567e+02
1.6197360840e+03
3.0075644531e+03
-3.7902380371e+03
-2.4567292480e+03
-1.1174615479e+03
2.4424273682e+02
1.6161931152e+03
3.0088107910e+03
-3.5326179199e+03
-2.3221040039e+03
-1.0742700195e+03
1.7815066528e+02
1.4557259521e+03
2.7559919434e+03
-3.5338229980e+03
-2.3171062012e+03
-1.0691241455e+03
1.8375947571e+02
1.4622696533e+03
2.7571577148e+03
-3.5386413574e+03
-2.3163110352e+03
-1.0648605957e+03
1.8829263306e+02
1.4643601074e+03
2.7544011230e+03
-3.5409453125e+03
-2.3161320801e+03
-1.0639410400e+03
1.8935522461e+02
1.4651804199e+03
2.7529775391e+03
-3.5434382324e+03
-2.3166586914e+03
-1.0626553955e+03
1.9077917480e+02
1.4651195068e+03
2.7510954590e+03
-3.5443647461e+03
-2.3168845215e+03
-1.0627376709e+03
1.9072100830e+02
1.4650521240e+03
2.7503779297e+03
-3.5443647461e+03
-2.3168845215e+03
-1.0627376709e+03
1.9072100830e+02
1.4650521240e+03
2.7503779297e+03
-3.5434382324e+03
-2.3166586914e+03
-1.0626553955e+03
1.9077917480e+02
1.4651195068e+03
2.7510954590e+03
-3.5409453125e+03
-2.3161320801e+03
-1.0639410400e+03
1.8935522461e+02
1.4651804199e+03
2.7529775391e+03
-3.5386413574e+03
-2.3163110352e+03
-1.0648605957e+03
1.8829263306e+02
1.4643601074e+03
2.7544011230e+03
-3.5338229980e+03
-2.3171062012e+03
-1.0691241455e+03
1.8375947571e+02
1.4622696533e+03
2.7571577148e+03
-3.5326179199e+03
-2.3221040039e+03
-1.0742700195e+03
1.7815066528e+02
1.4557259521e+03
2.7559919434e+03
-3.2800996094e+03
-2.1635432129e+03
-1.0430007324e+03
1.1759885406e+02
1.2904506836e+03
2.4942788086e+03
-3.2812993164e+03
-2.1572448730e+03
-1.0341273193e+03
1.2701894379e+02
1.2982265625e+03
2.4960612793e+03
-3.2827226562e+03
-2.1535126953e+03
-1.0300987549e+03
1.3154978943e+02
1.3026479492e+03
2.4959023438e+03
-3.2855224609e+03
-2.1528786621e+03
-1.0259819336e+03
1.3600346375e+02
1.3039943848e+03
2.4941169434e+03
-3.2867753906e+03
-2.1523435059e+03
-1.0253162842e+03
1.3682589722e+02
1.3047780762e+03
2.4933012695e+03
-3.2877187500e+03
-2.1523801270e+03
-1.0243754883e+03
1.3787483215e+02
1.3049257812e+03
2.4926037598e+03
-3.2877187500e+03
-2.1523801270e+03
-1.0243754883e+03
1.3787483215e+02
1.3049257812e+03
2.4926037598e+03
-3.2867753906e+03
-2.1523435059e+03
-1.0253162842e+03
1.3682589722e+02
1.3047780762e+03
2.4933012695e+03
-3.2855224609e+03
-2.1528786621e+03
-1.0259819336e+03
1.3600346375e+02
1.3039943848e+03
2.4941169434e+03
-3.2827226562e+03
-2.1535126953e+03
-1.0300987549e+03
1.3154978943e+02
1.3026479492e+03
2.4959023438e+03
-3.2812993164e+03
-2.1572448730e+03
-1.0341273193e+03
1.2701894379e+02
1.2982265625e+03
2.4960612793e+03
-3.2800996094e+03
-2.1635432129e+03
-1.0430007324e+03
1.1759885406e+02
1.2904506836e+03
2.4942788086e+03
-3.0047111816e+03
-2.0284344482e+03
-9.9038909912e+02
4.7100994110e+01
1.1253488770e+03
2.2292758789e+03
-3.0016696777e+03
-2.0177592773e+03
-9.8124475098e+02
5.6680595398e+01
1.1369232178e+03
2.2338056641e+03
-3.0045888672e+03
-2.0141263428e+03
-9.7222302246e+02
6.5663154602e+01
1.1417971191e+03
2.2327434082e+03
-3.0051604004e+03
-2.0115820312e+03
-9.6949969482e+02
6.8398979187e+01
1.1448168945e+03
2.2328823242e+03
-3.0065866699e+03
-2.0107407227e+03
-9.6626965332e+02
7.1699943542e+01
1.1460988770e+03
2.2319831543e+03
-3.0069948730e+03
-2.0102420654e+03
-9.6567437744e+02
7.2269073486e+01
1.1467103271e+03
2.2317209473e+03
-3.0069948730e+03
-2.0102420654e+03
-9.6567437744e+02
7.2269073486e+01
1.1467103271e+03
2.2317209473e+03
-3.0065866699e+03
-2.0107407227e+03
-9.6626965332e+02
7.1699943542e+01
1.1460988770e+03
2.2319831543e+03
-3.0051604004e+03
-2.0115820312e+03
-9.6949969482e+02
6.8398979187e+01
1.1448168945e+03
2.2328823242e+03
-3.0045888672e+03
-2.0141263428e+03
-9.7222302246e+02
6.5663154602e+01
1.1417971191e+03
2.2327434082e+03
-3.0016696777e+03
-2.0177592773e+03
-9.8124475098e+02
5.6680595398e+01
1.1369232178e+03
2.2338056641e+03
-3.0047111816e+03
-2.0284344482e+03
-9.9038909912e+02
4.7100994110e+01
1.1253488770e+03
2.2292758789e+03
-2.7494316406e+03
-1.8518503418e+03
-9.6265313721e+02
-9.0739107132e+00
9.5128002930e+02
1.9587355957e+03
-2.7477805176e+03
-1.8422453613e+03
-9.4767718506e+02
6.0368375778e+00
9.6235900879e+02
1.9631612549e+03
-2.7465974121e+03
-1.8347539062e+03
-9.4178717041e+02
1.2629781723e+01
9.7003271484e+02
1.9652424316e+03
-2.7477155762e+03
-1.8320957031e+03
-9.3439141846e+02
2.0399864197e+01
9.7326257324e+02
1.9649200439e+03
-2.7480109863e+03
-1.8301752930e+03
-9.3256640625e+02
2.2377431870e+01
9.7526031494e+02
1.9649144287e+03
-2.7484482422e+03
-1.8296436768e+03
-9.3087829590e+02
2.4204236984e+01
9.7594256592e+02
1.9646928711e+03
-2.7484482422e+03
-1.8296436768e+03
-9.3087829590e+02
2.4204236984e+01
9.7594256592e+02
1.9646928711e+03
-2.7480109863e+03
-1.8301752930e+03
-9.3256640625e+02
2.2377431870e+01
9.7526031494e+02
1.9649144287e+03
-2.7477155762e+03
-1.8320957031e+03
-9.3439141846e+02
2.0399864197e+01
9.7326257324e+02
1.9649200439e+03
-2.7465974121e+03
-1.8347539062e+03
-9.4178717041e+02
1.2629781723e+01
9.7003271484e+02
1.9652424316e+03
-2.7477805176e+03
-1.8422453613e+03
-9.4767718506e+02
6.0368375778e+00
9.6235900879e+02
1.9631612549e+03
-2.7494316406e+03
-1.8518503418e+03
-9.6265313721e+02
-9.0739107132e+00
9.5128002930e+02
1.9587355957e+03
-2.4570090332e+03
-1.7261451416e+03
-8.9776861572e+02
-8.5947151184e+01
7.9092718506e+02
1.6841104736e+03
-2.4502807617e+03
-1.7093717041e+03
-8.8665039062e+02
-7.4002494812e+01
8.0760900879e+02
1.6915794678e+03
-2.4511608887e+03
-1.7034166260e+03
-8.7223431396e+02
-6.0070320129e+01
8.1486291504e+02
1.6921345215e+03
-2.4505490723e+03
-1.6988414307e+03
-8.6828283691e+02
-5.6290733337e+01
8.1973937988e+02
1.6932835693e+03
-2.4509631348e+03
-1.6968577881e+03
-8.6347613525e+02
-5.1437908173e+01
8.2220892334e+02
1.6933757324e+03
-2.4509418945e+03
-1.6956707764e+03
-8.6217846680e+02
-5.0226085663e+01
8.2348687744e+02
1.6935002441e+03
-2.4509418945e+03
-1.6956707764e+03
-8.6217846680e+02
-5.0226085663e+01
8.2348687744e+02
1.6935002441e+03
-2.4509631348e+03
-1.6968577881e+03
-8.6347613525e+02
-5.1437908173e+01
8.2220892334e+02
1.6933757324e+03
-2.4505490723e+03
-1.6988414307e+03
-8.6828283691e+02
-5.6290733337e+01
8.1973937988e+02
1.6932835693e+03
-2.4511608887e+03
-1.7034166260e+03
-8.7223431396e+02
-6.0070320129e+01
8.1486291504e+02
1.6921345215e+03
-2.4502807617e+03
-1.7093717041e+03
-8.8665039062e+02
-7.4002494812e+01
8.0760900879e+02
1.6915794678e+03
-2.4570090332e+03
-1.7261451416e+03
-8.9776861572e+02
-8.5947151184e+01
7.9092718506e+02
1.6841104736e+03
-2.2102770996e+03
-1.5235596924e+03
-8.7808752441e+02
-1.3183786011e+02
6.0119958496e+02
1.4145397949e+03
-2.2055490723e+03
-1.5124953613e+03
-8.5555004883e+02
-1.1016638947e+02
6.1432269287e+02
1.4213345947e+03
-2.2028901367e+03
-1.5018594971e+03
-8.4960144043e+02
-1.0324704742e+02
6.2461425781e+02
1.4248864746e+03
-2.2021040039e+03
-1.4974423828e+03
-8.3922125244e+02
-9.2346351624e+01
6.2959954834e+02
1.4263620605e+03
-2.2015622559e+03
-1.4941616211e+03
-8.3597625732e+02
-8.9048645020e+01
6.3272985840e+02
1.4269859619e+03
-2.2014694824e+03
-1.4931362305e+03
-8.3372235107e+02
-8.6639503479e+01
6.3382348633e+02
1.4272138672e+03
-2.2014694824e+03
-1.4931362305e+03
-8.3372235107e+02
-8.6639503479e+01
6.3382348633e+02
1.4272138672e+03
-2.2015622559e+03
-1.4941616211e+03
-8.3597625732e+02
-8.9048645020e+01
6.3272985840e+02
1.4269859619e+03
-2.2021040039e+03
-1.4974423828e+03
-8.3922125244e+02
-9.2346351624e+01
6.2959954834e+02
1.4263620605e+03
-2.2028901367e+03
-1.5018594971e+03
-8.4960144043e+02
-1.0324704742e+02
6.2461425781e+02
1.4248864746e+03
-2.2055490723e+03
-1.5124953613e+03
-8.5555004883e+02
-1.1016638947e+02
6.1432269287e+02
1.4213345947e+03
-2.2102770996e+03
-1.5235596924e+03
-8.7808752441e+02
-1.3183786011e+02
6.0119958496e+02
1.4145397949e+03
-1.8937448730e+03
-1.4271383057e+03
-7.9539862061e+02
-2.1867434692e+02
4.6335046387e+02
1.1253977051e+03
-1.8855415039e+03
-1.4039770508e+03
-7.8606274414e+02
-2.0729885864e+02
4.8477691650e+02
1.1348068848e+03
-1.8834155273e+03
-1.3955360107e+03
-7.6548175049e+02
-1.8743504333e+02
4.9451730347e+02
1.1374687500e+03
-1.8823460693e+03
-1.3891594238e+03
-7.6028253174e+02
-1.8279556274e+02
5.0059268188e+02
1.1386354980e+03
-1.8821727295e+03
-1.3866575928e+03
-7.5515136719e+02
-1.7749635315e+02
5.0357556152e+02
1.1392558594e+03
-1.8821275635e+03
-1.3851442871e+03
-7.5347314453e+02
-1.7590515137e+02
5.0521408081e+02
1.1394234619e+03
-1.8821275635e+03
-1.3851442871e+03
-7.5347314453e+02
-1.7590515137e+02
5.0521408081e+02
1.1394234619e+03
-1.8821727295e+03
-1.3866575928e+03
-7.5515136719e+02
-1.7749635315e+02
5.0357556152e+02
1.1392558594e+03
-1.8823460693e+03
-1.3891594238e+03
-7.6028253174e+02
-1.8279556274e+02
5.0059268188e+02
1.1386354980e+03
-1.8834155273e+03
-1.3955360107e+03
-7.6548175049e+02
-1.8743504333e+02
4.9451730347e+02
1.1374687500e+03
-1.8855415039e+03
-1.4039770508e+03
-7.8606274414e+02
-2.0729885864e+02
4.8477691650e+02
1.1348068848e+03
-1.8937448730e+03
-1.4271383057e+03
-7.9539862061e+02
-2.1867434692e+02
4.6335046387e+02
1.1253977051e+03
-1.6720155029e+03
-1.1655743408e+03
-8.0004840088e+02
-2.5314958191e+02
2.4315835571e+02
8.7827832031e+02
-1.6617135010e+03
-1.1538984375e+03
-7.6667309570e+02
-2.2262266541e+02
2.5806692505e+02
8.8763867188e+02
-1.6603312988e+03
-1.1428879395e+03
-7.6301043701e+02
-2.1840292358e+02
2.6847973633e+02
8.9031427002e+02
-1.6588199463e+03
-1.1390008545e+03
-7.5275714111e+02
-2.0702008057e+02
2.7420355225e+02
8.9285290527e+02
-1.6583015137e+03
-1.1352229004e+03
-7.4798883057e+02
-2.0230499268e+02
2.7823999023e+02
8.9368640137e+02
-1.6578056641e+03
-1.1338953857e+03
-7.4522619629e+02
-1.9941471863e+02
2.7973159790e+02
8.9435003662e+02
-1.6578056641e+03
-1.1338953857e+03
-7.4522619629e+02
-1.9941471863e+02
2.7973159790e+02
8.9435003662e+02
-1.6583015137e+03
-1.1352229004e+03
-7.4798883057e+02
-2.0230499268e+02
2.7823999023e+02
8.9368640137e+02
-1.6588199463e+03
-1.1390008545e+03
-7.5275714111e+02
-2.0702008057e+02
2.7420355225e+02
8.9285290527e+02
-1.6603312988e+03
-1.1428879395e+03
-7.6301043701e+02
-2.1840292358e+02
2.6847973633e+02
8.9031427002e+02
-1.6617135010e+03
-1.1538984375e+03
-7.6667309570e+02
-2.2262266541e+02
2.5806692505e+02
8.8763867188e+02
-1.6720155029e+03
-1.1655743408e+03
-8.0004840088e+02
-2.5314958191e+02
2.4315835571e+02
8.7827832031e+02
-1.3133923340e+03
-1.1568195801e+03
-6.3468139648e+02
-3.2691183472e+02
1.2819081116e+02
5.3800372314e+02
-1.3117457275e+03
-1.1360570068e+03
-6.3958093262e+02
-3.2648367310e+02
1.4856346130e+02
5.4632611084e+02
-1.3080203857e+03
-1.1264683838e+03
-6.1720593262e+02
-3.0270230103e+02
1.6066458130e+02
5.5034887695e+02
-1.3070222168e+03
-1.1167592773e+03
-6.0772973633e+02
-2.9477627563e+02
1.6715486145e+02
5.5113842773e+02
-1.3057526855e+03
-1.1126536865e+03
-6.0241656494e+02
-2.8971185303e+02
1.6970449829e+02
5.5184796143e+02
-1.3056463623e+03
-1.1105325928e+03
-6.0058239746e+02
-2.8815896606e+02
1.7095080566e+02
5.5161383057e+02
-1.3056463623e+03
-1.1105325928e+03
-6.0058239746e+02
-2.8815896606e+02
1.7095080566e+02
5.5161383057e+02
-1.3057526855e+03
-1.1126536865e+03
-6.0241656494e+02
-2.8971185303e+02
1.6970449829e+02
5.5184796143e+02
-1.3070222168e+03
-1.1167592773e+03
-6.0772973633e+02
-2.9477627563e+02
1.6715486145e+02
5.5113842773e+02
-1.3080203857e+03
-1.1264683838e+03
-6.1720593262e+02
-3.0270230103e+02
1.6066458130e+02
5.5034887695e+02
-1.3117457275e+03
-1.1360570068e+03
-6.3958093262e+02
-3.2648367310e+02
1.4856346130e+02
5.4632611084e+02
-1.3133923340e+03
-1.1568195801e+03
-6.3468139648e+02
-3.2691183472e+02
1.2819081116e+02
5.3800372314e+02
-1.1791547852e+03
-7.0025360107e+02
-7.8893835449e+02
-3.7366571045e+02
-5.8226261139e+01
3.1895117188e+02
-1.1665283203e+03
-6.8186614990e+02
-7.3349163818e+02
-3.2502407837e+02
-3.9022373199e+01
3.2431097412e+02
-1.1649333496e+03
-6.6751867676e+02
-7.2162048340e+02
-3.1906582642e+02
-3.3003238678e+01
3.2298645020e+02
-1.1609418945e+03
-6.6629022217e+02
-7.1698455811e+02
-3.1437976074e+02
-2.9988151550e+01
3.2310852051e+02
-1.1608874512e+03
-6.6533612061e+02
-7.1450695801e+02
-3.1199398804e+02
-2.7546361923e+01
3.2187673950e+02
-1.1601831055e+03
-6.6555114746e+02
-7.1306286621e+02
-3.1044363403e+02
-2.6557243347e+01
3.2197586060e+02
-1.1601831055e+03
-6.6555114746e+02
-7.1306286621e+02
-3.1044363403e+02
-2.6557243347e+01
3.2197586060e+02
-1.1608874512e+03
-6.6533612061e+02
-7.1450695801e+02
-3.1199398804e+02
-2.7546361923e+01
3.2187673950e+02
-1.1609418945e+03
-6.6629022217e+02
-7.1698455811e+02
-3.1437976074e+02
-2.9988151550e+01
3.2310852051e+02
-1.1649333496e+03
-6.6751867676e+02
-7.2162048340e+02
-3.1906582642e+02
-3.3003238678e+01
3.2298645020e+02
-1.1665283203e+03
-6.8186614990e+02
-7.3349163818e+02
-3.2502407837e+02
-3.9022373199e+01
3.2431097412e+02
-1.1791547852e+03
-7.0025360107e+02
-7.8893835449e+02
-3.7366571045e+02
-5.8226261139e+01
3.1895117188e+02
-6.6116101074e+02
-1.1387810059e+03
-3.8741162109e+02
-4.2704812622e+02
-1.9691220093e+02
2.1902471924e+02
-6.4374377441e+02
-1.1061169434e+03
-3.9431304932e+02
-4.4398651123e+02
-2.0991508484e+02
2.0620687866e+02
-6.3158056641e+02
-1.1044699707e+03
-4.0131857300e+02
-4.4637347412e+02
-2.0897140503e+02
2.0687155151e+02
-6.3152630615e+02
-1.0998146973e+03
-3.9971990967e+02
-4.4242459106e+02
-2.0649578857e+02
2.0806527710e+02
-6.2884320068e+02
-1.0974429932e+03
-3.9870861816e+02
-4.3947885132e+02
-2.0406530762e+02
2.1124528503e+02
-6.2892700195e+02
-1.0954464111e+03
-3.9843734741e+02
-4.3804257202e+02
-2.0253509521e+02
2.1226757812e+02
-6.2892700195e+02
-1.0954464111e+03
-3.9843734741e+02
-4.3804257202e+02
-2.0253509521e+02
2.1226757812e+02
-6.2884320068e+02
-1.0974429932e+03
-3.9870861816e+02
-4.3947885132e+02
-2.0406530762e+02
2.1124528503e+02
-6.3152630615e+02
-1.0998146973e+03
-3.9971990967e+02
-4.4242459106e+02
-2.0649578857e+02
2.0806527710e+02
-6.3158056641e+02
-1.1044699707e+03
-4.0131857300e+02
-4.4637347412e+02
-2.0897140503e+02
2.0687155151e+02
-6.4374377441e+02
-1.1061169434e+03
-3.9431304932e+02
-4.4398651123e+02
-2.0991508484e+02
2.0620687866e+02
-6.6116101074e+02
-1.1387810059e+03
-3.8741162109e+02
-4.2704812622e+02
-1.9691220093e+02
2.1902471924e+02
-2.4004872131e+02
-2.6650021362e+02
-1.6358586426e+03
-6.5838488770e+02
9.7610603333e+01
1.7708402634e+01
-2.1341899109e+02
-2.6552850342e+02
-1.6867846680e+03
-7.1812652588e+02
9.1689949036e+01
2.1885711670e+01
-2.2258377075e+02
-2.5913009644e+02
-1.6661511230e+03
-7.0832818604e+02
8.7326141357e+01
1.2149251938e+01
-2.1462097168e+02
-2.5481852722e+02
-1.6521687012e+03
-7.0556445312e+02
8.7788597107e+01
1.6531354904e+01
-2.1668681335e+02
-2.4793350220e+02
-1.6423917236e+03
-7.0304876709e+02
8.9567260742e+01
1.7748159409e+01
-2.1525411987e+02
-2.4599917603e+02
-1.6366254883e+03
-7.0178509521e+02
9.0270751953e+01
1.9058984756e+01
-2.1525411987e+02
-2.4599917603e+02
-1.6366254883e+03
-7.0178509521e+02
9.0270751953e+01
1.9058984756e+01
-2.1668681335e+02
-2.4793350220e+02
-1.6423917236e+03
-7.0304876709e+02
8.9567260742e+01
1.7748159409e+01
-2.1462097168e+02
-2.5481852722e+02
-1.6521687012e+03
-7.0556445312e+02
8.7788597107e+01
1.6531354904e+01
-2.2258377075e+02
-2.5913009644e+02
-1.6661511230e+03
-7.0832818604e+02
8.7326141357e+01
1.2149251938e+01
-2.1341899109e+02
-2.6552850342e+02
-1.6867846680e+03
-7.1812652588e+02
9.1689949036e+01
2.1885711670e+01
-2.4004872131e+02
-2.6650021362e+02
-1.6358586426e+03
-6.5838488770e+02
9.7610603333e+01
1.7708402634e+01
